1718129332029 0.9096096754074097 0
1718139967246 0.9260198473930359 0
1718150821846 0.9290466904640198 0
1718162189966 0.9331719875335693 0
1718172786426 0.9346027970314026 0
1718184001268 0.9331057071685791 0
1718194758633 0.9362248778343201 0
1718205890922 0.9367473721504211 0
1718216456715 0.9369600415229797 0
1718227071712 0.9378718733787537 0
1718237820948 0.9431111216545105 0
1718248739882 0.9510037302970886 0
1718272520976 0.9533399939537048 0
1718312683358 0.9544349312782288 0
1718352707363 0.9549691081047058 0
1718392777276 0.9551703929901123 0
1718432963327 0.9555935263633728 0
1718472669747 0.9563813209533691 0
1718512888226 0.9570013880729675 0
1718552959264 0.9571260809898376 0
1718592975560 0.9574998021125793 0
