1718129331987 1.751282345952443 0
1718139967228 1.8622044854557274 0
1718150821822 1.8338188886763194 0
1718162189940 1.8368621239176957 0
1718172786399 1.7997616711740423 0
1718184001236 1.80396953692031 0
1718194758607 1.797478304433 0
1718205890884 1.7819438971754757 0
1718216456690 1.7912515707524597 0
1718227071684 1.780925377462272 0
1718237820917 1.7718026945805658 0
1718248739866 1.7729426891114406 0
1718272520939 1.7587357786166213 0
1718312683320 1.7541332787859192 0
1718352707212 1.7528736451117746 0
1718392777237 1.748762992495769 0
1718432963292 1.7510072182612926 0
1718472669706 1.74265947856562 0
1718512888212 1.7395833348420473 0
1718552959223 1.7373784627022482 0
1718592975542 1.7354624311870026 0
