1717513117924 0.7284161448478699 0
1717513312650 0.9008072018623352 0
1717513503958 0.9282468557357788 0
1717513686803 0.9370376467704773 0
1717513861851 0.9452179670333862 0
1717514026714 0.9488697052001953 0
1717514184757 0.9516748189926147 0
1717514338241 0.9601762294769287 0
1717514485349 0.9621769189834595 0
1717514623652 0.9604947566986084 0
1717514758479 0.966535210609436 0
1717514887058 0.9680106043815613 0
1717515011739 0.9686739444732666 0
1717515133760 0.9686939120292664 0
1717515249088 0.9723809361457825 0
1717515365310 0.9761199355125427 0
1717515477857 0.9720393419265747 0
1717515588557 0.9761953949928284 0
1717515696974 0.9787270426750183 0
1717515802309 0.9773603081703186 0
1717515906529 0.9790412783622742 0
1717516008444 0.9802377820014954 0
1717516109486 0.9817500710487366 0
1717516209990 0.9837368726730347 0
1717516308797 0.9827892184257507 0
1717516407770 0.9877702593803406 0
1717516503783 0.9861196875572205 0
1717516600293 0.9885260462760925 0
1717516695747 0.9869508147239685 0
1717516790746 0.9899426698684692 0
1717516882689 0.9915626049041748 0
1717516974290 0.9884581565856934 0
1717517065209 0.9918866753578186 0
1717517155224 0.9905315637588501 0
1717517244413 0.9898855090141296 0
1717517331358 0.9878876805305481 0
1717517421131 0.9868488311767578 0
1717517506704 0.9898942112922668 0
1717517593242 0.9923807978630066 0
1717517678937 0.9921279549598694 0
1717517763780 0.9932118654251099 0
1717517848831 0.9930799603462219 0
1717517931697 0.99252849817276 0
1717518013389 0.9943168759346008 0
1717518094839 0.9932597875595093 0
1717518178058 0.9938698410987854 0
1717518259984 0.9927576780319214 0
1717518340851 0.9949568510055542 0
1717518421349 0.9966447949409485 0
1717518502435 0.9958214163780212 0
1717518581428 0.9957407712936401 0
1717518660752 0.994340181350708 0
1717518740211 0.997234046459198 0
1717518818266 0.9950847625732422 0
1717518896798 0.9966028332710266 0
1717518973393 0.9959719777107239 0
1717519051630 0.9955631494522095 0
1717519129540 0.9973354339599609 0
1717519206843 0.9970445036888123 0
1717519283821 0.9971646070480347 0
1717519361229 0.9963706135749817 0
1717519437404 0.9968427419662476 0
1717519513094 0.997979462146759 0
1717519589105 0.9985938668251038 0
1717519665330 0.9975256323814392 0
1717519741172 0.9969483017921448 0
1717519816748 0.99742192029953 0
1717519892076 0.9980985522270203 0
1717519968048 0.997669517993927 0
1717520043723 0.9983051419258118 0
1717520119535 0.998144268989563 0
1717520196183 0.9973117709159851 0
1717520271164 0.9924448132514954 0
1717520347406 0.9952701926231384 0
1717520423516 0.9966847896575928 0
1717520498226 0.9967999458312988 0
1717520572632 0.9975343346595764 0
1717520646985 0.9973036646842957 0
1717520721673 0.9985774159431458 0
1717520796227 0.9976916313171387 0
1717520870032 0.9961279034614563 0
1717520944358 0.9975442886352539 0
1717521018872 0.9962751269340515 0
1717521093037 0.9985807538032532 0
1717521168643 0.9987221360206604 0
1717521243251 0.9987508058547974 0
1717521316562 0.9970466494560242 0
1717521389753 0.9981536865234375 0
1717521464901 0.9987872838973999 0
1717521539324 0.9989570379257202 0
1717521613561 0.999024510383606 0
1717521687207 0.9990088939666748 0
1717521761276 0.9989887475967407 0
1717521834992 0.9989657402038574 0
1717521908294 0.9990720748901367 0
1717521982998 0.9991070628166199 0
1717522057955 0.9991609454154968 0
1717522132811 0.9990381002426147 0
1717522206464 0.9991129636764526 0
1717522280291 0.9990800619125366 0
1717522354414 0.9988412261009216 0
1717522428935 0.9989534616470337 0
1717522503547 0.9990857243537903 0
1717522578194 0.998956024646759 0
1717522654224 0.9990741610527039 0
1717522728803 0.9990296959877014 0
1717522804221 0.999100387096405 0
1717522879711 0.998534083366394 0
1717522954503 0.9986160397529602 0
1717523029906 0.9990229606628418 0
1717523104962 0.9990220665931702 0
1717523179552 0.9991378784179688 0
1717523254085 0.9991317391395569 0
1717523328754 0.9991529583930969 0
1717523404228 0.999116063117981 0
1717523480826 0.9990829229354858 0
1717523555803 0.9991486668586731 0
1717523630932 0.9992039203643799 0
1717523705842 0.9991172552108765 0
1717523780478 0.9991636276245117 0
1717523854915 0.9990430474281311 0
1717523929259 0.9991179704666138 0
1717524003458 0.9990787506103516 0
1717524077901 0.9990125298500061 0
1717524152421 0.9990906119346619 0
1717524226249 0.9991450309753418 0
1717524300500 0.999168336391449 0
1717524375148 0.9991978406906128 0
1717524448900 0.9993966817855835 0
1717524523285 0.9992071390151978 0
1717524598079 0.9991633892059326 0
1717524672299 0.9990061521530151 0
1717524746498 0.9992609024047852 0
1717524820194 0.9989715814590454 0
1717524893707 0.9993632435798645 0
