1717513117871 2.267614587923376 0
1717513312606 2.007543565318911 0
1717513503912 1.9075544723650304 0
1717513686785 1.8550385274314523 0
1717513861814 1.8172522484026081 0
1717514026668 1.791314923785641 0
1717514184726 1.7715872456387776 0
1717514338222 1.7467245710276305 0
1717514485306 1.7327891042934798 0
1717514623611 1.7237566917966947 0
1717514758433 1.7069063810649105 0
1717514887016 1.6930560212197938 0
1717515011728 1.6828011100332465 0
1717515133720 1.6780260681435046 0
1717515249060 1.6643788702716076 0
1717515365268 1.6598032659705988 0
1717515477827 1.6539744476440028 0
1717515588543 1.6398794825931426 0
1717515696933 1.6373918997190235 0
1717515802269 1.625826828922608 0
1717515906485 1.6209710961658557 0
1717516008403 1.6091992589367263 0
1717516109445 1.6019126347260895 0
1717516209951 1.6017809185257101 0
1717516308757 1.5961831740545736 0
1717516407731 1.585733617269076 0
1717516503752 1.5735482075871938 0
1717516600257 1.5678933925521306 0
1717516695688 1.5730781885293814 0
1717516790706 1.5628975031747157 0
1717516882617 1.5521748906004944 0
1717516974243 1.5518592720407482 0
1717517065171 1.5469588795477633 0
1717517155165 1.543005924332209 0
1717517244375 1.5388430434364762 0
1717517331306 1.534011154371623 0
1717517421099 1.5436053118160027 0
1717517506668 1.524808448340611 0
1717517593171 1.5255493075046933 0
1717517678892 1.5261993455171137 0
1717517763732 1.5097010879534494 0
1717517848781 1.5149863722624073 0
1717517931677 1.5019508587262869 0
1717518013344 1.4945400157520516 0
1717518094802 1.4983721677626276 0
1717518178014 1.495728802546775 0
1717518259949 1.4955082141436062 0
1717518340803 1.4917634791325896 0
1717518421287 1.4772672611150688 0
1717518502388 1.4876916515894276 0
1717518581386 1.4787250681621273 0
1717518660702 1.4833713595012787 0
1717518740169 1.4749630093350867 0
1717518818219 1.4701675746051723 0
1717518896759 1.4680872201472241 0
1717518973343 1.4642341160640036 0
1717519051582 1.4715463695114595 0
1717519129508 1.462070362116114 0
1717519206804 1.459758506438522 0
1717519283762 1.4503152308723493 0
1717519361196 1.451333300749759 0
1717519437379 1.4452726119902075 0
1717519513052 1.4444414330244513 0
1717519589062 1.447115258293796 0
1717519665283 1.4357767598043016 0
1717519741144 1.4394819259643554 0
1717519816708 1.4421493706515314 0
1717519892025 1.4409564613624988 0
1717519968008 1.4493665052399627 0
1717520043705 1.4462061770190442 0
1717520119484 1.434973903400142 0
1717520196007 1.4298529890643723 0
1717520271141 1.4487986117321823 0
1717520347357 1.4410904178923558 0
1717520423476 1.4331807276545054 0
1717520498196 1.4353712031809966 0
1717520572557 1.4279263520553904 0
1717520646940 1.4383509663658787 0
1717520721631 1.4344146456548466 0
1717520796189 1.4265181100390865 0
1717520869997 1.4256690012357471 0
1717520944320 1.4244962751753558 0
1717521018828 1.4348749390686206 0
1717521092996 1.4259699044039729 0
1717521168605 1.4267319518227066 0
1717521243224 1.4202575836575277 0
1717521316514 1.4218777391745048 0
1717521389715 1.422910500288457 0
1717521464852 1.4246688950128896 0
1717521539277 1.4237078776726355 0
1717521613524 1.4153827542435609 0
1717521687152 1.419843679431679 0
1717521761234 1.4239332197754737 0
1717521834963 1.4251624995727252 0
1717521908243 1.417636843872786 0
1717521982952 1.4234992300591818 0
1717522057902 1.4252849608380174 0
1717522132783 1.4228390523237762 0
1717522206417 1.4227795509638974 0
1717522280258 1.4201404897178092 0
1717522354372 1.4107266273999528 0
1717522428860 1.422570407189303 0
1717522503507 1.4254542502408627 0
1717522578159 1.421147505024808 0
1717522654171 1.4300404848792987 0
1717522728754 1.4350477360873912 0
1717522804170 1.432290303282174 0
1717522879661 1.4317971339592568 0
1717522954438 1.4317841164837635 0
1717523029846 1.4276457318221873 0
1717523104916 1.4280329891262091 0
1717523179504 1.4224240081171604 0
1717523254038 1.4228055588076307 0
1717523328713 1.4206711765525488 0
1717523404176 1.4310248773943417 0
1717523480780 1.4331064327125478 0
1717523555760 1.4183229358737508 0
1717523630915 1.4293930955496783 0
1717523705795 1.4178425250312847 0
1717523780432 1.422496980976656 0
1717523854861 1.4229068756103516 0
1717523929221 1.4222999070867142 0
1717524003413 1.4115350428039093 0
1717524077863 1.414879955896517 0
1717524152372 1.4183337521150456 0
1717524226201 1.4152865947522992 0
1717524300464 1.4208614078292703 0
1717524375104 1.4192561987864367 0
1717524448863 1.418252006122811 0
1717524523245 1.4101354437071207 0
1717524598045 1.4216564899984936 0
1717524672265 1.4120755987364177 0
1717524746468 1.4121031881049695 0
1717524820162 1.410353162946218 0
1717524893663 1.41115075776993 0
