1718130167363 1.6319339103445183 0
1718141411621 1.8609599912821218 0
1718153152898 1.9155021688036007 0
1718164463240 1.9019586042022947 0
1718175956563 1.8909118039835515 0
1718188059806 1.9005404789648888 0
1718199300499 1.8703475298755512 0
1718210857783 1.8645907426804829 0
1718222143763 1.8509862144326537 0
1718233515286 1.8369819644825955 0
1718245000585 1.8304398844517151 0
1718256919618 1.824614415928653 0
1718268342071 1.810359118318686 0
1718279950833 1.8027656080911838 0
1718291801488 1.805329859632162 0
1718304042488 1.8031123404518716 0
1718315721710 1.80624123656612 0
1718327276292 1.801054069715543 0
1718338714142 1.7896434038216262 0
1718350560047 1.7960011619396423 0
1718362118819 1.7903982494948578 0
1718373410515 1.7947680265946109 0
1718385490976 1.8095142915328482 0
1718397026322 1.7911967247221776 0
1718408641269 1.7919442968252322 0
1718420666682 1.7906162782439063 0
1718432168775 1.7831320103000738 0
1718443434570 1.787033540608291 0
1718455528626 1.7915871145363416 0
1718466999785 1.7883807030499859 0
1718478985869 1.7848085247547798 0
1718490793974 1.7805084305591345 0
1718502201334 1.7795791938324144 0
1718513638426 1.7764271526590218 0
1718525224805 1.777475624885867 0
1718536662685 1.7739207147763374 0
1718549495519 1.7609941411852215 0
1718560737665 1.761946079245397 0
1718572289196 1.7595877398741284 0
1718584268732 1.7592484678016997 0
1718596468890 1.754808454056257 0
1718608889033 1.7582662649119951 0
