1718130167395 0.9125140309333801 0
1718141411652 0.9318379759788513 0
1718153152939 0.9390667676925659 0
1718164463279 0.940804123878479 0
1718175956595 0.9416999220848083 0
1718188059829 0.9418478012084961 0
1718199300526 0.9428203701972961 0
1718210857811 0.9436032176017761 0
1718222143804 0.943612813949585 0
1718233515309 0.94403076171875 0
1718245000630 0.9443652033805847 0
1718256919641 0.9438916444778442 0
1718268342109 0.9448666572570801 0
1718279950849 0.9449185729026794 0
1718291801518 0.9450305700302124 0
1718304042521 0.9453243017196655 0
1718315721842 0.9452320337295532 0
1718327276542 0.9454342126846313 0
1718338714184 0.9456551671028137 0
1718350560090 0.9451720714569092 0
1718362118861 0.9459380507469177 0
1718373410553 0.9459134936332703 0
1718385491038 0.9462282061576843 0
1718397026358 0.9460559487342834 0
1718408641288 0.9462197422981262 0
1718420666714 0.9463717341423035 0
1718432168809 0.9465891122817993 0
1718443434604 0.9467074275016785 0
1718455528669 0.9466976523399353 0
1718466999804 0.9467365145683289 0
1718478985909 0.946938693523407 0
1718490794011 0.9470818042755127 0
1718502201354 0.9471114873886108 0
1718513638461 0.9472034573554993 0
1718525224851 0.9475643634796143 0
1718536662727 0.9549874067306519 0
1718549495577 0.9646385908126831 0
1718560737708 0.9658665060997009 0
1718572289231 0.9663050770759583 0
1718584268758 0.9668497443199158 0
1718596468923 0.9673934578895569 0
1718608889078 0.9681004285812378 0
