1716989193791 1.049334149803498 0
1716989208673 0.8969555273512291 0
1716989223563 0.8428484458413401 0
1716989238612 0.8100030850961553 0
1716989253687 0.783700178689402 0
1716989268756 0.762098327787911 0
1716989283942 0.7541737725095051 0
1716989299036 0.7436197330535689 0
1716989314118 0.7325279034548361 0
1716989329248 0.7267784278343588 0
1716989344361 0.715422398332807 0
1716989359690 0.7056069656787178 0
1716989374843 0.6995447776107359 0
1716989390009 0.6997992882585437 0
1716989405166 0.6903029278787395 0
1716989420297 0.6922921770732801 0
1716989435342 0.6835236763864699 0
1716989450494 0.6820450031958646 0
1716989465739 0.6746673449566396 0
1716989480996 0.6705833625838189 0
1716989496161 0.6669013674666242 0
1716989511374 0.6604418494911624 0
1716989526577 0.6544441866829963 0
1716989541699 0.6535328202578632 0
1716989556712 0.6537147497817678 0
1716989571800 0.6532589206105102 0
1716989588229 0.6489998890356096 0
1716989606765 0.6470279214977099 0
1716989623570 0.6440396937375668 0
1716989639002 0.6432670246369396 0
1716989654571 0.6348826361865532 0
1716989672722 0.6321997052509386 0
1716989691209 0.6276764862085596 0
1716989707687 0.6274422339382136 0
1716989725090 0.6294830276415898 0
1716989740242 0.627526139474944 0
1716989755372 0.6235943438635534 0
1716989770545 0.6214956801559419 0
1716989785745 0.6165580925753595 0
1716989800933 0.6300934136920306 0
1716989816081 0.6265041863269698 0
1716989831342 0.6249183158266164 0
1716989846405 0.6186817309198862 0
1716989861536 0.6179820003697394 0
1716989876681 0.6201155422105127 0
1716989891838 0.615416740476526 0
1716989907098 0.6142474697186396 0
1716989922352 0.609107841157108 0
1716989937534 0.6031440886726522 0
1716989952683 0.6065255577747638 0
1716989967805 0.6027119603434379 0
1716989982978 0.6048462688363739 0
1716989998210 0.60039863344876 0
1716990013399 0.5973492395810741 0
1716990028508 0.5942316264864651 0
1716990043672 0.5940822795005498 0
1716990058913 0.5949204926866528 0
1716990074128 0.5941438860338579 0
1716990089347 0.5920842778839269 0
1716990104536 0.5909740678364966 0
1716990119620 0.5918991236480942 0
1716990134772 0.5918256359968131 0
1716990150989 0.5905461775652687 0
1716990167877 0.5875779976093299 0
1716990185791 0.5896424503308524 0
1716990204295 0.5859891499408414 0
1716990220916 0.5841851482695531 0
1716990236376 0.5864602091612109 0
1716990253636 0.5842546372207871 0
1716990268829 0.5813262571984339 0
1716990284486 0.5844104879792591 0
1716990299619 0.5820015981989104 0
1716990314841 0.5821444285519799 0
1716990329850 0.5817433874557881 0
1716990344932 0.5807401304844396 0
1716990359967 0.5804247477488491 0
1716990374996 0.5782211179357533 0
1716990390029 0.5800108558912438 0
1716990405264 0.576761255725016 0
1716990420358 0.5792430867173658 0
1716990435492 0.5793022330661652 0
1716990450665 0.5775558711216553 0
1716990466247 0.5769443053912937 0
1716990484126 0.5756163107744972 0
1716990502568 0.5745461297079949 0
1716990518091 0.57359310153725 0
1716990533460 0.5737157756571027 0
1716990548818 0.5739926830241648 0
1716990564147 0.5749307744051234 0
1716990582057 0.5745360938961466 0
1716990598568 0.5742414155104818 0
1716990613940 0.572075988114663 0
1716990629105 0.5706686256526783 0
1716990644324 0.5708761173609721 0
