1716989193820 0.71293705701828 0
1716989208689 0.8454429507255554 0
1716989223589 0.8663455247879028 0
1716989238629 0.8820154666900635 0
1716989253708 0.8944592475891113 0
1716989268777 0.9054847955703735 0
1716989283969 0.903831958770752 0
1716989299061 0.9081599712371826 0
1716989314139 0.9130746722221375 0
1716989329264 0.9166526198387146 0
1716989344386 0.9235478043556213 0
1716989359714 0.9299194812774658 0
1716989374866 0.930494487285614 0
1716989390031 0.9307613372802734 0
1716989405189 0.9356397390365601 0
1716989420324 0.9321808218955994 0
1716989435363 0.9374423027038574 0
1716989450508 0.9388585686683655 0
1716989465754 0.9426506757736206 0
1716989481023 0.9463871121406555 0
1716989496184 0.947331428527832 0
1716989511395 0.9524975419044495 0
1716989526601 0.9556462168693542 0
1716989541720 0.9551587700843811 0
1716989556782 0.9554603099822998 0
1716989571836 0.9538125991821289 0
1716989588276 0.9570046067237854 0
1716989606832 0.957278847694397 0
1716989623592 0.959715723991394 0
1716989639031 0.959834635257721 0
1716989654597 0.9663323163986206 0
1716989672769 0.9679112434387207 0
1716989691230 0.9698539972305298 0
1716989707727 0.9692851901054382 0
1716989725117 0.9677066802978516 0
1716989740272 0.9684964418411255 0
1716989755414 0.9712610244750977 0
1716989770571 0.9725375175476074 0
1716989785767 0.9756630659103394 0
1716989800970 0.9670184850692749 0
1716989816101 0.9691919088363647 0
1716989831355 0.968265950679779 0
1716989846428 0.9730429649353027 0
1716989861565 0.9719690680503845 0
1716989876699 0.9709219932556152 0
1716989891863 0.9745166897773743 0
1716989907121 0.9747301340103149 0
1716989922366 0.978525698184967 0
1716989937559 0.9821366667747498 0
1716989952707 0.9784559607505798 0
1716989967833 0.9817016124725342 0
1716989983000 0.979870617389679 0
1716989998231 0.9833786487579346 0
1716990013425 0.9843907356262207 0
1716990028531 0.9864673614501953 0
1716990043700 0.9855383634567261 0
1716990058930 0.9851553440093994 0
1716990074148 0.9852474927902222 0
1716990089372 0.9861355423927307 0
1716990104569 0.9872806072235107 0
1716990119642 0.9857802987098694 0
1716990134794 0.9861750602722168 0
1716990151017 0.9869095087051392 0
1716990167924 0.9882313013076782 0
1716990185818 0.9865012764930725 0
1716990204319 0.9894186854362488 0
1716990220934 0.9906603693962097 0
1716990236399 0.988480806350708 0
1716990253653 0.9899063110351562 0
1716990268844 0.992185115814209 0
1716990284511 0.9913350939750671 0
1716990299646 0.9914457201957703 0
1716990314863 0.9919877648353577 0
1716990329875 0.9924069046974182 0
1716990344961 0.9921143054962158 0
1716990359992 0.9920447468757629 0
1716990375020 0.992960512638092 0
1716990390056 0.9919660687446594 0
1716990405291 0.993507981300354 0
1716990420384 0.9923312664031982 0
1716990435520 0.991904079914093 0
1716990450691 0.9937159419059753 0
1716990466271 0.9942581653594971 0
1716990484151 0.9944347143173218 0
1716990502593 0.9947235584259033 0
1716990518115 0.994898796081543 0
1716990533486 0.9951376914978027 0
1716990548839 0.9943069219589233 0
1716990564173 0.9933309555053711 0
1716990582091 0.9939494132995605 0
1716990598599 0.9949412941932678 0
1716990613963 0.994929850101471 0
1716990629126 0.9956918358802795 0
1716990644346 0.9956929683685303 0
