1718011561221 1.5778408845862126 0
1718011814592 1.709946490810244 0
1718012050399 1.722943063972144 0
1718012271581 1.7216651134151009 0
1718012487362 1.7266981136508104 0
1718012708683 1.6992577520141459 0
1718012940004 1.6915135519589537 0
1718013196520 1.527111934855105 0
1718013469089 1.5178450426956949 0
1718013761225 1.4487482281160624 0
1718014065975 1.412952971458435 0
1718014381896 1.3587348827054309 0
1718014705311 1.3427463476474468 0
1718015032190 1.3629709302819917 0
1718015366302 1.3136696385174262 0
1718015709341 1.2776533482893322 0
1718016053622 1.2784436331457314 0
1718016407417 1.274605730058552 0
1718016760465 1.2981172006081014 0
1718017117893 1.26325180713947 0
1718017474664 1.260647277760461 0
1718017832414 1.2398252079231877 0
1718018194450 1.2364606589358476 0
1718018554572 1.262382896577216 0
1718018918531 1.233790164637968 0
1718019282432 1.2421840721402337 0
1718019646653 1.2214427819171498 0
1718020010714 1.2288950419112845 0
1718020373383 1.2250020857823498 0
1718020735980 1.2390131350082483 0
1718021101588 1.2456411484705798 0
1718021467251 1.2276304215472367 0
1718021830412 1.2169363678508136 0
1718022193538 1.2250322246193661 0
1718022557831 1.2149623442769721 0
1718022923167 1.204597622010766 0
1718023287532 1.2222976658626077 0
1718023653142 1.2018311428979012 0
1718024017689 1.2226891489011038 0
1718024381868 1.2047181342377224 0
1718024746834 1.2186945044301016 0
1718025112021 1.2010119711927805 0
1718025475859 1.214409479549186 0
1718025839312 1.2216914978528335 0
1718026204591 1.1820751640631155 0
1718026568784 1.1961695124463336 0
1718026933326 1.2058602421637101 0
1718027298109 1.1965508425213383 0
1718027664033 1.1891244072404186 0
1718028029827 1.17877103750075 0
1718028395269 1.1997494717252635 0
1718028760603 1.2006215378222724 0
1718029124908 1.1859402802826986 0
1718029489014 1.1790254532060749 0
1718029853558 1.1849456148791715 0
1718030216460 1.1729667535642299 0
1718030581099 1.183950661092046 0
1718030944388 1.1776208360468021 0
1718031310052 1.1693553391809088 0
1718031676543 1.1702875040261875 0
1718032042025 1.1805897450133962 0
1718032405890 1.1709131362514245 0
1718032770652 1.1571466177534206 0
1718033135845 1.1631385401534318 0
1718033500099 1.168191329444327 0
1718033864471 1.17198908888153 0
1718034228283 1.1749349658529487 0
1718034593295 1.1540388944225062 0
1718034957060 1.1617996333016687 0
1718035320960 1.1622850981706974 0
1718035685608 1.1510061057378829 0
1718036050667 1.15289598799557 0
1718036414021 1.1529213550614148 0
1718036778194 1.161837701725915 0
1718037142871 1.1608545641961734 0
1718037508181 1.1529080653503734 0
1718037872937 1.1573801538063035 0
1718038238099 1.1518006233963243 0
1718038603389 1.1570021193649263 0
1718038968576 1.1570674845246391 0
1718039335249 1.1658181916034691 0
1718039698944 1.1703384585496857 0
1718040063798 1.161423266448402 0
1718040428200 1.1598427460296517 0
1718040791370 1.1561751797320023 0
1718041156286 1.1499246090035502 0
1718041521617 1.1403590297162198 0
1718041885916 1.144116289306984 0
1718042249424 1.1420505031635793 0
1718042615008 1.1392485258950524 0
1718042980205 1.1549651326202766 0
1718043344241 1.1711185673164382 0
1718043710042 1.1412494510915445 0
1718044073759 1.1437259571637266 0
1718044437914 1.142513189843627 0
1718044803929 1.1450180535915868 0
1718045169131 1.1298414062156463 0
1718045533445 1.1259001564129656 0
1718045898432 1.1372087496530272 0
1718046262743 1.1414710468467584 0
1718046627132 1.1350840022371589 0
1718046991513 1.1312452714394001 0
1718047357327 1.1288386420953118 0
1718047721841 1.124613818487128 0
1718048086010 1.1370071297514952 0
1718048451535 1.143994317627311 0
1718048817139 1.1428775830295699 0
1718049180238 1.1287163105959293 0
1718049545161 1.1310330196348408 0
1718049908952 1.1263336083231454 0
1718050274297 1.1249874441529752 0
1718050639876 1.1286733612110647 0
1718051003872 1.1212936765481114 0
1718051368816 1.113499271176322 0
1718051733923 1.1180547201611089 0
1718052097597 1.1263308447252742 0
1718052460856 1.1203121551653235 0
1718052826130 1.1204985996124668 0
1718053191237 1.132572199390261 0
1718053554845 1.1107327293052458 0
1718053919545 1.115867582807845 0
1718054284660 1.1155854631767488 0
1718054651320 1.1148557395917167 0
1718055019717 1.1166885658231953 0
1718055383191 1.1173624850124624 0
1718055748197 1.1217077483826685 0
1718056114718 1.1075416855248457 0
1718056479241 1.1160457196423528 0
1718056844022 1.112268927575947 0
1718057210012 1.108223531572725 0
1718057575810 1.1204951424088756 0
1718057942660 1.116217037973887 0
1718058307634 1.1142141571188062 0
1718058673100 1.111382000799698 0
1718059037799 1.1075358765210264 0
1718059402904 1.115375803380254 0
1718059768866 1.1162002699012827 0
1718060133517 1.1155625146504415 0
1718060498743 1.1087353976537766 0
1718060863413 1.117255946619202 0
1718061229264 1.1051792968281215 0
1718061594174 1.114317080451221 0
1718061959166 1.1116380328756337 0
1718062323883 1.102790407839233 0
1718062688777 1.1124464664852864 0
1718063053299 1.1081488959113832 0
1718063417941 1.1125236416847128 0
1718063782906 1.1031715073683919 0
1718064147346 1.1080653496575847 0
1718064511331 1.1075627856138275 0
