1717612332456 1.5778408845862126 0
1717612583539 1.709946490810244 0
1717612817634 1.722943063972144 0
1717613037172 1.7216651134151009 0
1717613251274 1.7266981136508104 0
1717613470559 1.6992577520141459 0
1717613699922 1.6915135519589537 0
1717613954084 1.527111934855105 0
1717614225363 1.5178450426956949 0
1717614514082 1.4487482281160624 0
1717614815711 1.412952971458435 0
1717615128685 1.3587348827054309 0
1717615449809 1.3427463476474468 0
1717615773527 1.3629709302819917 0
1717616104970 1.3136696385174262 0
1717616446128 1.2776533482893322 0
1717616788696 1.2784436331457314 0
1717617141411 1.274605730058552 0
1717617493108 1.2981172006081014 0
1717617848904 1.26325180713947 0
1717618203639 1.260647277760461 0
1717618558933 1.2398252079231877 0
1717618918049 1.2364606589358476 0
1717619275652 1.262382896577216 0
1717619636790 1.233790164637968 0
1717619997344 1.2421840721402337 0
1717620357228 1.2214427819171498 0
1717620717400 1.2288950419112845 0
1717621077692 1.2250020857823498 0
1717621438282 1.2390131350082483 0
1717621800740 1.2456411484705798 0
1717622162488 1.2276304215472367 0
1717622522397 1.2169363678508136 0
1717622883952 1.2250322246193661 0
1717623245733 1.2149623442769721 0
1717623608253 1.204597622010766 0
1717623969717 1.2222976658626077 0
1717624332124 1.2018311428979012 0
1717624693661 1.2226891489011038 0
1717625055651 1.2047181342377224 0
1717625417732 1.2186945044301016 0
1717625779680 1.2010119711927805 0
1717626140140 1.214409479549186 0
1717626501056 1.2216914978528335 0
1717626863892 1.1820751640631155 0
1717627225299 1.1961695124463336 0
1717627586731 1.2058602421637101 0
1717627948093 1.1965508425213383 0
1717628310543 1.1891244072404186 0
1717628672621 1.17877103750075 0
1717629033813 1.1997494717252635 0
1717629395196 1.2006215378222724 0
1717629756934 1.1859402802826986 0
1717630118769 1.1790254532060749 0
1717630481183 1.1849456148791715 0
1717630842068 1.1729667535642299 0
1717631203911 1.183950661092046 0
1717631564950 1.1776208360468021 0
1717631927132 1.1693553391809088 0
1717632289800 1.1702875040261875 0
1717632652101 1.1805897450133962 0
1717633013647 1.1709131362514245 0
1717633375481 1.1571466177534206 0
1717633737432 1.1631385401534318 0
1717634099058 1.168191329444327 0
1717634461642 1.17198908888153 0
1717634823037 1.1749349658529487 0
1717635184844 1.1540388944225062 0
1717635545938 1.1617996333016687 0
1717635907512 1.1622850981706974 0
1717636269471 1.1510061057378829 0
1717636633159 1.15289598799557 0
1717636995069 1.1529213550614148 0
1717637357696 1.161837701725915 0
1717637720089 1.1608545641961734 0
1717638082659 1.1529080653503734 0
1717638444783 1.1573801538063035 0
1717638806946 1.1518006233963243 0
1717639168815 1.1570021193649263 0
1717639530575 1.1570674845246391 0
1717639893772 1.1658181916034691 0
1717640255058 1.1703384585496857 0
1717640617339 1.161423266448402 0
1717640979054 1.1598427460296517 0
1717641339441 1.1561751797320023 0
1717641700849 1.1499246090035502 0
1717642063123 1.1403590297162198 0
1717642423939 1.144116289306984 0
1717642784131 1.1420505031635793 0
1717643145963 1.1392485258950524 0
1717643507634 1.1549651326202766 0
1717643868450 1.1711185673164382 0
1717644231210 1.1412494510915445 0
1717644592186 1.1437259571637266 0
1717644953826 1.142513189843627 0
1717645316299 1.1450180535915868 0
1717645679080 1.1298414062156463 0
1717646040942 1.1259001564129656 0
1717646404020 1.1372087496530272 0
1717646765891 1.1414710468467584 0
1717647128193 1.1350840022371589 0
1717647490674 1.1312452714394001 0
1717647853008 1.1288386420953118 0
1717648214088 1.124613818487128 0
1717648574673 1.1370071297514952 0
1717648936739 1.143994317627311 0
1717649299506 1.1428775830295699 0
1717649660361 1.1287163105959293 0
1717650022635 1.1310330196348408 0
1717650384214 1.1263336083231454 0
1717650746470 1.1249874441529752 0
1717651109144 1.1286733612110647 0
1717651470812 1.1212936765481114 0
1717651833561 1.113499271176322 0
1717652195991 1.1180547201611089 0
1717652557015 1.1263308447252742 0
1717652917806 1.1203121551653235 0
1717653279707 1.1204985996124668 0
1717653641643 1.132572199390261 0
1717654003072 1.1107327293052458 0
1717654364045 1.115867582807845 0
1717654725616 1.1155854631767488 0
1717655086743 1.1148557395917167 0
1717655448931 1.1166885658231953 0
1717655810010 1.1173624850124624 0
1717656171939 1.1217077483826685 0
1717656534721 1.1075416855248457 0
1717656895295 1.1160457196423528 0
1717657257107 1.112268927575947 0
1717657619303 1.108223531572725 0
1717657980431 1.1204951424088756 0
1717658341787 1.116217037973887 0
1717658703052 1.1142141571188062 0
1717659065958 1.111382000799698 0
1717659427603 1.1075358765210264 0
1717659789362 1.115375803380254 0
1717660151806 1.1162002699012827 0
1717660513074 1.1155625146504415 0
1717660874812 1.1087353976537766 0
1717661236220 1.117255946619202 0
1717661598385 1.1051792968281215 0
1717661960032 1.114317080451221 0
1717662322347 1.1116380328756337 0
1717662685345 1.102790407839233 0
1717663048202 1.1124464664852864 0
1717663412007 1.1081488959113832 0
1717663774775 1.1125236416847128 0
1717664138315 1.1031715073683919 0
1717664501788 1.1080653496575847 0
1717664864376 1.1075627856138275 0
