1717612332485 0.9402760863304138 0
1717612583565 0.9444446563720703 0
1717612817656 0.9439559578895569 0
1717613037197 0.9465219378471375 0
1717613251305 0.9487495422363281 0
1717613470579 0.9501689076423645 0
1717613699951 0.9498607516288757 0
1717613954110 0.9558808207511902 0
1717614225395 0.9617083072662354 0
1717614514110 0.962058424949646 0
1717614815731 0.9679469466209412 0
1717615128709 0.9657818078994751 0
1717615449841 0.9677184820175171 0
1717615773554 0.9617079496383667 0
1717616104995 0.9647784233093262 0
1717616446168 0.9619046449661255 0
1717616788717 0.9703457355499268 0
1717617141436 0.9694055914878845 0
1717617493151 0.9674811363220215 0
1717617848937 0.9717240333557129 0
1717618203679 0.9732180237770081 0
1717618558975 0.9724311828613281 0
1717618918076 0.9727619886398315 0
1717619275696 0.9704656600952148 0
1717619636817 0.970695436000824 0
1717619997371 0.9731766581535339 0
1717620357267 0.9748426079750061 0
1717620717422 0.9712318778038025 0
1717621077736 0.9730368256568909 0
1717621438325 0.9734216332435608 0
1717621800763 0.9679467678070068 0
1717622162513 0.9698823690414429 0
1717622522458 0.9761847853660583 0
1717622883977 0.9750249981880188 0
1717623245759 0.9746698141098022 0
1717623608265 0.9741055965423584 0
1717623969754 0.9680198431015015 0
1717624332148 0.9727922081947327 0
1717624693689 0.9741829037666321 0
1717625055685 0.9747257232666016 0
1717625417758 0.972422182559967 0
1717625779712 0.9749592542648315 0
1717626140168 0.9732267260551453 0
1717626501088 0.9790463447570801 0
1717626863913 0.9793993234634399 0
1717627225334 0.9766783714294434 0
1717627586772 0.9763224720954895 0
1717627948118 0.9790975451469421 0
1717628310569 0.9783512949943542 0
1717628672644 0.9798524975776672 0
1717629033851 0.9757260084152222 0
1717629395237 0.9783429503440857 0
1717629756965 0.9793952703475952 0
1717630118792 0.9798725247383118 0
1717630481211 0.9797651767730713 0
1717630842109 0.9819032549858093 0
1717631203934 0.9778113961219788 0
1717631564989 0.9808645844459534 0
1717631927156 0.9795737266540527 0
1717632289831 0.9820092916488647 0
1717632652157 0.977580189704895 0
1717633013675 0.9816099405288696 0
1717633375502 0.9814919233322144 0
1717633737460 0.982293426990509 0
1717634099076 0.9819915890693665 0
1717634461669 0.9797080159187317 0
1717634823065 0.9779493808746338 0
1717635184871 0.9838774800300598 0
1717635545962 0.9835821986198425 0
1717635907541 0.9789604544639587 0
1717636269502 0.9831665754318237 0
1717636633188 0.9832425117492676 0
1717636995097 0.9841218590736389 0
1717637357726 0.9829794764518738 0
1717637720112 0.9858376383781433 0
1717638082688 0.9868094325065613 0
1717638444811 0.9819238185882568 0
1717638806981 0.9847896099090576 0
1717639168841 0.9822482466697693 0
1717639530613 0.9846062064170837 0
1717639893798 0.9860232472419739 0
1717640255098 0.9802197813987732 0
1717640617367 0.9822531342506409 0
1717640979080 0.9838372468948364 0
1717641339464 0.9829708933830261 0
1717641700875 0.9830937385559082 0
1717642063261 0.9838235378265381 0
1717642423968 0.986344039440155 0
1717642784160 0.9864468574523926 0
1717643146025 0.9882123470306396 0
1717643507660 0.9869218468666077 0
1717643868481 0.9839495420455933 0
1717644231232 0.9858971834182739 0
1717644592209 0.985416054725647 0
1717644953848 0.9861681461334229 0
1717645316336 0.9857473373413086 0
1717645679105 0.9859625101089478 0
1717646040967 0.988278329372406 0
1717646404045 0.9880451560020447 0
1717646765934 0.9875578880310059 0
1717647128331 0.9886504411697388 0
1717647490699 0.9891631603240967 0
1717647853040 0.9892501831054688 0
1717648214116 0.9894976615905762 0
1717648574700 0.9886524677276611 0
1717648936769 0.9859944581985474 0
1717649299532 0.9840298295021057 0
1717649660389 0.9865869283676147 0
1717650022671 0.9848631024360657 0
1717650384236 0.9884505271911621 0
1717650746507 0.9900965094566345 0
1717651109186 0.9906484484672546 0
1717651470845 0.9907142519950867 0
1717651833626 0.9910030961036682 0
1717652196030 0.9900274276733398 0
1717652557057 0.9893127679824829 0
1717652917838 0.9914866089820862 0
1717653279733 0.9905487895011902 0
1717653641677 0.9890525341033936 0
1717654003093 0.9912829399108887 0
1717654364088 0.9915574789047241 0
1717654725660 0.9923689961433411 0
1717655086770 0.9912950396537781 0
1717655448962 0.9909330010414124 0
1717655810037 0.9919810891151428 0
1717656171975 0.9908586144447327 0
1717656534747 0.9909647107124329 0
1717656895320 0.9909223914146423 0
1717657257145 0.9919921159744263 0
1717657619331 0.993131160736084 0
1717657980463 0.9890568256378174 0
1717658341817 0.9900750517845154 0
1717658703082 0.9915943145751953 0
1717659065986 0.9927228689193726 0
1717659427649 0.9910992383956909 0
1717659789406 0.9908066391944885 0
1717660151839 0.9928931593894958 0
1717660513102 0.9901557564735413 0
1717660874839 0.991244912147522 0
1717661236246 0.9923228025436401 0
1717661598437 0.9928963780403137 0
1717661960063 0.9915984272956848 0
1717662322375 0.9895174503326416 0
1717662685386 0.9920663237571716 0
1717663048228 0.9903795123100281 0
1717663412049 0.9921460151672363 0
1717663774800 0.9892238974571228 0
1717664138360 0.9919627904891968 0
1717664501819 0.9942182898521423 0
1717664864416 0.9917598366737366 0
