1718100093338 2.252893322180628 0
1718100185413 2.393440459682615 0
1718100271260 2.189121653841316 0
1718100355017 2.0485721477200793 0
1718100438204 1.9040926656848272 0
1718100521754 1.7222544607928278 0
1718100604815 1.6951452880594564 0
1718100687668 1.688213945911257 0
1718100770937 1.598639263221068 0
1718100853960 1.579655184665272 0
1718100936506 1.5751822644729327 0
1718101018815 1.6075016650652572 0
1718101100979 1.5136111823076603 0
1718101184013 1.4903160991632916 0
1718101266788 1.4387939360083604 0
1718101349045 1.4092283145124425 0
1718101442156 1.4550935032220091 0
1718101525707 1.4499533605396635 0
1718101609542 1.301929050941181 0
1718101702739 1.422843883006255 0
1718101790667 1.320352564877909 0
1718101874223 1.3397282421477068 0
1718101961340 1.3042160668471516 0
1718102045799 1.2912322441587751 0
1718102129269 1.2480514722290899 0
1718102222751 1.2316302397014052 0
1718102306644 1.3229652842258646 0
1718102390752 1.2891035854704609 0
1718102478038 1.2599552851456863 0
1718102560820 1.2927984174152252 0
1718102643336 1.281741758224888 0
1718102738166 1.2647970145459917 0
1718102840053 1.2776443851374328 0
1718102922874 1.2484156061068707 0
1718103017999 1.271388830744974 0
1718103106612 1.2559836425656001 0
1718103189210 1.2691654362776936 0
1718103271817 1.2270757278850333 0
1718103354533 1.2103194319061221 0
1718103436756 1.2011185209478268 0
1718103518504 1.2615232687730056 0
1718103600911 1.2237533249058823 0
1718103684717 1.2729419473859203 0
1718103766268 1.223117732599126 0
1718103847374 1.2023183226809044 0
1718103929895 1.2254898074420264 0
1718104011945 1.2103804695673328 0
1718104094218 1.1996938590037218 0
1718104176354 1.1666160320475223 0
1718104258235 1.161822681489626 0
1718104340206 1.237075435466659 0
1718104422568 1.2111543361062629 0
1718104504699 1.168173115114781 0
1718104586760 1.1828800513194158 0
1718104669098 1.1840596999281119 0
1718104751331 1.1908800894055536 0
1718104833058 1.1986498987473422 0
1718104914920 1.204672985005334 0
1718104997495 1.1953273723094147 0
1718105079494 1.164398599341931 0
1718105161551 1.1694278214259621 0
1718105243617 1.1643927602338522 0
1718105326139 1.21284705138788 0
1718105407796 1.2947721110052284 0
1718105489386 1.2393235328720837 0
1718105571235 1.2058429085515006 0
1718105654454 1.2567786229707958 0
1718105744833 1.2136700356878884 0
1718105835049 1.2268881032435577 0
1718105918395 1.1983656300836387 0
1718106029721 1.2102946273381445 0
1718106130667 1.2021417513573596 0
1718106213358 1.1765348434448242 0
1718106296583 1.1841607237846274 0
1718106380010 1.2162629930879116 0
1718106463372 1.2322340127003797 0
1718106546211 1.2624181352010588 0
1718106628253 1.1883441958150094 0
1718106710410 1.2415343136545864 0
1718106793371 1.2449979703377156 0
1718106877468 1.2441502863202265 0
1718106960498 1.2229365243249717 0
1718107042910 1.2231330242657974 0
1718107125136 1.2241095043704837 0
1718107207631 1.2605478687536873 0
1718107289924 1.2498591252160565 0
1718107372476 1.2241328845999255 0
1718107455539 1.2809959468877339 0
1718107538313 1.2363118870844314 0
1718107620262 1.200050504793593 0
1718107702691 1.226852137823266 0
1718107784966 1.2481279012633533 0
1718107867171 1.219446167981647 0
1718107949765 1.2012328454745866 0
1718108032917 1.250563554021252 0
1718108115742 1.2096532228963683 0
1718108198152 1.1945700912940793 0
1718108280474 1.2048664568960108 0
1718108363393 1.2400340040897562 0
1718108446187 1.226334487922196 0
