1718100093360 0.8798811435699463 0
1718100185441 0.9464330673217773 0
1718100271280 0.9526463150978088 0
1718100355038 0.9560324549674988 0
1718100438228 0.9584481716156006 0
1718100521767 0.9593701362609863 0
1718100604841 0.960446298122406 0
1718100687681 0.9574867486953735 0
1718100770955 0.9622575044631958 0
1718100853978 0.9643837809562683 0
1718100936529 0.9615043997764587 0
1718101018829 0.9635467529296875 0
1718101100988 0.9652255177497864 0
1718101184038 0.9659876823425293 0
1718101266810 0.9653820395469666 0
1718101349073 0.9691881537437439 0
1718101442180 0.9705567955970764 0
1718101525736 0.9688003659248352 0
1718101609558 0.967467188835144 0
1718101702755 0.9719306826591492 0
1718101790690 0.967082142829895 0
1718101874248 0.9630153775215149 0
1718101961385 0.9679737687110901 0
1718102045827 0.9705142974853516 0
1718102129292 0.9738593697547913 0
1718102222782 0.9762999415397644 0
1718102306687 0.9767361879348755 0
1718102390776 0.9760951995849609 0
1718102478068 0.9749966859817505 0
1718102560864 0.9752271771430969 0
1718102643361 0.9720142483711243 0
1718102738185 0.9756253361701965 0
1718102840076 0.9731923341751099 0
1718102922902 0.976324200630188 0
1718103018031 0.9726410508155823 0
1718103106640 0.9744786620140076 0
1718103189242 0.9771770238876343 0
1718103271843 0.9733685851097107 0
1718103354548 0.9746395945549011 0
1718103436767 0.9781208038330078 0
1718103518537 0.9778605103492737 0
1718103600934 0.9781115055084229 0
1718103684736 0.9765720367431641 0
1718103766310 0.976870596408844 0
1718103847395 0.9813985228538513 0
1718103929925 0.9722180962562561 0
1718104011959 0.9727693200111389 0
1718104094239 0.9745677709579468 0
1718104176378 0.9761980772018433 0
1718104258260 0.9789080619812012 0
1718104340232 0.9802632927894592 0
1718104422592 0.9802210330963135 0
1718104504726 0.9794477820396423 0
1718104586787 0.9775123000144958 0
1718104669120 0.9767404198646545 0
1718104751348 0.97889244556427 0
1718104833087 0.9840134382247925 0
1718104914933 0.9812542796134949 0
1718104997514 0.9768748879432678 0
1718105079534 0.9814599752426147 0
1718105161595 0.97911137342453 0
1718105243631 0.9838759303092957 0
1718105326149 0.9782819151878357 0
1718105407837 0.9742314219474792 0
1718105489413 0.9735572338104248 0
1718105571363 0.981663703918457 0
1718105654474 0.9773401618003845 0
1718105744860 0.9770533442497253 0
1718105835075 0.9801691174507141 0
1718105918424 0.9850183129310608 0
1718106029746 0.9818646907806396 0
1718106130693 0.985525906085968 0
1718106213383 0.9808077216148376 0
1718106296623 0.9797084927558899 0
1718106380039 0.9856836199760437 0
1718106463401 0.9852341413497925 0
1718106546231 0.9821922183036804 0
1718106628282 0.9856148362159729 0
1718106710420 0.9858294725418091 0
1718106793386 0.9856529831886292 0
1718106877497 0.9843252301216125 0
1718106960531 0.9864356517791748 0
1718107042941 0.9860872030258179 0
1718107125152 0.9824544787406921 0
1718107207661 0.9807843565940857 0
1718107289956 0.9859695434570312 0
1718107372490 0.9811387062072754 0
1718107455567 0.9840457439422607 0
1718107538336 0.9816001057624817 0
1718107620282 0.9814676642417908 0
1718107702726 0.9871705770492554 0
1718107784984 0.9847214818000793 0
1718107867186 0.9881129860877991 0
1718107949784 0.9853312373161316 0
1718108032942 0.9838067293167114 0
1718108115757 0.9829418659210205 0
1718108198169 0.9859352111816406 0
1718108280494 0.986855149269104 0
1718108363424 0.9895142316818237 0
1718108446218 0.9840666651725769 0
