1718118922869 2.384959900625204 0
1718119162706 1.4497563856404 0
1718119474901 1.4848032652548957 0
1718119779517 1.5185636097673627 0
1718120084546 1.4118078564613443 0
1718120390055 1.3597854071218123 0
1718120696228 1.3630850855449799 0
1718121002833 1.386729009871635 0
1718121310146 1.5300192592291626 0
1718121613369 1.3958044170215027 0
1718121915164 1.4427093222262042 0
1718122202823 1.427853069430668 0
1718122511275 1.6057708597093765 0
1718122826220 1.3579995985102697 0
1718123144577 1.4217994010470822 0
1718123453381 1.3798387892027062 0
