1718118922903 0.8934175372123718 0
1718119162731 0.9453248977661133 0
1718119474914 0.9487757086753845 0
1718119779547 0.9539520740509033 0
1718120084576 0.9561556577682495 0
1718120390083 0.9550398588180542 0
1718120696258 0.9586788415908813 0
1718121002870 0.9600611329078674 0
1718121310183 0.9616863131523132 0
1718121613381 0.9647913575172424 0
1718121915193 0.9616144895553589 0
1718122202870 0.9642653465270996 0
1718122511306 0.9640949368476868 0
1718122826361 0.9631280899047852 0
1718123144604 0.9661990404129028 0
1718123453397 0.9646016359329224 0
