1717612382595 0.9403014183044434 0
1717612550081 0.9441073536872864 0
1717612706296 0.9437949061393738 0
1717612859212 0.9473518133163452 0
1717613010730 0.9504635334014893 0
1717613165117 0.9519524574279785 0
1717613328440 0.9515422582626343 0
1717613507609 0.9546096324920654 0
1717613700819 0.9634622931480408 0
1717613901508 0.9625060558319092 0
1717614109459 0.966285228729248 0
1717614323307 0.9657350182533264 0
1717614539813 0.9680330753326416 0
1717614759682 0.964021623134613 0
1717614983222 0.9672953486442566 0
1717615211811 0.9682895541191101 0
1717615441729 0.9708097577095032 0
1717615673484 0.9695578813552856 0
1717615907920 0.9671775102615356 0
1717616141587 0.9708331823348999 0
1717616376450 0.9729405045509338 0
1717616612436 0.9723324775695801 0
1717616848815 0.9722256064414978 0
1717617083299 0.9721750020980835 0
1717617319669 0.9718629121780396 0
1717617556835 0.974128782749176 0
1717617793893 0.9749038815498352 0
1717618031160 0.971505880355835 0
1717618268702 0.9711460471153259 0
1717618505863 0.9748294949531555 0
1717618744185 0.9724716544151306 0
1717618981833 0.9721457362174988 0
1717619217769 0.977325439453125 0
1717619455387 0.973634660243988 0
1717619692402 0.9774602651596069 0
1717619930414 0.9747177362442017 0
1717620168684 0.9695037603378296 0
1717620407068 0.9734198451042175 0
1717620645073 0.9739214777946472 0
1717620883998 0.9743545055389404 0
1717621121640 0.975446879863739 0
1717621359646 0.9731903076171875 0
1717621597197 0.9734443426132202 0
1717621835347 0.9801002740859985 0
1717622073203 0.9775600433349609 0
1717622310786 0.974889874458313 0
1717622548783 0.9773027300834656 0
1717622786284 0.9787343740463257 0
1717623024368 0.9778969883918762 0
1717623263127 0.9785726070404053 0
1717623500897 0.9774067997932434 0
1717623738860 0.9783503413200378 0
1717623976705 0.9803808331489563 0
1717624215107 0.981121838092804 0
1717624453304 0.9765002131462097 0
1717624690958 0.9798234701156616 0
1717624929521 0.9750601053237915 0
1717625167078 0.9815558791160583 0
1717625405492 0.9805526733398438 0
1717625644214 0.9816476106643677 0
1717625881639 0.9796217083930969 0
1717626120327 0.9844745993614197 0
1717626357887 0.9820805191993713 0
1717626596118 0.9823824763298035 0
1717626834689 0.9825965762138367 0
1717627073016 0.9815652370452881 0
1717627311147 0.9814062118530273 0
1717627549108 0.9856975674629211 0
1717627787082 0.9835034012794495 0
1717628025083 0.9803602695465088 0
1717628262660 0.9824785590171814 0
1717628500877 0.9836705327033997 0
1717628739189 0.9821287393569946 0
1717628977333 0.9825605750083923 0
1717629215204 0.9832255840301514 0
1717629453859 0.9859435558319092 0
1717629692110 0.9815531373023987 0
1717629930086 0.9856146574020386 0
1717630167375 0.9829755425453186 0
1717630404748 0.9830219149589539 0
1717630644195 0.9827187061309814 0
1717630882283 0.9840009808540344 0
1717631120772 0.9852261543273926 0
1717631359155 0.9852194786071777 0
1717631597429 0.983887791633606 0
1717631835068 0.9822507500648499 0
1717632073576 0.983190655708313 0
1717632310696 0.9871161580085754 0
1717632548805 0.9864242076873779 0
1717632787799 0.9859547019004822 0
1717633025188 0.9877927899360657 0
1717633263052 0.985960841178894 0
1717633501809 0.9887295961380005 0
1717633739885 0.9833282828330994 0
1717633977837 0.9867379069328308 0
1717634216983 0.9869479537010193 0
1717634455134 0.9854581952095032 0
1717634693338 0.9886702299118042 0
1717634931564 0.9875149130821228 0
1717635169741 0.9857653379440308 0
1717635408456 0.989208459854126 0
1717635646923 0.9894509315490723 0
1717635885490 0.9890807271003723 0
1717636123957 0.9879197478294373 0
1717636362192 0.9880386590957642 0
1717636600282 0.9844225645065308 0
1717636838923 0.9856183528900146 0
1717637076025 0.9886361360549927 0
1717637313858 0.9900398850440979 0
1717637552402 0.9886753559112549 0
1717637790316 0.9916441440582275 0
1717638028832 0.9901910424232483 0
1717638266847 0.9912254214286804 0
1717638505774 0.99152672290802 0
1717638744328 0.9892482757568359 0
1717638982963 0.9904567003250122 0
1717639220714 0.9934090375900269 0
1717639459460 0.9915897250175476 0
1717639698517 0.9893708825111389 0
1717639936939 0.9917515516281128 0
1717640175106 0.9902074337005615 0
1717640413701 0.99130779504776 0
1717640651715 0.9912762641906738 0
1717640890705 0.9904392957687378 0
1717641128798 0.9900897145271301 0
1717641367598 0.9906569719314575 0
1717641606511 0.9919108152389526 0
1717641844033 0.9929293394088745 0
1717642082107 0.9937657713890076 0
1717642320744 0.9923615455627441 0
1717642558721 0.9917362332344055 0
1717642796612 0.9926134943962097 0
1717643034696 0.9931213855743408 0
1717643273481 0.9916799068450928 0
1717643511999 0.9924997091293335 0
1717643750370 0.9918742179870605 0
1717643988670 0.992449164390564 0
1717644227218 0.9903788566589355 0
1717644465140 0.9931069016456604 0
1717644703816 0.9915315508842468 0
1717644943460 0.993990957736969 0
1717645183352 0.9937878251075745 0
1717645421963 0.992708146572113 0
1717645660420 0.992935061454773 0
1717645898160 0.9945253729820251 0
1717646137175 0.9940384030342102 0
1717646375286 0.990485668182373 0
1717646614484 0.9931406378746033 0
1717646852817 0.9949076771736145 0
1717647091136 0.9956988096237183 0
