0,0.03191399,0.9516317,2,21,0.017346596,0.9422351,2,41,0.040137477,0.8611971,2,77
1,0.000520664,0.93029636,2,24
2,0.006093478,0.8320654,2,21,0.019506747,0.89700484,2,45,0.018818622,1.0237794,2,67
3,0.0062780385,1.0033818,2,24,0.0,0.9759251,2,47,0.018187128,0.9889586,2,69,0.00456522,0.9364004,2,93,0.0,0.97266746,2,116,0.0,0.89390504,0,138,0.0,0.9805837,2,159,0.0,0.97599,2,179,0.00034723768,0.7819887,0,200
4,0.0067783003,0.99776715,2,24,0.0072560078,1.0554364,3,47,0.0,0.9562585,2,83,0.00097436307,0.9599781,2,105,0.0071055857,0.6375812,2,133
5,0.011899087,0.9696297,2,38,0.0052981055,0.9437821,2,63,0.0,0.8539813,2,89,0.00162016,0.75150716,2,115,0.038697764,0.79297906,2,153
6,0.024702268,1.0186229,2,21,0.0,0.98569566,2,43,0.023617055,0.9393288,3,66,0.008763392,0.75042075,2,86,0.034680795,0.9601178,2,106,0.0,0.97432166,2,132,0.0,0.7432435,2,153,0.0,0.9218107,2,174,0.0,0.89140815,2,197
7,0.010972677,0.909138,2,26,0.0031103983,0.8255795,2,57
8,0.015983801,0.96720916,2,20,0.0072378404,0.95443654,2,41,0.0074383724,0.96475357,2,63,0.010783187,1.0190337,2,84,0.002635839,0.95027167,2,107,0.0017348072,0.91189355,2,141
9,0.0023240696,0.9823316,2,20,0.02371891,0.91977084,2,53
10,0.008795375,1.0013582,2,42
11,0.037296496,0.92971545,2,21,0.0,0.9319318,2,41,0.0008289485,0.90585977,2,64,0.0022215042,0.8192128,2,85,0.038757652,0.88100016,2,110,0.020684436,0.4109273,2,147
12,0.021135015,0.8166768,2,20,0.0,0.63969046,2,44,0.0,0.44905517,0,65,0.0,0.4446829,1,86,0.009046493,0.4864661,1,106,0.0,0.42761114,2,129,0.022982774,0.41656038,0,160
13,0.06334891,0.8543372,2,20,0.0,0.90130234,2,41,0.0,0.24230164,3,62,0.0,0.8967805,2,82,0.0,0.71480745,3,102,0.08044429,0.6564229,2,135
14,0.0,1.0177274,2,32
15,0.002244855,0.972347,2,36
16,0.0044581057,0.95061815,2,20
17,0.012015189,1.026156,2,25,0.0077806264,0.9955911,2,47,0.0,0.9305472,3,68,0.0,1.0260677,0,89,0.0,1.0431472,2,111,0.00085587805,1.0286475,2,155
18,0.0,0.97527754,2,20,0.031021219,1.0176698,2,40,0.0023756137,0.96260893,2,73
19,0.021690896,0.8694637,2,27,0.0,1.0632423,3,48,0.010343956,0.905968,2,68,0.013191965,0.8492649,2,88,0.07328636,0.84049284,2,108
20,0.018485872,0.97927415,2,31
21,0.009060356,0.9370918,2,22,0.0,1.0189111,3,42,0.0071182037,0.92355376,3,68
22,0.0013319827,0.89214325,2,21,0.021197733,0.871267,2,42,0.01142705,0.8719154,2,64,0.0,0.84051883,2,84,0.0026724385,0.61517733,2,108,0.022751404,0.7792613,0,128,0.02558752,0.87704533,2,167
23,0.010570761,0.9201747,2,23,0.021915972,0.78116065,2,43,0.0043734345,0.6597318,2,65,0.0043079997,0.83120847,0,87,0.00567089,0.84418833,2,110,0.0,0.8036414,2,131,0.01335022,0.6707976,2,151,0.006420101,1.0059823,2,200
24,0.0,0.95835525,2,28,0.0130225085,0.9796615,2,51,0.050025377,0.7693676,2,84
25,0.0,1.0265428,2,36
26,0.017334385,1.0352193,0,28,0.018800024,0.97706264,2,50
27,0.021839866,0.90441847,2,20,0.004337822,0.9336424,2,54,0.019870736,0.96717644,2,74,0.0,0.9212478,2,94,0.0,0.7628108,2,119
28,0.0051594465,0.9763826,2,20,0.032534417,0.9717178,2,44
29,0.004295033,0.70691454,2,20,0.0,0.8652894,3,40,0.0,1.044908,3,60,0.0,0.682241,2,80,0.0,0.84939396,3,101,0.013610167,0.63107634,2,121
30,0.0,0.89422023,2,21,0.014012769,0.9376438,2,61
31,0.013611605,0.9170996,2,28
32,0.010496384,1.0184114,2,20,0.0,1.0536363,2,40
33,0.011844878,0.93259275,2,21,0.029058957,0.9302226,0,43
34,0.0017156746,1.0129716,2,37
35,0.0,0.9968702,2,20,0.01265918,1.0100499,2,42,0.005991066,0.945857,2,69
36,0.011645942,0.9342444,2,22
37,0.026506174,0.9080081,2,32
38,0.0050899484,0.9664834,2,21,0.001928014,0.9437307,2,41,0.0,0.8858885,2,62,0.0,0.8285808,2,84,0.0,0.93889046,2,104,0.0,0.9924586,2,128,0.044806935,0.83386886,2,148,0.0,0.9912976,2,168,0.0004182989,0.92321837,0,200
39,0.0,0.9735712,2,25,0.0,0.9100955,2,45,0.0064859837,0.7861333,2,65,0.018401736,0.37695593,1,108
40,0.0028605561,0.9597694,2,20,0.021905996,0.96938497,2,41,0.00075830764,0.8853923,0,61,0.00025664773,0.87155837,0,81,0.0043175938,0.68943566,0,114
41,0.004240454,0.9935927,2,28,0.003805867,0.94604194,2,48,0.045443494,0.9023639,2,68,0.0,0.88453686,2,88
42,0.0049457895,1.0148149,2,49
43,0.0,1.0101898,2,20,0.01289914,0.9415342,2,40,0.030339677,0.9796886,2,62
44,0.0009605573,1.0282952,2,25
45,0.045288995,0.91455644,2,22,0.04875377,0.91915977,2,42,0.02262644,0.6479907,2,81
