0,0.014384925,0.85302037,2,23
1,0.003770159,1.0214859,2,22
2,0.012677454,0.99655753,2,35
3,0.002469703,1.0284027,2,20,0.027219234,1.1406546,0,42,0.0,0.9366547,2,62,0.0,0.7950063,2,82,0.0,0.9199314,2,102,0.0,0.87587786,0,123,0.0,0.78576905,0,145,0.0023744546,0.86410296,2,174
4,0.005626348,0.9916278,2,25,0.0058682347,0.89012396,2,65
5,0.0039035894,0.90435225,3,22,0.012922731,0.96085495,3,43,0.0050972216,1.0537314,2,63,0.0,0.85024685,0,86,0.0,0.72303885,0,106,0.0,0.76295596,0,145
6,0.003075458,0.9889264,2,21,0.0016805284,1.0217028,2,45,0.010276632,0.9578976,2,72
7,0.00838282,1.0411708,2,20,0.028979996,0.99167854,2,44,0.01068276,0.97277534,2,67
8,0.0069313147,1.0807621,3,21,0.010659793,0.7783988,2,41,0.005788347,0.7797032,2,69
9,0.0072181677,0.9731614,2,25,0.011543946,0.99179685,2,45,0.013185311,0.96863157,3,66,0.0,0.9682373,2,86,0.004679845,0.9584169,2,125
10,0.012832863,0.9943929,2,20,0.0017837391,0.97691005,3,42,0.013281688,1.0066651,2,64
11,0.053460136,0.75877416,2,23,0.003830456,0.778175,2,43,0.07125237,0.63661754,2,64,0.0,0.8699466,2,84,0.04963075,0.76117766,0,104,0.062973715,0.4732979,2,126,0.0,0.243168,2,147,0.01105922,0.21239221,1,178
12,0.023084927,0.7367631,2,20,0.013920831,0.6600329,0,40,0.0,0.63175136,0,60,0.0,0.78920937,2,96
13,0.0,0.8900711,2,20,0.0054323436,0.9088527,2,40,0.059534866,0.9338743,2,61,0.02153771,0.77244544,0,95
14,0.022946386,0.92074627,2,44
15,0.018317616,0.97340506,2,27
16,0.0,0.84758407,2,21,0.025427867,0.90147305,2,43,0.01911595,0.8496348,2,66,0.035926644,0.52862984,2,104
17,0.010848665,0.98743606,2,24,0.0049403915,0.9091339,2,44,0.0,0.5507633,0,64,0.0,0.937984,3,84,0.0,0.92945933,2,106,0.0,0.696959,1,127,0.0043893247,0.7399172,2,147,0.0,0.35070187,1,167,0.015530538,0.41310206,2,200
18,0.012611995,0.9698161,2,20,0.0015566008,1.0262891,2,44,0.013383751,0.9771344,2,68,0.0,0.99717635,2,91,0.026388844,0.8729454,2,112,0.021634191,0.9701807,2,135,0.0014432727,1.0088353,2,166
19,0.00024127714,0.93635696,2,22,0.016656581,0.9460347,2,48,0.012440948,0.90988904,2,85
20,0.009079362,0.98325664,2,20,0.020381454,1.034532,2,40,0.028665643,1.0543116,2,60,0.0041975295,0.9242174,2,80,0.00033583443,0.9363068,2,102,0.010660471,0.84438694,2,128
21,0.0016015515,0.9354888,2,23,0.010817196,0.9619328,2,57
22,0.012219599,0.99908113,2,20,0.014252516,0.90735775,2,42,0.007120183,0.85868037,2,62,0.014778045,0.9671289,0,83,0.015659323,0.8447715,2,106,0.0007123964,0.7781009,2,128,0.008725016,0.9350592,2,172
23,0.016776828,0.9929594,2,26,0.018282617,0.91548204,2,46,0.0,0.8704678,2,66,0.0,0.6219494,0,87,0.06522402,0.36111197,0,108,0.06843715,0.6424806,0,128,0.0021796299,0.61540794,2,152,0.0,0.7655455,0,172,0.0,0.45372826,2,200
24,0.02954308,0.9640358,2,22,0.0,0.9141469,0,42,0.0,0.9519969,2,62,0.021596057,0.90732574,2,86
25,0.01615083,0.9963727,2,23
26,0.000580911,1.0343308,2,29
27,0.0013488228,0.98034424,2,25,0.052087653,0.877313,3,45,0.0,0.7019239,2,70
28,0.033330787,0.8987301,2,22,0.0049980558,0.8760968,2,53
29,0.005766974,1.006773,2,20,0.0,1.0128201,2,40
30,0.008982766,0.95347625,2,20,0.00013491555,0.9595643,2,62,0.007499099,1.0370525,2,82,0.0,0.9834877,3,102,0.0,0.798607,0,123,0.0,0.89417523,2,144,0.017938238,0.8508938,2,173
31,0.0082780225,0.87865084,3,20,0.00781728,0.9964842,2,41,0.0,0.96697396,2,61,0.0047769244,0.9783727,2,97
32,0.010998416,0.99007344,2,25,0.012423949,1.0066762,2,52
33,0.0028553098,1.0079769,2,21
34,0.0013096001,0.99680364,2,30,0.0053571863,1.0343579,2,58
35,0.011865149,0.94983757,2,20,0.0017584015,0.97661555,2,43,0.013919597,0.92390585,2,63,0.0048314603,1.0165017,2,97,0.0013179334,1.0909115,2,117,0.0052046767,1.006755,2,156
36,0.025030026,0.68836266,2,38
37,0.024765838,1.0096956,2,21,0.023601195,0.9876692,2,55
38,0.0,1.0203259,2,29
39,0.0036575138,0.9674369,2,20,0.0246972,0.9357678,2,40
40,0.024358248,0.9314679,2,20,0.0017928944,0.8679028,2,43,0.021379992,0.8031306,2,81
41,0.0,0.84594536,2,20,0.01145816,0.7752522,2,40,0.00717361,0.58487207,0,77
42,0.01318855,0.91899616,2,20,0.0,0.9894283,2,41,0.03764764,0.87604195,2,62,0.07185558,0.7094699,2,95
43,0.0033695414,0.961034,2,23,0.017886652,0.99577945,2,45,0.016393038,0.9432113,2,66,0.031574395,0.9487352,2,96
44,0.026064714,0.9353854,2,20,0.018205566,0.914791,2,41,0.005467764,1.0070138,2,69
45,0.0,0.96452624,2,22,0.0062902695,1.0231392,0,43,0.00614786,1.0129882,2,68,0.00793186,1.0736896,2,96,0.0,1.0337611,2,116,0.004847628,1.0852208,2,142,0.0,1.0059117,0,162,0.008625598,0.9358127,2,200
46,0.0050871596,0.98338634,2,28,0.0022930938,1.0768577,2,68,0.010019676,1.0641686,2,94,0.003847143,1.0230649,2,117,0.012812332,1.0333383,2,144,0.0037059197,0.99097544,3,166,0.017284565,0.9000472,2,200
47,0.0020478244,0.9748271,2,21,0.0,0.98015517,2,59,0.0065811286,1.0141624,0,93
48,0.0,0.9034945,2,20,0.08347978,0.57953024,2,43
49,0.003481216,0.9788167,2,20,0.0,0.96253306,2,49,0.034476675,0.9176249,3,70,0.0045791618,1.0722375,2,91,0.0025654112,0.998182,2,115,0.0,0.9711474,2,135,0.020260373,0.88119715,2,156,0.013202508,0.8225483,0,177,0.0,0.946886,2,200
50,0.0031929691,0.99151576,2,20,0.012542706,0.95744425,2,41,0.02297553,0.959223,2,61,0.0,1.0059949,2,85,0.0,0.9275324,2,105,0.0,0.91303223,2,125,0.0,0.81522244,2,165
51,0.010463417,0.8853537,2,23,0.0012197874,0.7534459,2,43,0.055431403,0.9199608,2,63,0.0,0.97115546,0,83,0.008690555,1.0051528,0,103,0.014309482,0.8788633,2,125,0.0,0.8398678,2,145,0.0,0.85118663,2,165,0.0,0.47042292,0,187
52,0.0,1.0246675,2,20,0.007996528,0.94569546,2,43,0.0,0.8550269,2,63,0.031634696,0.9279537,2,83,0.0,1.0043623,2,104,0.0,0.9406058,2,125,0.0047989497,1.0331903,2,146,0.01903249,0.8355072,2,166,0.01236442,0.79744476,2,200
53,0.0052493787,0.9473463,2,20,0.0,0.94494194,2,42,0.011029198,1.0189689,2,62,0.0,0.97110873,3,82,0.0,0.9676811,2,104
