0,0.0005124411,0.9850916,2,22,0.0065796925,0.99232525,2,44,0.016961584,0.95554686,2,64,0.0,0.92311585,2,90,0.0,1.0212146,2,111,0.02811133,0.74482906,2,131,0.0104119945,0.9417755,3,151,0.003543053,0.86944944,2,174,0.012802132,0.95099854,2,200
1,0.051301476,0.9708031,2,24,0.0,0.9087103,0,45,0.021538883,0.97996616,2,65,0.029569376,1.0269167,3,86,0.0,1.0677017,2,107,0.00064371864,1.0173732,2,127,0.0028437097,0.9603712,2,147
2,0.00013077958,0.960992,2,20,0.022066642,0.84416693,2,40,0.038847253,0.601125,0,79
3,0.008969165,0.7129525,2,20,0.0,0.8934297,0,42,0.042409886,0.6422856,2,62,0.036516145,0.46253178,0,83,0.09110726,0.44040588,2,110
4,0.0,0.66350675,2,24,0.027722538,0.3607475,2,45,0.10706522,0.26616424,2,73
5,0.001782263,0.76076066,2,20,0.02277015,0.93811405,2,47,0.02205767,0.886178,2,67,0.093958244,0.69813174,3,98
6,0.008603893,1.0152919,2,20,0.017980013,1.0227761,2,40
7,0.012671462,0.8073736,2,21,0.0,0.64796925,0,41,0.0,0.39448437,0,80
8,0.009878891,1.0000968,2,22
9,0.013158603,0.9933331,2,21,0.047260463,0.9515694,2,41,0.011080575,0.8879739,3,73
10,0.0040754224,0.9280497,2,20,0.0039444766,0.8982981,2,40,0.007661378,0.89492035,2,64,0.008358698,0.9800656,2,100
11,0.0029937995,0.9834462,2,22
12,0.0,1.0265365,2,21
13,0.0013722214,1.0241228,2,24,0.0,0.89457095,2,45,0.012283321,0.6933932,2,73
14,0.015903981,0.87318134,2,24,0.016593259,0.8742494,2,47,0.0,0.86624205,2,67,0.0,0.6370655,1,88,0.00214092,0.5885243,0,108,0.0,0.22031239,1,133,0.0,0.24639264,1,153,0.0,0.21880946,1,173,0.022906315,0.23249982,2,200
15,0.009388892,0.8518697,2,20,0.0,0.92334914,3,46
16,0.0070570596,0.95012367,2,29,0.0,0.9305455,2,55,0.0,0.882691,2,75,0.0,0.60687476,1,97,0.028583001,0.6038556,2,122
17,0.0005050994,1.0015967,2,20,0.0,1.0363346,2,41,0.004816869,1.0304842,2,75
18,0.0009209059,1.0085132,2,28,0.0024206457,1.0400573,2,55,0.0,1.0110283,2,75,0.00010807474,1.0272247,2,97,0.049830157,0.92562073,2,117,0.06567624,0.91197187,2,142
19,0.0050401343,1.0373169,2,22,0.0002464818,1.0159435,2,42
20,0.000905712,1.0329447,2,27
21,0.019934911,0.96156687,2,22,0.0,0.80135137,2,42,0.0046288827,0.98499364,2,62,0.0130948825,0.97447497,2,83,0.040192872,0.91935074,2,103,0.02435507,0.9328789,2,125,0.032251265,0.71782964,0,148,0.004594408,0.8134463,2,170,0.05544167,0.5824994,2,196
22,0.0,1.0748792,2,20,0.0029082256,1.0828977,2,45,0.0017999823,1.003772,0,66
23,0.015011787,1.024602,2,36,0.0077479943,1.0143317,2,74
24,0.0,0.98127997,2,23,0.012876736,0.9745426,0,43,0.025906563,0.8810671,2,67,0.02641465,0.9252219,2,88,0.03908857,1.0415326,0,108,0.0036805973,0.9478488,0,131,0.025723532,0.9833195,3,152,0.0,0.95925033,0,175,0.0,0.8857414,2,200
25,0.016498415,1.0141143,2,22,0.008662549,0.9040362,2,45,0.0,0.97331846,2,67,0.025984427,0.8428933,2,88,0.009039926,0.6960853,2,125,0.0,0.58167297,2,146,0.034321517,0.46586302,2,170,0.03246853,0.615677,2,200
26,0.0,1.0024064,2,20,0.009262659,0.96270335,2,41,0.004981305,0.97599185,2,62,0.017012104,0.99129844,0,85,0.0,0.8879437,2,107,0.014457604,0.9482265,2,129,0.0,0.7877771,2,157,0.0047096186,0.77968967,2,177,0.020289628,0.75039214,2,200
27,0.0,1.0310059,2,23,0.012089396,1.0368283,2,45,0.0004909446,1.0244415,2,74,0.010812576,0.99065113,2,109
28,0.0,0.9371246,2,21,0.02281695,0.9358606,2,43
29,0.0,1.0354373,2,20,0.0019965894,1.0775245,3,40,0.0020921666,1.0567757,2,64,0.017028924,0.9761596,2,85,0.023990368,0.9205237,2,129
30,0.00021695295,1.0046809,2,22,0.008151316,0.96900433,2,43,0.014208994,1.0151457,2,84,0.009590445,0.9955257,3,104,0.0,1.0279677,3,125,0.00013398904,0.97207844,2,153
31,0.00755375,0.9430265,2,24,0.0,0.88011694,2,44,0.018399928,0.94960564,2,64,0.0005290134,0.8491041,2,88,0.0,0.48460597,2,108,0.0,0.70038,2,129,0.0,0.50010866,1,149,0.0041795126,0.7210425,2,169,0.0,0.5961529,1,194
32,0.009913067,1.0128601,2,22,0.008381204,0.86997604,2,60
33,0.0020288473,0.8818575,2,32,0.034816775,0.89902353,2,52,0.0017614355,0.9980835,2,72,0.0,0.9246963,2,92,0.0,0.9063026,0,113,0.0,1.0319598,0,133,0.000101253296,0.89026105,2,153,0.0,1.095516,2,173,0.0006576565,0.9285693,2,200
34,0.006774739,0.9884555,2,23,0.045916203,0.90672886,2,43
35,0.0,1.0807081,3,21,0.0,0.97218955,2,41,0.0,0.8811715,2,61,0.0,0.8975523,2,81,0.0,0.7569346,2,106
36,0.00062364596,1.0208977,2,29
37,0.00774919,0.9809652,2,28,0.0020053138,0.9723488,2,48
38,0.005631656,1.0136908,2,26
39,0.02298741,0.7117034,2,36
40,0.0068940707,0.9727087,2,24,0.01709079,0.92253923,2,49,0.0,0.94854975,3,69,0.020978965,0.86279607,3,90,0.014575973,0.86551964,0,110,0.0005332838,1.1759839,2,130,0.039613493,0.9264638,3,151,0.06076606,0.8782124,2,175
41,0.031034028,0.9803921,2,20,0.03340819,0.9932916,2,42,0.017315395,0.79145485,0,62,0.0,0.85638666,2,82,0.11222303,0.7080259,2,104,0.01736654,0.7595297,2,124,0.022042412,0.7450725,2,144,0.004560662,0.49240246,2,164,0.14434054,0.4535237,2,200
42,0.006661216,0.94397557,2,26,0.006496647,0.9166403,2,50,0.01066604,0.9821968,2,83
43,0.005668516,1.007729,2,24
44,0.013337475,0.9802812,2,20,0.027986212,0.9229512,3,59
45,0.0,1.0316265,2,20,0.017189845,0.9368831,2,40,0.009534806,0.95435846,2,65,0.013331128,0.9501261,2,106
46,0.013478337,1.02578,2,41
47,0.019875642,0.9514173,2,20,0.0018571841,1.0713186,2,47
48,0.00066736725,1.0022014,2,30
49,0.01330239,0.9798336,2,20,0.011968321,0.92356175,2,49,0.024871225,0.9852722,2,71,0.010099363,0.99494797,3,92,0.0042946767,0.7479744,0,115
50,0.015972767,0.96148574,2,31,0.0021084559,1.0286028,2,52,0.007075927,0.9795804,2,72,0.0,0.9345548,3,96
51,0.0,0.9756258,2,22,0.0,1.1675003,3,42,0.00645593,0.93680704,2,80
52,0.0035422542,0.8920596,2,20,0.013763922,0.9566428,2,40,0.015840169,0.8948034,0,60,0.0,0.9133147,2,81,0.014009942,0.96118706,0,102,0.0,0.8923459,2,123,0.0,0.83525276,2,143,0.0,0.42844835,0,176
53,0.011379224,0.87575865,2,24,0.013319068,0.773217,2,62
54,0.0052420786,1.0551093,2,20,0.0045043966,1.0301363,2,40
