0,0.003127417,0.992616,2,37
1,0.00843458,1.0292563,2,22,0.0088885715,1.0445576,2,43,0.0004988578,1.0233363,2,70,0.00205813,0.9871609,2,91
2,0.0,0.9088694,3,20,0.0013606858,0.80710626,2,45
3,0.008084351,1.0158744,3,25,0.0,0.9219938,2,46,0.0016622924,0.8323122,2,83
4,0.00567987,0.89455485,3,32
5,0.003998131,0.9378767,2,24
6,0.0,0.9496726,3,20,0.0,0.9102571,0,43,0.012116669,0.87720335,0,63,0.0,0.8026902,0,84,0.025801748,0.6207889,2,104,0.04414843,0.5468992,2,127
7,0.012876321,1.0129479,2,24
8,0.006271175,1.0283377,2,20,0.008829216,0.96956104,2,48,0.0034636525,0.959202,2,68,0.029079517,0.9870618,0,88,0.0,0.8791045,2,108,0.0013924894,0.9528211,2,128,0.006282489,0.9333911,2,151,0.038287055,0.9017145,2,171,0.003499919,0.92911154,2,200
9,0.0054352013,0.9535252,2,20,0.054113332,0.99073774,2,41,0.012455648,0.9309665,2,61,0.017829094,0.9448307,2,95
10,0.0,0.9757497,2,20,0.0,1.1185172,2,40,0.0,1.0391133,0,60,0.002561193,0.9368159,2,80,0.0032008179,0.9598361,2,100,0.011074717,0.80082786,0,137
11,0.0049804826,0.95419925,2,31
12,0.034876697,0.84704626,2,21,0.043253843,0.81565255,2,41
13,0.0015647598,0.8492002,2,21,0.0,0.84353954,2,41,0.0,0.9689498,2,64,0.0,0.939768,3,85,0.0,1.1330934,0,106,0.0,0.9876269,0,127,0.0,1.0719386,0,149,0.027778361,0.53149736,0,189
14,0.010573045,0.9679015,2,24,0.00052423106,0.9747418,2,44,0.0,0.8847167,2,64,0.043935254,0.7820929,2,84,0.01290107,0.7791491,2,105
15,0.006337973,1.0059907,2,33
16,0.0,0.9741316,2,20,0.017571576,0.75747174,2,46,0.0105779,0.7347238,0,71,0.0,0.2988897,2,99,0.053051375,0.3528824,0,129
17,0.0060176845,0.96829134,2,23,0.0020632509,1.0497566,2,47,0.00057613995,1.0316331,2,68,0.03041572,0.94971645,2,106
18,0.0075653424,1.0114663,2,25,0.014684536,0.7434184,2,70
19,0.0037175973,0.98926824,2,22,0.0122160725,1.0077024,2,46,0.007975157,0.945019,2,77,0.0110526895,0.88707304,2,111
20,0.021164088,0.8728598,2,22,0.021195455,0.8728905,2,44,0.0,0.7979285,0,64,0.016258413,0.49569827,0,89
21,0.01268803,0.9621128,2,21,0.063227326,1.0007095,2,51
22,0.015755683,0.9110985,3,20,0.0051269177,0.88383836,2,44
23,0.004025863,0.96214753,2,20,0.023616217,0.92841154,2,42,0.012548628,0.902981,2,63,0.0,0.97563875,2,102
24,0.008934502,0.94137365,2,25,0.0,0.94899446,2,49,0.020535609,0.91987693,2,69,0.0,0.88680536,3,89,0.039890673,0.9161895,2,114,0.013653326,0.9626699,2,139,0.0043548257,0.7421727,0,177
25,0.008132165,0.9299036,2,20,0.016591433,0.9469891,2,59
26,0.005751223,0.87468654,2,23
27,0.0,1.0381896,2,20
28,0.00031867268,1.0276383,2,22
29,0.008029805,1.0042752,2,30,0.0043294798,1.0296204,2,52,0.0,1.0832553,2,74,0.0,1.1104357,2,94,0.0,1.0120573,2,114,0.0012584184,0.9184564,2,137,0.0066490322,0.9291481,2,157,0.0,1.0147389,2,190
30,0.0155845685,0.9351017,2,23,0.0005549663,1.0404581,3,44,0.0034417736,1.0411537,2,75,0.0,1.0426826,2,111,0.015053263,0.8598501,2,148
31,0.0,0.96633923,2,20
32,0.022364538,0.9775026,2,22,0.017967748,0.75625044,2,42,0.015513669,0.92069787,2,78
33,0.013065696,0.7773185,2,20,0.037852038,0.96744096,2,40,0.0,1.1957979,3,61,0.0,0.8126572,2,81,0.024165973,0.5529849,2,119
34,0.008023722,0.8647726,2,20,0.0,1.0667593,2,40,0.003467068,0.8319856,2,60,0.049172897,0.6043857,2,80,0.0,0.3699227,1,101,0.0,0.24602684,0,124,0.0,0.14200555,1,146,0.06665823,0.22202618,1,175
35,0.011538882,0.9034033,2,22,0.0027459927,1.0213284,0,42,0.0,0.9323202,2,63,0.011711123,0.9223629,2,93
36,0.003819069,0.9717803,2,29
37,0.0025330377,0.9787225,2,21,0.0,0.9516646,2,41,0.0070429714,0.97998327,2,68,0.04238592,0.94617534,2,93,0.029485462,0.8743575,2,120
38,0.031554546,0.9269978,2,21,0.004077463,0.9262161,2,59
39,0.006815155,1.0004199,2,20,0.0009962122,1.0550783,2,42,0.016893594,1.0274857,2,63,0.017102396,1.0559614,2,83,0.008565986,0.90822935,3,108
40,0.00072679645,0.9903917,2,26,0.0,0.99581045,2,48,0.02773313,0.90793365,2,69,0.010469733,0.93515724,2,90,0.0051538823,0.73931646,2,111,0.0023426325,0.3504731,0,131,0.033120424,0.83243227,2,152,0.00038331404,0.84554356,2,172,0.0,0.9564468,2,200
41,0.029951716,0.961741,2,20,0.0022003334,0.90640885,2,46,0.02982612,0.7445013,2,66,0.006375136,0.79155135,2,97
42,0.005785501,0.8510803,2,20,0.028827667,0.82016784,2,55
43,0.0,0.94619393,2,30,0.049750973,0.79655653,2,50,0.0042266604,0.72868687,0,74
44,0.01742677,0.96625364,2,20,0.020534795,0.8762012,2,58
45,0.007242259,1.0277998,2,30
46,0.0021359723,1.0001615,2,21,0.0010011509,1.0116636,2,46
47,0.0012378611,0.9648887,2,21
48,0.006624515,0.83962953,2,20,0.021561118,0.882082,2,43,0.010750897,0.8850545,2,68,0.014889365,0.91214705,2,88,0.01344257,0.65534794,2,108,0.03759954,0.7956474,2,128,0.0028921228,1.0271513,2,167,0.02099702,0.90055233,2,196
49,0.0096689975,1.0351996,2,25
50,0.0035595093,0.99778974,2,21,0.0038404504,0.8416269,2,54
51,0.066350274,0.88704205,2,20,0.0,0.8091558,0,40,0.022616152,0.8462434,2,76
52,0.015451646,1.0026006,2,28
53,0.00661246,0.9724524,2,23
54,0.0064669447,1.0030165,2,23
55,0.011098439,0.98921406,2,20,0.0,1.0466894,2,41,0.0006062045,1.0534259,2,67,0.022855902,0.9768003,2,90,0.034054384,1.0319586,3,112,0.0,0.9639204,2,132,0.0019011197,1.0818794,3,168
56,0.006524539,0.9633956,2,20,0.016689602,0.98506296,2,42,0.0110796755,0.9572248,2,63,0.0067784474,0.9732063,2,84,0.01036319,0.996147,2,104,0.010873574,0.9443568,2,134
57,0.008006213,0.92170596,2,25,0.014578381,0.89646196,3,57
58,0.009716705,0.92714024,2,20,0.0015651645,0.9206702,2,40,0.0057340804,0.87069494,2,64,0.0010814784,0.92499113,2,84,0.0,0.96732265,2,104,0.02370192,0.6405456,0,131
59,0.0,1.001818,2,20,0.0012562815,0.9692546,2,53
60,0.0134299975,0.87549025,2,37
61,0.02207676,0.8681718,2,20,0.057098053,0.8750119,2,40,0.010511194,0.75297564,2,60,0.0,0.7591429,2,93
62,0.008465902,1.0159003,2,21,0.025338303,1.0645401,3,41,0.0,1.2015152,3,62,0.0,0.9297542,2,86,0.023082852,0.86833227,2,106,0.007578563,1.0382593,2,141,0.0038095345,0.9810027,2,162,0.0007835131,1.0213647,2,193
63,0.002658749,0.98822093,2,38,0.0045898287,1.0194144,2,59,0.061066754,0.9765271,2,80,0.0,1.0361943,2,100,0.0011810022,1.0354764,2,120,0.0014782513,0.9146265,0,140,0.0,0.903,0,160,0.0,0.9803271,2,180,0.0027608327,0.95216167,0,200
