0,0.0005220429,0.937327,2,20,0.01981912,0.9350589,2,59
1,0.01267996,0.96207833,2,43
2,0.00088934676,1.0417984,2,24,0.0,1.0661132,2,44,0.0,1.1101081,2,64
3,0.0023254482,0.96213573,2,27,0.0,0.95196,0,56
4,0.0017600645,1.0336869,0,22,0.0009469198,1.0117636,2,52,0.024853189,1.0009202,2,87
5,0.0,1.0208348,2,24,0.003491181,1.0202155,2,46
6,0.0016942548,1.0317947,2,35
7,0.0078165,1.0030352,2,30,0.012755009,0.9226234,2,52,0.010097362,0.86773604,2,75,0.00073464063,1.0508975,2,100,0.0,0.9862753,2,126
8,0.0023690744,1.0080197,2,46,0.03169481,0.877189,2,66,0.0010470649,0.9708802,2,90,0.062241323,0.8382896,2,117
9,0.00528875,0.9379725,2,36
10,0.0053233295,0.8933945,2,21,0.0074628717,0.9700443,2,41,0.0,0.93495816,2,69,0.0,0.991557,2,89,0.0,1.0449544,2,109,0.016104827,1.0539088,2,135,0.0,1.1518294,0,155,0.0,1.0171143,2,177,0.0,0.97647077,2,200
11,0.0,0.9867749,3,21,0.0,0.9136785,2,46,0.0,0.825178,0,67,0.032386195,0.6917804,2,88,0.14938864,0.51618546,2,120,0.0050675822,0.5769572,2,151,0.0009363591,0.6272481,2,177,0.0,0.62752485,2,197
12,0.00040880218,1.0962944,2,22,0.0,1.0536668,2,43,0.010064687,0.9541605,2,63,0.0,0.81434554,2,83,0.0,0.9640312,2,114,0.009594786,0.9595538,2,143,0.01171069,0.8723776,2,163,0.015065376,0.8403035,2,195
13,0.0024202948,0.95268977,2,52,0.013007411,0.82782537,2,73,0.043717153,0.70607984,2,99
14,0.0175181,1.0010142,2,20,0.011252947,0.9662725,2,59
15,0.0,1.0628319,2,25,0.00041301743,1.0373484,2,62
16,0.011851286,0.98142177,2,40
17,0.0,1.0455947,2,22,0.005649415,1.0451173,2,45
18,0.00601895,1.0509692,2,25,0.016998861,1.0189899,2,45,0.0020462947,0.9621209,2,65,0.0069424575,0.9751773,2,85,0.0,0.90793645,2,117,0.013168869,0.8778633,2,139,0.007577345,0.9570333,2,159,0.022409309,0.98741734,2,179,0.028632436,0.99805117,2,200
19,1.8829362e-05,1.0272938,2,47
20,0.011089983,0.9769217,2,25,0.0115452465,0.94489396,2,55,0.0,1.0257493,2,83
21,0.003827867,1.0715991,3,24,0.04159858,0.9649013,3,45,0.013652457,1.0687326,2,65,0.026597362,0.945208,3,91
22,0.0071725254,1.0307143,2,26,0.0038640946,1.0485936,2,62,0.0,1.0625979,2,82,0.0010375673,1.0510596,2,117,0.0100824945,1.0369245,2,167
23,0.0057198335,0.9441143,2,22,0.0,0.95446134,2,60,0.0,1.0002553,2,80,0.010592513,0.9737311,2,101,0.0,0.97006303,2,123,0.0,0.82298934,2,149,0.011232415,0.7250639,2,178,0.0016831813,0.7439741,2,200
24,0.0,1.053618,2,26
25,0.012194646,0.97083396,2,22,0.0,0.89919186,2,42,0.0,0.8782746,2,63,0.0011058737,0.7881535,2,83,0.019455355,0.8907541,2,106,0.0,1.0818805,2,127,0.007627134,0.83460647,2,147,0.01626621,0.544854,2,168,0.01888741,0.8598362,2,200
26,0.0,0.98920494,2,28
27,0.002762942,1.0215294,2,40
28,0.0056387773,0.9259998,2,30,0.004620288,0.92127824,0,52,0.010813197,0.93142575,0,72,0.01138731,0.8201958,2,108
29,0.0,1.0199412,2,56,0.0,1.0493654,2,76
30,0.076144025,1.0556898,2,21,0.05733071,0.92985296,3,42,0.0016526331,0.91963893,0,62,0.0031492035,1.0051973,2,82,0.0026125005,0.94763374,2,102,0.014069119,0.9505645,2,130
31,0.0051560593,1.0120283,2,29,0.0026344126,0.9914344,2,77,0.0038529055,1.0505619,2,115,0.0,0.8659347,0,137,0.0,0.93790495,2,157,0.0,0.93473274,2,177
32,0.0,0.8646104,2,20,0.0028976675,0.8033034,2,40,0.009641523,0.7526859,2,63,0.004736157,0.76763594,2,106,0.0,1.0601145,2,127,0.0,0.9277207,0,151
33,0.004883994,1.0378506,2,20,0.083802424,1.0571558,0,55
34,0.0,0.9707902,2,34,0.0038050674,0.9362599,2,54,0.015876856,0.93529063,2,74,0.03450586,0.9907037,2,100
35,0.00053962704,0.8815044,2,21,0.0,0.5641405,1,46,0.0,0.31405383,1,66,0.010965211,0.50348204,1,91
36,0.0,0.8109647,2,20,0.00060223945,0.76416314,2,40
37,0.0,1.0544944,2,23,0.0025078228,1.0435647,2,45,0.0019797618,1.0028684,2,102,0.0043553165,0.9671269,2,131
38,0.00019921294,1.0041121,2,22
39,0.013733951,1.0150635,2,32
40,0.0,0.99681467,2,22,0.0013697456,0.8673786,2,42,0.0,0.854111,2,63,0.10005394,0.7783051,2,83,0.047100566,0.68733704,2,103,0.019712191,0.9639505,2,123,0.07273305,0.6012795,0,159
41,0.012280213,0.84375733,2,21,0.03762042,0.77934915,2,41,0.0,0.76847804,2,61,0.0,0.76504433,0,81,0.017828096,0.69535667,0,102,0.014504967,0.8708313,2,122,0.0013419606,0.7669773,0,142,0.00054167793,0.93364424,2,164
42,0.00030175285,0.8769811,3,27
43,0.0018543027,0.9834987,2,25,0.0115840165,0.92606807,2,63
44,0.003617759,0.9717666,2,20,0.0092672,0.8957504,0,42,0.012630935,0.88656205,2,63,0.015297966,0.84285754,0,83,0.0016200728,0.84193826,2,106,0.0024622534,0.6608896,2,127,0.0035853959,0.6741633,2,153
45,0.0064818976,0.9224338,2,31
46,0.016706627,0.949921,2,20,0.006923528,0.9545418,2,41,0.008955069,0.969211,2,80
47,0.03155028,0.9536978,3,20,0.016757073,0.98169297,2,44
48,0.011134064,0.81497186,3,25
49,0.029576926,0.8088997,2,22
50,0.003903892,0.99646425,2,24,0.006633708,0.97721887,2,55
51,0.0026850542,0.94903606,2,22,0.08578399,0.7649912,3,43,0.0,0.8419259,2,67
52,0.0064397184,0.9999742,2,21,0.011619392,1.0523064,2,41,0.003451679,0.92619085,2,61,0.009544421,0.9057766,2,81,0.0,0.92663324,3,109
53,0.0038656346,0.95177466,2,22,0.036148556,0.8037735,2,42,0.009555979,0.9784892,2,69,0.032873526,0.84454274,2,93
54,0.012408162,0.9213589,2,20,0.0007757504,0.86168027,2,46
55,0.007118321,0.93191046,2,25,0.0,0.88831836,2,46,0.020614907,0.52930915,2,85
56,0.0055791563,0.94803,2,21,0.0,0.8769334,3,41,0.003140826,0.7630508,0,74
57,0.0032046186,1.042617,2,22
58,0.037093103,0.93588936,2,32,0.0058569084,0.79299,2,75
59,0.0040403767,0.8988185,2,20,0.04135914,0.9015293,2,46,0.0,0.7821895,2,71,0.0,0.5991193,2,91,0.011290002,0.9150055,0,115,0.033172145,0.68489397,2,146
60,0.002306702,1.0189344,2,20
61,0.00917683,0.97846985,2,20,0.020559942,0.9839368,3,53
62,0.004532738,0.98783493,2,20
63,0.0078067346,1.036371,2,20,0.007471793,0.9135982,2,49,0.0058774613,0.94482344,2,83
64,0.010662455,0.8063777,2,27
65,0.022066174,0.93122286,2,24,0.02089937,0.90189224,2,48,0.00494704,0.9770993,2,69
