0,0.016409187,0.88076836,0,21,0.0019360313,0.84228116,2,49
1,0.02522858,0.9870919,2,29,0.0,0.8721794,2,50,0.027271707,0.82562447,2,90
2,0.0,0.95225,2,20,0.0049176947,0.93253154,2,44,0.0,1.0070907,2,69,0.003997537,1.0117505,2,104
3,0.020521943,1.0140994,2,20,0.087959655,0.54509,2,56
4,0.0030254642,0.9743081,2,26,0.0,0.9853908,2,46,0.004285639,0.8946309,2,70,0.004250368,1.0266416,2,90,0.00093804096,1.0272635,2,114
5,0.0033585506,0.9339509,2,23,0.0,0.9429088,2,49
6,0.020621667,0.9546672,2,21,0.0,0.90637916,2,42,0.004388236,0.9383705,2,64,0.011985644,1.016472,2,86,0.028914642,0.89125,2,112
7,0.027338054,0.9146406,2,20,0.0040644202,1.01241,2,46,0.00300469,0.95779383,2,91
8,0.0015005464,1.0074927,2,21,0.001463246,0.99979687,2,54,0.03652816,0.9444059,2,74,0.059555776,0.67306405,0,101
9,0.007624457,0.9958991,2,34
10,0.014389241,1.0378512,2,20,0.0,1.0301067,2,45
11,0.0061655506,0.77259564,2,21,0.0042247316,0.79316676,3,41,0.0022770185,0.5490739,0,62,0.031855345,0.49145055,0,82,0.023773056,0.61511785,1,102,0.078150906,0.81310284,2,123,0.025129782,0.6306664,0,150
12,0.015840419,1.012236,2,23,0.036133308,0.9346844,2,48,0.03626408,0.9275382,2,72,0.029884307,0.865407,2,98,0.02348188,0.9570966,2,118,0.023904614,1.0066596,2,138,0.0082067475,0.9229691,0,159,0.01200368,1.0036725,0,180,0.02558658,0.85392046,2,200
13,0.004373501,1.0371513,2,20,0.0071096253,1.034735,2,47
14,0.0,1.0046875,2,33
15,0.008756092,0.9692143,2,20,0.0028326353,1.0847312,2,41,0.0,0.98687017,2,66,0.0,0.88772285,2,87,0.024633449,0.73297465,0,107,0.03274866,0.92955285,0,127,0.016945636,0.72819805,2,147,0.0,0.63458014,0,167,0.0,0.65409213,2,200
16,0.009745659,0.9437006,3,25,0.0,0.983317,3,45,0.0,0.80107427,2,66,0.0015877913,0.9311137,2,87
17,0.005361756,0.8507229,0,20,0.0,1.0106769,2,41,0.0023100513,0.8737195,2,62,0.010644018,0.74832004,0,84,0.023221467,0.8881448,3,104,0.014587851,0.8753034,2,125,0.015190706,0.7888414,2,147,0.00616067,0.9355959,2,168,0.011783962,0.96813303,2,200
18,0.0020258266,1.036552,2,20,0.0034301165,0.998936,2,41,0.022289963,0.99078304,2,64,0.02894359,0.9420512,2,87,0.03385664,0.88377076,2,107,0.0069536716,0.8388133,2,127,0.00340055,0.7383733,2,150
19,3.8360595e-06,1.0710528,2,32
20,0.0,1.0261077,2,23
21,0.01338478,0.9624236,2,20,0.0011780111,1.0174944,2,40,0.013681496,0.98025566,2,62,0.008342523,1.018138,2,83,0.012408167,0.9388493,2,111
22,0.0078186495,1.0118539,2,36
23,0.0,1.0223236,2,20
24,0.0013865562,1.0091177,2,32
25,0.002459426,0.9926545,3,33
26,0.008440727,0.97898686,2,20,0.0,0.944596,2,40,0.053547233,0.92470443,2,61,0.0,0.95124704,2,85,0.0026327206,0.9326458,2,111,0.0011499898,0.9132784,0,131,0.004833074,0.91421634,2,151,0.01577536,0.7745097,2,171,0.025879059,0.79379207,2,200
27,0.0,0.83113843,3,21,0.0060698288,0.8679805,0,41,0.004908031,0.7713228,2,62,0.0,1.0219382,2,82,0.013861951,0.65852106,2,117
28,0.012639848,1.0066038,2,30,0.0019139346,1.0183562,2,55,0.00046370472,0.8839226,2,76,0.0010104462,0.8929367,2,96,0.004151945,0.929138,2,116,0.0,0.97347885,3,137,0.023518478,0.9002034,2,157,0.0015832521,0.923491,2,178,0.059270967,0.9714241,2,200
29,0.0,0.9270384,2,20,0.021548932,0.60601354,0,43
30,0.010136739,0.9818267,2,28
31,0.053454872,0.88565284,2,35
32,0.0050896415,1.0007886,2,21,0.0,1.0352108,2,47,0.022113789,0.9323332,2,68,0.0,1.0006588,2,88,0.012570721,0.7617968,2,112,0.0,0.9977419,2,133,0.0,0.837496,0,154,0.08583041,0.50606453,2,175,0.03500393,0.6003459,2,200
33,0.0031041591,1.0257887,2,20,0.0,0.9060734,2,40,0.02494036,0.94203925,3,62,0.036377363,0.91907597,2,82,0.018256832,0.85283387,0,102,0.052321747,0.6434047,2,136
34,0.00070300116,1.0419195,2,27
35,0.009909162,0.9767061,2,25
36,0.003437207,0.9539723,2,29
37,0.003752677,0.9763731,2,26,0.010916134,0.9854061,2,46,0.0054765935,0.9552885,2,72
38,0.024858514,1.0303411,2,20,0.0015210127,1.1016537,3,41,0.0032797817,1.1043226,2,69
39,0.0057702316,1.0364907,2,26
40,0.013601591,1.0337198,2,21,0.010638004,1.0184022,2,55
41,0.0,0.9835107,2,20,0.0,0.9212338,2,40,0.0,0.9520752,2,62,0.0,0.8885238,2,84,0.021021975,0.7698226,0,107
42,0.012838297,0.9502588,2,25
43,0.0008620834,0.94038045,2,20,0.0,0.8876622,2,42,0.0022240195,0.9524047,2,78
44,0.0,1.0421622,2,21
45,0.0046198405,0.9576569,2,23,0.003976319,0.96063733,2,44,0.017792601,0.8711028,2,65,0.009379142,0.90846354,2,89,0.027363708,0.8735453,2,109,0.0058020456,0.9015892,2,129,0.05604523,0.9423322,2,150,0.029295063,0.95897406,3,170,0.028633256,0.7352842,0,200
46,0.0047045737,0.9159929,2,22,0.0099570295,1.042464,2,42,0.017302437,0.87520915,2,65,0.006649584,1.0288434,2,99,0.008177051,1.0325825,2,119,0.018305365,0.8926635,0,140
47,0.0,0.9812311,2,20
48,0.016390473,1.019211,2,22,0.015156654,1.0003157,3,42,0.022485182,0.9248177,0,63,0.0,0.78012466,2,85,0.027066361,0.68793005,2,107,0.0033601385,0.65644246,2,128,0.009052322,0.7824469,2,152
49,0.0064547225,0.99846715,2,21,0.017403444,0.97751796,3,41,0.008944986,1.0867919,2,62,0.03618843,1.0234568,3,83,0.0574618,0.75178033,2,107
50,0.015519207,0.9750009,0,29
51,0.0021679923,1.0037253,2,20,0.0031500764,0.9910351,2,40
52,0.006728688,0.9325521,3,22
53,0.025453523,1.0011556,2,20,0.011728451,1.0200101,3,44,0.0030145037,0.9656047,2,85
54,0.0,0.99569654,2,20,0.0,0.44601193,2,44,0.014895834,0.5710976,1,64,0.0,0.8057291,0,100
55,0.013492487,0.9953209,2,27,0.01178646,0.9468816,2,50,0.0,1.0154631,2,90
