0,0.0033950664,1.020674,2,20,0.0057532815,0.9101883,0,40,0.023120942,0.9722638,0,60,0.0026644329,0.9708945,2,81,0.0021765064,0.9295498,2,101,0.0,1.0016773,2,138
1,0.00033735554,1.0277736,2,38
2,0.0040864875,0.9742525,2,24,0.0103484215,0.9274685,2,62,0.08716136,0.92858404,2,83
3,0.0,1.052377,2,39
4,0.0043649813,0.99557495,2,21,0.018594828,0.9391249,2,41
5,0.0074188174,0.9427248,2,20,0.013909678,0.9192749,2,41,0.007938603,0.9820493,2,64,0.0,1.035192,2,84,0.0,0.86796486,2,110,0.0054076053,0.95745087,2,131,0.0037351428,0.9133127,2,168
6,0.009206285,0.85414886,2,27,0.016736668,0.8405404,2,47,0.030495638,0.8193638,2,71,0.01537057,0.8979484,2,103,0.033776317,0.6989344,2,132
7,0.0020399173,0.99707794,2,32
8,0.012691538,0.9773772,2,30
9,0.0061494648,1.0365828,2,22,0.004009514,1.0593183,2,42,0.00075925316,1.0118148,2,63
10,0.003691189,0.996468,2,27,0.0064459387,1.0599227,2,58,0.042101394,1.047949,2,78,0.0030683812,0.95287466,2,112
11,0.0,0.96678764,2,20,0.026252508,1.015949,2,40,0.007815171,0.97636104,2,61,0.0,1.0222739,0,81,0.0,0.8417243,2,101,0.0,0.7164828,0,132
12,0.001577184,0.9375286,2,20,0.0016572801,0.99629736,2,41,0.008442257,0.90321046,2,61,0.0,0.8981182,2,81,0.011280185,0.8828246,2,101,0.0010852921,0.6648291,2,123,0.024808105,0.6729683,1,157
13,0.015320209,0.96260256,2,22,0.009935662,1.0056422,2,55,0.0,0.99072075,2,75,0.008304994,0.89064336,2,100
14,0.0021045075,1.0062919,2,20,0.03485163,0.9433621,2,46
15,0.019366119,0.9237354,2,36
16,0.004917178,0.9642795,2,28,0.010522128,1.0581915,2,55
17,0.0,1.004186,2,21,0.03403634,0.7573158,2,41,0.0,0.9196742,2,61
18,0.0038246203,0.99352777,2,25,0.0,0.951932,2,57,0.007997467,0.7597822,2,85
19,0.010915562,1.0308307,2,20,0.0058377557,0.95704085,2,47
20,0.022026334,1.0064995,2,21,0.0,0.9341984,2,43
21,0.0,0.9881663,2,30,0.0,1.0515215,2,50,0.003762774,0.9849646,3,72,0.0092659965,1.0247793,2,107
22,0.004237356,0.928803,2,21,0.0,0.8917861,2,41,0.010711957,0.8861574,2,80
23,0.045159362,0.9164716,2,20,0.046377007,0.8085513,2,41,0.0064738905,0.9304881,2,64
24,0.031127494,0.94206685,2,20
25,0.02030762,0.94459933,2,20,0.00042494424,0.91241235,3,40,0.06473344,0.7422769,2,64
26,0.02030627,1.0086157,2,20
27,0.018603403,0.83288306,2,20,0.0042166696,0.91403025,2,40,0.0059272614,0.84929234,2,62,0.0056746644,0.72882986,0,83,0.0,0.7799168,2,105,0.08667495,0.7806996,0,134
28,0.0,1.0565766,2,20,0.021406176,1.0460912,2,40,0.0,1.0795527,2,63,0.0,0.979534,2,83,0.0017826015,0.9419318,2,106,0.0038114397,0.9046964,2,136,0.00400409,1.0931107,2,156,0.00069452205,1.1398032,3,177,0.0016716603,1.054037,2,200
29,0.0066976305,0.9537119,2,27,0.005964228,0.9421272,2,47,0.012047201,0.9752575,2,79,0.0,0.56345534,2,101,0.0,0.5356032,2,122,0.0,0.44972438,2,142,0.001782493,0.6710774,0,173
30,0.005764269,0.8774642,2,21,0.0,0.96431285,2,41,0.0037248973,0.834161,2,81
31,0.028006664,0.86285067,2,21,0.02960585,1.0067708,0,42,0.0096519645,0.86684954,0,63,0.019805249,0.96003807,3,86
32,0.009023317,0.9179512,2,20,0.006775409,0.8505477,2,41,0.017106382,0.96675575,2,61,0.000985417,0.9209143,2,83,3.1492487e-05,0.8975905,2,103,0.011441887,0.95269775,2,125,0.021678858,0.8847042,0,147,0.0,1.0406592,0,167,0.012229383,0.7348608,0,197
33,0.0024707334,0.8704199,2,21,0.0,0.9107286,2,42,0.007773093,0.639878,0,67
34,0.012836367,0.8771116,2,20
35,0.0,0.98891795,2,23
36,0.007318904,1.0308685,2,20,0.0,1.0964565,2,45
37,0.0055961637,0.9547322,2,33,0.0022521163,0.9396782,2,54,0.006708777,0.9752953,2,79,0.030595258,0.83963567,2,100,0.003091417,0.7582454,2,125
38,0.010794396,1.0227567,2,31
39,0.00017510302,1.0221616,2,39
40,0.047163244,0.9441746,2,22,0.001286423,1.0190754,2,42
41,0.004933914,1.018084,2,22,0.0,0.92804426,2,44,0.02995067,0.8979833,2,74
42,0.0015764615,0.97546226,2,35
43,0.0040770047,1.0343553,2,27,0.0015701074,1.0202588,2,57,0.000832225,0.8173279,2,90
44,0.0,1.0379307,2,31
45,0.0,1.0230286,2,20,0.006678182,0.98916215,2,48,0.020701716,0.9984088,2,68,0.008331929,0.9474557,2,89,0.0,0.97288436,2,111,0.0,0.9602538,2,135,0.0,1.0422529,2,156,0.0017137483,0.92891556,2,200
46,0.0,0.98849326,2,20,0.030319994,0.9302808,2,40,0.013091999,0.89238995,2,63
47,0.008811425,1.0061504,2,22
48,0.010158063,0.9387683,2,25,0.008461984,0.96654606,2,45,0.017689265,1.0004183,2,66,0.0,1.0181841,2,86,0.0,0.93803036,2,106,0.0,1.066904,0,126,0.05023097,0.89631927,2,146,0.1227324,0.47518364,2,166,0.09694397,0.53076214,2,190
49,0.016542917,0.99002504,2,20,0.0,0.99150985,2,44
50,0.00074367825,0.9802923,2,20
51,7.549701e-05,0.95961654,2,20,0.0011723955,0.959304,2,43,0.037523396,0.8566678,2,71
52,0.0049186824,0.8929306,2,22,0.0006581444,0.95484227,2,42,0.022201965,0.62105566,0,64,0.019569658,0.68825716,2,86,0.0014893578,0.9068035,2,106,0.025591493,0.9258342,2,129,0.016220735,0.77570456,2,151,0.010645453,0.7903065,2,174
53,0.006162395,0.92358714,2,20,0.00043269419,0.9196803,2,44,0.013449488,0.9842914,2,75
54,0.0015331061,1.0448371,2,27
55,0.0,0.58968997,2,22,0.0,0.7223345,2,44,0.0,0.4156139,1,64,0.0,0.19888563,0,84,0.0,0.14341688,0,105,0.014641913,0.55240834,2,125,0.0,0.46444243,2,167
56,0.0069270795,0.9070403,2,20,0.02386994,0.8091664,2,47
57,0.0054159258,1.0542667,2,22,0.020615388,0.9383024,2,42,0.0056503885,0.9421493,3,78
58,0.016398922,0.96698636,2,23,0.022221202,0.89707816,0,45
59,0.004453654,0.9940894,2,21,0.0,0.95886374,2,41,0.0075498796,0.91030586,0,61,0.00095993123,0.7708641,2,81,0.070024796,0.8176262,2,103,9.573493e-05,0.8756487,0,123,0.0,0.8834655,2,144,0.0013313605,0.9131779,2,171,0.12885872,0.86018574,2,200
60,0.0015491078,1.0455009,2,21,0.018894205,1.0249548,2,44,0.004615677,0.9148659,3,70,0.033299215,0.97459584,2,90,0.0054573384,0.84651405,2,123,0.01884947,0.81890476,2,143,0.0002820099,0.93168175,0,163,0.03143237,0.9118446,2,200
61,0.01704652,0.579626,2,22,0.0,0.4641127,3,42,0.0,0.6088825,0,62,0.0,0.6973377,2,82,0.0,0.3270853,1,108,0.0,0.43935108,1,131,0.0,0.65456426,0,151,0.0037222116,0.6684454,2,189
62,0.0019665482,1.0416014,2,26,0.0,1.1043496,0,47,0.0,1.1233114,3,68,0.0032163095,1.0760612,0,101
63,0.0018514398,0.99398345,2,20,0.042543475,0.97454596,2,45,0.0,1.059531,2,73
64,0.009558672,1.0146936,0,20,0.0038288333,1.0340549,2,55
65,0.008583146,0.9632231,3,31
66,0.033750303,0.82458794,2,20,0.0,0.5487024,3,40,0.0,0.80639076,2,60,0.0,0.9486021,2,80,0.010077166,0.61524665,2,112
67,0.010899718,0.9990622,2,37
68,0.018880062,0.832419,2,21,0.008977629,0.8940846,3,41,0.023973258,0.86213404,0,63,0.035907645,0.8607975,2,83,0.00042227135,0.77243763,2,103,0.0057878653,0.32480103,0,141
