0,0.0035822731,1.0091994,2,20,0.0013539882,1.0111386,2,40,0.04893544,0.78832805,2,72
1,0.007485509,1.0037348,2,28
2,0.0028836976,0.9754564,2,24
3,0.0052483384,0.9679202,2,28
4,0.0048641446,0.95382017,2,22,0.0043055792,0.9469688,2,46
5,0.0034378096,0.85881656,2,26,0.0018425937,0.81927377,2,49,0.06661153,0.7819165,2,69,0.03737592,0.704938,2,102
6,0.042469684,0.82781714,2,25,0.020336524,0.7718438,2,53
7,0.00041264258,0.80156213,0,20,0.0,0.8117976,2,53
8,0.011495064,0.9256494,2,27,0.009293321,0.8645539,2,50,0.06358186,0.8477141,0,70,0.009319405,0.78274184,2,90,0.0026272554,0.35517085,0,123
9,0.013075556,0.99658287,2,28
10,0.024459107,0.9336,2,25,0.03241768,0.93751645,2,55
11,0.0013065814,0.9067993,2,22,0.0014622748,1.0803156,2,45,0.035984583,1.0154235,2,65,0.018383643,0.9392583,3,85,0.01339503,0.83296895,3,112
12,0.026351878,0.97866344,2,26,0.009700938,0.96889573,2,48,0.01067907,0.944667,2,68,0.027439803,0.7163512,2,88,0.0,0.655058,2,108,0.09415816,0.4849974,0,147
13,0.006208596,0.976369,2,21,0.0054806746,0.9973913,2,58
14,0.0012958071,0.8241677,2,20,0.006835036,0.7135408,2,63,0.0,0.74879324,2,86,0.020415971,0.86821026,2,124
15,0.003371276,0.98341995,2,22,0.00030665286,0.96043694,2,42,0.0039289477,1.0167699,2,71,0.0060610473,0.96556824,2,91,0.032324266,0.8802851,2,114,0.02233035,0.9681117,2,138,0.0,1.0213668,2,158,0.007854501,0.83814275,3,178,0.011400505,0.8246518,2,200
16,0.014237329,1.0058827,2,20,0.0008431491,0.9206902,2,43,0.007685107,1.0001,2,63,0.022678532,0.9984023,2,87,0.0,0.9924467,2,112,0.0070548733,0.9434287,2,135,0.021573719,0.9523535,2,155,0.01284056,0.9970169,2,177,0.007305494,1.0554317,0,200
17,0.009142762,1.0467026,2,24,0.004114376,1.0187373,2,47,0.002935939,1.0322815,2,87,0.0,1.065301,2,111,0.017367879,0.9701646,2,146
18,0.00060551835,1.0554228,2,20,0.0,0.7772957,2,40,0.0064455895,0.7362755,2,63,0.0,0.7208406,2,83,0.0019803662,0.67222583,2,104
19,0.023077393,0.88741493,2,20,0.0,0.9807191,2,41,0.0,0.87216645,0,61,0.01373492,0.961162,3,81,0.008160099,0.8396596,2,102,0.0,0.891544,2,124,0.0,0.78501236,2,144,0.022170257,0.66638964,1,179
20,0.01662377,0.9464987,2,24,5.2941607e-05,0.89174986,2,45,0.021027608,0.6697949,2,65,0.003987523,0.5562511,2,85,0.0,0.6748731,2,106,0.0077121495,0.4198049,0,126,0.041024107,0.51990956,2,150,0.0,0.5966387,2,170,0.04422843,0.23238285,0,200
21,0.0021769535,1.0137187,2,27,0.003597594,0.9828918,2,48,0.0,0.9912669,2,68,0.0,0.9793681,2,88,0.009508182,0.92789507,2,117
22,0.015360012,0.93381125,0,32
23,0.02426005,0.9256099,2,20,0.053915642,0.6385546,0,40
24,0.01830599,0.9268642,2,36
25,0.016761059,0.9666428,2,28,0.010971306,0.9742203,2,48,0.002089023,0.82025343,0,78
26,0.012751262,0.84888375,2,21,0.0034545213,0.4942166,3,41,0.0,0.4269457,3,61,0.0,0.6898434,2,81,0.0,0.94062454,1,112
27,0.0013507535,0.99817395,3,22,0.03201792,0.88392353,2,44,0.033537034,0.8698861,2,68,0.0,0.9973219,2,91,0.0,0.857241,2,111,0.0,0.87076014,3,131,0.04369164,0.7480412,2,151,0.05033031,0.5168915,2,186
28,0.0040895245,0.9529438,2,21,0.0059098257,0.9629299,2,41,0.04171243,0.89721376,2,63,0.0,0.99996775,3,83,0.021821495,0.91464347,2,112
29,0.0,0.9603527,2,23,0.005944904,0.97513926,2,65
30,0.018524824,0.99011403,2,24
31,0.0013100873,1.0081189,2,43
32,0.05013149,0.8734045,0,20,0.0025465102,0.9608045,2,41,0.03775651,0.79350173,2,61,0.0,0.8842198,2,81,0.017092718,0.65799993,2,103,0.029575871,0.6784507,2,129
33,0.0,0.75749946,0,20,0.019192984,0.8116342,0,40,0.007370939,0.9071382,3,60,0.0,0.844874,3,80,0.004448886,1.0514004,3,100,0.037648134,1.1160815,3,121,0.009467414,1.0127251,2,161
34,0.00580257,0.95685244,2,24,0.012141026,0.9719013,2,52
35,0.011885424,0.9859282,2,20,0.004970571,0.9717697,2,42
36,0.0034659156,0.91969573,2,20,0.015821783,0.97811115,2,40,0.0003919785,1.001218,2,62,0.15960793,0.7284192,2,99
37,0.0052300515,1.0274237,2,22,0.008968352,0.9860415,2,44,0.004193451,0.9619519,2,80
38,0.0073547186,1.0192133,2,27
39,0.012913627,0.9503883,3,20,0.0006461753,0.9480718,2,40,0.03215657,0.8166331,2,61,0.0,0.9296773,2,81,0.022368696,0.8101368,0,101,0.011511135,0.7075949,2,125
40,0.0032049746,1.0232085,3,20,0.009866632,1.0360018,2,59
41,0.010474618,0.9945341,2,55
42,0.007868752,0.98036784,2,33
43,0.0,1.0305278,2,20,0.013086171,0.9990382,2,43
44,0.0,1.0309592,2,24
45,0.014048594,1.040583,2,20,0.002803717,0.9877628,2,40
46,0.030852515,0.97649515,3,20,0.04066988,0.776021,2,57
47,0.0,0.9332021,2,20,0.010957055,0.9039517,2,53
48,0.0066395667,0.9292715,2,23,0.031599842,0.8069574,0,43,0.0,0.67995596,0,63,0.0,0.4773758,2,83,0.0,0.29552332,1,118,0.009634565,0.40099928,1,142
49,0.015084128,1.0174819,2,36
50,0.0012306027,0.8548449,2,40
51,0.0061780205,0.98832875,2,21,0.0,1.0273442,2,41,0.0,1.077082,2,61,0.0044526486,0.9362144,3,92
52,0.0,0.9624818,2,20,0.021484243,0.8356843,0,41,0.024923394,0.83931005,2,69
53,0.0071533294,0.9665029,3,34
54,0.0002030693,1.023096,2,23
55,0.013906449,1.1428727,3,20,0.0,1.0245292,3,40,0.0,0.80206776,2,62,0.0,0.88191783,0,82,0.029045826,0.86742103,2,112
56,0.014332221,0.91602635,2,21,0.0,0.9641058,2,41,0.0,0.8926577,0,65
57,0.0,0.74100876,0,21,0.0,0.6803977,2,42,0.0,0.783824,2,63,0.037609033,0.75225335,2,84,0.0,0.31771287,1,117,0.0,0.3789647,1,137,0.026074158,0.5369494,2,166
58,0.0083613675,1.013998,2,38
59,0.004269433,1.0002369,2,22,0.016476398,0.97757787,2,46,0.015508689,0.96991706,3,73,0.028905768,0.9771482,2,93,0.057178617,0.92557985,0,113,0.0046857772,1.0340216,3,133,0.0,1.0039256,2,154,0.012706773,0.7281712,2,174,0.10765559,0.7422513,2,200
60,0.039354406,0.8379109,2,25
61,0.0068295766,0.9921022,2,27,0.0042500375,0.9570353,2,57
62,0.0004738287,1.0752758,2,33
63,0.0034420826,0.98495543,2,22
64,0.004050004,1.0326731,2,21,0.0032572984,0.9997651,2,42,0.0031508692,0.9819074,2,79
65,0.0047021084,0.95797455,2,21,0.038846515,0.910974,2,41,0.018906668,0.8630239,2,62,0.02428314,0.78892964,0,82,0.029301982,0.9209617,3,102,0.0,0.8675931,2,122,0.0028580758,0.80865014,2,142,0.0,0.85971004,2,165,0.032167833,0.82650334,2,200
