0,0.02114689,0.8556716,3,20,0.021515125,0.8572792,2,40,0.0,0.58829606,2,72
1,0.026074965,1.038634,2,20,0.019031916,0.92773366,2,41
2,0.0021874683,0.99070364,2,26,0.0033760364,0.80648834,2,63
3,0.0067383484,0.99937403,2,20,0.017023291,0.9505243,2,55
4,0.008302132,0.96627223,2,21,0.0,1.0332384,2,41,0.0,0.9469116,3,62,0.052260548,0.78412974,2,89
5,0.022119785,0.9202441,3,20,0.004438107,0.8703434,0,57
6,0.011909439,1.0230414,2,21,0.002415711,1.0109733,2,53
7,0.023411166,0.7302764,2,20,0.009796234,0.5653975,1,41,0.01565205,0.9338615,2,63,0.0050590266,0.7853326,2,84,0.0,0.46436843,2,104,0.0,0.32248694,0,124,0.0,0.42154598,1,144,0.005947909,0.5430502,2,174
8,0.01415907,1.1002321,2,26,0.010983468,1.0053296,2,50,0.019896127,0.9681256,2,72,0.00993005,0.86217165,2,92
9,0.015187457,1.0111876,2,39
10,0.012474642,0.96677625,2,23,0.04193317,0.98826426,2,44,0.0,0.9888634,3,67,0.039420396,0.97194785,2,98
11,0.05009951,0.70252264,2,20,0.010675387,0.76164854,2,41,0.0,0.64455396,0,63,0.24958105,0.81988776,3,83,0.033828698,0.76309663,2,103,0.018983176,0.5798121,0,123,0.0,0.42142668,0,157
12,0.0008966318,1.0024475,2,28,0.031552963,0.99335325,2,48,0.003596042,1.0573021,2,68,0.02991646,0.9181398,2,88,0.02832521,0.88365376,2,109,0.050138455,0.8515519,2,130,0.058216713,0.64079446,2,156
13,0.0044522146,0.9995777,2,23,0.008151529,1.012771,2,43,0.027306003,1.0111656,2,67,0.0,1.0570858,2,87
14,0.0,0.9929875,2,23,0.016593562,0.9427002,2,52
15,0.011651154,0.8477424,2,26,0.022261571,0.8550285,2,46,0.0022472206,0.93895656,0,66,0.0068645,0.8798343,3,87,0.05309669,0.93333113,2,125
16,0.012498795,1.0089287,2,34,0.010182633,0.89603376,2,62,0.0,0.8518966,2,83,0.0,0.8078166,2,103,0.0,0.679559,2,124,0.0069577354,0.8665888,2,148,0.006369951,0.90139824,2,176
17,0.002200894,0.9615909,0,21,0.0052198158,1.0179113,2,41,0.0,1.0143225,2,62,0.008428004,0.9745796,2,84,0.0044186977,1.0011511,2,121
18,0.021697043,0.97276,3,22,0.006439681,1.0655153,2,59
19,0.020531446,0.9421118,3,20,0.0,0.9678792,2,40,0.010003178,0.80975324,3,60
20,0.0,0.7236641,0,20,0.0,0.6297861,2,42,0.0,0.37215674,2,62,0.012296046,0.6056029,2,101
21,0.0047467016,1.0021733,2,34,0.00950491,1.0193928,3,54,0.07314832,0.9883082,2,76,1.9140822e-05,0.8857592,2,96,0.0,0.8508252,2,121
22,0.010011677,1.0227809,2,22,0.004895366,1.0844953,2,42,0.0,0.96936846,2,62,0.01085682,0.962547,2,82,0.0,0.9951966,2,103,0.0027561088,1.0605997,0,123,0.0,1.0705206,2,145,0.0,0.95982826,0,165,0.0036382454,0.832037,2,200
23,0.026144233,1.0121723,3,21,0.0020415848,0.8747364,3,42,0.005854486,0.97149754,3,62,0.0015255908,0.8988668,2,90
24,0.013427828,0.79084766,2,26
25,0.010193662,0.96963674,2,21,0.024795597,1.0267124,2,46,0.0,0.96249837,2,67
26,0.01203404,1.0017507,2,20,0.012631131,1.0288918,2,49
27,0.0041539613,0.96409243,2,22,0.007802888,0.9402767,2,58,0.0,0.67506605,0,78,0.0065312893,0.8946022,2,98,0.04543627,0.8726637,2,118,0.06123767,0.6892297,2,138
28,0.0051377304,0.993782,2,22,0.01343481,0.98257244,2,42,0.0062926984,0.9264805,2,62,0.0045548677,0.96330684,3,98
29,0.00011351187,1.0244994,2,27
30,0.00026632572,0.99153787,2,38,0.003679875,0.9761684,2,60
31,0.018063894,0.79119045,2,20,0.0,0.39306414,2,41,0.027772337,0.53204834,2,61,0.04699872,0.59546757,1,81,0.023656057,0.48060322,1,107
32,0.0,1.0244588,2,21,0.022345077,0.9560698,2,41,0.02242397,0.9878762,2,77
33,0.01807606,0.99472404,2,23,0.018259706,0.99930066,2,43,0.001928634,0.9903178,2,66,0.0009553048,0.9608872,0,87,0.0,0.7364056,2,109,0.032712746,0.6841833,1,133
34,0.019838888,0.9831831,3,20,0.0015312763,1.0236394,0,41,0.0099141365,1.068227,0,63,0.016841436,1.0354847,0,83,0.012662287,0.81224805,3,104,0.016388636,0.923606,3,126
35,0.026313042,0.96261793,2,37,0.0075166933,0.8076843,2,65,0.0018180594,0.9909373,2,87,0.0059999134,1.0607034,2,107,0.020816425,0.9933502,2,127,0.0025012894,0.8196225,2,165
36,0.016597018,0.9810471,2,24,0.0073625683,0.9395092,2,49,0.011903273,0.92398626,3,70,0.06396286,1.0357221,3,90,0.006288911,0.9035544,2,112,0.02938758,0.9055729,2,148
37,0.0010887829,1.0345378,2,26,0.0019506591,1.0205787,2,52
38,0.01419359,0.9283296,2,21,0.07457426,0.90949535,2,43
39,0.010309922,0.9858263,2,21,0.00062451966,1.0806556,2,41,0.0,1.0826058,2,62,0.015202079,0.9724551,2,89,0.0066522327,0.94612163,2,115
40,0.018086338,0.8289192,2,25,0.013360008,0.66182405,2,47,0.0,0.1827874,0,67,0.0,0.42565435,0,87,0.0,0.7562221,2,110
41,0.012207414,0.8780259,2,20,0.0050418396,0.91585284,2,44
42,0.0,1.02103,2,23
43,0.00622622,0.92963374,2,25,0.004256145,0.8497664,2,45,0.0050955634,0.3736362,1,66,0.0,0.5412343,0,87,0.01020579,0.7460329,2,130
44,0.030182404,0.96017385,2,21,0.0,0.9675704,0,41,0.008699752,0.8736838,2,61,0.009614209,0.8712576,0,81,0.0,1.059696,3,101,0.0,0.8887517,3,121,0.05137523,0.81723,2,144,0.07497507,0.7276791,2,165,0.028322266,0.54383487,2,200
45,0.0031175741,1.0005672,2,22
46,0.0007575675,0.95230776,2,22,0.008039673,0.9227427,2,43,0.0,0.9974308,2,64,0.015320981,0.938849,2,84,0.0042993105,0.9798075,2,104,0.004216295,0.9730048,2,128
47,0.009551406,0.97703296,2,21,0.015527501,0.8583811,2,44,0.0014937237,0.9243689,2,69
48,0.02323969,0.9551693,2,40
49,0.0008241357,1.0079212,2,20,0.0050594835,1.0195732,2,47,0.008806401,1.0116944,2,77
50,0.013472649,0.9662679,2,20,0.005170946,0.92715687,2,42,0.0,0.8739449,2,63,0.026226465,0.7635762,3,84,0.0,0.6034165,1,106,0.0,0.7467684,1,126,0.02300514,0.8341049,2,160
51,0.0017919036,1.0040772,2,22,0.012256362,0.91794693,2,47,0.0,0.8995406,2,67,0.0,0.8565017,2,87,0.0658586,0.9528797,2,107
52,0.009396962,0.9498946,2,23,0.025385138,0.8876622,2,44
53,0.009261771,0.957873,2,46,0.008516666,0.9990342,2,66
54,0.007260242,0.99880713,2,29,0.014754344,0.934326,0,50,0.010726609,0.9190208,2,70,0.0,0.9696987,2,90,0.048334487,0.8380054,2,111,0.014979088,0.8962425,2,137
55,0.02738158,0.94847023,2,20,0.0062925047,0.92920005,2,50
56,0.0,0.98952746,2,22
57,0.0,0.81741095,2,20,0.008601975,0.7436034,2,41,0.0,0.62397563,2,61,0.0,0.4732408,1,81,0.0,0.58446,1,102,0.045247592,0.38043588,1,133
58,0.02168253,0.8651675,2,21,0.0,0.8688287,2,42,0.0053344974,0.8895884,2,63,0.09396554,0.8529482,2,85
59,0.0,0.93011427,2,23,0.014101318,0.975022,2,44,0.012420237,0.96402556,2,79
60,0.006066595,0.9128915,2,26,0.0025780962,0.9162785,2,48,0.012445366,1.0235703,2,68
