0,0.01011376,0.9705462,2,21,0.018360514,0.9545851,2,41,0.005602274,0.9684382,2,65
1,0.01096792,0.92620814,2,20,0.0062861578,0.9660498,2,40,0.002764114,0.96638507,2,60,0.0,0.8876338,2,81,0.0,1.0139656,2,111,0.0027245514,0.99316925,2,133,0.0018008434,0.9337767,2,156,0.010198581,0.9491297,2,200
2,0.001455695,1.0090387,3,21,0.012928684,0.9844781,2,52
3,0.005008546,0.88599116,2,31,0.008413587,1.0138621,2,53,0.005154367,0.9726898,2,76,0.004821327,1.0225483,2,96,0.04362592,0.8981883,2,117
4,0.0024448403,0.96958566,2,22,0.0,1.0970747,3,43,0.016134793,1.1273849,0,65,0.025094118,0.6542845,2,100
5,0.012150931,0.96379167,2,20,0.0016099813,0.82467806,2,59
6,0.0,1.0168501,2,22,0.03645129,0.9856824,2,44,0.018701445,0.88375473,2,71
7,0.019333746,0.9048999,2,33
8,0.0048041022,0.7204346,2,22,0.021693077,0.71512604,2,61
9,0.012049121,1.0038873,2,22,0.003636971,0.9932353,2,45
10,0.0014857188,0.97023976,2,20,0.011662959,0.9759756,2,47
11,0.0,0.9926477,2,30
12,8.9707595e-05,0.8762099,2,20,0.028101344,0.7308395,2,40
13,0.0015529796,1.0178474,2,33
14,0.00786154,1.0042316,2,24
15,0.0023035642,0.9901697,2,21,0.0130854845,0.9212186,2,41,0.004757545,0.545204,2,71
16,0.11669579,0.8512473,0,21,0.008970372,1.0014907,2,42,0.0,0.7737769,0,81
17,0.0042659473,0.95976824,2,22,0.017535945,0.90063906,2,42,0.0,0.7537498,0,64,0.0,0.57875633,1,84,0.007719173,0.64364177,2,104,0.0,0.65722775,1,126,0.0,0.73404944,2,146,0.0,0.3715789,1,166,0.0,0.45503056,1,200
18,0.003937782,0.91039556,2,35
19,0.0026903902,1.0007236,2,20,0.0017278349,1.0190468,2,47
20,0.0025364596,1.0125325,2,30,0.0035301982,1.0817105,2,64
21,0.0,1.0353434,2,35
22,0.018366808,0.945583,2,21,0.0068225334,0.8887461,2,42,0.0,0.75181293,2,62,0.0,0.4517202,0,99
23,0.0072648837,0.99638045,2,40
24,0.014825938,0.92784625,2,20,0.021183144,0.9165754,2,47,0.0,0.9162049,2,71,0.0,0.94484484,2,93
25,0.005081483,0.8851912,2,41
26,0.0034284517,0.92786133,2,20,0.02902985,0.91694796,2,40,0.0054380693,0.87835723,2,61,0.054884925,0.85402364,2,95
27,0.005758648,0.91802007,2,20,0.0064218203,1.040337,3,40,0.019381868,0.9362339,2,60,0.028671274,0.72580683,1,81,0.0,0.75868034,2,104,0.0004156612,0.8223895,1,124,0.013119914,0.95434135,3,158
28,0.0007546294,1.0126051,2,21,0.020973023,0.8920838,2,42,0.010295732,0.9452454,0,64
29,0.010397552,0.9063384,2,20,0.050053935,0.7929502,1,40,0.020045934,0.6114104,0,62,0.03305927,0.32857963,2,83,0.043552496,0.59847724,2,103
30,0.010362138,0.9303313,2,24,0.0,0.95792246,2,57
31,0.0014326193,1.000418,2,27
32,0.0076318034,0.9537433,2,24,0.0,1.0452307,2,45,0.0060624434,0.9826875,2,65,0.03823769,0.89472085,2,89
33,0.0,0.8862118,2,22,0.0,0.9032799,2,45,0.00936336,0.84311646,3,80
34,0.007937818,0.99126655,2,31
35,0.00047651408,0.9105578,2,24,0.0,0.73725045,2,45,0.024191592,0.6363105,2,65
36,0.009153797,1.0284175,2,20,0.011605899,0.9957091,2,48,0.02315259,0.9898152,2,75,0.005398137,1.01995,2,96,0.014263326,0.90601534,2,128
37,0.026087001,0.9785699,2,21,0.009343262,0.9013383,2,51
38,0.0,0.9563914,2,21,0.0,0.9258503,2,41,0.0033461812,1.1180303,2,62,0.0,1.0072374,2,85,0.0,1.2185609,0,105,0.0,0.881244,0,125,0.0073482827,0.74355376,0,163
39,0.007942033,0.94695234,3,20,0.0,0.8234706,2,40,0.012644661,0.7848382,2,60,0.034086615,0.6862351,0,81,0.033555705,0.5459678,2,102,0.10879569,0.43604535,2,122,0.09590905,0.5749506,0,142,0.103088774,0.46024483,2,176
40,0.0092110215,0.95487803,2,37,0.0,0.7389867,1,58,0.0,0.8409153,2,79,0.0,0.93149567,3,99,0.0027249374,0.99898887,2,124,0.007927625,0.9472978,2,174
41,0.00055705116,0.99920446,2,21,0.0,0.9653851,2,42,0.0,0.7231991,2,68,0.0008167552,0.49020562,0,89,0.07991439,0.49717265,2,109,0.093639016,0.6269093,0,135
42,0.00639182,0.96385574,2,27
43,0.008661335,1.0085379,2,22,0.0,0.9965712,2,42,0.011884734,0.93137175,2,64,0.037451513,0.91165996,2,85,0.0027160677,0.8839909,2,111
44,0.00752817,0.97472966,2,26,0.0014800739,0.8468835,2,46,0.0,0.66813314,2,72,0.0,0.44109735,2,92,0.010667674,0.6828912,2,113,0.0,0.5834946,0,142
45,0.03129386,0.8414432,2,20
46,0.0,0.95658094,2,21
47,0.004484496,0.9551862,2,27
48,0.00453525,0.9107924,2,32
49,0.0027239397,0.9331047,2,24
50,0.03409552,0.87817305,2,27
51,0.027632443,0.9530041,2,21,0.0,0.80824167,2,44,0.016600778,0.82559323,2,75
52,0.05258774,0.77164906,2,34
53,0.0009736039,0.9336595,2,32,0.0,0.8645633,2,53,0.0,0.9830087,2,73,0.024328947,0.7993905,0,93,0.10109645,0.75633216,2,114,0.0,0.898452,2,134,0.0,0.9109719,2,182
54,0.011439993,0.87910885,2,22,0.04000951,0.6860531,2,42,0.0,0.34695432,0,81
55,0.015107994,1.017169,3,20,0.006442524,0.9539479,2,47,0.0,0.9378871,2,67,0.017110525,0.73505884,0,87,0.0028008146,0.82855016,2,109,0.015276469,0.9468781,2,129,0.002319145,0.9234307,2,150,0.024424512,0.8661542,2,170,0.0029690305,0.9016997,2,200
56,0.0125735905,0.8669528,2,20,0.0,0.9819051,2,41,0.0,0.9083055,2,61,0.0008815083,0.68794066,0,96
57,0.0022144802,0.9334604,2,20,0.0046406696,0.8127913,2,41,0.013311058,0.73816574,2,61,0.0,0.75808895,2,81,0.0,0.8878604,2,101,0.0058951783,0.91201955,2,122,0.0042435015,0.9457594,3,142,0.0,0.69092166,2,162,0.011814947,0.6396823,2,200
58,0.006024166,0.75324106,2,21,0.0058869855,0.82545936,0,42,0.0,0.8480204,2,63,0.0,1.1829027,0,83,0.0,0.78394186,0,106,0.08111716,0.562601,2,126,0.052268922,0.2924918,2,165
59,0.002939845,0.9669064,2,20,0.003629737,0.94460106,2,41,0.0,0.9231232,3,61,0.0024159916,0.8775365,2,81,0.0011783808,0.9012992,2,116
