0,0.010691688,0.96942025,2,44
1,0.02404786,0.94359416,2,24,0.0,0.9589488,3,45,0.04131651,0.9660353,2,67,0.006958466,0.90728337,0,95
2,0.0,0.9303688,2,20,0.014530034,0.87903756,3,61
3,0.0,1.0418438,2,20,0.018624112,1.0103636,2,51
4,0.0062437626,0.9969795,2,21,0.0,1.0048449,3,41,0.0,1.0191056,2,63
5,0.0040459945,1.0339868,2,20
6,0.013587388,0.90676814,2,20,0.0,1.0088608,2,41,0.04173838,0.8046736,2,69,0.0072792317,0.90326256,2,94,0.0,0.7206861,0,114,0.07314936,0.71330595,0,135,0.034955174,0.38541788,2,155,0.09887509,0.5954709,2,194
7,0.0,0.8496469,0,20,0.0,0.9883884,2,40,0.004557474,1.1072252,2,61,0.0,0.893585,3,81,0.0,0.6255093,2,101,0.0,0.53550583,1,121,0.0,0.6298121,2,141,0.0,0.70943797,2,161,0.012853193,0.76921016,2,200
8,0.00075292407,1.0387057,2,27
9,0.012011258,0.9629526,2,26,0.04272796,0.9105142,2,49,0.0038494302,0.98071444,2,86
10,0.0027708733,1.0193913,2,20,0.0031083315,1.0436933,2,52
11,0.009720549,0.99495316,2,28
12,0.007887926,1.026446,2,21,0.0,1.0577003,3,41,0.016099166,0.9768664,2,61,0.016797125,0.93093777,2,81,0.0058832183,0.9173831,2,102,0.022027034,0.91389465,2,122,0.0,0.7813295,2,142,0.034687676,0.7456803,3,162,0.062812984,0.8194271,3,200
13,0.0075466824,0.8708687,2,24,0.0,0.9595215,3,44,0.005020232,0.84732366,2,65,0.0,0.95078105,0,85,0.01088098,0.7734115,0,115
14,0.010062251,1.0177087,2,37
15,0.010800834,0.9636386,2,21,0.0,1.0379564,2,47
16,0.0035162836,1.0174505,2,20,0.0068741986,1.0477959,2,48
17,0.012594444,0.84780514,2,31
18,0.0036719504,1.0116407,2,34
19,0.0032125507,1.0009078,2,34
20,0.008384292,0.91112447,2,26,0.0,0.7585372,2,46,1.6729924e-05,0.61612815,2,67,0.04632837,0.6565354,2,87,0.0018100833,0.5463109,2,108
21,0.018400893,0.8675766,2,20,0.013232101,0.9525864,2,42,0.0,0.9655775,2,64,0.0,0.9164976,2,84,0.017708946,1.0006374,2,104,0.01840324,0.76860833,0,134
22,0.0063892454,0.9780571,2,35
23,0.0,1.0403379,3,21,0.0,0.99616563,2,41,0.012137124,0.84118474,2,61,0.0076144487,0.9636377,3,81,0.0,0.842916,2,102,0.01640705,0.73177356,2,137
24,0.005043872,1.041157,2,40
25,0.0,0.8868282,2,22,0.0008549243,0.9474136,2,45,0.009644023,1.0399853,2,75,0.02574504,0.9657949,2,95,0.0014009868,0.98686343,2,115,0.0,0.8069132,2,135,0.019528104,0.51545495,0,161
26,0.018552605,0.95204246,2,20,0.0,1.0777841,2,40,0.0019196689,1.0061219,3,69
27,0.020801205,0.90105855,2,20,0.012515804,0.9521694,2,40,0.111366294,0.83549994,0,60,0.036559142,0.74352986,2,80,0.0,0.5920682,2,103,0.0,0.5680285,2,123,0.0,0.3557737,2,148,0.013117503,0.41190284,0,182
28,0.0015435475,1.0236398,2,23,0.0067038587,0.9655426,2,43,6.097192e-05,0.91166556,2,63,0.02393725,0.9221414,2,83,0.009900866,0.99375284,2,103,0.07447653,1.0038517,2,123,0.0,0.8685261,2,143,0.023051258,0.51307815,2,171
29,0.010384528,1.0073807,2,21,0.048869118,0.9356138,2,53
30,0.0041553075,0.9699999,2,23
31,0.005672653,0.9644746,2,21,0.037615154,0.99390084,2,43,0.0068776947,1.0220026,2,64,0.007309524,1.1373883,2,84,0.0037809277,1.0659161,2,108,0.00013354933,1.0011278,2,132,0.0022189294,1.0014724,2,161,0.011438453,0.86472744,3,200
32,0.020398397,0.8856043,2,22,0.020169793,0.8542886,2,42,0.04155562,0.76636195,2,64,0.0,0.6093854,1,84,0.020488014,0.6810587,2,104,0.03074539,0.6828145,2,124,0.0,0.31496352,0,147
33,0.0,1.0050911,2,28
34,0.0011330219,0.94598526,2,21,0.011377918,0.98993003,2,41,0.00069869484,1.0007731,2,61,0.018777898,0.96232116,2,84,0.020948362,0.95203537,2,116,0.009709402,1.0061535,2,142,0.013002725,0.5018848,2,181
35,0.005282834,0.95941937,2,20,0.0072701527,0.95876104,2,42
36,0.014033479,1.0179325,2,20,0.01770583,0.8463214,2,54
37,0.01716186,0.8491353,2,32
38,0.006500467,0.9963654,2,26
39,0.0135335205,0.99716246,2,20,0.003650336,0.9633443,2,40,0.00891364,0.95606095,2,61,0.0,0.93793595,2,84,0.0,0.97591573,2,104
40,0.011485551,0.87702924,0,20,0.0048224386,0.7562216,0,40,0.0,0.70363295,2,62,0.0,0.40309682,1,85,0.0,0.5374011,2,106,0.0,0.6127744,1,126,0.001033494,0.7535993,1,147,0.011272859,0.8370141,2,167,0.03655998,0.79334533,0,200
41,0.0,1.011877,2,27
42,0.020604584,0.92465585,2,31,0.024246264,0.84950835,2,57,0.08169465,0.6212264,0,77
43,0.0011985523,0.98232615,0,20,0.0008868623,0.9600188,2,41,0.0,0.84850824,2,61,0.0063460893,0.85124856,2,81,0.0,0.812984,2,101,0.0,0.83213776,0,121,0.0,0.83412296,0,141,0.0107589755,0.7863526,0,177
44,0.0002657793,0.9879126,2,42
45,0.006906427,1.0255855,2,38
46,0.006735965,1.002467,3,22,0.024678353,0.970133,0,42,0.02843761,1.0077875,0,63,0.0,0.9779223,0,83,0.0,0.9354612,3,106,0.018925393,0.87624156,2,134
47,0.00033277422,0.8997037,2,20,0.0006177392,0.9683288,2,48,0.0,0.8509005,2,69,0.0061011175,0.8705084,3,89,0.007899418,0.8970575,2,110
48,0.0010841395,1.0017769,2,20,0.024130605,0.94208497,2,41,0.0022938952,0.99650824,2,63,0.012504237,0.97098905,2,84,0.008077516,0.95192146,2,110
49,0.0008377428,1.0512109,2,21,0.00838924,1.062256,2,49
50,0.08077499,0.9537512,2,20,0.11449647,0.8605536,2,40,0.04917062,0.9483306,2,61,0.01338613,1.0220875,0,81,0.0,0.9580496,2,102,0.0,1.059992,0,123,0.0,0.8236683,0,143,0.013947241,0.7739017,0,163,0.0,0.25338066,0,185
51,0.0057524936,0.9425492,2,23,0.0,1.091335,2,49,0.0,1.0817773,3,69,0.0029147256,1.0885212,2,89,0.058507167,0.92189443,2,109,0.0007164035,1.0526724,2,138
52,0.0137517005,1.010669,2,20
53,0.014294992,0.95314294,2,30
54,0.0078914855,0.98203814,2,20,0.013955017,0.9689575,2,53
55,0.010488707,1.043152,2,23,0.002380727,0.9957001,2,45,0.004012215,1.0140446,2,74,0.008864576,0.9610806,2,97,0.010413245,0.78729963,0,117,0.0,0.6910305,2,137,0.0,0.74986106,2,161,0.013626541,0.95141727,2,195
56,0.010707839,0.9030362,2,27
57,0.017612997,1.0138781,3,39
58,0.021225456,0.9828127,2,20,0.015997004,0.9114809,2,44,0.010762663,0.8788882,2,69,0.0010649583,0.96796113,2,91,0.0,0.79571253,2,112,0.0075989477,0.7679991,2,136
59,0.012128795,0.9844026,2,22,0.0,1.0268791,2,45,0.015453962,1.0083622,2,68
60,0.007161112,1.0311438,2,20,0.030038273,0.70903575,2,57
61,0.0019727887,0.9879598,2,28
62,0.0,1.021626,2,21,0.0,1.0804907,2,41,0.006946627,0.9890598,2,74,0.0006454,1.0143,2,95,0.018064396,0.8042363,2,115,0.047917146,0.83192587,2,136,0.0073155123,0.8944835,2,158
63,0.0011553764,1.0107628,2,20,0.004605889,1.0233413,2,61,0.066811875,0.88544744,2,87
64,0.011703707,0.9623292,2,20,0.023215044,0.84368026,2,40,0.0,0.7230271,2,63,0.0,0.70923537,2,86,0.0,0.52012384,0,111
65,0.004425378,0.9168595,2,21,0.003132095,0.870584,3,41,0.0015824875,0.9052673,2,74
66,0.0032344635,0.95553684,2,28,0.044003494,0.8708587,2,59
67,0.0055759973,0.91581076,2,20,0.007054006,0.5740364,2,40,0.019226713,0.5694025,1,62
68,0.00245981,0.97801274,2,34,0.00026139105,0.9296908,2,66,0.0063112713,1.0299357,2,124
69,0.010492612,0.70239824,2,20,0.0,0.88043976,2,40,0.010195028,0.7292811,2,61,0.0,0.47271922,2,83,0.06580924,0.4570605,0,111
70,0.022116132,0.9706943,2,36
