0,0.007959594,0.9915043,2,20
1,0.012068659,0.93606746,2,21
2,0.0,1.0425649,2,20
3,0.009433648,0.88807124,2,20,0.0,1.1373912,3,40,0.015260093,1.0290912,3,65,0.00020323525,1.1295633,2,86,0.0,0.6168062,2,106,0.0,0.64632833,2,135
4,0.0,0.87732345,2,20,0.012234075,0.67488563,2,50
5,0.016322067,1.0600214,3,38
6,0.0050113047,0.96511644,2,22,0.0062301736,0.95876414,2,52,0.02685574,0.64975226,2,73,0.013792595,0.40801,2,106
7,0.0,0.94483674,2,20,0.019758914,0.86220986,3,47
8,0.010826684,0.9830185,2,31,0.008184212,0.98156446,2,69
9,0.009520921,0.9425374,3,20,0.01527873,0.956643,2,40,0.024679417,0.9287848,2,81
10,0.0037729791,1.0239823,2,20,0.013424727,1.0385308,2,40,0.0009850338,1.0178698,2,60,0.008110585,0.9914411,2,102
11,0.020672949,1.018825,2,22,0.0016167992,1.0065176,2,48
12,0.026657557,0.7546071,2,20,0.040936112,0.7646452,2,42,0.0,0.7799488,2,64,0.0,0.9686263,2,84,0.0,0.90480345,3,104,0.040109366,0.7597553,0,143
13,0.015842443,1.0013351,2,25
14,0.0073956605,0.98984957,2,38
15,0.0,1.0118221,2,20
16,0.00059624994,0.87941074,2,20,0.005685809,0.98089397,3,40,0.005103927,0.99645376,2,63,0.007981227,0.910856,2,88,0.0,0.9880646,2,110,0.0007300641,0.98330194,2,130,0.0009391895,0.8844483,2,152
17,0.010070026,0.8853717,2,20,0.012900899,0.91445416,2,43
18,0.048506487,0.88025385,2,21,0.00055438484,0.8915858,2,41,0.011456273,0.89437085,2,62
19,0.007865637,0.974077,2,31
20,0.006972268,0.9426225,2,30,0.017106859,0.9367545,2,50,0.0,0.8940088,2,70,0.0,0.9684806,2,90,0.0056080436,0.8210927,2,110,0.031587657,0.69263756,0,137
21,0.0,0.9630547,2,26,0.010129392,0.9596416,2,47,0.0,0.8884851,2,67,0.0,0.8686396,2,89,0.019455621,0.73664075,0,111,0.06854502,0.76054984,2,138
22,0.0055790027,0.98712486,2,22,0.007816356,1.0179538,2,48
23,0.01003764,1.0384922,2,20,0.015208369,1.0038744,2,48
24,0.01332037,0.909912,2,20,0.013293454,0.9043469,3,42,0.0032194,1.0764929,0,62,0.01529,0.9736636,2,83,0.00459847,0.91978693,2,103,0.0087126875,0.9760028,2,124,0.026846435,0.8660473,2,155
25,0.0045114188,0.9045919,2,30,0.004543169,0.9087178,2,55,0.0027873132,1.0666635,2,76,0.004210748,0.9778174,2,115
26,0.0011583074,0.5968758,0,20,0.0,0.21741657,0,43,0.0,0.13272154,3,64,0.0,0.21944225,1,85,0.027571017,0.44421527,2,114
27,3.0825446e-05,0.9110468,3,21,0.01136513,1.0540473,3,42,0.007901377,0.97499657,2,62,0.021733848,0.8740479,0,83,0.0015141547,0.81117994,3,103,0.0,0.7648392,0,123,0.0,0.8946054,2,160
28,0.004908182,0.8934676,2,26,0.0020515732,0.83323634,2,46,0.03023153,0.76935923,2,69,0.0,0.94935435,2,89,0.017892182,1.0492134,2,109,0.028885689,0.97127587,2,130,0.0803184,0.91959745,2,150,0.0,0.93867874,2,183
29,0.0056113224,1.0053322,2,25
30,0.017896606,0.96340525,2,21,0.029338984,0.94018924,2,53
31,0.0030849797,0.92592746,3,27
32,0.004712387,0.95287156,2,41,0.0,0.85732704,2,62,0.0,0.9570488,2,85,0.024680285,0.7968914,2,107,0.0,0.8465023,2,127,0.0,0.8587343,0,148,0.15018855,0.57299244,2,183
33,0.0060086804,0.969611,3,38
34,0.009974157,1.0064881,2,23,0.0033463587,0.97381544,2,51,0.0012327757,0.923527,2,86
35,0.0146574,0.8852371,2,21,0.0,1.0404452,3,44,0.0,0.9960516,3,66,0.0,0.9348547,0,87,0.015373663,0.7157819,2,109
36,0.01759346,1.0004398,2,33
37,0.013552405,0.91843593,2,38
38,0.0067366967,1.0243919,2,27
39,0.008576041,0.9792198,2,20,0.01085756,0.9013837,2,40,0.00902387,0.96974254,2,64,0.0,0.975616,2,85,0.020455847,0.85525477,0,106,0.022219932,0.7356539,2,128,0.0069987033,0.630563,2,160
40,0.006965564,0.9766158,2,34
41,0.0017955527,1.0030137,2,20,0.0066290353,0.9940045,2,65,0.007112856,0.9532591,2,88,0.017006533,0.9420887,2,115,0.0013731746,0.9305698,2,142
42,0.0019599674,0.9355605,2,21,0.0014780678,0.9460557,2,41,0.0,0.9399656,2,61,0.0021622614,0.8354492,0,83,0.0036030656,0.78430635,0,117
43,0.0,0.9026082,2,21,0.026042351,0.9400056,3,41,8.991333e-05,0.8988625,2,61,0.0013598287,0.97345877,2,93
44,0.010143895,0.8998345,0,20,0.021896707,0.756112,2,40,0.0,0.6825235,2,60,0.081577785,0.44736853,0,80,0.027920146,0.26744127,0,100,0.0033107526,0.29440916,0,120,0.0,0.22507647,2,140,0.28605148,0.4014247,2,162
45,0.024209036,0.757098,2,20,0.020230124,0.6857463,2,40,0.07537349,0.6579674,1,60,0.014655474,0.56240547,0,80,0.0,0.23813172,1,118
46,0.0039755707,0.9853293,2,50
47,0.0030431997,0.9664199,2,23,0.00020805662,0.926478,2,45,0.0059778104,0.8987135,2,66,0.008745177,0.9556607,2,86,0.023391973,0.71467596,2,108,0.0058575673,0.65288395,2,131,0.0038843509,0.7997523,2,152,0.07215342,0.87011176,2,173
48,0.002925843,1.012687,2,30
49,0.021034196,0.9907564,2,20,0.0,0.9374012,2,40,0.002856231,1.0821748,2,61,0.036726046,0.9023665,2,93
50,0.010714721,0.93242866,2,21,0.038370747,0.8624683,2,44,0.046738543,0.9586833,2,64,0.0,0.8888583,2,84,0.02579227,0.45551786,0,104,0.012932011,0.4261974,2,128
51,0.0,0.967163,2,22,0.0,1.0140736,2,43,0.003662424,1.00202,2,72
52,0.0061063976,1.0073334,2,23
53,0.0,0.91412705,2,24
54,0.024025528,0.9044511,2,21,0.002401413,0.93465364,2,41,0.0,0.759349,2,61,0.0,0.84986883,2,83,0.04636228,0.93220073,2,107,0.041253574,0.87617415,2,127,0.051954575,0.81518316,3,147,9.0609705e-05,0.8765103,2,168,0.0007936611,0.92158693,2,200
55,0.010515805,1.0193168,2,34
56,0.013853349,0.95195216,2,24,0.0076742372,0.9521351,2,45,0.011033383,1.0510229,0,67
57,0.0010269774,1.0113318,2,31
58,0.014727695,0.8227915,2,21,0.0066216895,0.5608629,0,59
59,0.008020814,0.94106203,2,21,0.008869984,0.5577904,1,59
60,0.011826577,0.9477302,2,36
61,0.046789184,0.6660992,3,29
62,0.0018655065,0.96174747,2,20,0.0060800253,1.0606172,3,40,0.012321637,1.0098221,2,61,0.015573,0.8867346,2,86
63,0.004065551,0.9970883,2,21,0.0009032444,0.9669605,2,48,0.014228048,1.0103978,2,68
64,0.0,0.9562982,2,20,0.0,0.9222096,2,55
65,0.032364856,0.832943,2,22,0.013857087,0.9380374,2,60
66,0.01131086,0.91513264,2,21,0.005341804,0.91560024,2,43,0.015392142,0.9188224,2,63,0.0,0.8963632,2,85,0.0108749,0.5413543,1,122
