0,0.012645672,0.9728602,2,20,0.0058996608,0.9620085,2,52
1,0.0,1.0227176,2,20
2,0.0,0.9359946,2,20,0.0031934015,0.95285434,2,40,0.0,0.93774825,0,60,0.0,0.9791196,2,83,0.012388431,1.017792,2,104,0.028252754,0.9481953,3,124,0.03703834,0.899187,2,155
3,0.012308573,0.92955655,2,20,0.0024478012,0.97472346,2,43,0.019482734,0.95126224,2,64,0.0035238704,0.8856041,2,94,0.0,0.5521298,0,116,0.030451521,0.48688257,0,141
4,0.0,1.0536063,2,20,0.021803563,0.95747614,2,43,0.014812827,1.0018562,2,63,0.0043407683,0.9095232,2,92
5,0.022008063,0.87818694,2,23,0.0,0.8659132,2,43,0.0011357497,0.9150063,2,63,0.020561723,0.9668724,2,83,0.015020683,0.99814415,2,103,0.0039158864,0.88345057,2,128,0.016300812,0.84262913,2,152,0.019704664,0.8919243,2,180
6,0.006679121,0.8337814,2,22,0.0778416,0.73475385,2,43,0.010521926,0.45859087,0,64,0.0,0.40223432,2,84,0.008687455,0.91826653,2,106,0.007793006,0.4057904,0,132
7,0.006995951,0.97141683,2,31,0.015241927,1.0040433,2,52,0.00021284781,1.0316317,2,72,0.0049240305,1.0201893,2,92,0.001602179,1.0078574,2,131
8,0.011599013,0.9479492,2,24,0.03854641,0.997465,2,45,0.040474426,0.8740701,2,74,0.011015849,1.0103409,2,94,0.0,1.0392648,2,115,0.021412067,0.98628473,2,144,0.020488678,0.9254134,2,164,0.00926362,0.834621,0,200
9,0.0040695714,0.98982334,2,24,0.0,1.0588622,2,47,0.0029459621,0.95500356,2,71,0.021335864,0.9652618,2,100,0.004258646,0.85336965,2,121,0.002149697,0.9671923,2,141
10,0.014325996,0.92256075,2,21,0.02392304,0.92416745,2,43,0.0074704667,0.88580877,3,65,0.030066289,0.9269237,2,87,0.0,0.9250466,2,107,0.013496645,0.7305312,3,127,0.040789057,0.78276265,3,155
11,0.0,1.0237197,3,21,0.0,0.9740098,0,41,0.0,0.8746045,0,62,0.09573564,0.3884965,0,84
12,0.0010626537,1.000461,2,20,0.020115154,0.9333623,2,41,0.04043433,0.938608,3,61,0.013885027,0.9732547,2,81,0.022553405,0.8616583,2,104,0.017444925,0.9559678,2,124,0.016368868,1.041816,2,147,0.027937938,0.9337846,2,179
13,0.005262385,0.94382685,2,20,0.0045893677,0.96989983,2,40,0.0026618724,0.9366568,2,60,0.0,0.8580944,2,83,0.0,0.8664948,2,104,0.0,0.84165037,2,124,0.0,0.8676937,2,144,0.036198974,0.68939424,3,164,0.015451915,0.5730756,1,200
14,0.016155625,0.91684186,2,22,0.012162646,0.93186396,2,42,0.031726733,0.91194224,2,64,0.013043374,0.9630598,2,84,0.009588944,0.95003814,2,119
15,0.024106964,0.9659372,2,27,0.0,1.0616423,2,48,0.0017155375,1.0164719,2,72,0.0,1.0379318,2,94
16,0.024825852,0.9252051,2,20,0.06406877,0.89277524,2,57
17,0.0052703274,1.0054944,2,20,0.013384839,1.0061775,2,43,0.012218404,1.0412779,2,65,0.016919062,0.95239395,2,93
18,0.008280961,0.9950921,2,26
19,0.006969164,0.9499065,2,22,0.010663282,0.90607613,2,42,0.020897271,0.9752447,3,65,0.016388115,0.9708328,3,93,0.0,0.8872372,2,113,0.0077526188,0.8007157,2,134,0.0013526609,0.9323163,2,154
20,0.015289353,1.0268092,3,20,0.013853478,1.0437051,0,47
21,0.0,0.98988944,2,21,0.012178062,0.92954874,2,41,0.051297743,0.91490185,2,62,0.03637622,0.82435524,2,83,0.0071818614,0.71796125,2,103,0.024504717,0.5705554,0,124,0.035744514,0.72990423,2,152
22,0.003238003,0.94430745,2,20,0.0,1.0538965,2,40,0.0062911776,0.9198677,2,62,0.029566523,0.6721797,2,90
23,0.0,1.0610012,2,25
24,0.006547459,0.9722848,2,29,0.0010186849,0.9444676,2,55
25,0.00045682833,0.99879694,2,20,0.00090666825,1.0665085,2,41,0.0,1.0982643,2,75
26,0.003734996,0.9046614,2,23,0.0025975779,1.0108051,2,43,0.063238755,1.0097395,0,63,0.047076885,0.9436948,2,103
27,0.005093772,1.0275743,2,21,0.0054665036,1.0204861,2,52
28,0.0074662613,1.0285608,2,20,0.006877956,1.1301506,2,43,0.0,1.1085905,2,63,0.0,1.0453504,2,84,0.06204125,0.83395416,2,105,0.019359233,0.78236365,2,125,0.0,0.75523585,0,147,0.007984676,0.691212,2,167,0.08167305,0.44884986,2,200
29,0.0077109803,1.0003548,2,43
30,0.0,1.0133076,2,20,0.027858362,0.9503575,2,45,0.0,0.9965226,2,66,0.0024448119,0.99229175,2,97,7.105117e-05,0.9965438,2,120,0.0,0.9622703,2,143,0.002648981,1.0099814,2,167,0.008057493,0.9711081,2,200
31,0.008998348,1.0147086,2,20,0.003471051,0.9028772,2,40,0.012849675,0.98225397,2,62,0.016367551,1.0174081,2,82,0.042055044,0.8250372,1,103,0.0,0.9478863,2,123,0.00398231,0.72172594,0,160
32,0.035399795,1.0297296,3,22,0.04125052,0.8695256,2,60
33,0.0066979653,0.86051786,2,20,0.0016367936,1.1061008,2,40,0.025704736,0.9605837,2,68,0.014903681,1.0272833,3,88,0.0,0.87963253,2,110,0.003390115,0.7708292,0,134
34,0.0,0.9530681,2,21,0.008078673,0.93695587,2,42,0.025626559,0.7900021,0,62,0.01180318,0.9282529,2,90,0.0,1.0062358,2,110,0.038829282,0.9443968,2,130,0.003466349,0.9970131,2,154,0.0,0.98354024,2,174,0.0,0.8901112,2,200
35,0.0054544276,0.98634374,0,20,0.0,0.94843227,0,40,0.006513147,0.79227483,2,69
36,0.005441394,1.0337325,2,23,7.322075e-05,0.97154087,2,45,0.0028804543,0.90037,0,65,0.0,0.81612396,2,85
37,0.0059668487,1.02143,2,32,0.012740805,0.93989486,2,54,0.016379086,0.9255165,2,74,0.0,0.7486353,2,94,0.0,0.59536856,2,118,0.0,0.5678073,2,138,0.017153487,0.8389166,3,159,0.025252018,0.9919305,3,180,0.018216917,0.8747629,2,200
38,0.0077065574,0.9508794,2,23,0.01588179,0.9418682,2,43,0.0017044825,0.9079486,2,64,0.027906189,0.85380137,2,92,0.0,0.884694,0,112,0.0074849087,0.6411244,0,134,0.0,0.64679545,2,154,0.046614487,0.6667004,0,181
39,0.013059443,0.83292663,2,21,0.025067752,1.0484763,2,42,0.017537791,0.87512445,2,62,0.110455535,0.75610334,3,82,0.0,0.97577816,3,104,0.008823389,0.9455458,3,144
40,0.005120493,0.99574614,2,20,0.00018570047,0.9289942,2,42,0.0,0.8761266,2,62,0.0,0.60380405,1,82,0.0,0.37466162,0,102,0.0,0.5431113,1,130
41,0.0049183085,1.0198083,2,22
42,0.04138741,0.826099,2,32
43,0.0,0.86390764,2,23,0.0,0.8690742,2,43,0.0,0.662098,0,73
44,0.0005910748,0.954035,2,20,0.0012416799,1.0277863,2,41,0.0024413592,0.9162961,2,61,0.0,0.79951686,2,81,0.01033059,0.80471563,2,105
45,0.0060498007,0.9805506,2,20,0.0059695314,1.007074,2,42,0.10541934,0.8206827,2,63,0.047189336,0.9089397,2,83,0.0,0.629267,2,103,0.0060323477,0.68795776,2,123,0.0,0.23230916,1,148,0.0,0.2537888,1,168,0.0005405414,0.46952415,1,200
46,0.0012093148,0.9963144,2,38
47,0.0,0.9883216,2,27,0.010303967,0.9295614,2,49,0.0077461354,1.0575131,2,70,0.0,1.0831358,2,91,0.0,0.96774924,2,111,0.0,0.9739872,0,131,0.0,0.820461,3,151,0.0,0.9423655,2,172,0.009814212,0.8453695,0,200
48,0.044318493,0.7512108,3,20,0.0,0.8588306,2,40,0.001396154,0.4599424,2,75
49,0.021653851,0.89592236,2,30,0.0,0.94092786,2,50,0.0,0.8802139,2,70,0.0,0.7896794,0,90,0.0,0.9196571,2,112,0.0015974126,0.893787,2,142
50,0.020100938,0.9909071,2,20,0.016454278,0.9420308,2,41
51,0.011666585,0.97210336,2,32,0.011169639,0.949036,2,52,0.0,0.86256427,2,72,0.0,0.7079994,2,92,0.013024049,0.39816886,2,118
52,0.016142312,0.91794837,2,28,0.02141441,0.9168541,2,48,0.0064249886,0.978881,3,68,0.0073351073,1.0025156,2,89,0.0015314097,0.8673786,2,117
53,0.0,1.039585,2,25
54,0.0066110473,1.0165408,2,31,0.0030512975,0.9963921,2,60,0.0069591384,0.98959297,2,84,0.0054263575,0.99473,2,114
55,0.023583582,0.97901404,2,20,0.0708784,0.9226927,2,56
56,0.0013262683,0.9738983,2,20,0.010307079,0.9627059,2,48,0.0,1.0604012,2,68,0.0,1.0415537,0,94
57,0.00928409,0.9509774,2,25,0.004646971,0.9314714,2,47,0.041867636,0.9520914,2,67,0.0,0.88822204,0,87,0.05890504,0.8991978,3,108,0.057839178,0.89588374,2,128,0.0038990267,0.97236884,2,148,0.019047372,1.0152682,2,170,0.0042612483,0.8178187,2,200
58,0.011369599,1.0067661,2,23,0.0053035854,0.95694387,2,64
59,0.0038787003,0.9378442,2,28
60,0.0044537457,1.0224384,2,29
