0,0.0072250743,0.978873,2,21,0.0,0.8786435,2,41,0.00027841487,0.89763486,2,74
1,0.011356225,0.97253436,2,25
2,0.0,1.0125538,3,30
3,0.018495131,0.8674949,2,20,0.004671605,0.9093789,3,43
4,0.012090959,0.9246335,2,21,0.009305882,1.0104003,3,50
5,0.023620466,0.93157893,2,20,0.03291802,0.93023866,2,51
6,0.010196605,0.96496683,3,22,0.031777535,1.0189136,2,42,0.008799254,1.0510287,0,72,0.0008380315,0.98147494,2,106
7,0.0,0.7257108,2,23,0.0,0.74949825,3,43,0.0,0.7968967,0,67,0.0,0.5203033,2,89,0.0,0.5593963,2,109,0.010925123,0.4832279,2,129,0.0019794065,0.80383426,0,149,0.012494291,0.69093645,2,169,0.0,0.41150922,1,195
8,0.00053152937,0.9627235,2,24
9,0.0031791006,0.96769583,2,35
10,0.003735515,0.93696105,2,30,0.0,0.90760404,2,50,0.0,0.92898136,2,72,0.0,0.7487262,2,92,0.009983111,0.79019463,2,119
11,0.0091611445,0.98365384,2,21,0.003499917,1.0072887,2,52
12,0.00040708567,0.88215005,2,22,0.02497743,0.6286022,2,46
13,0.007360957,0.9003148,2,23,0.0,0.77579767,1,45,0.0,0.62299436,0,69,0.016624294,0.53910273,2,91,0.043650042,0.53681153,0,112,0.0,0.9622548,2,132,0.016184963,0.9507252,2,173
14,0.0064922334,0.97792304,2,22,0.0063722827,1.0160184,2,58
15,0.001943724,0.9389862,2,31
16,0.019488607,0.9368912,2,26,0.0,0.95369357,2,47,0.0011846665,1.0311389,2,67,0.0,0.9246551,2,87,0.0,0.79691637,2,107,0.012556979,0.7129764,0,127
17,0.006185885,0.98638344,2,52,0.019264752,0.90900725,2,72,0.053207103,0.65464765,2,106
18,0.0014270297,1.0072327,2,24
19,0.0108555,0.8533159,2,30
20,0.0,1.0628409,3,20,3.4501634e-05,0.9782367,2,59
21,0.005606172,0.98254997,2,21,0.005124794,1.0700897,2,41,0.0,1.0083706,3,67
22,2.9303184e-05,0.96226996,2,37,0.037611365,0.9024389,2,62,0.011950703,1.014444,2,83,0.0063512796,0.8684091,2,109,0.0,0.6712693,1,129,0.0060741496,0.55929357,2,151
23,0.0,0.94264936,2,20,0.008618563,0.9744606,2,40,0.0,0.88431454,2,60,0.0,0.91167194,2,80,0.0,0.76112944,2,101,0.001394861,0.9896603,2,123,0.09635006,0.73794824,0,150
24,0.007617583,0.9410958,2,37
25,0.015879443,1.0254083,2,20,0.0036767784,1.0709428,2,45,0.00034408402,0.8764803,2,75
26,0.013804515,0.9835903,2,31,0.0,1.0888089,3,53,0.013717722,1.0279039,2,74,0.0,1.0377061,2,96,0.0033603786,0.98342526,2,129
27,0.004954683,1.0451859,2,20,0.021884616,0.95266545,3,40,0.032040555,0.9459658,0,63
28,0.006245428,0.99963295,2,28,0.0035278995,0.89920866,2,48,0.0,0.9172012,2,77,0.0,0.9531051,2,97,0.0059873466,0.66853195,2,119,0.0,0.8228819,2,139,0.0,0.5062191,3,162,0.009162212,0.73993593,2,200
29,0.0064831395,0.9602047,2,23,0.004931685,1.0832949,3,45,0.001180919,0.90918976,3,74
30,0.0010831447,1.0231066,2,24
31,0.015587142,0.9617885,2,47,0.016945938,0.98732096,2,68,0.017926574,0.92072964,3,90,0.0,1.0548837,2,110,0.008834361,0.9088912,2,135,0.0,0.7689191,2,155,0.010388925,0.8555188,2,175,0.0,0.79807746,0,200
32,0.00047879806,1.0279765,2,20,0.008384378,0.9558055,2,43
33,0.0,0.49481288,2,20,0.01129625,0.68081295,2,41,0.0045148274,0.5113634,0,61,0.05977971,0.38806087,0,81,0.053442698,0.35036388,2,102,0.07951399,0.27239394,0,122,0.14387858,0.48010755,2,156
34,0.00014066181,1.0053918,2,21,0.0025660652,1.0286689,2,41,0.015360046,0.95595217,2,73,0.0,0.870587,2,93,0.011874884,0.93871206,2,115,0.013623124,0.9849273,2,136,0.02390715,0.9540528,2,166,0.009448757,0.93834645,2,192
35,0.0028940146,0.8808792,2,20,0.010969036,0.79746854,2,41,0.026748318,0.93472224,3,61,0.0,0.99614894,3,87,0.0040203477,0.68940264,2,124
36,0.011439724,0.96859187,2,20,0.015001032,0.998773,3,40,0.007434334,0.8634289,3,74
37,0.010969704,1.0041294,2,20,0.006608082,1.0275306,2,66
38,0.0012703278,0.9486396,2,20,0.000655864,1.0303168,2,52,0.04216308,0.87136984,2,73,0.016989099,0.90264654,2,93
39,0.00040642367,0.952061,2,21,0.016789747,1.051271,2,43,0.0031017235,1.0575484,2,63,0.003827735,0.97285354,2,86,0.03549198,0.91047937,2,106,0.01676657,0.87670195,2,128,0.0156002585,0.9763085,2,148,0.0013245678,0.9055932,2,178,0.004219232,0.8781853,2,200
40,0.0,0.9509946,2,20,0.00486526,1.0049951,2,40,0.004701215,0.8583889,2,62,0.0037696955,0.8651289,2,87
41,0.0,1.0228746,2,26
42,0.002522552,1.0542775,2,35
43,0.0004361332,0.88429767,2,21,0.0,0.61713403,2,43,0.0,0.6446589,1,72
44,0.008115777,1.026196,2,25,0.0020994977,1.0004022,2,47,0.023601573,0.9337483,2,70,0.0,0.99945426,2,95,0.0014803148,1.0128111,2,117,0.01501625,1.0234545,2,156,0.0020109783,1.0162561,2,176,0.007101752,1.0654732,2,200
45,0.008969994,0.9767624,2,20,0.01643556,0.93481016,2,40,0.017097618,0.9562173,2,65
46,0.005778423,1.0002046,2,33,0.0007005118,0.97281665,2,54,0.010129094,0.9491535,2,80,0.007240648,0.99247783,2,110,0.036334343,0.8559884,2,133,0.0,0.6373055,0,153,0.007833425,0.6574575,0,173,0.014757045,0.6529636,0,200
47,0.0,0.9028074,2,20,0.0034180633,0.97877216,2,46,0.0,0.90608275,2,69,0.00216029,0.6009931,0,91,0.022139162,0.37311712,2,111,0.09048596,0.4557316,2,150
48,0.0045704586,1.0169516,2,23,0.008317931,1.048213,3,43,0.0,1.0851762,2,68,0.005293433,1.0688825,2,90
49,0.011665685,0.9902741,2,21,0.0,0.9803494,2,41,0.0,1.0192419,2,62,0.0,1.0160182,2,84,0.0035887165,0.94921255,2,116
50,0.0,1.0071089,2,20,0.0,1.0469588,2,63
51,0.009604199,0.9325514,2,20,0.0,0.8326584,3,40,0.012487328,0.8913458,2,61,0.031953625,0.6311982,0,90
52,0.0,0.9345288,2,20,0.01907223,0.87972414,2,40,0.0,0.9019202,2,60,0.0047650933,0.89194584,3,88,0.0,0.9467224,2,108,0.0,0.75760293,0,128,0.0,0.65953827,0,148,0.012948447,0.46583447,2,175
53,0.0,0.91109985,2,26,0.048060756,0.8511259,2,47
54,0.011482379,0.91706735,2,38
55,0.0,0.9160463,2,20,0.006848584,0.9100008,2,40,0.0028011862,0.6336589,0,61,0.0,0.42283243,2,81,0.0,0.3530053,2,103,0.055796288,0.3530549,2,140
