0,0.0,0.9212763,2,21
1,0.000202596,0.8627176,2,20,0.029707285,0.8029546,2,55
2,0.023082186,0.9598547,2,20,0.020516116,0.91260564,2,46
3,0.016719798,0.9444986,2,25
4,0.010093035,0.8529868,2,21,0.024475543,0.9495907,2,42,0.0,0.82095224,0,62,0.0,0.4776771,2,86,0.08985343,0.33164585,2,119
5,0.0034549744,0.96778375,2,27,0.0047358773,1.0157776,2,48,0.006905002,0.9253587,2,86
6,0.009268749,0.9954512,2,22
7,0.0029831496,1.0877179,2,20,0.006378447,1.0733527,2,40,0.0033196644,0.9706775,2,66,0.009227123,0.98751354,2,92,0.025262086,0.9539823,2,115,0.007811579,0.9915655,2,135,0.0,0.9608256,2,155,0.0,0.956998,2,175,0.0,0.94028986,2,200
8,0.028469186,0.83759016,0,22,0.030896848,1.0670608,3,42,0.007860414,1.0270553,3,62,0.0,0.5933421,1,82,0.0,0.77683526,2,107
9,0.013616361,1.0056813,2,20,0.0026707286,1.0752354,2,40,0.00634219,0.6905738,2,66
10,0.013178815,0.99337214,2,23
11,0.0058568413,1.0270793,2,32
12,0.0030554784,0.9462217,2,22,0.036946062,0.9557815,2,49,0.008792633,0.8998635,3,70,0.034881573,0.93968713,2,93,0.04983237,0.8322771,2,126
13,0.0,1.0427525,2,23
14,0.0028396645,0.99579775,2,23,0.036945596,1.0136466,2,45,0.001587272,0.95252085,2,68
15,0.000576387,0.9025707,2,22,0.0,0.91007334,2,43,0.054581955,0.7725826,2,67,0.0,0.8650731,0,88,0.0,0.62587976,0,108,0.0,0.5615745,0,128,0.0,0.7035065,0,148,0.033013154,0.6319839,0,169,0.006109788,0.6041448,0,190
16,0.038155034,0.9078008,2,20,0.001165483,1.0198916,2,40,0.003917023,0.90718824,2,62,0.0,0.979053,2,83,0.036907014,0.8556435,2,105,0.12534305,0.77736795,2,137
17,0.014104444,0.9980027,2,20,0.017908115,1.0367368,2,40,0.0,1.0433277,2,60,0.000467322,0.86498153,2,87
18,0.0014780522,0.992624,3,21,0.0015402565,1.094678,2,43,0.007205587,0.9661749,2,63,0.00022068222,1.0136436,2,85,0.011211471,0.9610539,2,116,0.0013133779,1.072075,2,136,0.0,1.0660834,2,156,0.0,1.0497088,2,177,0.06991212,0.81222636,2,200
19,0.003537865,0.9559267,2,20,0.0,0.9358697,2,40,0.0071700364,0.979461,2,60,0.0052389437,0.9689475,2,88,0.0073804962,0.9634361,2,112,0.00034114168,0.95151174,2,132,0.029421559,0.96078664,2,152,0.03232464,0.9572201,2,172,0.0042578843,0.8502335,2,200
20,0.013121753,0.9778316,2,25
21,0.000788292,0.97498095,2,27
22,0.008290219,0.9885773,2,24
23,0.016444517,0.65020174,2,24,0.08661316,0.44365254,0,44
24,0.028088719,0.9828596,2,20,0.048997447,0.9305762,2,57
25,0.0024364525,1.023058,2,22,0.0,1.0258145,2,47,0.00978651,0.96930885,2,70
26,0.0,0.9407647,2,20,0.0,0.86880594,2,41,0.0,1.0993749,2,61,0.024211306,0.70186335,2,86
27,0.00075349683,0.95649165,2,23,0.0,0.9823483,2,43,0.0013500027,0.9971456,2,74
28,0.00028034963,0.9730215,2,37
29,0.0023688222,1.0509931,2,35,0.0004657638,1.0312884,2,72,0.0,0.98704183,2,106
30,0.06406727,0.91653985,2,20,0.008519818,0.93128204,2,40
31,0.006958229,0.90710485,2,28
32,0.0063504586,0.9658914,2,26,0.0,0.8929928,2,50,0.035307296,0.95407295,0,71,0.009402499,0.99267703,2,91,0.0054288437,0.98730856,2,113,0.008475924,0.9985237,2,153,0.03543298,0.94976723,2,173,0.01543335,1.0146439,2,200
33,0.0,0.94270545,2,24,0.00051390205,0.8105626,2,44,0.009730168,0.92902637,2,65,0.007866336,0.8597082,2,85,0.016757645,0.82101613,2,107,0.0,0.68301123,1,136
34,0.004514589,0.9763201,2,28
35,0.01996923,0.9978542,2,25,0.010251232,0.976748,0,60
36,0.011462777,0.90087855,2,33
37,0.0017291475,1.0292401,2,22
38,0.026932184,1.0024182,2,20,0.017587814,1.0171161,2,40,0.027181048,0.9184004,2,60
39,0.044393454,0.92145884,3,20,0.0,0.86484414,2,40,0.021932561,0.57808244,2,60,0.0,0.8996686,2,80,0.0,0.7687463,0,101,0.0,0.8999547,2,121,0.027275264,1.0182664,2,141,0.004685834,0.76740164,2,161,0.0,0.6656188,0,192
40,0.01999964,0.7435461,2,22,0.0,0.6694621,2,43,0.0056487136,0.68444157,0,63,0.05645287,0.5529019,2,83,0.111238286,0.35038757,2,103,0.010017494,0.35437587,2,125,0.12406502,0.47822446,2,145,0.049660236,0.36399302,2,165,0.03416619,0.45050085,2,192
41,0.0055251247,0.97866786,2,20
42,0.005924845,1.0293688,2,22,0.015788013,0.9581706,2,42,0.0,0.96533835,2,62,0.018195696,0.91805667,2,83,0.0031013214,0.96456385,2,120,0.005085634,1.0078487,2,161
43,0.0,0.74795103,2,21,0.028718654,0.75725585,2,42
44,0.022650436,0.87287825,2,28,0.00021227877,0.8430129,2,48,0.0,0.43103823,1,68,0.0,0.549171,2,106
45,0.0019539595,0.9438317,2,24,0.010772703,0.9067227,2,45,0.06249355,0.720235,1,66,0.007949761,0.7679952,2,86,0.0033454255,0.88571775,2,106,0.00030051306,0.69613373,2,127,0.035041478,0.6416394,2,152
46,0.0019821164,1.0030081,2,30,0.0,1.0072404,2,55,0.0026516092,1.049895,0,75,0.01783711,0.94859123,2,103
47,0.009533575,1.0169411,2,37,0.0025673567,1.0113714,2,61
48,0.004258066,1.0082273,2,23,0.009366544,0.9600051,3,43,0.006186432,0.9098917,2,63
49,0.0069694296,0.99601513,2,26
50,0.007182825,0.9819451,2,32
51,0.0066334284,1.0339656,2,20,0.0036598048,1.0241383,2,40
52,0.011129968,0.95440423,2,25,0.0,1.03935,2,47,0.014832433,0.9686065,2,79
53,0.03913423,0.89024633,2,27,0.0019171361,0.8013525,2,47,0.019727511,0.7531976,2,69,0.0056754244,0.81197846,2,89,0.0,0.86894387,2,109,0.028443547,0.89343125,0,130,0.052560754,0.65157276,0,166
54,0.0,0.9957821,3,23,0.004626902,0.9077383,2,45,0.0,0.7465591,2,67,0.095536366,0.6675528,2,87
55,0.020742256,0.8751136,0,20,0.0,0.99395704,2,45,0.0029132594,1.0298855,2,65,0.005602169,0.9905656,2,85,0.010714379,0.98923296,2,114,0.06025227,0.98116225,2,139,0.0014025248,0.96556616,2,163
