0,0.01756273,0.92595,2,30,0.00060860196,0.970548,2,50,0.004694884,1.0391138,2,70,0.0,1.0375118,2,92,0.0034226805,1.0282679,2,112
1,0.01765881,0.9521953,2,28
2,0.0018060803,1.0547687,2,30
3,0.0016395786,1.0261496,2,24,0.0023658348,0.96724516,2,51
4,0.005566054,0.97521544,2,20,0.037841085,0.88695604,2,42,0.011356566,0.92239857,2,75
5,0.003319402,0.950901,2,22,0.018805834,0.95499575,2,43,0.009368993,0.9953246,2,63,0.034985263,0.9397825,2,85,0.0015478644,0.9075424,2,105,0.0049183937,0.99785835,2,126,0.0,1.0973462,2,148,0.0073116096,0.9399884,2,170,0.0034074008,0.9267304,2,200
6,0.004660464,0.9995805,2,39,0.011080162,0.9294408,3,78
7,0.02710629,0.96546626,2,22,0.009408237,0.9272569,2,48,0.0237832,0.9713266,2,75
8,0.0111597935,0.97615224,2,22,0.0,1.0422524,2,44,0.0,1.0356625,2,64,0.018121952,0.8331566,2,88,0.0018182391,1.0206861,2,109,0.07506248,0.6691496,2,134,0.011049695,0.80570537,2,161
9,0.007507685,0.99090475,2,27,0.010542372,0.9393205,2,52
10,0.0076506007,1.0169863,2,22
11,0.011854559,0.88134795,2,34
12,0.010993286,0.9903814,2,22,0.0034936287,0.9751937,2,42,0.0040226807,0.9282753,2,64,0.0114197135,1.0218152,2,90
13,0.001534034,1.0319735,2,35
14,0.0,0.83039093,2,20,0.0,0.51992977,2,42,0.007507785,0.23738019,1,72,0.025781075,0.24042988,1,105
15,0.013455822,1.0537457,2,21,0.015419881,1.0527201,2,44,0.009755177,1.0280638,2,65,0.020219943,0.9770077,3,89,0.028476698,0.83924997,2,124
16,0.0063114204,0.9196538,2,20,0.019495718,0.9804939,3,42
17,0.011227229,1.016203,2,22,0.003824068,1.0595071,2,49,0.022477498,0.9973602,2,70,0.0,0.90669507,3,90,0.012414522,0.84457767,2,117
18,0.00050239655,1.033015,2,34
19,0.016227568,0.86867166,2,24,0.0,0.9334172,2,47,0.02029508,0.96918815,0,68,0.014003545,0.9864661,2,92,0.023406906,0.9567105,2,113,0.006118857,1.0207678,2,153
20,0.005347357,0.98551303,2,21,0.0074838973,0.93604445,2,45,0.039563645,0.7977363,2,83
21,0.044278983,0.92292863,2,20,0.03381243,0.959566,2,56,0.033432495,0.6931782,1,76,0.0,0.34754694,0,97,0.0,0.4364392,2,117,0.02174418,0.70808774,2,156
22,0.008468736,0.93974787,2,25,0.013217236,0.8940033,2,45,0.0,0.85356677,2,66,0.047787666,0.7770892,2,87,0.006265036,0.9140418,3,107,0.0,0.83566284,2,139
23,0.009554173,1.0477661,3,21,0.0011229458,1.0530424,2,41
24,0.0060257907,0.9792415,2,25
25,0.015722496,0.75392324,3,20,0.019829387,0.88418806,2,41,0.027532734,0.8533221,2,66,0.0,0.9269763,2,86,0.022792358,0.8901866,2,117
26,0.0,1.0295734,2,22,0.0,0.9378655,2,47,0.050530367,0.93978745,2,68,0.021312406,0.9626635,2,89,0.009908585,0.89487106,0,109,0.0042501288,0.8868796,2,129,0.015575047,0.9564261,2,157,0.011996399,0.8747714,2,177,0.046302717,0.90146124,2,200
27,0.002386461,1.037861,2,29
28,0.009437146,1.0175647,2,21,0.0015122907,1.0565546,2,41,0.0035975862,0.98616785,2,66,0.012968826,1.0273279,2,90
29,0.0007794252,1.0061439,2,22,0.011199809,1.0411427,2,42,0.0016825731,1.0456258,2,107
30,0.0015665358,0.98379356,2,31
31,0.015556942,0.9697823,2,23,0.018715212,0.93811697,3,44,0.026811225,0.7241983,0,66
32,0.02779153,0.84677315,2,33,0.0,0.72272974,0,55,0.008458325,0.7140549,0,77,0.05047819,0.8064768,2,97,0.0,0.536048,2,121
33,0.0020213802,0.9747124,2,21,0.029380023,1.0404003,2,41,0.0,1.1203423,2,61,0.0024864948,0.97328055,2,81,0.021840163,0.8994713,2,113
34,0.0011473811,0.99768084,2,20
35,0.010672683,0.90192336,2,20,0.00748065,0.9375461,2,41,0.0053008553,1.0063944,2,66
36,0.010210686,0.9261173,2,20,0.07526775,0.891092,3,40,0.031199519,0.6563918,2,79
37,0.008925975,0.9273797,3,26
38,0.006027932,0.9818365,2,20,0.004148657,0.9968501,2,43,0.0006027323,0.98908156,2,67,0.0,0.8959673,2,89,0.021769037,0.9285918,0,110,0.009245104,0.9305873,0,130,0.013367282,1.0257971,2,150,0.0619454,0.5090509,2,181
39,0.002479424,0.9578555,2,39
40,0.00049935596,0.98628294,2,25
41,0.0,1.009499,2,23,0.00067746826,0.9634821,2,44,0.01861103,0.906309,2,65,0.0025521428,0.9156273,2,85,0.008704804,0.9910973,0,105,0.0,0.9841426,2,125,0.014776173,1.0332187,2,148
42,0.0021851868,1.0747688,2,22,0.001871296,1.0717882,2,42,0.0098389145,1.0661604,2,62,0.0,1.077595,3,83,0.010846295,0.9667855,2,105,0.0,0.97973174,2,125,0.0019480648,1.1523646,0,146,0.012037797,0.67035264,2,166,0.012442934,0.89712906,2,200
43,0.0060510887,0.6425443,2,22,0.0,0.50982404,1,42,0.006802944,0.2572839,0,75
44,0.03993705,1.0024118,2,21,0.0051574614,0.96037203,2,63
45,0.0019627193,0.89170444,2,21,0.0064120367,0.72987235,3,41,0.010985165,0.86925715,3,61,0.0,0.87302464,2,81,0.0,0.77557135,2,101,0.0,0.49451813,2,129
46,0.0,1.019183,2,28,0.024511894,0.9059353,2,48,0.014326143,1.0199605,2,68,0.0008683898,0.91683316,2,94
47,0.04360331,0.88321984,2,21,0.013729471,0.9263538,2,41,0.0,0.94959277,2,61,0.0,0.9475669,2,87,0.0,0.97621125,2,107,0.026538752,0.9499839,2,132
48,0.0033315492,1.003699,2,22,0.0012177331,0.9967584,2,49,0.0,0.7945225,2,69,0.0003465449,0.63124776,2,100,0.023609364,0.6412406,2,125,0.0,0.68864506,2,149,0.003621349,0.75293213,2,176,0.0,0.76714003,2,198
49,7.727267e-05,0.9259988,2,20,0.0,0.8180982,2,40,0.010418759,0.8913963,2,69,0.0039433753,0.72359383,2,89,0.0,0.66246027,1,122,0.0,0.4664209,0,142,0.0,0.44905242,0,162,0.00013267028,0.72717446,0,200
50,0.007843562,0.95419216,2,22,0.013342122,0.8789123,0,42,0.0,1.0458281,3,62,0.0004982996,0.81065816,2,82,0.012384593,0.537557,2,111
51,0.0028378447,0.89285177,2,22,0.002279487,0.86478233,2,42,0.0,0.96643746,3,62,0.0,0.71895134,2,85
52,0.019692458,0.9761616,2,22,0.0017331236,0.949474,2,42,0.016749047,0.7785513,2,65,0.008555133,0.9054713,2,89,0.0,0.9596678,2,109,0.00395043,0.69797474,0,131,0.0,0.75523585,2,152,0.024473798,0.7957135,2,174,0.0,0.8435265,2,195
53,0.0005331634,0.97467154,2,20,0.06223362,0.84715545,0,41,0.0,1.0052308,2,62,0.15230747,0.711187,0,82,0.008996515,0.80530494,2,104,0.014693908,0.77721363,2,143
