0,0.0024761166,0.9936721,2,24,0.0035739802,1.0690312,2,63,0.004479454,1.0748848,2,83,0.0025282567,0.965345,2,108,0.0038988036,1.0545661,2,128,0.009716032,0.95999837,2,159
1,0.033050902,0.8539915,2,22,0.0,0.9485812,0,42,0.09089748,0.89209396,2,62,0.0,0.67436,2,85
2,0.007818171,0.8710907,2,22,0.017636102,0.8366205,0,42,0.0,0.9219098,2,63,0.0,0.7001275,2,85,0.00785703,0.67725194,2,118
3,0.025819069,0.9054381,2,40
4,0.0,0.9495104,2,20,0.0014958648,0.7012759,2,40,0.0,0.86387855,2,60,0.0,0.43547162,0,80,0.052879516,0.5019058,2,117
5,0.0042812503,0.9433018,2,20,0.0,0.9327177,3,43,0.012602698,0.75830907,0,64
6,0.01931647,0.9610106,2,29
7,0.0,1.0307553,3,20,0.0,0.92120016,2,49
8,0.028652225,0.9723634,2,35
9,0.0044600302,0.8599245,3,20,0.09486177,0.74633265,0,54
10,0.0073006363,1.0464932,2,23,0.007806624,1.0774394,2,46,0.018712685,0.97282857,2,69,0.00781443,0.96614456,2,89,0.028319174,0.95057905,2,109,0.0,0.95006436,2,129,0.0,0.841992,2,151,0.099043034,0.59606403,2,189
11,0.0148137715,0.9511897,2,20,0.008059753,0.9047855,2,51
12,0.015142478,1.0315657,2,20,0.00040630443,1.0406691,2,52
13,0.009371976,0.99314255,2,31
14,0.008413997,0.9840883,2,33
15,0.0014714453,0.9564868,2,20,0.007316078,0.9551646,2,40,0.0007802092,1.0144995,2,60,0.0010487096,1.0494043,2,84
16,0.001474963,0.99784404,2,21
17,0.026620235,0.8764272,2,20,0.012396442,0.98019487,2,40,0.0,0.9777906,2,62,0.002269644,0.9865979,2,83,0.0,0.92818505,3,104,0.007524189,0.7479459,2,130
18,0.013289729,1.0447693,2,20,0.020873187,0.96320724,2,42
19,0.0011782595,0.97038984,2,21,0.014106726,0.95303,2,43,0.027826598,0.7639076,2,67,0.0,0.968472,2,87,0.0034016788,0.6715109,2,107,0.042526502,0.7859062,0,127,0.0064622043,0.6368332,0,147,0.0,0.6044927,2,169,0.0077920817,0.673132,2,200
20,0.023684213,0.9324927,2,21,0.015908075,0.95428973,2,41,0.03184535,1.0094082,2,62,0.022549259,0.9468819,2,83,0.004399769,0.9918133,2,106,0.033572685,1.0282555,2,131,0.00504261,0.95448935,2,171
21,0.010365505,0.9341986,2,22,0.038117684,0.8777543,2,55
22,0.008218135,1.0046926,2,21,0.02142601,0.8645601,2,41,0.00019726246,0.9274675,2,62,0.0,0.4819847,2,85,0.020191137,0.5207927,1,123
23,0.0043423227,0.876209,3,23,0.01017293,0.87977964,2,44,0.0,0.8731874,2,64,0.0323653,0.66419685,0,84,0.033830088,0.9154583,0,112
24,0.01138902,0.9891577,2,37
25,0.0029669486,1.0892962,2,40
26,0.015914353,0.9168054,2,30
27,0.0112103075,1.0359277,2,40
28,0.00055531063,1.057253,2,24
29,0.0,0.95741177,2,22
30,0.008264859,0.9528418,2,21,0.0,0.8848906,0,43,0.012528827,0.9515931,2,83,0.011065321,0.98089314,2,115
31,0.014208058,1.0429094,2,20,0.008855846,1.0094553,2,44,0.034328688,0.93724126,2,90
32,0.0069753206,0.9205896,2,40,0.016440477,0.93509275,0,60,0.0049381433,1.0071561,0,83,0.010330124,0.8991975,2,106,0.0034835276,0.73095727,0,132
33,0.01672406,0.87032926,2,27,0.0,0.96548474,0,47,0.012470405,0.7863657,0,71,0.0,0.49413455,2,92,0.09694344,0.43509188,2,113,0.0,0.48266566,2,138,0.004682944,0.79110813,2,158,0.031015081,0.77746814,2,197
34,0.023685733,0.87734455,2,23,0.023270143,0.9277537,2,54,0.0,0.9218742,3,74,0.0,0.7273977,2,110
35,0.0024547267,0.8770879,2,23,0.0,0.9482885,2,57
36,0.0016248105,0.90765655,2,28,0.0074781813,0.7741842,2,52,0.02021901,0.8608127,2,90
37,0.0135009885,0.99690944,2,20,0.019279456,0.95476365,2,43,0.026254456,1.0089822,2,75
38,0.024370743,0.99025434,2,23,0.010426338,0.9145223,2,49
39,0.0031131492,0.82293385,2,23,0.0,0.92942375,2,44,0.00052749907,0.7527238,1,64,0.0,0.4499222,2,85
40,0.00091047474,1.0254698,2,20,0.019054165,0.9816076,2,41
41,0.023446526,1.0190436,3,20,0.0,1.03002,3,40,0.0,0.864172,2,61,0.0644155,0.64906174,2,94
42,0.009135293,1.0260434,2,20,0.00030776387,1.0083854,0,46
43,0.038173754,0.8021657,2,20,0.0103436075,0.84855175,2,42,0.0010878115,0.86468476,2,81
44,0.0007538585,0.9151405,2,20,0.06225798,0.8562629,2,57
45,0.016207237,0.9326351,2,31,0.06127709,0.93410593,0,53,0.0,0.8902402,2,77,0.0,0.9814013,2,98,0.0076338933,0.7194231,2,119,0.04706822,0.58591306,2,151
46,0.02647957,0.90926284,2,22,0.0,0.9067936,3,42,0.0,0.7872956,0,63,0.0,0.8433235,2,83,0.0,0.84216434,3,104,0.0,0.8355629,3,124,0.0,0.96165574,3,144,0.0042930497,0.7215305,2,166,0.010885336,0.66359264,2,200
47,0.004258422,0.9844555,2,23,0.0056222007,0.94182587,0,43,0.010221894,0.9518615,2,69
48,0.019959133,0.9929071,2,25
49,0.0,1.0145869,2,25
50,0.010857499,0.9685123,2,24,0.0007060792,1.0164661,2,56
51,0.02051442,1.0078839,2,20,0.00046435697,0.9483682,2,40,0.016309712,0.8841912,2,61,0.01776873,0.95168513,2,81,0.0,1.0102031,2,101,0.0031950977,0.76903605,2,133
52,0.0057661207,1.0182507,2,20,0.0073232027,0.95346546,2,40,0.010589538,0.9475618,2,61,0.003598218,0.84057474,0,81,0.008842957,0.8835549,2,105,0.0013625473,0.9384062,2,127,0.013475483,0.62382615,0,148
53,0.009559343,0.9272786,2,37
54,0.002885512,0.9845635,2,20
55,0.0,1.0178816,2,20
56,0.02656367,1.0150169,2,20,0.00016931025,1.0105908,2,40,0.004783995,0.92816556,2,70
57,0.0,1.037502,2,20,0.014372654,0.97851545,2,41,0.024610497,0.9099903,2,71
58,0.019134633,0.7830099,2,22,0.0,0.9630281,2,42,0.0,1.2216705,0,62,0.0,0.8874787,0,82,0.0,0.584814,0,103,0.0,0.9100582,0,123,0.0,0.68103015,0,144,0.026522174,0.45237413,2,165
59,0.0,1.0360614,2,33
60,0.01418204,0.91766953,2,22,0.0050956183,0.9618231,2,44,0.01649701,0.81566066,2,73
61,0.0,1.0508318,2,20,0.01875157,1.0171012,2,42,0.0,0.89121455,2,62,0.002975896,0.98085135,2,87,0.022123728,0.8111213,2,108,0.0,0.6222074,2,128,0.027684003,0.6089184,2,167
62,0.0,0.9720637,2,21,0.0113111865,1.0899723,2,44,0.0,1.0258071,2,64,0.0024563998,1.1234577,2,84
63,0.002554103,1.01779,2,24
64,0.012060231,0.9986509,2,22,0.0,0.89845836,2,42,0.0,0.7996341,2,62,0.06334039,0.8104407,2,82
