0,0.0,0.8549463,2,42
1,0.006450238,1.0393513,2,24
2,0.017089361,0.83404666,2,20,0.008326129,0.948481,2,42,0.0259711,0.7684377,2,69,0.055118676,0.5653989,2,91
3,0.0014323938,1.0539764,2,30
4,0.0,1.0129187,2,20,0.04044204,0.75366473,2,40,0.017372992,0.9057342,2,60,0.008563265,0.94215906,2,80,0.0059129107,1.0822277,3,104,0.0,1.0606322,2,124,0.0,0.9014891,0,144,0.0017783658,0.5751178,2,180
5,0.004022303,0.96617335,0,25,0.0,0.9616002,2,45,0.016593503,0.91503125,2,65,0.038558252,0.54953504,2,93
6,0.0085919425,0.97496855,2,33
7,0.009132032,0.9741596,2,20,0.004544266,0.9945433,2,47
8,0.0056630014,0.95487934,2,30
9,0.004688763,0.95197296,2,37
10,0.0,0.9051835,2,21,0.0,0.5374863,1,41,0.0,0.36810082,1,64,0.0,0.7879125,2,84,0.024761172,0.9176044,2,106
11,0.0,0.95565146,2,22
12,0.0,0.9815527,2,20,0.014153965,1.0072109,2,40,0.0,0.91842103,2,62,0.034159515,0.83321506,2,88,0.01033284,0.9296109,2,109,0.0,1.0062425,2,129,0.011152094,0.94081193,2,149,0.010156525,0.82147366,2,182
13,0.021204056,0.9994372,2,20,3.4019096e-05,1.0453311,2,42,0.002257938,0.9454129,2,63,0.0,0.8844294,2,84,0.0,0.9841253,0,105,0.007522849,0.98853207,0,125,0.0029059437,0.99172485,2,145,0.0,0.98716104,2,165,0.0028756815,0.9884112,2,200
14,0.009430969,1.0367428,3,20,0.035065405,0.85283405,2,41,0.0,0.8659264,2,63,0.039425123,0.8291092,2,84,0.058543902,0.867623,2,104
15,0.016567659,0.9491321,2,21,0.014188994,0.9392737,3,42,0.0016282252,0.96432376,2,67,0.0,0.9026663,2,89,0.056295425,0.84460133,2,109,0.0004536531,0.8363695,2,129,0.010773491,0.87795144,2,151,0.0032036528,0.8874316,2,171,0.014957865,0.48500884,2,200
16,0.03561865,0.99335,2,20,0.0,0.8391276,2,45,0.08290237,0.93292433,2,72
17,0.03499641,0.8628125,2,24,0.01605728,0.90154135,2,44,0.040173516,0.84836835,0,64,0.0,0.8942971,0,85,0.0,0.68105465,0,106
18,0.012483897,1.0049406,2,20,0.006706836,0.9252408,2,40,0.0040417705,0.98022735,2,61,0.0,0.89811975,2,81,0.0092764115,0.8776808,2,105
19,0.0,0.97410005,2,22,0.024659755,0.9618668,2,45,0.011933665,0.99711883,2,71,0.0034334268,0.96631324,3,91,0.049918685,0.8941857,2,118
20,0.0024978707,0.82002383,2,20,0.020963935,0.76381904,1,40,0.009836098,0.5672635,1,70
21,0.016358707,0.9646065,2,21,0.009831722,0.8671497,2,41,0.0022440327,0.9519114,2,67,0.001114433,0.961602,2,97
22,0.00055285153,1.047522,2,20,0.009641849,0.92399937,2,58
23,0.02224471,0.9428833,2,20,0.007107296,1.0104754,2,40,0.027673777,1.0384417,2,61,0.00079719874,0.944522,2,81,0.029277945,0.9845791,3,101,0.06290489,0.6733141,2,134
24,0.0,1.020131,2,23
25,0.0,1.0383314,2,22
26,0.0020689412,1.0008297,2,20,0.0020089499,1.00668,2,40,0.012615682,0.95239127,2,63,0.0,0.95965326,2,85
27,0.010399567,0.9457902,2,27,0.02547724,0.9893187,2,47,0.0107726315,0.99686056,3,70,0.001068246,0.9411805,2,90,0.036908057,0.8713958,2,133
28,0.0009540116,0.9914361,2,21,0.0024186238,0.853892,2,41,0.0,0.46860594,1,61,0.048619863,0.6519825,2,83
29,0.0019738276,0.9691974,3,20,0.0,1.0630642,0,40,0.0,1.0221211,2,61,0.0,0.9883234,2,84,0.0,0.98145616,0,109,0.008656631,1.0879132,2,130,0.018089488,1.0330944,2,158,0.06794546,0.8407942,2,178,0.09214017,0.8220832,2,198
30,0.0035657077,0.9639572,2,20,0.017839547,0.9142687,2,40,0.015875936,0.91627234,2,64,0.014005544,0.8037941,2,92
31,0.0,0.99217606,2,20
32,0.0,0.9233892,2,22,0.0,1.0030229,2,42,0.0,0.8421816,2,64,0.0,0.9849006,0,85,0.004791857,0.9508606,0,105,0.0,0.93450403,2,125,0.09335549,0.50863516,2,165
33,0.04008109,0.8973605,0,20,0.0011900465,0.94429743,2,40,0.019623907,0.9609402,2,63,0.005235459,1.0047889,2,90,0.0,0.8748795,0,111,0.0049156253,0.68003815,2,136
34,0.016600493,0.8708199,2,20,0.013250013,0.83923274,2,40,0.024011552,0.8171889,2,63,0.0,0.84831536,0,83,0.0,0.9094831,1,103,0.0,0.27749652,0,125
35,0.014862045,0.9771549,2,31
36,0.005183316,0.9696902,2,26,0.03550174,0.9642841,2,46,0.0019384964,0.977267,2,87
37,0.0069053317,0.9803803,2,22,0.014311011,0.88760954,2,59
38,0.009983419,0.9659257,2,20,0.0019204518,0.9675648,2,46,0.0,0.91072553,2,67,0.006902366,0.93502647,2,87,0.0,1.0351332,2,116,0.038687237,0.88584214,2,136,0.0,0.9581877,2,158,0.0,0.98469573,2,178,0.049476862,0.6811553,2,200
39,0.16171274,0.93502855,3,20,0.0074539385,0.8449626,2,40,0.034513246,0.73586345,2,74
40,0.035522882,0.7205478,2,30
41,0.009649115,0.92036575,2,21,0.024513144,0.8346569,2,46,0.019089613,1.0349947,2,66,0.0,0.89911795,2,86,0.08606082,0.7891735,2,106,0.016723271,0.9000192,2,127,0.0024900532,0.52983046,0,149,0.0,0.69784474,0,170,0.021830888,0.682005,2,200
42,0.0051946826,1.0629343,2,20
43,0.027067604,0.94541126,2,33
44,0.00019933621,1.0497751,2,27,0.012887926,0.96994704,2,52,0.0,0.969356,2,74,0.0092575075,1.0204085,2,99
45,0.016642505,0.97102565,2,38
46,0.0,0.92725503,3,20,0.039484043,0.7188893,0,40
47,0.01792108,0.9737923,2,26,0.018672626,0.92813635,2,49,0.01094051,0.9482954,2,71,0.0,0.83043224,2,91,0.009988711,0.8736361,0,112,0.0,0.3929163,2,147
48,0.0015269802,0.98992306,2,22,0.015644344,0.96077096,2,45,0.00415403,0.98431957,0,65,0.003990583,0.931441,2,97
49,0.019167218,1.0751209,3,20,0.0,0.9990805,3,44,0.0,0.9936536,2,64,0.0,0.74992794,0,86,0.0,0.88143885,0,106,0.011506872,0.8236016,2,132
