0,0.01219971,0.9924278,2,54
1,0.004908817,1.0012933,2,31
2,0.018206785,1.0167671,2,20,0.00042153095,0.99078214,2,43,0.018042045,0.98943657,2,64,0.0,1.0110472,2,85,0.0,0.94070786,2,109,0.0011896561,0.9043873,2,132,0.0,0.90104806,2,152,0.0031188321,0.8070733,0,172,0.05415655,0.84508455,2,200
3,0.003208259,0.98414624,2,31
4,0.0013157708,0.9896348,2,20,0.011480194,0.93505734,2,50,0.004988372,0.9473696,2,72,0.006411378,0.93397486,2,93,0.009290649,1.0137072,2,114,0.015189782,0.92601776,2,134,0.0,0.9117837,0,154,0.0,0.92571163,2,174,0.0,0.96539044,2,200
5,0.016907126,0.92307156,2,20,0.019740187,0.8756575,2,42,0.0,0.64130306,1,65,0.0,0.8328002,2,92,0.0,0.89452654,2,114,0.0,0.8477975,2,142,0.0,0.86563665,0,163,0.0010713668,0.6975142,2,200
6,0.0052685332,0.8427817,2,28,0.013587901,0.88362086,2,48,0.0,0.6404316,2,69,0.0,0.9762254,3,89,0.042121917,0.7884457,2,114
7,0.004218458,1.0190511,2,21,0.010804881,1.0220369,2,42,0.024788668,0.90678215,2,66
8,0.0031784354,0.96613276,2,21,0.046515085,0.8999614,2,44,0.010420727,0.9535933,2,73
9,0.015066732,0.9369023,2,22,0.016044334,0.9811303,0,53
10,0.0112231355,0.936127,3,36
11,0.00637049,0.99377084,2,23
12,0.023447713,0.99234277,2,24,0.0,1.0013083,2,49
13,0.0,0.9579522,2,20,0.0,0.92005503,0,41,0.048362337,0.9402317,2,61,0.0,0.6631523,2,90,0.00342603,0.4111587,1,133
14,0.0026157366,0.9682538,3,39
15,0.0054797893,1.0497236,2,23
16,0.011307958,1.0247514,2,31,0.018355187,0.9687767,2,51,0.006472007,0.9412729,2,90
17,0.0025174809,0.90588784,2,26
18,0.021067286,1.0008548,2,20,0.001963138,1.0704908,3,41,0.0077855703,0.9174571,2,68
19,0.0049803914,0.9254121,2,23,0.018059287,0.66579163,1,51
20,0.0051724045,0.9551484,2,26,0.0016439015,0.8671149,2,46,0.0,0.87238514,2,66,0.07748281,0.6688617,0,96
21,0.00069955696,0.9589804,2,24,0.0,0.94936085,2,44,0.0,0.91837996,2,67,0.0,0.927755,0,87,0.0010203907,0.927955,2,107,0.0,0.7694615,2,128,0.0062938496,0.53527117,2,148,0.008816983,0.52622485,2,168,0.08743538,0.54831433,2,200
22,0.017711714,0.9629187,2,27,0.0,0.90576416,3,48,0.0,0.5821792,2,85
23,0.00035315574,1.0093606,2,21,0.009963756,0.9306799,2,41,0.0033559515,0.9447123,2,61,0.0062247347,0.99007094,2,81,0.011890841,0.95004,2,101,0.0148035465,0.99003,2,125,0.0022030154,1.0167888,2,146,0.0025099155,0.9505444,2,172,0.021382729,0.8502514,2,200
24,0.020974388,0.7192952,2,20,0.147235,0.6169284,2,40,0.0,0.50628006,0,60,0.0062578423,0.7158539,2,86,0.0,0.88031656,0,106,0.0146216955,0.52438563,2,126,0.01874955,0.5065541,2,149,0.031823423,0.63835144,0,188
25,0.0044466835,1.0158273,2,30
26,0.00024648468,1.0327243,2,20
27,0.002712122,1.004656,2,23,0.011939902,0.9997557,2,43,0.0076103234,0.9801947,2,63,0.0021032616,0.91511726,2,97
28,0.019029088,1.0282371,2,20,0.0,1.0695467,2,40
29,0.0,1.0370504,2,20,0.0039669373,1.0160356,2,52
30,0.0023265185,1.0193369,2,27,0.0069123255,0.96267587,2,47,0.017478056,0.90486044,2,76,0.010130658,0.9418458,2,97,0.0071779946,0.8981281,2,124
31,0.004267407,1.0246327,2,35
32,0.00046648536,0.8879251,2,21,0.0,0.7510367,2,62
33,0.018583262,0.85681736,2,20,0.0,0.89281815,2,40,0.033126872,0.84097946,0,60,0.0008152906,0.9321546,2,83,0.0,0.9951435,2,112
34,0.010566744,1.0152445,2,29,0.021277614,0.9409202,2,49
35,0.0,0.9763964,2,22,0.0461678,0.80173427,2,42,0.0,0.96443397,2,62
36,0.006244924,0.9762198,2,25
37,0.003790123,0.9247263,2,20,0.012633177,0.99143535,0,40,0.009239808,0.9673409,2,62
38,0.001797963,0.95779854,2,22,0.0,0.92794734,2,43,0.010568449,0.81730145,2,63,0.04129047,0.90855896,0,83,0.13987026,0.7773008,2,104,0.013251979,0.9687114,2,125,0.074003465,0.90511674,3,145,0.006164978,0.65424985,2,166,0.014545466,0.56547326,2,200
39,0.006551915,0.9574954,2,21,0.013330134,0.9973816,2,49
40,0.0050972947,0.98343354,2,24
41,0.0,1.0126303,2,20,0.009959411,1.0268155,2,40,0.0037616827,1.0274986,2,75
42,0.006313245,0.87952864,2,22
43,0.0034946096,0.98389465,2,31
44,0.003999332,0.98985666,2,24
45,0.0,0.9563519,2,20,0.04457208,0.89898247,2,42
46,0.0042806948,1.0262291,2,35
47,0.0020510396,0.9426363,2,20,0.0,0.995546,2,40,0.0,1.0087445,2,68,0.009133629,0.93281144,2,88,0.00614734,1.0160805,2,118,0.016484413,0.92831105,2,145,0.0,0.95007527,3,165,0.0,0.90732694,0,192
48,0.0032829368,0.9759409,2,20
49,0.0031412866,0.9929446,0,20,0.0032198918,0.97228396,2,40
50,0.01513529,1.0467091,2,21,0.017974282,0.95412606,2,41,0.0002882653,0.92695856,2,74
51,0.0010016591,0.96760446,2,23
52,0.0010680386,1.0379062,2,26,0.011525102,0.99026316,2,61
53,0.0,0.89095306,3,20,0.015731018,0.8982763,2,40,0.01502548,0.8687841,2,80
54,0.017741015,0.9126707,0,22,0.0,0.75541776,0,46,0.0,0.9980454,0,68,0.027995314,0.61199623,0,103
55,0.009156478,0.9600781,2,23,0.020878948,0.9656393,0,45,0.02158326,0.88103014,2,73
56,0.0070478283,1.0174896,2,27
57,0.00034436234,0.9921982,2,24,0.010655625,0.90431947,2,49,0.0,0.98281056,2,72,0.0048312973,1.0598688,2,97
58,0.0021170874,0.97901714,2,30
59,0.004875716,0.94368607,0,22,0.034896024,0.91251683,2,43,0.010776294,0.9990321,3,65,0.022824705,0.8508549,2,98
60,0.022191985,0.9142078,2,40
61,0.011453378,1.0070881,2,30
62,0.008565853,0.9583069,2,21,0.0,1.0501039,3,41,0.016864413,0.9017664,2,64
63,0.010993471,0.95804214,2,25
64,0.00036745533,0.9813616,2,35,0.0050468175,0.94488907,2,58,0.023855738,0.9179969,0,87
65,0.00967567,0.86794597,2,21,0.01207233,0.8755313,2,41,0.0,0.71141857,2,61,0.0,0.5611021,0,83,0.0,0.5762491,2,105,0.0,0.6031679,2,125,0.026382402,0.645703,0,161
66,0.0,1.0169886,2,20
67,0.007665955,1.0316625,2,29
