0,0.04480919,0.98113537,0,20,0.018415492,0.9540079,2,44
1,0.0,1.0275741,2,31
2,0.040095996,1.0579336,3,20,0.053294647,0.8770978,0,41,0.0,0.94246024,2,61,0.07125219,0.90057826,2,82,0.01313284,0.70336187,2,103,0.005823516,0.6266751,2,124,0.118181236,0.44300005,0,148
3,0.051257737,0.86099833,2,20,0.0,0.8358323,2,40,0.0,0.94762003,2,60,0.0,0.6821744,0,80,0.0,0.43618983,0,100,0.01969914,0.2116491,2,120,0.034312163,0.4359378,2,159
4,0.0,0.93492806,2,20,0.013833233,0.9796887,3,50
5,0.00020592118,0.8246302,2,21,0.0,0.87473047,2,41,0.0,0.92810404,0,61,0.0,0.56628144,0,81
6,0.0020575146,0.99468005,2,23,0.0,1.0246114,3,45,0.0,1.032579,2,70,0.006537649,0.8897139,2,96,0.012173175,0.99751854,2,119,0.0,0.92742074,2,139,0.0,0.8115683,2,160,0.012539904,0.7480198,2,200
7,0.018203808,0.94642955,2,39
8,0.011903696,0.9648493,2,21,0.048207965,0.90215564,0,43,0.017824488,0.93640697,2,64
9,0.0,0.85655755,3,21
10,0.013399298,0.88690495,2,21,0.0017556088,1.0545485,2,41,0.026694894,0.87983793,2,62
11,0.0034300957,0.96194804,2,29
12,0.024431905,0.90081036,2,20
13,0.0015557754,0.95599645,2,34
14,0.0072495355,1.0054281,2,21,0.014653995,0.95540285,2,49,0.021952767,0.94020987,2,72,0.07310608,0.8619528,2,92,0.0,0.84886456,0,112,0.07126725,0.59815985,0,133,0.0,0.6160335,2,156,0.016991029,0.81352043,1,176,0.0,0.55343777,0,200
15,0.014240066,0.9679563,2,23,0.010854197,0.95779335,2,50,0.0,1.0971154,0,70,0.0,1.129842,0,90,0.0,0.99332494,3,110,0.0,0.8140238,2,135,0.0,0.87482625,0,157,0.023357317,0.6956502,2,180,0.047834337,0.6358826,0,200
16,0.00028521562,1.0898831,2,35
17,0.0051532313,1.0020368,2,20,0.027522683,1.0530504,2,45,0.0036540336,0.9817486,2,65,0.011529772,0.9280108,2,85,0.036603205,0.96385586,2,105,0.013640065,0.93070924,2,137
18,0.0,1.0402058,2,24
19,0.010124724,0.8967957,2,32
20,0.0065659853,0.8758914,2,20,0.0036321073,0.93880266,2,49
21,0.022503782,0.9436318,2,21,0.013112036,0.8228992,0,44,0.010692782,0.71253335,2,64,0.003183176,0.61732864,0,85
22,0.0,1.0002135,2,21,0.00380782,1.0031933,2,41,0.010313884,1.019099,2,66
23,0.011800965,1.0821202,2,20,0.0018074241,1.0323521,2,48
24,0.00025104446,1.0160055,2,21,0.0057762875,0.9878062,2,41,0.0,1.0807204,0,65,0.0,0.87445927,0,85,0.10383366,0.56301117,2,105,0.10095286,0.68122804,2,131,0.021079408,0.721864,2,166
25,0.009179751,0.9913319,2,24,0.0002711891,1.0359784,2,44,0.0008097247,1.0276326,2,65,0.0088906735,1.0282986,2,87,0.0028906285,1.0119036,2,110
26,0.0,1.0028778,2,30
27,0.003041251,0.9854568,2,23,0.008878716,1.0065882,2,45
28,0.0,0.9896537,2,20,0.0038139604,1.0453731,2,40,0.0014256056,1.065898,2,60
29,1.9295709e-05,0.93768483,2,23,0.019405592,1.0125494,2,43,0.015668947,0.92484504,2,63,0.0,1.0040052,2,84,0.0,0.86072695,2,105,0.0478283,0.8468055,2,128,0.014975821,0.72568357,2,148,0.0053659827,0.47795874,2,168,0.037849016,0.60790354,2,193
30,0.0,1.0030317,2,27,0.012482609,1.0069668,2,48,0.0004170591,0.9829068,2,81,0.0,0.9136418,2,101,0.014612576,0.93277305,2,132
31,0.02997529,0.99850446,2,20,0.01917053,0.8862227,2,40,0.0,1.0058903,2,63,0.005460569,0.73574543,2,83,0.0,0.61683995,1,108
32,0.0,0.84266716,2,24,0.014439534,0.84094137,2,46,0.0045658597,0.800101,2,67,0.0,0.5688871,1,87,0.0,0.4341147,1,107,0.0,0.2814704,2,128,0.010763351,0.4056138,1,161
33,0.02111443,0.9975645,2,20,0.10183898,0.8545758,2,44
34,0.0030766889,0.9918203,2,22,0.010527776,1.0092736,2,44,0.0,0.9573187,2,65,0.00790642,0.8709945,0,88
35,0.0068298858,0.9188452,2,30,0.009950033,0.86858934,2,56
36,0.01880674,0.8796538,2,20,0.0,0.9369206,2,42,0.0,1.0576981,2,62,0.0066483594,0.9945814,2,86
37,0.0021162452,0.87836593,2,21,0.0,0.5665632,0,41,0.0,0.45079136,0,63,0.0,0.5035219,1,83,0.0,0.51369286,1,103,0.0,0.7879517,1,124
38,0.010129724,0.93285245,2,23,0.0005798638,1.0480783,2,44,0.035481256,0.8945438,2,64,0.005103872,0.83034056,2,84,0.0,0.8770782,2,104,0.0032717735,0.8907374,2,124,0.0,0.94405526,2,145,0.009042285,0.94204366,2,165,0.0,0.7289827,3,191
39,0.017433226,0.9300983,2,35
40,0.0014765352,0.91216993,2,20,0.017641347,0.87023234,2,49
41,0.0037577196,0.9982181,2,24,0.028225703,0.9215282,2,45,0.016110657,0.5901756,2,74
42,0.0028644442,1.0216354,2,20,0.020273264,1.0739689,2,40,0.00057802437,1.0133821,2,66,0.00435461,0.9322211,2,105
43,0.04029341,0.9273595,3,21,0.010929583,0.98362684,2,41,0.0,1.031454,2,61,0.04233067,0.64450604,2,82,0.021752395,0.72172093,0,102,0.08760029,0.49847767,2,137
44,0.0,0.9178219,2,20,0.032714456,0.64908177,2,56
45,0.024674574,0.89629,2,20,0.0038522866,0.9711528,2,44,0.0,0.9062547,0,71,0.0059130806,0.7931624,0,96
46,0.0,0.91859853,2,20,0.0,0.9556642,2,52,0.0007078079,1.025394,2,86
47,0.02933088,0.969087,2,20,0.035629235,0.92387086,2,40,0.0,0.9917548,2,86
48,0.0,0.92257786,2,20,0.013982782,0.8342998,2,53
49,0.0030184921,0.9379628,2,21,0.0,0.9651438,2,43,0.0060369074,0.96737146,2,63,0.0,1.0187231,2,94,4.478766e-05,0.8611206,2,115,0.012641197,0.91664624,2,136,0.0,0.8996763,0,156,0.010680257,0.9362189,3,177,0.014739132,0.9624059,2,200
50,0.0,1.0006576,3,20,0.0,0.9491275,2,59
51,0.014544616,0.9770816,2,20,0.0058429134,0.9728831,2,49,0.0022527885,0.99602854,3,70,0.04261283,0.94707537,2,102
52,0.0031735003,0.97947,2,21,0.008281155,1.0411438,2,41,0.0,0.7286509,0,62,0.0,0.7540771,2,90
