0,0.0006453906,0.97381955,2,21,0.011263928,0.8845018,3,46
1,0.09525782,0.82036144,0,20,0.0,1.2590652,2,40,0.0,0.8064009,2,60,0.0036151826,0.5544726,2,89
2,0.0031479443,0.9985877,2,20,0.024073178,0.85925883,2,41,0.0037942836,1.0081253,2,77
3,0.014510832,0.98557174,2,45
4,0.0,1.000402,2,23
5,0.006187201,0.9994689,2,20,0.007388055,0.94072527,3,43
6,0.008221026,0.8732127,2,20,0.006358526,0.9121919,2,41,0.0,0.9747346,3,61,0.0,1.2822449,2,81,0.0,0.5325738,1,101,0.0,0.47026297,2,125
7,0.015049199,1.0035605,2,22,0.005209184,0.9288368,2,44
8,0.018697875,0.85348827,2,33
9,0.0,0.8144685,2,21,0.0,0.83176816,2,41,0.0,0.7863854,2,61,0.0,0.4579003,0,84,0.0,0.76486987,0,105,0.0,0.4505283,0,126,0.06976978,0.6543101,0,147,0.0600359,0.5421842,0,169,0.005630809,0.8697787,0,200
10,0.0017539095,0.99843216,2,33
11,0.009698032,0.8690635,3,21
12,0.0024172945,1.0064708,2,27
13,0.015779855,0.8663119,2,21,0.014553251,0.89922255,2,41,0.04844948,0.93556726,2,61,0.010604674,0.79250246,2,99
14,0.016904796,0.7425146,0,20,0.018219478,0.78822875,2,43,0.014054879,0.85413504,2,64,0.0,0.64699936,2,86,0.0,0.5994357,2,106,0.0,0.60758567,2,126,0.0,0.7215637,2,146,0.01941885,0.9203019,2,167,0.0014752431,0.7144793,2,200
15,0.00043306663,1.0421818,2,28,0.0,1.0336461,3,54
16,0.0078091635,0.9836608,2,20,0.00526117,0.8875845,2,40,0.004620338,0.8784331,2,66
17,0.0072649997,0.946486,2,33,0.009089459,0.88193315,2,55,0.0025413467,0.81090987,3,94
18,0.009637343,0.96342707,2,20,0.0,0.9666097,2,45,0.0072245393,1.0695996,2,72,0.00033067103,0.9270129,2,92,0.12634909,0.5971177,0,116
19,0.006398534,0.97848153,2,34
20,0.0,0.9075664,2,20
21,0.0003923999,0.7991358,2,20,0.003225401,0.7960051,3,41,0.0056782896,0.869926,0,66
22,0.0013831351,0.90625584,2,20,0.0,0.99008495,2,40,0.004566127,1.0308797,3,60,0.0,0.94132185,3,84,0.0,1.1230063,3,106,0.0,0.93224156,0,126,0.0042186715,0.9164531,2,150,0.022158185,0.8794226,2,174,0.016668657,1.0095909,2,200
23,0.0,0.90157306,2,20,0.005088354,0.9723258,2,40,0.014544216,1.034569,3,60,0.0,0.9248122,2,80,0.08963617,0.9373438,0,100,0.024279086,0.73236054,2,120,0.0,0.78925496,2,142,0.020714266,0.6575053,0,164,0.012620973,0.6800658,2,200
24,0.0,1.0042859,2,23,0.01739899,1.003529,2,45,0.0,0.9982261,2,67,0.0,0.8949263,2,89,0.0,0.71480376,0,111,0.0,0.6478062,0,138,0.0,0.45177826,0,158,0.025513746,0.42926607,0,191
25,0.00029548304,1.0113125,2,24
26,0.018825056,1.0199447,2,24
27,0.003945564,1.0560268,2,25,0.0009058922,1.0340968,2,53,0.0016006884,1.052927,2,77,0.017894467,1.0442333,2,97,0.0053776177,0.87771225,2,118,0.0133086005,0.80356604,2,144
28,0.0009115829,0.9338135,2,23,0.014143074,0.88581824,2,45,0.0057463483,0.9402381,2,65,0.006605065,0.96790594,2,89,0.0,0.9264491,2,110,0.009982734,0.84154826,0,130,0.014475535,0.97012043,2,154,0.0,1.050798,3,174,0.0,1.0072557,2,200
29,0.020375604,0.9579221,2,21,0.005170099,0.9284177,2,42,0.032685317,0.91205615,2,62,0.0,0.90929306,2,85,0.002688868,0.85273063,2,110,0.008671864,0.90496933,1,130,0.15497635,0.779753,0,150,0.023363,1.0261692,2,170,0.0067275106,0.65196264,0,200
30,0.011222047,0.83616436,2,28
31,0.007287398,0.9601041,0,20,0.0,0.89119804,2,41,0.06314726,0.92389315,3,62,0.042196326,0.84200686,0,83
32,0.035156813,0.93317574,3,21,0.029753754,0.8783673,2,42
33,0.010479895,0.954208,2,20,0.009139056,0.95435447,2,40,0.0,0.9325697,3,60,0.0009120001,0.79734236,2,91
34,0.00089094666,1.0066445,2,20
35,0.029490748,0.9562385,2,21,0.000764562,1.0187954,2,45
36,0.011165494,0.9001535,2,22,0.016838327,0.9504116,3,56
37,0.0,1.012687,2,20,0.0,1.0375702,3,41
38,0.004832353,0.94972557,2,21,0.0,1.0648193,3,41,0.0,0.96024406,2,62,0.0,0.857488,2,82,0.0001972771,0.9677779,2,106,0.006456988,0.9909515,2,129,0.0066017807,0.8913449,3,162
39,0.01692294,0.98804057,2,43
40,0.011249221,0.96583265,2,23,0.0007522266,0.9151805,2,43,0.0,0.6846651,2,65,0.02535901,0.66056406,2,85,0.004867415,0.88597554,2,111
41,0.02758342,1.0048457,2,28,0.0033622829,1.068788,2,53,0.0,1.1396998,3,76,0.0,1.1736648,3,96,0.0018252737,1.1427004,3,117,0.0020552746,0.9683933,2,145
42,0.00013503764,0.9587871,2,27
43,0.01941907,1.0148587,2,20,0.018204192,0.8983056,2,44,0.0053797755,0.89052194,2,71,0.0,0.8051876,2,91,0.0,0.7555547,2,118,0.022207616,0.8795032,2,147,0.0,0.9261177,2,167,0.048514258,0.8144971,2,200
44,0.010517643,0.96559775,2,20,0.015204973,0.99918395,2,59
45,0.0,0.8721279,2,20,0.013336566,0.37873632,0,40,0.07600148,0.33837548,2,78
46,0.026680518,0.8975799,2,21,0.0022248158,0.8854639,2,49,0.00077915506,0.8121346,2,80
47,0.014358364,0.893955,2,23,0.02387434,0.84056693,2,43,0.023133282,0.7373928,2,69,0.0,0.7494887,2,89,0.0024037862,0.6885474,0,110,0.0,0.36095265,1,130,0.0,0.20552436,0,151,0.17123121,0.44021422,2,172,0.010486468,0.51556844,0,197
48,0.0061767637,0.8602112,2,20,0.016422775,0.64719045,0,40,0.020011317,0.74649864,3,61,0.002686861,0.85720414,2,81,0.0024043878,0.8603424,2,103,0.0,0.7846732,0,123,0.014303108,0.9874419,2,143,0.021622043,0.90041137,2,166
49,0.024218181,0.95703125,2,24,0.012921439,0.900314,3,52
50,0.0049078623,0.9819548,2,34
