0,0.010592856,1.0156295,2,26
1,0.0,1.0177794,2,38
2,0.010820579,0.78542733,2,22,0.027583275,0.41871363,1,43,0.0,0.7994436,1,63,0.0,0.92752635,2,84,0.07450621,0.897557,0,105,0.0,0.96402925,2,127,0.0,0.880234,2,156,0.0064031496,1.0328702,3,178,0.035943653,0.7870179,2,200
3,0.0,1.0646869,2,22,0.0004741575,1.0099397,2,51
4,0.0053799106,0.96633774,2,22,0.0058866357,0.98210007,2,50
5,0.019597175,0.9828165,2,40
6,0.012589987,0.92803884,2,31,0.028022742,0.89623475,2,61,0.0028031198,0.87113637,2,85,0.0,0.68781006,2,105,0.0,0.8421842,0,126,0.01551109,0.7912492,2,157
7,0.0,0.8699725,2,28,0.0012862663,0.6440132,0,74
8,0.0007011013,0.9976875,2,23,0.0030506898,0.99380285,2,44,0.0039605717,0.9463715,2,67,0.018817877,0.9685688,2,95,0.005981064,0.7675971,2,134
9,0.010747597,0.94667256,2,20
10,0.0008798799,1.0239626,2,20,0.0,1.0539136,3,40,0.003241377,0.9953474,2,63,0.014277785,1.0033427,2,91,0.0021936398,1.0083733,2,112,0.0,0.9257072,2,134,0.03336883,0.84199965,3,160
11,0.00027119633,1.0468485,2,21,0.047274392,0.9864253,2,41,0.0069350204,0.9778624,2,62,0.004113454,0.9284952,2,84,0.0023680103,0.96957856,2,107,0.021011025,0.932244,2,127,0.00287064,0.9127027,3,169
12,0.013577591,0.76515234,2,20,0.015226543,0.7005427,2,40,0.007871618,0.6166986,2,60,0.050752625,0.5548134,2,89,0.0,0.32254046,0,109,0.050596863,0.40710258,0,129,0.0104911225,0.5543542,0,150,0.02609934,0.536918,2,182
13,0.010763443,0.9246545,2,23,0.00902078,0.96880734,2,59
14,0.00364734,0.94991213,2,32,0.014620994,0.9271718,2,59,0.06382178,0.93259394,2,91
15,0.004212811,0.9743032,2,24
16,0.017009612,0.90219116,0,20,0.023948502,1.0113631,2,41,0.0,1.0360049,3,63,0.009153202,0.8282777,2,98
17,0.0021558325,0.84399194,2,21,0.088468164,0.69049776,2,46
18,0.017547458,0.97589874,2,22
19,0.0051962365,0.9998883,2,20,0.0,0.985021,2,40,0.0,0.8469865,2,60,0.0,0.855157,2,80,0.0,0.49517012,1,104,0.0,0.45997745,2,124,0.018952671,0.48777905,1,144,0.008520302,0.5859457,1,173
20,0.0,1.0319577,2,33,0.013422151,0.98537445,2,76
21,0.007994009,1.0065421,2,30
22,0.013867552,0.9238435,2,21,0.0010564489,0.95766175,2,44,0.0,0.8318309,2,69,0.1256347,0.7294692,2,89,0.060268465,0.84475946,0,113
23,0.0033813016,1.015393,2,21
24,0.04384331,0.86364,2,21,0.06281374,0.8242955,2,45,0.059604336,0.85188705,2,65,0.075991355,0.69655067,2,86,0.008847227,0.8246872,0,106,0.025835343,0.7385018,2,133
25,0.009410964,1.0234284,2,20,0.0021321755,0.98973334,2,40,0.00035432086,1.1211958,2,63,0.030338654,0.9491847,2,83,0.0058883717,0.93709916,2,103,0.0029864616,0.9353118,2,123,0.07294579,1.0188597,2,143,0.04014609,0.9283587,2,171
26,0.016383726,0.94884217,2,29
27,0.0026915886,1.0340209,2,22,0.034312714,0.9386125,2,43,0.008451195,0.9514278,2,64,0.0,0.95838183,2,89,0.027473813,0.9195387,2,109,0.013462531,0.909101,2,133,0.036038335,0.85720456,2,167
28,0.0,0.8165192,2,22,0.0014977398,0.85843533,2,43,0.0,0.6299947,1,64,0.025658304,0.61392015,0,84,0.054470032,0.7014464,0,105,0.0,0.7076899,2,126,0.0,0.63091254,1,161
29,0.008056233,0.99079,2,20,0.001709042,1.0290455,3,43
30,0.029450353,0.7986612,2,21,0.0,0.82626987,2,42,0.0,0.5391131,2,63,0.0,0.42515138,2,88,0.0,0.14020781,0,108,0.0,0.30535045,2,128,0.01369349,0.33853424,1,153
31,0.009680994,1.0494603,2,38,0.0075171795,1.0523734,2,77
32,0.010409874,1.0234805,2,34,0.022910045,0.9984233,2,62
33,0.032795496,0.8940351,2,26,0.0021103485,0.93175745,2,47,0.0,0.80137014,2,67,0.04883107,0.69360566,2,98
34,0.0,1.0120065,2,21,0.0,0.9745354,2,43,0.0069191353,0.8416578,2,63,0.018273728,0.93483716,2,93
35,0.017742554,0.93944234,2,20,0.03485625,0.94957066,2,44,0.0006449005,0.97279346,0,64,0.009865888,0.91497415,2,86
36,0.039453913,1.0109682,2,21,0.019304985,1.021359,2,46
37,0.022282176,0.93733233,2,20,0.02108946,0.9374999,2,47
38,0.0,0.98769474,3,24
39,0.009275749,0.98085976,2,20,0.016216403,0.90471166,2,50
40,0.010650106,0.99621636,2,37
41,0.029479533,0.79859483,2,20,0.006501573,0.73575044,3,40,0.009462003,0.9482813,2,60,0.0,0.8959969,2,80,0.0147245545,0.8794174,2,100,0.0012270533,0.95589876,3,121,0.030417183,0.75555986,2,147
42,0.0014676233,0.78968275,3,20
43,0.03206541,0.91415215,2,21,0.012644088,0.9294127,2,41,0.0,0.7748005,3,61,0.0,0.83221126,2,87,0.015913134,0.9300779,2,124
44,0.020067047,0.96651524,2,24,0.0,0.936023,2,45,0.0,0.8738793,2,68,0.03670866,0.9853986,2,88,0.00028248347,0.91839826,2,108,0.0,0.36313117,2,130,0.008209215,0.44092846,2,154,0.026364058,0.48992738,0,174,0.099546246,0.45275763,0,200
45,0.02335175,0.9853064,2,30
46,0.008000223,0.9674662,2,24,0.004107534,0.8725856,2,44,0.02484531,0.8770479,2,64,0.0018669677,0.85077065,2,84
47,0.0035240352,0.84727895,2,21,0.0046103257,0.98906773,2,42,0.0,1.1162372,0,69,0.0,1.1584965,2,90,0.0142303035,0.8834032,2,110,0.03273349,0.65093267,2,149
48,0.0079373205,1.0217357,2,31
49,0.002718056,1.0271528,2,28
50,0.009945786,0.95916235,2,20,0.020604612,0.8640992,2,47,0.013436112,0.8718969,2,70,0.0,0.9920994,0,91,0.0,1.0205243,0,111,0.007803221,0.7520467,2,132,0.029232303,0.56928754,2,152,0.09642526,0.56869745,2,172,0.040936943,0.6364302,2,200
51,0.0030221287,1.0553694,2,21
52,0.017054368,0.9023881,2,20,0.008130345,0.8963968,2,40,0.0,0.8763506,2,64,0.07642704,0.6403542,2,84,0.021647569,0.63586134,2,106
53,0.008688228,0.9866983,2,41
54,0.0065180804,1.0160563,2,25,0.0026349688,1.0616809,2,45
55,0.016023116,0.9451438,2,29,0.0151334265,0.9867657,2,53
