0,0.02029975,0.9570552,2,21
1,0.024349116,0.69946295,2,22,0.024918783,0.70477283,2,42,0.0,0.31752497,1,66,0.042205293,0.23819432,1,94
2,0.008950162,0.9173802,2,20,0.018653233,0.9437431,2,43
3,0.024823133,0.7732801,2,21,0.0,0.815004,2,43,0.06708892,0.61800295,2,63,0.020623337,0.64429307,0,85,0.0,0.53537315,0,107,0.0,0.34266892,2,127,0.07352477,0.41441983,2,147
4,0.021796849,0.7604455,2,27,0.052461583,0.6861697,0,50,0.06706099,1.0375397,0,70,0.0,0.8255037,0,93,0.105219916,0.6710422,0,113,0.0063813166,0.610722,0,152
5,0.024184318,0.9928206,2,39
6,0.0030241557,1.0479244,2,20,0.0,1.0787487,2,40,0.0031876916,1.1032089,2,62,0.004288355,1.04252,2,98
7,0.0033786867,1.0158198,2,39
8,0.0,0.8977909,2,20,0.0067011025,0.7611828,1,58
9,0.0156031605,0.9980338,2,25
10,0.016949711,0.85174096,0,20,0.014575506,0.9430778,2,41,0.0038883514,0.79138017,2,61,0.0068215914,0.9811797,0,81,0.0,0.9616101,0,102,0.0,0.7408991,2,124,0.07961276,0.5373074,2,148
11,0.009997485,0.971971,2,30,0.023438495,1.0033971,2,55,0.0,0.9596858,2,75,0.0044299583,1.0097187,2,95,0.0,0.9583628,2,118,0.0044755805,0.9459886,2,144
12,0.0002623126,1.0247732,2,28
13,0.008084537,0.9750253,2,34
14,0.0026031195,1.0342474,2,23
15,0.0047713,0.97325206,2,30
16,0.0,1.0431796,2,22
17,0.017552251,0.94600296,2,24,0.0,0.84234226,2,44,0.0,0.8130579,2,64,0.0,0.8163651,2,84,0.000802712,0.76881903,2,106,0.05925456,0.7261708,0,127,0.06570931,0.631683,0,147,0.019498143,0.6857736,0,168,0.038533434,0.62940896,1,200
18,0.015873674,0.73018086,2,20,0.0070572183,0.8864892,2,41,0.00033319462,0.86862946,0,61,0.032978706,0.6811703,0,96
19,0.0049881954,0.9500098,2,24,0.016781641,0.84274405,2,44,0.024326464,0.7380175,2,64,0.0,0.75239766,2,84,0.0,0.94653666,2,104,0.0,0.7793879,0,125,0.0,0.65123546,2,145,0.0,0.49768987,2,166,0.044660773,0.62131155,2,194
20,0.0012026815,0.9929812,2,24
21,0.0115494365,0.9460531,2,22,0.0060969307,0.99628574,2,46,0.00044369837,0.9765674,3,66,0.019674294,0.9032974,2,92,0.022297075,0.9189688,2,112,0.037077267,0.9079522,3,132,0.011117721,0.8512058,2,152,0.02477949,0.9484067,2,190
22,0.0037580663,0.9956425,2,27,0.0077992794,0.8474617,3,63
23,0.002553786,0.9598623,2,21,0.014705218,0.95243335,2,42,0.027800707,0.85497177,2,63,0.012725422,0.7575175,2,83,0.02932948,0.61718315,2,106
24,0.0068677543,1.0179956,2,40
25,0.0037702702,0.96108246,2,24,0.012473477,0.8661326,2,44,0.0,0.68399864,0,71
26,0.017776303,0.8445355,0,20,0.005032829,0.6544485,0,40,0.081259534,0.74158466,0,60,0.0009103768,0.94977796,2,86
27,0.0016708903,0.9580406,2,20,0.0,0.89824843,2,42,0.0017840795,0.887648,2,62,0.0,0.95769453,0,86
28,0.0010661796,0.9586024,2,32
29,0.023220327,1.0175093,2,21,0.00580054,0.94385445,2,42,0.0,0.9697523,2,62,0.0072321976,0.9213886,2,92,0.016250458,0.89846075,0,112,0.013417852,1.0517027,2,132,0.0042668,0.89330125,2,157
30,0.012443385,0.8977872,2,29,0.009885939,0.64789253,2,49,0.01640976,0.7911675,2,90
31,0.0015727315,1.014449,2,22
32,0.0036248819,0.96484196,2,27
33,0.03697806,0.8958642,2,20,0.0016417954,0.928944,2,42,0.011238689,1.1229457,2,63,0.0,1.1227323,0,85,0.004167204,0.9769111,0,107,0.0,0.7437035,2,127,0.009044452,0.70130956,1,147,0.012767372,0.73162746,2,171,0.056135535,0.70613754,2,200
34,0.0019927036,0.9247689,2,20,0.04490601,0.9416739,2,40,0.023106739,0.9736535,2,71
35,0.0,0.9898621,2,21,0.002587289,1.09878,2,43,0.0,0.9610535,0,63,0.012880955,0.772817,2,99
36,0.07150449,0.70459396,2,21,0.008621917,0.77792835,0,41,0.004797785,0.80977285,2,61,0.015086806,0.778157,2,97
37,0.0,0.8988506,3,20,0.0022066566,1.0052942,2,41,0.0,0.94979656,2,73
38,0.008728791,0.958096,2,21,0.010281761,0.9533374,2,47
39,0.0073751886,0.9864045,2,31
40,0.016106138,0.8833898,2,20,0.0026742555,0.9457998,2,53
41,0.012396328,0.9726144,2,21,0.03513077,0.92941475,2,42,0.0020674467,0.94726944,2,77
42,0.005834829,0.95794153,2,29,0.0034592152,0.95439696,2,51,0.0,0.9002761,2,73,0.008899731,0.91995275,0,93,0.019589648,0.8797601,0,116,0.0,0.79160404,0,136,0.064684615,0.677204,1,156,0.017661143,0.6972217,0,178
43,0.0071883723,0.9583758,2,28,0.0,0.9555202,2,51,0.0,0.89127254,2,73,0.0082558775,0.7710012,2,93,0.0026444055,1.0062578,2,114,0.0036407677,0.9402431,2,137,0.014445676,0.95258296,0,157,0.04137077,0.88190013,2,177,0.019437863,0.87401956,0,200
44,0.014438395,0.9200942,2,24,0.055083387,0.7991605,2,53
45,0.010631265,0.7928535,2,21,0.0,0.6444383,1,42,0.004537723,0.6682763,2,62,0.0,0.62348807,2,84,0.023061229,0.9775363,2,107
46,0.0054734778,1.0207393,2,25
47,0.0,1.0225955,2,34
48,0.006595084,1.0192959,2,20,0.0029338752,1.0496726,2,52
49,0.024043446,0.8657289,3,36
50,0.013792821,0.95847565,2,21,0.0,0.9891789,3,42,0.007293004,0.9732538,2,73
51,0.0,1.0132995,2,22
52,0.0019072697,0.99182683,2,25,0.00049031636,1.0291761,2,45,0.0017372648,1.1015799,2,72,0.0024266965,0.9820651,2,92,0.003386419,0.99070734,2,114
53,0.009975688,0.9458516,2,23,0.027969051,0.7841944,2,60
54,0.029355738,0.93516237,2,20,0.021652093,0.97186506,2,52,0.0060568983,1.0107547,2,80,0.06066646,0.8598393,2,100,0.009003575,0.8378315,2,124
55,0.028953208,0.9342132,2,39
56,0.01511545,0.91500866,2,39,0.020558707,0.9545222,2,69,0.0052883998,1.0056121,2,89,0.0,0.815423,2,109,0.0,0.6103261,1,129,0.0361711,0.8748182,2,149
57,0.0,0.98373187,2,34
58,0.0,0.917188,3,24,0.0,1.0407999,2,45,0.0,1.0212135,2,65,0.0035656032,1.0277075,2,101,0.0026122418,1.0565579,2,121,0.00059955625,1.0781789,0,146
59,0.019727672,0.76994604,2,20,0.0,0.8032504,2,48,0.0,0.7317666,2,68,0.003853766,0.40994513,0,89,0.041005183,0.47791004,2,110
60,0.007036434,0.95803505,2,21,0.0032617874,0.94044876,2,41,0.0074733254,0.9442265,0,68
61,0.010803831,0.9230225,2,31,0.0041742413,0.82603264,0,53
62,0.001546479,0.9852878,2,30
63,0.0063768136,0.86231476,2,21,0.02112368,0.6651296,2,44,0.009758046,0.70935243,2,66,0.007162184,0.8442479,2,88,0.0049272524,0.71372086,2,125
64,0.013294948,0.98569286,2,21,0.01088067,1.0441356,2,44,0.0018942587,1.0554379,2,64,0.001375851,1.0065825,2,86,0.020914927,0.8570755,2,110
65,0.01141479,0.7373979,2,21,0.0,0.45805374,2,60
66,0.02184914,0.9964669,2,38
