0,0.016510125,0.9502689,0,20,0.0052427263,0.91805124,2,51
1,0.005773262,1.0001009,2,30
2,0.020820715,0.9341366,2,41
3,0.002045859,0.9442031,2,27,0.004233564,0.9616,2,50,0.008598118,0.824805,2,71,0.0044877566,0.97100127,3,91,0.0,0.76014465,2,116
4,0.016967522,0.9715684,2,24,0.009477947,0.9318165,2,47
5,0.0,0.8222906,2,20
6,0.025726706,0.95711446,2,30,0.016366467,0.9752739,2,52
7,0.010371725,0.9488293,2,20,0.02353268,0.96433914,2,40,0.011699396,0.80270064,0,62,0.053872883,0.7344563,0,82,0.0,0.7448148,2,105,0.017871981,0.6137036,2,143
8,0.024119897,0.98726594,2,20,0.019628087,1.0310423,2,43,0.0042494745,0.9120322,2,65,0.0,0.7893038,2,85,0.0,0.7707981,0,106,0.021784503,0.84826934,0,126,0.0,0.87267303,2,147,0.0,0.80760664,2,169,0.008742746,0.77100176,2,200
9,0.016825909,1.0237997,2,35
10,0.003015379,1.0070035,2,20,0.0021177726,1.0445831,2,51
11,0.008815017,0.8825982,2,21,0.01143954,0.6758796,2,41,0.0,0.71352124,2,68
12,0.0048623257,1.0032629,2,20,0.012235018,0.95944715,2,55
13,0.016321883,0.8950567,2,20,0.0,1.03144,2,40,0.0,0.79121363,2,62,0.0,0.782418,0,83,0.0,0.84003574,0,107,0.0,0.7402577,0,127,0.0,0.8719913,0,147,0.0,0.86888486,0,168,0.016185421,0.6209863,2,197
14,0.008408546,0.9909237,2,24
15,0.020076739,0.9287361,2,35
16,0.0020970588,0.79426664,2,21,0.0038250147,0.6848462,0,57
17,0.00011821118,0.98347265,2,21
18,0.0046831006,0.88243234,2,20,0.029106896,0.91377485,2,40,0.016467348,0.7135126,1,60,0.09052734,0.7132574,2,80,0.0062020123,0.9456279,2,105,0.006882013,0.95155454,2,126,0.0,0.86132884,0,148,0.010123107,0.7753723,2,172
19,0.008802099,1.0566058,2,20,0.018480226,0.8957221,2,47,0.01249644,0.9683797,2,68,0.014325203,0.9137898,2,94,0.014828591,0.9299897,2,115
20,0.0,0.9442385,2,25,0.038636763,0.8922421,0,45,0.011385549,0.94682413,2,71
21,0.009449771,0.9993955,2,21,0.0090711685,0.97213227,2,42,0.0029182322,0.9800248,2,62,0.007640721,0.91815776,2,82,0.0058909287,0.98990166,2,103,0.0,0.9180468,2,126,0.0,0.5841022,0,146,0.06833115,0.5001494,2,168,0.013928933,0.7790663,2,200
22,0.03284049,0.85889417,2,20,0.0,1.0864366,0,44,0.022806026,0.847031,2,69,0.018947273,0.6140884,2,91,0.033629317,0.78401333,2,114,0.00065228913,0.82496643,3,135,0.0,0.8438457,2,155,0.000911238,0.8212894,2,195
23,0.009056015,0.98838806,2,31,0.008167714,0.953113,2,52,0.014963384,0.9237992,2,72,0.0,0.94447947,2,99,0.0,0.9114276,2,119,0.0,0.9020463,2,139,0.0,1.0640442,2,165,0.067427784,0.7450216,2,200
24,0.024819747,0.92878014,2,25,0.008956539,0.88453573,2,48,0.0055309264,0.9386352,0,68,0.0042200633,0.9930228,2,88,0.060457606,0.86997575,2,108,0.006671058,1.0738158,2,130,0.0,1.0420293,3,151,0.0325506,0.85703903,2,178
25,0.0,0.95359087,2,20,0.03287932,0.73149174,0,40
26,0.023534615,0.8659213,2,20,0.054463048,0.3358596,0,52
27,0.0044732774,1.0204709,2,21,0.005285253,1.0443691,2,46,0.042826165,0.95629966,2,67,0.008381388,0.92634875,2,88,0.0,1.0291597,2,116
28,0.029870868,0.9476981,2,21,8.056466e-05,1.0233225,2,55
29,0.0,0.9826338,2,34
30,1.2582093e-05,0.8987406,3,25
31,0.0033766406,0.918296,2,25,0.008818196,1.009497,2,46,0.0,1.0501542,2,66,0.0,1.0031841,0,86,0.000756681,0.9404259,2,118,0.01490846,0.9241624,2,138,0.010251097,0.959889,2,165,0.016629573,0.9910953,2,200
32,0.03883573,0.96769804,3,23,0.0,0.8862313,2,43,0.0,0.80753493,1,65,0.0,0.889287,2,85,0.0,0.7886734,2,105,0.0,0.6294888,2,125,0.0018468432,0.69409287,2,145,0.0,0.62812257,1,165,0.004861166,0.41657823,2,185
33,0.002570339,1.0153929,2,20
34,0.0065836976,0.9701272,2,21,0.002606725,1.0410745,3,60
35,0.016870704,1.0037632,2,29
36,0.0,0.85613173,2,20,0.0045515513,0.866111,2,40,0.0,0.52441424,2,60,0.016196607,0.3480676,1,90
37,0.06954074,0.80892044,2,21
38,0.0008185695,1.0077536,2,36
39,0.019597184,0.84145766,2,20,0.0,0.96609867,3,41,0.0,0.92728966,2,61,0.0,0.9114276,0,87,0.007306748,0.6779434,2,121
40,0.0,1.0215824,2,30
41,0.0025866206,0.9577997,2,22,0.04129395,0.97570074,2,42,0.0037547285,0.89396435,2,65,0.0,0.9126176,2,87
42,0.0008461587,0.82140815,2,21,0.001729436,0.86085194,3,49
43,0.009647195,0.95444816,2,21,0.005212266,0.83113325,2,59
44,0.03159875,0.8632593,2,24,0.03660532,0.7875408,2,45,0.017313339,0.71311617,2,66,0.0,0.38399774,2,95
45,0.008578361,0.9303006,2,20,0.021128654,0.9599788,2,45,0.0054768515,0.96173793,2,78
46,0.009099468,0.9396714,2,20,0.002468735,0.973093,2,43
47,0.012018331,0.90612954,2,21,0.0073128347,0.90773964,2,46,0.022219105,0.7675724,0,67,0.00070509646,0.5374325,2,90,0.0,0.5286867,0,110,0.03664991,0.697433,2,130,0.015090511,0.6673017,2,152,0.0076000774,0.8666443,2,187
48,0.017202966,0.9823028,2,20,0.019247659,0.96111107,2,41,0.0035978712,0.9757005,2,61,0.02694424,0.9531434,2,84,0.0,1.0488356,2,104,0.0048916806,0.9936768,2,133,0.029014856,1.1063663,2,153,0.0,0.89754325,2,186
49,0.008696149,0.95757675,2,20,0.030837467,0.9129201,2,41,0.008230197,0.7517521,2,75
50,0.0070274007,0.99853,2,27
51,0.0,1.0323827,2,27
52,0.0,0.7481856,2,20,0.02137708,0.53989226,2,58
53,0.004827533,0.9386245,2,21,0.0,0.99782705,2,42,0.0,0.8839987,0,66,0.0056847874,0.6284623,0,91,0.043858863,0.8001771,0,111,0.0,0.9378832,2,131,0.050054096,0.8932894,2,151
54,0.002640704,0.9931912,2,27,0.0,1.0003805,3,48,0.0033416636,0.9609172,2,72,0.0025151167,0.9672288,2,95,0.014325027,0.91997755,2,115,0.049291156,0.86927474,2,135
55,0.0039515207,0.9504076,2,20,0.035304047,0.9621847,2,40,0.0022667232,1.0621346,2,61
56,0.006266288,1.0269489,2,30
57,0.0026673076,1.1114408,3,22,0.04404025,0.9110208,0,43
58,0.018888906,0.92823267,2,23,0.07741154,0.90687466,2,49
59,0.003701225,0.9627909,2,28,0.011600264,0.9736795,2,50,0.024583079,0.9769982,2,71,0.012656006,0.9636743,2,103
60,0.0045391377,0.9719742,2,34
61,0.012388776,0.982804,2,24,0.00017407248,0.9951521,2,44,0.017935956,0.888464,0,64,0.0,1.1077727,3,86,0.0,1.1118892,0,111,0.0,1.0466528,0,132,0.0,0.85133326,2,152,0.0,0.94418406,2,174,0.0369921,0.7917605,2,200
62,0.0,1.0370218,2,23,0.0044770343,1.012153,2,62
63,0.0028846522,0.9605071,2,20,0.028457487,0.84603435,2,40,0.0036644288,0.8985842,2,78
