0,0.024724955,0.75260305,2,21,0.0,0.7052583,2,43,0.0074547217,0.6200466,1,64,0.0,0.7687173,2,84,0.0,0.7133932,0,104,0.0,0.4576086,1,124,0.0,0.59368116,1,145,0.0,0.4465297,1,167,0.020338641,0.44971177,1,194
1,0.011594533,1.0122862,2,20,0.009743368,1.005285,2,43,0.05626128,0.95315874,2,63,0.012216637,0.9699931,3,88,0.046055168,0.8668591,2,120
2,0.02618495,0.84078914,2,20,0.0047904514,1.014155,2,58
3,0.003912361,1.0339178,2,20,0.008033106,1.0671637,2,43
4,0.022422474,0.9620964,2,20,0.018746573,0.8849117,2,40,0.0,0.84508353,2,61,0.0,0.83914095,2,83,0.0,0.8084564,2,103,0.0016167556,0.8386341,3,127,0.0,1.0545465,3,147,0.0,0.9694787,2,168,0.014390848,0.88069797,2,200
5,0.0046442216,0.9737121,2,20,0.015858112,0.98133886,2,40,0.034150448,0.85920525,2,60,0.031214219,0.9021434,2,85,0.0025074703,0.9505232,2,108,0.0,0.9687619,2,128,0.05498907,0.9260937,2,148,0.009855024,0.9823741,2,184
6,0.015631214,0.99571,2,23,0.00889218,0.9540756,2,53,0.009564896,0.91299146,2,75,0.043678947,0.88120556,2,95,0.013678424,0.8964184,2,115,0.03468896,0.79815567,2,138,0.021030402,0.8811344,2,161,0.037144598,0.53872913,2,200
7,0.013003595,0.9719901,2,20,0.0060387864,0.95476115,2,45,0.0021441653,1.0079851,2,70,0.0059340377,1.0128901,2,95,0.043757357,0.74559903,2,124
8,0.0,0.8201579,2,35
9,0.00826229,0.9935192,2,23,0.0030982632,0.98861367,3,59
10,0.016905593,0.9729431,2,39
11,0.0,0.997407,3,22,0.008566125,0.9647465,2,43,0.022792405,0.90370864,2,82
12,0.0014309797,0.9595248,2,20,0.01156416,0.95746416,2,43,0.00657552,0.97873235,2,65
13,0.005895436,0.9238592,2,21,0.0,1.0456227,3,43,0.0017811743,1.0675485,2,64,0.0,1.0096148,3,86
14,0.0163808,0.9924301,2,34
15,0.0068145297,0.8875187,2,20,0.054032248,0.7494013,3,40,0.008483173,0.5724673,0,61,0.0,0.5513572,2,81,0.048240952,0.7095532,2,116
16,0.00020748725,0.98334616,2,31
17,0.025963074,0.9240745,2,24,0.010803015,0.9085801,2,47
18,0.009207224,0.97627324,2,36
19,0.020462,0.95490474,2,24,0.0,0.871446,2,44,0.0044835173,0.8636528,2,65,0.0,0.65053964,2,87,0.0,0.5027971,2,111,0.0,0.6451025,1,131,0.029774867,0.57397497,2,152,0.028544324,0.35580584,0,173,0.15163875,0.3201043,2,196
20,0.003561215,1.0197953,2,20,0.0043253656,1.0701499,2,40,0.0010135935,0.98870486,2,61,0.007957074,0.9378763,2,83,0.016926639,1.0293478,3,105,0.00873361,1.0125124,2,127,0.08751029,0.68727094,2,155
21,0.008126102,1.021189,2,28
22,0.016544893,0.9598562,2,20,0.024865372,0.9924391,2,42
23,0.038929693,0.82944244,0,21,0.0,0.7921098,2,42,0.018717708,0.6797443,2,62,0.0,0.3947321,1,100
24,0.00655649,0.95150244,2,23,0.005700695,0.9749613,2,43,0.014980372,0.88766634,2,68
25,0.008113146,1.0115252,2,21,0.018035028,1.0381501,2,44,0.0060373717,0.97551775,2,64,0.010921716,0.94418424,2,86,0.0,0.9755036,2,118,0.006101603,0.97072124,2,138,0.0111493645,0.99207765,2,158,0.004447865,1.0012625,2,179,0.039200414,0.78974426,2,200
26,0.0068789436,0.91799575,2,24,0.011652719,0.90010536,2,44,0.004447285,0.9137655,0,72
27,0.0068134884,0.9922085,2,29
28,0.008206537,0.9607037,2,32
29,0.0,1.0302877,2,21
30,0.025952721,0.9260271,2,20,0.036343664,0.8578119,2,44
31,0.003839018,0.8812347,2,22,0.0,0.7581763,2,43,0.0,0.50014484,2,69,0.0,0.46702653,2,89,0.0,0.5049085,1,109,0.0,0.7041893,2,130,0.0,0.86507624,1,152,0.0,0.29095083,1,172,0.0,0.5188294,1,200
32,0.015057881,0.918314,2,20,0.0,0.7868557,2,47
33,0.015229819,0.8124736,0,27
34,0.0,1.0221837,2,20,0.0,0.92318666,0,40,0.007852856,1.0011317,2,61,0.0054648034,0.96203387,2,84,0.004144958,0.9941907,2,105,0.008092636,1.0077789,2,125
35,0.002414345,0.9629713,2,20,0.0022360408,0.9115206,2,40,0.013938993,0.9154956,2,60,0.0034796554,0.87935525,2,88
36,0.024366643,0.9064957,2,21,0.022484187,0.8915084,2,41,0.0,0.7176175,2,62,0.0,0.52679205,2,83,0.006533832,0.6212062,2,117
37,0.005169493,0.9552848,2,21,0.00025462854,1.0269306,2,41,0.0005563291,1.1116855,2,74
38,0.005703413,0.89765483,2,36
39,0.00070631685,1.0093206,2,25,0.0198602,0.9206184,3,47,0.0013655184,0.9076168,2,67,0.0,0.9778882,0,87,0.0,0.94965667,2,107,0.012343484,0.94472694,2,127,0.0008164259,0.8762065,2,147,0.010202597,0.93415546,2,167,0.016790476,0.9517011,2,200
40,0.018232984,0.89923155,2,28
41,0.0,0.9600173,2,21
42,0.0004682241,1.0218413,2,20
43,0.0178738,0.8754789,2,33
44,0.0,0.5950751,0,20,0.02570444,0.6079532,0,40,0.0,0.793507,3,60,0.02697215,0.43695757,2,99
45,0.004857803,0.9934343,2,23,0.005220731,1.0024215,2,43,0.003931935,0.99199635,3,70,0.0,1.1247143,3,90,0.0,0.86810905,2,110,0.0,0.7432483,3,131,0.021282392,0.91890705,2,167,0.021251317,0.9169111,2,200
46,0.020159276,0.9872361,2,23,0.0016267468,0.9937106,2,46,0.03514962,0.9775731,2,70,0.0,0.8368139,2,90,0.031031873,0.95572585,2,110,0.0037909306,0.75420094,2,130,0.0049315235,0.72934514,2,151,0.0,0.69269055,2,174,0.054734316,0.7195121,2,200
47,0.017231572,1.0241644,3,20,0.00932042,0.9276884,2,40,0.0,0.8637856,2,60,0.040774446,0.54067326,2,86
48,0.0007970672,0.9650698,2,22
49,0.0,1.0000762,2,23,0.0,0.9545054,0,44,0.018604249,0.8508507,2,69
50,0.0152761275,1.053382,2,22,0.0,1.0161796,2,42,0.0,0.97310096,2,72,0.0055481405,0.9106773,2,92,0.02707506,0.81075454,2,118,0.014805804,1.0232092,2,139,0.003865718,0.9473761,2,161,0.014309702,0.89939415,2,198
51,0.0,1.0539343,2,25,0.010706451,0.990981,2,46,0.007316502,1.0063946,2,81
52,0.010046587,0.9736241,2,23,0.0061565298,0.85890025,2,56
53,0.0017619956,0.98437184,2,23,0.0,0.9900193,3,44,0.0,0.7718716,1,64,0.0,0.6811559,1,104
54,0.012340947,1.043189,3,24,0.0400358,0.8881359,2,45,0.0029834302,0.8060087,2,65,0.0051901964,0.8273474,2,85,0.002499443,0.9840423,0,105,0.007750756,0.91967857,2,125,0.008640137,0.90680265,0,146,0.014577562,0.8785556,0,166,0.007381166,0.86141986,0,190
55,0.0024027315,0.98624814,2,21,0.017871626,1.0580313,2,46,0.0,0.70471597,2,72,0.025132582,0.6215294,2,101
56,0.0062705004,1.0418221,2,36
57,0.0023820954,1.0447063,2,21,0.003008945,1.0072203,2,45,0.0074670673,0.9872416,2,65,0.017602975,0.9961144,0,85,0.0020089515,0.97068095,2,107,0.0017349131,1.0364888,2,127,0.00080976554,0.8768473,2,154
58,0.0072954404,0.94507986,2,22,0.005619114,0.9091831,3,49
59,0.020833114,1.004496,2,21,0.0061631007,1.019894,3,44,0.0,1.0165402,0,67,0.005265414,0.9026307,2,108
60,0.007905126,0.9621289,2,29
61,0.0068904506,1.0340804,2,30
62,0.0028253435,1.026559,2,21,0.009525993,0.9419586,3,43,4.160274e-05,0.9817732,2,63
63,0.021847922,0.9181359,2,21,0.004107343,0.92629135,2,66
64,0.009226582,0.9587512,2,20,0.016225366,0.92665416,3,40,0.0076019303,0.8604792,2,63
65,0.00082324835,0.85608435,2,20,0.01721518,0.88001615,0,42
66,0.0032539659,1.0400621,2,24
67,0.005570309,0.9948599,2,21,0.007988223,1.0472398,2,58
68,0.019894073,0.91950387,2,21,0.012838507,0.83335316,2,41,0.011798817,0.8699687,2,62,0.0028544297,0.9117093,2,83,0.009787801,0.89363176,3,103,0.0954027,1.1006815,0,123,0.0,1.0551022,3,143,0.007339369,0.9404315,2,164,0.03961245,0.75054705,2,200
69,0.0013597815,0.94065714,2,21,0.0,0.83281976,2,41,0.0,0.6792271,1,61,0.015498657,0.73089427,0,83
