0,0.0018430601,0.9764101,3,20,0.0,0.9563659,2,56
1,0.006990231,1.0398588,2,23,0.0015362898,1.0342351,2,53
2,0.00049758115,0.9283247,2,26
3,0.0118912915,1.0204697,2,33,0.0118370345,1.00471,2,53
4,0.02929247,0.90733194,2,21
5,0.0,0.94814676,2,25,0.0334037,0.89253217,2,45,0.0,0.9873378,2,72,0.0040926486,0.97097474,2,95,0.005863385,1.0024923,2,115,0.021969361,0.91697013,2,136,0.0033571683,0.96388924,2,156,0.0037953726,1.0119458,2,178,0.013466865,0.8087283,2,200
6,0.0031807031,0.8411925,2,24,0.0,0.83372366,0,62
7,0.010248165,1.045235,2,24
8,0.0,1.0240268,2,23
9,0.020262316,1.0014156,2,20,0.023993177,0.92880166,2,40,0.006107734,1.0223945,2,62,0.013572765,0.99493957,2,89,0.0040032254,0.8940703,2,109
10,0.0,1.0465075,2,26
11,0.0094784275,0.9016373,2,25,0.0045152954,0.7678287,1,45,0.020669665,0.79928637,3,74
12,0.014247352,0.9936107,3,21,1.7614553e-05,1.0295949,2,48,0.0,0.8377412,2,69,0.0,0.9067706,2,89,0.0,0.74036986,0,112
13,9.902325e-05,1.042004,2,37
14,0.004302864,1.020125,2,24,0.0,1.0525271,2,54
15,0.04874003,0.90436,2,21,0.018940613,0.78007925,2,41,0.0017369019,0.67173016,3,61,0.0034405142,0.886319,2,81,0.0,0.2933264,2,108
16,0.008262761,1.0388381,2,22,0.0021369709,1.0682454,2,44
17,0.002667827,0.948969,2,20,0.0,1.0497574,2,45,0.00095875846,0.9537247,2,68,0.032382876,0.93103164,2,89,0.0,0.96361387,2,109,0.0,0.95679116,2,144
18,0.011217063,0.9622939,2,20,0.0,0.87928236,0,43,0.0,0.58392537,0,64,0.0,0.42153186,0,94
19,0.014915642,0.61627877,0,20,0.0,0.8440389,2,41,0.02433588,0.7055658,0,61,0.059074428,0.374618,0,96
20,0.01038098,0.9335016,2,25,0.0032832772,0.9475118,2,46,0.0,0.80075026,2,67,0.012014559,0.85288805,2,97
21,0.008226818,1.0041492,2,20,0.0021925953,1.0808773,2,40
22,0.01285529,0.9916538,2,34,0.013019416,0.85443306,0,54,0.08702459,0.9578473,2,78
23,0.0034757934,0.97696894,2,24
24,0.017820146,0.9586509,2,20,0.010846715,0.88813347,3,44,0.010825149,0.91152984,2,68,0.0037616978,0.82437867,0,89,0.0,0.8266359,2,111,0.027697839,0.8237367,0,150
25,0.016970508,1.015142,0,20,0.0,0.9247063,0,40,0.0,0.8096033,0,61,0.0,0.6333508,2,84,0.0,0.5654933,0,106,0.0,0.74914855,0,128,0.0031363044,0.73529536,2,157
26,0.0,0.9690145,2,20,0.019923938,0.98062146,0,40,0.0,0.94480467,2,61,0.010930188,0.9342265,2,82,0.010101737,0.88518447,2,104,0.0072091357,0.98093873,2,124,0.029419519,0.9383046,3,150,0.0327253,0.8462657,2,171,0.007653993,0.89774907,2,199
27,0.03362916,0.9456935,2,24,0.0,0.9464696,3,44,0.0,0.8531515,2,64,0.009562853,0.8400983,2,87,0.0,0.7818389,2,107,0.0001107502,0.90336245,2,139
28,0.011948159,0.9755031,2,20,0.002334047,0.99101126,2,40,0.007692158,1.0039737,0,60,0.012795085,0.9311287,2,80,0.010119349,1.031998,0,101,0.026568105,0.9960097,2,122,0.014109983,0.8336102,2,143,0.015211308,0.79929984,2,183
29,0.008074728,0.9618586,2,31,0.016157173,0.75215745,2,53,0.003315314,0.8041361,2,77,0.00030353322,0.80944854,2,97,0.025357097,0.82853705,2,125
30,0.00486748,1.0205374,2,20
31,0.0,0.97726095,2,23
32,0.0046027065,1.0081702,2,39
33,0.014171595,0.9325756,2,22
34,0.0030338585,0.96422654,2,39
35,0.028714351,0.855187,2,22,0.011923795,0.8286851,2,43,0.017365078,0.90305626,0,63,0.044116966,0.49431273,2,97
36,0.016337356,0.9622957,2,29
37,0.020953918,0.9780174,2,22,0.0075532068,1.0447158,2,44,0.0051419158,0.98429686,2,67,0.00056838925,0.8226158,2,105
38,0.0053795967,0.9608082,2,24,0.04900905,0.92502576,2,44
39,0.00341884,0.9717911,2,28,0.0,0.66204315,2,50,0.0009900224,0.3015199,1,86
40,0.015037046,0.99126387,2,21,0.035112884,0.9599317,2,41,0.0,1.0292151,0,61,0.06327682,0.9567556,2,87,0.0,1.1133636,2,111,0.0011416608,1.0680511,2,131,0.0066128126,0.9656681,0,152,0.0,0.929238,2,172,0.021559374,0.74932116,2,200
41,0.006718083,0.93938583,0,22,0.07636929,1.147958,3,44,0.0,0.9689234,2,64,0.017758539,0.49305022,2,86,0.0,0.6612791,2,109,0.0,0.6895111,2,149
42,0.012542957,0.8983952,0,21,0.014234254,0.9821226,3,41,0.0,0.937846,2,61,0.0048596803,0.7243279,0,88
43,0.0024511889,0.9582008,2,20,0.008338091,1.014157,2,40,0.0,0.9551887,2,62,0.0,1.0634762,2,83,0.004970822,0.89164877,3,110
44,0.0029478706,0.9832919,2,35,0.013047264,0.9342163,2,70
45,0.015899418,1.0032467,2,25
46,0.015250568,0.9477073,2,26,0.003922394,0.9088446,2,46,0.019539926,0.881371,0,67,0.0014284763,1.0268649,2,87,0.000703,0.9626733,2,108,0.00042661562,0.945666,2,144
47,0.005881274,0.92620504,2,25
48,0.011385124,0.9744955,2,25,0.00328916,1.0191807,2,49,0.011999685,0.9529647,2,79
49,0.0051821135,0.97795975,2,20,0.0076746778,1.0142868,3,42,0.0040789316,0.93388444,2,65,0.0,0.96949506,2,86,0.0,0.9045026,2,106,0.0,0.8985431,2,127
50,0.02488544,0.992017,2,34
51,0.0,0.9189247,2,33
52,0.0027932106,0.97067344,2,25,0.015827132,0.98631155,2,45,0.013080451,0.97194123,2,70,0.0096270405,1.0069797,2,96,0.0,1.0036666,2,118,0.006905447,1.0262332,2,142,0.0009371965,0.978001,2,171,0.0017753661,0.9698753,2,200
53,0.0022545047,0.9281981,2,25,0.028481346,0.6411284,2,54
54,0.016644532,1.0269922,2,35
55,0.004115432,1.0206983,0,28,0.0,1.0112783,2,53
56,0.017297175,0.9567332,2,21,0.030988524,0.9474328,2,48
57,0.010164658,0.95929545,2,28,0.045571234,0.9744254,2,49,0.0,1.0202978,3,70,0.0073760506,0.917882,2,91,0.011291713,0.9113308,2,113,0.029874133,0.948266,2,141
58,0.034227364,0.8254441,2,31
59,0.116905116,0.7718593,2,39
60,0.008591262,1.0034311,2,32
61,0.0054533524,1.0350885,2,21,0.017307976,0.9710266,2,44
62,0.00046194624,0.98122007,2,20,0.0020412179,0.9102108,2,44
63,0.0013957047,1.0692781,2,20,0.0014423787,1.009424,2,58,0.008366797,0.97650254,2,81,0.0042897295,1.020478,2,115
64,0.0,1.004093,2,22
65,0.020617021,1.0189345,2,26
66,0.01816296,0.98949164,2,22,0.0,0.95326465,2,45,0.0,0.69114095,2,70,0.0886105,0.6589985,2,92
