0,0.006461905,0.9219677,2,25,0.0,0.98850214,2,45,0.016287709,0.89545375,2,69
1,0.0,1.0121859,2,22,0.015914751,1.0810102,3,42,0.008426372,0.87472343,2,74
2,0.0062850243,1.0263805,2,20,0.009269534,0.9624885,2,40,0.0,1.0014844,2,61
3,0.010216957,0.83591974,2,20,0.10886703,0.6872851,2,40,0.0,0.8140583,2,60,0.0,0.9734228,0,80,0.0,0.8759965,0,100,0.0,0.6630162,0,120,0.034851823,0.50584376,2,140,0.0,0.58317673,0,161,0.029809335,0.54425305,2,200
4,0.0,0.9947934,2,20,0.0035079455,0.9534649,2,42,0.0,0.9547548,2,62,0.0,1.0117294,2,92
5,0.01462138,0.98519266,2,20,0.0,1.066527,2,47,0.0,0.95890284,0,67,0.022274585,0.94166225,2,106
6,0.0052110623,1.0391719,2,21
7,0.0060966364,0.881369,2,21,0.0,0.98964775,2,41,0.0,0.9289032,3,61,0.012497107,0.70825344,2,84,0.03437007,0.71616435,2,118
8,0.023515973,1.0011605,2,20,0.0,1.0967381,3,42,0.00014432652,1.0361317,2,80,0.0,0.99682003,2,102,0.005390621,0.9571543,2,142
9,0.011760721,1.0192868,2,33
10,0.0,0.97763366,2,20,0.00579904,0.98783106,2,42,0.0,0.8864582,2,65,0.0043428056,0.7792529,2,86,0.0025746003,0.8718988,2,106,0.037549324,0.8009384,2,126,0.004461032,0.8908478,2,148,0.016541027,0.93346125,2,173,0.011485981,0.99950343,2,200
11,0.00031302622,0.95309937,2,42
12,0.0019393049,0.9675733,2,21,0.0,1.0423763,2,42,0.012791807,1.0833185,2,62,0.0,1.1212906,2,82,0.0,0.8837871,2,105,0.012438763,0.7697774,2,131
13,0.02046973,1.0333453,2,23,0.0,1.0173644,2,45
14,0.005232825,0.90039474,0,20,0.0,0.7070649,2,40,0.07738266,0.65609396,0,60,0.0,0.28499967,0,80
15,0.003408824,0.70350224,2,39
16,0.012463502,0.9621284,2,21,0.0,0.9580756,2,48,0.008689382,1.0587567,2,75,0.005356978,1.0337381,3,97
17,0.0052709063,1.0215508,2,31
18,0.00774775,0.9574382,2,23,0.007051766,0.9675657,2,44,0.0072802952,0.96808827,2,65,0.04892204,0.9336134,2,85,0.032529444,1.1048124,2,105,0.0,0.92838824,2,125,0.001378083,0.5632781,1,145,0.0,0.38517424,2,165,0.0016485424,0.6899526,2,200
19,0.016974399,0.8830832,2,20,0.022945952,0.83623433,2,41
20,0.009901566,0.8612447,2,20,0.05112937,0.79325706,2,40,0.0020824075,0.5729717,0,76
21,0.012411118,0.9967779,2,28
22,0.0018725265,1.0308082,2,20,0.0068277256,0.932086,2,40,0.0038671612,0.93068796,2,64,0.008846284,0.90595853,2,84,0.094124265,0.85285807,2,104,0.0,0.9074627,2,124,0.07429424,0.49343887,2,144,0.091103695,0.43698657,2,166
23,0.0,0.9577934,2,22,0.006111874,0.96206635,2,42,0.011119634,0.9048454,2,80
24,0.0038740449,0.9601183,2,22
25,0.0078027276,0.96029407,2,20,0.00087226985,0.94818,2,57
26,0.0,0.9502499,2,21
27,0.00632392,0.8971534,2,20,0.0,0.9525105,2,40,0.011307101,0.80488473,2,60,0.0,0.87731606,0,82,0.0011092781,0.4003514,0,105,0.015072244,0.6440605,2,125,0.00010548079,0.8745198,2,148,0.015202926,0.9303401,2,169,0.008620019,0.9406275,2,200
28,0.025224619,0.846337,2,30
29,0.0094211055,1.0177675,2,20,0.0039734566,1.0177203,3,41,0.0120431185,1.0004764,2,64,0.0017725738,0.9239462,2,87,0.026456071,0.82783127,2,118
30,0.008770608,0.84197056,2,21,0.007800421,0.8058376,2,46,0.012090752,0.86377877,0,66,0.026915502,0.55814004,3,86,0.011415907,0.43097973,2,108
31,0.0,1.063673,2,20
32,0.004156924,0.99672997,2,21,0.008563278,1.0165391,2,42,0.0,0.9515083,2,63,0.0,0.88966006,2,83,0.028212398,0.85031223,2,103,0.010651047,0.98501813,2,124,0.028035928,0.96598876,2,144,0.018197965,0.9879755,2,166,0.00019634028,0.9087083,2,200
33,0.035521574,0.92857844,2,30,0.0143203465,0.92989266,2,50,0.0,1.0455328,2,71,0.0047500296,0.9229406,2,91,0.0032292733,0.94498426,2,112,0.0,0.8430365,2,132,0.0,0.75090677,2,152,0.0009408418,0.8082489,2,172,0.043051653,0.8834114,2,197
34,0.0049935877,0.9395326,3,28
35,0.031448234,0.8988201,2,20,0.0,0.76636726,2,41,0.0,0.633665,2,61,0.0,0.56012696,1,82,0.0032198974,0.56956625,2,102,0.0,0.4382629,0,131
36,0.0042037107,0.92706954,2,21,0.009453126,0.8594536,2,43,0.013053079,0.88366735,2,63,0.0,1.0508536,2,83,0.0,0.88885915,2,103,0.0,0.5442092,2,123,0.017512495,0.3206179,1,155
37,0.0062684976,1.0078154,2,25,0.016078148,1.0015693,2,47
38,0.0,0.980989,2,20,0.004949463,1.0509015,2,40,0.0005479598,1.0316907,3,61,0.0,1.0497253,2,86,0.0,1.0161738,2,106,0.009524255,0.75215703,2,143
39,0.009408166,0.99302626,2,20,0.016278457,0.97697973,0,41,0.004840662,0.959064,2,61,0.029372117,0.9357343,2,100
40,0.035359986,0.96202606,2,21,0.0019254559,1.0764213,2,43,0.0,0.94080174,2,63,0.0,0.77820486,2,87,0.004214425,0.7756911,2,114
41,0.0022487359,0.88977563,3,26,0.006244906,0.9702761,2,49,0.0,0.9792126,2,71,0.012696273,0.8318093,3,108
42,0.001406839,0.90645504,2,20,0.0,0.86930436,2,41,0.005689029,0.82852554,2,62,0.0,0.6620302,1,82,0.008752975,0.3515,1,120
43,0.010084299,0.9422125,2,27,0.0,0.92312086,0,50,0.0,0.8204779,2,71,0.0,0.8471734,2,91,0.016626883,0.7815485,3,111,0.0,0.8879987,1,131,0.0,0.9414433,2,154,0.0006694952,0.73678815,2,174,0.00037355986,0.9202375,0,200
44,0.0,0.9578718,2,22,0.0,1.0444665,2,44,0.0068319263,1.0268646,2,67,0.0,1.020489,2,87,0.0,1.0443817,0,108,0.0026357162,0.95827496,2,129,0.06334158,0.87355596,2,152,0.0,1.0033238,3,172,0.0059269923,0.9353773,2,200
45,0.009787193,0.99951655,2,32
46,0.012027443,1.043996,2,20,0.010910826,0.95819044,2,48
47,0.0017359853,1.0453703,2,22,0.003655285,0.97402394,2,42,0.016867379,0.98539317,2,84
48,0.01770809,0.90499985,2,20,0.0019757678,0.78497225,2,41,0.0,0.65171957,2,66,0.0,0.72475755,2,87,0.0,0.8123018,2,107,0.0067363693,0.46787348,1,127
49,0.0049440595,1.0013479,2,27,0.012878209,0.95977545,2,47,0.027519748,0.91385984,2,67,0.013512104,0.92487437,2,90
50,0.0032159204,1.0228331,2,21,0.0,1.0377779,2,42,0.0,1.0837595,2,63,0.0,1.0134388,2,83,0.0,1.0632284,2,103,0.0068949955,0.9952692,2,131
51,0.005196654,0.97748375,2,20,0.0109529,0.9127229,2,40,0.0022929788,0.68304694,2,63,0.0096223075,0.6581817,0,83,0.0,0.70821345,3,103,0.0,0.65768373,2,123,0.025709998,0.67605746,2,143,0.0,0.7785109,0,163,0.0,0.6305508,0,200
52,0.0,1.025168,2,27
53,0.03842414,1.0059301,2,21,0.017655255,0.88266784,0,53
54,0.014113363,0.9295015,2,23,0.0,1.0326948,2,43,0.017492551,0.84237474,2,78
55,0.005071208,0.87308156,2,29,0.0,0.94749343,2,49,0.00023658024,0.86942595,2,69,0.057628553,0.43642172,0,95
56,0.010138747,1.0219164,2,21,0.013943404,0.9182139,0,42,0.0,0.9399218,3,63,0.0037988692,1.0941637,2,83,0.023116633,0.848005,2,103,0.0031169874,0.9783527,2,128,0.0,1.0236031,2,148,0.002484117,0.9937857,2,170,0.03153774,0.7869823,2,200
57,0.0035862257,1.000322,2,40,0.019277371,0.9585648,2,71
58,0.014420959,1.0263273,3,20,0.0,0.99267197,2,40
59,0.0014971509,0.9163279,2,21,0.01123165,0.9501764,2,41,0.00856725,1.0055723,2,75,0.0,1.040348,2,98,0.0,0.96689713,2,133
60,0.008584306,0.9306582,2,20,5.1302974e-05,0.9131653,2,60
61,0.0051262416,1.0345948,2,20,0.0005018796,0.9255132,0,41,0.0,1.1515559,3,63,0.0,0.8240121,3,83,0.0,0.7838367,2,104,0.013256695,0.88942564,2,136
62,0.014748043,1.016603,2,30
63,0.008526351,0.98132163,2,20,0.0,1.0295622,2,40,0.0,1.0035288,2,61
64,0.0007077691,1.0380006,2,21,0.012104109,1.0111932,2,41
65,0.018622303,0.9927073,2,22,0.012442449,0.9213479,3,42,0.011972845,0.90774965,2,63,0.019278403,0.9349731,2,83,0.005022857,0.97722375,2,103,0.0027896627,1.0383667,2,139,0.003420953,1.0725429,2,163,0.0071378313,0.98346776,2,194
66,0.0046255253,0.9971963,2,21,0.0090643,1.0464296,2,44,0.0126541015,1.0196193,0,64,0.03568474,0.8773239,2,84,0.00052947854,0.9461782,2,106,0.0,0.9567218,2,126,0.0131801255,1.0218681,2,153,0.044864178,0.85516083,2,180,0.0032114438,0.9702791,2,200
