0,0.007365744,1.0115248,2,27,0.005391404,1.0060449,2,49,0.0015278494,0.87000954,0,75
1,0.0034334038,1.0000739,2,21,0.05678333,0.93714416,2,42,0.019643852,0.92079556,2,63,0.0018756045,0.9228313,3,87,0.00829057,0.97736186,2,107,0.006426992,0.98424673,2,131,0.026188392,0.98556805,2,151,0.015020086,0.9667315,2,172
2,0.007362234,0.8366432,2,28
3,0.027049227,1.0222058,2,26
4,0.0015053957,0.998663,2,29
5,0.023558278,0.9385099,2,26
6,0.012244673,0.940867,2,42,0.0017055273,0.7957197,2,81
7,0.04360783,0.9884844,2,20,0.0,1.1009736,3,42,0.032426685,0.82376254,2,73
8,0.0,0.9971859,2,20,0.0,0.8707825,2,40,0.0028240692,0.8808582,2,64,0.022025248,0.7786578,2,103
9,8.179002e-05,1.0226817,2,22,0.0122299595,0.9077496,2,59
10,0.0,0.948023,3,21,0.0,0.9400771,2,41,0.0,0.9320238,2,61,0.0,0.5757197,1,81,0.0,0.5137593,1,104,0.0,0.53652674,1,124,0.009243145,0.5241343,2,151,0.0,0.8331603,2,178,0.008761246,0.9681782,2,200
11,0.025185244,0.9725651,2,22,0.0010487146,0.8954793,2,42,0.0,1.0319732,2,64,0.0011478157,0.9570869,2,84,0.0,1.1146961,2,107,0.0,0.96378624,2,127,0.005902363,0.8655332,2,160
12,0.0019190594,1.0165417,2,22
13,0.014346052,0.9674534,2,22,0.000997324,0.95161813,2,50
14,0.0031510561,0.95311654,2,20,0.0067953337,0.95534676,2,56
15,0.007833454,1.001966,2,30
16,0.011843725,1.0447998,3,24,0.0,0.87024975,0,44,0.0047797603,0.7703682,2,66,0.009011198,0.70800847,2,86,0.0,0.9274704,2,106,0.028296517,0.84083784,2,139
17,0.017802356,0.95161897,2,20,0.008565734,0.92488873,2,59
18,0.001237447,0.9206219,2,24,0.0116360085,0.965823,0,44,0.00969381,0.93071574,2,64,0.009940086,0.96812093,3,95
19,0.010773938,0.82420087,0,21,0.0,0.81134206,2,41,0.072356306,0.8211465,2,61,0.0010529726,0.8087432,0,84,0.00956478,0.40636975,1,119
20,0.0,1.0133706,2,21,0.003140095,0.9253486,2,45
21,0.00093066366,0.9461625,2,23,0.019272665,0.9666365,2,43,0.0032358482,0.97622126,2,63,0.019236755,0.8042539,2,84,0.0,0.8109775,0,106,0.0045351023,0.93110573,0,127,0.021848416,0.93967104,2,151,0.00032295403,0.9935575,2,180,0.0022738338,0.9572401,2,200
22,0.031058522,0.90882725,2,34
23,0.004437246,0.9140058,2,21,0.00081459025,0.8848872,2,41,0.0054996144,0.78325266,2,65,0.02318432,0.89049613,2,86,0.009310488,0.7114176,2,116
24,0.0,0.97274166,2,29,0.0031668828,0.98120755,2,49,0.0067346194,0.999483,2,70,0.0043533505,0.9423489,2,93,0.006886347,0.9408491,2,113,0.06520608,0.7797169,2,136
25,0.0,0.9614607,2,32
26,0.028104877,0.9882547,2,20,0.009951036,0.97480106,0,59
27,0.00694846,0.9208994,2,20,0.0063535003,0.8698352,2,40,0.0,0.8728494,0,61,0.005740905,0.65436244,0,85
28,0.01829066,0.9279438,2,20,0.020340392,0.97901374,2,40
29,0.07702255,0.87162656,2,20,4.2862957e-05,0.84382564,2,44
30,0.00061151944,1.0244768,2,26
31,0.0026823606,0.9834329,2,20,0.05967332,0.9057279,2,45,0.049002126,0.8269122,2,71,0.02009311,0.9554658,2,95,0.01464353,0.98489124,2,116,0.003291193,0.8327206,2,139,0.026354294,0.639175,2,159,0.0,0.5440515,1,179,0.047738083,0.59493226,2,200
32,0.0005737525,0.9386259,3,37
33,0.0,1.0302442,2,21,0.0030971882,0.9996995,2,44
34,0.0043168506,1.0230936,2,29
35,0.017086888,0.9818358,2,21,0.0,1.0411096,2,43,0.008777338,1.0436713,3,63,0.008417306,0.8600286,3,83,0.008871949,1.0219473,3,107,0.0,0.89640135,2,135,0.0,0.7562587,2,156,0.0,0.44906706,2,176,0.006832464,0.6837215,2,200
36,0.018119674,0.92632,2,23,0.015081803,0.68979764,2,52
37,0.0,0.81343526,0,20,0.012149883,0.9110611,3,40,0.0,0.6820117,2,60,0.017335884,0.5465476,0,92
38,0.016344136,0.925548,2,22,0.0,0.89729506,2,45,0.0,0.7662803,2,65,0.03586621,0.9438159,2,85,0.010230408,0.9470844,2,106,0.01935282,0.9041759,2,129,0.008665472,0.8353889,2,150,0.023856472,0.9626764,2,170,0.02094064,0.9991244,2,200
39,0.00092483964,0.9864643,2,20,0.0029858886,0.99951637,2,43,0.0,1.0830677,2,63,0.0,0.92877007,2,83,0.0027268399,0.9590999,2,104,0.002062818,1.0641065,2,124,0.021000158,0.9306997,2,144,0.04830791,0.92249715,3,170,0.02452759,0.8567419,2,200
40,0.01276923,0.9594021,2,38
41,0.017203512,0.91858035,2,20,0.0,0.9836766,2,40,0.0,0.97025925,2,61,0.028686054,0.7122924,2,94
42,0.010861484,0.9541688,2,42,0.0033523454,1.0910871,0,62,0.0017317433,1.0550591,0,92
43,0.004241567,0.90097374,2,21,0.0,0.72869563,2,43,0.038037736,0.8470977,1,63,0.008584217,0.7632767,2,83,0.0,0.67942435,2,121
44,0.011491989,1.0195826,2,26
45,0.012150047,0.87636566,2,21,0.058351625,0.9080124,2,41,0.0026938738,0.77897406,0,62,0.0,0.43355626,2,82,0.0,0.66840535,2,102,0.0,0.6709827,2,122,0.071984604,0.8009262,2,147
