0,0.013095558,0.96496075,2,34
1,0.0141443685,1.0033611,2,23
2,0.010086529,1.0266844,2,27,0.0012323561,1.0445478,2,88,0.0010229396,1.011951,2,123,0.0,1.0391537,2,143,0.011785891,1.0757903,2,170,0.005385309,1.0831263,2,200
3,0.008003663,0.994081,2,20,0.014600635,0.97396994,2,45,0.022845479,0.9681898,2,66,0.0074734455,1.0058129,2,86,0.002772499,0.949197,2,116,0.0028044935,1.0003339,2,148,0.008158976,0.9769573,2,168,0.010133498,0.9865223,2,200
4,0.025106868,0.8915613,3,20,0.016426692,0.8228123,2,41,0.00469902,0.9170872,2,61,0.0,0.8411225,2,81,0.0,0.9087049,2,101,0.0048383013,0.91049945,2,130
5,0.022694387,0.90953517,2,21,0.014351872,1.0324001,2,41,0.020595971,1.0747315,2,61,0.017447364,1.0716594,2,82,0.011868736,1.0366174,2,102,0.0016350709,1.1060675,2,122,0.010559519,1.0784388,2,143,0.0,1.083054,2,165,0.008918492,1.1243173,2,200
6,0.0,0.8448703,0,21,0.058838196,0.64361274,2,41,0.0,0.5227623,1,61,0.0,0.5403958,1,82,0.051999725,0.53434044,1,102,0.0,0.55185676,2,122,0.0,0.6074668,2,142,0.0,0.55180424,1,162,0.0031673508,0.60480034,1,200
7,0.022773094,0.9805481,2,24,0.002624705,0.8820841,2,45,0.0011649468,0.8780205,2,69,0.00037646043,0.7326435,2,89,0.02569606,0.75728834,2,109,0.0,0.5656752,2,129,0.0057596187,0.4066546,1,149,0.020056048,0.6924738,2,170,0.00027128687,0.3590867,0,200
8,0.03136503,0.87189245,2,20,0.010641326,0.84253424,2,40,0.03142526,0.85448134,0,60,0.0,0.83379537,2,84,0.0013431871,0.91373587,2,104,0.004456371,1.0225607,2,130,0.012861689,0.878985,2,156,0.09354435,0.83711165,2,176,0.073661394,0.8708518,2,200
9,0.0012069361,0.94778335,2,20,0.030276064,0.83055484,2,40,0.0040793926,0.840059,2,64,0.0,0.8967979,2,85,0.00996756,0.88646203,2,105,0.0042997,0.88488805,2,125,0.0,0.9155774,2,145,0.018778218,0.84645426,2,165,0.012205927,0.8427692,2,200
10,0.013817539,0.95244217,2,20,0.0042550005,0.9095048,3,40,0.047614597,0.8086725,2,61,0.0005311514,0.8575505,2,84,0.00096982176,0.8690527,2,104,0.0,0.92777365,2,124,0.024301697,0.91936314,0,144,0.0041708318,0.968201,3,164,0.020698143,0.9220505,0,200
11,0.0,0.9969265,2,30,0.0,1.048459,2,57,0.0098316055,0.9598479,2,77,0.010650682,0.9383326,2,107,0.0,1.2092971,2,129,0.0,1.2171824,2,149,0.0,1.1268723,2,169,0.0054303315,1.0744153,3,200
12,0.03096131,0.9051484,3,20,0.0,0.89827853,2,40,0.0002844899,0.83524805,2,62,0.016793953,0.95236605,2,86,0.01783954,0.8541107,2,106,0.019985434,0.8500968,0,126,0.016705543,0.83201706,2,146,0.012812247,0.86340505,2,166,0.008895205,0.86880136,2,200
13,0.0018005492,0.91692746,2,20,0.08607955,0.8741392,2,40,0.04244004,0.8048294,0,60,0.008120503,1.0364949,3,82,0.0,1.0328726,2,102,0.02039108,1.0094496,2,123,0.004720116,1.1115005,2,144,0.0,1.080926,3,165,0.006017439,1.0857931,2,200
14,0.0018021271,1.0343668,2,20,0.0,1.0163445,2,40,0.0,1.0017184,2,63,0.0,0.97743845,3,83,0.0,1.0375167,3,109,0.0,1.0432377,2,129,0.0,1.0039065,2,149,0.0,1.0538744,2,170,0.005722762,1.04699,3,200
15,0.020760393,0.87426215,2,20,0.0023612864,0.81486064,2,40,0.057384312,0.81154025,2,60,0.00034531107,0.87285596,0,81,0.007117121,0.93314534,2,103,0.065202594,0.74156946,2,123,0.04923353,0.8571458,2,143,0.10757685,0.98302287,2,166,0.05694427,0.98599064,2,200
16,0.012707673,0.956041,2,20
17,0.0047249785,0.9953257,2,40
18,0.0,1.0217781,2,24,0.0,1.0260572,2,51,0.004797453,1.0531194,2,73,0.009007614,1.0193692,2,95,0.023089971,0.9849594,2,115,0.0069758072,0.9863529,2,135,0.006217426,0.9873802,2,155,0.0029279203,1.0427909,2,177,0.0,1.0527599,2,200
19,0.013022664,1.0013741,0,24,0.029493542,0.96784955,2,46,0.10077598,0.93167514,2,66,0.05056224,0.95145935,2,95,0.08395436,0.896328,2,118,0.0137283625,0.91897583,2,168,0.035987984,0.98192894,2,200
20,0.007988026,1.0146639,2,20,0.02183783,0.9821691,2,46,0.023442978,0.9847857,2,66,0.0050902283,0.94699484,2,91,0.0034392192,1.004096,2,134
21,0.010817208,1.0155656,2,33,0.01794334,1.0081171,2,54
22,0.014568776,0.8557022,0,20,0.008044219,0.9086876,2,41,0.0,0.85605645,0,63,0.026726801,0.8255167,2,83,0.05496064,0.74335694,2,104,0.0,0.6677508,0,124,0.0021407271,0.7017385,2,150,0.0,0.836797,0,171,0.02427358,0.82948434,2,200
23,0.025774563,0.924311,2,31
24,0.013099356,0.97463447,2,20,0.0014685575,0.91695637,2,42,0.0015305701,0.95766985,2,62,0.0054910746,0.9779777,2,84,0.0022448162,1.0119792,3,105,0.0,0.9538142,3,129,0.027071515,1.0038347,3,150,0.0021626276,0.971145,2,170,0.0030778726,0.9827909,2,200
25,0.0,1.0307877,2,20,0.00022892874,1.0464566,3,42,0.0,0.97700167,3,63,0.0,0.9975942,3,84,0.0,1.0831721,2,107,0.0,1.0855007,3,127,0.0,1.0188966,3,147,0.0,1.0192355,2,170,0.0012391784,1.0060474,2,200
26,0.0,0.9219993,2,21,0.042773105,0.9751296,3,41,0.004898171,0.90124017,2,61,0.0048086443,0.8810233,2,82,0.025734596,0.886743,3,104,0.0,1.1369518,3,125,0.0,1.14149,0,146,0.0,1.1592858,0,167,0.0023573916,1.1365526,3,200
27,0.035626836,0.9254683,2,20,0.015859183,0.883342,2,56
28,4.0976065e-05,0.86339074,2,35
29,0.007995606,0.91716284,2,24,0.014350923,0.95315063,2,44,0.008608074,0.8268351,2,81
30,0.029106125,0.9791085,2,20
31,0.0,0.95958465,2,21,0.0243447,0.89090604,2,53
32,0.0086157415,0.9898422,2,22,0.005335368,1.0233454,2,44,0.013038759,0.9490253,2,65,0.018758519,0.9664035,2,85,0.0022427235,0.97375077,2,106,0.014197861,0.9583583,2,127,0.004742679,0.9845631,2,149,0.0040182755,0.9592007,2,172,0.004903928,0.9526291,2,200
33,0.0,0.9764539,2,20,0.024666708,0.9751421,2,40,0.005095511,0.9478451,2,66,0.026786545,0.9577595,2,86,0.024080124,0.9044756,2,107,0.027623031,0.991084,0,127,0.004562816,0.9666922,2,152,0.008829267,0.8437188,3,172,0.031598236,0.8828955,2,200
34,0.014565327,0.8364909,2,21,0.036634736,0.7385193,2,41,0.006397877,0.72397244,2,62,0.0,0.75597394,2,83,0.0,0.8816837,2,104,0.0,0.7822704,2,132,0.0,0.85919905,2,152,0.0,0.7456058,2,172,0.004156185,0.8875264,2,200
35,0.011125406,1.0021116,2,23
36,0.0007488611,1.0369915,2,28,0.0032266006,1.0659077,2,48,0.001998983,1.0477313,2,72,0.0006370022,1.0480487,2,95,0.0039437003,0.9973448,2,133
37,0.008704534,0.9483884,2,20,0.00038940908,0.8938456,2,42,0.0,0.8030722,2,69,0.0,0.916344,2,90,0.004048184,0.8514346,2,119,0.0,0.92180383,2,142,0.0,0.8555312,2,162,0.009610323,0.8650345,2,200
