0,0.004021679,0.88520753,2,20,0.019261237,0.7048142,2,41,0.0053295125,0.82567465,2,63,0.0,0.95687175,0,84,0.0,0.96305317,2,106,0.0,0.90050584,2,126,0.0,0.8709774,0,147,0.0,0.73168856,2,168,0.0,0.6380582,2,200
1,0.010986393,0.9591793,2,22,0.019917108,0.9831889,0,42,0.0016522292,1.051061,0,64,0.0,1.0313368,2,88,0.0076108593,1.0308706,0,113,0.0057657245,1.0323098,0,139,0.010825529,1.052199,2,163,0.0,1.040137,2,200
2,0.008192704,0.85341537,2,20,0.0033134718,0.7769014,2,50,0.0,0.674791,2,82,0.0041456,0.56116843,2,102,0.0,0.833275,2,140,0.0,0.7867995,2,160,0.0024081958,0.80421716,2,200
3,0.018928042,0.9484862,2,21,0.017530095,0.8693755,3,42,0.014451779,0.9142371,2,63,0.14286202,0.7819849,2,88,0.08949937,0.77105016,2,111,0.0,0.8934533,2,131,0.004082483,0.80692333,0,154,0.09700303,0.76465523,0,174,0.058283806,0.80321795,2,200
4,0.0014815365,0.97208726,2,20
5,0.03994165,0.9432445,2,23
6,0.02165727,0.9296884,2,35
7,0.0024418528,0.9921643,2,21
8,0.0052103316,1.0143334,2,27
9,0.0,0.93868434,2,20,0.026574513,0.8367636,2,43,0.005746809,0.8855486,2,63,0.0,0.8470716,2,84,0.02461466,0.87577575,2,108,0.03344498,0.8952547,2,141
10,0.04362794,0.97141874,2,20,0.015725227,0.9791912,2,47,0.018210908,0.92044723,2,68,0.019458676,0.93991643,2,91,0.005057112,0.93205094,2,115,0.0032661413,0.94251204,2,154
11,0.0035530592,1.0102936,2,21,0.0073855123,0.9761592,2,42,0.0024413937,1.0323118,2,62,0.0012686397,0.92864776,2,87,0.010734523,0.892357,2,107,0.010408263,0.8715369,2,128,0.047732525,0.88026935,2,148,0.0058010397,0.82125777,2,170,0.0022292163,0.8035863,0,200
12,0.018454805,0.94400966,2,20,0.01504861,0.90145457,2,46,0.0177055,0.8989999,2,69,0.003730929,0.9553733,2,89,0.0,0.7387022,0,109,0.0,0.6614679,2,129,0.0,0.818221,2,149,0.0,1.0742937,2,171,0.0042746444,0.59917784,1,200
13,0.010770294,0.9721093,2,25,0.004319445,0.93151844,2,46,0.0,0.8963641,2,67,0.0,1.0155445,2,92,0.0,1.0208316,2,112,0.0,0.93629587,2,132,0.0,1.0018737,2,152,0.0,1.0138786,0,172,0.0028544648,0.9960554,2,200
14,0.003789349,0.98770934,2,20,0.017150324,0.9727308,2,40,0.0,1.0120416,2,62,0.0,1.052973,2,88,0.00015112483,0.9720899,2,109,0.01016069,1.0156535,2,134,0.0,1.0370946,2,161,0.0037021155,1.0496544,2,200
15,0.014514653,0.96724474,2,21,0.03352145,0.91074675,2,41,0.0,0.84012973,2,62,0.0,0.9185179,2,82,0.008097529,0.9005556,2,102,0.040945537,0.8039103,2,123,0.044109438,0.78064156,2,145,0.0,0.8780694,2,166,0.0,0.8220545,2,200
16,0.0045209127,0.9535633,2,23
17,0.0006565645,1.0077375,2,20,0.0034934445,0.9501525,2,43,0.007407489,0.93879294,2,66,0.015679453,0.9456104,3,88,0.011998714,0.95135385,2,108,0.024206713,0.9092703,2,128,0.027770782,0.92747295,2,148,0.0032345636,0.9373735,2,176
18,0.006104219,1.0388063,2,20,0.0055292523,1.0213668,2,48,0.002013873,1.0296612,2,69,0.007923135,1.0296936,2,93,0.0062223254,1.0271238,2,114,0.010223535,1.0196874,2,134,0.0,1.0389984,2,154,0.0,1.0670737,3,175,0.0026991528,1.0409095,2,200
19,0.0040257256,1.0169775,2,36
20,0.011833978,0.9746028,2,20,0.012772341,0.88916,0,40,0.0,0.90863246,2,61,0.0,0.7315197,2,82,0.0,0.69041455,2,104,0.0,0.65250576,2,124,0.0,0.77289534,2,148,0.0,0.5952824,2,168,0.007195116,0.7103378,2,200
21,0.012182974,0.87714595,2,20,0.076623835,0.788401,2,40,0.0075423983,0.88455635,2,62,0.01044042,0.9137732,2,82,0.020715436,0.8218471,2,103,0.025776729,0.7818953,2,123,0.0,0.811124,2,143,1.2162794e-05,0.825041,2,163,0.05628103,0.83251643,2,200
22,0.015361624,0.9383564,2,20,0.011027225,0.87571,2,41,0.0,0.89568853,2,62,0.0022967104,0.8275161,2,83,0.037466977,0.8489465,2,106,0.0,0.82704544,0,127,0.03584177,0.7558842,2,147,0.018525446,0.8097229,2,167,0.020274663,0.81550646,2,200
23,0.019363578,0.9563077,2,20,0.015702117,0.98723924,2,40,0.0037514032,0.9927181,2,60,0.025915707,0.7992039,2,80,0.027873188,0.86049986,0,100,0.031214308,0.8751136,2,120,0.0,0.88845605,2,141,0.022731375,0.93679255,2,161,0.05541145,0.9387797,2,200
24,0.011580907,1.0502915,2,20,0.004657007,1.0399606,2,40,5.0634146e-05,1.0000229,2,62,0.0,0.97530776,2,83,0.018603547,0.9788241,2,125,0.0041067856,1.0269557,2,151,0.012618511,0.9979906,2,177,0.010959077,0.96115816,2,200
25,0.008826252,0.9148901,2,21
26,0.0023152311,0.97002137,2,20,0.011038154,0.9939308,2,40,0.0,1.0465492,2,62,0.0,1.0057541,2,82,0.010205175,0.98681915,2,102,0.011630146,0.9879369,2,123,0.0,0.954277,2,146,0.0,1.1104459,2,170,0.0058235093,1.0325158,2,200
27,0.012115341,0.9451565,2,24,0.003569036,0.88840735,2,44,0.0,0.78360933,2,66
28,0.027813178,0.961156,2,20,0.0059223706,1.0420521,2,40,0.009584578,1.0702376,3,60,0.0061988216,1.0817298,2,91,0.0010492565,1.0675647,2,133
29,0.0,1.015963,2,25,0.021807536,0.9986369,2,46,0.040641658,0.923662,2,67,0.052083105,0.9525695,2,87,0.027879896,0.9175153,2,112,0.076505534,0.93884426,2,135,0.028815517,0.96209663,2,169
30,0.008169385,0.9663957,2,21,0.011040163,0.8757367,2,41,0.03373996,0.825565,2,61,0.004994235,0.8202582,2,86,0.021503348,0.79148424,2,106,0.0,0.66849756,0,130,0.0,0.7835077,2,150,0.0017245355,0.8276971,2,171,0.0,0.52429706,0,200
31,0.041796207,0.8102549,2,30
32,0.0,0.9827135,3,21,0.0,0.97475815,2,42,0.0,1.0259501,2,63,0.0,0.9714087,0,83,0.0,0.9107455,0,103,0.0,0.9902011,2,123,0.0,0.7950639,2,144
33,0.0,0.96005404,2,20,0.001890498,0.9625092,2,43,0.014052614,0.97417384,2,77,0.014763057,0.94144285,2,103,0.027279451,0.9763437,2,127,0.022140335,0.96953505,2,149,0.09005812,0.94558364,2,170,0.07824895,0.9555448,2,200
34,0.008406271,0.8661707,2,21,0.009632023,0.8453209,2,41,0.058087416,0.8416341,2,62,0.039961226,0.64143634,2,83,0.0,0.64830935,0,103,0.0,0.51771873,2,131
35,0.011247327,0.94445324,2,33
36,0.039818656,0.98323,2,20,0.02686514,0.999979,2,41,0.02052944,1.007692,2,62,0.00970672,0.9283053,2,82,0.05005661,0.8797398,2,104,0.020527601,0.99105185,2,127,0.0,0.9989619,2,147,0.0041486463,0.9680007,2,167,0.01916851,0.93507135,2,200
37,0.0,0.99415255,0,20,9.9365025e-05,1.0098475,2,46
38,0.012186945,1.0174221,2,20,0.026413599,0.9737819,2,46,0.0067494675,1.0120867,2,66,0.013199168,0.9782767,0,93
39,0.003788709,0.99999344,2,21,0.0,0.8085593,2,41,0.010372677,0.8834952,2,61,0.0001851824,0.8533144,2,81,0.007816521,0.8163557,2,101,0.060955007,0.8064356,2,121,0.016748523,0.8632033,2,144,0.018711112,0.883234,2,165,0.01769344,0.97721523,2,200
40,0.00667899,1.0329359,2,21,0.0,0.9539293,2,41,0.0040184716,0.9467153,2,63,0.0,0.97078484,2,83,0.0,0.9387004,2,103,0.0007239603,0.95845664,2,126
41,0.009453941,1.0081453,2,20
42,0.0110456105,0.86752224,2,20,0.042043786,0.8220129,2,40,0.0015932259,0.8626049,2,60,0.0014687576,0.7463548,2,80,0.0,0.68271685,2,100,0.0,0.59643906,2,127,0.0,0.4370866,2,150,0.027481653,0.7589902,2,179
43,0.0016702083,1.0323306,2,22,0.0018903359,0.9696215,2,42,0.0,1.0298089,2,90,0.0063303513,1.0121601,2,115,0.0,0.952573,2,135,0.0,1.0273998,2,155,0.0,1.0101479,2,175,0.00087996706,1.027858,2,200
44,0.020991664,0.8796598,2,20,0.00801344,0.941285,2,45,0.002184388,0.9023033,2,68,0.02497306,0.89554274,2,88,0.009507745,0.9188663,2,108,0.04234318,0.7936789,2,128,0.022249654,0.963404,2,148,0.0050568758,0.9899176,0,168,0.0038306913,0.85968405,2,200
