0,0.020434953,0.9208444,2,20,0.020954074,0.856629,3,43,0.0,0.9997871,2,64,0.0025214006,1.0536885,2,92,0.0,1.1796588,2,112,0.0,1.1075327,2,139,0.0031695266,1.1263825,2,200
1,0.014910058,0.8791324,2,23,0.01143499,0.8019641,2,43,0.021567266,0.6857971,2,63,0.0,0.70171505,0,83,0.10743691,0.5925826,2,103,0.105447315,0.42649287,0,123,0.0,0.5753009,0,144,0.0,0.5768226,0,165,0.0,0.40346375,2,200
2,0.014656039,0.981811,2,36,0.015504574,1.0850983,0,58,0.0,1.0280306,2,79,0.019178404,0.97636384,2,99,0.02099002,0.9366516,2,119,0.029174833,0.9746415,2,140,0.0052049956,1.0065268,2,161,0.02386786,0.96235704,2,200
3,0.002120573,0.9369858,2,20,0.0034866363,0.95709264,2,40,0.07107107,0.9441703,2,60,0.027967045,0.85737354,2,81,0.00034939096,0.9750405,2,107,0.0,1.0435262,2,133,0.004159198,1.1257919,2,153,0.0,1.1127844,2,173,0.0029392978,1.1034349,2,200
4,0.0033575536,1.0060022,2,23,0.0,0.9377784,2,45,0.006850001,0.9484518,2,83,0.015595846,0.94516027,2,104,0.0,0.87778383,2,127,0.0027195346,0.8908131,2,149,0.007936594,0.93172824,2,170,0.039192956,0.9577028,2,200
5,0.0005300669,0.9895682,2,22,0.011189147,0.9541382,2,46,0.0074159023,0.8933906,2,68,0.00846633,0.94519085,2,90,0.0019692422,1.0056213,2,112,0.0,1.0468754,2,140
6,0.012661543,0.9794108,2,23,0.00584079,1.0037411,2,43,0.011716804,1.033251,2,64,0.001535526,1.0803698,2,84,0.0,1.0884733,2,111,0.0013231125,1.1470351,2,131,0.0,1.0895162,2,155,0.00019214507,1.0731213,2,175,0.0052253995,1.0940567,0,200
7,0.021257872,0.98330075,2,22,0.0019185717,0.96885693,2,43,0.0,0.97512156,0,65,0.0,1.0415528,0,89,0.0,1.0128732,2,109,0.0,0.9715628,0,135,0.0,0.96039885,0,155,0.011593585,0.98695266,0,176,0.0021906768,1.025946,2,200
8,0.014049117,0.9182331,2,20,0.003584607,0.86196005,2,40,0.008840783,0.9211774,2,60,0.008738911,0.8406973,0,80,0.0,0.8141205,0,100,0.020266172,0.7807547,2,120,0.034482922,0.86567056,2,140,0.0003765368,0.808976,2,160,0.0,0.7855714,2,200
9,0.015299693,0.9048678,2,20,0.0,1.1110919,2,46,0.0,1.1908768,0,67,0.0012421007,1.1548679,2,93,0.0,1.1719506,2,113,0.0,1.1365824,2,135,0.0,1.1692334,0,155,0.0,1.1258489,2,200
10,0.0011826233,0.891212,2,25,0.013382805,0.9249849,2,48,0.0009823791,0.9328991,2,75,0.0047581457,1.0008069,2,98,0.003948393,0.94152,2,125,0.029661175,0.9417095,2,145,0.00013533092,0.90034896,2,166,0.020830423,0.6827694,0,200
11,0.0011044409,1.0275391,2,24,0.019239288,1.0889757,2,50,0.032991897,1.0856147,2,75,0.0016390283,1.0737367,2,95,0.002689451,1.095261,0,115,0.0,1.1701789,2,136,0.009530072,1.0776349,2,163
12,0.0,0.90958387,2,20,0.0062051,0.89557284,2,40,0.025238043,0.94177234,2,60,0.0012096353,1.0630792,2,80,0.015891919,0.94258016,2,105,0.0061723357,1.0207433,3,128,0.015284653,0.9585722,3,152,0.006707138,0.99567354,2,174,0.06216932,0.9505691,2,200
13,0.00047011607,0.9995723,2,31,0.011160808,1.0384915,2,51,0.020697568,0.95428735,2,71,0.02484806,0.89698976,2,127,0.034963295,0.91730726,2,147,0.0057055955,1.0806701,2,172,0.0021404927,1.0515867,2,200
14,0.011752325,0.8912573,2,41
15,0.018753378,0.9426085,2,20,0.03544293,1.014989,0,40,0.034020577,1.0070938,2,74
16,0.012586999,0.8745187,2,20,0.018464306,0.9307957,2,54
17,0.009367162,0.964949,2,20,0.008532211,0.94024307,2,40,0.0,0.96417224,2,69,0.0,1.01211,2,98,0.013695391,0.99462974,2,124,0.020983968,0.98281145,2,145,0.006913057,0.9909213,2,165,0.023947451,0.9799287,2,200
18,0.0,0.92091876,2,20,0.029187059,0.90240645,2,55,0.012138914,0.8852441,2,75,0.012943891,0.7701778,2,95,0.041137747,0.7626332,2,116,0.025291163,0.7558357,2,136,0.0046000546,0.81869507,2,156,0.008652917,0.93124443,2,178,1.5335581e-05,0.9279768,2,200
19,0.019983485,0.8424755,2,23,0.0027850098,0.7838163,2,43,0.0,0.7317351,0,63,0.0053728865,0.6546671,2,83,0.020534227,0.6843696,2,103,0.0,0.7396139,2,123,0.0,0.6654407,2,143,0.0,0.68096465,2,163,0.00051949493,0.72465664,2,200
20,0.0026555464,0.9023038,2,20,0.019389044,0.93244827,2,40,0.012050711,0.9134315,2,60,0.030666446,0.94919777,2,92,0.0,0.9516474,3,112,0.024889637,0.9163064,2,132,0.01014871,0.9945972,2,153,0.031044284,0.95364916,2,181
21,0.02162962,0.9133986,2,21,0.013623801,0.9089141,2,55
22,0.009073256,0.9627002,2,20,0.056580108,0.87406176,2,48,0.010697874,0.95950234,2,68,0.025778279,0.93773496,2,91
23,0.014655306,0.95757246,2,21,0.03395322,0.88307583,3,42,0.0,0.9810088,2,68,0.0,1.0991423,2,94,0.0018498771,1.1201359,2,114,0.0,1.0857682,2,134,0.0014183518,1.0956869,2,155,0.0,1.1108902,2,176,0.0051164445,1.1211864,2,200
24,0.017746624,0.96079624,2,21,0.00062023284,0.9825679,2,41,0.012064783,0.94582456,2,62,0.00945126,0.95480454,2,91,0.007903921,0.98562324,2,123,0.0146022495,0.9938274,2,151
25,0.00451341,1.0466377,2,20,0.0013285815,1.067483,2,49,0.0,1.0683296,2,96,0.009742636,1.0510383,2,132,0.00049120386,1.0687245,2,153,0.00095483067,1.0902567,2,178,0.0,1.0933257,2,200
