0,0.0,1.0264461,2,24
1,0.0,1.0537232,2,24
2,0.003531204,0.9822221,2,20,0.0,1.00011,2,53,0.0049263407,1.0515382,2,74,0.008075724,1.0546376,2,102,0.0,1.0075916,2,128,0.0,0.9616653,2,148,0.0,1.0731356,2,169,0.004822086,1.0422262,2,200
3,0.009652305,1.0432954,2,38,0.0,1.0335244,2,58,0.0,1.0121894,2,78,0.0,1.0433637,2,100,0.0,1.0731001,2,120,0.0,1.0477744,2,140,0.0,1.091544,2,161,0.004046104,1.024487,2,200
4,0.0,1.0120137,2,20,0.016447892,0.9876672,2,48,0.019426228,0.95717806,2,70,0.0031283007,0.95788014,2,97,0.011438487,0.9901773,2,123,0.020949867,0.9766843,0,143,0.025655081,0.9641101,2,163,0.0076836124,1.0337269,2,200
5,0.0048640855,0.97294635,2,23,0.0034902836,0.9785193,2,43,0.0061636,1.0103034,2,88,0.0,0.992895,2,109,0.0,0.9437676,2,140,0.0005777723,1.0330838,2,161,0.0,0.97238344,2,200
6,0.035506275,0.95564425,2,23,0.01326307,1.0091928,2,51,0.0017563881,0.9634967,2,71,0.001280468,1.1237456,2,99,0.0,1.2056359,2,119,0.0,1.1326859,3,142,0.0,1.0883758,2,162,0.008206681,1.1027174,3,200
7,0.009705862,0.88717467,2,26
8,0.006662036,0.97499883,2,20,0.0063355863,0.8995289,2,72,0.0,0.9678908,2,94,0.0062916703,0.9575573,2,115,0.004828207,1.0323749,2,140,0.0016910408,0.98026615,2,172
9,0.008375476,0.98692876,2,20,0.019765731,1.001622,2,58
10,0.0,0.97617024,2,21,0.0059869937,1.0249783,0,41,0.0098337,0.9837109,0,63,0.0063243364,0.97692204,0,85,0.000294628,1.0074811,0,114,0.0039718817,1.0323493,2,143
11,0.017997652,0.9663774,2,20,0.008617692,0.97357476,2,40,0.007570876,0.943369,2,66,0.025591468,0.9435899,2,88,0.005915762,1.0349278,2,108,0.0,1.1279325,3,130,0.0069019315,1.1062704,0,152,3.8008857e-05,1.133442,3,172,0.0,1.1250243,0,200
12,0.046997976,0.8946446,0,20,0.021089613,0.8067374,2,40,0.0070552668,0.8849713,2,60,0.0054328316,0.88470113,2,80,0.01100597,0.8488327,2,100,0.0029735586,0.8010157,2,120,0.0059616184,0.82359725,0,140,0.05620613,0.7892619,2,170
13,0.0040839333,0.8843965,3,27
14,0.0055947835,0.89909863,2,21,0.027066294,0.8287708,2,41,0.035439555,0.8869307,2,66,0.008329821,0.8727198,2,87,0.031694803,0.84248906,2,131,0.06416307,0.85660154,2,154,0.016914058,0.8777453,2,180,0.016410261,0.9152209,2,200
15,0.012811228,0.90994406,2,45,0.0,0.8687038,2,68,0.010182242,0.92697334,2,88,0.00025708062,0.8967709,2,123,0.0019999112,0.9400798,2,144,0.0,0.96614355,2,177,0.006787797,0.93127924,2,200
16,0.0077277254,1.0075922,2,23,0.006193048,0.8847168,0,43,0.0111535555,0.84245986,2,63,0.01660515,0.8053209,0,83,0.0,0.81682384,0,103,0.013052849,0.8901577,0,123,0.0,0.8633868,2,143,0.014767596,0.84100574,2,165,0.038265713,0.92673624,2,200
17,0.018155083,0.9678371,2,21,0.01528126,0.89956135,2,44,0.012233982,0.87392294,2,64,0.003951625,0.9699547,2,95,0.0,1.0692382,2,115,0.0,1.093059,2,136,0.00041715748,1.0593102,2,157,0.01530544,1.0759637,2,200
18,0.020698609,0.97226924,2,22,0.0,0.98925984,3,43,0.0,0.9458027,2,77,0.009335696,0.95039016,2,102,0.001645698,0.9425435,2,141
19,0.020278804,0.94712096,2,20,0.0,0.93358666,2,41,0.027082443,0.9039221,2,61,0.018821677,0.868873,2,81,0.00108991,0.8146221,2,101,0.05026125,0.69879186,2,121,0.0292364,0.65962183,2,141,0.00011335779,0.6563358,0,161,0.1034848,0.6059816,0,200
20,0.0058352547,0.9220869,2,20,0.005852323,0.8595934,2,40,0.023603594,0.92125905,2,60,0.017641043,0.8111367,2,83,0.0038313235,0.8702769,2,104,0.0,0.94075376,2,124,0.0,0.880318,2,151,0.02115493,0.790006,2,172,0.025512606,0.92053753,2,200
21,0.0020165667,0.91877604,2,20,0.008103884,0.9580686,2,55
22,0.00801711,0.92546767,2,20,0.0073895776,1.0135087,2,47
23,0.025282258,0.92947847,2,24,0.029350702,0.96872866,2,45,0.009828838,0.97573644,2,67
24,0.0039303442,0.90252334,2,20,0.002390687,0.95686054,2,48,0.0,0.9450908,2,72,0.0,1.0049219,2,99,0.00018807354,1.0196592,2,199
25,0.004311615,0.95918894,2,20,0.009935289,0.9069094,2,41,0.021010429,0.9087101,2,61,0.029783854,0.95351446,2,81,0.032145653,0.8682016,2,101,0.05479642,0.9564617,2,124,0.0,1.0384145,2,147,0.0027374586,1.1014712,2,200
26,0.00017249538,1.0555702,2,32,0.0,1.0622905,2,54,0.0,1.0475796,2,74,0.0,0.98007786,2,94,0.0,1.0147489,2,121,0.0,1.0067835,2,145,0.0,1.0219079,2,168,0.00014034664,1.0656958,2,200
27,0.009905414,0.95464814,2,20,0.0128898,0.84608287,0,40,0.0,0.62710816,2,60,0.0,0.67760706,0,80,0.0,0.7564292,2,100,0.0,0.5157122,2,120,0.0,0.33917803,1,140,0.0,0.33221385,1,160,0.0,0.27940804,1,180,0.0,0.38437483,1,200
28,0.01274407,0.9890033,2,31,0.0111130895,1.0371201,3,53,0.015697688,0.975211,2,73,0.0011628034,1.0199583,2,93,0.0064806356,1.0593467,2,114,0.0,1.0256678,2,159,0.0002980904,1.0262828,2,195
29,0.01889115,0.95904875,2,20,0.010054444,0.88137525,2,41,0.0,0.91124135,0,61,0.0024492443,0.90218765,0,81,0.010356896,0.8520059,2,102,0.0035647927,0.90022135,2,129,0.004208935,0.8438453,2,156,0.01331914,0.84399146,2,176,0.03548935,0.797467,2,200
30,0.016899725,0.877371,2,21,0.0,0.8405466,2,43,0.0,0.5195973,2,64,0.0,0.5058157,2,87,0.0,0.53837186,2,108,0.0,0.5142305,2,133,0.0,0.70111525,3,153,0.012928143,0.6556549,2,185
