0,0.002365664,1.0359229,2,27,0.0,0.95256674,2,47,0.013494072,0.9449688,2,68,0.017980698,0.9533053,2,89,0.002962948,0.9663097,2,109,0.030230662,0.9154941,2,129,0.021924976,0.9654377,2,151,0.0,0.98571336,0,171,0.021751158,1.0027912,2,200
1,0.010065971,0.9785069,2,20,0.008556995,0.986241,2,40,0.009753299,0.8747961,2,60,0.025644924,0.87510383,2,80,0.055867,0.9435433,2,101,0.0,0.9735912,2,121,0.0,1.0545025,3,142,0.0,0.95336527,2,164,0.007489341,0.67537713,2,200
2,0.010667494,0.84482974,2,20,0.038344152,0.84733486,2,40,0.010249546,0.76987696,2,60,0.044676892,0.764022,2,80,0.019260986,0.8286956,2,100,0.012178107,0.8389365,2,120,0.007498222,0.93573457,0,140,0.0073075807,0.8798126,0,160,0.0045736,0.80901986,0,180,0.057268284,0.8411989,2,200
3,0.0,1.0422647,2,37,0.0043578553,1.0346988,2,60,0.0030245527,1.0329676,2,82,0.009571404,1.000264,2,112,0.0,1.0616686,2,132,0.0,1.023054,2,156,0.0008823331,1.0872754,3,178,0.00045480402,1.0589318,2,200
4,0.00029656972,0.99351025,2,20,0.010066916,1.0194982,2,41,0.0,0.98259735,3,62,0.0,1.0812318,3,82,0.0,1.0681387,0,103,0.0,1.1335552,2,124,0.0,1.1653054,2,144,0.0,1.1075358,2,168,0.0,1.0581925,2,200
5,0.016846225,0.9278153,2,20,0.014881913,0.9929527,2,43,0.020859266,0.9503002,2,63,0.0,0.98445034,2,83,0.005052215,0.9709582,2,105,0.01168155,0.8541924,2,127,0.02890954,0.81561816,2,147,0.012285189,0.82432044,2,173,0.01056215,0.93356985,2,200
6,0.0017628298,1.0628214,2,61,0.0054431497,1.1058208,2,85,0.0,1.066381,2,126,0.0068047238,1.1201879,2,157,0.0038037442,1.059653,2,200
7,0.0014362712,0.8305336,3,23,0.0033775917,0.98502034,2,43,0.0,1.0054623,2,63,0.027897794,0.94184285,2,83,0.025274843,0.8151685,2,103,0.044079676,0.92667466,2,127,0.011164491,0.8212706,0,147,0.020295845,0.7972158,2,167,0.00832902,0.35405055,0,200
8,0.011860197,0.90207165,2,21,0.0010791833,0.8513979,2,43,0.025024313,0.9324462,2,63,0.010586176,0.8407019,2,86,0.023975587,0.7427582,2,109,0.050112754,0.70891714,0,129,0.0,0.51778996,0,150,0.0,0.745075,3,170,0.017134378,0.6843175,2,200
9,0.009160201,0.950185,2,20,0.0038037684,0.8810546,2,40,0.0043743784,0.86631566,2,60,0.014231175,0.8992165,2,98
10,0.006419316,0.8856122,2,21,0.0126007795,0.79181284,2,41,0.008259313,0.8041725,2,62,0.033008713,1.0119047,2,82,0.028602349,0.79702187,2,112,0.0,0.8562352,2,163,0.021697469,0.8751171,2,200
11,0.013822434,0.94738084,2,20,0.012336386,0.9326603,2,40,0.0,0.83000654,2,62,0.031576592,0.888034,2,82,0.022029122,0.8514017,2,102,0.0121254,0.8224801,2,123,0.0,0.7410293,2,143,0.007486776,0.48305508,1,165,0.0,0.57272255,2,200
12,0.01711574,1.0178267,2,22,0.00081469555,1.0354598,2,52,0.02331441,1.0437347,2,108,0.010881083,1.0043535,2,128,0.0074606086,1.0533036,2,151,0.00916281,1.0456649,2,175,0.0,1.0357199,2,200
13,0.005887727,0.9757532,2,20,0.021471871,0.9637912,2,40,0.0014853086,0.88691556,2,77
14,0.012436732,1.0044442,2,23
15,0.0,1.0089108,2,20,0.018242344,1.0458227,2,41,0.006954939,1.0026414,2,61,0.012897524,1.0264308,2,82,0.0,1.0984923,2,103,0.0016769231,1.0740497,2,134,0.0011400647,1.1039301,2,173,0.0,1.0811919,2,200
16,0.0,1.0621221,2,20,0.0,1.0903302,2,40,0.0,0.9883574,2,60,0.0041960725,0.98434156,2,81,0.0,1.080751,2,105,0.0022011208,1.0586987,3,126,0.0,1.0368222,2,149,0.0,1.0349276,2,170,0.004526779,1.0323623,2,200
17,0.019711813,0.9294607,2,21,0.018620735,0.8887318,2,41,0.0,0.9217018,2,61,0.0094206305,0.895867,2,87,0.008324487,0.9250207,2,107,0.014119487,1.0510592,2,129,0.0,1.0519522,2,155,0.0,1.13141,2,175,0.0045757145,1.1059703,2,200
18,0.0063541043,1.0375097,2,33,0.0,1.0619963,2,55,0.0,1.0312663,2,75,0.0017312206,1.0169332,2,101,0.0,1.0086321,2,122,0.0022071986,1.0411714,2,150,0.0,1.0378323,2,179,0.0,1.0221182,2,200
19,0.0025299652,1.0393431,2,27,0.0,1.0312191,2,48,0.00015337719,0.97867405,2,68,0.00490805,1.0464189,2,88,0.00489714,1.0055761,2,123,0.0,1.0081751,2,143,0.0,1.0501223,2,163,0.0,1.0290607,2,200
20,0.007007024,0.9943368,2,25,0.0045720865,1.0458664,2,48,0.0023746022,1.0005188,2,92,0.0,1.0464184,2,115,0.0,1.0228223,2,142,0.0,1.0326779,2,164,0.0049880575,1.0608561,0,200
21,0.0035085287,1.0407109,2,32,0.0,1.0846269,2,52,0.0031169036,1.0428197,2,73,0.0025242514,1.0387557,2,94,0.00751206,1.006732,2,115,0.0060855853,0.96975553,2,136,0.00089918514,1.0457474,2,169,0.0,1.064809,2,200
22,0.015008143,0.96284765,2,22,0.0016313618,1.0110475,2,43,0.003876201,0.9866221,2,66,0.025694521,0.97676665,2,95,0.0,1.0273404,2,140,0.005003785,1.0266727,2,200
23,0.016311532,0.96963745,2,21,0.03294618,0.9687922,2,65,0.03462189,0.9811442,2,108,0.02529953,0.9400673,2,148,0.016637316,0.93603325,2,173,0.023826787,0.97935,2,200
24,0.0,1.0114506,2,20,0.014667373,1.0255655,2,41,0.014681433,0.9520526,2,61,0.011993157,0.9817605,2,82,0.00064788375,0.9902686,2,102,0.0,1.0703701,2,124,0.020202687,0.97591144,2,147,0.0,1.0010475,2,168
25,0.014788876,0.9669075,2,24,0.0,1.0704718,2,51,0.0,1.061243,2,111,0.0015600836,0.9625286,2,151,0.0015004143,1.0448385,2,200
26,0.012085494,0.91834146,2,24
27,0.016776092,0.82897484,2,21,0.035075366,0.7885813,2,54
28,0.0015790062,0.98229307,2,21,0.0025726296,0.98882496,2,41,0.0,1.0246031,2,62,0.01164402,1.0238551,2,84,0.0,1.0673779,2,106,0.0,1.1412263,2,135,0.0,1.0660541,2,155,0.0004280623,1.1049198,2,175,0.008065204,1.0798459,2,200
29,0.0014823395,0.92300135,2,21,0.017070822,0.9423898,2,41,0.00878794,0.821305,2,61,0.025335517,0.84150016,2,81,0.014713906,0.8819467,0,101,0.041442852,0.8942881,2,122,0.013319704,0.85043895,2,143,0.031852264,0.86181,2,163,0.045566224,0.817756,2,200
30,0.0060467017,0.83978206,2,20,0.0,0.8723429,2,41,0.017851228,0.9445843,2,63,0.02941836,0.9997605,2,83,0.024658617,1.0301484,2,103,0.010959062,1.0100229,2,123,0.0057140742,0.97171754,2,143,0.03628133,0.9907037,2,164,0.05113719,0.99337983,2,200
31,0.0009653578,0.97907305,2,21,0.0040190495,1.0048591,2,41,0.003038709,0.9754048,2,70,0.0,1.0006672,0,93,0.0,1.0632187,2,113,0.0,1.0649198,2,134,0.0,1.0747863,2,154,0.0,1.0071591,2,175,0.0025390494,1.054713,2,200
32,0.0136625925,0.9704468,2,21,0.013851084,1.0133111,2,41,0.014624904,0.97441494,2,61,0.006371352,0.95973444,2,84,0.0,0.91206276,2,104,0.007945345,0.8554808,2,124,0.014040023,0.8974086,2,144,0.001321482,0.93949056,2,170,0.003656453,0.96113765,2,200
33,0.010629715,0.9766025,2,26,0.00081439945,1.0223153,0,48,0.0,1.0135845,0,86,0.0,0.9960575,2,107,0.0001117202,1.0682563,0,147
34,0.030439854,0.94872636,2,20,0.031398945,0.8867418,2,40,0.009837771,0.92384803,2,60,0.014721874,0.9125027,2,83,0.0151748825,0.88957566,2,103,0.007756923,0.893507,3,124,0.02988594,0.93781334,2,148,0.0,0.90274745,2,168,0.010213822,0.9397583,2,200
35,0.014593334,0.8326047,2,39
36,0.010280833,0.9630338,2,20,0.012791216,0.9888918,2,40,0.045930453,0.9263221,2,63,0.024917563,0.9504622,2,84,0.012301026,0.94874275,2,117
37,0.0005927092,0.9900534,2,22,0.01348763,0.9927823,2,43,0.023938451,1.0042084,0,63,0.004006899,0.924895,2,87,0.0,0.98728114,2,107,0.008035527,1.0105853,2,129,0.0,0.9600456,2,159,0.007148975,0.9750438,2,179,0.0,1.0334879,2,200
38,0.02291488,0.9264037,2,21,0.036287896,0.84178203,2,43,0.029911969,0.94140446,2,63,0.001996959,0.8531359,2,83,0.01570126,0.8697638,2,109,0.0112787895,0.91086674,2,131,0.01175946,0.95995444,2,151,0.0032945643,0.9414867,2,172,0.012538893,0.9320735,2,200
39,0.011596108,0.9888829,2,25
40,0.0051871366,1.0588297,2,25,0.03013061,0.9667794,2,49
41,0.01148374,0.8444366,0,22,0.0,1.0261114,2,42,0.0,0.9781961,2,64,0.0,0.82206565,2,84,0.0,0.65181816,0,104,0.0,0.7686406,0,124,0.040100776,0.76759535,2,144,0.005374874,0.8345561,2,164,0.0007430413,0.95497704,2,200
