0,0.007076125,0.9610617,2,22,0.008590567,1.007426,2,42,0.0,0.96324015,2,62,0.00851676,0.75602376,2,83,0.0023763562,0.9362322,2,103,0.0055050217,0.8775423,2,123,0.005598701,0.8988093,2,152,0.0064294576,0.8062005,2,172,0.032790367,0.8206993,2,200
1,0.0144750625,0.9397869,2,20,0.0047622425,0.97005576,2,40,0.0026323318,1.0319452,2,63,0.008832008,1.0207697,2,84,0.0018848889,1.0736433,2,104,0.016803449,0.99192894,2,124,0.0,0.9894222,2,146,0.0,0.96943694,0,166,0.008405687,0.96484756,2,200
2,0.00538896,0.94113785,2,22,0.0,1.0026928,2,42,0.0073017622,0.99120337,2,65,0.0073758746,0.94210947,2,94,0.004389856,0.91458046,2,115,0.02490539,0.99883527,2,135,0.003375169,0.9504687,2,155,0.0,0.94769335,2,176,0.0044525755,0.910608,2,200
3,0.03907872,0.9188117,2,20,0.025554469,0.8705657,2,40,0.05721405,0.756031,2,60,0.011133254,0.6444517,2,80,0.038713284,0.7191748,1,101,0.031109106,0.8515066,0,121,0.0,0.61434615,0,141,0.0,0.28871715,0,161,0.008617834,0.34530932,1,200
4,0.0154618295,0.9790821,2,20,0.016215345,0.97757787,2,47,0.022685828,0.8663768,2,82,0.0030957435,0.859962,2,105,0.0034352506,0.9583326,2,126,0.00309699,0.9598677,2,149,0.02423703,0.87485933,2,169,0.024623057,0.82384455,2,200
5,0.020286541,1.0424469,2,20,0.003451373,1.043634,2,40,0.0023911824,1.0543349,2,60,0.0,1.0610813,2,85,0.020308975,1.040952,2,105,0.003190986,1.0257447,2,125,0.0021299745,1.0425951,2,146,0.0,1.0318978,2,173,0.006819858,1.0783744,2,200
6,0.0,0.9745452,2,20,0.0011217196,0.85100746,2,40,0.015343891,0.9271368,2,60,0.0,0.9235937,2,80,0.0,0.84604216,2,100,0.048787907,0.9023104,2,120,0.009994178,0.9065744,2,140,0.03369031,0.96020985,0,160,0.02230275,0.96564543,2,180,0.0,0.9168949,0,200
7,0.0008270185,0.96558726,2,21,0.029276226,0.98075944,2,41,0.008054198,0.85424936,2,61,0.0,0.8550366,2,81,0.004827466,0.72140557,2,101,0.0054954947,0.5117614,0,121,0.059529066,0.69837075,0,141,0.010874085,0.6846549,0,161,0.0,0.7558741,2,200
8,0.00065624283,1.0519091,2,28,0.0,1.1312491,2,51,0.0,1.0604022,2,90,0.0,1.0776684,2,113,0.0,1.0414109,2,135,0.0,1.0541239,2,169,0.0055598435,1.0693945,2,200
9,0.009664377,1.0443887,2,20,0.01645393,0.9866513,2,49
10,0.0033675022,1.0435481,2,20,0.0,1.0686903,2,42,0.0033286002,1.0972909,2,63,0.0058827577,0.9762123,0,83,0.000352495,1.0492493,2,108,0.008459849,1.0405408,0,128,0.0016217141,1.029274,2,148,0.0,1.011541,0,170,0.0,1.1020275,2,200
11,0.0068766065,0.8821019,2,20,0.032948084,0.7874338,2,40,0.07431337,0.8020669,2,60,0.069723465,0.8515316,2,80,0.040645022,0.8201828,2,100,0.015581721,0.77500325,2,120,0.15004113,0.4592011,2,140,0.034490786,0.47612587,2,160,0.004886677,0.45217386,2,180,0.013102682,0.5086002,0,200
12,0.019731332,0.92920893,2,25
13,0.02329434,0.93336385,2,22,0.013376729,0.9244111,2,43,0.012720352,0.9533457,2,65,0.00022627646,1.0354218,2,85
14,0.007694503,0.9702416,2,28,0.023960022,0.94604445,2,48,0.02741023,0.9436679,2,69,0.027517358,0.94726497,2,89,0.0055888453,0.9158627,2,115,0.008025786,1.0370747,2,138,0.0048608296,0.6324877,2,162,0.03173747,0.75975853,2,200
15,0.012837154,0.9511677,2,20,0.00918643,0.88456553,2,40,0.07206355,0.92623794,2,60,0.0069259116,0.8262904,2,80,0.0,0.6162324,2,100,0.0,0.6347679,2,128
16,0.0019350725,1.0840404,2,37,0.00062339,1.072996,2,60,0.010240833,1.0111014,2,95,0.004286667,1.0068996,2,115,0.0,1.0237812,2,135,0.005345296,1.0393416,2,155,0.0011604762,1.0735061,2,178,0.0,1.0753446,2,200
17,0.0,1.0551873,2,22,0.0005817552,1.081242,2,50,0.0,1.093196,2,72,0.016199002,1.0845766,2,92,0.0046272697,1.0750974,2,112,0.005131764,1.0482575,3,134,0.0007586782,1.0408133,2,158,0.0,1.03772,2,178,0.0040672757,0.9957369,2,200
18,0.038122945,0.91620255,2,20,0.035701435,0.7730794,2,41,0.024373317,0.67289406,2,63,0.0,0.706532,0,83,0.0,0.79761684,2,104,0.010742004,0.6130112,2,125,0.028100068,0.53216994,2,145,0.06351771,0.71150345,2,165,0.01794878,0.5683478,2,200
19,0.017422277,0.9981551,2,20,0.032615308,0.9607183,2,41,0.00815959,0.9086202,2,64,0.025995433,0.9543812,2,97,0.004553078,0.97913164,2,122,0.06469422,0.94158745,2,142,0.0,0.9790293,2,164,0.011426172,0.9915901,2,200
20,0.013772071,0.9716485,2,23,0.0012029472,1.0890055,2,43,0.0,1.0530436,2,69,0.0045661028,1.1221416,2,91,0.0029461142,1.1015598,2,112,0.016264575,1.101582,2,140,0.015337537,1.056494,2,160,0.004699187,1.0739859,2,200
21,0.0,1.0201668,2,24,0.0,1.0787588,2,48,0.001443672,1.0436535,2,85
22,0.00325184,1.0861142,2,20,0.0,1.0421624,2,42
23,0.009233481,1.0334852,2,32,0.020972386,0.9655026,2,52,0.0535094,0.9477621,3,73,0.03035351,0.9403412,2,93,0.019247977,0.93638694,2,113,0.027257686,0.8510364,2,133,0.005535271,0.96733046,2,157,0.023906745,1.0026946,2,178,0.0006781623,0.9946609,2,200
24,0.00410451,0.98082846,2,22,0.004754155,0.9957012,0,43,0.0032677434,1.0508231,2,67,0.0,1.0257437,0,89,0.0046641864,1.0649422,0,110,0.007107776,0.9913049,0,138,0.0,1.0647115,0,170,0.0034654706,1.0387757,2,200
25,0.010652356,0.88268644,2,21,0.01549426,0.8458972,2,45,0.064927615,0.84769285,2,65,0.03716588,0.6997193,3,85,0.0,0.8340923,0,105,0.03599344,1.0555212,2,126,0.0,0.9575796,0,146,0.0,0.7515439,0,166,0.0,0.54075086,0,200
26,0.0135138305,0.9620415,2,23,0.026037939,1.0387827,2,45,0.0068045547,1.0768766,2,72,0.009747034,1.0973203,2,92,0.0051943148,1.0662048,2,115,0.0,1.1311969,2,135,0.007091051,1.0751399,2,164,0.008734646,1.1012561,2,200
27,0.013238763,1.0026009,2,20,0.00045010683,1.0225936,2,42,0.016369011,1.0261829,0,62,0.0018844932,1.014979,2,85,0.002772679,1.033065,0,111,0.01281657,1.0115113,2,140,0.011358637,1.0540553,0,160,0.006056442,1.0163152,2,200
28,0.010702647,0.9121759,2,36
29,0.021291967,0.920871,2,21,0.011525746,0.9498548,2,69,0.014252875,0.9134433,2,99
30,0.007340307,0.9667314,2,20,0.0,1.0738279,2,42,0.0,1.1256499,2,64,0.0,1.1744269,0,86,0.0,1.118969,2,108,0.0,1.1446842,0,131,0.0,1.1502101,3,152,0.0,1.1508505,0,172,0.0013431625,1.125187,2,200
31,0.009041822,0.9701522,2,21,0.018269483,0.86170375,2,42,0.0,0.88693964,2,62,0.008134632,0.9152625,2,82,0.015533039,0.8978505,2,102,0.009043494,0.89029056,2,122,0.0010771718,0.94336975,2,142,0.03841457,0.8853005,2,162,0.016335096,0.93807524,2,200
32,0.0041891076,0.9096596,2,24,0.0,0.82113236,2,45,0.0,0.63796645,2,65,0.0,0.6803941,2,87,0.0,0.50995684,2,108,0.05291024,0.54512703,2,128,0.021743806,0.6499891,2,148,0.00010188731,0.7453987,2,169,0.006051295,0.63066095,1,200
33,0.021873098,0.94107896,2,25
34,0.023239065,0.9265998,2,20,0.022421094,0.93379253,2,48
35,0.008617189,0.9275521,2,21,0.007168083,0.8204413,2,44,0.0064074905,0.8278632,2,64,0.0,0.9053542,2,84,0.0,0.86079895,2,109,0.0,0.88620675,2,129,0.0,0.8872548,2,156,0.0015012043,0.9258801,2,176,0.009653243,0.8407658,2,200
36,0.0025332726,0.9837653,2,24,0.017500011,0.94473755,2,49,0.02766423,0.9292142,2,69,0.0016330271,0.9153799,2,95
37,0.030640578,0.951103,2,22,0.005120752,0.9842513,2,43,0.0067621283,1.0159223,2,63,0.013355531,0.91353035,2,95
