0,0.020013442,1.0196931,0,21,0.01739182,0.9725489,2,43,0.0019516202,0.8508442,2,80,0.0,0.78114337,2,102,0.0,0.67670023,2,128,0.001199816,0.8352601,2,152,0.060511373,0.78232676,2,178,0.03821032,0.9121336,2,200
1,0.0075025386,0.9908707,2,21,0.0042804545,0.96336836,2,47,0.0,0.96180487,2,74,0.0036487207,0.95544255,2,94,0.0,0.94404393,2,114,0.021525312,0.96804607,3,134,0.0017336108,0.9385399,2,161,0.0,0.97494876,2,200
2,0.013722524,0.9831835,2,20,0.012518195,0.9776748,2,40,0.028442407,0.96272767,2,60,0.003220814,0.99223214,3,89,0.054898787,0.92644536,2,109,0.073297106,0.9902549,0,129,0.024083957,1.0791017,0,152,0.0062242695,0.96580976,2,176,0.05628222,0.94583464,2,200
3,0.003345268,0.9503229,2,21,0.016010048,0.9690418,2,41,0.01323731,0.9007009,2,61,0.018748926,0.9202689,3,82,0.023180505,0.9299592,2,102,0.01702168,0.8021044,2,124,0.011100986,0.8947414,2,144,0.029003162,0.92659986,2,164,0.0021701665,1.0285504,2,200
4,7.1579416e-05,1.0207822,2,21,0.0013834718,1.1361842,2,41,0.009892618,1.1548522,2,62,0.011073907,1.1012172,2,92,0.00010116827,1.1598724,2,122,0.0070642377,1.111364,2,145,0.0038592804,1.1575446,2,171,0.0022188176,1.0127672,2,200
5,0.0036635438,1.0658069,2,27,0.0022448762,1.0855734,2,51,0.0047437833,1.0732895,2,89,0.0015063672,1.0227613,0,110,0.0008697774,1.0536821,2,131,0.0041724104,1.0595541,2,159,0.00021472918,1.0827584,2,200
6,0.008427744,1.0256588,2,28,0.006776843,1.0590135,2,48,0.0009082953,0.9880564,2,70,0.00096774695,0.9686517,2,93,0.008338438,0.9293761,2,113,0.00066167605,0.9716168,2,135,0.0,1.0921656,3,155,0.0010489956,1.1361251,3,177,0.0041502984,1.0583351,2,200
7,0.0068775555,0.9647642,2,21,0.020683715,0.9183515,2,42,0.010005552,0.8150841,0,62,0.016297042,0.69314504,2,89,0.018130377,0.8125777,0,109,0.0060741417,0.9390768,2,129,0.0227081,0.76299137,0,149,0.024306474,0.764453,2,171,0.02616572,0.5126816,2,200
8,0.0045448253,1.0055603,2,23,0.006412223,1.0134917,2,47,0.0002539009,0.9978383,2,67,0.023127055,1.028931,2,91
9,0.0023573327,0.9322823,2,20,0.017718509,0.9819811,0,40,0.05112932,0.9673226,2,62
10,0.048899874,0.9883024,2,20,0.029459959,0.7613831,0,42,0.016890416,0.812274,0,62,0.10125327,0.93141335,0,82,0.0,0.72836816,2,102,0.0,0.74982077,2,122,0.009967649,0.84360915,2,142,0.042656396,0.82008874,2,165,0.06843408,0.712052,2,197
11,0.01948577,0.97640646,2,20,0.002072387,1.0426279,2,40,0.0006493501,1.0509577,2,66,0.014977155,0.9847376,2,86,0.014882879,1.0438528,2,115,0.0,0.9788001,2,136,0.015556814,1.0038862,2,162,0.011522041,1.0529549,2,200
12,0.022371328,0.990767,2,20,0.0008780651,0.92266273,2,42,0.005878871,0.9437909,2,62,0.04472814,0.9609456,2,82,0.010118875,0.8762789,2,118
13,0.0043538064,1.0127108,2,20,0.023907281,0.97198707,2,41,0.040740702,0.96710396,3,70
14,0.01700579,1.0173415,2,29,0.0059019844,1.0752481,2,52,0.0011200442,1.0240778,2,75,0.007694102,1.1164582,3,98,0.00062404945,1.102174,3,132,0.0,1.0790113,3,152,0.005508021,1.1011237,0,174,0.0006630196,1.115723,2,200
15,0.004241601,0.99814165,2,20,0.0014672262,0.9178586,2,40,0.063658655,0.8094982,0,61,0.017694,0.7137974,2,82,0.017394857,0.84020346,2,106,0.0,0.64992446,2,126,0.0,0.66338885,2,147,0.0021517356,0.67190063,2,172,0.022583555,0.7482828,2,200
16,0.021268355,0.8683425,2,20,0.0025413476,0.99022436,2,40,0.0,1.0129293,0,60,0.0,0.8204187,2,80,0.0,0.9422534,2,100,0.0,0.92422646,2,121,0.0,0.945192,0,141,0.0,0.88474464,2,162,0.0,0.9811545,2,200
17,0.0,1.0043361,2,20,0.0,1.0010476,3,41,0.0043739257,0.9142469,2,61,0.0,0.9140193,2,81,0.0,0.96727914,2,101,0.0,0.9484765,2,122,0.0010017707,0.9439908,2,142,0.0,1.015931,2,162,0.0068261256,1.0423517,2,200
18,0.009722349,0.9881337,2,20,0.021784607,0.97352,2,40,0.008918415,1.030246,2,60,0.012288243,0.99928784,2,89,0.0027593707,1.1233163,2,118,0.0012857165,1.1517274,2,139,0.0,1.074404,2,160,0.0,1.1079223,2,180,0.004003824,1.0560805,2,200
19,0.0,1.0507203,2,21,0.0,1.0695975,2,42,0.0,1.1065077,2,63,0.0025850104,1.0714296,2,92,0.0,1.0363247,2,120,0.0,0.97754174,3,140,0.0,1.0572329,2,160,0.0009899503,1.0544007,2,180,0.0,1.0253319,2,200
20,0.0033726376,0.9924907,2,25,0.033818644,0.97514737,2,45,0.0,0.78177994,2,65,0.022706522,0.8030312,2,87,0.005343664,0.75944036,2,115,0.0,0.73917806,2,135,0.0,0.80588657,2,156,0.0,0.6908105,2,176,0.06634987,0.8728828,2,200
21,0.018828353,0.9498087,2,23,0.0080710305,0.90037453,2,43,0.0,0.7006804,2,63,0.0018364489,0.7901795,2,95,0.01052493,0.9271856,2,116,0.0042540305,0.9750591,2,144
22,0.00018657366,1.0867543,2,33,0.0,1.0488051,2,53,0.025106514,1.0557716,2,76,0.024280462,0.9898726,2,96,0.000482535,0.98865175,2,117,0.0,1.094039,2,137,0.0,1.081158,2,158,0.0037114953,1.0714415,2,179,0.0,1.1034211,2,200
23,0.0,1.0202985,2,21,0.017009782,0.964159,2,41,0.008138028,0.99055827,2,61,0.012447264,0.9735886,2,88,0.00950829,1.0525495,2,108,0.0044397586,1.0259886,2,129,0.0,1.0852007,0,149,0.001192486,1.0388534,2,172,0.0030680303,1.1007649,0,200
24,0.013328426,0.9554323,2,20,0.011896719,0.95374966,2,40,0.031404458,0.87572104,2,62,0.0109284315,0.83544844,2,82,0.040755294,0.7191681,2,102,0.0033269308,0.7532574,2,122,0.0,0.7366959,2,142,0.0058487006,0.81153995,2,162,0.0,0.87652147,2,200
25,0.0013175386,1.0023592,2,20,0.017732551,0.98708916,3,40,0.026752165,1.0062947,3,61,0.06662897,0.95958984,2,81,0.011578093,0.9378503,0,102,0.085094675,0.84894294,0,122,0.0,0.9668794,2,143,0.00831853,0.98910856,2,164,0.0,0.9515306,2,200
26,0.0022323974,0.9954298,2,20,0.0,0.96237725,2,41,0.043625783,0.9138231,2,61,0.009796706,0.98449427,2,82,0.032261293,0.864481,2,102,0.002089779,0.80351895,2,123,0.020230982,0.906845,3,143,0.0,0.8748396,2,163,0.01854326,0.82760024,2,200
27,0.007769276,0.96672726,2,33,0.0018948322,1.0583773,2,58,0.0032533032,0.9803957,2,83,0.003885005,1.0463253,2,105,0.00519641,1.0439036,3,125,0.004742588,1.0505222,2,151,0.0069054114,1.0276787,2,171,0.00068750617,1.0170343,2,200
28,0.0037524924,1.0320278,2,28,0.010850668,1.0336574,2,48,0.008709798,0.9533132,2,72,0.0,1.0667006,2,95,0.0,1.0652964,2,116,0.0,1.0661714,2,139,0.0,1.0808177,2,161,0.0014332237,1.051681,2,200
29,0.0,1.0124065,2,21,0.010520249,0.9648782,2,41,0.04313842,0.96703845,2,61,0.011685437,0.91002667,2,81,0.031721514,0.9430028,3,101,0.029737474,0.929192,2,124,0.0,1.0214692,2,145,0.0,1.0733521,0,170,0.0,1.0874358,0,200
30,0.022278382,0.9683417,2,29
31,0.007441856,1.0027678,2,20,0.001698292,1.0570581,2,47
32,0.005627467,0.9832053,2,20,0.0071830507,0.93316966,2,41,0.0,0.9400765,2,61,0.012288818,0.85523003,2,81,0.0,0.80526257,2,101,0.0,0.69814473,0,121,0.00066387677,0.84614253,2,147,0.013352704,0.80237234,2,167,0.005728382,0.7937723,2,200
33,0.022201587,0.92548084,2,20,0.0052963058,0.9214168,2,42,0.016578754,0.872739,2,65,0.00858088,0.9111854,2,86,0.0,0.8649502,2,107,0.0,0.8754112,2,163,0.011699399,0.9071069,2,200
34,0.0014571076,0.977322,2,20,0.0,1.0582825,2,40,0.008029215,1.1400721,2,66,0.0,1.1745487,2,89,0.0,1.1474199,2,118,0.0,1.1323597,2,141,0.0,1.1587778,2,162,0.0061951187,1.1228136,2,200
35,0.0,0.8988239,2,22,0.014680468,0.96658385,2,47,0.0,0.9731207,2,67,0.052309696,0.97340965,2,89,0.008675314,0.9912356,2,109,0.0,0.9538023,0,131,0.007354432,0.9027381,0,151,0.0011742543,0.9918131,0,176,0.006982652,1.0532681,2,200
36,0.052724242,0.95706457,2,21,0.0,0.8879881,2,43,0.0,1.0314184,2,67,0.006687691,0.9168968,2,97,0.0014944137,1.0256261,2,127,0.011220553,0.93469423,2,155,0.01218572,1.0203893,2,176,0.024397537,0.977714,2,200
