0,0.017545814,0.96286553,2,20,0.023311464,0.8794147,2,40,0.020743791,0.89825493,2,61,0.0,0.8151158,2,81,0.005250658,0.74395764,2,101,0.006888765,0.6736407,2,124,0.0,0.74713504,2,144,0.0069313026,0.84061396,2,164,0.036741357,0.7522409,2,200
1,0.015983272,0.8192061,0,20,0.019039636,0.7387258,2,41,0.0,1.0196537,2,62,0.0,0.8807038,2,82,0.0,0.8921707,0,102,0.0,0.66232264,0,122,0.04991175,0.6995765,2,143,0.012997841,0.62052536,2,164,0.015331242,0.81038356,2,200
2,0.0111342855,0.9064144,2,22
3,0.0073016137,0.9250197,2,22,0.0006987279,1.0525484,2,42,0.0,1.0768878,2,62,0.0016846267,1.0979859,2,86,0.0,1.1317459,2,108,0.0036667339,1.1262662,0,134
4,0.006223911,1.0357859,2,20,0.0,1.0266315,3,44,0.00037260476,1.0039818,2,64,0.0,1.0642885,2,85,0.0,1.0668947,2,105,0.01037802,0.99039716,2,125,0.0,1.0183299,2,145,0.00083091384,1.002878,2,177
5,0.052483868,0.8676181,2,20,0.0353476,0.84441376,2,40,0.00031986248,0.9420664,2,77,0.0,0.86726594,2,112,0.0,0.7886082,2,140,0.022192542,0.9282591,2,160
6,0.0017576019,0.8630158,3,20,0.018135294,0.8997148,2,40,0.0117999045,0.9321136,2,62,0.0412683,0.76276076,2,82,0.04621277,0.83355093,2,102,0.012280211,1.0616922,3,126,0.016449604,1.009809,2,153,0.011107435,0.91690606,2,173,0.051866468,0.8786353,2,200
7,0.008481786,0.8896469,2,20,0.030767119,0.8239813,2,40,0.0076693604,0.8171266,2,60,0.0014535689,0.8992169,2,91,0.0,0.8762245,2,113,0.001066271,0.9148712,2,137,0.0,0.952216,2,162,0.021736285,0.9214611,2,200
8,0.0044314675,0.9544965,2,21,0.0019323287,0.8754349,2,42,0.0,0.9170705,2,62,0.019149946,0.96329963,2,82,0.02456633,0.88382816,2,104,0.024219949,0.9015579,2,124,0.0041429037,0.9495231,2,150,0.113134824,0.85283136,2,170,0.055531383,0.93892825,2,200
9,0.067503996,0.85263187,2,21,0.012678811,0.92402303,0,41,0.0,1.1039946,0,61,0.004901599,1.0993605,3,82,0.003041254,1.1423403,3,102,7.7759476e-05,1.1204473,2,122,0.0,1.1757258,0,142,0.0,1.130044,3,165,0.0,1.1606449,3,200
10,0.0075676143,0.9672821,2,20,0.0,1.0143024,2,41,0.001345587,1.0452362,2,68,0.0023873805,0.9629597,2,91,0.0057675806,1.0615046,2,125,0.0033823699,1.0635114,2,149,0.0,1.0465857,2,170,0.0038678646,1.0536934,2,200
11,0.005622624,0.9807742,2,21,0.001255772,0.8744766,2,41,0.025548488,0.84397095,2,61,0.002082468,0.98950243,2,86,0.008170172,0.9483046,2,107,0.0023749196,0.9231612,3,130,0.011628539,0.97719,2,150,0.0062450455,0.89485353,0,172,0.012893893,0.92697394,2,200
12,0.0,1.0912392,2,20,0.0009200582,1.046547,2,42,0.0,1.0606271,3,63,0.002883903,1.019687,2,101
13,0.048308153,0.7819143,3,20,0.0077682002,0.65153545,2,42,0.0,0.87397206,2,62,0.012550113,0.82127506,2,82,0.021457499,0.7908951,2,104,0.0072545162,0.56445736,2,124,0.0,0.6385023,2,149,0.0066331215,0.743925,2,170,0.030096011,0.76362574,2,200
14,0.00605408,0.90175915,2,20,0.0,0.9664653,2,47,0.02570746,0.9370527,2,67,0.0012696371,0.9446963,2,88,0.0009573078,0.9356247,2,120,0.002281993,0.9237505,2,155,0.036641244,0.9016818,2,175,0.0027328483,1.0310451,2,200
15,0.02342412,1.0016661,2,23
16,0.00745915,0.8890251,2,22,0.0,0.94843924,2,42,0.0030891348,0.8684207,2,63,0.009154364,0.9235649,2,100
17,0.0054521593,1.0350122,2,20,0.00048764376,1.0217085,2,40,0.00023060263,1.0479723,2,78,0.0,1.0601298,2,98,0.005948437,1.090552,2,118,0.0018496802,1.0980009,0,139,0.012496901,1.0414028,0,163,0.0023358695,1.0646435,2,200
18,0.00968869,0.9795141,2,20,0.006722224,0.95605546,2,40,0.009430571,0.9907784,2,63,0.007252991,0.99167186,2,98,0.009336026,0.9413651,2,121,0.00055472384,1.0078231,2,141,0.0038420775,0.98955774,2,161,0.00083363627,1.0220145,2,200
19,0.029886376,1.0050439,2,22,0.0,1.1015378,2,42,0.0024894283,1.0494481,2,66,0.0055961497,1.0224922,2,89,0.0012956347,1.0498449,2,114,0.016380358,1.0005478,2,139,0.0,1.0940034,0,161,0.0010908556,1.062997,2,200
20,0.006168928,0.94854754,2,23,0.009246638,0.9203643,3,48,0.0026420727,0.9860059,2,68,0.0,0.9141156,2,88,0.00307362,0.9088138,2,108,0.0029641893,0.89511925,2,135,0.0027127597,0.9251646,2,155,0.0048692785,0.9860587,2,176,0.0062370636,0.9333777,2,200
21,0.00856249,1.0416266,2,20,0.009593394,1.030631,2,45,0.0115211215,0.9443651,2,67,0.0,0.9150936,2,90,0.0,0.9306882,2,113,0.0005733234,0.987081,3,140,0.0031461567,1.0044489,3,160,0.013264781,0.9531436,3,200
22,0.00014150392,0.96503085,2,21,0.019401144,0.9083581,0,41,0.007935761,0.83952725,2,61,0.03995367,0.8644824,2,81,0.031518087,0.88546467,2,101,0.0039601168,0.86101496,2,122,0.015267814,0.98570335,2,149,0.012967959,0.9913664,2,169,0.016430391,1.006667,3,200
23,0.004957036,1.0648638,2,21,0.004626566,1.0442879,2,56
24,0.0,0.92992944,2,20,0.0073369034,1.03283,2,40,0.0037362664,1.0885277,2,72,0.0050467057,1.0463983,2,127,0.00071200187,1.0562245,2,148,0.009852128,1.0439231,2,200
25,0.015067246,0.96908844,2,30
26,0.0049204486,1.0061378,2,24
27,0.0,1.0325409,2,48,0.0,1.0411593,2,69,0.0013727878,1.0779366,2,91,0.0,1.052114,2,120
28,0.0,1.0684092,2,21,0.000618955,0.99834126,2,41,0.0,0.97386885,2,61,0.0,1.0397285,3,83,0.0,1.0464119,2,119,0.0,1.0471891,2,143,0.0,1.0740374,2,167,0.0008034989,1.0134872,2,200
29,0.0014498631,0.9482254,2,20,0.02166058,0.83830243,2,40,0.031687643,0.84365857,0,60,0.01472608,0.7767809,0,83,0.034686014,0.9047974,3,103,0.0,0.8262884,0,123,0.0,0.73138875,3,143,0.000104329825,0.8129169,2,163,0.009107881,0.64780843,2,200
30,0.006058736,1.0170875,2,22
31,0.025707569,0.9195592,2,20,0.010262792,0.81081706,2,44,0.0065929205,0.7998548,2,64,0.006160996,0.8663516,2,85,0.0,0.8003443,2,105,0.027292538,0.82022965,2,125,0.01155995,0.7966571,2,150,0.045960546,0.8970885,2,179,0.05310066,0.9939138,2,200
32,0.010960831,0.9956325,2,30
33,0.0068280473,1.0165528,2,22,0.0005958142,1.0292007,2,42,0.0070079356,1.0340399,2,67,0.0,1.0268391,2,89,0.0,1.0588763,2,112,0.0,1.0912094,2,132,0.0040980945,1.020223,3,154,0.0,1.0507209,2,174,0.0,1.0039649,2,200
34,0.028716048,0.9259411,2,21,0.005203838,0.9135737,2,43,0.004417347,1.0447527,3,64,0.0,1.0069916,3,87,0.0,1.0470771,2,107,0.0008495627,0.98881453,3,131,0.0,1.023288,2,151,0.0,1.0796337,2,177,0.004154521,1.0107559,2,200
35,0.0018205893,0.93754125,2,22,0.0,0.8952851,3,42,0.009753507,0.8907857,2,65,0.0035674016,0.8602955,2,93,0.0038028986,0.9068683,2,113,0.007414728,0.88106406,2,138,0.010072039,0.93630344,2,175
