0,0.00229447,1.0125109,3,20,0.02526619,1.0367148,2,40,0.0053521097,1.0423594,2,61,0.0,1.075602,3,108,0.0011486905,1.0605459,2,129,0.004478427,1.0875019,3,153,0.0070410334,1.097219,3,178,0.009400312,1.0937384,0,200
1,0.00016243853,1.0211147,2,23
2,0.00064498605,0.9328834,2,31
3,0.008855723,0.93121374,2,20,0.030309018,0.9452345,2,40,0.0017553841,0.8897475,2,60,0.012542638,0.92585695,2,80,0.0015101457,0.92415476,2,100,0.030831417,0.8752371,0,120,0.007701406,0.85811824,2,140,0.0667905,0.80145663,2,161,0.0051947087,0.924953,2,200
4,0.0040818886,1.035736,2,28,0.0,1.007883,2,48,0.0,1.0586683,2,71,0.0053851656,0.9852791,2,113,0.0,1.0374346,2,135,0.0,1.0625956,3,155,0.0013770243,1.058208,3,177,0.0,1.0410485,2,200
5,0.014026201,0.92894006,2,22,0.0,0.8563403,2,42,0.0035983387,0.78837365,2,62,0.01600251,0.6894843,2,82,0.0,0.86028624,2,102,0.012229819,0.70508873,0,122,0.013764815,0.780806,2,142,0.011148693,0.8458122,2,162,0.012232135,0.8925238,2,200
6,0.012020259,0.9973194,2,28,0.010329567,1.0152057,2,72,0.0022779624,0.964557,2,92,0.0005205769,1.0672318,2,115,0.013690565,1.0830512,3,137,0.0,1.150416,2,162,0.010302324,1.0368952,2,200
7,0.0,1.0343711,2,20,0.006485234,1.0089594,2,40,0.012033406,1.0591041,2,62,0.00906256,1.0711361,2,83,0.0,1.0644819,2,103,0.0020207004,1.026261,2,124,0.0,1.061118,2,149,0.0,1.0316074,2,172,0.0054452755,1.0276859,2,200
8,0.01017559,0.9681534,2,23,0.021106895,1.0249208,2,43,0.024399325,0.8686673,2,68,0.0,0.943225,2,88,0.008727825,0.7528778,2,109,0.01816013,0.86621714,2,129,0.0,1.0667994,2,149,0.019744951,0.8080128,2,177,0.053315427,0.73269564,2,200
9,0.03323033,0.91379726,2,20,0.023143647,0.8626376,2,45
10,0.008095626,0.9381243,2,22,0.005983654,0.9547076,2,42,0.018342914,0.6687989,0,74
11,0.004750831,0.8965825,2,23,0.078511216,0.8576185,2,43,0.0863475,0.85886145,2,63,0.0,0.818237,0,83,0.11418617,0.62484103,0,103,0.016461113,0.6266274,2,126,0.16068771,0.5011345,0,147,0.0,0.4370253,2,168,0.108053,0.6908775,2,200
12,0.0060040015,1.0290784,2,21,0.003093585,1.0800399,3,51,0.0,1.0746032,3,71,3.444746e-05,1.096021,3,96,0.00013698458,1.1226887,3,121,0.0022312503,1.1249835,3,151,5.1206353e-06,1.1212811,3,176,0.0,1.10479,2,200
13,0.0061102267,1.0600982,2,22,0.00683704,1.1115083,0,42,0.0,1.1476864,2,72,0.0,1.1540711,3,92,0.0,1.1232309,2,112,0.0,1.1220982,3,139,0.0,1.0915089,2,160,0.0,1.179426,3,180,0.009342789,1.1535199,0,200
14,0.0391768,0.92952186,2,20,0.010767576,0.9065626,2,43
15,0.01736181,0.9687982,2,28,0.004606052,0.9299032,2,53
16,0.0046967617,1.0132284,2,21,0.010996349,1.0447006,2,41,0.0040792585,1.0706964,2,63,0.0044516046,1.0928369,2,90,0.003526416,1.0230613,0,114,0.0,1.068031,2,135,0.0,1.0620741,2,155,0.0,1.0561607,2,178,0.0042070267,1.0418937,0,200
17,0.014069636,0.8951408,2,23
18,0.009094546,0.8466598,2,20,0.016774978,0.75487936,2,41,0.02661104,0.62565184,2,68
19,0.0046225213,1.0045205,2,25,0.01604906,0.9722314,2,50,0.01594859,0.9461128,2,70,0.02152564,0.94198036,2,93,0.01810227,1.002336,2,122,0.002644845,1.0050552,2,142,0.0,1.0069995,0,162,0.0017486756,1.0051217,2,200
20,0.0021983553,0.9655822,2,24,0.0006015052,0.9565884,3,45,0.0014848122,0.90538085,2,68,0.0008455899,0.9266619,2,100,0.00052148564,0.9470028,0,122,0.0010418465,0.94556844,2,166,0.0028307056,0.9549769,2,200
21,0.0037411668,0.99665105,2,20,0.0,0.9308308,2,44,0.009761029,0.954458,2,80
22,0.0006887545,0.9511921,2,20,0.01700893,0.9064726,2,54
23,0.005138076,1.0347846,2,37
24,0.029217947,0.9463962,2,20,0.00071820716,1.0945297,2,50,0.0024601193,1.0781218,2,91
25,0.02760056,0.8675884,2,20,0.011857681,0.7498143,2,40,0.020010924,0.77060646,2,60,0.0,0.70665205,2,80,0.0,0.5439561,2,100,0.019408789,0.4683023,2,120,0.0,0.4332269,2,141,0.0,0.24103233,1,161,0.0036074237,0.20849712,1,200
26,0.0066172685,0.93350095,2,21,0.014948255,0.9853129,2,43,0.0042409156,0.9797288,2,63,0.04259491,0.9790077,2,84
27,0.013042629,0.9143192,2,22,0.020278104,1.0289183,2,46
28,0.01570358,0.92923033,2,20,0.020791307,0.8236585,2,41,0.023427691,0.7287982,0,61,0.006766563,0.89371157,2,84,0.043082673,0.777131,2,104,0.13045605,0.5872918,2,124,0.059794534,0.8119048,2,144,0.056648016,0.4485554,2,164,0.12628399,0.41403204,2,200
29,0.0042298394,1.0073799,2,21,0.006606035,0.9765422,2,41,0.016634207,0.9514834,2,61,0.0021304018,1.0313247,2,81,0.0,1.0804764,2,104,0.0,1.1136634,2,128,0.0,1.1240333,2,148,0.0,1.15926,2,169,0.0,1.0984849,2,200
30,0.04014583,0.7798466,2,22,0.017432172,0.96581095,2,42,0.018253695,0.94963026,2,62,0.0,0.9483496,2,99
31,0.01695942,0.96488476,2,20,0.004531071,0.94879,2,42,0.006489013,0.98871815,2,63,0.028581208,1.02225,2,83,0.0,1.02529,3,103,0.0027195357,0.9766647,2,123,0.012289094,0.97352016,2,151,0.0,1.0340638,2,175,0.016172506,0.9505726,2,200
32,0.0059704664,0.95880634,2,24,0.0038610846,0.9359931,2,45,0.018000275,0.7987493,2,65,0.040649287,0.7821591,2,85,0.05376034,0.8380108,2,105,0.03970638,0.87345,2,125,0.040263005,0.8831273,2,151,0.013854455,0.97158223,2,200
33,0.027212387,0.92636025,2,20,0.017802978,0.87844306,2,40,0.005748688,0.9231092,2,60,0.048401322,0.78662604,2,80,0.0,0.84653527,3,101,0.035017565,0.9228965,2,122,0.021583386,0.7844005,2,142,0.041220866,0.8026236,2,163,0.008252072,0.7387331,3,186
34,0.010359372,0.9342044,2,31
35,0.0019478485,0.90726054,2,20,0.006195362,0.94858015,0,41,0.0019560277,0.7405071,2,61,0.0,0.6561852,2,81,0.0,0.4578163,1,103,0.010462085,0.85061103,2,123
36,0.003804553,0.9381301,2,39
37,6.258851e-05,1.0192319,2,20
38,0.028883724,0.9340696,2,21,0.017934756,0.74813175,0,41,0.0,0.93159044,2,61,0.0,1.064355,2,81,0.0,0.9291832,3,101,0.0,1.033855,2,121,0.0,1.0004973,2,143,0.017224511,0.7045619,0,166,0.024409682,0.60720545,2,200
39,0.0,1.0318065,2,30,0.0012018712,1.1146456,2,51,0.008268594,1.1178845,2,75,0.0,1.1387666,2,100,0.0,1.1089296,2,120,0.0001204428,1.123165,2,154
40,0.016449008,0.8920892,2,20,0.027028237,0.90316147,2,47
41,0.019092092,0.946987,2,33,0.0,0.94559443,2,53,0.00029696233,1.0071148,2,99,0.010381152,1.0207407,2,128
