0,0.01117797,0.85968125,2,20,0.0,0.5240323,2,41,0.0,0.36684966,1,62,0.0,0.15114069,1,84,0.11092694,0.1336747,1,122
1,0.0,0.8218999,0,20,0.0,0.83554286,2,41,0.01007719,0.64464414,2,76
2,0.013985962,0.93594265,2,20,0.0,1.070457,2,56,0.0056743464,1.0205784,2,76,0.027067117,1.019637,2,100,0.0,1.0375593,2,122,0.030491948,1.0509052,2,146,0.0043522664,1.0589495,2,173,0.0,0.9685726,2,200
3,0.004799171,0.9549823,2,21,0.012951954,0.90857124,2,42,0.044069868,0.9469155,2,63,0.05350204,0.9053155,2,103,0.018054517,0.99060076,2,123,0.011605642,0.91934174,2,147,0.07724441,0.89575154,2,185
4,0.0052800593,0.99498016,2,24,0.0033880144,0.8949124,2,44,0.0,0.8366475,2,68,0.032310523,0.82485646,2,88,0.06672681,0.65288144,2,109,0.009815819,0.7682838,2,131,0.10317874,0.74904025,2,151,0.04898603,0.8103884,2,171,0.124268435,0.6428184,2,200
5,0.0,1.0345063,2,29,0.0,1.0472891,2,49,0.0,1.0493982,2,82
6,0.003732245,0.91364014,2,25
7,0.02737509,0.92711323,2,20,0.00661586,0.8655194,2,41,0.011238832,0.8549835,2,61,0.0026877932,0.93612087,2,81,0.04835435,0.8639977,2,103,0.0,0.8745261,2,124,0.0,0.7625446,2,147,0.004229286,1.028203,2,167,0.006109429,1.0623597,2,200
8,0.02162293,0.96626717,2,36
9,0.020236928,0.98571044,2,20,0.010644309,0.98576987,2,40,0.018601952,0.9622139,2,67
10,0.011829383,1.0122294,2,22,0.012933361,1.0356834,2,44
11,0.016676845,0.8215591,2,37
12,0.004675699,1.0371541,2,22,0.00047436313,1.018943,2,52,0.0125987325,1.0156562,2,74,0.0,1.076416,2,94,0.0,1.0569811,2,115,0.0,1.082163,3,136,0.0,1.0661718,2,158,0.0020234466,1.052505,2,185
13,0.016200194,0.9059259,2,20,0.0053469697,0.9024204,2,40,0.0003113756,0.9764792,2,60,0.0,1.0365305,2,81,0.0005093628,1.0476785,2,113,0.0,1.0066658,2,137,0.0,1.0171902,0,158,0.0003718449,0.99010545,2,178,0.003651393,1.032583,2,200
14,0.008143805,0.948024,2,20,0.0,0.9975136,2,40,0.03500387,0.96407175,2,61,0.0,0.99967766,2,82,0.0034829907,0.9801529,2,102,0.0,0.9916378,2,123,0.049306307,1.0008979,2,154,0.055253077,0.9503069,2,178,0.047178313,0.9943381,2,200
15,0.010068892,0.950843,2,20,0.0046776347,1.0204958,2,40,0.0,1.0363829,2,62,0.001582111,1.0345254,2,91,0.0,1.0635716,2,112,0.0,1.0243274,2,133,0.0009709456,1.0282267,2,159,0.0014322846,1.0548562,2,200
16,0.0022943222,1.049676,2,25,0.02768898,1.0273564,2,45,0.008054582,1.0506389,2,73,0.009599437,1.0628973,2,94,0.0013570631,1.0204777,2,117,0.0013694358,1.0605339,2,147,0.0,1.088698,2,168,0.0,1.0745784,2,200
17,0.09915846,0.8528093,2,20,0.018268142,0.8238193,2,40,0.028147642,0.6224124,2,61,0.006231877,0.7558314,2,81,0.0,0.9636998,0,101,0.0,0.89224184,2,121,0.0,0.7066884,2,141,0.0,0.8182796,0,161,0.020449888,0.6805913,2,200
18,0.012096872,0.90335923,2,27
19,0.04986207,0.84063053,0,20,0.012243193,0.92008436,2,41,0.01490718,0.9864905,2,66,0.002564885,1.0807018,2,95
20,0.00084576244,1.0024227,2,42,0.0,1.0174595,2,100,0.00070701394,1.0022165,2,122,0.0,1.0303546,2,172,0.0055179247,1.013257,2,200
21,0.013353824,1.0036316,2,22,0.0063344776,1.0292951,2,42,0.0009028283,0.96773595,2,70,0.0027775692,1.0447004,2,98,0.00033564944,1.003249,2,124,0.00055046304,1.0677781,2,149,0.0015600767,0.96494406,2,169,0.0039102104,0.9628054,2,200
22,0.014321636,0.9310806,2,22
23,0.007010398,0.9004272,2,20,0.0,0.8651623,2,42,0.0,1.03306,2,65,0.026734937,0.9495281,3,87,0.019014977,1.0142446,2,107,0.0107595185,0.9018202,3,127,0.0,1.0784714,3,149,0.0,1.0214043,2,173,0.017937658,0.71473885,2,200
24,0.012621185,0.8148762,2,20,0.0,0.9162702,0,41,0.0,0.90318924,2,62,0.013739696,1.031203,3,82,0.012064946,0.80336857,2,102,0.04807519,0.8467839,2,132
25,0.014365193,0.9093423,2,20,0.042996526,0.9072341,0,40,0.0062099504,0.77507204,2,62
26,0.0028424615,1.003719,2,25,0.010710413,0.9947544,2,60,0.0,1.0509075,2,83,0.0313317,1.0562403,2,103,0.0037729586,1.0015475,2,123,0.0075592473,0.94219434,2,149,0.0067047663,0.94195116,2,172,0.010257575,0.9416555,2,200
27,0.001995684,0.98972654,2,20,0.008678479,0.9228281,2,40,0.013631779,0.9207972,2,60,0.040658955,0.81691647,2,80,0.025019417,0.8139576,0,101,0.07983458,0.80273294,2,121,0.0059754355,0.907234,0,141,0.08953439,0.6409766,2,161,0.04054403,0.7677438,2,200
28,0.002784106,0.9882388,2,31
29,0.0077375136,0.9925151,2,20,0.010945562,0.95590496,2,63
30,0.027228534,0.8684769,2,27,0.0702099,0.74323815,2,47,0.0,0.83333385,0,67,0.008250831,0.7930749,0,88,0.008364337,0.86730385,0,108,0.024015179,0.6624246,0,129,0.003743502,0.83789504,0,149,0.024856655,0.6387591,2,169,0.033953868,0.638581,2,200
31,0.024840523,0.9494139,2,20,0.019369893,0.95677274,2,54
32,0.022023002,0.92838776,2,20,0.0054681925,0.90936863,2,41,0.03641481,0.8781818,2,61,0.036195345,0.86486185,2,81,0.0,0.82002306,2,101,0.0,0.8998333,2,121,0.0,0.86664844,3,143,0.030227104,0.8994535,3,163,0.0,0.6324193,0,200
33,0.005746462,0.927869,2,22,0.012991121,0.94606936,2,42,0.04734376,0.89324254,2,63,0.023035008,0.7873656,2,83,0.01580263,0.8067711,2,103,0.03907557,0.8132032,2,123,0.011168066,0.8318254,2,150
34,0.007085635,0.95914364,2,20,0.0,0.85812455,0,40,0.0,0.78887874,2,60,0.015877573,0.8743949,3,80,0.0,0.8047711,2,100,0.0,0.64954907,1,120,0.03875453,0.73505616,0,141,0.0067037498,0.7662762,2,164,0.0050836294,0.8943555,2,200
35,0.015964936,0.93976843,2,20,0.0128761325,0.9661371,2,43
36,0.005616074,0.9600161,2,20,0.0,0.9062251,3,40,0.0,0.9598803,2,67,0.0,1.0192443,2,112,0.0,1.0243907,2,200
37,0.003030071,1.0332243,2,21,0.020016434,0.98106515,2,41,0.015046091,0.9745771,2,69
38,0.0,1.048775,2,21,0.0050053215,1.0566261,3,42,0.0,1.0420976,2,62,0.0,1.0688539,2,82,0.0,1.0391375,2,102,0.004947355,0.99889195,3,123,0.0,0.9875322,2,144,0.0,1.072153,2,170,0.0,1.0219415,2,200
39,0.01927422,0.93723184,2,20,0.013128728,0.908601,2,40,0.024092492,0.81818026,0,60,0.009789904,0.7873292,2,81,0.0,0.78805876,1,101,0.04666277,0.7311626,2,121,0.0,0.6769416,2,144,0.004280817,0.7362904,2,166,0.0003040055,0.8137001,2,200
