0,0.026591653,0.9668735,2,21,0.011691456,0.9610236,2,41,0.0,0.9053463,2,61,0.0020899598,0.90234876,2,82,0.0,0.9678803,2,108,0.0,0.669643,0,129,0.0,0.5530509,2,149,0.0,0.61770535,0,169,0.0,0.7218654,0,200
1,0.016785381,0.97649693,2,22,0.003428171,0.9357232,2,42,0.0,0.6976676,2,63,0.0,0.8247632,2,83,0.0052893674,0.86826,2,103,0.0009850428,0.8499055,0,123,0.018662235,1.1098089,3,143,0.017589264,1.010965,2,163,0.009794673,0.80585176,3,200
2,0.02719527,1.0185989,2,21,0.0068884,1.0730853,2,47,0.0009026316,1.0591702,2,68,0.0,1.0951842,2,113,0.0022207214,1.1058146,2,156,0.012274253,1.1416892,0,178,0.0006461877,1.0603433,2,200
3,0.022992358,0.9347669,2,36
4,0.0098520685,0.9451839,2,20,0.04080982,0.9234088,2,41,0.0,1.0352364,2,61,0.0,1.0406488,2,104
5,0.0066072983,1.013862,2,21,0.0,1.0495062,2,41,0.00013206282,1.0239732,2,98,0.0,1.0892541,2,123,0.0010093289,1.0866066,2,161
6,0.0047968472,1.0047677,2,22,0.020229863,1.0186379,2,44
7,0.008086696,0.9455334,2,20,0.009025884,1.0436192,2,40,0.0025459826,0.97508097,2,61,0.017030263,0.95999426,2,82,0.030342495,0.78792393,2,116
8,0.00065642747,1.0287477,2,26,0.0010376911,1.107888,2,49,0.010467403,1.088427,2,69,0.00041344913,1.1340737,2,96,0.0,1.0816853,2,116,0.012734825,1.0692683,3,137,0.009395569,1.0883192,0,157,0.005700839,1.0983368,0,178,0.0010247965,1.0623642,2,200
9,0.0028159865,0.9496192,2,20,0.0,0.99910754,2,42,0.0017071391,0.9238909,2,62,0.0020469376,0.963772,2,82,0.017139845,0.9377117,2,102,0.05751212,0.9044252,2,123,0.020150669,0.85113317,2,145,0.021656912,0.89600545,2,166,0.0,1.0217066,2,200
10,0.0,0.92823917,2,23,0.018644925,0.89456576,0,43,0.007495352,0.8896691,2,64,0.019506931,0.895101,2,85,0.00366844,0.9997493,2,110,0.013589883,0.8666512,2,130,0.008302892,0.96998924,2,152,0.012572698,1.031744,2,172,0.0017182792,1.0153841,2,200
11,0.0,0.98657435,2,21,0.053161215,0.9659956,2,41,0.025794756,0.9408227,2,61,0.0,1.1136094,2,106,0.004836506,1.1294156,0,127,0.0031142388,1.1464893,2,148,0.0,1.0988886,2,168,0.0,1.1186197,2,200
12,7.322932e-05,1.0381804,2,29,0.0,1.0709811,2,62,0.0016477789,1.0774977,3,83,0.00893735,0.99765736,2,119,0.0,0.9943932,2,139,0.0,1.0520018,2,159,0.004796521,1.0380511,2,200
13,0.0013560965,1.0579307,0,22,0.0077383565,1.0328168,2,42,0.0,1.0241568,2,62,0.0,1.0756178,2,83,0.0,1.0942309,2,109,0.0,1.0055233,2,129,0.0,1.0257246,3,149,0.0,1.0073413,2,169,5.8458038e-05,1.0522536,2,200
14,0.0,0.9597399,2,22,0.0030324254,1.0862005,2,43,0.0069028162,1.0662339,2,64,0.0,1.0463239,2,86,0.022274464,1.0676427,2,106,0.009748924,0.9583446,2,126,0.026269006,0.94472086,2,152,0.0067105494,0.9339336,2,172,0.015632674,0.90507615,2,200
15,0.0014063905,0.9667503,2,20,0.0,0.9152211,2,40,0.014718026,0.9262369,0,60,0.003978082,1.0126868,2,82,0.024151271,0.9734357,2,103,0.03220914,1.0382469,2,124,0.042208266,0.95771885,2,148,0.036833487,1.0383666,3,168,0.053159446,0.9502531,2,200
16,0.021600487,0.9952999,2,24
17,0.012595458,1.0143628,2,25,0.0,1.0776944,2,46,0.0021265598,1.063642,2,90,0.0,1.0550716,2,110,0.0,1.0774945,2,142,0.004235297,1.0521657,2,164,0.0037145664,1.104353,2,200
18,0.0,1.0328475,2,22,0.0007460124,1.0682137,2,46,0.0018925646,1.0991964,2,74,0.0006708943,1.0106618,2,100,0.0027814992,1.077989,2,135,0.0,1.0582799,2,159,0.0,1.1169055,2,179,0.0006592379,1.0908067,2,200
19,0.00041579138,1.0456834,2,20,0.0035472973,1.0572841,2,40,0.0052239816,1.063256,2,65,0.019950097,0.9545116,2,109,0.047922965,0.9883429,2,137,0.011796055,0.99116427,2,165,0.005871594,0.96079844,2,200
20,0.0023737499,1.0385082,2,20,0.015979128,1.0637617,2,40,0.016923888,1.1151637,2,73,0.0018575479,1.0961537,2,95,0.0031011812,1.0929041,0,115,0.005054579,1.095327,2,158
21,0.001322021,1.0207942,2,20,0.0,1.0717402,2,40,0.0,1.028355,2,60,0.0,1.0736835,2,87,0.0,1.0749314,2,113,0.0,1.0795009,3,133,0.0,1.1302756,2,156,0.0,1.1050465,2,176,0.0,1.0712631,2,200
22,0.0,1.0743932,3,21,7.3681695e-05,1.0340749,2,46,0.0,0.9988738,2,69
23,0.0,0.97105664,2,21,0.006005591,1.0521756,2,43,0.023622224,1.0663614,2,64,0.030432047,1.0257218,3,87,0.0029373192,1.0340906,2,107,0.0113090305,1.1011555,3,127,0.00035451388,1.1167501,2,148,0.004293347,1.0968958,3,200
24,0.012131837,0.95995724,2,33,0.0012935126,0.96418226,2,53,0.0021197652,1.1538769,3,73,0.0,1.0167345,2,94,0.0,1.0129282,2,116,0.0,1.0350511,2,136,0.0024689182,1.0656782,2,156,0.0,1.0765715,3,176,0.02432303,1.0508362,3,200
25,0.0035106775,0.9624136,2,21,0.048563395,0.915768,2,42,0.009297103,0.85887086,2,62,0.0,0.7928318,2,82,0.014927639,0.87794554,2,102,0.0065040924,0.9199685,2,122,0.021281384,0.9187174,2,146,0.023056993,0.9210695,2,166,0.045198716,0.8966564,2,200
26,0.011935878,0.9399103,2,23,0.036588307,0.95298946,2,44,0.024729062,0.99206793,0,64,0.003865055,0.98468614,2,101,0.023507234,1.0321991,2,121,0.012421644,1.0097452,2,141,0.010364852,1.0487453,2,162,0.014440743,0.9868395,2,200
27,0.019680513,0.9625168,2,20,0.013310438,0.9273322,2,40,0.027991986,0.8278924,0,60,0.055166353,0.9010102,3,80,0.012087936,0.86686105,2,100,0.038181953,0.871175,2,123,0.015904449,0.8676872,0,143,0.0,0.92997426,2,164,0.0058186194,0.92915374,2,200
28,0.0010044092,0.9908002,2,26,0.012704744,0.9500264,2,51,0.0025212907,0.97532123,2,74,0.008931035,1.0005119,2,94,0.0,0.8760435,2,114,0.0024902094,0.9056538,2,143,0.027478043,0.7191104,2,170,0.042098295,0.927718,2,200
29,0.023361113,1.0141368,2,20,0.0,1.0555001,2,44,0.0,0.93581885,2,66,0.0,1.0959584,3,86,0.0,1.1065836,2,107,0.0,1.027457,2,127,0.0,1.03678,2,147,0.0,1.0026253,2,176,0.0014589339,1.0376935,2,200
30,0.010639561,0.91574323,2,20,0.014582526,0.97795075,2,41,0.008512336,0.9180769,2,61,0.002645086,0.89774704,2,81,0.040280312,0.8853674,2,103,0.05065934,0.9071721,2,126,0.042792942,0.9637426,2,146,0.014216407,0.9314724,2,168,0.019300366,0.93632495,2,200
