0,0.04632545,0.77453417,0,20,0.10167233,0.6267341,2,40,0.06798741,0.6438774,2,60,0.02775583,0.72369015,0,89
1,0.0,1.0119579,2,24,0.001222384,1.0986912,2,46,0.00712569,1.0595008,2,71,0.00016847812,1.0634785,2,103
2,0.0009407932,1.0179996,2,20,0.013285857,0.9678514,2,46,0.013197543,1.065192,2,66,0.0040259184,1.0050205,2,89,0.006937558,0.9855497,2,111,0.00070077355,0.93420327,0,132,0.018067101,0.96450454,2,153,0.012114495,0.9432999,2,174,0.008154001,0.7701889,2,200
3,0.019287873,0.87494767,2,21,0.020822382,0.89671576,2,43,0.027391402,0.90898687,2,67,0.006139079,0.9630911,3,88,0.0028326162,0.87033075,2,119
4,0.02498565,0.9639436,2,21,0.048532464,0.8152519,2,44
5,0.026276594,0.8953557,2,20,0.0,0.80137044,0,41,0.061163895,0.7156943,0,61,0.010754893,0.6320466,0,81,0.015706161,0.69073266,2,104,0.014202556,0.8200151,2,124,0.040333074,0.63510543,2,148,0.03107505,0.50774723,2,171,0.014654157,0.68571657,2,200
6,0.010898347,0.91838807,2,26,0.043665726,0.80114985,2,46,0.036389727,0.6755462,0,67,0.0,0.61342114,0,88,0.0,0.87227994,2,108,0.001545741,0.62037635,1,128,0.0,0.64605886,1,152,0.0,0.2730859,1,173,0.085145675,0.36286065,1,200
7,0.021146053,0.9645905,2,38
8,0.0011463466,0.9756321,2,20,0.0064108437,0.9936301,2,40
9,0.009910824,0.9892143,2,20,0.0,0.991575,3,42,0.017815547,1.006397,0,63,0.0026794886,1.065208,3,85,0.0,1.0429684,0,106,0.0,1.1826786,2,126,0.0,1.1559399,0,157,0.0,1.1543566,3,178,0.0054663788,1.0781294,0,200
10,0.0036528856,0.97227657,2,20,0.027071975,0.91566783,2,41,0.021948615,0.9281254,2,61,0.01674797,0.8670376,2,81,0.029125696,0.7489491,2,104,0.0020291458,0.88281643,2,125,0.025761962,0.7555886,2,148,0.0007152874,0.88042134,2,172,0.0,0.9065347,2,200
11,0.0038230047,0.9770106,2,20,0.0064381114,1.0420539,2,41,0.0,1.099352,0,62,0.0,1.1562207,0,118,0.0,1.1517626,2,142,0.0,1.2006629,0,162,0.0,1.1112113,0,200
12,0.0050288914,0.8859536,2,20,0.0,0.9981322,0,40,0.0,0.8263014,2,60,0.063130654,0.82197,2,80,0.0029442604,0.8238576,2,100,0.003871508,0.5678054,2,122,0.0,0.9607583,2,142,0.0036402494,0.662038,2,165,0.029502524,0.70051026,1,200
13,0.0293212,0.89405805,2,22,0.009565931,0.8336196,2,42,0.004803232,0.92003393,2,67,0.032584958,0.8922997,2,98,0.0005325499,0.89284587,2,140,0.0051251873,0.95610225,2,160,0.01454846,0.98524046,2,200
14,0.02299678,0.9436744,2,20,0.014583939,0.94024,2,47
15,0.019529004,1.0039514,2,20,0.007242738,1.0157119,2,41,0.0,1.0084859,2,61,0.0041117524,1.0227993,2,84
16,0.011979219,0.95817935,2,33
17,0.017237535,0.8740692,2,21
18,0.0017685645,0.95935637,2,23
19,0.0047299764,0.9816783,2,21
20,0.011636992,1.0270461,2,30,0.0,1.0503612,2,50,0.008373737,0.99489534,2,70,0.0058408924,1.0870856,0,93,0.0,1.1515751,0,114,0.008235136,1.1024873,0,134,0.0,1.0602907,2,155,0.0,1.1005471,0,200
21,0.0029587385,1.0109463,2,20,0.0013445109,1.0510064,2,45,0.007546147,1.0136487,2,65,0.0037469587,1.0686172,2,102
22,0.010882395,0.97592074,2,23,0.003320227,0.96936166,2,43,0.0046256674,0.90731376,2,79
23,0.015288705,0.97892815,2,22,0.013096815,0.902187,2,65,0.0,0.9905006,2,100,0.0040167533,0.9333755,2,125,0.00011798254,0.99078184,0,158,0.0031208645,0.9607341,2,200
24,0.010243169,0.87095374,0,20,0.01939033,0.8948498,2,40,0.018918449,0.8376791,0,61,0.032173265,0.94067895,2,83,0.011788011,0.94460535,2,118,0.0071752747,0.9999993,2,150,0.022121295,0.8971782,2,174,0.12567106,0.87087625,2,200
25,0.013863556,0.9991776,2,20,0.0032393963,1.0377337,0,40,0.005103236,1.0887969,2,62,0.0013453322,1.1061983,2,89,0.0005738833,1.0877736,2,110,0.0012493607,1.0572072,2,135,0.0027004322,1.1242976,0,157,0.0072762794,1.0897403,0,200
26,0.015515055,0.8778014,2,20,0.011038367,0.8200667,2,49,0.0066938717,0.67187995,2,73,0.0038245702,0.71149725,2,100,0.006768959,0.72944134,2,126,0.0060411394,0.8377697,2,150,0.042785585,0.7852117,0,170,0.046209965,0.8723398,2,200
27,0.002900816,0.994269,2,20,0.03856228,1.0131981,2,40,0.0274552,0.9670706,2,60,0.015891083,0.9753229,2,80,0.012882247,0.9601822,2,102,0.01996833,0.9157745,2,126,0.016224101,0.9874604,2,150,0.022971824,0.9349284,2,175,0.0043599005,0.93228173,2,200
28,0.042170327,0.91646653,2,20,0.010484328,1.0233315,2,41,0.015592349,0.9974648,2,61,0.0036501016,1.0001816,0,81,0.0,0.9425009,2,101,0.0032275834,0.9538139,0,121,0.0017119952,0.90499395,0,143,0.0,0.9059803,0,163,0.008571416,0.79129755,2,200
29,0.024824267,0.9445616,2,22,0.003847056,1.0667815,2,58
30,0.016565384,1.0122321,2,22,0.0,0.9494193,2,42,0.0010580616,0.9492881,2,62,0.0038584007,1.0100843,2,90,0.0035676286,0.9009252,2,116,0.0,0.9067419,0,140,0.0,0.9999903,0,163,0.005732215,1.0431993,2,188
31,0.0035365995,0.8705374,2,20,0.0,0.85390025,2,40,0.004887523,0.78280777,2,70,0.0,0.7711086,1,91,0.0,0.7444114,2,111,0.047693796,0.70488364,2,131,0.039008223,0.68513477,0,153,0.0,0.90790653,2,175,0.009464965,0.74023706,2,200
32,0.0,0.8866451,2,22,0.0,1.0681839,2,86,0.0,1.0781194,2,108,0.0,1.0735763,3,134,0.004673206,1.0982159,2,170,0.0,1.12437,3,200
33,0.028941043,0.9573135,2,22,0.05628397,0.9011088,2,43,0.06943889,0.8545672,2,64,0.09113258,0.8888202,2,95,0.09494159,0.92638224,2,115,0.09482707,0.89687645,2,136,0.12439297,0.92530805,2,156,0.11549916,0.8808017,2,176,0.07924288,0.9174525,2,200
34,0.007572082,1.0167158,2,33
35,0.015978634,0.9617801,2,21,0.0,0.90880126,2,41,0.0,0.96697724,0,61,0.0,0.9970583,0,83,0.0,0.9081462,2,104,0.03985922,0.9207357,2,124,0.012634686,0.88039035,2,145,0.023657124,0.9020928,2,165,0.008103396,0.98064065,2,200
36,0.0066058547,0.9956967,2,24
37,0.027048549,0.8334005,0,26
38,0.0007893398,0.87907374,2,22,0.039076917,0.8186747,2,42,0.0,0.6199989,2,62,0.0,0.8976557,2,87,0.014477225,0.9566622,2,107,0.044877183,0.8308299,0,127,0.0032657809,0.82737195,3,147,0.006033199,0.89080966,2,169,0.04058121,0.84294176,2,200
39,0.011850429,0.9205677,2,20,0.013249122,0.96449333,2,41,0.08245656,0.8714549,2,61,0.021335833,0.9328653,2,90,0.022328788,0.95691526,2,110,0.0064427215,0.97304493,0,136,0.014436232,0.8845058,2,163,0.030993063,0.9085959,2,200
40,0.002968389,1.0612615,2,20,0.004100718,1.0347979,2,47,0.00016582597,1.0541718,2,75,0.0031053496,1.0062646,2,97,0.00056187715,1.0272454,2,140,0.001010965,1.0523137,2,169,0.0004764358,1.0464371,2,200
41,0.043350838,0.8907093,2,21,0.057682987,0.69059104,2,45,0.05441264,0.7291089,2,65,0.0,0.8657153,2,85,0.00068028644,0.798838,2,105,0.03182766,0.7901177,2,125,0.02427578,0.5019589,0,145,0.013309561,0.61511606,0,165,0.08510037,0.6601768,2,200
42,0.028942198,0.94569796,2,22,0.023558166,0.87724274,2,42,0.035564717,0.90020704,2,62,0.0,0.84912837,2,87,0.028950542,0.68310237,0,107,0.0,0.62242323,2,127,0.0,0.44772673,0,147,0.14456514,0.5071887,0,167,0.02421104,0.71349704,0,200
43,0.00055400014,1.0232764,2,41,0.007615316,1.0141201,2,63,0.0,1.0523896,2,97,0.0027135215,1.0274347,2,134
