0,0.0015404637,0.9139783,2,20,0.0,1.0073314,2,40,0.0004967177,0.98165596,2,67,0.015584496,0.82924914,0,89,0.0028306567,0.95251095,2,109,0.04288678,0.8991071,2,145,0.02727265,0.9259052,2,172,0.07740243,0.91954184,2,200
1,0.026752194,0.9100205,2,21,0.021023333,0.87590015,2,42,0.051937044,0.9325417,2,62,0.009513943,0.94367486,2,93,0.0012060179,1.0708487,2,114,0.0,1.0311705,2,135,0.0011421934,1.057909,0,156,0.0,1.0551875,2,176,0.0,1.0399641,0,200
2,0.0,0.99493283,2,23,0.0,1.0303552,2,45,0.0,1.0217721,2,65,0.0108878575,0.9643795,2,92,0.0016871939,1.0197984,2,113,0.0026818947,1.0397841,2,133,0.0,1.015003,2,156,0.003119591,1.0394069,2,200
3,0.0,0.8953355,2,26,0.012508479,0.9383078,2,47,0.0,1.0100108,2,99,0.001151974,1.0273001,2,123,0.03715054,0.9298903,2,143,0.0104461275,1.0040547,2,177,0.0028051354,0.92598087,0,200
4,0.0,0.9692318,2,20,0.0,0.9572544,2,41,0.011303135,0.9071175,2,62,0.024802342,0.95765907,2,83,0.09243543,1.037193,2,105,0.090123504,0.9438858,2,126,0.0800254,0.9331255,2,146,0.20184283,0.91453683,2,166,0.03103671,0.9247426,2,200
5,0.0056047235,1.0556424,2,21,0.017441116,1.0885575,3,44,0.014502371,1.0683975,2,64,0.009405112,1.0804087,3,84,0.009022943,1.1067151,3,108,0.020758135,1.0652812,3,128,0.0021512946,1.0638143,3,148,0.028560162,1.0702857,3,168,0.015704181,1.0784883,3,200
6,0.004849686,0.9153597,2,20,0.03814128,0.9409361,2,40,0.004500908,0.8428408,2,62,0.0,0.91126764,2,85,0.0,0.8650911,2,110,0.0,0.8493007,2,130,0.0,0.78006476,2,155,0.0034356106,0.8945931,2,180,0.008858451,0.9415453,2,200
7,0.012566248,0.94018126,2,23,0.010457243,0.9193261,2,43,0.0,0.83968496,2,64,0.002784398,0.9748101,0,85,0.018851813,0.6886437,0,105,0.009268392,0.856108,2,125,0.015130689,0.7080587,3,145,0.0,0.8345725,0,165,0.02828905,0.42405564,0,200
8,0.0,0.90884894,2,20,0.0,0.94276,2,40,0.0,0.94416213,2,65,0.0,0.9439643,2,85,0.060307004,0.79886234,2,105,0.025244463,0.79330087,2,125,0.01544287,0.8791752,2,147,0.018955484,0.8897302,2,179,0.0,0.8665243,2,200
9,0.005914317,1.0692148,2,23,0.0,1.0926402,2,51,0.0,1.0471182,0,71,0.0,1.0480866,2,107,0.0,1.0989634,2,138,0.0026597674,1.0682868,2,200
10,0.011667596,0.89706373,2,21,0.03046053,0.8771988,2,41,0.0,0.8829659,2,61,0.0,0.8768217,2,81,0.0,0.8513439,2,101,0.0,0.8948203,2,123,0.0,0.9561213,2,144,0.0,0.97597754,2,164,0.002320849,0.9362901,2,200
11,0.007429532,0.984049,2,28,0.00498706,0.9762171,2,49,0.016527457,0.984241,2,70,0.028338866,0.9088335,2,98,0.02994757,1.00653,2,119,0.0050757998,1.0097855,2,139,0.016358161,1.0067804,2,167,0.021025686,0.9518995,2,200
12,0.0038639624,1.0177115,2,28,0.0,1.062428,2,52,0.009565287,1.1074464,0,72,0.0002411035,1.0653049,2,94,0.014787975,1.0218261,2,114,0.0,1.0868105,2,137,0.0,1.0767585,3,157,0.0,1.0455621,2,178,0.0002916871,1.0624719,2,200
13,0.0016872812,0.99361473,2,28
14,0.01907317,0.8693141,3,20,0.022510078,0.83074236,2,41,0.0057784347,0.9682123,2,62,0.018028948,0.93105996,2,82,0.017882446,0.86418563,2,112
15,0.014735831,1.0166991,2,21,0.0048837047,0.98406446,2,41,0.018334527,0.97695744,2,61,0.0,0.84826595,2,82,0.0,0.7411963,2,102,0.012655421,0.7871956,2,124,0.0,0.8871795,2,144,0.005611134,0.8323122,2,164,0.013677789,0.79536116,2,200
16,0.008931581,0.8826391,2,21,0.00030216947,0.8119618,2,42,0.000453634,0.82283556,2,62,0.025675315,0.8718826,2,82,0.01691453,0.89473933,0,103,0.014535595,0.8599914,2,128,0.008541025,0.95163167,2,148,0.0034168533,0.967295,2,175,0.0,1.0594956,2,200
17,0.0,0.90404993,2,22,0.001177112,0.93216956,2,47,0.0023018452,0.8195065,2,96,0.0041703098,0.80933565,2,133,0.0066108676,0.8339406,2,153,0.021979148,0.80044466,2,174,0.028896667,0.9070745,2,200
18,0.014104153,0.89619714,3,20,0.008130624,0.8931126,2,42
19,0.008153443,0.974462,2,22,0.0061392942,0.9127,2,42,0.0046371287,0.8273071,2,63,0.009349428,0.8757925,0,96
20,0.0451452,0.9677025,0,21
21,0.015949158,0.9885813,2,26
22,0.009299173,0.98716736,3,35
23,0.017365832,0.94697726,2,23,0.0019797015,0.8754016,2,43,0.0,0.9292589,2,64,0.0,0.7700175,2,85,0.0,0.756577,2,105,0.009506846,0.42573944,1,125,0.0,0.3969051,3,145,0.0,0.5750211,1,165,0.004334898,0.5987841,2,200
24,0.011584354,0.926109,2,30
25,0.022926914,0.92561364,2,24,0.0027385734,0.94663846,2,46,0.0,0.8725358,2,66,0.0,0.7285111,3,86,0.0033099046,0.78439975,2,122
26,0.0034612473,0.9676369,2,20,0.016706077,0.93835086,2,41,0.03314559,0.8539462,2,61,0.012606599,0.8594149,2,83,0.010793038,0.9503026,2,103,0.004220513,0.9277911,2,127,0.003248937,0.8975827,2,147,0.013595205,0.91053677,2,171,0.008258281,0.91765356,2,200
27,0.01729858,1.0592021,2,20,0.00042168656,1.0555725,2,48
28,0.0,1.1044576,2,20,0.0,1.0764987,2,49
29,0.0,1.0806161,2,22
30,0.0,1.0721017,2,24,0.0,1.0943378,2,46
31,0.0031942416,0.97768867,2,20,0.03207631,0.8996936,2,40,0.0,1.0783864,2,60,0.007988667,1.0969683,2,88,0.0039918665,1.0865331,2,123
32,0.00033145092,0.9256863,2,22,0.0,0.88391685,2,42,0.021786835,0.9016697,2,62,0.0012112893,0.8202536,0,86,0.0,0.8010436,2,107,0.0,0.75656855,2,127,0.0,0.7037374,2,147,0.0,0.7257012,2,168,0.0,0.62894696,2,200
33,0.0022296058,1.0130033,2,21,0.0,1.0992726,2,45,0.0,1.1603094,2,73,0.0,1.1166435,0,94,0.0,1.0459154,2,118,0.0,1.1249225,2,139,0.0,1.136289,0,159,0.0,1.1209813,2,180,0.0015632221,1.1016693,2,200
34,0.012083514,0.98420954,2,20,0.017015478,1.0243315,2,41,0.03159434,0.9033781,2,61,0.003167048,0.9419536,2,83,0.0039870813,0.891661,2,104,0.025832335,0.8556849,2,124,0.007824846,0.9775179,2,144,0.02370057,0.96495634,2,168,0.0044490485,1.0517703,2,200
35,0.010836688,1.0187509,2,20,0.002485887,1.0519097,2,61,0.0023187916,1.0434155,2,87,0.0038970325,1.069449,2,108,0.02122267,1.0427718,2,130,0.0,1.0596342,2,152,0.0,1.0361842,2,178,0.0,1.0319167,2,200
36,0.050507236,0.92219466,2,20,0.012149428,0.82206523,2,41,0.0,0.81397194,2,66,0.025628513,0.83848435,2,88,0.054609515,0.70999384,2,108,0.035481624,0.79600173,2,128,0.0,0.48233348,1,148,0.0098318085,0.34418902,2,169,0.04237901,0.42684227,2,200
37,0.011358716,1.0472685,2,20,0.00022879522,1.0689582,2,54,0.0066347844,1.0604537,2,80,0.0,1.0860982,2,106,0.0,1.0472392,3,126,0.001553115,1.0804728,2,174,0.0012478654,1.0630804,2,194
38,0.021164045,1.001384,0,20,0.0,1.0075244,2,42,0.006235509,0.92668205,2,63,0.0,0.8443745,2,85,0.010465367,0.82436526,0,107,0.0019195043,0.91547495,0,128,0.035869267,0.9955262,2,148,0.011884762,1.0621486,2,168,0.008605572,1.0140555,2,200
39,0.010925996,0.9270975,2,21,0.004337497,0.89115155,2,41,0.019613903,0.9768809,2,62,0.006673161,0.83025473,2,82,0.01333608,0.74452245,2,102,0.0,0.98520577,2,122,0.024030175,0.9284294,2,142,0.0,0.8113972,2,165,0.013880789,0.81857145,2,200
40,0.0020331214,0.7478322,2,20,0.025866438,0.6355337,2,40,0.073967025,0.6344782,1,60,0.010359064,0.73096323,2,80,0.10141194,0.77993023,0,100,0.0,0.66357845,2,121,0.0,0.49794212,0,141,0.03588534,0.60410064,0,161,0.0,0.5334147,2,200
41,0.020586558,0.91907173,2,21,0.015664632,0.9226882,2,41,0.02140434,0.71272606,2,62,0.0037276864,0.75515425,2,85,0.049140565,0.72872174,2,105,0.055107076,0.78702414,0,125,0.0059449873,0.7988728,0,145,0.023958128,0.83243257,2,165,0.018336542,0.91212356,2,200
42,0.0,0.7614314,2,26
43,0.0,0.9993769,2,20,0.0,1.0850561,2,40,0.0050134067,1.095453,0,60
44,0.0052912137,1.0139508,2,36
45,0.0053587053,0.9866747,2,32
46,0.0095148,1.0650735,2,30,0.0014899705,1.050403,2,54,0.0,1.0823622,2,75,0.0059550395,1.0785507,2,104,0.0010162666,1.0025384,2,138,0.0,1.0618371,2,162,0.0,1.0178422,2,200
47,0.004129548,1.0394323,2,20,0.0,0.96786815,2,40,0.0067270384,0.87357855,2,61,0.0048236726,0.9754853,3,82,0.0029994901,0.89523816,2,103,0.001989434,1.0034816,2,123,0.0020145709,1.0068215,3,147,0.008705079,0.9792773,3,170,0.0035311768,1.0061421,2,200
48,0.015469537,0.88131845,2,22,0.0010883418,0.9291972,2,42,0.012977477,1.0495102,2,65,0.01202448,1.0525733,2,87,0.011206952,1.0082927,2,107,0.036921892,0.96830785,2,127,0.008075697,0.9482972,2,163
49,0.00071467616,1.034291,2,26,0.0016617071,1.0903163,2,50,0.0,1.1183679,2,71,0.0033044056,1.0756135,2,93,0.0,1.1025375,2,115,0.0,1.0748175,2,137,3.2493168e-05,1.0631102,2,159,0.003008623,1.0145065,2,200
