0,0.0,0.89085466,2,20,0.02431285,0.8586745,0,40,0.014860833,0.7546213,2,60,0.010013187,0.77600247,0,80,0.053266186,0.9102355,2,100,0.055302076,0.9173191,2,120,0.010611782,0.84906876,2,140,0.008100654,0.87667066,2,161,0.054032605,0.8535196,2,200
1,0.014411547,0.9714013,2,22,0.0,0.9777514,2,42,0.007037499,1.0077643,2,62,0.0011994469,0.948205,2,82,0.035087395,0.79874814,0,102,0.0,0.77382445,0,122,0.0023135247,0.7569001,2,144,0.00052224303,0.8507277,2,164,0.003647483,0.9474179,2,200
2,0.0,1.0721262,2,20,0.00055276806,0.9382151,2,44,0.012583785,0.9318353,2,64,0.020736078,0.9516603,2,85,0.0,0.85961896,2,105,0.0225353,0.8554298,2,125,0.010034885,0.8812143,2,149,0.054556053,0.89154804,2,170,0.010049759,0.96631753,2,200
3,0.004358913,1.0045044,2,20,0.0013459917,0.9102669,2,40,0.022461688,0.9068594,2,62,0.0065589948,1.0040643,2,85,0.008859286,0.9665319,2,105,0.012224028,0.952651,2,125,0.023256434,1.0379281,2,147,0.0,0.858492,2,167,0.0033050876,0.89705086,2,200
4,0.008693781,1.0313973,2,27,0.0,1.0212213,2,65,0.00028737859,1.0578573,2,85,0.0003021193,1.0476118,2,135,0.0,1.0707716,2,156,0.0025406885,1.0651922,3,179,0.0,1.0708711,2,200
5,0.0048992555,1.0120525,2,37,0.0,1.106294,2,67,0.0041743,0.9921628,2,125,0.0,1.0606829,2,145,0.0,1.0796084,2,167,9.394844e-06,1.0765477,2,200
6,0.01693596,1.0197055,2,20,0.014669462,1.0017245,2,47,0.011383427,1.0620531,2,74,0.0036789074,0.9481439,2,105,0.031745367,0.904665,2,125,0.009218214,0.9030096,2,146,0.0056180777,0.84090173,0,166,0.0,0.8851063,0,200
7,0.0144310165,0.98904335,2,20,0.0,1.099747,2,40,0.0,1.0171852,2,67,0.002163258,1.0300404,0,87,0.006495504,1.0828011,2,115
8,0.0202833,0.89104515,2,25
9,0.0064286627,0.95935076,2,23,0.027882094,0.8795414,2,43,0.0056067184,0.8515467,2,64,0.034665186,0.8910056,2,102
10,0.004034185,1.0033848,2,20,0.0,1.1750569,0,40,0.0,1.1086614,2,60,0.0,1.2000028,3,82,0.0007850574,1.1746088,0,103,0.0025095276,1.2012197,3,132,0.0,1.1673708,3,153,0.016640062,1.1408417,3,176,0.0,1.1549797,2,200
11,0.001242913,1.0291224,2,25,0.00010415495,1.0852057,0,46,0.0060521215,1.0468228,2,73,0.0028270376,1.0698617,2,94,0.0,1.052963,0,115,0.0019097024,1.0854704,0,136,0.00044317872,1.0871521,2,161
12,0.004845545,0.9750762,2,24,0.0,1.0212202,2,46,0.008060017,0.97058773,2,70,0.0058457293,0.99513125,2,101,0.033128243,0.9430259,2,121,0.0,1.0019996,2,141,0.0034691622,0.9440094,2,161,0.013904421,0.9842317,2,200
13,0.057121255,0.88162774,2,20,0.010071328,0.64989877,0,40,0.027100602,0.7491995,2,60,0.04501154,0.5845617,1,80,0.0,0.8263714,2,100,0.0161718,0.7031091,0,120,0.002391935,0.68345827,2,145,0.045404438,0.82340497,2,165,0.007176052,0.69370735,2,200
14,0.029478684,0.8258645,2,20,0.0,0.8136524,2,40,0.056624133,0.48543394,0,61,0.0002323268,0.7576712,2,81,0.0045710714,0.8082593,2,104,0.0,0.7829097,2,124,0.020782797,0.82206535,2,144,0.024526969,0.7509334,2,164,0.013167309,0.81937134,2,200
15,0.0029797337,1.0397735,2,44,0.005641681,1.0466987,3,71,0.03610881,1.0758448,3,91,0.005073181,1.0679405,2,111,0.0,1.121183,3,135,0.0031075676,1.1142238,2,156,0.0049639335,1.075551,2,191
16,0.013909347,0.89905804,3,20,0.02211323,0.8739459,2,40,0.0006736848,0.8551254,0,62,0.0,0.84139365,0,82,0.024000715,0.75912714,0,102,0.0,0.6414137,2,122,0.00505004,0.5632599,2,142,0.0,0.6444315,0,162,0.008502198,0.59707683,2,200
17,0.0018380107,1.0290817,0,21,0.0,1.1641794,2,42,0.0,1.188327,3,63,0.0,1.2468928,0,91,0.0,1.1612381,3,116,0.0,1.1922103,3,137,0.005910483,1.1444312,3,159,0.0,1.1347913,3,179,0.0,1.1229429,2,200
18,0.009488252,1.0088664,2,30,0.0,1.0919816,2,51,0.0,1.0825704,2,72,0.0,1.1076094,2,92,0.0,1.0731984,3,112,3.66861e-05,1.0494683,2,132,0.0009282702,1.0398316,2,164,0.0,1.0213615,2,200
19,0.030700281,0.7140191,2,21,0.004163311,0.8260788,2,42,0.09231295,0.6470381,2,62,0.0,0.7662451,2,92,0.0,0.6334968,2,117,0.0,0.7553038,2,139,0.0,0.7397426,2,160,0.0093014985,0.65848356,2,200
20,0.006913371,1.037767,2,21,0.0,1.0546697,0,43,0.0016236398,1.0646427,0,63,0.0,1.0651022,2,84,0.0008308107,1.0173641,0,108,0.0,1.1018159,2,128,0.0,1.0720404,2,151,0.011715701,1.0793266,2,176
21,0.0030562505,0.9375023,2,22,0.029096479,0.73243624,0,43,0.003396466,0.7728671,2,63,0.020661373,0.8256609,0,83,0.007189022,0.8446932,2,103,0.0,0.92518157,2,123,0.062157523,0.8059371,2,143,0.04236626,0.8023447,2,163,0.0022673865,0.9633149,2,200
22,0.0051565915,1.0581437,2,23
23,0.038994964,0.84470105,2,21,0.0,1.0165517,2,43,0.00024431275,1.073604,2,78
24,0.0154971285,0.8544031,2,27
25,0.040915783,0.80992717,2,22,0.0018620044,0.9474552,2,42,0.061376415,0.8140194,2,62,0.043004528,0.5933769,2,86
26,0.008424744,0.92297983,2,25,0.023892347,0.8633296,2,45,0.021606915,0.82135934,2,65,0.040965907,0.7323322,0,85,0.10923292,0.7239466,2,105,0.0,0.69770634,0,126,0.00043932206,0.75479907,2,148,0.0,0.8712765,0,168,0.014130028,0.46040887,0,200
27,0.012178084,0.968818,2,20,0.008475792,1.0269765,2,42,0.008442532,1.0084759,2,73,0.0012267156,1.0667772,2,93,0.0120775625,1.1111728,2,117
28,0.002456199,0.77339214,2,20,0.0,0.68948996,1,40,0.0,0.7590621,0,60,0.061646216,0.58539104,2,80,0.0,0.42143923,1,100,0.0,0.48757973,1,120,0.054749127,0.4286518,2,143,0.014466767,0.60508585,1,163,0.004273071,0.5557967,1,200
29,0.03042299,0.8446154,2,21,0.007221331,0.4914008,2,41,0.0,0.32363468,2,61,0.04846695,0.52833664,2,81,0.022504475,0.641623,1,102,0.006005417,0.49691862,1,123,0.0,0.5809616,2,143,0.0,0.5539187,1,163,0.0046041,0.6395845,2,200
30,0.010636293,0.96223277,2,38
31,0.0,0.96099126,2,20,0.01428204,1.0610642,2,69
32,0.0038001921,0.9373295,2,20
33,0.019028725,0.88099223,2,20
34,0.0055330284,0.9485055,2,27,0.0,0.90859926,2,47,0.0020372663,0.9604001,2,68,0.033723585,0.98974335,3,88,0.04733049,0.9379053,2,108,0.06164656,0.87120754,2,128,0.027289163,0.93880033,2,149,0.026367124,0.98713857,2,170,0.061880007,0.9311149,2,200
