0,0.019438015,0.9344857,2,24,0.0192126,0.9754526,2,44,0.015160636,0.98770994,2,66,0.0051214783,0.94593596,2,89,0.0009486032,0.9463048,2,110,0.020227898,0.85873455,2,132,0.010141629,0.8842775,2,153,0.027378209,0.84547806,2,176,0.01403946,0.8904101,2,200
1,0.010329018,0.92896396,2,20,0.0231475,0.85473,2,43,0.020002156,0.88973904,2,67
2,0.031311538,0.8583158,3,20,0.036379315,0.88867044,2,40,0.038688954,1.0681772,2,61,0.057324976,0.9291603,2,81,0.004607922,0.9081317,2,101
3,0.011946434,0.9628484,2,22,0.0012226552,0.9329834,2,42,0.0045264484,0.92822295,0,63,0.00398403,0.9198731,0,83,0.0,0.98310906,2,105,7.36136e-05,0.96260417,0,128,0.0,0.9705409,3,149,0.0,0.9868504,0,169,0.0035027731,0.99600637,2,200
4,0.0034652532,0.8926984,2,20,0.0027230282,0.87168664,2,40,0.013589069,0.8382915,2,60,0.03545807,0.860116,2,80,0.0039269216,0.94306153,2,100,0.005656312,0.8920679,2,122,0.0003878669,0.9038838,2,142,0.08879931,0.8864395,2,162,0.0031939265,0.8836133,2,200
5,0.014882216,0.8857748,2,20,0.0027211155,0.7548829,2,40,0.015067605,0.842573,2,60,0.019166913,0.84043264,0,80,1.170229e-05,0.70829475,0,101,0.026241856,0.6518986,0,122,0.04533004,0.59780014,2,142,0.01069092,0.424011,2,162,0.09379761,0.46467525,2,200
6,0.016975658,0.88734055,2,21,0.0010988135,0.8951584,2,41,0.0123873,0.9050873,2,61,0.022981973,0.8364048,2,82,0.01755559,0.92996806,2,104,0.037466872,0.8798747,0,124,0.038516935,0.9506641,2,148,0.016939,0.8857137,2,168,0.011779685,0.8781495,2,200
7,0.01682831,0.96020293,2,23,0.0,1.09213,2,43,0.0064452393,1.1051502,2,76,0.00028126038,1.1399258,2,101,0.0007825702,1.1820562,2,130,0.0020181376,1.1526737,2,154,0.0014831887,1.1176747,2,200
8,0.011816441,1.0181316,2,30,0.012733447,1.0519851,2,55,0.012487804,1.0076442,2,91,0.0035294686,0.9833886,2,112,0.010177991,1.0205659,2,152,0.00053594087,1.0799967,2,200
9,2.709131e-05,1.0534716,2,28,0.0,1.0511807,2,49,0.0033460918,1.0561895,2,70,0.0,1.0507829,2,90,0.0,0.96328235,2,119,0.0,1.0130172,2,146,0.0,1.0250767,2,168,0.0,1.0494018,3,200
10,0.016974103,0.9045651,2,21,0.010045304,0.9069675,0,41,0.029100576,0.7806123,2,61,0.0073841806,0.8759334,2,83,0.007316223,0.90336853,2,105,0.01713353,0.8211063,2,125,0.015227476,0.8756611,2,145,0.00455117,0.86497366,0,165,0.022569422,0.88708484,2,200
11,0.014121751,0.96853447,2,23,0.01443102,0.96008945,2,45,0.007082173,0.976998,2,65,0.0022323155,1.0130845,2,91,0.0,1.069418,2,111,0.009745877,1.1687204,3,133,0.0007578675,1.1860328,3,157,0.0,1.2336009,3,177,0.0,1.1190042,2,200
12,0.014526934,1.0276484,2,31
13,0.018631145,0.99617016,2,20,0.0017977883,1.0578203,2,43,0.0046077054,1.1175225,2,95
14,0.006158146,0.88603264,2,21,0.013218925,0.9308623,2,56
15,0.0006467726,1.0685775,2,31,0.0,1.0636435,2,52,0.00055665954,1.0698483,2,74,0.0016482052,1.0438248,2,103,0.0,1.050341,2,126,0.0,1.0563542,2,150,0.0,1.0524174,2,170,0.0,1.0614467,2,200
16,0.00090786576,1.0130773,2,21,0.0054815174,0.9624336,2,48,0.017427212,0.86425954,2,68,0.009021559,0.9548401,2,90,0.014552667,0.9461714,2,112,0.001564603,1.013661,2,133,0.0,0.88304013,2,154,0.0077857617,0.9859373,2,178,0.0043828473,0.9983816,2,200
17,0.020168269,0.926261,2,21,0.02399041,0.9023701,2,43,0.046794884,0.7894878,2,63,0.018625155,0.8084615,2,84,0.052758206,0.87076557,2,104,0.0068002455,0.69129455,2,125,0.010553286,0.63683456,2,150,0.0051342165,0.38759822,2,170,0.116542675,0.43009317,1,200
18,0.0027035899,0.9344295,3,22,0.009683555,0.91809404,2,42,0.0009644367,0.88276446,2,62,0.0107868705,0.92081213,2,82,0.0,0.8088754,1,102,0.013955973,0.7213201,2,122,0.0,0.74416345,2,142,0.0,0.80233896,2,165,0.0047068987,0.82050073,0,200
19,0.018462375,0.96346843,2,20,0.00017537021,0.9659459,2,44,0.007424178,0.92885655,2,75,0.01821717,0.8520168,2,95,0.0013419723,0.9208615,2,116,0.010088113,0.902774,2,136,0.0047550495,0.90775377,3,156,0.0,0.9355273,3,177,0.020343835,0.7957961,0,200
20,0.018251406,0.83957,0,23,0.02328049,0.79609865,2,43,0.023926442,0.80708134,2,63,0.029305786,0.8751047,2,83,0.009632689,0.8575801,2,113
21,0.00036484803,0.97155964,2,20,0.00073763524,0.97352624,2,42,0.0,1.0803181,2,63,0.0,1.0267546,2,89,0.0,1.066399,2,123,0.004552255,1.0697372,2,149,0.0044031576,1.0716991,2,200
22,0.036993425,0.85765827,2,20,0.0,0.70791507,2,40,0.0,0.72928476,2,60,0.014172268,0.8455397,2,80,0.0,0.8260067,0,100,0.0024765995,0.67958343,1,132
23,0.023637543,0.8570758,2,21,0.0,0.8767527,2,41,0.018619515,0.8624316,2,62,0.044153955,0.74691314,2,82,0.12083622,0.6878759,2,102,0.007401756,0.7393131,0,123,0.007928803,0.70284116,0,143,0.0,0.7968732,0,163,0.046176326,0.7133963,2,200
24,0.011600981,0.92356336,2,25,0.01095446,0.90681815,2,47,0.0040488746,0.96400875,2,69,0.020433223,0.9612377,0,89,0.0,0.90316486,0,117,0.0024906287,0.92844707,3,138,0.008733007,0.86103255,0,179
25,0.017075444,0.9597938,2,21,0.012082376,0.83547086,2,42,0.0072885053,0.81461537,0,62,0.02103395,0.73743075,2,82,0.10226531,0.7795119,0,102,0.0,0.8207935,2,122,0.0,0.7914792,2,144,0.010399188,0.82442445,0,164,0.0068612536,0.806721,2,200
26,0.004007402,0.9417798,2,21,0.017088952,0.9648896,2,43,0.010915831,0.91256875,2,63,0.023960602,0.90806454,2,84,0.0064966464,0.9590162,2,116,0.0026300394,1.0022604,2,136,0.0026324708,0.99868774,2,159,0.0,1.0285839,2,200
27,0.0136661315,0.95025,2,25,0.008757912,1.000689,2,52,0.0,1.0850589,2,72,0.0011625935,1.1371709,2,96,0.0,1.1153132,3,116,0.0,1.0839703,2,136,0.00861877,1.139257,2,162,0.00054725417,1.1480919,3,200
28,0.0049079116,0.9588774,2,22,0.022216173,1.0134057,2,44,0.012447488,0.9155441,2,74,0.011970639,0.9273428,2,96,0.0063624885,0.9609593,2,117,0.010734905,0.8883259,2,142,0.018747933,0.7639291,2,162,0.016674738,0.85110646,2,200
