0,0.0,0.9787997,2,20,0.008593396,1.043422,2,40,0.0,1.0653079,2,61,0.0,1.096141,2,83,0.0,1.0652952,2,129,0.0009134786,1.1101197,2,162,0.0063546854,1.0558004,2,200
1,0.012058882,0.91309154,2,21,0.01939597,0.949067,2,41,0.03801993,0.88843286,2,63,0.0013824216,0.86480474,2,84,0.027352722,0.95424974,2,106,0.003043864,0.9421547,2,126,0.0063733356,0.9123456,2,146,0.021043615,0.98246896,2,171,0.0067957654,0.9989961,2,200
2,0.0,0.9741808,2,30,0.0,0.96749455,2,53,0.0,1.0002564,2,75,1.8065552e-05,1.0417062,2,98,0.0,0.9515955,2,120,0.0,0.98232263,2,149,0.0,1.0143013,0,169,0.00094433996,1.0428617,2,200
3,0.004337821,0.95057297,2,20,0.02534706,0.9303171,3,42,0.0,0.75439006,2,66,0.0,0.85658187,0,90,0.024503518,0.8820637,2,110,0.0,0.9000321,2,136
4,0.03350275,0.9892552,2,21,0.010467749,0.9681835,2,42,0.054481912,1.0041682,2,64,0.06468977,0.96761066,2,85,0.021180278,0.88384867,2,114,0.072276495,0.92942417,2,149,0.035448752,0.9737322,2,190
5,0.008917924,0.7615817,2,21,0.021813136,0.89571697,2,41,0.0048915176,0.8968465,2,61,0.019527903,0.8732408,0,81,0.0,0.8936595,2,101,0.012394166,0.70210266,2,121,0.0126352785,0.8455426,2,141,0.0070599625,0.84865415,3,161
6,0.012978229,0.96062034,2,22
7,0.0014285785,0.902102,0,21,0.05767737,0.7764788,2,47,0.022607813,0.66767925,2,67,0.016959487,1.0270727,2,95,0.016412975,0.96120006,2,123,0.12717178,0.978607,2,144,0.01812891,1.0192574,2,165,0.09097723,0.98201054,2,200
8,0.022851413,0.9506528,2,24,0.001504605,0.94799757,2,48,0.048661824,0.9282528,2,68,0.0244698,0.81595117,2,88,0.025593583,0.801239,2,108,0.016003333,0.9066876,2,150,0.011546902,0.7925354,0,171,0.002580934,0.8764368,2,200
9,0.020696508,0.94119895,2,23,0.026179861,0.9085182,2,43,0.0027098064,0.9489845,2,63,0.03546296,0.89586645,0,85,0.0032211468,0.97030276,2,107,0.0014696462,1.1079314,2,128,0.006374902,1.0682759,2,155,0.003653697,1.0413508,2,175,0.0,1.0233243,2,200
10,0.029234868,0.8749733,2,20,0.024621144,0.866083,2,41,0.0064763813,0.8864316,0,68,0.08258373,1.0228255,3,88,0.002638609,0.93846226,2,112,0.048014782,1.0169797,2,132,0.023460189,0.9516249,3,152,0.015273403,0.9835191,3,173,0.0272074,0.92311805,2,200
11,0.005031878,0.91461194,2,21,0.0,0.7914557,2,42,0.005586079,0.8298174,2,62,0.0,0.84925574,2,82,0.077506684,0.81566274,2,102,0.012469878,0.80376965,2,125,0.046528034,0.8254957,2,145,0.026122887,0.91935694,2,165
12,0.011623224,0.8773344,2,21,0.014234073,0.9056668,2,42,0.030047534,0.92223567,3,66,0.0,0.94232094,2,86,0.0280013,0.92799103,2,107,0.00089739374,0.96960926,2,127,0.0071706064,0.9590629,2,148,0.0050191567,0.8838088,2,171,0.015520023,0.9023665,2,200
13,0.050466657,0.9022873,2,20,0.0,0.86480486,2,42,0.0,0.67232126,2,63,0.0,0.4432002,1,83,0.004817996,0.37093687,0,116,0.0,0.39284453,2,136,0.0,0.3141913,0,159,0.0,0.46483904,2,180,0.0075808703,0.55485326,2,200
14,0.019953076,0.9816684,2,27,0.0,1.0080724,2,47,0.012876177,0.99123925,2,67,0.02155918,0.92929685,2,106,0.00076890655,0.9436496,2,126,0.02579948,0.9380023,2,147,0.029694896,0.94695336,2,180,0.013960627,0.96843606,2,200
15,0.0,1.0544816,2,28,0.004721126,1.0112573,2,49,0.003119544,0.9814869,2,70,0.0012984886,1.0071781,2,102,0.009998746,0.99095917,2,123,0.0,1.0250803,2,143,0.0,0.9971714,0,163,0.010316455,0.98899853,2,196
16,0.04236214,0.8584633,2,26,0.0,1.0774549,2,51,0.0,1.1345986,2,72,0.0014989136,1.1329246,3,92,0.0044859564,1.160916,3,113,0.00012748195,1.1333568,3,133,0.0,1.2478362,3,161,0.0043841675,1.1401109,2,200
17,0.0,0.87169075,2,20,0.012183198,0.8083361,2,42,0.05064521,0.8369087,2,62,0.0,0.8025865,2,84,0.0036701635,0.82934964,3,104,0.0,0.7378606,2,128,0.00646454,0.8344084,0,148,0.012849534,0.8888095,2,168,0.041038692,0.9500638,2,200
18,0.0014499581,0.95028085,2,38,0.0061539407,1.0185666,2,62,0.012250057,0.9486202,2,96,0.013608531,0.9743177,2,134,0.013478935,0.99402356,2,155,0.005664629,0.96391904,2,177,0.0015521667,1.0290096,2,200
19,0.0056896564,0.9392082,2,22,0.0,0.9891911,2,54,0.0,1.0738795,2,74,0.0,1.1215116,2,94,0.0031782058,1.0909915,2,121,0.0019004683,1.0560752,2,147,0.003797504,1.0820752,2,167,0.007372824,1.0937914,2,200
20,0.011580836,0.9873926,2,20,0.013280694,0.8777636,2,40,0.02519375,0.9281044,2,61,0.037648987,0.96347046,2,84,0.05950228,0.9377826,2,104,0.09759798,0.963678,2,127,0.024638075,0.9890685,2,147,0.03839989,1.0510753,2,168,0.042202912,0.9251176,2,200
21,0.007088473,1.0257955,2,22,0.010997946,1.0353303,2,46,0.0070468164,1.0313426,3,72,0.02540715,1.0458161,2,96,0.0025810301,1.0778868,3,116,0.0,1.0715991,3,136,0.00082880503,1.0458487,2,156,0.012433948,1.0418853,2,177,0.0,1.0660067,2,200
22,0.013632469,0.8948553,2,20,0.00036742474,0.8865279,2,40,0.002338351,0.9027568,2,60,0.019745823,0.85095185,2,81,0.05518548,0.88163775,2,102,0.019904185,0.82315063,2,122,0.008395111,0.88511246,2,143,0.065112665,0.8105311,2,164,0.025919765,0.86965096,2,200
23,0.004847337,1.0552386,2,21,0.0,1.0518985,2,42,0.0,1.0529177,2,68,0.0044401265,1.0757575,2,89,0.0,1.0707954,2,115,0.004342626,1.0844122,2,137,0.0,1.0925596,2,162,0.004358294,1.0647993,2,200
24,0.0046411674,0.9985207,2,25,0.0041806162,1.0420216,2,46,0.0,1.0887219,2,68,0.0,1.0796607,3,88,0.0,1.0464936,2,108,0.00706758,1.0542902,2,132,0.0,1.056761,2,153,0.0006379568,0.9541764,2,173,0.004989544,0.9890797,2,200
25,0.02373534,0.9499432,3,20,0.017098492,1.0161712,2,43,0.0,1.0239086,0,64,0.0,0.98891914,2,84,0.0,1.0937082,2,119,0.0,1.0385649,2,139,0.0,0.91090894,0,160,0.003265233,0.9813353,2,200
26,0.00018123965,1.0120184,2,20,0.0027107522,0.99095947,2,40,0.013764759,0.95434064,2,60,0.0025102631,0.97482604,2,80,0.012659827,0.9554597,2,100,0.0028442394,0.9709942,2,120,0.0016849063,0.9589408,2,140,0.010543001,0.9795274,2,161,0.02345786,0.9427409,2,200
27,0.015299949,0.9898051,2,20,0.008192977,0.95075417,3,40
