0,0.000488285,1.0094681,2,21,0.0032683155,1.0566853,2,51,0.0,1.024369,2,74,0.0022918368,1.0358303,2,96,0.0,1.0309368,2,120,0.0,1.0274698,2,151
1,0.01029242,0.9950679,2,21,0.033636916,0.90649176,2,41,0.025657067,0.8847958,2,62,0.026169743,0.9690072,2,83,0.0309067,1.0149913,2,109,0.0022793016,1.0309781,2,129,0.015978191,1.006118,2,149,0.02682084,0.9564218,2,179,0.01685654,0.94856006,2,200
2,0.018345019,0.9489895,2,20,0.010627204,0.972882,2,47,0.008806034,0.9444366,2,70,0.005080448,0.9436935,2,90,0.029113853,0.9012287,2,110,0.009767668,0.9215039,2,130,0.007102752,0.9987994,2,156,0.0018573137,0.9402755,2,176,0.0027785394,0.9402678,2,200
3,0.00266411,0.9520876,2,20,0.0077984096,0.969641,2,42,0.037428435,0.865238,2,64,0.00605221,0.9637108,2,84,0.0,0.98284703,2,104,0.001235247,1.0330986,2,127,0.002730261,0.9878842,2,152,0.0,1.1170473,2,173,0.0,1.007511,2,200
4,0.007132349,0.9004571,2,20,0.011459588,0.9313934,2,46,0.008442243,0.9951254,2,66,0.0,1.0267144,2,102,0.0,0.98491603,2,132,0.0,0.97315705,2,153,0.005389189,0.9973386,2,173,0.00017198741,1.0241475,0,200
5,0.01701784,0.9260687,2,22,0.00067543046,0.91541183,0,42,0.030750036,0.90747535,2,63,0.032344636,0.93362963,2,84,0.036019392,0.8723362,2,104,0.00060876505,1.0095208,2,124,0.024044907,0.9284546,0,144,0.012753791,0.9317829,3,166,0.008810578,0.9654788,2,200
6,0.00566947,0.92541474,2,20,0.015987145,0.9159452,2,40,0.0019756914,0.9344179,0,60,0.013278577,0.9678669,3,80,0.0,0.8978964,2,100,0.009640781,0.8551294,2,137,0.0010702069,0.88983154,2,160,0.010519372,0.9690736,2,180,0.012739992,0.9059862,2,200
7,0.013335092,1.024636,2,23,0.004610727,1.0757834,2,43,0.0013913309,1.062123,2,66,0.0047285734,1.0920467,2,86,0.004188264,1.0937358,2,107,0.004505696,1.0889007,2,133,0.021537682,1.1009271,2,153,0.0017869679,1.1229761,2,179,0.00269018,1.0760695,2,200
8,0.0011712663,1.0166895,2,32,0.0,1.0465192,2,58,0.0,0.9816075,2,85,0.0,1.021897,2,115,0.0,0.9927898,2,138,0.00071264943,0.9980134,2,170,0.0,1.0345539,2,200
9,0.02153914,0.92795527,2,20,0.017169507,0.82992524,2,40,0.027369326,0.9527934,2,60,0.04872789,0.8879484,2,85,0.17335111,0.8330231,0,107,0.040301856,0.9545113,2,127,0.058202557,0.94354725,2,147,0.10612653,0.91407615,2,167,0.04182328,0.9450197,2,200
10,0.01540615,0.98438585,2,22,0.018714229,0.9462246,3,45,0.043736946,0.8962574,2,68,0.002206722,1.0007644,3,92,0.0015516101,0.953447,2,113,0.0005525489,0.9256975,2,133,0.009555039,0.9904259,2,155,0.008552479,0.81158304,2,175,0.01149825,0.6293941,2,200
11,0.008146776,0.99150383,2,28
12,0.004101003,0.719631,2,20,0.002449863,0.6652696,2,40,0.021147795,0.6787826,0,60,0.023372127,0.76037526,0,81,0.008359489,0.8206911,0,101,0.005218041,0.81003606,3,122,0.07875301,0.77725965,2,145
13,0.052097037,0.91204673,2,21,0.0,0.94428366,2,41,0.0,1.0849228,2,62,0.0,1.0837181,0,83,0.0,1.0632308,2,115
14,0.003779192,0.9519169,2,20,0.002346387,0.9014922,2,41,0.034652486,0.9826577,2,63,0.03042123,0.95456433,3,88,0.042641416,1.0032227,3,111,0.026185175,0.9713329,2,131,0.070518896,0.93280226,2,158,0.0036917664,0.9263973,2,178,0.037390914,0.8489384,2,200
15,0.0,1.00362,2,22,0.03293953,0.98615676,2,42,0.014542708,0.90567017,2,62,0.00026074747,0.9170739,2,88,0.018121194,0.9389021,2,108,0.0037566137,0.97938603,2,128,0.00046972762,1.0188841,2,149,0.0030451182,1.0007737,2,169,0.0076580876,0.9754583,2,200
16,0.037771683,0.8832842,2,20,0.029171307,0.8216151,2,40,0.027473843,0.7620812,2,60,0.00052132085,0.8445886,0,80,0.063252605,0.74382055,0,101,0.0,0.8493249,0,121,0.004651533,0.740733,0,141,0.0,0.6792022,0,162,0.009227891,0.38338348,0,200
17,0.004569079,1.0418928,2,20,0.0,1.0166179,2,59,0.0,1.0464224,0,80,0.008973259,1.0947784,2,100,0.003406321,1.0687177,2,139
18,0.020204438,0.8787848,2,22,0.0007133647,0.8094815,2,53
19,0.03875111,0.89960796,2,20,0.0,0.9095036,2,40,0.014249921,0.9878683,2,60,0.026239714,0.9847537,2,80,0.023857633,1.0170325,2,114,0.01203145,0.982938,2,143
20,0.0073893857,0.9823116,2,21,0.012146297,0.94797957,2,41,0.004067098,0.8629416,2,61,0.008244451,0.94207466,2,81,0.014674368,0.91675663,2,101,0.026821006,0.9132321,2,122,0.0,0.8956752,2,142,0.029966027,0.85747254,2,162,0.029249229,0.87754744,2,200
21,0.0,1.0760634,2,20,0.0,1.060142,2,42,0.0,1.0330379,2,65,0.0027529437,1.0366126,2,87,0.0,1.0756642,2,107,0.0,1.0687445,3,127,0.0,1.0218532,2,147,0.00026257624,1.0210137,3,171,0.0010404447,1.0119166,2,200
22,0.010112988,0.9714807,2,53,0.0031100858,1.0256294,2,84,0.0044562463,1.0099895,2,105,0.0009549095,1.0295221,2,128,0.00819493,1.0682199,2,148,0.0034582252,1.0415429,2,171,0.0,1.0162508,2,200
23,0.0022287536,0.88655317,2,23,0.03277625,0.8701525,2,45,0.06572856,0.9174696,2,65,0.037402432,0.86553204,0,85,0.016814552,0.8315846,0,105,0.021426473,0.7654029,2,125,0.04636687,0.8165102,2,145,0.02777541,0.7798133,2,165,0.007722278,0.88844186,3,200
24,0.0034873926,1.0051368,2,20,0.0042468198,1.0696384,2,40,0.0,1.003072,2,73,0.004722775,0.9942747,2,114,0.0004901235,1.024063,2,140,0.0,1.0126506,2,164,0.0005064332,1.0168248,2,200
25,0.012021438,0.99659085,2,21,0.00010183919,1.0692191,2,41,0.0,1.1033056,2,72,0.006098845,1.0717926,0,92,0.0,1.0873281,2,113,0.0055928095,1.1004604,2,133,0.004513192,1.1067278,2,153,0.0,1.0819669,2,175,0.0,1.1081935,2,200
26,0.0035490675,1.0113641,2,29,0.015062751,0.99307597,2,50,0.004930471,1.0051826,2,76,0.011643542,0.99708164,2,102,0.006070958,0.9910963,2,126,0.0,1.002662,2,147
27,0.0067527583,0.9881606,2,20,0.0,0.93991613,2,40,0.008971712,1.0066433,2,63,0.0,0.97848904,0,94,0.0,1.0046777,0,131,0.0,0.9460922,2,154,0.0,1.0605651,2,174,0.00010459297,1.1042689,2,200
28,0.016475488,0.9203968,2,21,0.008303982,0.9943555,2,41,0.040312737,1.0116898,2,62,0.031372886,0.9051126,2,93
29,0.010459873,0.9775424,2,20,0.007481632,0.95115817,2,40,0.0,0.9410405,2,60,0.02239592,0.9416911,2,81,0.028190762,0.9212902,2,101,0.011196442,0.9482995,2,121,0.027720759,0.9425552,2,142,0.009933587,0.9752342,2,166,0.021411711,0.9580373,2,200
30,0.009889668,0.9065828,2,26
31,0.007290609,1.0016978,2,26
32,0.025525065,0.8970051,2,21,0.012081738,0.80891556,2,42,0.031263582,0.8173482,2,62,0.052878954,0.82499754,2,82,0.038506538,0.641042,2,102,0.0,0.7830439,3,123,0.0,0.8220929,0,143,0.0023397494,0.86332643,2,163,0.0063017663,0.7748243,2,200
33,0.0066892155,0.9943506,2,20,0.0061057983,0.9464601,2,49,0.019759065,0.9482464,2,71,0.012216121,0.9666493,2,109,0.006022048,1.07613,2,129,0.023872681,1.0522243,2,151,0.0032494992,1.11778,2,171,0.006127165,1.1170255,2,200
34,0.0,0.99779314,2,28,0.015104318,1.0345092,2,48,0.0023038138,1.0576713,2,68,0.0001884721,1.0479815,2,95,0.00509151,1.0534861,2,128,0.013394123,1.0452597,2,168
35,0.009069904,0.92561996,2,21,0.0022785543,1.0625162,2,43,0.0042144177,1.0572984,2,76,0.007380114,1.0844998,2,102,0.0,1.0951692,2,136,0.0,1.0767965,2,160,0.0012238052,1.0982656,2,200
36,0.01709724,0.9043269,2,20,0.010886626,0.8976329,2,41,0.06384762,0.78464353,0,61,0.0077833636,0.82162875,2,83,0.019625241,1.0670378,2,103,0.0,1.0618327,3,124,0.01826985,1.0128338,2,145,0.0022405025,0.9166524,2,165,0.042402126,0.9442915,2,200
37,0.040767107,0.90259993,2,20,0.0021946118,0.8143305,2,48,0.013225163,0.9735616,2,68,0.00071763544,1.0938313,2,88,0.0,1.1758093,0,109,0.0,1.1533812,0,132,0.0,1.1449456,2,158,0.00032407953,1.1192212,2,200
