0,0.0110675935,0.9514111,2,20,0.0037206307,0.89973074,2,42,0.008763703,0.94934636,2,63,0.0028793716,0.9697015,2,85,0.0,1.0647243,3,105,0.016164448,0.93482125,0,125,0.0045471294,0.91530734,0,151,0.005189278,1.0249465,2,172,0.006542572,1.0202719,2,200
1,0.0194087,0.90719396,2,25,0.0040652636,0.8747706,2,47,0.0024710714,0.80366427,2,72,0.021122003,0.7808763,2,92,0.011934587,0.7814747,2,112,0.0,0.7344553,0,132,0.0,0.7753758,0,152,0.0,0.83760685,2,175,0.0,0.49078766,2,200
2,0.0035284583,0.9496168,2,20,0.0023345866,1.0136858,2,41,0.0005394818,1.0697916,0,62,0.0040431144,1.0604548,0,82,0.010270314,0.98550445,2,102,0.0030909877,1.0446337,2,130
3,0.009444225,0.9802396,2,23
4,0.02750016,0.9180938,2,32,0.0,1.0532725,2,61,0.0,1.0441525,2,89,0.0,1.119904,2,117,0.0,1.0805439,2,141,0.0,1.0464023,2,174
5,0.0043834765,1.053072,2,34,0.0,1.0537843,2,54,0.011147682,1.0304482,2,105,0.0,1.0249442,2,133,0.0,1.0736958,2,156,0.0038455867,1.043724,2,180,0.0,0.99928284,2,200
6,1.5215017e-05,0.9249207,2,20,0.008182697,0.83628494,2,41,0.0034461867,0.88591415,2,62,0.007218145,0.79931176,0,82,0.020192597,0.82187927,2,102,0.05325248,0.46819472,1,122,0.013100438,0.5967106,2,142,0.0,0.73063743,1,162,0.011218034,0.9191902,2,200
7,0.0009944856,1.0609081,2,28,0.0,1.0849504,2,53,0.0,1.0183932,2,75,0.0,1.1025625,2,102,0.0,1.063159,2,128,0.0,1.0555986,2,149,0.0006545388,1.0401163,2,175,0.0,1.0652423,2,200
8,0.010717566,0.97275126,2,20
9,0.018266955,0.8297993,2,21,0.00935797,0.73839045,2,42,0.0,0.7509684,2,64
10,0.036184948,0.96184266,2,21,0.03666568,0.8905449,2,45,0.0101651,0.89818656,2,70,0.0015186712,0.8952879,2,90,0.004686774,0.97866505,2,110,0.001724002,0.8989242,2,130,0.00788865,0.9053414,2,156,0.00732011,0.92388743,2,200
11,0.0,0.9218095,2,21,0.048676126,0.7099707,0,41,0.0,0.8525273,2,62,0.0049656252,0.9253979,2,85,0.0051510055,0.9883075,2,108,0.029103862,0.94810885,2,132,0.053789355,0.8767325,2,152,0.12087615,0.9675725,2,172,0.07541485,0.95667225,2,200
12,0.004849537,0.900904,2,20,0.0037596875,1.0030336,2,49,0.0022437195,1.0157324,2,70,0.022702243,1.0236067,2,91,0.0037864153,1.0388122,2,118,0.001174871,0.9685137,2,142,0.016923022,0.9988271,2,171,0.0,1.0439972,2,200
13,0.013573912,0.9981162,2,20,0.015009256,1.0551503,0,40,0.0046252003,1.0416319,2,60,0.0,1.0479449,2,81,0.0005962349,1.0487946,2,112,0.003053042,1.0411365,0,132,0.008583828,1.0862377,2,162,0.0017769113,1.0584724,2,200
14,0.0007717657,0.94776964,2,20,0.00682728,0.98626256,2,46,0.011655181,0.9152153,2,68,0.02585556,0.8609708,2,88,0.050180178,1.0052656,2,108
15,0.0,0.8580289,2,20,0.026338963,0.8762159,2,41,0.0307695,0.8681803,2,76
16,0.0,0.89631236,2,20,0.012075255,0.6738341,2,40,0.008102002,0.74178267,0,60,0.0040938607,0.74886346,2,90,0.00091233227,1.0966016,2,111,0.014182064,1.0538542,2,135
17,0.0,0.96094763,0,20,0.021519635,0.93175465,2,42,0.0,0.87836874,2,62,0.018181333,0.9082979,2,82,0.0011177832,0.8742081,2,102,0.012598515,0.94853365,0,122,0.0,0.99522465,0,142,0.0,0.97184485,0,169,0.0,0.96865296,0,200
18,0.0,0.88634396,2,20
19,0.0,0.7919074,2,20,0.06662547,0.4629153,0,42,0.058319747,0.8468731,2,62,0.019006297,0.82488936,0,82,0.0,1.0272977,2,105,0.012014712,1.0010021,3,138
20,0.02588723,0.92524165,2,23,0.026821742,0.94152844,2,44,0.0006129468,0.9914559,0,64,0.0021523053,1.0243679,0,86,0.0,0.97732985,2,115,0.0,1.0040828,0,136,0.0,1.0354177,0,157,0.0,0.9907497,2,177,0.001462154,1.0622015,0,200
21,0.01695816,1.0235281,2,22,0.0006737962,1.0563534,2,45,0.00024903062,1.0790634,0,65,0.0,1.0643125,2,85,0.0,1.0746998,2,105,0.0,1.0916497,2,131,0.0,1.1051254,0,152,0.0,1.0901242,0,172,0.0027879493,1.0738454,0,200
22,0.0,0.9372525,2,20,0.0012698193,0.89520824,2,40,0.0,0.8946538,2,60,0.010867515,0.9832471,2,80,0.010773791,1.0014156,2,101,0.018138373,0.9624259,2,132,0.0,0.93740016,2,153,0.0147331655,0.83111924,2,173,0.03154182,0.9417077,2,200
23,0.00011714119,0.82599574,2,20,0.07242625,0.73227525,2,40,0.0,0.9581705,2,62,0.0,0.744135,2,83,0.007472267,0.66676134,0,103,0.034744713,0.8110218,2,124,0.091306046,0.58713394,2,144,0.018417029,0.7212065,0,165,0.0018169114,0.80185986,2,200
24,0.00032353392,0.8666582,2,20,0.015145834,0.95375973,2,44,0.036993835,0.92349714,2,68,0.012978671,0.8456507,2,88,0.013758926,0.85752296,2,108,0.020371893,0.85323447,2,128,0.00063335156,0.9034098,2,149,0.009273121,0.89835525,2,172,0.0078098616,0.9556367,2,200
25,0.0,1.0248295,2,25,0.0,1.0827987,2,51,0.0,1.0022947,0,71,0.0,1.060329,2,117,0.00396598,0.99642545,2,137,0.0043069273,1.0590954,2,157,0.0,1.0550861,2,180,0.006122825,1.0635628,2,200
26,0.0,0.88390005,2,20,0.014687894,0.78613925,0,46
27,0.018530838,0.9534279,2,20,0.016428702,0.91240406,2,42,0.021830061,0.90591514,2,62,0.003512279,0.99249583,2,82,0.007178602,0.981398,2,102,0.005153505,1.0312798,2,125,0.0,0.989216,2,146,0.0072924625,0.9505694,2,168,0.007212059,1.0399332,3,200
28,0.0049415096,0.8886629,2,22,0.018281078,0.8391814,2,42,0.023184756,0.9067826,2,62,0.0,0.8567905,2,84,0.0,1.0596656,2,106,0.0,1.1805177,2,128,0.0,0.97733116,0,148,0.003979421,1.0381011,0,169,0.024555646,0.9473926,2,200
29,0.014016829,1.022547,2,21,0.0072669624,0.93782395,2,41,0.0,0.9546021,2,62,0.0,0.91591936,2,86,0.02539824,0.87175333,2,106,0.0,0.8719672,2,126,0.0,0.9218519,0,148,0.0,0.99148524,2,168,0.0003087339,0.85603726,0,200
30,0.0049089063,1.0137074,2,22,0.0,1.1029083,2,46,0.0005434562,1.0111122,2,66,0.0010540175,1.0507691,2,86,0.0036847412,1.0834975,2,108,0.0,0.8530735,2,131,0.07632421,0.85571057,2,157
31,0.0009097218,0.96890146,2,20,0.03400326,0.84682304,2,40,0.023718232,0.96659404,2,60,0.012264234,0.9741609,2,97,0.004915604,1.0151322,2,120,0.009368112,1.0170022,2,166,6.1034938e-05,0.9950863,2,200
32,0.0,0.959562,2,21,0.0022611301,0.9641244,2,41,0.0037519825,0.91894716,2,64,0.0,0.9870568,2,86,9.270895e-05,0.9887219,2,109,0.0,1.0410929,2,129,0.0,1.0336161,2,154,0.0,1.0707997,0,175,0.004363677,1.0439159,2,200
33,0.0,0.97483855,2,25,0.0,1.0842205,2,48
34,0.008457928,0.90025914,2,26
35,0.01879393,1.065303,2,20,0.0,1.0794384,2,40,0.0,1.0218245,2,75,0.0,1.0359662,2,97,0.0,1.052437,2,120,0.0,1.0441936,2,150,0.0009850208,1.0191103,2,178
36,0.01287641,0.9338325,2,22,0.0,0.8569871,2,42,0.028641066,0.8269753,2,65
37,0.0003114542,0.9944314,2,20,0.0,0.84421647,3,40,0.0,1.0178896,2,60,0.0,0.8891043,2,81,0.0027934436,0.7428764,0,101,0.0,0.69798297,0,122,0.02802459,0.7575227,0,142,0.0072892704,0.86819875,0,162,0.021245735,0.5597885,2,200
