0,0.020439537,0.9643403,2,21,0.016240459,0.9074596,2,43,0.00299809,0.8917079,0,63,0.02395763,0.9496645,2,83,0.0012004133,0.92210186,2,103,0.0076175556,0.8288561,2,123,0.0015860822,0.9566418,2,148,0.008884018,0.98980653,2,171,0.0,1.006606,2,200
1,0.040766105,0.9323471,3,20,0.020507773,0.8323991,2,40,0.028475653,0.87086606,2,61,0.005282089,1.0076025,2,91
2,0.0036376857,1.0204283,2,21,0.0,1.0710853,2,45,0.0032594458,1.021579,2,65,0.0,1.0372422,2,86
3,0.007577163,0.9519433,2,20,0.0,0.9060047,2,43,0.0011918381,0.8499897,2,63,0.00466937,0.8955021,2,101,0.0025787763,0.75779676,2,125,0.019190446,0.8185324,2,149,0.015641613,0.85293436,2,169,0.026001811,0.9279602,2,200
4,0.0034007952,0.983905,2,24,0.002541806,1.1093099,2,56,0.00030200594,1.0735832,2,76,0.0,1.1440858,2,120,0.0004327583,1.1338191,2,157,0.00052718405,1.0764283,2,200
5,0.010274269,0.92692256,2,21,0.0016496407,0.91846746,2,48,0.006153553,0.9392498,2,68,0.0,0.9043231,3,89,0.0012054943,0.92225164,2,112,0.0014435366,0.9587177,2,134,0.009935071,0.92885363,2,154
6,0.012279349,0.9629127,2,23,0.0014557805,1.0060469,2,44,0.004784836,0.95762616,0,66,0.0070356554,1.1053392,2,87,0.0004368849,1.0401903,2,107,0.0,1.0674964,0,127,0.0,1.0807452,2,152,0.0003020822,1.0922171,2,173,0.0035368274,1.0122538,2,194
7,0.024605315,0.9595103,2,20,0.007760442,0.9837036,2,41
8,0.019878238,0.8116852,2,20,0.004187464,0.8631527,2,60
9,0.00020148444,0.8307514,2,22,0.047475915,0.7988667,2,46,0.0,0.8345264,2,66,0.00076264155,0.5133414,2,101
10,0.002361997,0.98280656,2,23,0.0058992472,0.9397542,2,47,0.011923695,0.84878856,2,68,0.004665488,0.92979205,3,88,0.0002699003,0.9559882,2,112,0.0,0.99757665,2,141,0.013262257,0.98318213,2,165,0.008279059,0.988397,2,200
11,0.0040271347,0.8718883,2,20,0.0074603204,0.9126855,2,51,0.0049463604,0.9026855,2,71,0.021676525,0.9227889,2,91,0.0,0.9213827,2,112,0.024178918,0.8440541,2,133,0.006712737,0.9358653,2,153,0.013122234,1.0484459,2,173,0.0,1.1215297,2,200
12,0.012582649,0.9742055,2,33
13,0.0147333415,1.013519,2,31
14,0.0068847914,1.0331901,2,25,0.015609013,1.0327412,2,62
15,0.0074704224,1.0535022,2,27
16,0.0036962654,0.9960305,2,24
17,0.0012814772,0.8984787,2,20,7.3601215e-05,0.96252954,2,40,0.008878569,0.94491595,2,62,0.004239194,0.98335326,2,90
18,0.0097793,1.0021247,2,20,0.007932325,0.9489469,2,52
19,0.006439819,0.9868149,2,31
20,0.013442303,0.876372,0,20,0.017759286,0.86471206,2,40,0.0,0.7974642,2,60,0.045292757,0.7433133,2,80,0.047644638,0.75104034,2,100,0.02394037,0.65423083,0,120,0.044656735,0.66260797,2,158
21,0.020371558,0.7908149,3,40
22,0.011333028,0.88717496,2,20,0.0,1.0331132,2,47,0.008653045,1.0486393,2,69,0.030226048,1.0700711,2,96,0.0024588474,1.0346341,2,124,0.013504167,1.0999928,2,144,0.02276421,1.0349576,3,164,0.0027852766,0.96336395,2,200
23,0.0030737675,0.9304369,2,23,0.017356578,0.8870008,2,45,0.003991614,0.84355956,2,65,0.0,0.76791626,2,89,0.001538229,0.68484735,2,110,0.0,0.48939255,1,131,0.0,0.35717794,1,154,0.0,0.49068826,1,174,0.011512002,0.5933319,1,200
24,0.010900271,0.8532461,2,22,0.0035245542,0.979151,2,45
25,0.007667908,0.9949476,2,31
26,0.007901045,0.832051,2,20,0.004317853,0.9202357,2,44
27,0.0033927553,0.944513,2,20,0.0071465424,0.9808003,2,40,0.02361914,0.87989634,2,63,0.0,0.90313655,0,84,0.008639741,0.8523154,2,105,0.0,0.67971617,2,125,0.02822901,0.6740034,2,146,0.0022859692,0.5816059,0,166,0.0,0.4842261,1,200
28,0.01007927,1.0193497,2,20,0.019904668,0.9269561,2,45,0.009081225,0.914416,2,69,0.01118553,0.9678063,2,92,0.01597396,0.9992899,2,115,0.010083914,1.0447829,0,135,0.0,1.0115777,3,156,0.0042111324,1.0008378,2,176,0.0,0.9314926,2,200
29,0.020601787,0.91982466,2,22,0.0,1.0265881,2,85,0.0,1.0646564,2,122,0.0,1.0774367,3,142,0.010738478,1.0424387,2,163,0.005088468,1.0291488,2,200
30,0.0046434896,0.91373307,2,28
31,0.000834259,0.81738603,2,26,0.011310658,0.86116296,0,48,0.007096956,0.84200466,2,68,0.0057919454,0.72907597,2,89,0.028811285,0.7010585,0,117
32,0.01150449,0.8431776,2,22,0.0,0.88359755,2,44,0.023557765,0.8889438,2,65,0.0,0.8055597,2,92,0.0,0.8435437,2,112,0.0019951656,0.74638337,2,132,0.0,0.8034751,2,153,0.0029976596,0.6341209,2,173,0.073190674,0.47859558,2,194
33,0.070638195,0.88633555,2,20,0.014323399,0.89454573,2,58
34,0.03024811,0.95455205,2,20,0.0069012567,0.8956383,2,44,0.023513105,0.92528296,2,65,0.010473617,0.97602135,2,117,0.019706862,0.95637053,2,152,0.0036398831,0.9484146,2,180
35,0.0060193716,1.0176805,2,26,0.028783094,1.0430146,0,46,0.0,1.0200764,2,68,0.0,1.0393271,2,110,0.00018738915,1.0078373,2,133,0.0,1.0527568,2,155,0.0047691483,1.0580299,0,177,0.0045048846,1.0432003,2,200
36,0.0,0.8440145,0,20,0.07101194,0.7330371,2,40,0.006472832,0.76988804,2,60,0.015090272,0.72419566,2,80,0.0018856929,0.88702846,2,101,0.0,0.83110225,2,121,0.0,0.8398245,2,143,0.029922348,0.71317285,2,182
37,0.0016982568,0.9128152,2,21,0.007597321,0.8523591,2,41,0.025642078,0.81650573,2,61,0.0,0.83477527,2,82,0.0,1.0711148,0,102,0.013711047,0.9155122,0,122,0.026801808,0.9070381,0,143,0.0,1.0507734,2,163,0.036033463,0.5705664,0,200
38,0.0031161741,0.9937592,2,23,0.009143943,0.960461,2,43,0.009587197,0.9976325,2,63,0.0,0.9168237,2,83,0.00062445353,0.8764561,2,107,0.00131988,0.6022602,2,151,0.012309722,0.62114215,2,187
39,0.0071254047,0.940735,2,20,0.007651574,0.9645465,2,40,0.027320206,0.9133116,2,60,0.0,0.79909116,0,81,0.01806504,0.8880307,2,101,0.0076806815,0.8653652,2,121,0.018529262,0.87060237,2,142,0.010934798,0.8372475,2,162,0.007188314,0.87705,2,200
40,0.0184609,0.87865055,2,20,0.010587262,0.94612175,2,41
41,0.0,1.0363784,2,40
42,0.0,1.0364383,2,40
43,0.01640439,1.0071231,2,33
44,0.0,0.88996255,3,20,0.0,0.9291892,2,41,0.0,0.830017,2,61,0.023440862,0.621716,0,84,0.0,0.9392761,2,106
45,0.0010619059,1.0071256,2,42,0.00059147127,1.043686,2,75,0.0,1.0310398,2,108,0.0037863036,1.021226,2,129,0.00081409974,1.0492435,2,154,0.0025353557,1.0822775,2,174,0.0,1.0531245,2,200
46,0.00421179,1.0416329,2,20,0.017824266,1.018053,2,40,0.0008737163,1.0480365,2,65,0.0012630592,1.0876703,2,86,0.00041391654,1.0473001,0,106,0.0020899603,1.0436975,2,127,0.0,1.108319,2,148,0.018331349,1.0495809,2,173
47,0.0026972662,0.8669921,2,20,0.009294782,0.7701388,2,40,0.0,0.6666994,2,60,0.015370139,0.5321802,1,97
48,0.037974916,0.8239597,2,20,0.028086275,0.9307468,2,50
49,0.026155505,0.9286737,2,21,0.0074369996,0.8580259,0,41,0.0,0.8276377,2,61,0.0,0.7975339,2,82,0.0,0.777736,2,102,0.0,0.7106369,2,122,0.0,0.7881553,2,144,0.008178128,0.6995001,2,164,0.026260244,0.7540227,2,200
50,0.032735143,0.98792785,2,24,0.03668303,0.98147994,2,45
