0,0.019797822,0.9561981,2,21,0.009760195,0.96912813,2,41,0.01548047,0.968025,2,62,0.0,1.0363878,2,83,0.010884746,1.0072957,2,118,0.0,1.0311292,2,143,0.0019313674,1.012096,2,200
1,0.048630137,0.93069667,2,20,0.015605461,0.92780155,2,44,0.00092930783,1.0089173,2,65,0.050473742,0.9230834,2,91,0.013354836,0.92905164,2,122,0.025601156,0.9248803,2,157,0.011172945,0.93463135,2,180,0.012694657,0.9479027,2,200
2,0.0,0.87216824,0,20,0.033473235,0.8985785,2,40,0.06532722,0.76413023,2,60,0.0028896963,1.0352303,2,86,0.0,0.96300584,2,106,0.0,0.81141216,2,127,0.0,0.9562757,0,151,0.009592153,0.95736694,0,171,0.023064695,0.88475835,2,200
3,0.011592218,0.85501546,0,20,0.032200232,0.73182744,0,40,0.08905277,0.67854375,2,64
4,0.0061921626,0.9159876,2,26,0.023652604,0.91018164,0,46,0.080338895,0.87980545,0,66,0.018766452,0.90661067,0,86,0.05229606,0.8729989,0,107,0.003982318,0.9913535,3,128,0.0,0.9447416,3,148,0.045784667,0.8342696,2,169,0.016078105,0.9617157,2,200
5,0.00878154,0.8806464,2,20,0.00022464525,0.8559611,2,42,0.057796698,0.76868355,2,62,0.05656055,0.7404118,2,83,0.0008496897,0.75947714,2,103,0.015191823,0.710974,2,126,0.12453907,0.66168725,2,148,0.010638039,0.7483641,2,168,0.021409722,0.6239433,2,200
6,0.009960444,0.9918782,2,31
7,0.007146342,1.0395211,2,21,0.0,1.0212158,3,46,0.0,0.9449053,3,68,0.0,1.0066338,3,93,0.0,0.9729312,2,119,0.0,1.0058866,2,163,0.0,1.0495831,3,200
8,0.0,0.999931,2,21,0.023234462,0.939311,2,49
9,0.011828526,1.0276011,2,23,0.0011223687,0.99591583,2,49,0.0,0.9897646,2,69,0.003821778,1.0788295,2,94,0.0,1.0575291,3,114,0.0109767625,1.0151181,2,140,0.0049835416,1.0360806,3,160,0.018138435,1.0514076,2,180,0.01058757,1.0006359,2,200
10,0.01029647,0.9630866,2,20,0.0044865897,0.85968554,2,54,0.0046686875,0.94161975,2,74,0.044895016,0.81860656,2,94,0.033982694,0.7446384,2,114,0.018790547,0.85098106,2,134,0.048790846,0.8423914,2,154,0.00896606,0.8113799,2,174,0.010370337,0.85217094,3,200
11,0.006977922,0.941148,2,20,0.004377784,0.9053924,2,45,0.026810646,1.0123258,2,65,0.0024814878,0.9695815,2,85,0.01074098,0.9491947,2,108,0.053187333,0.78655344,2,134
12,0.005839278,0.93741024,2,20,0.0,1.1055019,0,40,0.0,1.2096435,0,60,0.00631129,1.1302345,2,90,0.0074878666,1.1108518,2,114,0.0011158083,1.065714,2,144,0.0,1.1719811,0,166,0.0,1.1214026,2,200
13,0.0,0.8963065,2,20,0.013215306,0.8251848,2,40,0.017141996,0.8813999,2,60,0.0,0.96099627,2,82,0.0,0.9818443,2,102,0.013527784,0.64450395,2,122,0.12305671,0.70579016,0,142,0.0,0.8027042,0,162,0.041308835,0.63023794,2,200
14,0.015697759,0.92611325,2,32
15,0.024360517,0.86154354,2,28
16,0.02425024,1.0138135,2,20,0.009407914,1.01888,2,56,0.010996096,0.9809681,2,76,0.015169492,0.97598785,2,108,0.017072828,0.98981714,2,132,0.0010286934,1.0232209,2,152,0.018349346,1.0792321,2,172,0.014659987,1.0060302,2,199
17,0.0,1.0345819,2,36,0.0,1.0924098,3,56,0.0,1.0767214,2,77,0.0,1.04698,2,100,0.0,0.9939719,2,122,0.0,1.018983,3,153,0.0,1.0413512,2,176,0.0,1.0338613,2,200
18,0.0,0.9065741,2,20,0.03223187,0.75793463,2,40,0.00507785,0.6760041,2,60,0.03994731,0.71566,2,80,0.00017692913,1.0160959,2,100,0.0,0.87370795,0,120,0.03268636,0.81643075,0,140,0.0,0.91133255,0,161,0.056300953,0.67045516,2,200
19,0.0047376924,1.03581,2,20,0.008041928,1.0918834,2,41,0.0,1.0804348,2,63,0.0,1.0623868,3,83,0.0012942505,1.1030961,2,107,0.0,1.0596286,2,136,0.0,1.094063,2,159,0.0021843726,1.0853702,2,179,0.0,0.9966481,2,200
20,0.0021517193,1.0026599,2,22,0.009946326,1.0390857,0,57
21,0.008309257,0.94010466,2,20,0.006218531,0.79521334,2,40,0.027403358,0.8772315,2,60,0.007142217,0.68516004,2,81,0.010471795,0.63146675,2,101,0.016590731,0.660509,2,121,0.0,0.8235111,2,148,0.0,0.9202496,2,169,0.016772682,0.7608331,2,200
22,0.0,0.9500386,2,20,0.0,0.88486946,2,40,0.006953135,0.7916006,2,60,0.013627334,0.71307707,0,81,0.0122864945,0.7761766,0,102,0.005153142,0.90089923,3,122,0.0,0.95310193,0,142,0.0,0.7896709,0,167
23,0.031222802,0.9711397,2,23
24,0.0,1.0428183,2,21,0.0,1.0620068,2,44,0.0,1.0069844,2,64,0.0016338428,1.0228188,2,87,0.0,0.9767984,2,107,0.0010204645,1.0547041,3,130,0.0027821255,0.99962336,2,162
25,0.00011956112,1.0270758,2,53,0.0,1.101861,2,73,0.0,1.080755,2,99,0.0001986733,1.0528818,2,133
26,0.0,1.0318516,2,31
27,0.0,1.1009029,2,24,0.0013051619,1.0013858,2,72
28,0.0,0.95309794,2,20,0.020834919,0.85286134,2,43,0.018656952,0.8241707,2,66,0.0007531233,0.9393532,2,87,0.023189455,0.84853464,2,113,0.037392166,0.5751437,2,140,0.025412142,0.7392138,2,166
29,0.007022367,0.96078986,2,31
30,0.045777407,0.95004976,2,20,0.023688179,0.8848483,2,40,0.061267674,0.8829912,2,60,0.07942603,0.9731796,0,81,0.023837117,0.9269549,0,101,0.0829345,0.91733867,0,122,0.017447961,0.91823924,2,145,0.01230099,0.884992,2,170,0.06408736,0.9129875,2,200
31,0.0,0.92172736,2,20,0.0016828924,0.88765734,2,41,0.0,0.8153545,2,61,0.0,0.932711,2,81,0.003402333,0.8634979,2,101,0.0,0.8573397,2,123,0.0,0.7894644,2,143,0.024198668,0.86147505,2,165,0.033526327,0.9225103,2,200
32,0.0,0.9027613,2,21,0.05051871,0.8881721,2,44
33,0.032410644,0.95847476,2,20,0.012998595,0.8202602,2,49,0.0,0.9990917,2,72,0.0,0.9720991,2,92,0.0,0.9659152,2,115,0.012393127,0.9757892,2,154
34,0.0063180476,0.94956017,2,20,0.001426496,1.0357294,2,40,0.0010025573,1.1148672,2,60,0.0,1.0869592,3,80,0.0,1.1502542,0,100,0.0018579669,1.1905351,0,121,0.0,1.136755,2,143,0.0012908052,1.1333479,0,164,0.0,1.1473528,3,200
35,0.0062239137,1.0355879,2,33,0.0,1.0612932,2,53,0.002916646,1.0864398,2,78,0.002925018,1.0378516,2,98,0.00019009171,0.99602085,2,129,0.0,1.0873642,3,154,0.0,1.0349858,2,176,0.0008375983,1.0391296,2,200
36,0.0,0.83862895,2,20,0.01093723,0.805034,2,40,0.0,0.76539737,2,60,0.029038152,0.7661942,2,81,0.0,0.7234524,2,101,0.015040848,0.85230255,2,126
37,0.02278517,0.9161202,2,22,0.02168439,0.94328916,2,42,0.019216713,0.9156637,2,62,0.016721841,0.9156173,2,82,0.109520055,0.9433319,2,106,0.065763615,0.91172075,2,140,0.030502522,0.93618083,2,165,0.087835714,0.91341275,2,200
