0,0.022937369,0.9837945,2,20,0.021838669,0.960182,2,41,0.026501786,0.8686126,2,61,0.004697277,0.9296084,2,90,0.010758953,0.9080758,2,111,0.026912803,0.8190972,2,131,0.076109365,0.9681188,2,151,0.0072353017,0.80096775,2,174,0.039616726,0.8409739,2,200
1,0.0021547715,1.0452818,2,23
2,0.004492076,1.0315343,2,29,0.0,1.1184686,2,49,0.003332743,1.0768731,2,69,0.003133806,1.1006141,2,102,0.0,1.1645492,2,123,0.0032723094,1.0626056,2,144,0.0073368438,1.0994961,2,181
3,0.002445476,0.99074095,2,22,0.015388873,0.96883714,2,42,0.0,1.0236669,2,66,0.011216016,0.903054,2,90,0.0,0.87197495,2,110,0.025752217,0.9301683,2,130,0.030052552,0.97050446,3,156,0.036556367,1.0028648,3,179,0.035167113,0.9315517,2,200
4,0.0306056,0.9801176,2,20,0.013373936,0.95462966,2,49
5,0.0019227399,1.0030456,2,41,0.0,1.0397766,2,61,0.0108679375,1.0866764,3,82,0.0,1.0858221,2,105,0.004020362,1.077314,2,125,0.0,1.0259229,2,147,0.0029384762,1.0119306,2,167,0.002552831,1.0212275,2,200
6,0.01561518,0.9542171,2,20,0.0,0.85251606,2,40,0.0,0.8179617,2,60,0.0045603295,0.8404478,2,82,0.038411222,0.7854297,2,102,0.0,0.848005,2,122,0.0,0.9355494,2,142,0.0084873745,0.9767844,2,165,0.019519437,0.941507,2,200
7,0.0,0.9188899,2,20,0.0049864007,0.95707786,2,40,0.018287893,0.8971461,2,61,0.012707892,0.93544704,2,82,0.0,0.9360506,2,103,0.01603183,1.031075,2,123,0.023065723,0.93899184,2,147,0.0012462116,1.0151563,2,171,0.00024744475,0.93966854,2,200
8,0.0032122016,0.9915539,2,20,0.011816655,1.0264404,2,40,0.0016299366,1.0668987,2,87,0.0,1.0743887,2,113,0.0027497835,1.07304,2,157,0.005992849,1.048293,2,178,0.013951712,1.0712552,2,200
9,0.027302891,0.98269194,2,20,0.022660252,0.9430157,2,40,0.018839248,0.95419353,2,62,0.0029559413,0.78143084,2,83,0.008080721,0.89170444,2,103,0.004341387,0.85721123,0,123,0.0,0.761815,2,143,0.0,0.6561967,2,163,0.03769889,0.5971791,2,200
10,0.0019777936,1.0323466,2,22,0.0011772197,1.0454541,2,45,0.0,1.0630401,3,66,0.0,1.090921,3,86,0.0,1.0772481,2,122,0.0,1.0422796,3,142,0.0011806777,1.0321683,2,163,0.0015755526,1.0218745,2,190
11,0.026972625,0.9683191,2,20,0.00609505,0.95315427,2,43,0.0027222433,0.9827282,2,63,0.018631727,1.0094812,2,86,0.013218633,1.0596395,2,108,0.0,1.0558261,3,128,0.00024900612,1.0895042,2,149,0.0022168525,1.011359,2,172,0.0,1.113414,2,200
12,0.011702013,0.98711234,2,20,0.030413443,0.92400867,2,40,0.04810015,0.84927005,2,60,0.022416618,0.8559086,2,80,0.007419423,0.9469495,2,101,0.006682703,0.88676196,2,121,0.0,0.9578355,2,141,0.0065432116,0.9749756,2,161,0.010418482,0.94592243,2,200
13,0.0062814835,1.0091393,2,22,0.00902874,1.025003,2,42,0.0,1.1036854,3,62,0.0,1.0097884,2,82,0.006925664,0.9989359,2,102,0.010123024,1.0221338,2,122,0.0024362523,1.0233554,2,149,0.0099499235,0.9805215,2,172,0.006487766,0.99182177,2,200
14,0.0070146685,1.0220475,2,20,0.016619738,0.9759325,2,42,0.007867156,0.93610823,2,62,0.00925771,0.8715172,2,82,0.006284882,0.7531348,2,103,0.0,0.71342766,2,123,0.0,0.7391111,0,143,0.0,0.5165592,2,164,0.0029386636,0.71539706,2,200
15,0.0,0.9529651,2,20,0.013891339,0.87231094,2,41,0.025354704,0.9667283,3,61,0.011038558,1.0487615,2,81,0.0065712677,0.9817381,0,101,0.0,0.95467174,2,122,0.0,0.8772477,2,142,0.0021609094,0.87723464,2,173
16,0.0,1.0678909,2,26
17,0.012264541,0.92752475,2,24,0.008912441,0.8482708,2,44,0.0,0.83027345,2,64,0.0,0.8659483,2,84,0.042637438,1.0222304,2,104,0.0,0.9141451,0,124,0.0,0.671679,2,144,0.0,0.7256177,0,164,0.011319762,0.54471946,0,200
18,0.02857018,0.8146311,2,20,0.0034296825,0.96234876,2,40,0.00094553333,0.5991997,2,60,0.0569459,0.5483514,2,80,0.038470775,0.65981454,2,101,0.012454056,0.49779028,2,121,0.018230632,0.6682433,2,141,0.00019234577,0.56833094,2,161,0.03834035,0.70353204,2,200
19,0.0018983518,0.94091016,2,20,0.0068598674,0.8638121,2,40,0.0,0.84525204,2,60,0.0012215431,0.88527733,2,81,0.022651896,0.9119703,2,101,0.022566628,0.84478396,0,122,0.0042234287,0.9033629,2,142,0.0019373583,0.9508419,2,163,0.0,0.88303125,2,200
20,0.023053292,0.910769,2,20,0.041727714,0.91536796,2,40,0.016592985,0.7977985,2,62,0.04136487,0.775899,2,85,0.0,0.8481315,2,105,0.0034658352,0.9999044,2,127,0.012055286,0.98853374,2,148,0.0048364005,1.0028881,2,171,0.0,0.9522797,2,200
21,0.0,0.9418991,2,22,0.061144907,0.7724353,2,42,0.049080808,0.8046199,0,62,0.0074000983,0.9959288,3,92,0.0,1.0822089,3,113,0.0,1.0657135,3,136,0.0010818805,0.9572752,2,156,0.0019375983,0.8733414,3,176,0.0,0.7878299,2,200
22,0.014853695,0.8704265,2,20,0.008638612,0.7120429,2,40,0.05171963,0.7087078,2,60,0.011813065,0.6395302,2,81,0.0,0.68067414,1,101,0.029692644,0.56623614,1,123,0.0,0.672873,0,146,0.0,0.7183459,0,169,0.025721753,0.31202132,0,200
23,0.008706178,0.8689045,2,23,0.010732006,0.8431609,3,43,0.010120537,0.9673449,2,63,0.0010629008,1.049602,2,84,0.0045753797,1.1057343,2,106,0.0,1.121985,2,133,0.0041051223,1.0709777,2,175,0.009068396,1.0016713,2,200
24,0.0008266717,0.9722757,2,22,0.0132856965,0.8638705,2,42,0.014277084,0.9197682,2,65,0.024217352,0.9472617,3,86,0.026973072,0.8661746,2,106,0.0012604251,1.0086654,0,126,0.0036450096,1.0949211,2,146,0.0,1.1063223,2,167,0.0,1.1216698,0,200
25,0.001940676,1.0191175,2,24
26,0.0,0.90970224,2,22,0.018757157,0.77053314,0,42,0.035900414,0.7865964,2,62,0.0,0.8413229,0,82,0.0,0.7291572,0,102,0.041609365,0.743018,2,124
27,0.017208599,0.9835271,2,22,0.0032031864,1.0077281,2,42,0.0,0.942478,3,62,0.0,0.9844274,2,84,0.0,1.0446428,2,119,0.0,0.9613469,2,147,0.00034754464,0.964837,2,175,0.0029821477,1.0158627,2,200
28,0.016552249,0.84458256,2,20,0.089059055,0.7416887,0,40,0.020430073,0.8346556,2,60,0.0016666267,0.77914345,2,80,0.0,0.8793628,2,106,0.0048529007,0.84244496,2,129,0.01831843,0.88228154,2,150,0.017668298,0.9182734,2,172,0.086260505,0.76612204,2,200
29,0.009420426,0.9868927,2,20,0.009822121,0.96720284,2,40,0.0005701589,1.0376045,2,68,0.0,1.1438674,2,102,0.0,1.0748783,2,122,0.0,1.0727677,2,147,0.0,1.1574076,2,169,0.003309396,1.0718704,2,200
30,0.021471009,0.93364954,2,20,0.007532166,0.9208103,2,43,0.0,0.82224864,2,63,0.0,0.8606885,2,84,0.016283106,0.92612094,2,104,0.021570258,0.9153088,2,124,0.042940278,0.82652915,2,144,0.015907357,0.9745717,2,175
31,0.0013355626,1.0631856,2,22,0.0005466583,1.0267938,2,42,0.0,1.0475239,2,63,0.0,1.0241811,2,83,0.0029788702,1.0454539,2,117
32,0.0143615445,0.95302033,2,37,0.0,0.9530481,2,57,0.0,0.92891264,2,78,0.0,0.9240496,2,105,0.0061670905,0.96631324,3,132,0.0019189685,0.94552726,2,152,0.0,0.9457661,2,173,0.002584975,0.9317599,2,200
33,0.0,1.0013593,2,20,0.016342422,0.96576756,2,40,0.0021825833,0.9232377,2,69,0.0045718327,0.97247905,2,90,0.0016442304,0.8881467,3,110,0.0031945398,0.93022496,2,133,0.0,0.9596944,2,160,0.0036072538,0.94082105,2,200
34,0.009207002,1.0206423,2,29
