0,0.0033954678,1.0539713,2,27,0.00223469,1.0853746,2,47,0.002457445,1.0557518,2,84,0.00998729,1.0404261,2,112,0.0014614247,1.0557035,2,132,8.066557e-05,1.0695617,2,154,0.0011344055,1.0679449,2,175,0.0048044752,1.0680057,2,200
1,0.018640457,0.91496706,2,32,0.016426988,0.8185889,2,53,0.0,0.89932346,2,73,0.0018113969,0.876264,2,93,0.026513007,0.8022221,2,113,0.0,0.87554,2,135,0.0,0.7688253,2,158,0.007350579,0.87292445,2,200
2,0.0037841403,0.9610214,2,22,0.008017841,0.9781896,2,48,0.0,1.0243491,2,74,0.0,0.99680185,2,106,0.007854247,1.0204737,2,138,0.0,1.0220221,2,173,0.0051806117,0.985788,2,200
3,0.031750765,0.8395359,2,20,0.009556458,0.7954734,2,40,0.0,0.8318744,2,61,0.009706247,0.7713076,2,81,0.004958186,0.76239604,2,113
4,0.011505463,0.935132,2,28
5,0.017821934,0.9959633,2,20,0.0,0.985724,2,41,0.008919731,0.97392803,2,73,0.0,1.112224,2,97,0.00010648691,1.0936646,2,133,0.0,1.0928288,2,167,0.0032073525,1.1576328,2,200
6,0.025053412,0.8569999,2,28
7,0.017942684,1.0018574,2,26,0.021171734,1.0426959,2,47,0.013498334,1.0041295,2,68,0.0060159834,1.0688928,3,88,0.005368814,1.0743964,3,108,0.0060042115,1.0865693,3,130,0.01499387,1.1000386,3,152,0.0030435126,1.0730515,3,182
8,0.0,0.9478409,0,21,0.010248236,0.91921,2,49,0.0,1.1383189,2,72,0.0,1.1044991,2,92,0.0,1.0905905,2,114,0.0,1.089075,2,144,0.0,1.1250427,2,164,0.0012924299,1.0542041,2,200
9,0.01760444,0.92798245,2,20,0.017900152,0.95091593,2,40,0.032753423,0.89731175,2,63,0.009084653,0.7592713,2,83,0.0,0.9372613,2,104,0.047887035,0.86121637,0,124,0.044640597,0.8749445,2,166,0.0046393517,0.8729444,2,200
10,0.0021149088,0.7743386,0,21,0.0035787649,0.86117494,2,41,0.032309696,0.63261765,0,62,0.02637851,0.74990124,2,84,0.0,1.0249796,3,113,0.0,0.85770273,3,137,0.0,0.6680592,2,159,0.0,0.652862,3,180,0.034554787,0.69053197,2,200
11,0.0,1.0739273,2,25,0.0051687476,1.0768867,2,48,0.006431301,1.0238407,0,68,0.005696375,1.0292213,2,93,0.005261333,1.036215,0,115,0.003209199,1.0559591,2,146,0.0012486961,1.0349768,2,172,0.007153531,1.0385338,2,200
12,0.0018028204,1.0497986,2,40,0.0,1.0369656,3,60,0.0019096017,1.0729892,2,80,0.0,1.0673014,2,106,0.0,0.9740918,2,127,0.0,1.0245034,3,149,0.0010793773,1.0189927,2,169,0.0,1.024397,2,200
13,0.0015140307,0.9885725,3,22,0.0022163924,1.0890458,2,42,0.0022146255,1.070125,2,70
14,0.0071644606,0.983931,2,22
15,0.032504916,0.82277834,2,21,0.020023655,0.7245437,0,41,0.0,0.7853222,0,62,0.0,0.7069116,2,82,0.0,0.88031733,2,102,0.016107708,0.7941836,2,123,0.0,0.8205911,2,143,0.017228838,0.83564794,2,163,0.009799652,0.80082136,3,200
16,0.01423778,0.9096189,2,21,0.0027518885,0.8781433,2,45,0.015885007,0.7828005,2,65,0.0,0.83476436,2,91,0.0,0.9359611,2,111,0.0018154525,1.0119704,2,133,0.0,0.99729484,2,154,0.009898628,0.94225985,2,175,0.0037815196,0.92037445,0,200
17,0.029687729,0.8595172,2,20,0.035069853,0.7876028,2,52
18,0.004580987,0.9770047,2,41,0.007790938,0.9939745,2,73,0.001127848,1.0557519,2,100,0.0,1.0250707,2,130,0.0,0.93059987,2,150,0.0014846858,1.0357182,2,175,0.02934771,1.0095094,2,200
19,0.0,1.0513976,2,27,0.0,1.0878506,2,50,0.004954328,1.0693803,2,70,0.0024070267,1.0669258,2,90,0.0,1.029575,2,114,0.018220639,0.9456812,2,134,0.0,1.0497345,2,158,0.0019318762,1.0351174,2,200
20,0.0,0.89497995,0,20,0.005029657,0.887328,0,40,0.0,0.9150559,2,63,0.03673599,0.9048789,2,83,0.037477072,0.84679425,2,104,0.0,0.7962204,2,135,0.022044014,0.9309303,2,157,0.021500189,0.7763703,2,179,0.01818084,0.94721895,0,200
21,0.050193496,0.8632531,2,21,0.0,0.7944002,0,43,0.02003202,0.95406216,2,63,0.0030427524,0.84163153,2,83,0.0,0.79450977,2,104,0.01558646,0.87847465,0,125,0.020044632,0.8037396,2,150,0.017531987,0.73028356,0,170,0.08137228,0.842102,2,200
22,0.006180794,1.0327034,2,21,0.005019584,0.9765054,2,41,0.001257085,1.0257839,2,65,0.0,1.1227634,2,95,0.0,1.0693538,2,115,0.0,1.189152,2,136,0.0004920276,1.0997006,2,159,0.00013275705,1.10542,2,179,0.004128313,1.1686846,3,200
23,0.03837226,0.84666425,2,20,0.009986277,0.8706261,2,40,0.011943777,0.78933597,2,61,0.021158645,0.75021344,0,82,0.0086593935,0.8824293,2,103,0.039154194,0.92182463,0,123,0.010352226,0.9705504,2,144,0.0,0.8466894,0,164,0.08114022,0.4994129,0,200
24,0.0,0.9607013,2,20,0.00074634247,0.90882367,2,40,0.0,1.0789547,2,61,0.026212906,0.99030745,2,81,0.013985669,0.9959384,2,101,0.0011189795,1.0043402,2,121,0.010991958,1.1007396,2,142,0.0061452235,1.0898501,2,162,0.0,1.1040354,2,200
25,0.017495416,0.92523247,2,21,0.055908505,0.8925813,2,42,0.010584065,0.8625035,2,62,0.015512985,0.7727793,2,82,0.018780634,0.81015766,2,102,0.023371441,0.78374714,2,124,0.0,0.93454665,2,144,0.006686014,0.8917181,2,164,0.007284671,0.88968396,2,200
26,0.004881326,0.8676853,2,20,0.0,0.78944963,2,44,0.0,0.97274303,2,66,0.0,0.8286117,2,96,0.025078297,0.8463036,2,127
27,0.013833863,0.97666395,2,20,0.033474945,0.89118856,2,42
28,0.04369414,0.8524169,2,21,0.032065824,0.8630554,2,41,0.0,0.82614243,2,62,0.008638401,0.9049223,2,82,0.020440137,0.7967498,2,102,0.018222282,0.7477309,2,122,0.03895278,0.7534355,3,142,0.00941757,0.917037,0,162,0.007057653,0.8510318,2,200
29,0.013477506,0.95760626,2,27,0.008866547,0.90314955,2,54,0.0043686964,0.93461204,2,83,0.023385333,0.8839033,2,124,0.032372877,0.94118965,2,155,0.008609525,0.9542225,2,178,0.03848692,0.9184782,2,200
30,0.0018334,1.0378982,2,37,0.00024686405,1.0581037,2,60,0.007651791,1.0406052,0,80,0.011741556,0.96743774,2,103,0.0,1.0045526,2,125,0.001001567,1.0041164,2,147,0.0026277963,1.0244302,2,167,0.0,1.0141895,2,200
31,0.0,0.9379479,2,21,0.032866564,0.6842715,2,45,0.0,0.8040824,2,68,0.020701673,0.6717199,2,88,0.009191561,0.746348,2,113,0.0,0.5811295,2,148,0.0,0.7240028,0,169,0.07564669,0.6480943,2,200
