0,0.0052341246,1.0302055,2,32,0.0067458414,1.0239146,2,52,0.0,1.1108034,2,73,0.0,1.0646718,2,93,0.0,1.0073631,2,121,0.0,1.0234317,2,142,0.0,1.0636747,2,162,0.0,1.0335817,2,200
1,0.014345478,0.87199557,2,21,0.0,0.79473007,2,41,0.006816236,0.80573666,2,61,0.0,0.6356786,2,81,0.036698613,0.6648408,2,101,0.0,0.9284058,2,130,0.0,0.68661106,2,150,0.0,0.9500227,2,170,0.067664616,0.5668927,2,200
2,0.01230938,0.95797473,2,23,0.0,0.97055596,2,43,0.020444488,0.9716401,2,63,0.0,0.9953211,2,83,0.014460024,0.9810611,2,104,0.006624448,0.9620436,2,127,0.020655084,0.99926317,2,147,0.0052615074,1.0202047,2,173,0.016166441,0.9198592,2,200
3,0.0,0.9685453,2,20,0.073689595,0.96015036,2,40,0.0,0.9772991,2,61,0.0013185487,0.967076,2,84,0.021942612,1.030922,0,104,0.030072814,0.94056535,2,126,0.018266717,0.97465354,2,146,0.01685035,0.98337674,2,172,0.0059150355,1.0325472,2,200
4,0.0,1.0145863,2,20,0.0,1.0148296,2,40,0.0,0.9718607,2,61,0.0009558614,1.0101461,2,95,0.0,0.98228115,2,124,0.0011166816,1.0255399,2,145,0.008077568,1.0168319,2,171,0.002023542,0.9814439,2,200
5,0.0008331327,0.99980414,2,22,0.0008599058,1.0710285,2,42,0.0,1.0402986,2,64,0.0,1.1428518,2,88,0.0,1.1404469,2,108,0.0,1.0940325,3,128,0.0052396725,1.083904,2,152,0.009559578,1.1277758,2,175,0.0021564467,1.149879,0,200
6,0.0021347166,0.9194578,2,20,0.0,0.78737265,2,42,0.052135862,0.7737458,0,62,0.0042764475,0.8081398,0,82,0.0011680594,0.93390244,2,102,0.018151501,0.73210615,2,123,0.0,0.6897544,2,144,0.003109937,0.62182415,2,166,0.032472283,0.90575737,2,200
7,0.026494926,0.91495794,2,22,0.012251263,0.9066595,2,42,0.003460375,1.0020245,2,83,0.0037573387,1.0148823,2,105,0.0,1.0232147,2,150,0.0035393434,1.022675,2,172,0.004282945,1.0061847,0,200
8,0.03947325,0.9011571,2,20,0.016530849,0.90440005,2,40,0.0,0.833032,2,60,0.017942328,0.78302926,2,80,0.015261283,0.76672095,2,100,0.0,0.75020164,2,120,0.019078126,0.63295126,0,140,0.01333504,0.834565,0,160,0.0051781936,0.8708703,2,200
9,0.012618847,1.020115,2,24,0.0055498974,1.0314715,2,46,0.0063785785,1.021957,0,67,0.001217461,1.0347189,2,87,0.0,1.0243961,2,122,0.0008914224,1.099266,2,156,0.004256267,1.0815768,0,176,0.007809078,1.0452952,2,200
10,0.043920733,0.93869907,2,20,0.015910335,0.97281337,2,45,0.014262189,1.0438752,2,72,0.069031194,0.99673194,2,92,0.037385017,0.98877794,2,115,0.0119091,0.9582136,3,139,0.030833982,0.9560939,2,160,0.04725591,0.97075146,2,180,0.030003851,0.95555466,2,200
11,0.0056463056,0.97732687,2,21,0.005292461,1.0049256,2,43,0.004604405,0.98339117,2,63,0.0016708475,0.9478589,2,89,0.0053799027,0.9969675,2,109,0.00143488,1.0179833,2,137,0.0033011523,0.9588623,2,158,0.00016974303,1.0299668,2,200
12,0.0072341044,1.0214884,2,26
13,0.0018210273,1.0155365,2,21
14,0.004725225,0.98120224,2,27
15,0.019604227,0.935695,2,21,0.0074229254,0.8921112,2,41,0.009706652,0.93135417,3,61,0.0,0.9599402,2,83,0.010189344,0.91269505,2,103,0.0,0.99359787,2,123,0.024129603,0.9322438,3,143,0.013491303,1.0056229,2,163,0.012484667,0.93328875,2,200
16,0.0,1.04183,2,22,0.0003808609,0.9658062,2,49
17,0.035646282,0.9345037,2,20,0.037103128,0.818116,2,40,0.013849199,0.84323275,2,61,0.0,0.951901,2,83,0.03999576,0.87982345,0,106,0.08843944,0.8928342,0,126,0.07289538,0.8315747,3,148,0.03660018,0.92582816,3,168,0.005638096,0.7088208,0,200
18,0.008607713,0.9949562,2,20,0.08204885,0.94850636,2,40,0.04084609,0.96739113,2,60,0.07544633,0.94494736,2,80,0.01951776,0.9359226,2,112,0.030014299,0.97519046,2,133,0.0327488,0.9272709,2,153,0.024099713,0.86476594,2,177,0.018556716,0.9170416,2,200
19,0.0,0.9536985,2,20,0.0022189037,0.88471276,2,44,0.0,0.9930394,2,64,0.0,0.9811809,3,86,0.0,0.96823406,3,110,0.030975092,0.944664,3,131,0.04797908,0.9157146,2,151,0.0,0.93065166,2,171,0.0,0.88139176,2,200
20,0.0009734356,1.0252149,2,20,0.0017141214,0.9680287,2,44,0.004615444,1.027551,2,66,0.02182701,1.0400797,0,86,0.0010783906,1.066948,2,108,0.000399358,1.061467,2,130,0.0039334297,1.0748154,2,155,0.0038245805,1.0648278,2,175,0.0,1.1026806,2,200
21,0.02521192,0.88800687,2,20,0.0,0.8425275,2,40,0.0,0.85093963,2,60,0.011348811,0.8042842,0,83
22,0.0033800974,0.95190036,2,20,0.004628217,1.0023355,2,57,0.0016623872,1.1003205,2,97
23,0.000615376,1.0240896,2,22,0.013123503,0.9880377,2,47,0.010614404,1.0854226,2,70,0.0012521765,1.1344345,2,90,0.0,1.1034185,2,120,0.0029021893,1.0779642,2,141,0.008752955,1.0803338,2,161,0.00047862597,1.0845393,2,200
24,0.025880793,1.0174569,2,26,0.0005978357,1.0767403,2,46,0.016627012,1.0864784,2,85
25,0.0031039284,1.011008,2,23,0.000937122,0.92387635,2,45,0.0,0.91538495,3,66,0.0,0.9038621,2,93,0.0,0.97711176,3,116,0.0,0.98668987,2,137,0.006096144,0.95790213,2,157,0.0028662134,0.9918351,2,177,0.0026396415,0.95901376,2,200
26,0.0016676642,1.0009166,2,20,9.459281e-05,1.0934224,2,43,0.0053809816,1.065542,2,64,0.0,1.1210766,3,86,0.0006552653,1.0729172,3,106,0.010745888,1.1380031,3,126,0.0,1.0737493,2,146,0.00046034867,1.1229283,2,168,0.009040646,1.105227,2,200
27,0.014681233,0.9203046,2,20,0.0067087957,0.9580439,2,41,0.016549144,0.9657819,2,67,0.009345826,1.0741615,2,91,0.016086375,1.0146573,2,114,0.00742635,1.0490216,2,134,0.0023580878,1.046054,3,156,0.006007953,1.0849006,2,177,0.005252996,1.0108572,2,200
28,0.0011132034,1.0408647,2,20,0.0052474393,1.0230261,3,40,0.0,1.0238118,2,64,0.0,1.0471697,3,86,0.0004784683,1.0297275,2,112,0.007651289,1.0068817,2,132,0.0,1.006118,2,152,0.0022003031,0.9693764,2,172,0.0011733914,0.9937374,2,200
29,0.007033226,0.9356052,2,22,0.026156897,0.9567548,2,42,0.00436332,0.9738448,0,63,0.0084783835,0.91189164,2,83,0.019105721,0.91426265,2,104,0.014303602,0.90442413,2,125,0.010697906,1.0031316,2,200
30,0.005314293,1.0453749,2,20,0.05131652,0.94614905,2,40,0.021755219,0.92368793,2,64,0.012957459,0.8784083,2,90,0.012191816,0.94937146,2,117,0.0022460325,0.94033587,3,152,0.0068048052,0.961968,2,179,0.0024864424,0.94340694,2,200
31,0.016075244,0.9870639,2,24,0.0043006083,1.03878,2,44,0.00046071562,1.0388384,2,65,0.0021079464,1.0162907,2,89,0.008209851,1.0554974,2,109,0.004389327,1.0622954,2,143,0.0,1.0872066,2,163,0.0038044446,1.0822662,2,200
32,0.02624619,0.90564346,2,20,0.012027733,0.85539365,2,41,0.0,0.7881249,2,62,0.0115251485,0.95439017,2,82,0.0066314586,0.91100115,2,105,0.026397318,0.98340786,0,125,0.03464776,1.0388938,2,147,0.032954633,0.93358696,0,167,0.035378583,0.928616,2,200
33,0.0,1.0454533,2,20,0.002330484,0.97451836,2,48,4.959916e-05,0.9732663,2,74,0.0,0.9845392,2,94,0.011940735,0.95264596,2,114,0.005493337,0.9344185,2,138,0.0044578724,1.0220838,2,158,0.00247582,0.9935088,2,200
34,0.0045124404,0.9969032,2,21,0.019031893,0.9552828,2,41,0.0169103,0.9765166,2,62,0.003944668,0.9685508,2,82,0.034032732,0.95099646,2,107
35,0.0065337815,0.97479564,2,27
36,0.010976225,0.9651889,2,31
37,0.011302981,0.9929301,2,20,0.0,1.0183046,2,40,0.0016655439,1.0606084,2,69,0.0,1.0576125,2,105,0.0,1.089731,2,125,0.0029990326,1.0918977,2,146,8.243591e-05,1.0950934,2,180,0.0,1.1064969,2,200
38,0.021819614,0.9591267,2,21,0.013174007,1.0140283,2,41,0.0,0.9488832,2,61,0.0,1.0473912,3,84,0.0,1.0505238,2,104,0.0,0.98820657,2,124,0.0,1.0424024,3,145,0.0,1.0825201,3,166,0.007182462,0.9567181,2,200
39,0.02383862,0.88471895,2,22,0.014835431,0.90526783,2,43
40,0.01652568,0.97298163,2,20,0.00606236,0.8856598,2,41,0.0,0.9265343,2,61,0.01711094,0.8453146,2,81,0.009506115,0.89711905,2,114,0.011127305,0.83967054,2,134,0.0,0.9411187,2,154,0.024250522,0.9405409,2,174,0.021094343,0.8030793,2,200
41,0.0,0.8118627,2,22,0.018922597,0.7494904,2,42,0.0027094423,0.643093,2,64,0.0,0.5494417,1,84,0.0,0.56678843,2,105,0.0,0.4008022,1,126,0.0,0.37533575,1,146,0.0,0.4293321,2,166,0.0,0.61221784,2,200
42,0.0046880064,1.0141166,2,32
43,0.0,0.93314755,2,20,0.0061691236,0.93995535,2,40,0.0,0.9052592,2,61,0.00034532102,0.9727655,2,82,0.032749936,0.8703667,2,103,0.01106219,0.9435885,2,138
44,0.0032692226,0.99944687,2,21,2.8074615e-05,0.9687804,2,48,0.0,0.94820386,3,69,0.0,0.9142192,2,89,0.0017181482,0.91853315,2,109,0.0,0.9650748,2,132,0.0,0.94354975,3,154,0.0,0.958096,2,177,1.0330392e-05,0.9629163,3,200
45,0.01684625,0.97606295,2,21,0.003856734,0.9081453,2,41,0.008613365,0.9734406,2,69,0.013955158,1.020636,2,92,0.006082554,1.1018033,2,112,0.015451101,1.0616345,2,132,0.0,1.0925826,2,156,0.011442749,1.0906504,2,177,0.0055686287,1.0596267,2,200
46,0.00959314,1.0247405,2,21,0.0,0.99663115,2,41,0.0,1.0593884,2,70,0.0,1.0658574,2,91,0.0,1.0837123,2,111,0.0,1.0759984,2,137,0.0,1.0238823,2,175,0.018520774,1.0007734,2,200
47,0.011242982,0.96015227,2,20,0.021719493,0.92869514,2,50,0.007593013,0.9479219,2,80
48,0.0,1.0275782,2,20,0.002513967,0.9506084,2,47
49,0.0,1.0180645,2,35,0.0005685033,1.0417733,2,55,0.0,1.0423431,2,90
