0,0.0,0.8864886,3,20,0.0,0.9238593,2,41
1,0.03650729,0.94995546,2,21,0.011713355,1.009694,2,60
2,0.009104145,0.96418196,2,28
3,0.009757473,0.94820774,2,20,0.0031736773,0.8946077,2,41,0.016227027,0.8892401,2,62,0.017616061,0.90406466,2,86,0.0068697366,1.0004171,2,164,0.045500476,0.9236157,2,200
4,0.015356452,0.9613185,2,23,0.023997206,0.96931183,2,43,0.029559022,0.9093026,2,63,0.014375147,1.0116522,2,86,0.015244593,0.9020302,2,107,0.0073315315,0.95735157,2,127,0.007995649,0.97959375,2,147,0.007572358,0.91335833,2,167,0.0006395886,0.9367026,2,200
5,0.0,1.0232649,2,26,0.0015577878,1.0184382,2,67,0.0040725935,1.038027,2,89,0.018603459,0.9772628,2,114,0.008305518,0.9534234,2,134,0.022005703,0.88674766,2,155,0.1099067,0.90033144,2,177,0.037050553,0.9231039,0,200
6,0.024317782,0.9042184,2,20,0.0,0.9453874,2,41,0.07049426,0.81650716,2,62,0.0017582731,0.85105133,2,82,0.0,0.9538544,2,102,0.0,0.8426151,2,122,0.082845375,0.74096966,2,142,0.0,0.8489734,0,162,0.13649043,0.6860368,2,200
7,0.015417124,0.7597617,2,21,0.0,0.77670497,2,41,0.0,0.7058148,2,61,0.0034051866,0.76583433,1,81,0.0,1.0410227,2,101,0.0,0.9930142,2,121,0.0,0.85893834,0,141,0.0,0.71060425,0,166,0.008464631,0.49867687,0,200
8,0.0,0.94243115,2,20,0.0017948921,0.8956283,2,40,0.031106133,0.931183,2,60,0.0072730393,0.9152574,2,82,0.0,0.8222858,2,102,0.011318687,0.7922495,2,122,0.007785863,0.891914,2,142,0.02070659,0.82099545,2,162,0.017753592,0.8649017,2,200
9,0.0,0.9679052,2,20,0.003158234,0.8496456,2,40,0.0020241635,1.0327481,2,62,0.0,1.0474181,2,82,0.0,1.0891666,3,102,0.00039656382,1.1178371,3,123,8.9379144e-05,1.1332364,3,155,0.0,1.1566879,3,175,0.0,1.116388,2,200
10,0.046054326,0.89515716,2,20,0.0,0.81373346,2,40,0.013336362,0.83991164,2,68
11,0.011032055,0.9649453,2,35
12,0.006200156,0.923866,3,20,0.0053784163,0.8730323,2,40,0.013095704,0.9373962,2,60,0.041805264,0.9528598,2,87
13,0.0055478034,0.9574564,2,22,0.05105179,0.9796796,3,43,0.026476901,0.9549831,2,69,0.003446726,0.9774754,2,91,0.038111854,0.97702557,2,114,0.037819847,0.8961781,2,135,0.033122715,0.9300459,2,158,0.08276819,0.93749344,3,179,0.03271828,0.9278433,2,200
14,0.020782327,0.9338375,2,30
15,0.0011037819,0.91906214,2,20,0.015539998,0.9475589,2,40,0.0035869102,0.8906167,2,60,0.0026920163,0.90115833,2,80,0.042749293,0.76388615,0,101,0.03532392,0.7262372,2,122,0.0007862919,0.9183048,0,142,0.0,0.8971834,0,162,0.0031891682,0.8411375,0,200
16,0.012568261,0.93176174,2,20,0.009166812,0.9720957,2,51,0.0,1.1046317,2,85,0.0,1.093367,2,109,0.0,1.0933363,2,131,0.0,1.1246598,0,153,0.0,1.1030508,0,177,0.0,1.0342665,2,200
17,0.032834787,0.94341433,2,20,0.042583965,0.94752693,2,40,0.0013333163,0.8324126,2,60,0.013871193,0.9870878,2,87,0.0,1.0620139,2,107,0.0,1.102131,2,135,0.0,1.0894917,2,157,0.0026933616,1.1602844,2,200
18,0.008657324,1.0313324,2,20,0.0,0.9979537,2,44,0.019260138,1.0211002,2,66,0.004187559,0.98478526,2,86,0.0,0.988901,2,106,0.014124547,1.0365235,2,130,0.039718486,0.96408445,2,150,0.008040116,1.0680705,2,200
19,0.0,1.0442537,2,22,0.006235492,0.9857288,2,45,0.014517636,0.96394455,2,72,0.013646631,0.9600067,2,108,0.0083346525,0.9371077,2,131,0.0,0.82770544,2,156,0.0,0.70744115,2,176,0.010418233,0.6980284,2,200
20,0.021625921,0.95285356,2,20,0.0116386665,0.87200457,2,41,0.0,0.91102827,2,63,0.1760907,0.83817834,2,83,0.09055308,0.87260836,2,103,0.05875834,0.88510627,0,123,0.044240896,0.912409,2,145,0.028166624,0.8514964,2,166,0.07838707,0.9411634,2,200
21,0.0042317896,0.95097053,2,20,0.02769058,1.0125389,2,44,0.008949872,0.9737165,2,70,0.0009783962,1.02634,2,92,0.009870352,1.015602,2,114,0.0012827573,1.0525151,2,153
22,0.0032561223,0.9780069,2,21,0.00066504686,0.96674067,2,44,0.0054416843,0.92169154,2,64,0.022399675,0.9258601,2,84,0.002451855,0.9528732,2,108,0.0,0.94201744,2,129,0.0,0.9919177,2,149,0.0028389783,0.9408238,2,187
23,0.012552977,1.0065037,2,20,0.013049722,0.99775255,2,40,0.014015238,1.0440754,2,64,0.028244082,0.9806529,2,85,0.013370295,1.0149783,2,108,0.016838301,0.98555106,2,149,0.010590093,1.0224835,2,200
24,0.0,1.0709624,2,27,0.0,0.9510527,2,48,0.0,0.97439027,2,70,0.007325261,0.9570013,2,90,0.0,0.9855404,2,110,0.0,0.8801278,2,130,0.044280536,0.8519996,2,151,0.004936367,0.96242285,2,174
25,0.004454234,1.002441,2,21,0.008215188,0.92553365,2,53
26,0.00057174376,0.9865778,2,29,0.017344762,0.91162896,2,52,0.018357748,0.90542674,2,74,0.014745862,0.97867054,2,101,0.004840168,0.94032604,2,121,0.027805407,0.97777206,2,141,0.0,0.9492682,2,161,0.0111976415,0.96894467,2,200
27,0.017726349,0.94330454,2,20,0.011060638,0.92919654,2,40,0.025207624,0.91665554,2,60,0.019472618,0.89991105,2,80,0.0032281121,0.9031142,2,106,0.0,0.9534957,2,127,0.0012723875,1.0162805,2,151,0.0033696168,1.1332515,2,171,0.0028138077,1.1078303,2,200
28,0.009119421,0.8434827,2,21,0.03576261,0.5804479,0,41,0.0076969843,0.48044854,2,64,0.0,0.73461807,0,85,0.0019264168,0.33829972,0,110,0.021586478,0.22060162,0,132,0.0,0.08620811,0,154,0.0,0.14787747,0,174,0.51263034,0.094143875,2,200
29,0.0,1.0144105,2,29,0.0,1.0462881,2,53,0.0,0.9896277,2,79,0.0,1.0125768,2,99,0.0,1.00879,2,122,0.0,1.0934935,0,149,0.0,1.0590327,2,169,0.0,1.0512196,2,200
30,0.011531379,0.9635226,2,20,0.0025092992,1.0340995,2,64,0.005824296,1.0054154,2,93,0.0,1.0485928,2,123,0.0009023802,1.0333622,2,161,0.0,1.0665566,2,197
31,0.0,0.9641305,2,20,0.033879124,0.87674826,2,40,0.034642164,0.88991386,2,61,0.010948589,0.9286227,2,84,0.007771351,0.70892286,2,105,0.0,0.6428121,2,126,0.0,0.64275163,2,155
32,0.008496857,0.994611,2,26
33,0.0,1.0006493,2,20,0.0,1.0393994,2,42
34,0.0,0.8690084,2,20,0.0016471988,0.8281023,2,41,0.0,0.87244046,3,61,0.00384527,0.80546474,2,81,0.028646702,0.8669717,2,101,0.0060814633,0.93103874,2,124,0.034093715,0.7876422,2,144,0.06380345,0.7981305,2,164,0.0,0.77200055,2,200
35,0.0,1.0303141,2,21,0.0042288904,0.9892717,2,45,0.0,0.984966,2,65,0.002930441,1.094074,2,85,0.006896148,1.012589,2,109,0.0,1.0307287,2,129,0.0,1.024576,2,150,0.0,1.1052657,0,170,0.001875937,1.0668727,2,200
36,0.022331003,0.90682995,2,21,0.0061660996,0.9788972,2,41,0.009379598,1.0133761,2,89,0.0,1.0707338,2,109,0.0,1.0559504,2,149,0.0034906692,1.0084733,2,181
37,0.0016560325,1.0454537,2,32,0.0,1.0692888,2,55,0.000939722,1.0746579,2,77,0.0,1.0166415,2,99,0.0,1.0738325,2,119,0.0,1.0498445,2,145,0.0011360415,1.0879371,2,175,0.011082648,1.0743119,2,200
38,0.006094122,0.96387357,3,20,0.009694193,0.9567569,2,41,0.0,0.96602315,2,61,0.008803103,0.8847583,2,81,0.0051416634,0.79294044,2,102,0.010755136,0.8714494,2,123,0.024906939,0.9477989,2,143,0.020898854,0.8956981,2,163,0.018260501,0.9473673,2,200
39,0.014766243,0.9662184,2,29
40,0.007326576,0.8990433,2,22,0.0,0.90597105,2,42,0.07630968,0.91797477,2,72
41,0.0,1.0067003,2,20,0.009868008,0.9544491,2,66,0.00859458,0.9810402,2,109,0.038151264,0.97322,2,129,0.012360536,0.93456733,2,150,0.00026523627,0.9734411,2,172,0.010107662,0.9602435,2,200
42,0.015485069,0.93288624,2,20,0.0,0.97621524,2,40,0.011330289,0.9226982,2,60,0.011586093,0.93280554,2,80,0.00861326,0.90549964,2,100,0.0,0.9447945,2,120,0.0134081505,0.9362741,2,142,0.057517335,0.9237263,2,163,0.06303792,0.9351486,2,200
43,0.0036250625,0.9561518,2,23,0.018948087,1.0389105,2,48
44,0.024965595,0.8558661,2,20,0.039831523,0.8856745,2,40,0.03071658,0.87431717,2,60,0.020710995,0.8411436,2,99
45,0.017707553,0.9312071,2,21,0.0,0.94880545,2,47,0.018943084,0.9064509,2,71,0.0063089565,0.9151289,2,91,0.025827873,0.8053443,2,111,0.006021023,0.7399089,2,131,0.0,0.5126326,2,152,0.0065099634,0.46645963,2,177,0.010536583,0.4701212,2,200
