0,0.0217381,0.9324915,2,21,0.018526303,1.0180448,0,41,0.09092016,0.99497694,3,63,0.08165701,1.0296797,3,86,0.0032157688,1.0244695,3,106,0.019459626,0.9545997,2,127,0.027822506,0.9291876,2,147,0.0075477934,1.0625296,3,171,0.045298662,0.87554216,2,200
1,0.009442849,0.93696195,2,25,0.010350614,0.963237,2,45,0.0,0.98317546,2,65,0.0,1.0121783,2,87,0.0060606226,0.9788627,2,111,0.0070388885,0.9608326,2,133,0.0035783332,1.027564,2,157,0.00581578,1.0298896,2,179,0.0054805195,0.89272517,2,200
2,0.0,1.059346,2,33,0.0,1.0654898,2,66,0.0051776385,1.0532086,2,98,0.00021738639,1.0033908,2,119,0.0,1.0496594,2,139,0.0,1.0666239,2,160,0.0,1.0554905,2,200
3,0.01849465,0.9022182,2,21
4,0.0125223845,0.9110087,2,20,0.0076665403,0.9834119,2,41,0.018183764,0.9814738,2,61,0.022417735,0.81517446,2,84
5,0.003023461,0.9516641,2,29
6,0.0,1.0550199,2,20,0.0010709417,1.0581841,2,59
7,0.0,1.0670453,2,34,0.0,1.0970916,2,58,0.0,1.0620276,2,91,0.0,1.0552844,2,116
8,0.0013557029,0.9631837,2,28,0.016429063,0.94283617,2,48,0.017295865,0.85764045,2,68,0.0,0.97505313,2,101,0.0,1.0191562,2,131,0.0,0.9702733,2,151,0.0008646339,1.0057249,2,200
9,0.009025676,1.0161479,2,20,0.03122425,0.9087676,2,40
10,0.0027813837,0.99167717,2,20,0.0031921603,0.9045571,2,57
11,0.0,1.0004804,2,22,0.0116053745,0.95100164,2,45
12,0.002942705,1.0382875,2,35
13,0.013710045,1.0084537,2,23,0.013145837,0.9820164,2,43,0.023083778,0.8837209,2,63,0.0,0.9049526,2,91,0.028759023,0.93551695,2,111,0.0153645305,0.92036754,2,131,0.045518957,0.9108244,3,151,0.057167865,0.94136584,2,171,0.08408347,0.8491588,2,200
14,0.021635711,1.034199,2,20,0.020673947,1.0266085,2,41,0.005614483,1.0543548,2,61,0.0016702102,0.99093664,2,83,0.000904738,1.0342697,2,103,0.007114989,1.0035361,2,123,0.0,1.0232749,2,143,0.009997467,1.0285633,2,163,0.009073026,1.0236957,2,200
15,0.002909134,0.9360987,2,20,0.03810536,0.920501,2,46
16,0.003075883,1.0290599,2,31
17,0.013161492,1.0027084,2,21,0.0,0.97948617,2,51,0.016554166,0.87645787,2,71,0.0012371285,0.92639226,2,92,0.0060565895,0.9364915,2,112
18,0.014816021,0.9442609,2,21,0.018044926,1.0049348,0,42,0.04655991,0.95207226,2,70,0.03702429,0.9447819,2,110,0.07666626,0.9436584,2,153,0.033133753,0.9479803,2,173,0.030609593,1.0096673,2,200
19,0.008707287,0.9810761,2,28
20,0.016452817,0.98368514,3,20,0.016519895,1.0024625,3,42,0.0039377944,0.93548125,0,62,0.01147682,0.95311326,0,82,0.0,0.8638176,2,102,0.012468256,0.8983658,2,140
21,0.007284209,0.8265449,2,20,0.008696197,0.8745446,2,41,0.078922935,0.8676908,2,68,0.048146997,0.9201902,2,90,0.067737475,0.9755429,2,111,0.051915076,0.92074,2,139,0.10466485,1.0047121,2,159,0.11597009,0.92416745,2,180,0.08640556,0.98757267,2,200
22,0.014886314,0.9901102,2,21,0.018953346,1.0090134,2,41,0.0015309555,0.79859006,2,61,0.0038344753,0.91237384,2,82,0.018896755,0.8144577,2,104,0.009159209,0.87325716,2,125,0.026040895,0.93536395,2,147,0.044834808,0.7635273,2,169,0.017517254,0.82007384,2,200
23,7.794895e-05,1.0323541,2,21,0.0,1.1273533,2,41,0.0,1.107965,2,65,0.0016737239,1.0300789,0,85,0.0,1.0094519,2,119,0.0,1.0778697,2,145,0.0,1.1108989,2,166,0.002092285,1.090547,0,200
24,0.0,0.9053387,2,23,0.0,0.77872187,2,45,0.0,0.62877136,2,79,0.0,0.58934915,2,99,0.0,0.6858853,2,122,0.0,0.54789686,2,143,0.0,0.49176356,2,164,0.00784282,0.77299243,2,200
25,0.00077462144,0.96726364,2,30
26,0.0,1.069205,2,20
27,0.02869099,0.8400392,2,36
28,0.004295822,1.0687009,2,22,0.0095411325,1.0168028,2,73,0.00068327965,1.0159701,2,100,0.0,1.0469581,2,127,0.0078033134,1.0738475,2,155
29,0.009736985,0.76225096,3,20,0.025919538,0.8290866,2,40,0.0,0.7928754,2,61,0.0,0.9332505,2,93,0.0,0.9175464,2,114,0.0018362328,0.8360299,2,142
30,0.005339372,0.9183097,2,20,0.037698943,0.8935622,2,41,0.017488223,0.8901391,2,61,0.04318902,0.9182164,2,82,0.026899356,0.9931138,3,102,0.025778478,1.0620269,2,122,0.029126657,0.9860368,2,146,0.08744682,0.99448425,3,166,0.046570193,0.9231179,2,200
31,0.006262829,0.90227145,2,20,0.009390573,0.91281235,0,41,0.015589991,0.9065432,3,63,0.0063305744,0.9552363,3,83,0.01876806,1.040517,3,104,0.010683952,1.2283759,3,125,0.026590157,0.8449856,2,147,7.3617055e-05,0.84586525,3,168,0.01051541,0.92775226,2,200
32,0.051933914,0.9505184,2,20,0.021948537,0.9155976,2,41,0.061706163,0.85941935,2,61,0.020390235,0.7679895,2,83,0.0,0.69823164,2,103,0.0,0.72077686,0,124,0.0056139706,0.32185835,0,144,0.0,0.26177847,2,166,0.121658385,0.3388308,2,200
33,0.025365982,0.8508043,2,20,0.0,0.7037925,2,40,0.0074252165,0.88461125,2,60,0.0,0.8394703,2,96
34,0.01864539,0.8330614,2,21,0.008618183,0.8313422,3,42,0.0,0.9039628,0,62,0.07380706,0.6197577,0,82,0.1116366,0.4592916,2,102
35,0.010973012,1.0231179,2,20,0.014007963,1.074592,2,40,0.0,1.082155,2,60,0.0,1.0265987,0,80,0.0018726854,1.0740811,2,104,0.011219118,1.0405902,0,127,0.0,1.0719131,2,147,0.0,1.0838622,2,167,0.0018563655,1.1021619,2,200
36,0.0037703102,0.9686814,2,26,0.0042871838,0.948852,2,63,0.0,0.9293389,2,99,0.0,0.87542516,2,119,0.0,1.016589,2,140,0.0012557396,0.87203735,2,169,0.007916438,0.9025052,2,200
37,0.019977082,0.81950253,2,20,0.0,0.8830922,2,41,0.0,0.778759,2,61,0.036133606,0.68676335,1,98
38,0.013983177,0.97409594,2,26,0.018026566,0.92739433,2,47,0.0,0.98258126,2,67,0.0,0.9267433,2,87,0.0,0.80862206,2,107,0.0,0.9309337,2,128,0.0,0.80532724,2,148,0.002194039,0.7056171,2,168,0.031232573,0.9064834,2,200
39,0.009883983,1.0186365,2,23,0.0484525,0.96495897,2,47,0.0028658279,0.99728763,2,67,0.0047711497,1.0174073,2,87,0.007622509,1.0254368,2,107,0.0,0.9538484,2,128,0.0,1.0380521,2,149,0.10262805,1.0026758,0,169,0.02915497,0.9573631,2,200
40,0.05461935,0.9091517,2,20,0.025460714,0.95373935,2,40,0.0,0.946863,2,61,0.029467862,0.9164893,2,81,0.0007854942,1.0497428,0,101,0.0,1.0637105,3,123,0.00055642833,1.073464,3,145,0.0,1.143463,0,166,0.0038575118,1.1319954,2,200
41,0.011907625,0.8417392,2,20,0.008621967,0.82445765,0,40,0.0,0.8571722,0,60,0.004827302,0.72426456,0,80,0.040592857,0.78903323,0,100,0.006181924,0.747682,0,120,0.05944256,0.76875454,2,156
42,0.0088074105,1.0155541,2,20,0.0,1.0329939,2,41,0.013864008,0.90089214,2,61,0.0011131205,0.9793155,2,82,0.009490739,0.9167193,2,103,0.036934685,0.9213819,2,124,0.0,0.88625336,2,144,0.022712316,0.99485415,2,164,0.036918577,0.9703624,2,200
43,0.010430502,0.8670899,2,20,0.0012978755,0.8646121,2,40,0.024994032,0.91760343,2,61,0.009917054,0.9429942,2,84
44,0.019868918,0.9158957,2,32
