0,0.0027069387,1.0411584,2,20,0.003631585,0.99724925,2,40,0.00052461796,1.0146129,2,65,0.0,1.0144935,3,86,0.0,0.95290226,2,108,0.0,1.0223753,2,134,0.0052277944,0.99259865,2,154,3.109143e-05,0.9951334,2,178,0.0,0.95599484,2,200
1,0.017494362,0.99824864,2,32
2,0.0010109232,0.97029644,2,41
3,0.007010736,0.9520494,2,21
4,0.013195257,1.0400226,2,24,0.009961957,1.0146929,2,44,0.0,1.0309333,2,66,0.005819559,1.008738,2,120,0.0,0.97461945,0,141,0.00012098157,1.0414567,2,172,0.00392062,1.0356762,2,200
5,0.0017718324,0.95843226,2,25
6,0.017782122,0.9313728,2,20,0.0006730876,0.8605258,2,40,0.037354574,0.9154439,2,61
7,0.0146071855,0.93097126,2,26
8,0.01649014,0.923248,2,21,0.0058672065,0.80516404,0,41,0.026196992,0.94800586,2,61,0.0,1.0390044,2,81,0.0,1.038363,2,102,0.0,1.0098999,2,132,0.0011930406,0.9443315,2,152,0.0,0.9755767,2,173,0.005430422,1.0161159,2,200
9,0.0033336808,0.8291748,2,20,0.022576079,0.95968086,2,41,0.0,0.8743224,2,61,0.02163731,0.74359053,2,81,0.0036320281,0.8660367,2,101,0.013773192,0.86273986,3,122,0.0,1.1403043,2,143,0.0007133198,0.83147776,3,163,0.022914575,0.8617428,2,200
10,0.0038676325,1.0294442,2,21,0.0075140377,1.0473015,2,42,0.017854203,1.0211474,2,62,0.0028139781,1.0526621,2,82,0.0,1.1037099,2,103,0.011946204,1.027996,2,128,0.0047729393,1.0359023,2,148,5.9633312e-05,1.0471282,2,171,0.007876582,1.0490395,2,200
11,0.0086158635,0.9784355,2,20,0.020930298,0.92248046,3,41,0.0,0.7873081,2,62,0.0,0.8480277,2,82,0.0075833583,0.7074384,2,103,0.0,0.9874932,2,123,0.0,0.8750836,2,143,0.0,0.7803312,2,163,0.00020969528,0.6352037,2,200
12,0.013602177,0.9736349,2,20,0.0020270548,1.0111964,2,40,0.0229985,0.99829537,2,61,0.0025451707,0.99689734,2,91,5.3242966e-05,1.0409673,2,116,0.0,1.0140524,2,154,0.011154087,1.0386946,2,174,0.0047551324,1.0207145,2,200
13,0.015019154,0.9233904,2,20,0.0179753,0.8026937,2,48
14,0.0013687478,0.9820155,2,20,0.0,0.9735737,2,40,0.00945605,0.9280736,2,60,0.0,0.96350855,2,82,0.0018497047,0.899665,2,102,0.0037593592,0.96674395,2,122,0.0,0.9509962,2,168,0.0,0.9854684,2,200
15,0.0030483252,0.85988337,2,21,0.008189382,0.76600426,2,41,0.08323888,0.724696,2,61,0.110488996,0.7135838,0,81,0.0,0.5936186,0,101,0.06806258,0.47228867,2,121,0.0,0.68164825,0,142,0.031300995,0.54253995,2,177
16,0.0402824,0.90681213,2,21,0.0045167296,0.93897676,2,41,0.0043589324,0.9685942,2,61,0.0031687126,0.9381687,2,81,0.0,0.84457475,2,101,0.0,0.73382103,2,127,0.0,0.6612856,2,148,0.014139069,0.73506045,2,169,0.008829605,0.82438517,2,200
17,0.03310077,0.9628703,2,20,0.0023065435,1.073973,2,54,0.0014094767,1.1176107,2,76,0.0016188755,1.0878886,2,124,0.0,1.0989047,2,145,0.0006294384,1.0774632,2,200
18,0.0028845498,0.9793743,2,20,0.024978507,0.8712956,2,42,0.0,0.8982571,2,62,0.0029087013,0.93131083,2,82,0.0,0.8206324,3,103,0.00063489896,0.8573563,2,124,0.0040482976,0.93940985,2,144,0.0,1.0460814,2,172,0.0,0.9528251,2,200
19,0.0072627487,0.9323197,2,30
20,0.027346075,0.96477413,2,20
21,0.0141436,0.8720707,2,22,0.025400931,0.84686565,2,42,0.018588418,0.85486305,3,63,0.01439435,0.8961469,2,83,0.004102592,0.75191206,2,105,0.0014164329,0.81315386,2,125,0.011332625,0.9125874,2,147,0.0,0.8663253,2,170,0.010370025,0.92748874,2,200
22,0.0,0.78585565,0,20,0.052706353,0.78341234,2,40,0.026745964,0.71544826,2,60,0.020215604,0.632086,2,81,0.000105824416,0.39237365,2,101,0.0,0.6456084,1,121,0.017107315,0.5966531,1,159
23,0.016112749,0.86846095,2,20,0.009368238,0.96226084,2,40,0.0,0.9763541,2,60,0.0,0.92955554,2,81,0.0,0.9761983,0,101,0.007118511,0.8314093,2,121,0.0,1.0253661,0,143,0.0,0.9318721,0,164,0.034933627,0.8415889,0,200
24,0.0032552623,1.0280588,2,20
25,0.004320941,0.97183573,2,30
26,0.0025660435,0.8051499,2,20,0.023865474,0.81131124,2,48
27,0.00058215734,0.91096467,2,20,0.03475984,0.9426691,2,42,0.0,0.9298971,2,62,0.0,1.0161009,2,83,0.0010750982,1.0168417,0,103,0.00018294535,1.01764,2,129,0.0,0.98225516,2,153,0.0,1.0447894,2,175,0.0,1.041635,2,200
28,0.028707445,0.8393011,2,20,0.014350364,0.85558194,2,40,0.00067116006,0.6884302,2,73
29,0.006404705,0.7171401,2,21,0.023899725,0.8163341,2,42,0.022920663,0.7285348,2,62,0.010452981,0.613024,0,83,0.010298804,0.6084022,0,103,0.0076614413,0.56601983,0,127,0.0,0.38383335,2,147,0.0,0.6687022,0,167,0.03406655,0.3394644,2,200
30,0.005406151,1.0174866,2,20,0.006590414,0.9897216,2,41,0.00043466492,1.0177925,2,61,0.00036978303,1.0321889,2,81,0.004274115,1.019182,2,108,0.0021179165,1.0347782,2,129,0.005375547,1.1123254,2,149,0.0005986979,1.0860859,2,173,0.0,1.0852059,2,200
31,0.0069878735,1.0235283,2,20,0.0062275105,1.0380404,2,41,0.0,1.0047178,2,61,0.0020894422,1.006012,0,81,0.0,1.0385727,2,107,0.0,0.9889478,0,128,0.0009391755,1.0209727,2,179,0.004770413,0.98603576,2,200
