0,0.0053253938,1.0241141,2,38
1,0.007028284,0.95000887,3,25,0.0,0.92932665,2,48,0.0,1.0035312,2,68,0.0,0.95134574,2,88,0.0,1.0051628,2,118,0.0,0.8759336,2,144,0.0,1.0637753,2,169,0.004166392,0.9185124,2,200
2,0.011203988,0.8892753,2,21,0.019864684,0.9664211,2,44,0.0063351677,0.8768131,2,64,0.0015309014,0.97002804,2,92,0.019092293,0.9229804,2,117,0.0037994043,0.9107191,2,137,0.03228802,0.9498574,2,162,0.01651594,0.9833562,2,200
3,0.0034144237,1.0183276,2,20,0.0141622955,1.082187,2,55,0.0,1.0871713,2,75,0.0007980463,1.1597282,2,95,0.007193758,1.0963237,2,115
4,0.0,1.044686,2,24,0.0004637915,1.1704302,3,47,0.0,1.2032971,0,79,0.005275034,1.1532305,3,103,0.0035323233,1.190267,0,123,0.0007178167,1.1925875,3,147,0.0004606351,1.1480356,0,186
5,0.0037021828,0.99151003,0,21,0.019054374,0.9068984,2,47,0.0312399,0.7815174,2,67,0.0,0.6749802,2,93,0.0,0.71794224,2,115,0.0,0.66389513,2,140,0.0,0.5297354,2,164,0.006491064,0.6659984,2,200
6,0.012363117,0.8117778,2,20,0.0016378075,0.8155693,2,40,0.060459353,0.8603393,2,60,0.0,0.94804794,2,81,0.0,0.8613013,2,107,0.020077558,0.8847253,2,131,0.070066884,0.9450583,2,167
7,0.016868034,0.9593925,2,27
8,0.0013324734,1.0319209,2,24
9,0.020461295,0.97784674,2,22
10,0.0024533847,0.9972247,2,21,0.0,1.1078371,0,41,8.6334534e-05,1.1145194,2,69,0.0,1.1081065,0,89,0.0,1.1139787,2,109,0.0016580508,1.0874237,2,134
11,0.010711375,0.91599894,2,20,0.010634941,0.83763975,2,43,0.0048671504,0.93908143,2,69,0.00020408757,0.9587596,2,100,0.0017733262,0.97443426,2,122,0.0,0.94276994,2,148,0.0063515455,0.9420331,2,174,0.01581606,0.94467,2,200
12,0.0034721456,0.8598759,2,33
13,0.0021390433,1.047139,2,22,0.0,1.0200118,3,43,0.0027853132,1.0847808,2,63,0.0053704916,1.0684859,3,83,0.0022635823,1.0943046,2,105,0.0,1.0697631,3,125,0.009887475,1.0717375,2,145,0.0,1.0042666,2,168,0.00056799897,1.037232,2,200
14,0.0,0.9586479,2,23,0.0,0.9615363,2,43,0.0061400523,1.0205885,3,64,0.0,1.0125583,2,87,0.0007374033,0.94015646,3,107,0.0,1.0134753,3,130,0.0005145942,0.96007925,2,159
15,0.027664866,0.87175953,2,20,0.004478495,0.7536615,2,42,0.039751545,0.6640208,2,64,0.0,0.71256864,2,92,0.0,0.68931663,2,112,0.0,0.79926336,2,133,0.015617281,0.71198195,2,171
16,0.011123033,0.797083,2,20,0.015896272,0.9722223,2,40,0.0,1.0739532,2,60,0.0,0.91584396,2,80,0.0,0.9873072,0,100,0.0,0.7617718,2,120,0.0,0.86492527,0,141,0.0,0.6617254,2,162,0.032995977,0.52842855,0,185
17,0.0017836255,1.0520394,2,20,0.0077519407,1.0046809,2,46,0.0,1.0223539,2,67,0.026862808,1.0067734,2,92,0.00049392093,1.0030013,2,139,0.0,1.0966326,2,170,0.0,1.1085323,2,200
18,0.007342901,0.8818205,2,21,0.0,0.9022168,2,46,0.02723578,0.92294586,2,66,0.0,0.92192715,2,86,0.033353467,0.58628833,2,125
19,0.00066191197,0.9690447,2,37
20,0.011112601,1.0254884,2,21
21,7.447554e-05,0.89170426,2,20,0.041407984,0.81496334,2,40,0.04387556,0.7704272,2,60,0.0028063967,0.73400414,0,80,0.030758003,0.69439805,2,100,0.053517044,0.6655308,0,120,0.025901448,0.61508036,0,141,0.013797427,0.6528811,0,163,0.06702554,0.7499429,0,200
22,0.015143867,1.0182998,2,26,0.047696996,0.94874305,2,50,0.054589022,0.9395318,2,70,0.005309443,0.9066678,2,90,0.007025407,0.9488504,2,112,0.0857674,0.94939417,2,140,0.05849409,0.9273252,2,161,0.04756091,0.9223923,2,200
23,0.0028866965,1.0470219,2,36,0.0116087105,1.0233243,2,69,0.019040788,1.0361269,2,100,0.014098159,1.0067638,2,121,0.0,1.0292194,2,144,0.00011109402,1.1077898,0,164,0.0,1.07197,2,200
24,0.008633448,1.0554994,2,20,0.0,1.040672,2,43,0.009615808,1.031757,2,91,0.008634795,0.98707086,2,115,0.0015763881,1.0202891,2,136,0.0,1.0197204,2,156,0.0,1.051468,2,200
25,0.0050704246,0.9658751,2,21,0.06521789,0.83346784,2,42,0.03777838,0.83966094,2,62,0.0009410923,0.94566125,2,82,0.028005872,0.85817635,2,105,0.0029158113,0.8957101,2,125,0.0,0.8487264,2,145,0.0016502021,0.8290339,2,166,0.0006871661,0.86549777,2,200
26,0.0011001152,1.0148768,2,32,0.0002451561,1.0037336,2,56,0.00036500985,1.0514054,2,79,0.0,1.0147669,2,115,0.0,1.0197867,2,139,0.0,1.0911555,2,159,0.0,1.1059554,2,179,0.0,1.0777143,2,200
27,0.018566255,0.7603874,2,20,0.013938317,0.8427027,2,40,0.0,0.79741323,0,60,0.034877602,0.857038,2,81,0.0,0.840655,2,102
28,0.0015809544,1.0696722,2,31
29,0.0026171184,0.8645785,2,22,0.003016754,1.0403641,2,73,0.0067215706,1.0579839,2,147,0.008400133,1.0446947,2,176,0.0028231107,1.0653071,2,200
30,0.016240377,1.0400255,2,23
31,0.0,1.0298074,2,21,0.00024315804,1.0037631,2,42,0.0043120305,1.0270535,2,65,0.0,1.0380431,2,85,0.0,1.008926,2,106,0.0,1.0251195,2,126,0.0002105642,1.0163282,2,146,0.0,1.0152572,2,174
32,0.0042206133,1.0130887,2,21,0.0,1.0223197,2,41,0.0,1.0345234,3,63,0.0,1.0950208,3,83,0.0,1.0595242,2,105,0.0,1.0866449,3,142,0.0,1.0445058,3,162,0.0,1.0671681,3,200
33,0.009849163,0.93474495,2,20,0.03819377,0.8992837,2,46,0.047678135,0.88461244,2,74,0.0338475,0.9898104,2,98,0.049897823,0.9439184,2,127,0.0031025733,0.9499678,2,148,0.013148263,1.0175568,2,168,0.012113269,0.9675858,2,200
34,0.011422275,0.76284903,0,20,0.014306605,0.83881617,2,40,0.006423118,0.8577714,2,60,0.0,0.99363977,2,84,0.0030548358,0.8812017,2,107,0.013187228,0.96471834,2,128,0.0083093075,1.0043769,2,150,0.0,1.025679,2,170,0.0041440004,0.92273074,2,200
