0,0.016018491,1.0235232,2,37
1,0.0072206655,0.9546202,2,24
2,0.017744316,0.93608624,2,23
3,0.0057706516,0.9591408,2,21,0.0011404229,1.0045133,2,41,0.013725704,0.96383893,2,62,0.012842586,0.96992654,2,88
4,0.010674354,1.0121113,2,30,0.0052599087,1.067394,2,50,0.011365363,1.0233573,2,73,0.0024765758,1.0202703,2,103,0.015160696,0.97836393,2,128,0.0033085733,1.034965,2,157,0.0,1.0709083,2,178,0.0021998992,1.0507251,2,200
5,0.021585565,0.95389307,2,20,0.0134792365,0.91810805,2,53
6,0.0030195578,0.9192264,2,22,0.035785843,0.92830676,0,42,0.008041039,0.8371904,2,64,0.040179536,0.9264873,2,91
7,0.0,1.0375993,2,20,0.0,1.0334128,2,43,0.00012981502,1.0101115,2,64,0.0,1.0491703,2,84,0.0,1.0323663,2,109,0.0,1.0444285,2,130,0.0,1.0546862,2,161,0.0013296586,1.0481194,2,198
8,0.0010738035,1.0272752,2,25
9,0.007305457,1.0071654,2,20,0.0,1.0596973,2,40,0.0,1.062498,2,61,0.0,1.0572814,2,82,0.0,0.99713016,0,104,0.006934863,1.0223523,0,127,0.0,1.0333946,2,162,0.003966782,1.0543916,0,200
10,0.0017733567,0.92873555,2,20,0.0,0.9127582,3,41,0.0,0.8959818,2,61,0.0011837184,0.8699505,2,81,0.019059943,0.8159771,2,101,0.013956484,0.7706677,0,122,0.0,0.6666626,0,142,0.0,0.91285616,0,165,0.01319095,0.5735805,2,200
11,0.0036297007,0.9565962,2,22,0.0,0.96022767,2,42,0.002746472,1.0035006,2,63,0.0013159589,0.9403967,2,90,0.0,1.0626493,2,117,0.0032098903,1.0078099,2,149
12,0.033665873,0.8551691,0,20,0.00016460054,0.88064384,3,49
13,0.0021269012,0.9085165,2,20,0.013710898,0.83027285,2,54
14,0.005586952,1.0260869,2,56,0.009131194,1.030967,2,78,0.0,1.1091774,2,98,0.0,1.0500256,2,136
15,0.0032720973,1.020754,2,31,0.0,1.0730652,2,53,0.0,1.0360277,2,80
16,0.011927431,0.98003584,2,22,0.001530489,0.9916378,2,44,0.012358826,1.0373213,2,65,0.090120815,0.9152843,2,86,0.12852558,0.9931039,2,112,0.023173641,1.0268428,2,134,0.066209,0.9536484,2,161,0.09649218,0.9742554,2,200
17,0.011070158,0.9970285,2,20,0.010288001,0.9447898,2,44
18,0.005112507,0.96245563,2,21,0.03866758,1.0468909,2,45,0.0,1.0806371,0,66,0.008675533,1.1384472,0,86,0.0,1.0677695,2,107
19,0.011859335,0.78229856,0,40
20,0.0,1.0141363,2,23,0.016224477,0.92630583,0,51
21,0.032615192,0.8756695,2,30
22,0.0,0.93613464,2,20,0.023469403,0.9094246,2,40,0.005076739,1.0157492,2,69,0.0,1.0465331,2,94,0.0,1.1226064,0,115,0.0,1.0734975,2,136,0.0036113826,1.1058936,2,157,0.0,1.1329012,2,178,0.008345966,1.111311,2,200
23,0.019248592,0.9074479,2,22,0.0029652235,0.9751167,2,53
24,0.020214127,0.9661398,2,36
25,0.008726008,1.0087907,2,25,0.027094187,0.9316288,2,55,0.01632274,0.95831364,0,75,0.007943405,0.8965121,2,96,0.0,0.89868325,2,116,0.0,0.93911916,2,136,0.0010541173,0.8705916,2,158,0.0,0.8161141,2,178,0.042119715,0.8121161,2,200
26,0.011115866,0.9323252,2,20,0.023429018,0.955701,2,40,0.015850015,0.90737355,2,60,0.004628469,0.9345144,2,82,0.006165164,0.99837375,0,103,0.0048481026,1.0449435,2,126,0.0010499919,1.0606389,2,147,0.0019305259,1.1003884,2,169,0.001862296,1.0775943,2,200
27,0.008197354,0.8752443,0,21,0.0,0.6518035,0,41,0.020526586,0.29167578,2,61,0.02437734,0.47604203,0,81,0.052217666,0.40481186,0,102,0.064590305,0.43111315,2,137
28,0.019411013,0.8540085,2,34
29,0.018542841,0.86291766,2,21
30,0.008642709,0.93656826,2,20,0.018193653,0.9142275,3,40,0.009463717,0.90614253,2,60,0.005497202,1.0716127,2,84,0.0058661015,1.0285592,2,111
31,0.002577395,1.0771632,2,25,0.0,1.0165453,2,49,0.0008701512,1.0522509,2,74,0.0,1.0497334,3,110
32,0.0054122247,0.94609594,2,20,0.0261744,0.91110027,2,40,0.010699405,0.9127623,2,60,0.012584711,0.932346,2,80,0.0325749,0.78319865,2,100,0.0015419734,0.8193902,2,120,0.0017960605,0.89892703,2,140,0.013582395,0.9158083,0,160,0.0024214475,0.7877697,2,180,0.0017517728,0.9611942,2,200
33,0.0,0.99179286,2,20,0.0103917215,0.9363362,3,40,0.036397662,0.8444272,0,60,0.0,0.90539193,2,82,0.009151915,0.85092866,0,102,0.009732966,0.8734506,2,122,0.03578381,0.8921293,2,142,0.01903861,0.868881,2,165,0.03507525,0.8484538,2,196
34,0.04798786,0.8590423,2,21,0.024567634,0.80661595,2,41,0.035595853,0.7806527,2,74
35,0.014305586,0.90965235,3,33
36,0.0096368175,0.97554815,2,20,0.0020272895,0.995104,2,40,0.0045166286,1.0487825,2,65,0.002188486,1.0555279,2,91,0.008969668,1.0618145,2,121,0.0047589326,1.096725,2,155,0.0,1.0675055,2,177,0.015703136,1.0625889,2,200
37,0.018517852,0.9834266,2,21,0.0136377895,0.96246827,0,42,0.008744739,0.9462787,2,62,0.022989286,1.0081731,3,82,0.014529098,0.73484296,2,103,0.0037294503,0.6032552,2,131,0.0023244135,0.50065196,2,151,0.0,0.483987,1,171,0.04003742,0.73790693,2,200
38,0.007955969,0.99807197,3,20,0.02215404,0.9594102,2,45
39,0.0381518,0.9459454,2,20,0.0024327391,0.9930436,2,40,0.0077066105,0.9950285,2,76,0.0,0.9916125,2,98,0.0024685767,1.0020801,2,149,0.0035797656,1.0105734,2,170,0.014467903,1.0178355,2,200
40,0.0,1.0003061,2,22
41,0.0,1.0043963,2,20,0.0,1.0535648,2,40,0.0,0.99823153,2,71,0.0,0.9648762,2,109,0.0,1.0701201,3,130,0.0,1.1640518,2,153,0.0,1.0634235,2,173,0.0030604396,1.1095338,2,200
