0,0.011794733,0.95716476,3,20,0.021189898,0.9379288,2,48
1,0.014301481,0.97445333,2,20,0.037515998,0.9351222,2,40
2,0.0012172245,0.9849035,2,20,0.01772034,0.9734145,2,43,0.0,1.0448797,2,64,0.0043848683,0.9959077,2,87,0.0018277633,0.9762744,2,113,0.002260627,0.96807945,2,133,0.0043919776,1.0078574,2,157,0.005669956,0.9860591,2,200
3,0.008837145,0.9999261,2,20,0.022081526,0.9242903,2,40,0.0016818416,0.87701136,2,61,0.0026552828,0.9633511,2,81,0.0,0.8894887,2,104,0.0,0.84122264,2,124,0.016576534,0.88636,2,144,0.005690129,0.84198415,2,164,0.020965068,0.6869676,2,200
4,0.00889106,0.9293316,0,28
5,0.010621909,0.97081566,2,25,0.011737332,1.0123059,2,63
6,0.0031856447,1.0415819,2,28
7,0.0035233104,1.0413935,2,36
8,0.0069798436,1.0211816,2,24
9,0.010201437,0.99229276,2,20,0.027473228,0.94903237,2,42
10,0.0066536157,0.9976958,2,20
11,0.00723122,0.9770522,2,24
12,0.0021701988,1.019522,2,35,0.0066990256,1.0462174,2,66
13,0.03764137,0.96366614,2,22,0.02834926,0.9181253,2,43,0.008406918,0.95045006,2,63,0.013921905,0.9272099,2,98
14,0.019431185,0.9479459,2,20,0.010220978,0.96241516,2,41,0.034914657,0.9265034,2,67,0.029761007,0.90099615,2,100
15,0.005009517,0.9767523,2,20,0.010961408,0.9805365,2,41,0.0,0.9920609,2,62,0.0,0.9804543,2,102,0.0,0.99809474,2,122,0.003101074,0.9615839,2,144,0.02967168,0.96592987,2,164,0.009251762,0.94349235,2,200
16,0.0038565206,0.9663527,2,23,0.0,1.0169232,2,44,0.0,0.9862321,2,64,0.008264308,0.9696844,2,85,0.0,1.0524318,0,105,0.0028687331,0.9391921,2,125,0.051279455,0.93818176,2,145,0.009673359,0.9365449,2,165,0.019291956,1.0124576,2,200
17,0.018976498,0.9805308,2,22,0.0069139497,0.9786504,2,42,0.00807677,0.9779922,0,62,0.03367563,1.116121,2,82,0.008145115,1.0560267,3,102,0.008845174,0.9228444,2,122,0.0,1.1005838,2,142,0.0052023903,0.9513407,3,164,0.0,0.81992364,2,200
18,0.006845536,0.9125779,2,20,0.008771422,0.9359038,2,49,0.006132687,0.9593959,2,69,0.0056032264,0.9521307,2,91,0.0089510605,0.9554986,2,111,0.0,0.92466974,2,132,0.0067017335,0.93220425,2,154,0.015863804,0.84834963,2,175,0.03355566,0.9743603,2,200
19,0.00022481284,1.0025688,2,23,0.028137827,0.9604373,2,43,0.013301052,0.9377228,2,64,0.01465587,0.9417471,2,91,0.016487803,0.9307288,2,112,0.03205516,0.9423218,2,133,0.0,0.9713059,2,156,0.098248735,0.7139255,2,176,0.069004856,0.6339999,2,200
20,0.0,0.9078378,2,39
21,0.013629693,0.95909417,2,23,0.0,0.99481535,2,43,0.0117233945,0.88638425,2,64,0.0,0.84198534,2,84,0.0049522305,0.8658489,2,105,0.013169344,0.9192891,0,125,0.003932876,0.9907603,2,146,0.09182091,0.88649976,2,166,0.03290936,0.9299674,2,200
22,0.002121402,0.9873945,2,21,0.015525502,0.7819812,2,41,0.014198643,0.8875744,2,65,0.0,0.7745554,0,85,0.0,0.86252534,2,105,0.0,0.6465924,2,127,0.0,0.9415925,2,147,0.0035256073,0.6601424,2,167,0.03719734,0.7591262,2,200
23,0.0018321753,0.91982764,2,20,0.011165882,0.9354919,2,40,0.008995658,0.87823206,2,61,0.0,0.7352152,2,87,0.022143878,0.6856983,2,108,0.003189723,0.63777584,2,130,0.0,0.46765465,2,150,0.0,0.40003622,1,179,0.0,0.6521157,2,200
24,0.0056661926,0.92881584,2,25,0.020391202,0.9192438,2,45,0.02134462,0.90788555,2,65,0.010455174,0.7599357,0,86,0.0117488075,0.87927467,0,106,0.025441404,0.7534313,2,126,0.008536781,0.72752315,0,146,0.018253982,0.814973,0,166,0.0057926807,0.8918842,2,200
25,0.001586576,1.0150765,2,27
26,0.00024186782,0.945477,2,20,0.0077541466,0.9205143,2,42,0.009596114,0.92495793,2,62,0.002117749,0.8770172,2,82,0.002655704,0.82069296,2,110
27,0.004021987,0.8983902,2,20,0.0,0.8793224,2,43,0.021547958,0.90967447,2,63,0.014163924,0.6492897,2,83,0.02580536,0.4871953,0,103,0.015569134,0.63020486,0,124,0.0,0.73046553,2,144,0.0,0.7725918,2,165,0.0128204655,0.7756305,2,200
28,0.0,1.0140885,2,20,0.0,1.0650641,2,47
29,0.01279881,0.9444491,2,20,0.008484376,0.96599007,2,40,0.0,0.9371496,2,65,0.0077372706,0.9102427,2,85,0.0052519054,0.97015524,2,105,0.016704066,0.9099856,2,126,0.0026237597,0.9827409,2,146,0.008885172,0.8562956,2,166,0.00033495747,0.960325,2,200
30,0.020042434,1.0061244,2,24
31,0.006132281,1.0466938,2,37,0.0071832626,0.9784911,2,57,0.008413775,1.0118872,2,77,0.0,1.0371052,2,101,0.0,1.0420864,2,121,0.00011567678,0.92925256,2,143,0.0,1.022981,2,163,0.009621912,1.0296271,2,200
32,0.013301226,0.97995853,3,20,0.013535502,0.9986545,2,41,0.014556791,1.0284888,2,62,0.0079542985,0.9669001,2,84,0.021606777,0.96731347,2,104,0.0,0.95619166,2,124,0.0,0.94057417,2,145,0.0,0.84882927,2,169,0.0004394724,0.9734828,2,200
33,0.006408492,0.9670035,2,21,0.0,1.0324751,2,42,0.0,0.93253726,2,62,6.9149384e-05,0.9660221,2,86,0.02216039,0.90939915,2,106,0.008430278,0.9025941,2,126,0.004282211,0.9278189,2,146,0.0011926754,1.0005348,2,170,0.0055010784,1.0144607,2,200
34,0.005374018,1.0123069,2,20,0.036180995,0.9676352,2,42
35,0.006659935,1.0549952,2,37
36,0.05761941,0.8571531,2,20,0.03475305,0.8811569,2,47
37,0.016896622,0.9621463,2,20,0.017693723,0.9287839,2,43,0.03151912,0.859677,2,63,0.028104603,0.8999671,2,83,0.0068063466,0.9476448,2,103
38,0.00093346735,1.0342146,2,22,0.0022859734,1.0526005,2,64
39,0.0,1.0565382,2,31
40,0.0009128731,0.9641743,2,20,0.005711115,1.0017463,2,40
41,0.0,0.95215744,2,22,0.0,0.8951399,2,43,0.0,0.7272184,2,76
42,0.0033346629,0.9734001,2,23,0.008168053,0.90777105,2,44,0.048845787,0.86919194,2,65,0.003640922,0.9696754,0,86,0.014817792,0.99279994,2,109
43,0.005492061,1.0598708,2,52
44,0.010266927,1.0283501,2,23,0.0042637433,1.0503302,2,61
45,0.005339586,0.98797435,3,20,0.0,1.0573077,3,40,0.0031482445,1.0225246,2,74
46,0.0003325275,0.9707178,2,20,0.010057308,0.9709422,2,41,0.0568866,0.89757043,2,79
47,0.031285174,0.91977787,2,20,0.05626604,0.9223407,2,40,0.0,0.9063304,2,61,0.0,0.77267784,2,90
48,0.0026360417,1.0350583,2,29
49,0.0042249803,1.0342658,2,27
