0,0.0,1.0284611,2,20,0.0112215765,0.9651438,2,40,0.0,0.9502039,2,60,0.023165915,0.9484215,2,80,1.9661744e-05,0.9965058,2,102,0.0,0.9611731,2,124,0.0046974616,0.96064895,2,146,0.0030148046,1.0253888,2,168,0.0,0.98801446,2,200
1,0.000990635,1.0660441,2,21,0.020557897,0.94112986,0,42,0.00957175,0.90046436,2,68,0.0363803,0.91131085,2,89,0.054915536,0.8997407,2,109,0.020994639,0.9448475,2,132,0.028628444,0.935342,2,154,0.02319776,0.9181052,2,175,0.01988005,0.8805746,2,200
2,0.007097864,0.854558,2,20,0.02979298,0.8605661,2,41,0.05232322,0.87918645,2,64
3,0.0076172138,0.9586375,2,23,0.0,1.0291984,2,43,0.066707626,0.9850005,2,63,0.007478169,1.0242124,2,83
4,0.010494574,1.0024606,2,29
5,0.020711076,0.95200235,2,20,0.0031119846,1.0081395,2,44,0.0032144159,0.94769955,2,68,0.0044131787,0.97718203,2,90,0.007690158,0.9415677,2,127
6,0.015864853,0.9605408,2,20,0.060864042,0.9233468,2,40,0.00490802,0.9563362,2,65
7,0.013314806,0.87670565,2,20,0.0065923547,0.7749063,2,40,0.0,0.9477222,2,61,0.0,0.97926486,2,81,0.0077631227,0.8617171,0,102,0.017150486,0.7724331,0,122,0.0,0.7274876,0,143,0.02707312,0.7553019,1,163,0.027786491,0.40094748,2,194
8,0.0027090132,0.9498755,2,20,0.0,1.0068127,2,40,0.009802105,1.0057123,2,61,0.0,0.9440008,2,82,0.0049734986,0.9324762,2,107,0.0,0.9698813,2,129,0.001769226,0.9747499,0,149,0.00040047208,0.94698906,2,171,0.0,0.8806987,2,200
9,0.00045405523,0.99070776,2,21,0.013947708,0.972029,2,44
10,0.0030762523,0.97597134,2,20,0.015144294,0.9744876,2,40,0.021249872,0.935104,2,60,0.00962697,0.9631138,2,80,0.005527043,0.90261716,2,101,0.020636166,0.974104,2,123,0.005316915,0.97776586,2,154
11,0.0029863354,0.8527565,0,24,0.037938792,0.79044026,2,45,0.030627668,0.82890505,2,67,0.053336248,0.865927,2,90
12,0.00016320337,1.0167172,2,21,0.0,1.0517443,3,42,0.0,1.0258784,3,80,0.0,1.0258677,2,100,0.0,0.9490473,2,123,0.0,0.9734896,2,146,0.0,1.0348442,3,169,0.003411392,0.9975992,2,200
13,0.008800217,0.94539195,2,20,0.022861747,0.9604893,2,51
14,0.0061543616,1.001343,2,28
15,0.021389792,0.98065984,2,21,0.0027519504,0.8901126,2,42,0.007495478,0.7243091,2,68
16,0.084096655,0.8659285,0,20,0.0034108371,0.81008494,2,42,0.03575851,0.8886346,0,81
17,0.019139891,0.9763562,2,20,0.012833148,0.96293056,2,40,0.0030662478,0.99550897,2,60,0.012950269,0.9498185,2,81,0.030278772,0.9995963,2,105,0.0,0.97231853,2,126,0.0,0.9437669,2,146,0.029356554,0.9542999,2,166,0.025451321,0.87032765,2,200
18,0.0130595425,0.9702795,2,28
19,0.006984099,0.9674504,2,38
20,0.011620489,1.0194505,2,24
21,0.005073572,0.9783537,2,24,0.0092861485,0.94933903,2,44,0.0,1.0487775,2,65,0.017196309,1.0018668,2,85,0.0037549958,1.0571173,3,108,0.0005149865,1.060478,3,130,0.0064684055,1.0986317,3,150,0.030442458,1.023555,0,170,0.0,1.065497,0,200
22,0.009568306,0.9111737,2,23,0.016458023,0.93994135,2,46,0.0033729323,1.006181,2,71,0.0011184133,0.9688819,2,91,0.0,0.87858313,2,118
23,0.0021775002,1.024457,2,41,0.0019912452,1.0967069,2,75,0.0,1.0288091,2,97,0.0,1.0760837,2,122,0.0,1.1010952,2,147,0.011449452,1.0097611,2,167,0.01084468,0.95690715,2,200
24,0.007194158,0.989035,2,35
25,0.009687044,0.91678935,2,23,0.088139474,0.7352408,0,43,0.041835282,0.61572415,2,63,0.0057716533,0.63741314,2,83,0.034214757,0.47126836,2,103,0.039590497,0.43123817,2,124,0.006836529,0.20268202,0,144,0.2914077,0.26657528,0,164,0.14896709,0.27218986,2,200
26,0.003837423,0.97092646,2,21,0.008590179,0.9575615,2,42,0.014055605,0.9621298,2,62,0.016269274,0.9511486,2,82,0.020811662,0.98034286,2,102,0.013323243,0.9680743,2,122,0.014058727,0.99991685,2,146,0.009708313,0.95656204,2,180,0.0049169334,1.0512046,2,200
27,0.004034144,0.9823062,2,37
28,0.011863714,0.9527933,2,31
29,0.0010292737,0.9002615,2,20,0.017532136,0.84235895,2,40,0.0,0.93483865,2,60,0.0,0.8538519,2,80,0.0,0.9677969,2,100,0.0,0.87043977,2,135
30,0.0067236456,0.99213463,2,26,0.04308867,0.99788076,2,50,0.0011723571,1.007567,2,71,0.008892518,0.97756493,2,92,0.0043002344,0.9663558,2,112,0.00021041818,0.9771498,2,132,0.005317524,0.9598816,2,152,0.024694854,0.98247033,2,174,0.007986863,0.98882794,2,200
31,0.014921603,0.9339978,2,37,0.015377684,0.9249179,2,58,0.03675933,0.9903005,2,78,0.00946906,0.94442713,2,100,0.020046886,1.0505604,3,122,0.0,0.9926526,3,142,0.0,0.8150772,3,162,0.010247654,0.8321648,2,200
32,0.0,1.0113698,2,21,0.024453994,0.9838137,2,48,0.024726877,0.9712882,2,83,0.013768944,0.995468,2,104,0.015553003,0.89336526,2,127,0.0089758355,0.9295281,2,147,0.0,0.8635636,2,170,0.0013511021,0.89296937,3,200
33,0.012794338,1.0069861,2,24,0.0020187097,1.0148121,2,45,0.016528726,0.91914016,2,65,0.00010317716,0.93224055,2,87,0.02462913,0.8509705,2,124
34,0.0024454338,1.0075986,2,20,0.0,0.91399753,2,40,0.0,0.93736297,2,61,0.007118917,0.9649426,2,81,0.022466822,1.0043126,2,101,0.0017529562,0.9499852,2,121,0.020187294,0.9928875,2,141,0.033440534,0.9258477,2,161,0.03129032,0.9078639,2,200
35,0.03264455,0.9847071,2,36
36,0.015924677,1.0259851,2,31
37,0.03476922,1.0070795,2,21,0.011594228,0.96348125,2,44,0.0002465209,0.92108744,2,64,0.0,0.9853899,2,84,0.0006456453,0.9959521,2,117
38,0.006455457,0.9678234,2,21,0.012825223,0.9989072,2,41,0.0030591404,0.90793544,2,61,0.0053086895,0.9965074,2,83,0.005400711,0.9576552,2,106,0.00061854685,1.0298545,2,126,0.022492122,0.9861838,2,146,0.035480324,0.928883,2,168,0.02547882,0.8940932,2,200
39,0.010175833,0.9335482,2,29,0.0,0.95749223,2,49,0.007837602,0.9453896,2,70,0.0,0.88921773,2,91,0.014467317,0.8212739,2,111,0.0027161706,1.0087583,2,135,0.02072541,0.8952042,2,158,0.006635786,0.9258421,2,200
40,0.008525613,0.95214844,2,20,0.013215434,0.9723203,2,46,0.000925958,1.026532,2,66,0.015027866,0.9958954,2,86,0.0,1.0349438,2,106,0.027884409,1.0427179,2,129,8.362887e-05,0.9929061,2,150,0.0,0.91169274,2,170,0.022445738,0.9414388,2,200
41,0.004198151,0.94473064,2,20,0.016213264,0.83021164,2,47
42,0.004653416,0.99748254,2,30
43,0.007181303,0.9878064,2,30
