0,0.0032601499,0.989219,2,20,0.033798717,0.8934951,2,40,0.018164158,0.9841139,2,60,0.005343961,0.9357829,2,80,0.0,0.8940781,2,100,0.011781671,0.92504674,0,120,0.035516314,0.9439312,2,141,0.048069615,0.97592247,2,162,0.037333954,0.767984,2,200
1,0.022837313,0.965612,2,22,0.0055919173,0.9307036,2,44,0.002205306,0.94994843,0,64,0.058805205,0.946523,3,84,0.00779551,0.96808034,2,104,0.0037444085,0.9406655,2,129
2,0.0072961175,1.0171878,2,37,0.012820748,0.9793941,2,58,0.016570525,0.95303416,2,79,0.005779892,1.1202922,2,100,0.008364499,1.0792916,2,121,0.010511594,0.9070364,3,141,0.0,0.9373018,2,161,0.009941022,0.92261416,2,191
3,0.0040501365,0.9967548,2,20,0.108373865,0.9371184,2,41,0.031125098,0.9089414,2,61,0.17600158,0.921079,0,81,0.10973096,0.98910904,2,101,0.099748924,0.89925843,2,121,0.07424149,1.0178921,2,143,0.100758836,0.9971439,2,166,0.09687546,1.0110085,2,200
4,0.015059499,0.9284159,2,20,0.0028068798,0.94611394,2,43,0.017331643,0.99927384,2,69,0.008002478,0.9567224,2,89,0.027459616,0.9237291,2,113,0.018604932,0.8912263,2,148
5,0.015970483,0.9619519,2,25,0.06677413,0.9030168,2,50
6,0.0,0.9991789,2,20,0.008825537,0.98730814,2,47,0.002019449,0.94341916,2,68,0.022506064,0.8402841,2,100
7,0.016801413,1.0189,2,38,0.0030700814,1.0397965,2,59,0.0,1.0290467,2,80,0.0040396266,1.0345638,2,100,0.016511338,1.0813613,0,121,0.0,1.0591886,2,150,0.014540116,1.033589,2,171,0.00836748,1.0025244,2,200
8,0.028007597,1.0205852,2,26
9,0.0,1.0426669,2,21,0.018664883,1.027123,2,42,0.006860701,0.9584441,2,62,0.010192258,1.022661,2,83,0.0053011137,0.9682472,2,105
10,0.00067831663,1.0241491,2,21
11,0.024852399,0.7640508,0,21,0.008594584,0.72068083,2,41,0.0,0.71114683,2,61,0.03197413,0.77136123,2,102
12,0.0,0.9459618,2,20,0.0,0.9804909,2,41,0.0,1.0492464,2,62,0.0,0.9767592,2,87,0.005342851,0.9228412,2,107,0.007222799,0.9290913,2,127,0.015863812,0.8653968,0,147,0.0,0.8460789,2,167,0.00047798135,0.743248,2,188
13,0.032730833,0.94152737,2,20,0.03581535,0.92571527,2,40,0.0051035294,0.8994429,3,77
14,0.0022474297,1.0556111,2,24
15,0.007375419,1.0049515,2,21,0.00014832344,0.97936934,2,60
16,0.03119574,0.9904936,2,20,0.006583195,1.0096654,0,40,0.007872162,0.8528565,2,60,0.0091886455,0.85634327,2,80,0.0,0.61333036,0,103,0.027826091,0.46067283,2,124,0.123895764,0.34081322,2,144,0.08047389,0.47107178,2,177
17,0.011887457,0.9951383,2,20,0.011106441,1.0064969,2,40,0.008850465,0.8870913,2,62,0.0096092485,1.0222037,2,89,0.04746484,0.95114833,2,109,0.009504512,0.9672368,2,129,0.007429189,0.87029564,2,149,0.007125487,0.7269202,2,186
18,0.0,0.97851914,2,20,0.0,0.88751,2,40,0.0032430787,0.971173,2,79
19,0.003023011,0.97103345,2,20,0.00652632,0.8988242,0,41,0.04109545,0.8692355,0,61,0.012105839,0.9908532,0,82,0.0085054645,0.9680214,2,102,0.036415882,0.86838514,0,127
20,0.0028267852,1.0157799,2,26,0.0020019729,1.0402462,2,52,0.0,1.1049674,0,72,0.0,1.0803735,0,92,0.0032601194,1.0947021,0,113
21,0.0013822573,0.9394224,2,20,0.0,0.9459863,0,45,0.0,1.090109,2,71,0.0,1.0892129,2,92,0.0,1.0830739,2,112,0.0,1.0599554,2,136,0.0,0.9946474,0,156,0.0,1.0905613,2,180,0.009296419,1.1017376,2,200
22,0.015777608,0.967697,2,36
23,0.033542056,1.0206093,2,24
24,0.009579496,1.0117706,2,21,0.024028677,0.99591666,2,41,0.0,1.0509592,2,65
25,0.019863326,1.0468947,2,20,0.0075613833,1.0512389,2,60
26,0.0,1.0994432,2,20,0.020055791,1.0764844,2,40,0.00051373075,1.0815848,2,65
27,0.011293883,0.9605633,0,21,0.0039530955,1.1351081,2,42,0.0001327057,1.1021198,2,71,0.007687433,1.0734922,2,93
28,0.013590166,0.9798745,2,20,0.02696642,0.9819513,2,41,0.0031785627,0.98924696,2,64,0.030104995,0.9510721,2,86
29,0.0,0.98754984,2,22,0.008103534,0.8689082,2,47,0.0,0.86033976,2,67,0.00097465265,0.9935751,2,87,0.0,0.9114744,3,107,0.008748717,0.8863209,2,127,0.0056119785,0.8458156,2,149,0.0,0.87788075,3,169,0.0028928595,0.6959331,0,200
30,0.021738509,0.9631853,2,20,0.0072799954,0.94486445,2,43,0.0,0.85465133,2,63,0.081141554,0.7264824,2,93
31,0.048887473,0.9244224,2,20,0.026633589,0.9448612,2,41,0.022049423,1.0186296,2,61,0.013157067,0.92164165,2,85
32,0.0,0.9175788,3,20,0.00036638594,0.95233697,2,41,0.0322079,0.9394078,2,61,0.01820691,0.86818933,2,92
33,0.0257439,0.86903226,2,22,0.017972937,0.7971212,3,42,0.0014480476,0.8830795,2,62,0.0,0.8521229,2,82,0.0,0.664926,0,102,0.0,0.71323967,0,122,0.002253218,0.5997225,0,142,0.0,0.81033695,0,162,0.091127105,0.63899153,2,200
34,0.00021636761,1.0047836,2,21,0.0019117983,0.9659721,2,48,0.00350635,1.0045891,2,72,0.009532714,0.9322998,2,92,0.03855238,0.9007988,2,114,0.027627865,0.9886903,2,140,0.0,1.0589278,2,160,0.0147842495,1.0099932,2,200
35,0.0,0.97367525,2,20,0.026932169,0.97268045,2,40,0.026835773,1.003676,2,60,0.052057847,0.9053018,2,87,0.007344365,0.91284484,2,107,0.027452236,0.88617325,2,131,0.009440667,0.9537431,2,151,0.05350859,0.7358359,2,171,0.015446033,0.80201334,2,200
36,0.021669507,0.9271315,2,23,0.02943163,0.9280769,2,43,0.003450601,0.92724717,3,64,0.0,0.91656524,2,84,0.059271593,0.7760316,2,104,0.016820837,0.8720433,2,124,0.0,0.8364522,2,144,0.009685305,0.9360151,2,179
37,0.017964238,0.95272493,2,21,0.01713267,0.8803042,2,41,0.008719025,0.9390051,2,61,0.013100726,0.9220646,2,81,0.0,1.0020875,2,102,0.0,0.88502824,0,122,0.0,0.74542016,2,142,0.024852322,0.9660859,2,165,0.027099285,0.87740767,2,200
38,0.0024032663,0.8834381,2,20,0.026612196,0.8145421,0,40,0.008100417,0.79454505,2,61,0.0,0.830878,0,82,0.008587455,0.77855825,2,102,0.01758522,0.77297634,2,122,0.0,0.82817423,0,142,0.011529007,0.87725574,0,163,0.012391666,0.8334412,2,200
39,0.0012567837,0.9810402,2,20,0.0012149957,0.9485505,2,40,0.015372723,0.8778049,2,60,0.008065858,0.96619827,2,80,0.018289248,0.9557685,2,103,0.03078956,0.9064987,2,128,0.009520444,0.9831373,2,153,0.020904327,0.94975543,2,174,0.00078504573,0.9807616,2,200
40,0.033066966,0.8995905,2,30
41,0.007928567,0.97843015,2,20,0.0,0.90216196,2,40,0.0,0.7991484,2,75
42,0.004190801,0.97254103,2,20,0.010816491,0.98775434,2,41,0.0055356473,1.0703866,2,63,0.0,1.0602336,2,83,0.0003894057,0.9209359,2,103,0.0,0.93589485,2,123,0.0,0.921676,2,144,0.0,0.8753828,2,164,0.026995294,0.95873237,2,200
