0,0.0013853632,0.9730684,2,20
1,0.00055755104,1.0287665,2,24,0.010888921,0.9890337,2,54
2,0.0075651733,0.9863011,2,21,0.039135493,0.9589203,2,41,0.0089247925,0.90332854,0,61,0.016807465,0.90724474,2,86
3,0.029042227,0.9666838,2,21,0.013864942,1.0092101,2,62
4,0.005714953,0.93267685,2,22
5,0.015437541,0.9553571,2,20,0.0044559846,0.8955078,2,40,0.027130961,0.9245637,2,61,0.001056775,0.98239756,2,81,0.03606408,0.91882426,2,105,0.030485464,1.011657,2,129,0.0019614904,1.0371308,2,149,0.01816199,1.013158,2,169,0.006935007,1.0698234,2,200
6,0.018614773,0.9829024,2,21,0.0019460886,1.0523723,2,43,0.0050283833,1.0194848,2,65,0.004217096,1.0197715,2,88,0.0,1.0749592,2,108,0.0,1.0942376,2,128,0.0,1.0490562,2,151,0.0054954994,0.9915541,2,172,0.02752168,0.944797,2,200
7,0.00249359,1.0131327,2,22,0.020216422,0.9800459,2,44,0.0,0.9657008,2,64,0.0227131,0.8241828,2,84,0.0,0.8263394,2,104,0.0,0.6304161,0,124,0.025059339,0.7588155,2,144,0.0,0.8671289,2,165,0.06728497,0.7963198,0,200
8,0.019055288,0.95811933,2,22,0.04753705,0.9318298,2,48,0.0080686165,1.0272033,2,73,0.0,1.0305287,2,94,0.008580362,0.9816882,2,114,0.00058854045,0.9572713,2,135,0.0052449494,0.9132857,2,159,0.0,0.96597594,2,179,0.0065244236,0.8916269,2,200
9,0.006271717,0.94765043,2,20,0.02100497,0.96142995,2,40,0.036306232,0.89604366,2,60,0.035744045,0.9800181,2,81,0.023526426,0.93390816,0,101,0.04233265,0.9694251,0,122,0.02695328,0.9447464,0,142,0.01609982,1.0430706,2,162,0.022980524,0.9776705,2,200
10,0.0,0.9509923,2,21,0.008505064,1.0355607,2,42,0.014930243,1.0096816,2,62,0.0106393555,1.034485,2,94
11,0.01811583,0.93487066,2,21,0.025039632,0.9217784,2,41,0.0033310398,0.92178833,2,61,0.04929047,0.9324976,2,93,0.0033687279,0.8471934,2,113,0.0063880035,0.915453,2,136,0.013027196,0.926229,2,156,0.0,0.89715815,2,176,0.04741305,0.9269247,2,200
12,0.006096184,0.9535656,2,20,0.0041968883,0.9256429,2,43,0.0,0.89981544,2,63,0.0,0.9003741,2,83,0.010842305,0.9066424,2,105,0.014659353,0.90708417,2,125,0.01315084,0.96681327,2,148,0.02279348,0.8949453,2,169,0.04071365,0.9082379,2,200
13,0.0071037626,0.9199129,2,45
14,0.0,0.9315097,2,20,0.004480778,0.96086454,2,45,0.016067794,1.0198729,2,65,0.0,0.90767634,2,85,0.036146767,0.86628807,2,105,0.08477061,0.795263,2,137
15,0.023540804,1.0262821,2,20,0.01169948,1.0427222,2,40,0.0,1.0733756,2,65,0.010847303,1.0122035,2,88,0.0033026263,1.0335233,2,109,0.00063784735,1.1125423,2,131,0.0031907966,1.0984406,2,162,0.0068975044,1.0611458,0,200
16,0.021146383,1.0489911,2,20,0.007639394,0.9567071,2,41,0.00094356126,0.95260966,2,61,0.0024437394,0.98916054,2,81,0.0,0.87660015,2,101,0.012487191,0.9229208,2,123,0.013870982,0.870419,2,144,0.0064948993,0.91085005,2,164,0.00011197493,0.84051067,2,200
17,0.0,0.94629323,2,20,0.0046685496,1.0197202,0,60
18,0.0007435296,1.0256188,2,23
19,0.024463365,0.94648015,2,21,0.02668202,0.97033846,2,41,0.014475578,0.9481673,2,62,0.009246279,0.8464066,2,82,0.040368117,0.8458134,2,102,0.004749782,0.9253153,2,127,0.007698686,0.92924213,0,147,0.0,0.66939783,1,171,0.016152086,0.6156578,1,200
20,0.0037220845,0.9827569,2,26,0.00049900485,1.0378611,2,58,0.001457302,0.97434616,2,80,0.008968422,1.0274692,2,100,0.0097554345,0.95080495,2,121,0.049289208,1.010746,2,142,0.0033334177,0.8359803,2,162,0.0029893455,0.7761167,2,200
21,0.018515907,0.99478465,2,21,0.028133873,0.9917015,2,41,0.030278876,0.950704,2,61,0.025214402,0.9629225,2,82,0.0,1.0495815,2,103,0.0,0.9762379,2,126,0.0,1.0692463,0,147,0.0,1.0571343,2,167,0.0029064892,0.9743672,2,200
22,0.010460147,0.93461,2,22,0.0057649426,0.95982915,2,42,0.0076679834,0.92523205,2,63,0.0047892206,0.93668234,2,83,0.0,0.8589059,2,104,0.0142513085,0.8942733,2,124,0.013627484,0.90432835,2,144,0.0054129725,0.8720125,2,164,0.005305413,0.7915955,2,200
23,0.013489025,0.98693323,2,20,0.008766408,0.96032107,2,40,0.0071921796,1.0320027,2,60,0.01232649,0.96065557,2,80,0.02458934,0.9224808,2,101,0.0,0.9309858,2,123,0.00040553306,1.0000309,2,143,0.0059034517,1.0031347,3,163,0.0043178312,0.79568607,2,200
24,0.012805045,0.9216956,2,20,0.0011577508,0.88354117,2,45,0.044807997,0.8521246,2,67,0.006687621,0.9019269,2,88,0.011960356,0.8244885,2,108,0.01557605,0.869506,2,128,0.047474835,0.70855397,2,150,0.008615683,0.7275812,2,171,0.038503274,0.81914455,2,200
25,0.0044756443,0.9557329,2,27,0.007591127,0.9118787,2,47,0.011121577,0.98850876,2,74
26,0.0068479106,0.9024515,2,20,0.020545226,0.84856147,2,40,0.012591454,0.8256111,2,60,0.017222097,0.8266046,2,94
27,0.0020622194,0.8994354,2,20,0.011549047,0.7185229,0,40,0.0,0.6643937,0,60,0.0127828345,0.61246127,2,80,0.0,0.7595254,3,100,0.0,0.7482508,2,120,0.0,0.48842084,2,141,0.0,0.6806075,1,163,0.0,0.5252892,2,200
28,0.0,1.0426381,2,20,0.010269837,1.0334035,2,45,0.0114501035,0.9891234,2,75,0.0,1.0567126,2,95,0.025474768,0.98201734,2,118,0.0,1.0304296,2,138,0.01087561,1.0731585,2,162,0.0024431748,0.95669264,2,200
29,0.0041835383,0.9414036,2,35
30,0.0,0.98825777,2,22,0.0,0.94887406,2,43,0.029793603,0.8986086,2,64,0.027078439,0.96895254,2,84,0.017244706,0.8921534,2,104,0.0014977889,0.9656571,2,125,0.0048550526,0.9013079,2,145,0.03245682,0.9119795,2,167,0.0018421474,0.9268622,2,200
31,0.018585825,0.8943818,2,20,0.020308558,0.96314275,2,40,0.008644571,0.98071516,2,61,0.011027513,0.9326046,3,81,0.022891924,0.92752045,2,101,0.0076834536,0.86998993,2,122,0.0,0.90262985,0,147,0.0,0.93416065,2,170,0.0,0.87995106,2,200
32,0.0,1.036678,2,21
33,0.0125588905,1.0284446,0,20,0.008891386,0.97594714,2,51
34,0.0016448736,0.9789964,2,20,0.004802111,1.0035621,2,43,0.0010451502,1.071605,2,64,0.0076720696,0.9893263,2,89,0.0013006284,1.0473862,0,113,0.0,1.1380863,2,148
35,0.03579662,0.9855295,2,21,0.0245003,0.98762906,2,42,0.0035166212,0.97476166,2,62,0.01107324,0.9630521,2,82,0.002918585,1.0263036,2,102,0.011249167,0.97046155,2,123,0.0023456053,1.0408405,2,143,0.012524261,1.0307032,2,164,0.002589182,1.0951847,0,200
36,0.003086233,1.0190884,2,22,0.0,1.0137556,2,42,0.005518771,1.019241,2,73
37,0.007483825,0.96047497,2,20,0.025668979,0.9157306,2,40,0.0,0.8891595,2,60,0.020453101,0.91208965,2,80,0.0070881285,0.9107912,2,100,0.012308004,1.0089446,2,123
