0,0.0050005303,0.99390346,2,20,0.00096668524,0.9187565,2,40,0.010742938,0.9305598,2,60,0.017930873,0.9021057,2,82,0.017834503,0.9267416,2,102,0.011263042,0.91394997,2,122,0.028195463,0.905735,2,144,0.0015567195,0.8465259,2,166,0.01145353,0.9794445,2,200
1,0.0005328589,1.0208776,2,20,0.0066476306,1.0294421,2,40,0.0,0.96819365,2,60,0.0,1.0084667,3,81,0.0,0.99030113,2,103,0.0,1.0189807,2,127,0.0026137359,1.0171565,2,147,0.006636,1.0040817,2,167,0.0028383795,0.98894477,2,200
2,0.006556736,1.0449623,2,20,0.002251001,0.9629702,2,41,0.0069489395,0.99940574,2,61,0.0052383104,0.94144535,2,81,0.0073422776,0.96859676,2,101,0.006500968,0.90418637,2,122,0.0,0.7420527,2,142,0.0036608323,0.84220564,2,162,0.02828028,0.84509,2,200
3,0.0022485987,0.98097426,2,22,0.0058159,0.9822987,2,42,0.0026232873,1.0106848,2,72,0.0028506476,1.0570095,2,92,0.0,1.0004603,2,113,0.01432577,1.0398923,2,139,0.0,0.972847,2,159,0.012079688,0.9215076,2,200
4,0.0055975867,1.0480835,2,20,0.0,1.0876192,2,41,0.0,1.0339228,2,62,0.0,1.023551,2,82,0.0037285644,1.0315356,2,103,0.016788293,0.9700777,2,125,0.0014191789,0.9219994,2,151,0.042716093,0.9476467,2,187
5,0.006341636,0.8978181,2,21,0.02425601,0.93700135,2,51
6,0.0028895792,0.9672863,2,20,0.009018051,1.0325438,2,40,0.002872176,1.0519667,2,61,0.004690386,1.0114452,2,82,0.027297115,1.0451316,2,102,0.025065485,1.0551553,2,130
7,0.0026356236,0.98403835,2,28
8,0.015176567,0.9485102,2,21,0.005170429,0.9590969,2,42,0.0,0.8445782,3,64,0.028084744,0.78288996,2,85
9,0.05740945,0.9260677,2,21,0.041084133,0.89143616,3,42,0.022849606,0.8224742,2,63,0.007534649,0.86426705,0,84,0.0,0.8524804,2,105,0.0,0.9333401,2,125,0.059192467,0.6646734,2,145,0.0,0.5516959,2,165,0.009658147,0.42660213,2,200
10,0.01463407,0.9662693,2,20,0.002484054,0.82896453,2,40,0.008988451,0.89851934,2,62,0.0037993598,0.9199751,2,82,0.0004866033,0.87501276,2,102,0.00193832,0.9265275,2,123,0.0,0.979558,2,143,0.0,1.0295827,2,169,0.006466357,1.0648925,2,200
11,0.0073510767,0.91135377,2,20,0.010235871,0.960562,2,56
12,0.015703179,0.9703625,2,27
13,0.01302951,0.6610802,0,22,0.036817234,0.70032763,2,42,0.021806449,0.56104386,0,62,0.07779635,0.55885446,2,82,0.080441855,0.62648284,2,102,0.030633213,0.59046197,2,127,0.053977937,0.5680115,2,148,0.03818923,0.40937114,2,169,0.13958551,0.5069069,2,200
14,0.026196193,0.8765281,2,20,0.012136176,0.9546849,2,40,0.0,0.9574108,3,62,0.011110092,0.8857508,0,84,0.0032647073,0.9057704,0,104,0.0063531906,0.9391802,2,124,0.0,0.836208,2,144,0.015370112,0.8200942,2,165,0.06062567,0.76120234,2,200
15,0.003923473,1.0276898,2,22,0.0,0.99047977,2,42,0.018536,0.9980058,2,65,0.00018983861,0.9962419,3,88,0.0049000117,1.0444952,3,110,0.009114737,1.0425472,2,130,0.00057757244,1.0096586,2,156,0.010981198,1.0006433,2,178,0.009235451,0.99950624,2,200
16,0.01759164,0.9920246,2,20,0.007752631,0.98342127,2,49
17,0.0008451344,1.0133488,2,27,0.0,1.0782566,3,48,0.004267575,1.077059,2,68,0.00048634718,1.0357428,2,103
18,0.0016118201,0.9392956,2,20,0.013510007,0.8589587,2,41,0.0041749324,0.9081936,2,65,0.0,0.7701801,2,85,0.0,0.7885804,2,105,0.0,0.8603233,2,125,0.0009976004,0.99669504,2,145,0.0062994338,0.9121976,2,165,0.044438828,0.8815711,0,200
19,0.0,0.95514905,2,20,0.0,0.7432191,2,41,0.0,0.85850346,2,61,0.0,0.4726444,1,81,0.018526936,0.2994378,1,102,0.0,0.43709937,1,123,0.012643194,0.572607,2,143,0.015174091,0.82363003,2,163,0.0,0.87306124,2,191
20,0.0018377781,0.91238195,2,21,0.056569565,0.82314616,0,41,0.0021187288,0.9110905,2,64,0.026260912,1.2412139,3,84,0.00062377116,0.8532445,2,104,0.007283373,0.9143461,3,127,0.0,0.89886564,2,152,0.0,0.8895463,2,173,0.030198956,0.9470934,2,200
21,0.048619144,0.9089007,2,21,0.02771481,0.71435153,2,41,0.0049893884,0.55931973,0,61,0.008348812,0.5530466,2,81,0.0,0.44428986,1,101,0.0,0.5861956,2,121,0.0,0.25528544,1,156,0.0,0.48401824,1,176,0.038822316,0.62761897,2,200
22,0.011630154,0.9785053,2,23,0.0,0.9699756,2,43,0.0012234191,0.9368494,2,64,0.08877874,0.7133132,2,87,0.050026394,0.9112418,2,107,0.01581878,0.9044627,2,127,0.003780199,0.72405124,2,149,0.079143055,0.6622227,2,169,0.070238605,0.6724053,2,200
23,0.027196873,0.94322616,2,20
24,0.0,0.99798834,2,20,0.011470733,1.0143323,2,40,0.0,1.0536141,2,60,0.0,1.0987884,2,81,0.0014045779,1.1247083,2,107,0.009521944,1.0746076,2,127,0.0016127124,1.094255,2,149,0.0013927636,1.0742077,2,179,0.0,1.1040735,2,200
25,0.0,1.013138,2,21,0.011587506,1.0691385,2,42,0.0067799273,1.044188,2,66,0.0032798618,1.0305461,2,100,0.0,0.9274025,2,125,0.0035404274,0.99237883,2,148,0.0073032617,0.9817704,2,168,0.0025105702,1.0438476,2,200
26,0.00029112186,0.9862347,2,22,0.022266103,0.9472251,2,42,0.0060751247,0.9450742,2,63,0.0040247412,0.8530706,2,83,0.023327598,0.92953926,2,104,0.068664156,0.88378364,2,124,0.06020042,0.8952654,2,145,0.0,0.8181367,0,165,0.014469917,0.88893837,2,200
27,0.0048084566,0.90166044,2,20,0.06322901,0.9446934,2,40,0.010379747,0.83803695,2,61,0.0,0.7466698,2,81,0.034793217,0.9067588,2,101,0.0023381407,1.0068702,2,121,0.0,0.8921391,2,141,0.0,0.88524073,1,162,0.009096022,0.7731242,2,200
28,0.0042853258,1.0490499,2,25
29,0.0034985377,1.0238684,2,22,0.011827317,0.98619163,2,42,0.014312295,1.004838,2,63,0.0026964226,0.99547935,2,88,0.0055624703,1.0572872,2,109,0.0047325017,1.012168,0,129,0.000919751,0.97797525,2,149,0.0017079801,0.9868672,2,171,0.006001377,0.96142286,2,200
30,0.016917318,0.990327,2,20,0.0,0.9898264,2,40,0.0,1.0023121,2,60,0.009869896,0.94039655,2,82,0.021107567,0.91416997,2,102,0.01722425,0.8664587,2,124,0.0,0.77023935,2,144,0.012043596,0.9353298,2,164,0.0,0.90578854,2,200
31,0.025051763,1.0338024,2,20,0.0015690455,1.0287302,2,41,0.0008401721,0.9421278,2,66,0.0050106994,1.0759232,0,86,0.0,1.090415,0,107,0.0,1.1503074,2,127,0.0,1.1323725,0,151,0.0,1.1948347,0,178,0.0,1.1229056,2,200
32,0.013566142,0.97173774,2,20,0.01623812,0.88071233,2,40,0.016524445,0.8951454,2,60,0.02203914,0.8955059,0,80,0.0011209694,0.9648889,2,101,0.005939386,0.91633487,2,122,0.016303532,0.88279915,2,147,0.02867749,0.8843625,2,167,0.015182069,0.94764763,2,200
33,0.01435698,0.95439386,2,20,0.0,0.8712902,2,41,0.0,0.7136012,2,63,0.0,0.80208766,0,84,0.0,0.8823288,3,104,0.0,1.0003517,2,124,0.03132801,0.7296653,2,158
34,0.023371685,0.9487536,2,27,0.019345079,0.9079846,2,47,0.009964099,0.84671086,2,67,0.0,0.80507445,2,89,0.005210368,0.97056794,2,112,0.0,0.9135685,2,132,0.021575669,0.7808315,2,171
35,0.0,0.9779876,2,20
36,0.01606969,0.9531973,2,21,0.0046258923,0.9997406,2,45,0.023514515,0.9183695,2,65,0.015916416,0.91622955,0,85,0.057105113,0.96851194,2,105,0.0055860607,1.061752,3,130,0.019098418,0.932552,2,157
37,0.0018607269,1.0699776,2,28
38,0.028647846,1.0115596,2,20,0.0,0.9517187,2,40,0.0045975926,0.953018,2,71
39,0.00770877,1.0554454,2,20,0.0065886346,0.9925636,2,42,0.009001903,0.87350595,2,62,0.00015144401,0.9456148,2,88,0.0079428,0.9559801,2,109,0.012908502,0.95367724,2,134,0.009749353,0.92418903,2,157,0.014116427,0.910392,2,177,0.020980848,0.92199033,2,200
40,0.017167646,0.9270193,2,22,0.009010412,0.9329402,2,42,0.017417153,0.932223,2,62,0.02640965,0.93928534,2,91
41,0.015687551,0.96135837,2,28
42,0.010847831,0.90745074,2,25,0.018874373,0.8790389,2,46,0.0062982477,0.8392062,2,77
43,0.008622948,1.0379816,2,27
44,0.007853963,1.0118437,2,20,0.005866617,0.98445004,2,48,0.011169498,0.9411933,2,68,0.012153253,1.0289341,2,88,0.0016686853,0.97396123,2,114,0.0026154013,0.99016243,2,136,0.01541203,1.0282042,2,159,0.0043133837,1.0712656,2,200
45,0.0,1.0470368,2,20,0.00045479028,0.87097824,2,41,0.0,0.9123674,2,62,0.0,0.9226881,2,95,0.005153437,0.96232605,3,115,0.008201637,0.90154046,2,143,0.0,0.91228634,2,178,0.006459033,0.9324281,2,200
46,0.00074680994,0.9950373,2,24,0.020691484,0.96049,2,45,0.009238813,0.99352217,2,70,0.007672329,0.9707298,0,91,0.0,1.0129684,2,112,0.015187616,1.0006623,2,132,0.018010424,0.9915978,0,152,0.027502634,0.97633827,2,173,0.016198298,0.9324658,2,199
