0,0.007699003,1.0533062,2,21,0.0,1.0357274,2,49,0.011813814,1.0393611,2,75,0.0056383843,0.978028,2,95,0.041501664,0.94914854,2,115,0.03089126,0.8887752,2,135,0.0016698282,0.8832719,0,155,0.058480088,0.8762537,2,178,0.06479948,0.8540059,2,200
1,0.00814035,0.9900323,2,20
2,0.0015571301,0.91776204,2,21,0.0013818402,0.90422297,2,41
3,0.004446712,1.0466173,2,38
4,0.034747045,0.9722165,2,21,0.00077594887,0.9484572,2,42,0.008981751,0.96930534,0,63,0.0069783693,0.964548,2,83,0.0,1.0547698,0,104,0.0026329267,0.906729,0,136,0.004309231,0.88203996,2,158,0.013824061,0.854359,2,182
5,0.034489803,0.9149702,3,20,0.00020694236,0.99941635,2,44,0.034522627,0.91495323,2,64,0.0014899097,0.81975335,2,88
6,0.0041786265,0.9150392,2,20,0.0007490992,0.9197294,2,40,0.007740167,0.8756685,2,60,0.025599452,0.89073026,2,82,0.0061436514,0.8057492,0,103,0.0,0.6485194,2,124,0.0,0.6366361,3,144,0.0,0.6396339,2,164,0.0034702064,0.68872505,2,200
7,0.00600178,0.97021574,2,22,0.010019853,0.8880378,0,42,0.0025919818,0.926918,2,62,0.0031579528,0.9377239,2,83,0.009434379,0.903887,2,104,0.005977041,0.8669142,2,125,0.0,0.87057364,2,145,0.013455584,0.79733574,2,166,0.041704867,0.84973997,2,200
8,0.016094616,1.0381025,2,21,0.012634438,1.0569718,2,41,0.0037052291,0.99735785,2,81,0.016907753,1.0159053,2,104,0.012674108,1.0193996,2,124,0.008441511,0.95194244,2,144,0.0105213905,0.98546565,2,165,0.012981341,0.97675323,2,200
9,0.0028254313,1.004521,2,27
10,0.001519833,0.8600357,2,20,0.0,0.8856217,2,40,0.0,0.914509,2,60,0.039066553,0.92566586,2,80,0.017474636,0.84101284,2,100,0.0062616505,0.6750607,0,128
11,0.0,0.9199573,2,20,0.009025434,1.0050888,2,45,0.0073918225,1.0356994,2,65,0.0056092753,0.94392276,2,86,0.0,0.9403798,2,106,0.0026313204,1.0312058,2,126,0.01570859,1.0309274,2,146,0.021965876,0.9589429,2,166,0.0,0.88359314,2,200
12,0.0107893925,0.9803362,2,20,0.038640175,0.9122702,2,40,0.00014261351,0.8929548,2,60,0.047352657,0.8992058,0,80,0.01642779,0.8984588,2,101,0.007830684,0.96964025,2,122,0.0,0.9502436,2,142,0.017738411,0.9632204,2,162,0.0036890588,0.9537018,2,200
13,0.009687863,0.94245356,2,20,0.0018192837,0.9404477,2,45
14,0.012880716,0.96314126,2,25,0.015227499,0.9933872,2,49,0.005855316,0.9071659,2,69,0.020501576,0.9504117,2,105,0.006054008,1.0309732,2,127,0.0074888966,1.044173,0,147,0.0,1.0796701,2,167,0.0061083287,1.0534327,2,200
15,0.0012001828,0.9598452,2,40
16,0.0043295287,0.95387584,2,20,0.008467872,0.9444027,2,40
17,0.019898724,0.9470191,2,21,0.012958962,0.98510855,2,41,0.008713029,0.99135983,2,61,0.010738161,0.9625003,2,85,0.0056799413,0.9442518,2,114,0.020709919,1.01186,2,145
18,0.003978598,0.99773407,2,20,0.0036800809,0.9934419,2,40,0.005484932,0.95280135,2,68,0.011820207,0.9845397,2,88,0.0018348999,0.9957114,3,109,0.0013925004,1.0128416,2,130,0.001114031,0.9851845,2,150,0.0029076505,0.99821097,3,173,0.0009260045,0.9925392,2,200
19,0.031450924,0.9565813,2,20,0.015880842,0.883854,2,45,0.006814295,0.90719175,2,65,0.0,0.91863364,2,89,0.007842271,0.6800299,0,109,0.0,0.78312737,2,129,0.0,0.9495784,2,149,0.012149696,0.8813604,2,174,0.0,0.8597553,0,200
20,0.0017458117,0.99177533,2,20,0.01068037,0.9613674,2,54
21,0.001987812,1.0114042,2,36,0.008134188,0.9810964,2,56,0.011755726,1.0060325,2,90
22,0.022510746,1.0003029,2,24
23,0.0,0.8654149,3,24,0.011581487,0.933586,3,44,0.018561829,0.90472144,2,79
24,0.0055273687,0.9487351,2,21
25,0.0,1.0202006,2,23,0.0,1.0542207,2,43,0.00078583654,1.0355506,3,65,0.0006058901,1.0370538,2,112
26,0.0042076777,1.0490924,2,30
27,0.004766701,1.0357778,2,22
28,0.009916466,0.9516443,2,20,0.004922193,0.93297905,2,42,0.0,0.87073463,2,67,0.012431221,0.9033309,2,87,0.028907206,0.88837135,2,108,0.065594226,0.8203038,2,128,0.008370854,0.8085248,0,148,0.0,0.8072011,2,168,0.07402341,0.6036911,2,200
29,0.0,1.0237997,2,20
30,0.0028099816,0.96768045,2,20,0.04952901,0.96542656,2,40,0.011933255,0.9140314,2,62,0.0006211899,0.87862587,2,84,0.012008628,0.82490444,2,104,0.040484328,0.9604543,2,124,0.0120447045,0.79073304,2,144,0.0,0.55991256,2,164,0.013284918,0.8378958,2,200
31,0.0,0.925303,2,20,0.016729472,0.81864583,3,40,0.0041864445,0.9035956,2,74
32,0.009484811,0.97786695,2,22,0.0,0.94185764,2,42,0.0061063212,1.024617,3,64,0.050340742,0.9281814,2,85
33,0.014801877,1.0125256,2,23
34,0.020281069,0.96769506,2,21,0.0,1.0011847,2,41,0.0,1.0729831,2,65,0.005046954,0.96741945,2,104
35,0.002981686,1.0224042,2,25
36,0.015878038,0.98126554,2,20,0.0,1.0024836,2,40,0.0,1.0415087,2,60,0.013860963,0.99948066,2,81,0.0022034342,0.90312165,2,101,0.0,0.9910445,2,121,0.00033729058,0.9731574,2,145,0.0,0.95864195,2,166,0.023682784,0.85751116,3,200
37,0.0057735513,0.9623379,2,43
38,0.006663171,0.99986094,2,20,0.0006419912,1.0148886,2,44
39,0.01432733,1.0012751,2,20,0.0058966456,0.98120016,2,41,0.010135714,0.9507621,2,61
40,0.0069192485,0.99561805,2,20,0.0,1.0155344,2,41,0.0038894163,1.0410627,0,63,0.0,1.0968202,0,83,0.0017188536,1.0534174,2,103,0.017789977,1.089384,3,125,0.0,1.0230496,2,148,0.002799442,1.0064453,2,172,0.0,1.0670184,2,200
41,0.002033646,1.0045193,2,23,0.04571216,0.958114,2,43,0.027600495,0.97051495,2,67,0.013532263,0.9868939,2,89,0.0,1.0488845,0,110,0.010613093,1.0263464,2,131,0.009636315,1.0665501,2,153,0.029516917,0.99172395,2,176,0.0053277984,0.96378404,2,200
42,0.05746472,0.8939887,2,20,0.007879282,0.7279985,2,40,0.0,0.62237763,0,78
43,0.0,0.92548907,2,20,0.0,0.9506606,2,40,0.030187964,0.9396669,2,61,0.021859534,0.92873746,2,81,0.013362005,0.89362526,2,101,0.0088556465,0.79205894,2,121,0.00285201,0.9207804,2,144,0.0,0.7766056,2,166,0.034982763,0.8733792,2,200
44,0.016077168,1.0437158,2,24
45,0.0042287554,0.96023846,2,22,0.003459238,0.9801539,2,42,0.0026336752,1.0022732,2,62,0.014773951,0.9351411,2,83,0.015153932,0.9258806,2,103,0.025957048,0.8640045,0,124,0.008559944,0.88077426,3,146,0.004291649,0.8977521,2,166,0.0029920295,0.8440366,2,200
46,0.002106049,1.0591465,2,22,0.0034700988,0.97734314,2,44,0.025324186,0.95623744,2,64,0.010391669,0.9310849,3,86,0.038401026,0.92065495,2,107,0.026936717,0.83503574,2,130,0.0,0.9946801,2,151,0.0114126,0.9622686,2,173,0.0024093976,1.0080146,2,200
47,0.08980854,1.0304544,3,20,0.0,0.94360745,2,41,0.09691647,0.603847,2,79
48,0.023223963,0.9163831,2,27,0.00033125206,1.0263336,2,47,0.0025087611,1.0415329,2,86
