0,0.0018575847,0.99945974,2,25,0.041377794,0.8943287,2,45,0.033182647,0.8872107,0,66,0.03621444,0.92464095,2,90,0.010595331,0.92255723,2,110,0.022868762,0.9571872,2,131,0.031240648,0.8326128,2,152,0.04690335,0.8227165,0,174,0.00262705,0.8829232,2,200
1,0.0029952424,0.98248523,2,39
2,0.0,1.0299798,2,22
3,0.0024294609,0.93261987,2,24
4,0.0034926794,0.9911647,2,40
5,0.0029917578,0.8881405,2,20,0.014616275,0.8356058,2,41,0.0,0.88589257,0,61,0.0,0.84441155,3,81,0.0061599473,0.9559859,3,101,0.055851795,0.65002674,2,121,0.011919046,0.6897551,2,142,0.0,0.5749632,1,162,0.06323237,0.5765677,2,200
6,0.021133935,0.8973264,2,21,0.077770256,0.7386468,2,51
7,0.02106951,0.93914205,2,21,0.011416678,0.90219396,2,42,0.008534097,0.9399934,2,76
8,0.010515963,0.9054055,2,20,0.054379415,0.88523567,3,40,0.056064487,0.94917786,0,76
9,0.034804303,0.8986126,2,20,0.014757177,0.8820125,2,40,0.012699416,0.8619046,2,60,0.0,0.8691559,2,82,0.022735704,0.878442,2,102,0.0043538795,0.8141543,0,122,0.008066867,0.83855283,0,142,0.0,0.84885013,2,162,0.0037589457,0.77257,0,200
10,0.004702746,0.98683983,2,21,0.037964907,0.7960311,2,41,0.05744926,0.73162603,2,61,0.011692129,0.40791494,2,82,0.011483064,0.80714685,2,102,0.0,0.5156847,1,122,0.0,0.3778716,1,142,0.05313947,0.40906817,2,162,0.0,0.4155,1,199
11,0.013693049,0.9751609,2,21,0.009914862,1.0265597,2,41,0.014801796,0.9351524,2,68,0.006472842,0.9362767,2,89,0.0,0.7877579,2,109,0.00325946,1.0020607,2,129,0.0034769252,0.9921152,2,149,0.029277628,0.93855,2,169,0.0041194153,1.015384,0,200
12,0.0031360202,0.9400773,2,35
13,0.008646291,0.9882353,2,25,0.028053695,0.97220516,2,45,0.0049237143,0.914181,2,68,0.008558743,0.9283551,2,88,0.016881254,0.88197553,2,108,0.01911222,0.9296816,2,128,0.019503107,0.9311229,2,148,0.01103852,0.89628685,2,169,0.0065650423,0.90972346,2,200
14,0.015143514,0.89303714,2,21,0.008069868,0.84947515,0,59
15,0.006415179,1.0399847,2,24,0.000650786,0.94533896,2,51,0.0,0.89733326,2,144,3.248207e-05,1.0387282,2,200
16,0.008547911,0.9130156,2,24
17,0.019898696,0.9525939,2,29,0.0071897856,0.9471283,2,50,0.0044592693,0.93740046,0,70,0.022839852,0.7548761,2,90,0.014318074,0.83851653,2,110,0.021028282,0.9717088,2,137,0.016224349,0.9683993,2,168
18,0.00036042038,1.0467678,0,23
19,0.010056333,0.94388163,2,21,0.001260103,0.9320467,2,44,0.04396431,0.87220454,2,69,0.0016829217,0.9965032,2,93,0.04599726,0.85666716,2,113,0.0018579138,0.9554164,2,133,0.010168326,0.92611456,2,153,0.009265615,0.9921632,2,173,0.005556688,0.9796276,2,200
20,0.014868995,0.9473368,2,35
21,0.0087985955,1.0255494,2,20,0.02914462,0.9491844,2,43,0.011612015,0.9505207,2,63,0.0051823366,1.0033754,2,84,0.020824805,0.96594274,2,104,0.015162225,1.0277468,2,125,0.009808042,0.9703023,2,151,0.062001854,0.95303357,2,178,0.05308347,0.91000944,2,200
22,0.00085259177,1.040803,2,37
23,0.0094179455,1.0255408,2,26
24,0.0043889573,1.0046846,2,31
25,0.0,0.96024096,2,20,0.024235703,0.9358652,2,52
26,0.001822285,1.0803955,2,21,0.008200051,1.0341475,2,53,0.004507899,1.0573056,2,73,0.0008055412,1.0941375,2,109,0.0,1.0639681,2,130,0.007706906,1.0505573,2,152,0.024959218,0.98304904,2,173,0.0048750406,1.0074117,2,200
27,0.022425298,0.91087216,2,20,0.008957799,0.9025337,2,40,0.018818168,0.9635394,2,60,0.030120779,0.8439907,2,81,0.103678934,0.75330937,0,110
28,0.009814362,0.9885791,2,20,0.020304378,0.84852135,2,40,0.006689998,1.0519722,0,60,0.0049034236,0.8871004,2,81,0.059149325,0.85695046,0,101,0.11174027,0.663875,2,127,0.0,0.97528803,2,147,0.008623166,0.75251293,0,167,0.07760084,0.6232018,2,200
29,0.022198543,0.9359377,2,20,0.010092498,0.8855891,2,40,0.0,1.0130976,2,60,0.04312538,0.8854085,2,80,0.018234976,0.71819055,2,100,0.006404656,0.6988159,0,120,0.0,0.89011323,3,140,0.03916379,0.9743967,2,164,0.015750222,0.87961906,2,200
30,0.005580751,1.0041702,2,20,0.019631805,1.005089,2,40,0.0031062001,1.0998082,0,64,0.0,1.0789891,0,84,0.0077160164,1.1010408,0,104,0.00228811,1.0165323,2,125
31,0.010138875,0.9914765,2,33
32,0.018101979,0.8918098,2,20,0.0036392382,0.980011,2,44,0.0,1.0399733,2,65,0.003960788,0.97218794,2,87,0.0,1.0090601,2,107,0.024663787,0.9154003,2,130,0.012771766,0.9216254,2,166
33,0.013601552,0.9772694,2,30,0.014929291,0.93912244,2,66,0.011942684,0.9478668,2,95
34,0.026273908,0.9899695,2,29,0.018127047,0.935949,2,65
35,0.011402393,0.95984966,2,20
36,0.1002738,0.8570765,0,20,0.041816507,0.65614194,2,42,0.021184796,0.46426606,0,62,0.02888228,0.80464184,2,90
37,0.023725523,0.8264173,0,20,0.0019776463,0.8662104,2,41,0.004339284,0.86103356,2,61,0.0,0.9477449,2,82
38,0.03048487,0.9685899,2,37
39,0.017381955,0.99084157,2,20,0.005763679,1.0428847,2,49,0.0,1.0294902,2,74,0.0024359415,1.0745133,2,96,0.0,0.9294199,2,116,0.06327907,0.89625907,2,138,0.0,0.94540405,2,161,0.0009241581,0.9059997,2,200
40,0.010808387,1.0076859,2,20,0.006288305,1.05097,2,44,0.0,1.114273,2,64,0.010322323,1.0211651,2,104
41,0.001927853,0.9780913,2,21,0.015527054,1.0032618,2,52,0.06564693,0.9696051,2,72,0.0075070234,0.9542719,2,92,0.0,0.9325667,2,120,0.012084955,0.8898,2,141,0.0,0.75031674,0,161,0.054633494,0.89492476,2,200
42,0.0026353751,0.9512774,2,20,0.0067026005,0.97435665,2,40,0.0,1.0789759,2,61,0.0,1.0533458,2,85,0.0,1.0471016,2,131,0.0069469437,0.965061,2,151,0.0,1.0244561,2,174,0.015110591,0.92838657,2,200
43,0.0008329237,0.9794766,2,20,0.0061700703,0.9639788,2,47,0.0086215,0.921512,2,69,0.0,1.0272793,2,89,0.0,0.994997,2,111,0.0,0.90583575,2,137,0.0,0.8236953,2,170
44,0.010279645,0.9858404,2,24,0.0037554484,0.9332347,2,44,0.006699602,0.9861547,2,73,0.0007537147,0.9957787,2,108,0.011297174,1.0365341,2,129,0.017316228,1.0024297,2,150,0.03138086,0.9443805,2,172,0.010328225,0.99232954,2,200
