0,0.009028474,1.0076044,2,20,0.0120409895,1.0084834,0,40,0.0,1.0143695,0,61,0.00047596765,1.0477992,2,86
1,0.01413089,1.0002209,2,25
2,0.009576484,0.9781867,2,33
3,0.017428411,0.910217,2,20,0.00807389,0.8312314,2,41,0.039782632,0.8491677,2,61,0.008066598,0.95339495,2,100
4,0.021004627,0.9573736,2,20,0.005657739,0.9842748,2,41,0.0013029221,0.80460405,0,61,0.0385306,0.6845542,2,81,0.008733286,0.67096454,2,101,0.066387914,0.6631664,2,121,0.22183995,0.5446156,0,142,0.0,0.4508477,0,162,0.041704725,0.6672339,2,200
5,0.0,0.9538595,2,23,0.0,0.89390266,2,43,0.016666153,0.9275511,2,63,0.008165819,0.75941265,2,83,0.0,0.80777156,1,104,0.0,0.97167456,2,124,0.007876022,1.0489001,2,144,0.01609852,0.9355466,2,164,0.00079370715,0.9201145,2,200
6,0.0003760858,0.8955414,2,32,0.002495788,0.8572337,2,52,0.0,0.77799475,2,72,0.0,0.66807693,2,92,0.0,0.45771718,2,113,0.014385136,0.68612736,2,133,0.009342856,0.78613526,2,168
7,0.005552575,1.0272511,2,20,0.0074071856,0.9548399,2,42,0.000964344,0.93566495,2,62,0.0010898688,1.0929868,2,84,0.006008112,1.1574337,2,104,0.0,1.1393497,0,124,0.0,1.1925288,0,147,0.0,1.1489823,2,167,0.0,1.1045623,3,200
8,0.010753434,0.9668643,2,39
9,0.023795689,1.0208077,2,20,0.02380317,1.0348432,2,52
10,0.035003025,0.98749137,2,31,0.09984452,0.9693869,2,69
11,0.014528001,0.93519175,2,20,0.018977199,0.9714801,2,49
12,0.006539945,0.92542756,2,21,0.0,0.9414557,2,41,0.0,0.8804194,2,61,0.0,0.76913834,2,82,0.016825486,0.7897219,2,102,0.011225449,0.75180113,2,122,0.0,0.77554476,0,142,0.0,0.83685553,0,162,0.0021464042,0.8694838,2,200
13,0.040946957,0.9761141,2,20,0.0,0.96336603,2,40,0.0,0.8287617,2,61,0.016456407,0.72957945,2,82,0.08200279,0.7162388,2,102,0.0040807533,0.7463871,0,122,0.0038044255,0.68971,2,142,0.026892047,0.6461312,0,162,0.021492908,0.47401693,0,200
14,0.0010519166,0.94104016,2,20,0.016520578,0.87517583,2,40,0.011935901,0.9055055,2,60,0.0,0.7466644,3,80,0.003836149,0.8221124,2,100,0.0004944669,0.9508107,0,122,0.020730041,1.0206267,0,148
15,0.0064719142,1.0328301,2,31
16,0.033219635,1.0190392,2,21,0.03703103,1.0385437,2,41,0.061868735,0.93352544,2,62
17,0.0099309115,1.0127275,2,20,0.019236201,0.96379566,2,60
18,0.015030349,0.9869067,2,20,0.00081955607,0.9075438,2,40,0.0,0.87836856,2,60,0.0005719056,0.9381593,2,81,0.019695919,0.8971613,2,101,0.0061507556,0.85561574,2,128
19,0.016604116,0.96951294,2,20,0.037698954,0.9577878,2,41,0.0032676384,0.8061449,0,61,0.015811332,0.89087224,2,82,0.039904136,0.8583581,2,103,0.051611878,0.9169887,2,123,0.020974074,0.9586586,2,146,0.062100552,0.8542782,2,166,0.013074232,0.8484398,2,200
20,0.0,0.92764425,2,21,0.022742186,0.8672591,2,42,0.0076532913,0.808358,2,62,0.04512825,0.7776241,2,82,0.005134828,0.76956415,2,103,0.029575307,0.86590433,2,123,0.020076241,0.9129394,2,143,0.045834143,0.7623095,2,163,0.017809901,0.8396214,2,200
21,0.035315998,0.9279644,2,20,0.026191613,0.8430899,2,50
22,0.044663925,0.9260758,2,27
23,0.013450733,0.9549481,2,21,0.005294373,0.86706525,2,42,0.0033379558,0.79320395,2,62,0.0044654617,0.6886689,2,82,0.0011728826,0.60638887,0,102,0.05392168,0.66792595,0,122,0.022837298,0.8069196,2,143,0.00034570758,0.71664006,2,163,0.02966879,0.61996555,0,200
24,0.007983823,1.0497215,2,31,0.0050367187,1.0169281,2,56,0.008765685,1.001908,2,90,0.0,0.99573964,2,110,0.029946392,0.9139389,2,132,0.011327157,0.92543304,2,153,0.023102118,0.8429758,2,200
25,0.010915711,0.98831767,2,25,0.008162198,0.9758029,2,48,0.009493258,1.0122799,2,69,0.00956038,0.9521602,2,95,0.034174167,0.94021213,2,116,0.025024137,0.9505234,2,136,0.0049709473,0.92272216,2,172
26,0.0179755,0.92000055,2,20,0.00028712154,0.8878549,2,40,0.045617826,0.9157125,2,60,0.020057408,0.9018022,2,86,0.015412692,0.9056773,2,110,0.030645605,0.8912424,0,130,0.00080505636,0.8300854,2,151,0.026784528,0.9158781,0,171,0.016246479,0.8828616,2,200
27,0.0031279712,0.92495364,2,22,0.0030706464,0.82167417,2,42,0.0032627122,0.8593809,2,62,0.00800986,0.8577031,2,82,0.041322093,0.9767138,2,102,0.036663286,0.8408507,2,122,0.014955534,0.8876597,2,143,0.00964836,0.8926465,2,164,0.016379109,0.9199412,2,200
28,0.007307291,1.04202,2,28,0.0050557163,1.0759795,2,52,0.0009202173,1.0180304,2,72,0.0077133924,1.047237,2,93,0.0050268644,1.0300906,2,113,0.011873352,1.036764,2,136,0.007425733,1.0395445,2,162,0.0027897097,0.9857645,2,195
29,0.012787976,1.0005523,2,22,0.008355405,0.93096733,2,42,0.00015910342,0.96435374,2,62,0.0131752435,0.8295616,2,82,0.038647342,0.8881423,2,102,0.027137151,0.93025243,2,122,0.02637985,0.876332,2,142,0.019060161,0.85110575,2,163,0.04166365,0.8774045,2,200
30,0.005355209,0.8663858,0,20,0.0074623064,0.88334876,2,58
31,0.027807895,0.9236981,2,21,0.004733175,0.88625497,2,41,0.022632336,0.7850933,2,62,0.0012475695,0.646798,2,84,0.032792546,0.8038821,3,109,0.027465945,0.7659975,0,129
32,0.0021742934,0.925035,2,21,0.0005721614,0.8665946,2,41,0.03754602,0.90467626,2,62,0.020772334,0.7924913,0,82,0.0,0.76688135,2,102,0.019047085,0.68401855,0,122,0.02464655,0.80206764,1,142,0.0,0.6679479,2,163,0.009336154,0.750976,2,200
33,0.014532057,0.9384745,2,20,0.0088794045,0.9449296,2,41,0.00855594,0.92633593,2,71
34,0.00348748,0.9844028,2,20,0.029051086,1.0082897,2,40,0.010463622,0.9933825,3,62,0.0,1.0036278,2,82,0.00023724812,0.9232209,2,103,0.0,1.0343484,2,123,0.0,1.0449612,2,143,0.0017656178,0.84758884,2,163,0.043640006,0.8584927,2,200
35,0.004317781,0.9809633,2,24
36,0.00085421995,0.86372733,2,26,0.038871326,0.8349681,2,47,0.007793559,0.91366106,2,69
37,0.01707992,0.98777884,2,33
38,0.0,1.0438768,2,26
39,0.0,0.9747364,2,22,0.009723941,0.9547698,2,42,0.0,0.8525897,2,63,0.0,0.6845306,2,83,0.0,0.43356022,1,103,0.0,0.6217015,2,123,0.0,0.43177328,1,161
