0,0.00995208,0.98516405,2,20,0.011239907,0.92506045,2,40,0.028224181,0.91382724,2,60,0.013162617,0.85622495,2,89,0.004672418,0.88100845,2,109,0.02846856,0.93789065,2,129,0.02764053,0.88591814,2,149,0.006931479,0.7906343,2,169,0.0014071047,0.7733788,2,200
1,0.008509925,0.96558315,3,28,0.0173589,0.9905051,2,48,0.0076045296,0.97138923,2,77,0.0142754335,0.9940562,2,98,0.0008732256,0.98318756,0,118,0.0,1.0779451,2,140,0.00036101523,0.97336316,2,164,0.007832362,0.9760606,2,200
2,0.0035868015,0.87718725,2,24,0.0044908333,0.7762817,2,44,0.0,0.74460495,2,64,0.0,0.6849836,2,84,0.0035091913,0.67375714,0,104,0.023217263,0.4847761,1,124,0.0,0.63854146,2,146,0.0023055244,0.6855956,0,166,0.00015339031,0.6963932,2,200
3,0.028601935,0.97673494,2,20,0.0076882048,1.0044798,3,40,0.0,0.984688,3,60,0.006268869,0.9174177,2,80,0.027906045,0.7442764,2,100,0.002992801,0.61628777,2,120,0.023258662,0.58392894,0,153
4,0.0,0.88202447,2,20,0.04182785,0.95975226,2,40,0.02027886,0.91421616,2,61,0.00735492,0.84115684,2,84,0.02584042,0.80742854,2,104,0.03251674,0.8162341,2,124,0.104323454,0.6913482,2,146,0.0,0.76696306,0,168,0.0515611,0.67751074,2,200
5,0.00261348,0.9891706,2,30,0.008544649,0.9676892,2,50,0.02302613,0.8949458,2,73,0.004885871,0.899707,2,96,0.014566314,1.0039825,2,116,0.014958061,1.0110726,2,139,0.020229526,0.94715554,2,160,0.045989495,0.96290666,2,180,0.0063523552,1.0285915,2,200
6,0.0016572422,1.0097396,2,20
7,0.011375779,0.93464947,3,20,0.0031904061,0.9621028,2,52
8,0.0,0.99861467,2,23,0.03934178,0.9485794,2,54
9,0.009149047,1.0317651,2,24,0.045368522,0.9759873,2,44,0.029384151,0.98350316,2,73
10,0.0,0.9179344,2,20,0.009395365,0.907624,2,41,0.02655367,0.9134693,2,61,0.0,0.8278367,2,81,0.025148695,0.83824664,2,102,0.0,0.7739706,2,122,0.030161427,0.92161316,0,144,0.0,0.74331635,2,164,0.010867791,0.7375894,2,200
11,0.010584382,0.8533376,2,20,0.0009265455,0.67356426,2,40,0.0,0.6633698,0,60,0.0,0.6578892,2,81,0.0,0.46513638,2,101,0.0,0.6595422,2,121,0.0,0.50879484,1,141,0.0,0.5531815,1,162,0.0,0.5127155,1,200
12,0.018566862,0.95217735,2,38
13,0.015644614,0.99050856,2,20,0.0,0.98221,2,44
14,0.016977344,0.9304706,2,20,0.012034038,1.0008928,2,40,0.043035813,0.9219065,2,68,0.023589168,0.8861572,2,88,0.025843685,0.8832489,2,110,0.007638917,0.8838466,2,135,0.00087873917,0.93115646,2,155,0.0023512642,0.93398607,2,175,0.0011643487,1.0422566,2,200
15,0.0010076974,0.97122496,2,24,0.038906727,0.9843473,2,45,0.026294772,0.9242285,2,65,0.022420619,0.8673045,2,86,0.020677373,0.87421304,2,106,0.030171305,0.8298859,2,128,0.0006419696,0.92347413,2,151,0.0,0.8646326,0,171,0.0063820686,0.7594767,2,200
16,0.0017348662,0.9315106,2,20,0.002166291,0.79724765,2,40,0.0028625259,0.9039508,2,60,0.06714222,0.90644646,2,80,0.0016390581,0.80553335,2,117
17,0.001156233,0.92706406,2,21,0.0021492287,0.892556,2,45
18,0.0008433633,0.96904314,2,23
19,0.011031416,1.0082688,2,22,0.020396352,0.9509985,0,42,0.04697738,0.9433469,2,72,0.010191432,0.9083018,2,94,0.01464911,0.900097,2,114,0.02464243,0.9092088,2,135,0.012364307,0.90761787,2,155,0.0018494914,0.9274436,2,176,0.02752333,0.92529505,2,200
20,0.008129111,0.9635941,2,21,0.0032507798,0.92826885,2,48
21,0.015186369,0.9555863,2,21,0.0,0.9325291,2,41,0.042787682,0.93680954,2,61,0.016346063,0.9333359,2,81,0.021649519,0.9405163,2,103,0.0023926469,0.9876965,2,128,0.015201685,0.93146086,2,148,0.0,0.88901025,2,170,0.002135511,0.7085831,2,200
22,0.013045845,0.98867524,2,20,0.034923036,0.8827709,2,41,0.00896978,0.97841454,2,62,0.010864596,1.028076,2,86,0.0075616753,0.9872173,2,112,0.044299133,1.0601938,2,132,0.007932109,1.0001868,2,154,0.0,0.99364394,2,174,0.0019241038,0.97543085,2,200
23,0.0030557555,0.9961791,2,23,0.06314248,0.90935606,2,44,0.046621833,0.97787,2,64,0.06357238,0.87556267,2,88,0.0021999485,0.89279187,2,108,0.0,1.1472207,0,128,0.0,0.8340254,0,152,0.0068236836,0.7196339,0,172,0.0046347156,0.62203026,2,200
24,0.009914591,0.9745544,2,39
25,0.011560628,1.0413606,3,23
26,0.0032324244,1.0138189,2,24
27,0.01358033,1.00718,2,20,0.059281964,0.9261834,2,41
28,0.022939643,0.9562712,2,20,0.021171385,0.96624684,2,45,0.0035465318,0.9716238,2,65,0.0,0.8808991,2,85,0.0,0.805157,2,105,0.0017250531,0.88163954,2,134
29,0.0,0.9656722,2,24,0.0051666363,0.96616393,2,44,0.007950294,0.89202106,2,64,0.033644572,0.931797,2,84,0.04489512,0.9618778,0,104,0.0,0.93947613,2,125,0.038715594,0.97069323,2,145,0.04009469,0.6939266,2,175
30,0.0,1.0188738,2,23
31,0.014288142,0.9900274,2,22,0.0,0.9566378,2,43,0.028176323,0.9711446,2,64,0.0032367148,1.1194296,2,84,0.0,1.100386,3,107,0.0,1.1909314,3,131,0.0,1.1523873,2,151,0.0,1.144044,0,172,0.00010329565,1.0740627,0,200
32,0.005601921,1.0031816,2,20,0.015360275,0.9834778,2,40,0.002471482,0.9144904,2,60,0.017250184,0.95142925,2,80,0.00391884,0.8689923,0,100,0.0,0.97345054,2,121,0.009735789,0.9635742,2,143,0.0012000754,1.0884962,2,163,0.0071662343,1.079256,2,200
33,0.0110912165,1.0270414,2,20,0.006830421,0.9621103,2,66,0.019905299,0.9699299,2,88,0.006538832,0.98743767,2,112,0.0058900565,0.9782665,2,133,0.03620975,0.9133874,2,153,0.013432237,0.9145567,2,173,0.007984585,0.8308087,2,200
34,0.008314286,0.9758652,2,20,0.050848186,0.9231245,2,40,0.0037745715,0.992113,2,60,0.011520615,0.9339652,2,81,0.010059433,0.91331667,2,107,0.0,0.89275694,2,127,0.045140665,0.7680235,3,147,0.009717842,0.8893007,0,167,0.029624367,0.9325496,2,200
35,0.013588528,0.9730973,2,21,0.0,0.8978748,2,43,0.059499107,0.79046935,0,63,0.0,0.8215374,2,83,0.02348387,0.7666999,2,103,0.053964645,0.7362608,0,123,0.01308347,0.62323433,2,143,0.040409304,0.6927698,2,166,0.0568537,0.76611316,2,200
36,0.0058181705,1.0771419,2,22,0.0,1.0766869,2,42,0.0,0.9886495,2,62,0.0036130298,1.0438901,2,88
37,0.00897799,1.0070362,2,20
38,0.0,1.0156174,2,25,0.0,0.9803955,2,45,0.036219377,0.91161555,2,65,0.0,0.9374471,2,85,0.0057019056,0.9247812,2,105,0.017191615,0.9424405,2,125,0.013124335,0.8924411,2,145,0.010834894,0.8943629,3,173
39,0.005625635,1.0290755,2,23
40,0.0061686714,0.95091665,2,21
41,0.011447865,0.93911,2,22,0.028334457,0.98063934,0,42,0.05068483,0.78649455,2,66
42,0.002808861,1.038883,3,21,0.020355983,1.04152,2,49
43,0.0069770887,0.98901176,2,24,0.010653073,0.9162396,2,45,0.011844459,0.9237872,2,68,0.0015177219,0.91085875,3,88,0.03722631,0.8790286,2,109,0.004986916,0.908948,2,135
44,0.01644726,0.9768771,2,21,0.008810946,0.9522196,0,59
45,0.008710669,1.0753186,2,29
46,0.0015163714,1.0417287,2,21
