0,0.0028160238,1.0009378,2,32
1,0.0,0.8742738,2,20,0.062306255,0.74735457,0,40,0.004258641,0.7204066,2,61,0.0,1.0549644,2,82,0.0,0.7032524,2,103
2,0.008005605,0.9788269,2,25,0.01999698,0.946754,2,49,0.03865529,0.9172465,2,70,0.012223438,0.9512656,2,93,0.034527306,0.95837945,2,129
3,0.003969865,1.0002569,2,21,0.015940534,0.98364943,2,46,0.013551335,0.97612065,2,69
4,0.007846115,0.9569844,2,21,0.007257336,1.0505892,2,44,2.701146e-05,1.0357172,2,65,0.0,0.90618914,2,87,0.011702249,1.0094899,2,107,0.007009935,0.9534433,2,130,0.010430092,0.9104122,2,151,0.016793724,0.85930943,2,173,0.010867589,0.9050994,2,200
5,0.01067332,1.0456659,2,20,0.0062265736,0.998129,2,47,0.0054037394,0.9985503,2,67,0.00714243,1.0171146,2,91,0.0,1.0824628,2,113,0.0009947869,1.10047,2,151,0.0,0.99407035,2,171,0.029409844,0.97862107,3,200
6,0.0002645161,1.0244336,2,20,4.8363952e-05,0.9037391,2,40,0.0,0.9667555,2,60,0.0036187742,0.9177593,2,80,0.019284531,0.88958603,2,101,0.0,0.9566698,2,121,0.0032526136,0.9793498,2,141,0.0,0.72698843,2,161,0.106122024,0.8385561,2,184
7,0.011081785,0.97875047,2,26
8,0.0068639745,0.96624684,2,22
9,0.015407906,0.97193986,2,34
10,0.025834203,0.9430512,2,20,0.0,0.9103079,2,40,0.0,0.99410534,2,64,0.008259219,0.90012425,2,85,0.035735585,0.84353304,2,105,0.06901787,0.65446126,2,125,0.0,0.85217875,2,145,0.0,0.9091816,2,165,0.0036717951,0.7808073,2,193
11,0.035308495,0.95476615,2,20,0.0,0.9153167,2,40,0.008787898,0.7599244,2,60,0.011214477,0.7170159,2,80,0.0018630786,0.8350708,2,100
12,0.0,1.033374,3,20,0.001985524,0.96609545,2,52
13,0.023406364,0.91018975,2,21,0.012304405,0.93656397,3,41,0.019526327,0.9205714,2,63
14,0.00059536163,1.0082457,2,29
15,0.0025386885,0.97286195,2,20,0.0,0.9813942,2,42,0.0,1.012067,2,62,0.0148715945,0.984899,2,83,0.0023719436,0.9690418,2,109,0.013743463,0.9027776,2,133,0.0045402786,0.9284959,2,153,0.010726196,0.9683383,2,173,0.0066436506,0.9122571,2,200
16,0.0030420248,0.93886155,2,24
17,0.008700828,0.9981826,2,26
18,0.020746816,0.934377,2,21,0.0117018465,0.9172492,2,42,0.008252724,0.85435486,2,62,0.0,0.91292477,2,82,0.0007982691,1.0003898,2,109,0.0014499046,0.97303367,2,131,0.008158505,0.95787364,2,152,0.015870238,0.96244746,2,172,0.012443281,0.9174751,2,200
19,0.0029690964,0.93604904,2,21,0.051569723,0.8944583,2,42,0.0,0.8563134,2,62,0.003942762,0.82462645,2,83,0.019852955,0.9125228,2,103,0.03171137,0.9648193,2,123,0.023277864,0.9205717,2,143,0.0,1.0310836,2,165,0.010523894,0.9565218,2,200
20,0.0040275888,0.9616721,2,20,0.0014962109,0.9301919,2,40,0.0021084754,0.9483647,2,62,0.0,1.0365907,2,82,0.0,0.8256388,2,102,0.0,0.90034074,0,123,0.038092237,0.93299484,3,143,0.0,0.7876805,2,164,0.0014119698,0.678919,2,200
21,0.007941259,1.0490372,2,20,0.0,0.9935976,2,40,0.0020237223,0.94835836,2,60,0.008420406,0.93368685,2,80,0.007762338,0.9248288,0,100,0.017932992,0.9331988,2,120,0.0044166325,0.8845307,2,140,0.008284274,0.95127344,2,163,0.0043810387,0.94782376,2,185
22,0.018382873,0.9308424,2,20,0.011681796,0.9313739,2,46
23,0.005900485,0.8694548,2,21,0.008633887,0.9553512,2,41,0.07742092,0.88552415,2,61,0.024317881,0.8608466,2,96
24,0.0,0.6837756,2,20,0.0,0.6770027,2,40,0.0,0.67988575,1,60,0.055867188,0.4192558,2,80,0.0,0.32370773,1,105,0.0,0.27200606,1,128,0.0,0.5469958,1,149,0.079693146,0.35967043,1,190
25,0.015565976,0.9607893,2,22,0.0009991627,0.99306375,2,42,0.002101991,0.905762,2,72,0.0,0.9056012,2,93,0.010691622,0.8249507,2,113,0.013449857,0.8617461,2,144
26,0.0,1.070989,2,20,0.0,1.050788,2,43
27,0.0,1.0138808,2,22
28,0.0,0.93494034,2,20,0.027648395,0.8567437,2,40,0.02594282,0.8472472,0,61,0.0,0.6241797,0,82,0.049869873,0.7290567,0,102,0.0,0.75124305,2,135
29,0.014652382,0.98657227,2,23,0.024560355,0.9559497,2,45,0.010515315,0.9452211,2,65,0.02030752,0.944493,2,85,0.016903894,0.99965894,2,106,0.0020970001,1.0187645,2,127,0.0028294134,0.9916217,2,147,0.015637137,0.90307987,2,173,0.010829658,0.97473896,2,200
30,0.029763078,0.88222253,2,22,0.020024618,0.92074966,2,49
31,0.017962556,0.91529053,2,20,0.013694199,0.91288257,2,47
32,0.0,0.9821806,2,20,0.049350653,0.8892951,2,44,0.013903239,0.9108101,2,70,0.0016633667,0.9820473,2,95,0.010475983,0.98041654,2,116,0.011524647,0.94049054,2,140,0.028673792,0.91140413,2,174,0.0032824348,0.9336812,2,200
33,0.023453655,0.93109816,2,25,0.014402071,0.8805932,0,45,0.0,0.86258733,2,65,0.001202143,0.7618571,2,85,0.048000813,0.734778,2,105,0.0065032975,0.72585,2,125,0.06665965,0.9089961,2,145,0.021031383,0.7604224,2,165,0.04265405,0.60881317,2,200
34,0.007198377,1.0112827,2,28
35,0.0,0.87301254,2,20,0.03859205,0.75296855,2,40,0.026759904,0.5411641,2,60,0.00590783,0.6841116,2,80,0.021149354,0.6088755,0,100,0.0,0.492707,0,121,0.02418687,0.4636396,0,142,0.0,0.18064705,1,167
36,0.022240832,0.99416053,2,23,0.0,1.037626,3,44,0.0,0.9652373,2,72,0.024553623,0.90385616,2,93,0.0,0.986509,2,113,0.0036235147,0.9074364,2,136
37,0.0023460672,0.8691548,2,20,0.0,0.9292821,3,41,0.0,0.84527767,2,61,0.0,0.7187474,0,81,0.081926905,0.62320924,0,101,0.05018006,0.55752677,0,121,0.0,0.8111659,0,141,0.017681982,0.75311,2,161,0.0,0.78477466,2,200
38,0.0036628942,0.9537792,2,23,0.030884024,0.9461726,2,43,0.033764884,0.94245213,2,63,0.007422127,0.92637146,2,83,0.0,0.90942717,2,103,0.00048937974,0.93963003,0,124,0.022148017,0.961668,2,156,0.04942913,0.9388278,2,176,0.0033028135,1.0680374,2,200
39,0.038661912,0.9847127,2,21,0.002744884,0.9537822,2,41,0.0049622394,0.9554858,2,65,0.013852839,0.9591929,2,85,0.040364377,0.9681386,2,105,0.019018907,0.94498336,2,135
40,0.009661302,0.9452497,2,34
41,0.0011294251,1.0091763,2,24,0.023234008,0.9287227,2,62
42,0.0051423144,0.97694474,2,25,0.006197907,0.9724852,2,45,0.0030417107,0.98503494,2,78,0.011220979,0.9286151,2,98,0.073077686,0.9732009,2,118,0.022898395,0.91287386,2,138,0.00790513,0.9254465,0,158,0.06261647,0.8009681,2,188
43,0.0131358225,0.9080148,2,21,0.0,0.87818253,2,41,0.0,0.95481056,2,62,0.05907639,0.9708868,2,82,0.0045261574,0.912596,2,107
44,0.0,0.9241722,2,20,0.0,1.0179346,2,41,0.0022192483,1.1066738,2,65,0.01004664,0.9905559,2,85,0.0,0.95471954,2,106,0.011656877,0.99664885,2,128,0.009679904,1.0153726,2,148,0.0,0.9960386,2,168,0.0067923144,1.0243216,2,200
45,0.015083365,0.90076464,2,24,0.0,0.96405756,2,47,0.0044981316,0.9341238,2,68,0.0,0.9364749,2,89,0.0,1.103067,2,109,0.0035514405,1.0259818,2,146,0.034850854,0.95524967,2,174
46,0.0044129593,0.9607965,2,21
47,0.0,0.9645632,2,20,0.012843069,0.9507304,2,42,0.021610575,1.0465329,3,62,0.0,0.96954376,2,82,0.044090465,0.84170884,2,103,0.020728095,0.80436164,0,124,0.034311906,0.9187451,2,146
48,0.006808077,1.006531,2,20,0.00012627756,0.97137994,2,40,0.011085953,0.86545646,2,61,0.0030681922,0.8885627,2,81,0.02852252,0.9320171,2,103,0.029329883,0.951218,0,132
49,0.008007379,0.9846511,2,37
