0,0.016998863,0.9180638,2,20,0.00675955,0.95937437,2,42,0.02892714,0.98428446,2,69
1,0.009396551,0.8906866,2,28
2,0.0037601562,1.0673856,2,32
3,0.0,1.0128837,2,25
4,0.009890934,0.9574808,2,20,0.020067599,0.894885,2,41,0.0012120005,0.9379426,2,62,0.020984719,0.97108585,2,83,0.0008043732,1.0209587,2,103,0.022310842,0.9804462,2,123,0.017651597,0.91553676,2,143,0.0033133663,1.0323783,2,167,0.017027378,0.9554182,2,200
5,0.0141015295,1.041384,2,32,0.0115844,0.9978234,2,53
6,0.04022583,0.98213005,2,25
7,0.021144373,0.9303068,2,20,0.0,0.9138361,2,40,0.0,0.8180413,2,60,0.0040268763,0.931445,2,80,0.022095395,0.8130022,0,100,0.021197146,0.8640088,2,120,0.0,0.81087816,0,140,0.018163268,0.7683233,0,174
8,0.0009598348,0.931893,3,22,0.0004399142,0.9167928,2,43,0.04563015,0.8233032,2,64,0.020097062,0.84540653,2,84,0.020395815,0.9572735,2,109,0.04879661,0.95672816,2,130,0.08277984,1.0428991,2,150,0.02096419,0.971712,3,171,0.022451071,0.8230328,2,200
9,0.001651101,0.8991516,2,20,0.0,0.9019528,2,42,0.0021530907,0.6226964,0,62,0.0,0.71769315,2,86,0.02735719,0.76938194,2,106,0.019602722,0.9247048,3,128,0.012424403,0.673962,2,148,0.0,0.73159176,2,168,0.011296608,0.6575035,2,200
10,0.0,0.96998805,2,23,0.0047966354,0.9375482,2,44,0.001546863,0.95265114,2,64,0.01478215,0.9518838,2,85,0.0116185965,0.9335099,2,115
11,0.0014737619,1.071279,2,20,0.004798022,1.057186,2,53,0.0035384616,1.0465059,2,77,4.9252263e-05,1.0197846,2,114,0.008531413,1.0423177,2,135,7.302426e-05,1.0534267,2,155,0.0,1.0903386,2,175,0.0066597103,1.042861,2,200
12,0.027157227,0.9150126,2,26,0.0,0.77508616,2,47,0.0044567008,0.6386285,2,67,0.060598075,0.5035683,2,87,0.0,0.39076728,1,108,0.024815675,0.43244517,1,129,0.044292696,0.51236856,2,149,0.0029832572,0.3123567,2,170,0.021180756,0.3975705,0,200
13,0.010351267,1.0271813,2,37
14,0.0128831845,0.92194474,0,20,0.0,0.8689643,2,41,0.0,0.71763647,2,61,0.021125598,0.49830744,1,97
15,0.0025978219,1.0152633,2,20,0.019360535,0.99242437,2,40,0.0010712275,0.97044945,2,61,0.013222441,0.9614191,2,81,0.002311237,0.9825168,2,103,0.02718908,0.9933459,2,124,0.008365863,0.9411212,3,145,0.00088392163,0.9497377,0,165,0.00054882234,0.8630923,3,200
16,0.013227811,0.8343808,2,20,0.06324582,0.81723416,2,40,0.039745286,0.86056197,2,62,0.0,0.75597477,2,82,0.00027779973,0.6832735,2,102,0.021124914,0.7600918,0,136
17,0.0,1.0122341,2,21,0.0063559255,0.87928647,2,41,0.0058204,0.9626611,2,61,0.041308574,0.8396756,2,81,0.013145725,0.9002781,2,101,0.013392568,0.9134413,2,121,0.0096110115,0.93529457,2,143,0.012810714,0.93430066,2,165,0.0036161675,1.0136626,2,200
18,0.0016490277,0.99126416,2,20,0.036362533,1.0102894,2,40,0.06247715,0.9070631,2,60,0.025232337,0.9376505,2,81,0.005558653,0.9121341,2,104,0.011029741,0.89915645,2,124,0.0,0.8369049,2,144,0.01077177,0.48376742,1,164,0.0062049218,0.57817954,2,200
19,0.0047121234,0.9732479,2,22,0.016480496,0.98299706,2,43,0.0013237854,1.0012614,2,63,0.013074783,1.0645926,2,83,0.0036257345,1.0375432,2,118
20,0.0076705515,0.9498726,2,22,0.0182182,0.962829,2,42,0.0072287517,0.96287745,2,62,0.024958536,0.96631813,2,82,0.0024709734,0.9120994,2,109,0.0,0.8008003,2,130,0.0128369285,0.8575404,2,150,0.0177326,0.9077865,3,170,0.0038374187,0.882382,2,200
21,0.005607703,1.0132443,2,21,0.009294045,0.9902835,2,42,0.0044622673,0.96106625,2,62,0.0059217704,0.96424437,2,83,0.0020913004,0.99307936,2,108,0.02107235,1.0103525,2,130,0.009157468,1.0083809,2,167,0.015580893,0.95810986,2,200
22,0.011209578,0.9872181,2,37
23,0.020756885,0.976134,2,20,0.055141505,0.9072975,2,43,0.015904972,0.8414889,2,64,0.15845695,0.8866054,2,87
24,0.0,1.1073787,2,20,0.003679397,1.0068498,2,58
25,0.023591824,1.0356108,2,21
26,0.0049411305,0.95437014,2,21,0.009395892,0.9814199,2,41,0.017242685,0.89217764,2,67
27,0.003952141,1.0092988,2,22,0.0057265623,1.005306,2,43,0.00044729037,1.0467352,2,64,0.01595671,1.0564457,2,84,0.0040772976,0.94328564,2,104,0.057942074,0.8875157,0,125,0.0,0.85076874,2,145,0.016784195,0.9250064,2,174,0.023605587,0.93811804,2,200
28,0.00977469,1.0067354,2,20,0.007198998,1.0185174,2,45,0.0050958768,1.0660139,2,65,0.026201198,1.0269042,2,85,0.011418944,0.94134253,2,105,0.006657812,0.96772057,2,126,0.0,0.9945897,2,146,0.012015099,1.0382092,2,166,0.018804999,0.9658517,2,200
29,0.001098257,0.9612052,2,20,0.00020454507,0.96706647,2,40,0.0,0.9135197,2,60,0.005771679,0.9020175,2,80,0.0,0.8766964,2,100,0.022456452,0.87752295,2,120,0.0013827469,0.7939329,0,140,0.005967762,0.8217617,0,161,0.004778827,0.82494533,0,200
30,0.021973003,0.95832956,2,20,0.004180091,0.91469765,2,40,0.016051413,0.93202776,2,63,0.0042045997,0.9043867,2,84,0.043488327,0.830726,2,104,0.024347294,0.8853532,2,124,0.0007782541,0.99861735,2,145,0.0,1.0253338,2,165,0.0073241107,1.0796481,2,200
31,0.009876603,0.88341916,2,20,0.016863981,0.906587,2,40,0.004123675,0.8618678,2,66,0.006977334,0.8924181,2,89,0.0,0.7841436,2,111,0.02742537,0.80840015,2,150
32,0.0048586335,0.9647544,2,20,0.0,1.0523517,2,42,0.017097935,1.0102034,2,62,0.025190368,1.0189798,3,82,0.0,0.84382266,2,103,0.019696133,0.91083413,2,123,0.016481388,1.1105839,2,144,0.0,0.9160465,0,164,0.01877482,0.8027972,2,200
33,0.0,1.0509477,2,20,0.004872003,1.032469,2,40,0.0,1.0592551,0,62,0.0,0.9927208,2,82,0.0,1.0268152,2,111,0.0,0.99448997,2,135,0.00048578694,1.0141784,0,162,0.0024093979,1.0365306,2,200
34,0.012419353,0.9887569,2,24,0.0037139847,1.0200484,2,44,0.018209416,1.007129,2,64,0.027362868,1.0374223,2,84,0.017234242,1.0216783,2,104,0.011754393,0.97142595,2,127,0.01628829,1.001342,2,147,0.0036836232,0.9190652,2,171,0.0068806456,0.9465319,2,200
35,0.022433769,0.90168345,2,20,0.003287981,0.91435444,0,40,0.0,0.79641867,2,78
36,0.025107145,0.9574847,2,21,0.0041389577,0.98824245,2,42,0.0,1.0472082,2,73
37,0.012739964,0.97602296,2,25,0.011006583,0.9787639,2,46
38,0.024348915,0.9841076,2,40
39,0.015708398,0.9854823,2,23,0.009509809,1.0175579,2,43,0.016224196,1.0339537,2,63,0.010001259,1.0302318,2,83,0.009329498,1.0907141,3,104,0.004753069,0.99062455,2,125,0.0005959395,1.0189956,2,151,0.0026706364,1.0069048,2,175,0.011998925,0.9685502,2,200
40,0.013095871,0.8593725,2,20,0.0,0.9961589,2,40,0.02016682,0.8506155,2,60,0.014951692,0.84638757,2,81,0.013894727,0.6089814,0,103,0.0,0.5694343,0,132
41,0.00512276,1.0139446,2,32,0.0,1.0163691,2,52,0.016360264,1.0033538,2,72,0.0044428557,0.9891559,2,92,0.01796863,1.0134034,2,117,0.010006358,1.013009,2,147,0.012599004,1.0064394,2,167,0.00933149,1.0195625,2,200
42,0.0009369352,0.9840123,2,28
43,0.0029834385,0.9643562,2,21,0.0,0.89154625,2,42,0.0,0.88784283,0,62,0.0,0.93050385,2,85,0.002330357,0.8950876,2,105,0.0050709983,0.9072653,2,125,0.0156136565,0.76912653,2,163
44,0.0059120986,0.9267906,2,21,0.0039676432,0.9802378,2,49,0.008796657,0.9799036,2,69,0.025814798,0.93783844,2,92,0.044509634,0.9497058,2,112,0.026089102,0.94002944,2,132,0.061836205,0.93862647,2,152,0.011164409,0.9641485,2,172,0.01184372,0.975311,2,200
