0,0.017183844,0.9857931,2,20,0.017361928,0.9739537,2,41,0.0113926325,0.97331923,2,63
1,0.009607302,0.93208855,2,20,0.015088851,0.9537901,2,42,0.0017892048,0.97758436,2,62,0.0024762473,1.0050408,2,90
2,0.005656685,0.968001,2,22,0.0035034346,0.9151554,2,49,0.03892236,0.917706,2,69,0.044409454,0.8404001,2,89,0.022830766,0.8639023,2,109,0.012445328,0.8832293,2,131,0.0,0.85047686,2,153,0.0,0.8882462,2,173,0.0,0.8250077,2,200
3,0.0054574828,1.0652343,2,21,0.013464635,1.0459464,2,41,0.004459509,1.0512208,2,63,0.0,1.016742,2,84,0.017689044,0.9378589,2,104,0.010286266,0.91563183,2,133,0.0,0.90297765,2,153,0.009734973,0.93450916,2,173,0.0018749093,0.99117273,3,200
4,0.0019249638,1.052763,2,32
5,0.01905612,0.9708502,2,43
6,0.022326553,1.0328647,2,24
7,0.007532075,0.9556756,2,40
8,0.0,0.85015875,2,26
9,0.018586025,0.9526759,2,21,0.013654348,0.9523512,2,41,0.054600276,0.80891514,2,61,0.004783777,0.87250537,2,81,0.0,0.8747799,2,105,0.059280176,0.80583555,2,125,0.011055183,0.7290008,0,145,0.019242475,0.691332,0,166,0.007207753,0.86249906,2,200
10,0.0038333975,1.0052714,2,25,0.021086784,1.0057034,2,47,0.010024779,0.9202009,2,75,0.020134643,0.84225214,2,98,0.0177575,1.0071383,2,119,0.00373187,1.0143684,2,142,0.0,1.0953906,2,162,0.0023916857,1.0018365,2,200
11,0.0039365054,1.011489,2,20,0.030903345,0.96235913,2,40,0.00606306,1.0029002,2,60,0.033734478,0.93112856,2,81,0.013098051,0.9073418,2,101,0.0038238626,0.92691785,2,122,0.008524749,1.0026639,2,143,0.0,1.0613271,2,168,0.0025391832,0.98728615,2,200
12,0.016503785,0.96223134,2,23,0.016603753,0.9355831,2,44,0.03552313,0.8193558,2,69
13,0.0017150238,0.9270636,2,20,0.027436819,0.91619956,2,40,0.033980805,0.91004974,2,60,0.0013040568,0.8648036,3,80,0.0,0.95040035,2,100,0.012124813,0.71371514,2,120,0.01056181,0.95626897,2,140,0.0,0.9784446,0,160,0.0,0.6979297,2,180,0.05242653,0.7355017,2,200
14,0.0,1.0786449,2,21,0.003991606,1.1021436,2,45,0.0,1.1077722,3,66,0.0,1.0786614,2,86,0.0,1.047087,0,106,0.0,1.1095741,2,126,0.01303517,1.0143608,2,150,0.013528556,0.94253826,0,170,0.010948761,1.0109951,2,195
15,0.0138094695,0.94026446,2,22,0.04701061,0.89291525,2,46,0.028812636,0.93911254,2,66,0.02340161,0.9476045,2,105,0.02753243,0.92722523,2,126,0.008094521,0.91439295,2,147,0.029831225,0.7740304,2,167,0.01584987,0.7366262,2,189
16,0.0,1.0571545,2,27,0.0,1.0655195,2,58,0.00062924845,1.0230457,2,78,0.00065511774,1.0463209,2,105,0.00294651,0.9995287,2,125,0.010470862,0.96482444,2,152
17,0.008229817,0.9362996,2,26
18,0.01780108,0.8838862,2,20,0.0,0.856075,2,40,0.0,0.61208475,2,63,0.0,0.43774354,1,85,0.0,0.56793517,1,105,0.0,0.45864266,1,125,0.0,0.68843585,2,145,0.008597499,0.9683219,2,165,0.0014728102,0.73680204,2,200
19,0.009184645,1.0002261,2,26,0.011890779,1.010698,2,47,0.019850677,1.0260911,2,67
20,0.017713014,0.9714905,2,25,0.025918277,0.8866574,2,51
21,0.00977578,1.0019747,2,25
22,0.006670184,0.90374166,2,22,0.0,0.8470048,2,43,0.008870359,0.9300634,2,63,0.0021745672,0.9352177,2,83,0.0,0.83273494,2,104,0.0,0.85967946,2,125,0.02792346,0.85757625,2,145,0.09944113,0.59878004,0,165,0.0,0.5841031,2,200
23,0.015351315,0.9855449,2,21,0.0025784094,0.9189946,2,42,0.0008790811,0.8548186,2,71,0.003895551,0.90657127,2,101
24,0.029956758,0.9586877,2,22,0.059568893,0.89312184,2,42,0.011339331,0.9742034,2,62
25,0.012117265,0.98699176,0,20,0.00067169906,0.9294208,2,40,0.012304484,0.9255403,2,60,0.009679646,0.9225017,2,83,0.037699755,0.9385708,2,107,0.0,0.87080264,2,128,0.0,0.66514075,2,148,0.014704108,0.8421095,2,169,0.010095435,0.8694093,2,200
26,0.023465991,0.96576184,2,20,0.0335342,0.85512924,2,40,0.005422953,0.9273697,2,69,0.008494116,0.94975805,2,89,0.006725639,0.9296137,2,109,0.022996198,0.7178054,2,130,0.025565375,0.9074699,2,150,0.047409773,0.80863357,2,172,0.02262989,0.7817694,2,200
27,0.011491932,0.9028268,2,20,0.035719354,0.92470104,2,40,0.0,1.0003619,2,60
28,0.0046557533,0.9817332,2,20,0.024684142,0.96465445,2,40,0.003101527,0.8311082,2,61,0.0,0.73097134,2,82,0.0,0.8042982,2,105,0.0,0.8386491,2,126,0.0,0.8642092,2,146,0.0,0.74340785,3,166,0.0,0.9034058,2,200
29,0.022080896,0.9666729,2,23,0.0,0.8876825,2,44,0.0,0.9859648,2,66,0.0,1.0011854,2,87,0.0,1.0253335,2,109,0.0,0.7954543,0,130,0.0,0.88966674,2,150,0.0,0.8971672,2,170,0.0,0.8823876,2,200
30,0.016032541,0.9791774,2,33
31,0.010771293,0.939589,3,20,0.026948512,0.9559474,2,41,0.0,0.8857283,2,65,0.0,0.9288195,2,85,0.005409014,0.931767,2,106,0.00018489423,0.96852785,2,127,0.027253425,0.9835589,2,151,0.01175707,0.9823897,2,174,0.0009163406,0.9652927,2,200
32,0.015091623,1.029331,2,24,0.0068724914,1.0176326,2,45,0.030037627,0.92675465,2,65,0.00075203954,1.0122447,2,95
33,0.05128511,0.8564822,2,20,0.020411512,0.8931371,2,40,0.013222905,0.8684967,2,79
34,0.0,0.9634369,2,20,0.0007685827,0.9371246,2,40,0.007418786,0.83700114,0,60,0.053091727,0.9178946,2,82,0.030133374,0.9693649,2,104,0.0068786363,0.8800517,2,125,0.010588111,0.8344102,0,145,0.00968943,0.9188436,2,165,0.0013617969,0.9625811,2,200
35,0.0006135943,0.9723524,2,20,0.039461173,0.92740357,2,45
36,0.009164792,1.038614,2,29
37,0.008668011,0.99261713,2,20,0.009216321,1.039228,2,44,0.0,1.1292226,3,65,0.0,1.124228,2,86,0.0,1.1437181,0,107
38,0.04864243,0.95583075,2,22,0.014432842,0.9112157,2,43,0.0046870736,1.0467241,2,63,0.05163876,0.9726392,0,83,0.049675617,0.7832978,2,105,0.00012044488,0.7879461,2,125,0.034595285,0.9329006,2,145,0.0,0.8769849,2,165,0.005180019,0.8778922,2,200
39,0.003467707,0.8632055,2,21,0.006288467,0.8257734,2,43,0.007971027,0.8592442,2,63,0.024901846,0.84920675,2,86,0.0434963,0.74748594,2,107,0.011697594,0.56747526,0,128,0.048135407,0.7133969,2,148,0.045165546,0.7801865,2,176
40,0.0,1.0159888,2,21,0.014648746,0.94375104,2,41,0.003688875,1.0002253,2,65,0.0035836727,1.0116113,2,85,0.037470434,0.9891742,2,105,0.020752976,0.93982565,2,125,0.02973182,0.9600428,2,146,0.010700577,0.94893825,2,166,0.010235208,1.0171517,2,200
41,0.012058402,0.9952218,2,28,0.012128765,0.9963868,2,48,0.013126491,0.95952237,2,68,0.020501059,0.99031067,2,90,0.012985552,0.91989625,2,113,0.019840702,0.9183823,2,134,0.00955352,0.9497175,2,154,0.0047850898,0.9494981,2,175,0.01302806,0.960593,2,200
42,0.008143539,1.0203166,2,20,0.0,0.97621995,2,40,0.003597098,0.98303056,2,65
43,0.001573422,1.0306398,2,34,0.0041900566,1.0001281,2,65
44,0.004042101,0.96254987,2,20,0.011631357,1.0231026,2,40,0.077010036,0.9603535,2,60,0.0029181333,1.0392892,2,80,0.0056760577,1.0515624,2,128,0.013097562,1.032584,2,148,0.009299054,1.0439136,2,168,0.0036164243,1.0144815,2,200
45,0.03546103,0.9274888,2,20,0.011290925,0.9260974,2,41,0.009358379,0.93948215,2,72
46,0.00014418215,0.97060394,2,20,0.03838502,0.94969606,2,45
47,0.0053778337,0.986088,2,37
48,0.018676087,0.90282476,2,20
49,0.024862627,0.9938743,2,24
50,0.029445816,0.9681179,2,22,0.008734138,0.98640215,2,42,0.008832737,0.9368238,2,63,0.025974104,0.9643351,2,83,0.06745358,0.86892265,2,105,0.04400665,0.9678691,2,126,0.0,0.80865234,2,147,0.017708683,0.81131077,0,167,0.018508228,0.89657086,2,200
51,0.017766539,1.016278,2,20,0.0010504648,1.090828,2,40,0.015038532,1.0366279,2,60,0.0051566786,0.98609644,2,81,0.01915121,0.9776561,2,102,0.0,0.9753599,0,122,0.0,0.9816939,2,143,0.0,0.9686016,0,163,0.0,0.8224422,2,200
