0,0.005181335,0.9482201,2,39
1,0.015551512,0.91981095,2,24,0.04351497,0.95297706,2,44,0.04926272,0.9638034,0,67
2,0.009637927,1.0420461,2,23
3,0.008412795,1.0419984,2,29,0.025044566,0.9878015,2,51,0.01725169,0.996366,2,72,0.0147818485,0.98067194,2,103
4,0.027764477,0.9960172,2,25,0.0,1.0477918,2,46,0.0,0.9899956,2,66,0.016510209,1.0649885,2,90,0.0,1.0480248,2,110,0.031249532,1.0210986,2,130,0.0,1.0547109,2,151,0.0,1.0131146,2,172,0.0020516652,1.0149045,2,200
5,0.009680954,0.91047823,2,23,0.0,0.8718468,2,43,0.01111081,0.85071754,2,63,0.036190078,0.96075696,2,83,0.0100807315,0.87185097,2,104,0.0,0.83934814,0,125,0.0,0.77467966,0,159
6,0.013843176,0.9399504,2,22
7,0.0018189695,0.9321243,2,20,0.0013454978,0.87040293,2,40,0.023044083,0.7867562,2,60,0.02088713,0.842539,2,85
8,0.0,0.85702115,2,21,0.013056306,0.8488719,2,41
9,0.018180734,0.9438445,2,20,0.025488602,0.9537465,2,46,0.03232296,0.9645817,2,70,0.07194017,0.9863644,2,105,0.051672835,0.9248705,2,125,0.04010307,0.87953407,2,146,0.061113153,0.9891229,2,176
10,0.0058640204,0.93539476,2,21,0.002054787,0.94801724,2,41,0.011650623,0.94134235,2,61,0.0,0.9852599,2,81,0.020015698,0.98476756,2,114
11,0.010146589,1.0082787,2,31,0.009374677,0.9423715,2,51,0.0042409413,0.9560307,3,71
12,0.015252692,0.9385359,2,25
13,0.033311702,0.9843718,2,20,0.0,0.91876847,2,42,0.018915776,0.8915782,2,62,0.010358123,0.90337825,2,83,0.023358725,0.8976234,2,104,0.008393583,0.96901053,2,141
14,0.02264457,0.95193386,2,20,0.0,0.9126029,3,52
15,0.0,1.0651113,2,20,0.003984811,1.0059042,2,49
16,0.0063268077,0.9576837,2,41
17,0.014288294,0.91459197,2,24,0.0025459,0.90057486,2,44,0.019022737,0.58268017,0,67
18,0.007448031,0.9417141,2,20,0.014598798,0.951485,2,41,0.0023698409,0.8598815,2,61,0.011289837,0.91699904,2,81,0.011589384,0.7488726,2,101,0.03810849,0.8586588,2,121,0.040658057,0.90271145,2,156
19,0.0048363004,1.0534701,2,41
20,0.014453712,1.016962,2,23,0.06476772,0.9636046,2,43,0.01601967,0.6399423,2,63,0.0,0.6852393,2,83,0.0,0.67391646,0,103,0.0,0.6584273,0,123,0.06235058,0.5742755,2,143,0.0183237,0.7613319,0,163,0.0,0.6048394,0,200
21,0.0006115859,0.9899348,2,20,0.0,1.1190866,2,41,0.00023206967,1.1691846,0,63,0.0,1.1505386,3,83,0.0064646164,1.1019166,2,104,0.0043490436,1.0245105,2,126,0.019561706,0.97237056,2,148,0.0030967994,0.89491045,3,174
22,0.020794876,1.0171299,3,21,0.0,0.9572385,2,55
23,0.0140402,0.9494265,2,21,0.00223455,0.9304118,2,41,0.0,0.7121013,1,61,0.0,0.80409276,1,83,0.0,0.8255823,2,113,0.0,0.85827005,3,133,0.012176117,0.852499,2,153,0.0,0.6707582,2,173,0.0018964293,0.8430527,2,200
24,0.0,0.85550755,2,20,0.01672436,0.8546413,2,40,0.0,0.91974103,0,60,0.012650074,0.8926815,2,80,0.0,0.95077217,1,100,0.036349244,0.5797605,0,120,0.037994336,0.5223791,2,145
25,0.011234403,0.96993065,2,20,0.024763096,0.9716895,2,53
26,0.0,1.068962,2,29,0.0,1.0614806,2,51,0.005044634,1.0524501,2,75,0.010024458,0.8971236,2,97,0.018781586,0.85125774,2,119,0.0019748367,0.4688575,2,144,0.02322255,0.462821,2,164,0.043908834,0.5645316,2,200
27,0.0,0.9483273,2,21,0.031894196,0.9321609,2,55
28,0.014515628,0.95358855,2,24
29,0.017766641,0.9651086,2,20,0.0066599236,0.87441397,2,41,0.01269185,0.96307147,2,61,0.014153239,0.90826094,2,81,0.0,0.88646805,0,101,0.04699973,0.9330939,2,121,0.0776352,0.9225094,3,143,0.013737328,0.8866011,2,163,0.07240622,0.80200744,2,200
30,0.026911963,0.9133312,2,20,0.021006394,0.8562993,2,40,0.035771284,0.8943874,0,60,0.0,0.69957435,2,80,0.0,0.5660301,2,102,0.0,0.5929786,2,123,0.0037544388,0.5742905,1,144,0.0,0.7045895,2,164,0.019056099,0.74158156,2,200
31,0.00912306,0.96247816,2,20,0.009048289,0.9749099,2,40,0.00032634364,0.96497124,2,60
32,0.010284569,1.0250702,2,22
33,0.0007028683,1.0636624,2,20,0.0,1.0181464,2,42,0.00442692,1.057096,2,63,0.01662101,0.967735,2,104
34,0.025670204,0.9843788,2,31
35,0.0,0.94113857,2,21,0.037594423,0.8646966,2,47
36,0.0015553993,1.0015261,2,20,0.0,0.9345825,2,41,0.00097142474,0.92313594,3,61,0.0,1.0248983,2,81,0.0126619665,0.7737969,2,102,0.019591931,0.858004,2,122,0.028948171,0.8905212,2,144
37,0.0,1.0778754,2,20
38,0.0027631512,0.97110283,2,21,0.02401309,0.94969404,2,42,0.008323813,0.9443594,2,62,0.03852993,0.9466114,2,82,0.01832366,0.8320772,2,102,0.025666265,0.8485304,2,124,0.024099806,0.766255,2,144,0.010970857,0.89235324,2,169,0.0847414,0.9583332,2,200
39,0.012007763,0.9861511,2,39
40,0.0,0.9576176,2,22,0.0,0.9229258,2,42,0.016078725,0.87029123,0,62,0.021668311,0.83512056,2,82,0.0070930026,0.8886638,2,119
41,0.022400813,0.86384755,2,20,0.02509326,0.7986554,2,45,0.008457562,0.66290104,2,65,0.009998102,0.46411312,2,87,0.0,0.37267148,1,107,0.0,0.4601895,2,127,0.0,0.51158017,1,147,0.0,0.5759052,0,167
42,0.0002754524,1.0407476,2,21
43,0.0072879274,1.0355788,2,22,0.024781324,0.9816124,2,62
44,0.0013791359,0.99375814,2,33
45,0.006299065,0.9766795,2,21,0.005572204,0.92066026,3,46
46,0.027950803,0.9237272,2,20,0.0076266527,0.9476169,0,41,0.008967901,0.82229114,2,63,0.00045272708,0.73223954,0,84,0.10376503,0.8327719,2,104,0.025891151,0.87080604,1,125,0.017227964,0.74970436,0,145,0.001210929,0.8877896,2,165,0.017682442,0.7767454,0,200
47,0.0,0.9948925,2,21,0.021660239,0.87373066,2,47,0.0040218187,0.7949932,3,67,0.018298877,0.6745115,0,89,0.014775823,0.7751227,0,109,0.0132959,0.57416064,0,130,0.0,0.48145372,0,151,0.14522563,0.5585133,0,171,0.025549704,0.27837244,1,200
48,0.0005672738,0.9933127,2,21,0.021743445,0.85468644,2,41,0.026965868,0.9727885,2,61,0.004269107,0.9653826,2,81,0.0,0.88385504,2,101,0.0,0.9120719,0,122,0.0068797506,0.6607593,0,143,0.006580966,0.79543704,2,163,0.017078388,0.7345511,2,200
