0,0.0,0.8911867,2,20,0.0,0.8924865,3,43,0.0135071715,0.9508191,2,65,0.032381672,0.88087374,2,86,0.0,0.9988724,2,109,0.0,1.0511057,2,131,0.00409562,1.106517,2,155,0.011872282,0.98956436,2,177,0.0,1.0085069,0,200
1,0.020693475,0.9361806,3,20,0.0017546415,0.9490321,2,44,0.002331653,0.9882279,2,71,0.0,0.956679,2,91,0.0,0.9646079,2,111,0.0147768855,0.8699835,2,131,0.013358502,0.8562339,2,152,0.013289039,0.8154214,2,172,0.0020007214,0.64813566,2,200
2,0.016621806,0.9956238,2,22,0.013783947,1.0159534,2,42,0.031012064,0.9090554,2,62,0.019668546,0.96168274,2,83,0.027039314,0.9798153,2,103,0.017016044,0.9231706,2,124,0.01955615,0.8465601,2,144,0.010982273,1.0107304,2,164,0.030991124,0.9159673,2,200
3,0.012836047,0.9829335,2,21,0.024062043,0.9648064,2,44,0.019218996,0.9925617,2,65,0.0084537985,0.9494256,2,85,0.0033897855,1.0081288,2,108,0.00084472407,1.0226269,2,132,0.0,1.0212376,2,152,0.009193291,0.9998159,2,173,0.010533036,1.0040044,2,200
4,9.298258e-06,1.0274935,2,28
5,0.017660934,0.9590084,2,20,0.0018653075,1.0986574,0,40,0.0208699,1.006727,2,60,0.0,0.96915805,2,81,0.0,0.9963772,2,103,0.0,0.9766777,2,125
6,0.021071512,1.0113283,2,40
7,0.007650313,0.8747486,2,20,0.036707263,0.77346903,2,40,0.0074121766,0.7807428,0,60,0.17461818,0.52010816,0,80,0.11775669,0.71228486,2,101,0.12820439,0.64090264,0,121,0.04253621,0.648177,2,143,0.0026261427,0.8929084,2,164,0.005562825,0.9318962,2,200
8,0.021287913,0.9295098,2,20,0.0107501745,0.9673495,2,40,0.013449566,0.9598035,2,61,0.0,0.885736,2,81,0.017363895,0.906603,2,101,0.03644848,0.92189014,2,122,0.019312289,0.87998736,2,143,0.005685092,0.90845335,2,163,0.016126981,0.94380474,2,200
9,0.0,0.98286676,2,20,0.010692122,0.89216715,2,43,0.038700525,0.87869895,2,63,0.032199334,0.8762849,2,83,0.004039342,0.8782486,0,104,0.0,0.87646234,0,126,0.04702403,0.97527826,3,146,0.02397776,0.7836882,0,166,0.065338925,0.6480446,2,200
10,0.0033563823,1.0680244,2,22,0.0,1.0417742,2,46,0.008090942,1.0561695,0,75,0.0005050111,1.0638039,0,97,0.005742379,1.0437733,0,118,0.0054658577,1.0317128,2,144,0.0051234905,1.0399605,2,168,0.01612129,0.9677485,2,200
11,0.016005214,1.0139874,2,21
12,0.0023392194,0.909639,2,21
13,0.017525109,0.98243994,2,22,0.0067408937,0.933319,2,43,0.0050003314,0.94075316,2,68,0.007424839,0.9760575,2,88,0.003678856,1.0325991,2,108,0.0028879032,1.0462306,2,129,0.0,0.9666605,2,149,0.0061887153,0.9766822,2,170,0.007192792,1.0096654,2,200
14,0.015551341,1.0343721,2,29
15,0.0,1.0787122,2,26,0.001905233,1.0459361,2,50,0.0020565628,1.0785174,2,87,0.0016606336,1.0547984,0,108,0.007941743,0.9907816,2,128,0.0066254484,1.0256677,2,148,0.00543541,1.0859754,2,168,0.0,1.0849755,2,200
16,0.018034909,1.0296268,2,21,0.0061440454,0.9350399,2,41
17,0.024654645,1.0256884,2,20
18,0.022707205,0.9999091,2,20
19,0.025817603,0.95110977,2,20,0.011425639,0.87527883,2,42,0.015688336,0.9024025,2,62,0.002893412,0.7950386,1,84,0.05991658,0.6823245,2,104,0.0070223757,0.8806185,3,125,0.01986964,0.77566135,3,145,0.0057720263,0.8593955,0,165,0.05432849,0.88567406,2,200
20,0.0051867003,1.0534501,2,20,0.010269241,1.0303252,2,40,0.011865457,0.97596914,2,60,0.016975097,0.9455986,2,80,0.0,1.1137811,2,102,0.0015555795,0.99510497,2,122,0.012039493,0.9112778,2,145,0.09969224,0.64355505,2,165,0.020453228,0.7242792,2,200
21,0.009607839,0.96792287,2,20,0.0,0.9824454,2,40,0.053278517,0.83954966,2,60,0.02982533,0.8678857,2,80,0.013954784,0.8062913,2,100,0.09564667,0.8665743,2,122,0.0,0.6150285,0,142,0.0064543555,0.657347,0,163,0.03620533,0.48414478,0,200
22,0.0031387918,1.0246851,2,20,0.0083439285,0.92780083,2,41,0.009701768,1.0112048,2,70
23,0.038612854,0.74458927,2,29
24,0.0077517317,0.99700433,2,22,0.0036758767,0.99765414,2,44,0.016673826,0.9997514,2,68,0.0058375406,0.9766228,2,101,0.007631442,0.9920334,2,123,0.021429244,1.0106759,2,165,0.019528205,1.0167428,2,200
25,0.026534874,0.9862598,2,20,0.0,0.9850068,2,40,0.015847526,0.9705833,2,65
26,0.013204795,0.9678542,2,20,0.011295995,0.9209172,2,58
27,0.004421873,1.0023297,2,20,0.014364813,0.9919378,2,44,0.025006013,0.9315397,2,66,0.030031765,0.9613455,2,89,0.0,1.0293834,2,109,0.011458225,0.97529626,2,131,0.009110694,1.0180405,2,151,0.008715189,0.9796926,2,171,0.0044375705,0.9923641,2,200
28,0.0015988421,1.0492556,2,21,0.0063697905,0.9448736,2,44,0.0065958016,0.94739574,2,71,0.023861978,0.9537015,2,91,0.014898677,0.87346405,2,112,0.0015318843,0.83552456,2,132,0.004611225,0.8386885,2,152,0.033965066,0.98527193,2,173,0.0117463255,0.98756844,3,200
29,0.014349783,0.958811,0,20,0.008502637,0.924313,2,44,0.038964923,0.860524,2,64,0.012842195,0.7860701,2,84,0.04775868,0.7736453,2,104,0.009231228,0.83547956,2,124,0.005277886,0.86503875,3,144,0.008906565,0.87202346,2,164,0.021194343,0.7854671,2,200
30,0.013105303,0.9127164,2,20,0.015815314,0.98747766,2,40,0.09070559,0.7501601,2,60,0.0,0.7091989,0,80,0.029696021,0.62749946,2,100,0.012040645,0.5421149,0,120,0.002770405,0.4785698,0,140,0.07045416,0.4422316,0,160,0.003229887,0.4526113,2,200
31,0.009175061,0.9204913,2,21
32,0.0,1.0546612,2,21,0.0,1.1134975,2,46,0.0,1.0677301,2,71
33,0.005720193,0.9016325,2,21,0.0,0.7200147,2,42,0.015310863,0.76367664,2,62,0.026561355,0.45746225,2,82,0.018379008,0.52860147,2,102,0.0,0.5400179,1,122,0.0058636693,0.56272453,2,145,0.0,0.4415074,1,165,0.010505691,0.69311315,2,200
34,0.009078222,1.0218922,2,24,0.014219183,0.8778535,2,44,0.0,0.8648402,2,71,0.0,0.8711515,2,101,0.0058330838,0.8026992,2,122,0.0,0.8948857,2,143,0.0,0.8085327,2,163,0.035815436,0.8117991,2,200
35,0.00486146,0.91297257,2,21,0.030031508,0.9131659,2,41,0.015311172,0.9128474,2,79,0.0,0.9244396,3,99,0.020209447,0.8233076,2,120,0.03322661,0.87664354,2,140,0.0052751126,0.86516726,2,160,0.00875285,0.9153196,2,180,0.00996633,0.8033654,2,200
36,0.011622694,0.98775923,2,38
37,0.018547824,1.0563534,2,20,0.018957082,1.0430243,2,41,0.0,1.0022535,2,63,0.0029310966,0.9943112,2,86,0.0036401614,1.0642569,2,106,0.0096450765,1.0858744,2,126,0.015340047,1.0969944,2,151,0.0110323,0.996542,2,171,0.00024333943,1.103494,2,200
38,0.013291514,0.9734868,2,20,0.00073032,0.9359084,2,41,0.0,0.9160675,2,61,0.0,0.8757433,2,93
39,0.0113328565,0.9710035,2,25,0.040092416,0.9420366,2,45,0.0073297443,0.961308,2,65,0.008592136,0.84828025,2,85,0.0,0.82460546,2,105,0.0024045587,0.8517903,2,132,0.006258989,0.80458117,2,156,0.031519204,0.7277513,2,176,0.01498429,0.63268805,2,200
40,0.042129178,0.90467566,2,31
41,0.008069496,1.0473737,2,21,0.00041090525,0.9645285,2,46,0.011716058,0.91033757,2,66,0.045904703,0.86983424,2,87,0.029977307,0.9544083,2,110,0.009291673,0.91849154,2,130,0.011779088,0.9685646,2,150,0.022871967,0.99967414,2,170,0.035790298,0.93459636,2,200
