0,0.0053905463,0.9390791,2,23,0.019764116,1.0141646,2,59,0.008606158,0.98769367,2,94
1,0.024056911,0.9629773,2,23,0.031682808,0.99296683,2,43,0.0020144058,0.88289446,2,65,0.0,0.85006064,2,87,0.017290976,0.8842552,2,108,0.008362636,0.8449745,2,130,0.01640571,0.9025723,2,150,0.019857673,0.9152891,2,170,0.007685985,0.8779406,2,200
2,0.015771152,1.0217143,2,24,0.011882701,1.0160538,2,49
3,0.016338488,0.9745269,2,20,0.01750398,0.9677733,2,56
4,0.0037352424,0.99269044,2,33
5,0.0016188744,1.0277338,2,21
6,0.0,0.94766456,2,20,0.0055002607,1.0697141,2,44,0.008943011,0.9781193,2,81
7,0.008831114,0.8152741,0,20,0.0,0.7983905,2,41,0.0,0.7925851,2,61,0.014115158,0.9015873,0,81,0.036980353,0.8720679,2,101,0.0,0.5597633,2,121,0.0050536203,0.7589267,2,145,0.011654442,0.9266609,2,166,0.011693043,0.9454806,2,200
8,0.005444105,0.95603955,2,20,0.0062993686,0.8686494,2,42,0.0055001336,0.88807565,2,62,0.016202098,0.8430103,0,82,0.0019303585,0.89343184,2,102,0.0007564315,0.8005427,2,122,0.009990445,0.8097515,0,142,0.003734452,0.8460857,2,162,0.03445668,0.89751756,2,200
9,0.0011521344,0.9985725,2,29,0.06363875,0.94892585,2,52
10,0.0,0.95259106,3,20,0.011071603,0.91463774,2,49
11,0.042053353,0.861462,0,20,0.0,0.88064635,2,40
12,0.016380128,0.9453769,2,25,0.0,0.9058522,2,45,0.030907596,0.89573514,2,65,0.02574538,0.97745657,0,85,0.015313631,0.9537743,3,105,0.0,0.8832313,2,125,0.02993522,0.99828357,2,145,0.0,0.8026258,3,166,0.006651602,0.7242377,2,200
13,0.0,0.95606375,2,20,0.014190311,0.78975713,2,41,0.0025587704,0.62374794,2,62,0.0,0.5962606,2,82,0.080276765,0.58136094,2,102,0.0,0.81534576,2,122,0.0038141063,0.8015752,2,142,0.008929186,0.8377534,2,163,0.0,0.64347243,2,200
14,0.0072621633,1.0573905,2,21,0.0010033718,1.0077217,2,47,0.0,1.0037799,2,73,0.0024703944,0.94887906,2,95,0.006921853,0.87207305,2,115,0.0,0.82632065,2,135,0.020248834,0.9317132,2,156,0.0031081596,0.8349818,0,176,0.0,0.68782717,2,200
15,0.0073517,0.9520079,2,20,0.0,0.94604015,2,40,0.018945714,0.9264065,2,60,0.012211578,0.8375926,2,80,0.019618705,0.7946604,2,101,0.08757343,0.7898309,2,121,0.009275728,0.6865646,0,142,0.030038495,0.7430037,3,162,0.043754946,0.760113,2,200
16,0.0045370865,0.9815226,2,28,0.0080944225,0.9855194,2,48,0.0057533057,0.94578916,2,68,0.0098173,0.9396834,2,90,0.014361499,0.8682729,2,110,0.035259135,0.9127,0,130,0.01383015,0.7977151,2,150,0.005757729,0.6393914,0,179
17,0.009119499,0.8664906,2,25
18,0.0095595885,1.0035479,2,20,0.019177487,0.9849049,2,41,0.018284857,0.9473467,2,61,0.012777041,0.93320847,2,81,0.0392668,1.0172205,2,101,0.014968693,0.9647563,2,121,0.012925278,0.88884556,2,142,0.009841291,0.881764,2,163,0.03210974,0.8723655,2,200
19,0.018406453,0.96897745,2,20,0.0098659005,0.8666199,2,40,0.0,0.931721,2,62,0.010501421,0.9180668,0,82,0.010400595,0.98459786,2,103,0.0,0.6764843,2,127,0.0,0.6276109,2,147,0.080284156,0.45435232,0,167,0.080086164,0.49885565,2,200
20,0.00067248894,0.97459114,2,20,0.0015547742,0.8745222,2,40,0.008603762,0.9106237,2,60,0.047844015,0.7838656,2,80,0.0,0.92140144,0,101,0.005644833,0.9208741,2,122,0.0,0.9469405,2,144,0.079637006,0.8450791,0,164,0.009336333,1.014782,2,200
21,0.011995815,0.9831905,2,23,0.0004160413,1.0346957,0,44,0.010437618,1.0902573,2,64,0.0,1.1146072,0,87,0.001944564,1.0993285,2,107,0.004310656,1.0506066,0,128,0.0073757633,1.0644816,2,148,0.013826961,0.97128934,2,168,0.020450085,0.97716784,0,200
22,0.00259105,0.9304527,2,20,0.0,1.0129565,2,40,0.016222034,0.96662277,2,61,0.0,0.9668888,2,82,0.03639013,0.9338997,2,104,0.027540583,1.0010087,2,137
23,0.020169638,1.0060613,2,20,0.020599525,0.70302594,2,40,0.0,0.64409494,2,61,0.0,0.23793356,0,81,0.0,0.18775907,1,104,0.011870914,0.41995317,1,126
24,0.0122941295,0.98997676,2,20,3.284908e-05,1.0274585,2,41,0.0,0.9816549,2,63,0.024806516,0.88806826,2,85,0.011772343,0.95398915,2,105,0.03832962,0.8008386,2,125,0.027586883,0.8361043,2,145,0.0,0.9189622,2,166,0.00080258533,0.97592825,2,200
25,0.007407145,1.0341983,2,38
26,0.0,1.0084853,2,21,0.010838036,1.0263332,2,46
27,0.026447305,0.93529594,2,21,0.0,0.9393881,0,41,0.026356408,0.65643334,2,74
28,0.0089309355,1.0347803,2,22,0.0073819263,1.003685,2,45,0.006875527,1.0329423,2,65,0.036615845,0.92290425,2,90,0.018406827,0.89770424,2,111,0.012325854,0.91852623,2,146,0.006585478,0.92083305,2,167,0.02050305,0.92594737,2,200
29,0.0,1.0238234,2,20,0.00016337466,1.0234272,2,40,0.004296451,1.0190504,2,61,0.001733025,0.9766345,2,82,0.0036760936,0.9452156,2,103,0.012337063,1.0106785,2,124,0.0,0.92434126,2,147,0.0,1.0859892,2,168,0.007840853,0.8695165,2,200
30,0.04091476,0.89586484,2,22,0.011386164,0.7799096,2,46,0.032977886,0.78854835,2,66,0.010970923,0.7997826,2,86,0.03206989,0.84951544,2,107,0.015966002,0.9400383,2,127,0.014103206,0.9210946,2,147,0.006846845,0.87483317,3,168,0.0,0.7760224,0,200
31,0.010126613,0.9909956,2,20,0.018713038,0.99091625,2,40,0.019188387,0.9613376,2,77
32,0.019291101,0.983083,2,30
33,0.0021000453,0.9379813,2,20,0.012268019,0.9001982,2,47,0.00033702888,0.897079,2,67,0.036330163,0.8729191,2,87,0.024180535,0.9643475,2,108,0.0722013,0.84715253,2,128,0.010738982,0.98822033,2,148,0.011202277,1.1067544,2,168,0.0030883779,0.9275546,2,200
34,0.057876952,0.9550414,0,21,0.0,0.826084,0,41,0.0,0.7870513,2,62,0.05757647,0.8593342,2,82,0.00889863,0.9231251,2,102,0.02821765,0.8259953,2,122,0.020178352,0.7907768,0,144,0.07049096,0.6423946,2,168
35,0.0006469743,0.95171785,3,21,0.02921537,0.86769325,2,41,0.010045214,0.7953126,2,62
36,4.973055e-05,0.96979535,2,26
37,0.009170128,0.97169876,2,22,0.006723225,0.9380034,2,42
38,0.018846415,0.87503594,2,20,0.02990352,0.839421,2,40,0.006593264,0.88991314,2,66,0.0028660786,0.98655474,2,86,0.023166407,0.860426,2,108,0.03665299,0.90600693,0,128,0.0042375326,0.8738527,2,150,0.024032513,0.985149,2,170,0.0075305644,1.036483,2,200
39,0.025850018,0.8683569,2,21,0.022196155,0.84357285,2,53
40,0.006539999,1.01301,2,37
41,0.025023416,1.0062424,2,21,0.0019486137,1.0237745,2,42,0.007660663,0.9777703,2,80
42,0.0024742356,1.0504483,2,23,0.0054984926,1.0381505,2,66
43,0.014585605,0.96956295,2,39
44,7.707383e-05,0.9318024,2,20,0.021739015,0.83338284,2,41,0.007102863,0.93461007,2,61,0.0,0.9830388,2,81,0.029085511,0.8391675,2,101,0.0,0.84124374,2,121,0.0,0.8568794,2,141,0.00433712,0.8516552,2,161,0.0068591908,0.6599612,2,200
45,0.0024823092,0.9549435,2,20,0.019497732,0.90733325,2,40,0.11222645,0.89679956,2,60,0.027984267,0.9312536,2,81,0.0025955054,1.0353093,2,134,0.0012235852,1.0030365,2,169,0.0041580987,0.9904675,2,200
46,0.0092844255,0.9348868,2,21,0.018236483,0.840686,2,59
47,0.027436383,0.8977721,2,36
48,0.04082288,0.8780545,2,20,0.036879554,0.95900744,2,42,0.019404592,0.9511209,2,76
49,0.0039207144,1.0142105,2,29
50,0.0021352782,0.94928706,2,25
51,0.01085695,1.0030034,2,22
52,0.0,0.937724,2,20,0.009918965,0.8924145,2,59
53,0.009339784,0.9589416,2,21,0.0,0.8808816,2,42,0.003942071,0.94030714,2,63,0.0079420805,0.8394779,0,83,0.017719671,0.9425427,2,103,0.009291442,0.9062064,2,123,0.020241324,0.8578326,2,143,0.0127670895,0.6441781,0,163,0.0041545182,0.89573616,0,200
54,0.019308595,0.9580121,2,29
