0,0.051310927,0.9052827,2,20,0.026245246,0.905073,2,40,0.0118776485,0.8876282,2,60,0.0275069,0.9123607,2,82,0.0,1.0448439,2,102,0.0,0.6811041,2,122,0.0063298345,0.7358517,2,142,0.0,0.79878396,2,163,0.008718223,0.71381754,2,200
1,0.025669994,0.9942803,2,22,0.0051170285,0.9377971,0,44,0.01982973,0.9255284,2,64,0.0,0.8045665,2,84,0.055516377,0.74968433,2,106,0.0,0.46773726,1,126,0.0,0.43319628,2,148,0.0,0.4158605,0,169,0.037623387,0.4913705,1,200
2,0.0,1.0054462,2,20,0.0020116318,1.0186623,2,40,0.0036939178,1.0167918,0,60,0.023203386,1.0618337,0,80,0.009261544,1.071317,2,110
3,0.007667368,0.9333757,2,20,0.014782354,0.95258695,2,40,0.0048166057,0.9317547,2,60,0.008322589,0.9099167,3,80,0.004680098,0.883119,2,100,0.06964317,0.89433026,2,121,0.003159348,0.8080093,2,141,0.012833708,0.8212356,2,164,0.007263932,0.95848465,2,200
4,0.018466044,0.9660705,2,20,0.03398122,0.9438821,2,40,0.008832564,0.9572171,2,60,0.042064257,0.85131735,2,82,0.010462285,0.94195646,2,103,0.02912793,0.8664517,0,126,0.042323947,0.8328806,2,146,0.025812125,0.76100886,2,171
5,0.0067922487,0.8807777,2,20,0.023237891,0.74805987,2,40,0.03317026,0.76090014,0,60,0.037192173,0.664202,1,81,0.0057755047,0.5934717,2,101,0.005475094,0.5571397,2,122,0.0054247617,0.55481535,1,142,0.033505075,0.46256846,0,162,0.047445215,0.31879294,1,200
6,0.011863273,0.8791971,2,20,0.0005423715,0.88834524,2,43,0.02701351,0.9019024,2,67,0.0,0.87758493,0,87,0.0,0.7174236,2,108,0.017872766,0.8091407,2,133
7,0.025669623,0.9198445,3,20,0.020921953,0.91425246,2,47
8,0.021506403,0.9857912,2,20,0.010408716,1.0068885,2,40,0.016447838,0.9762771,0,61,0.036276944,0.89311904,2,81,0.0,0.8893692,2,105,0.0,0.99472153,2,125,0.005639101,0.9465292,2,145,0.005847372,0.920374,2,169,0.0008459587,0.9607092,2,200
9,0.0043725246,0.9467047,2,20,0.019237619,0.9006219,2,40,0.0072561936,0.91587436,2,60,0.0066020517,0.93971854,2,81,0.009334267,0.84068745,2,102,0.015994528,0.8672724,3,122,0.0135785015,0.91229266,2,142,0.032170203,0.92275596,2,168,0.015948568,0.91918796,2,200
10,0.013972207,0.9738087,2,22,0.013936304,0.9518687,2,43,0.0,0.8368842,2,66,0.008551309,0.7039462,2,86,0.020798825,0.7953496,2,107,0.0045182705,0.7624205,2,129,0.0,0.83220273,2,149,0.0,0.7945161,2,169,0.0,0.44494414,0,200
11,0.035025246,0.95501214,2,20,0.023472037,0.84670275,0,40,0.013034785,0.7401065,2,60,0.07153274,0.8755477,2,80,0.068644725,0.6944994,2,105,0.0,0.69880784,2,125,0.17882383,0.6439065,2,145,0.05604359,0.65319127,2,180
12,0.024704048,0.9010294,2,24,0.0,0.9496978,2,44,0.015808813,0.9260345,2,66,0.011148684,0.8563191,2,86,0.010196127,0.86881554,2,106,0.013164724,0.9505146,2,126,0.00854382,0.8620443,2,147,0.013648385,0.93175614,2,167,0.040411692,0.812576,2,200
13,0.0027355812,1.0311681,2,26,0.011643306,0.9362937,2,47,0.0072470303,0.87518173,2,74,0.0029531736,0.9828042,2,95,0.0116973305,0.9727355,2,115,0.0134187145,0.9337813,2,138,0.10246285,0.8215805,2,158,0.00700749,0.82126415,2,178,0.026636988,0.8847185,2,200
14,0.011375836,0.9824033,2,20,0.005797171,0.9752318,2,50,0.004886987,0.91116303,2,70,0.023697134,0.91275483,2,90,0.012759883,1.0142856,2,116,0.0,0.9074472,2,136,0.007221422,0.8559046,2,162,0.036209088,0.9165328,2,193
15,0.00195762,1.019105,2,20,0.0,1.0171398,2,42,0.0014112995,1.164695,2,62,0.0037938065,1.1931347,3,82,0.0066800998,1.1674533,2,103,0.0,1.1337278,2,124,0.0,1.2107954,3,149,0.0,1.2189386,2,170,0.011781741,1.1803281,0,200
16,0.0071295165,0.9495492,2,20,0.04710439,0.93460834,2,41,0.02329201,0.9686731,0,61,0.005401175,0.94038683,2,82,0.012112958,0.9485779,2,103,0.0035834115,0.81160957,2,123,0.0048567667,0.6350481,2,143,0.007345093,0.6417471,2,163,0.008535295,0.7132293,2,200
17,0.0,0.9949681,2,20,0.0026609704,0.8950342,2,42,0.045291577,0.90171534,2,63,0.02499046,0.9044264,2,83,0.016472375,0.86624086,2,120
18,0.034636635,0.89831525,2,21,0.030950535,0.8490254,2,41,0.023588497,0.78961694,0,61,0.009418352,0.8121463,2,88
19,0.028465131,1.0229245,2,20,0.09376004,0.66885835,2,40,0.01655094,0.73736,2,70
20,0.022233216,0.98522276,2,21,0.019367382,1.0421414,2,46,0.013982683,0.93098885,2,76,0.0032004782,0.8929289,2,101,0.0,0.8278682,2,122,0.029358208,0.7276609,0,142,0.0,0.7702663,0,162,0.017755195,0.5759403,2,200
21,0.0070442474,1.007207,2,20,0.005887017,1.0270067,2,51,0.009424846,1.0091372,2,72,0.02099266,0.98240286,2,96,0.026496043,0.9390246,2,116,0.07048426,0.89001137,2,137,0.015370777,0.956166,2,159,0.016054045,0.8869735,2,179,0.08383709,0.9243396,2,200
22,0.04833333,0.96812934,2,20,0.027582455,0.93793577,2,41,0.026051883,0.9297187,2,67,0.0,1.0356063,2,89,0.024863504,1.0299757,2,114,0.026424518,0.9665149,2,139,0.028245661,0.97812545,2,159,0.008980436,0.9179905,2,179
23,0.0,0.9125651,2,20,0.0,0.82415974,2,47,0.0,0.71236295,2,68,0.0,0.67506564,2,88,0.0,0.43720546,0,108,0.0,0.57992357,1,133,0.0,0.5495838,1,158,0.0,0.41849914,1,178,0.09088754,0.5111343,1,200
24,0.010151986,0.9907559,2,23,0.004736862,0.97159946,2,43,0.0,1.0085502,2,63,0.0042204014,0.96865463,2,98
25,0.009343082,0.9961794,2,20,0.077884264,0.8718627,0,44
26,0.01634388,0.90721816,2,20,0.033539556,0.8831706,2,40,0.0018097283,0.95641863,2,61
27,0.011536767,1.0122772,2,20,0.02213474,1.0315087,2,40,0.014124185,0.8459166,2,60,0.0059009413,0.94675064,2,82,0.010130075,0.9866084,2,111,0.010092879,0.97239274,2,135,0.0,1.0155656,2,159,0.0118025495,1.0309689,2,200
28,0.0066662976,1.0113931,2,28
29,0.0,1.0213953,2,21
30,0.016746929,1.0209413,2,41
31,0.00887208,1.0117167,2,25,0.01794653,0.8924119,2,45,0.0078042406,0.90362304,2,66,0.0,0.9315674,2,86,0.00839043,1.0006195,2,106,0.006036982,0.99622995,2,129,0.017874874,0.9417215,2,151,0.0,1.023864,2,171,0.010193649,0.98858875,2,200
32,0.01944637,0.9906596,2,21,0.004378032,0.9084835,2,42,0.0032598483,0.9199264,2,63,0.024084594,0.925691,2,83,0.0,0.87919897,2,105,0.006908205,0.9099311,2,128,0.0,0.7600085,2,148,0.0,0.5258125,2,168,0.01261137,0.5279681,1,200
33,0.0,0.9963832,2,23,0.027600596,0.9948119,2,43,0.004602141,0.97932774,2,81,0.008147773,0.9807335,2,104,0.015683176,0.9494798,2,129,0.009634963,1.0810504,2,149,0.0008263646,1.0501508,2,171,0.0004871172,1.0124574,0,200
34,0.009617053,0.9857642,2,20,0.0,0.989841,0,41,0.0,1.0333552,0,62,0.0,1.0790865,0,82,0.0,1.0691319,2,104,0.0,1.024389,0,125,0.0,1.016533,0,147,6.221421e-05,1.0513207,0,178,0.004577827,1.0472753,2,200
35,0.0133204255,0.9487773,2,20,0.01725516,0.9878052,2,42,0.013884346,0.88503194,2,63,0.028763372,0.8669779,2,88,0.030272964,0.8652514,2,108,0.0042173658,0.9551908,2,128,0.0008023359,0.96407545,0,148,0.025385756,0.8493072,2,168,0.048896898,0.87632424,2,200
36,0.018940052,0.92993844,2,23,0.0014344609,0.9850021,2,47,0.015138825,0.9901954,2,67,0.0071178284,0.99790865,2,92,0.017926533,1.0020784,2,113,0.0027453278,1.0215704,2,147,0.032640107,0.9666994,2,167,0.016458891,0.9563547,2,200
37,0.023475211,0.9574496,2,20,0.0,0.89923394,2,40,0.011275664,1.0154775,2,61,0.015586948,0.9846298,2,96,0.0076670996,0.9979803,2,116,0.010492648,1.0174258,2,150,0.03395799,0.9722916,2,171,0.012063261,0.9782306,2,200
38,0.033494703,0.9791125,0,20,0.043625075,0.9454686,2,40,0.025725681,0.8587101,2,63,0.00810159,0.7866212,2,84,0.024321571,0.67250925,2,109
39,0.0068475017,0.91949606,2,21,0.0031166943,1.0199637,0,62
40,0.0,1.033058,2,22,0.01052869,1.014193,2,44,0.0,0.98700684,2,64,0.010430738,0.9823569,2,84,0.0,0.9602052,2,104,0.011430268,0.9584612,2,125,0.0,1.0181335,2,146,0.007348128,1.0077798,2,168,0.00035023363,0.9816416,2,200
41,0.0099569205,1.0247416,2,20,0.0028148112,0.97735965,3,40,0.0008313301,1.0196106,2,60,0.0,1.055743,2,80,0.0,1.0707036,0,100,0.0,1.0355275,2,120,0.002856971,1.0288035,3,145,0.0,1.0559983,0,166,0.0019331938,1.0340441,2,200
42,0.024434056,1.0023478,2,20,0.03165836,0.93975055,2,41,0.03354242,0.91166276,2,67,0.024852175,0.873282,2,93,0.04919918,0.965121,2,114,0.026217435,0.8828135,2,139,0.036709998,0.90590876,2,172,0.0,0.9080089,2,200
