0,0.0025326593,1.0466037,2,22,0.010167527,1.0346416,2,47
1,0.024705788,0.9530239,2,20,0.012827106,0.95755655,2,44,0.0078115547,0.9243064,2,64,0.02571224,0.97615796,2,84,0.016748255,0.958391,2,104,0.04738109,0.98957205,3,124,0.0,0.8692004,2,144,0.030906416,0.83552396,2,177,0.0107757505,0.86369383,2,200
2,0.020756638,0.8736963,2,22,0.008463179,0.8305765,2,43,0.014040604,0.94773483,0,63,0.0029488965,1.0498625,0,83,0.0,1.0653019,0,103,0.0,1.0915774,0,124,0.0,0.9612881,2,144,0.011650319,0.8854717,2,165,0.03974375,0.73344743,2,200
3,0.01660758,0.92346734,2,21,0.0020104928,0.89428115,2,43,0.024690285,0.77372944,2,63,0.03701931,0.8662327,2,83,0.0040183384,0.89861774,2,113,0.013006144,0.9597691,2,139,0.014148299,0.96612287,2,168,0.013795314,0.9621424,2,200
4,0.028259559,1.0007375,2,21,0.013422077,0.9402536,2,41,0.03746958,0.9507445,2,61,0.00066085806,0.9853526,2,83,0.0,0.97668904,2,104,0.0,0.9298135,2,130,0.008810837,0.9482951,2,158,0.0,0.95321906,2,178,0.006450276,0.90639323,2,200
5,0.03755998,0.87643605,2,20,0.0076629133,0.916561,2,40,0.0011317201,0.9869353,2,60,0.0007557271,1.0711141,2,102,0.0,1.0551671,2,124,0.0,1.0972524,2,150,0.0,1.0792881,2,177,0.0,1.0416981,2,200
6,0.0093609765,0.855639,2,21,0.0048495317,0.9034448,2,46
7,0.008100167,1.0016367,2,39
8,0.017055742,0.9811009,2,30
9,0.04466325,0.8762897,2,20,0.0,0.8181737,2,40,0.0,0.6057092,1,62,0.021927314,0.69725776,0,84
10,0.010055852,0.9546638,2,23,0.004513105,1.007064,2,44,0.00022078138,1.0432227,2,64,0.0,1.0576205,2,97,0.0058021774,1.1018509,2,120,0.008842537,0.9543063,2,141,0.010813791,0.8316065,2,166,0.025566034,0.76839393,2,200
11,0.0,0.90423614,2,20,0.020260707,0.8969885,2,40,0.020667939,0.9268535,2,60,0.019685678,0.8645512,2,80,0.022197044,0.35785627,0,114
12,0.0007450439,0.9490272,2,20,0.0,0.91325116,2,41,0.01694635,0.8506938,2,61,0.0,0.96697617,2,81,0.00433847,0.9965165,2,112,0.003148809,1.0181518,2,137,0.011614749,1.0184013,2,157,0.0056090294,0.8405539,2,177,0.0,0.9314648,2,200
13,0.038575437,0.86687624,2,20,0.008474508,0.90552074,2,40,0.0,0.8408891,1,60,0.00351169,0.85929346,2,80,0.026387274,0.8409572,2,102,0.0030777832,0.8418579,2,122,0.02014018,0.8067317,2,142,0.0,0.8054692,2,163,0.01875903,0.4841537,0,200
14,0.0028066416,0.98844016,2,20,0.01502982,0.9536973,2,41,0.011665325,0.9109893,2,62,0.010863298,0.7833437,2,82,0.016549468,0.842804,2,104,0.018864341,0.7850797,2,126,0.04188048,0.844296,2,146,0.028788334,0.6437068,2,166,0.048906602,0.68102413,2,200
15,0.014750879,0.9989534,2,42
16,0.0019643826,1.0625726,2,20,0.013288058,1.0692898,2,48,0.0,1.0581771,2,68,0.0012750885,1.084646,2,91
17,0.0074776546,0.9681414,2,22,0.0030246656,1.0540721,2,42,0.009277267,1.0264204,2,63,0.009672841,1.0108544,2,83,0.014223505,0.94406027,2,108
18,0.011788905,0.8567495,2,25
19,0.0063192933,0.918952,2,37
20,0.0024682456,0.83815724,2,30,0.0030059395,0.584306,2,71
21,0.006560384,0.9452097,2,20,0.019842079,0.98368347,2,45
22,0.021268293,0.9532361,2,20,0.023803826,0.974422,2,41
23,0.002298763,1.0156101,2,21
24,0.0,0.9584836,2,20,0.03234783,0.9205504,2,41,0.007709426,0.90983623,2,63
25,0.018569227,0.9697509,2,20,0.0078008543,1.0125464,2,44,0.0018180801,1.0072137,2,64,0.010798566,0.9305871,2,85,0.025757883,0.99988604,2,105,0.0030880445,0.9431489,2,138
26,0.021713456,0.9455736,2,20,0.012116238,0.9073993,2,40,0.011389669,0.93100005,2,64,0.004798035,0.88067645,2,86,0.017195608,0.91176766,2,107,0.04141976,0.80553764,2,129,0.0014910586,0.7778854,2,149,0.0,0.5429888,0,169,0.007151353,0.70654815,2,200
27,0.01557723,0.9734533,2,22,0.029401405,0.9412107,2,43,0.01741046,0.9555631,2,64,0.0030077684,0.9204894,2,88,0.04757026,0.97817755,2,108,0.0074788486,0.817678,2,132,0.015960395,0.82298386,2,152,0.07992052,0.91081303,2,176,0.010460484,0.9574623,2,200
28,0.02364345,0.871977,2,21,0.0,0.83648145,2,41,0.062438533,0.8262729,0,72
29,0.003810481,0.9740899,2,21,0.001371626,0.9555709,2,41,0.0,0.92229176,2,61,0.07123854,0.7248232,2,84,0.02778759,0.6967708,2,104,0.06302848,0.8252421,2,125
30,0.0029827314,1.0022992,2,21,0.0,1.0468585,2,47,0.012050524,0.9980234,2,67,0.006118283,0.95123047,2,92
31,0.0015531677,1.0397447,2,28
32,0.018645499,0.8928819,3,20,0.0,0.9854414,2,40,0.015938556,0.7685446,0,60,0.013281906,0.83533144,2,80,0.005995679,1.0045571,2,104
33,0.011049654,0.96696264,2,22,0.01178632,0.9437296,2,61,0.007573011,0.9184008,2,82,0.0063208216,0.9179407,2,106,0.01206431,0.8852593,2,126,0.005927277,0.9615704,2,147,0.033830937,0.8755277,2,170,0.0054170564,0.9147967,2,200
34,0.00079599896,1.0100083,2,23
35,0.015691407,1.0533634,2,27,0.00174151,1.063925,2,64,0.00010249503,1.0668385,2,84,0.004002435,0.9939542,2,111,0.009969264,1.0306618,2,131,0.009000508,0.9715025,2,152,0.016042812,1.0017635,2,177
36,0.028119847,0.9120447,2,21,0.0,0.8286114,0,41,0.065310486,0.5568948,2,64,0.08057363,0.60603726,0,84,0.008125913,0.8412839,2,105,0.0,0.925204,2,125,0.03870335,0.83211905,2,147,0.0,0.93953484,2,168,0.04934632,0.89310247,2,200
37,0.0061457674,0.94991493,2,20,0.0068784403,0.99037164,2,43,0.057935853,0.96875733,2,63,0.0,0.98220605,2,83,0.0,0.8920181,2,104,0.04626014,0.60449094,2,125,0.055934012,0.639999,2,145,0.023129057,0.5233825,2,165,0.060737126,0.6441554,2,200
38,0.015414455,1.0073743,3,22,0.018624652,0.90746343,2,45
39,0.021996753,0.9474956,2,26,0.0065410845,0.95820296,2,46,0.0,0.67109764,2,66,0.018492578,0.57773644,2,86,0.006930377,0.8338586,2,107,0.0046356693,0.9034632,2,129,0.014466924,0.9705418,3,149,0.0011940373,0.9934052,2,169,0.00957111,0.9811797,3,200
40,0.0009915323,1.0151844,2,20,0.015204874,1.0238814,2,40,0.0,1.0477343,2,62,0.0040269885,0.9766494,2,82,0.015147683,0.97544944,2,102,0.016846364,0.8759061,2,122,0.014058959,0.8990395,2,143,0.01372689,0.9978939,2,163,0.008657292,1.0109705,2,200
41,0.0025495307,0.9452308,2,24,0.029241687,0.9785387,2,44,0.014200226,0.9603156,2,77
42,0.014328492,1.0034924,2,34
43,0.0,1.0466591,2,22,0.013004921,1.0013055,3,43,0.038655337,0.9520761,2,64,0.010118214,1.0101374,2,102,0.009160474,1.0250536,2,141
