0,0.020814527,1.0169212,2,22,0.003714141,1.0507624,2,43,0.029868636,0.93883306,2,63,0.012154918,0.9035133,2,85,0.001911059,0.98442495,2,105,0.0,0.9752711,2,126,0.0,0.9210761,0,147,0.0,0.9065298,0,167,0.035826392,0.8738457,2,200
1,0.004614692,1.0221621,2,21,0.011121468,0.9724261,2,45,0.010667293,0.9758191,2,72
2,0.024321055,1.0281382,2,22,0.00090385246,1.0545516,2,43,0.005015727,1.0131581,2,63,0.04828205,0.9540779,2,83,0.0081428075,0.9132129,2,103,0.0061355797,0.971972,2,126,0.0,0.92302835,2,148,0.0126981195,0.9324314,0,168,0.048234496,0.71239656,2,200
3,0.011126236,1.015789,2,20,0.011320086,0.986135,0,40,0.013024038,0.90181005,2,60,0.037071094,0.8436755,2,80,0.012588395,0.81963557,2,100,0.023827758,0.91078794,0,120,0.0,0.6935523,0,141,0.0,0.7880996,0,161,0.006178761,0.8282048,0,191
4,0.012197294,0.92300683,2,20,0.00936685,0.8519594,2,40
5,0.00076833356,1.0455942,2,21,0.011192086,1.0028021,2,42,0.0037449738,0.9646621,2,66,0.009348294,0.99605185,2,88,0.013426911,0.95516616,2,109,0.033007935,0.9242105,2,131,0.0050918115,0.94544107,2,151,0.046055313,0.9350693,0,184
6,0.0,1.0312414,2,21,0.0,1.0511118,0,45,0.0,1.0574976,2,65,0.0,1.0162935,2,85,0.006649026,1.0109398,2,105,0.029511414,1.0200807,2,131,0.010645518,1.0143428,2,167
7,0.013686304,0.94659036,2,28,0.0,0.869038,2,49,0.0030557204,0.9295772,2,69,0.051065147,0.85760415,2,89,0.053985715,0.83969545,2,109,0.009283348,0.7355951,3,131,0.0,0.8701292,2,156,0.0,0.64912134,2,177,0.017558765,0.5441765,2,200
8,0.0031022278,0.9738836,2,20,0.0,0.7601558,2,40,0.027832398,0.90945864,2,60,0.016102642,0.90417683,2,80,0.013192252,0.8776285,2,103,0.0018696452,0.89892656,2,123,0.044042993,0.79105574,2,143,0.007372119,0.81564647,1,164,0.0,0.8269567,0,200
9,0.005727949,0.9932736,2,21,0.004334873,0.963162,2,55
10,0.0033726736,1.045351,2,23,0.005435884,1.0393722,2,46
11,0.007961697,0.9642991,2,23,0.0,0.9960512,2,43,0.0034012527,0.99789417,2,63,0.006495152,0.97120297,2,84,0.0090293735,1.0013393,2,117
12,0.010640304,1.0011023,2,22
13,0.004085239,1.0233647,2,24
14,0.0,0.9387566,2,21,0.00032378593,0.90989685,2,41,0.02022901,0.93346673,2,63,0.009442183,0.9358236,2,83,0.03898695,0.951553,2,104,0.025225628,0.9373203,2,140
15,0.0042283065,0.9646237,2,21,0.014314803,0.9167753,2,58
16,0.0041264184,0.94044304,2,20,0.033849124,0.74078304,2,43,0.018387485,0.6934475,2,78,0.035390627,0.48524442,2,98,0.02935244,0.61140424,2,120,0.0,0.79921633,2,140,0.00075295253,0.6218422,2,160,0.0072272765,0.75605613,2,200
17,0.016007464,0.96645564,2,20,0.003105653,1.0099858,2,48,0.009586795,1.112377,0,86
18,0.028423995,0.94110703,2,22,0.0,0.89580333,2,42,0.01635971,0.96841824,2,62,0.007500364,0.8994377,2,82,0.015513962,0.9356969,2,103,0.016002476,0.90614015,2,127,0.01167195,0.9099353,2,147,0.008096172,0.90823174,3,167,0.028476048,0.7960194,0,200
19,0.0014139853,1.0397214,2,22,0.026991589,0.978586,2,43,0.0034408313,0.9642259,2,64,0.0116037885,1.0112888,2,87,0.0051956708,0.95296746,2,107,0.0044846605,0.6635719,2,131,0.042913854,0.5815363,0,151,0.0056695435,0.5800433,2,177,0.0180399,0.5838694,2,200
20,0.007803745,0.96712345,2,22,0.16328786,0.7720555,2,42,0.0041731247,0.83516115,2,65,0.011517372,0.9305857,2,86,0.019642616,0.9421854,2,106,0.023520578,0.85865355,0,127,0.01905719,0.890144,2,147,0.0126436995,0.90777934,2,168,0.01547393,0.98761535,2,200
21,0.02472166,0.9728911,2,22,0.01855075,0.97479147,2,43,0.0,0.993168,2,63,0.0040203305,0.9457112,2,85,0.021201914,0.8663309,2,107,0.0054882923,0.95724577,2,128,0.028238494,0.98311824,2,153,0.005516258,1.0057533,2,173,0.006756335,0.8790168,2,200
22,7.9556325e-05,0.99704254,2,21,0.012610662,1.0321208,2,41,0.017555425,0.97762555,2,65,0.012481901,0.931011,2,85,0.011402317,0.99897206,2,106,0.011201568,1.0021198,2,143
23,0.011328929,0.94950193,2,22,0.015654566,0.96273184,2,42,0.016264642,0.9468399,2,62,0.05683797,0.86666566,2,82,0.0044261706,0.64230824,1,102,0.008828875,0.7029389,3,122,0.0,0.91507274,2,142,0.0,0.76638067,2,162,0.0068222973,0.86576766,2,200
24,0.018014215,0.94250953,2,21,0.012369702,0.9273228,2,43,0.0022620677,0.89516765,2,63,0.0,0.88451487,2,85,0.004137485,0.7180203,3,105,0.0098235635,0.8573939,2,126,0.0055352366,0.9036333,2,146,0.0,0.80609924,2,166,0.001641555,0.6846585,1,189
25,0.014711427,0.9362373,2,25
26,0.0,1.0681694,2,22,0.01806596,0.951474,0,42,0.00082905765,1.026684,2,62,0.0103281215,0.98705804,2,100
27,0.007920836,1.0396101,2,40
28,0.0,0.95636284,2,20,0.0066720378,0.9469034,2,52,0.00394619,0.91313964,2,73,0.0,0.93351644,2,94,0.0032931017,0.9457666,2,116,0.005325212,1.0033191,2,136,0.015397256,0.9729431,2,158,0.0043377103,0.9989916,2,178,0.01693489,1.0295094,2,200
29,0.0,0.910081,2,20,0.0023518226,0.9025127,2,40,0.024601908,0.99784136,2,61,0.0,1.1466621,2,81,0.020330641,0.9977573,2,108,0.008915263,0.7510906,2,131,0.0067229895,0.7520427,2,151,0.0008152159,0.7493178,2,172,0.020855391,0.7895508,2,200
30,0.0047290847,0.81883407,2,22,0.0138457315,0.8885333,2,42,0.0,0.84431505,0,62,0.029208437,0.80292577,3,82,0.0,0.7855871,3,102,0.0,1.0326562,3,122,0.00015447028,0.8292807,3,142,0.0,0.6993188,2,162,0.015691962,0.9101051,2,191
31,0.011585998,1.0387733,2,20,0.006229096,0.9737991,2,40,0.021834616,0.98163116,2,60,0.02304978,0.9592395,2,80,0.006079615,0.95112085,2,108,0.05423093,0.88364094,2,141
32,0.0,1.0578895,2,25
33,0.012032179,0.96333486,2,20,0.022660084,1.0000148,2,42,0.019722983,0.97620636,2,63,0.03546461,0.8897163,2,83,0.013375019,0.9742034,2,103,0.034589708,0.9387781,2,123,0.02412222,0.93782294,2,143,0.013380702,0.9628818,2,169,0.015062934,0.93510675,2,200
34,0.001847589,0.97526085,2,33
35,0.0,0.90674525,2,20,0.037636932,0.89517295,2,41,0.030558018,0.8883923,2,66,0.031824157,0.75250095,2,88,0.025652438,0.8805232,2,108,0.023935633,0.79695904,2,136
36,0.017262174,0.94772905,2,22,0.005065311,0.91115195,2,45
37,0.0,1.022744,2,22,0.008342565,1.0662444,2,42,0.015645348,1.0152246,2,69,0.00019801797,0.93630266,2,93
38,0.018084291,1.0320957,2,20,0.019552497,0.96644104,2,46,0.001133881,0.98299515,2,66,0.0039684735,0.98799783,2,86,0.0054519875,0.85704595,2,115,0.0,0.98175704,2,135,0.010636495,0.91339666,2,155,0.018353099,0.85054934,2,176,0.0024452806,0.9669567,2,200
39,0.009636741,0.9379275,2,25,0.0094838245,0.92892027,3,45,0.02542222,0.9486186,2,65,0.017233374,0.9437111,2,85,0.035781734,0.9147371,2,113
40,0.011446796,0.82387495,2,20,0.012984604,0.83975077,0,40,0.0,0.88546306,0,61,0.055916734,0.7597407,2,81,0.022882972,0.58623374,2,101,0.0037488632,0.81691736,2,123,0.025678765,0.8270256,2,154
41,0.005692842,0.98838425,2,47
42,0.0062972642,0.9960379,2,21,0.014942017,1.0841901,2,41,0.0060135415,1.0428472,2,67,0.008967963,0.85830384,2,87,0.021407496,0.91756994,2,110,0.011304678,0.9138902,2,130,0.029226856,0.7117171,2,154,0.015324456,0.8467497,2,176,0.030771045,0.8226619,2,200
43,0.0070504546,1.0623968,2,20,0.004722146,1.0578916,2,40,0.0054017967,1.0136288,2,60,0.0011608514,1.0389729,2,80,0.013622132,1.0268104,2,100,0.013503553,1.0294718,2,127,0.013139824,1.0166252,2,147,0.022440383,1.014144,2,168,0.002164499,0.97420526,2,200
44,0.022988666,1.0351766,2,20,0.009692653,0.9413849,2,43,0.007814471,0.90419,2,65,0.0224634,0.8516804,2,85,0.0,0.7871429,2,105,0.015659338,0.8206479,2,125,0.006013551,0.64200085,2,145,0.0,0.7550408,2,165,0.036419924,0.82700264,2,200
45,0.007969808,0.9639965,2,22,0.0069339494,0.9572155,2,45,0.013908137,0.8805278,2,66,0.008647842,0.913431,2,86,0.0,0.8450626,2,107,0.04948441,0.73208195,2,127,0.0,0.44482422,0,147,0.0,0.47776175,1,167,0.027433764,0.50288516,2,200
