0,0.0061509577,0.92026615,2,20,0.015375689,0.8756944,0,40,0.0012760989,0.9120038,2,60,0.04033612,0.87601316,2,80,0.0073269783,0.89556086,2,102
1,0.0031121762,0.9313486,2,20,0.002648641,0.93750066,2,41,0.0054644383,0.89685404,2,61,0.00430827,0.8522333,2,81,0.010343373,0.75456727,2,101,0.032012887,0.7908566,2,128
2,0.008755138,0.94515383,2,22
3,0.0036293648,1.0084082,2,21,0.018044602,0.9696722,2,41,0.034159273,0.80942225,2,62,0.0,0.7517225,2,83,0.0,0.7020772,2,103,0.0062616975,0.8653101,2,123,0.0,0.9052999,2,146,0.0045952215,0.79170537,2,166,0.013165884,0.86490494,2,200
4,0.008567339,0.9885965,2,27,0.00050563965,0.9846571,2,58,0.015460821,0.94520676,2,78,0.042727936,0.8893023,2,115
5,0.018588075,0.9402201,2,22,0.015065181,1.0188317,2,47,0.009096171,1.0427473,2,67,0.0017392322,0.99440545,2,87,0.012100285,0.9784388,2,109,0.008282541,0.99132586,3,130,0.010441582,1.0603695,2,150,0.0,1.0871375,2,171,0.0012392339,1.0655113,2,200
6,0.024247263,0.96899194,2,26,0.025644924,0.9452895,2,46,0.008653451,0.94503814,2,73,0.0,0.92074096,2,94,0.036484994,0.937994,2,114,0.0,0.9783611,2,134,0.026702361,0.93330735,2,161,0.010712996,1.0073632,2,200
7,0.02199482,0.87296516,2,20,0.023684043,0.87403774,2,40,0.04299165,0.89019656,2,61,0.012696523,0.8778605,2,85
8,0.009642896,0.84318924,2,20,0.0,0.8848685,2,41,0.018551163,0.7240162,0,71
9,0.026203131,0.9920047,2,20,0.0,0.90850645,2,42,0.0083792405,0.93097913,2,62,0.006192424,0.8620262,0,82,0.0,0.7998553,2,102,0.0,0.8815875,0,122,0.0,1.0053205,2,142,0.015709354,0.8387109,2,162,0.015851233,0.81010795,2,200
10,0.014686537,0.9640013,2,20,0.033747494,0.8632263,2,48,0.01622147,0.85932004,2,68,0.0,0.858856,2,97,0.0023171373,0.8620073,2,130
11,0.0029230695,0.9817675,2,21,0.014918115,0.99234635,2,48,0.0,0.9512354,2,68,0.005655421,1.0581416,2,90,0.01913196,0.96148354,2,115,0.016081234,0.96326494,2,135,0.04339943,0.89674985,2,155,0.04874849,0.8288667,2,200
12,0.008815739,0.9032632,2,20,0.04433631,0.9813587,2,40,0.022726528,0.94781286,2,63,0.03531257,0.89375335,2,83,0.016942684,0.83511007,2,103,0.008924635,0.85785836,2,124,0.06377958,0.8154325,2,154
13,0.005181596,0.9682831,2,23,0.0075016133,1.0238138,2,44,0.017274968,0.88432986,2,66,0.021467034,0.9667037,2,86,0.01535432,0.9437426,2,106,0.011198455,0.9575805,2,136
14,0.0013178046,0.97761655,2,31,0.0,0.97535115,2,51,0.03546511,0.8837375,2,74,0.012249679,0.88455594,2,94,0.048062664,0.8655777,2,114,0.030994842,0.55845094,2,134,0.0,0.3617352,0,154,0.0,0.5866523,2,174,0.0319408,0.52002907,1,200
15,0.001745112,0.9162119,2,21,0.018149799,0.9106204,2,41,0.0118733,1.0091586,2,62,0.023878884,0.9125001,2,82,0.010986751,0.816326,2,102,0.038375173,0.80593544,2,123,0.0032954027,0.8734625,2,146,0.022930574,0.747369,2,169,0.007595855,0.9914929,2,200
16,0.0025135016,1.0211942,2,35
17,0.0021042824,0.99486905,2,20,0.002171413,0.98644996,2,46,0.0092623895,0.9271678,2,74
18,0.06419811,0.7093869,0,22,0.0046064807,0.5484705,0,42,0.0,0.40953577,2,64,0.12695257,0.37274045,2,101
19,0.021010768,1.05428,2,23
20,0.0250589,0.99279624,2,20,0.0,1.0519149,2,40,0.013483002,0.9636368,2,69
21,0.015092482,0.9804275,2,30
22,0.0,0.8510063,2,20,0.0018753782,0.9407958,2,41,0.011136223,0.96500415,2,63,0.0059759095,0.8024398,2,83,0.0010183766,0.8177053,2,103,0.00793018,0.8512332,0,123,0.0736655,0.70184565,2,143,0.023064064,0.7832158,0,164,0.056241937,0.7425423,2,187
23,0.0088457,0.9658192,2,20,0.02230655,1.0417813,2,40,0.0,0.86770076,0,60,0.009269812,1.0169672,2,81,0.030396935,0.9367566,0,101,0.07514647,0.87426054,2,134
24,0.016230004,1.0279374,2,26,0.010001288,1.0432491,2,48
25,0.014232553,1.013976,2,22,0.01248275,1.0503664,2,46,0.0013713518,1.0831698,2,67,0.0026331455,1.0326824,2,87,0.0,1.0300745,2,107,0.0032907887,0.9452806,2,129,0.033879463,0.9902221,2,150,0.02071637,0.88124627,2,170,0.022469016,0.92171985,2,200
26,0.0033187852,1.037779,2,20,0.0016792066,1.0034467,2,44,0.0024405166,0.9610769,2,73,0.0,1.0685368,2,94,0.009589325,1.0277886,2,115,0.012384006,0.9248848,2,152
27,0.0073643094,0.87090045,2,20,0.018933602,0.9105713,2,40,0.006991266,0.90592706,2,60,0.03626623,0.77695274,0,80,0.034664232,0.88990486,2,100,0.010341397,0.7942487,0,120,0.024565138,0.8670848,0,140,0.031375773,0.7967153,0,160,0.013651086,0.8982315,2,180,0.036976613,0.75119436,2,200
28,0.0107034575,1.0296777,2,42,0.0,0.9983838,2,65,0.019931464,0.8602364,2,86,0.06361185,0.8231001,2,106,0.009944828,0.95279026,0,126,0.052552342,0.9257723,2,146,0.027322376,0.9362078,2,166,0.028159965,0.9608013,2,200
29,0.0336519,1.0045427,2,23,0.011767631,1.0313323,2,48,0.009289525,0.9820074,0,68
30,0.03248674,0.9798205,2,27,0.0032633091,0.9175118,2,47,0.075103454,0.7656034,2,69,0.0005665681,0.95589083,2,90,0.0103587005,0.80617523,2,110,0.00914736,0.9386784,2,130,0.0,0.8838818,2,154,0.031263586,0.97914827,2,177,0.0017991156,0.92535144,2,200
31,0.00018823388,1.0149909,2,37,0.016265934,0.9722912,2,57,0.0,0.98732847,2,78,0.0021628495,1.0812873,2,98,0.0,0.98041344,2,132,0.0,0.92817575,2,152,0.001427339,1.0365177,2,200
32,0.008240426,0.9309639,2,22,0.0072645303,0.9508952,2,43,0.00866053,0.920891,2,63,0.021282587,0.90175873,2,85,0.010513748,0.86571085,2,105,0.017344762,0.84484756,2,128,0.017691508,0.8483713,2,148,0.003430166,0.6717023,2,170,0.0,0.73375285,1,200
33,0.009255542,1.0394598,2,23
34,0.012975332,1.0001104,2,20,0.018002506,0.9973488,2,49,0.0,1.0428991,2,70,0.0036705728,1.0219839,0,91,0.0,1.0590221,2,111,0.0,1.0718236,2,132,0.01184247,1.0121386,2,152,0.0060427017,1.0121255,2,188
35,0.013526326,0.8886412,2,21,0.041600388,0.8751522,2,47
36,0.0,0.9208065,2,25
37,0.0,1.0362717,2,36,0.0,1.083332,2,56,0.0043421346,1.0570146,2,100
38,0.014426906,1.005107,2,22,0.033445086,0.9198712,2,49,0.014150768,0.9919606,2,72,0.012780438,0.9365376,2,95,0.014134489,0.9614528,2,116,0.037572008,0.92036635,2,138,0.04684613,0.95026135,2,177
39,2.6563182e-05,1.0059448,2,20,0.015892295,0.9949692,2,54
40,0.0,1.034813,2,24
41,0.0025948468,0.9557081,2,34
42,0.0106817605,0.96984917,2,21,0.010965466,1.0002018,2,42,0.01288955,0.99768424,2,68,0.013662197,1.0266504,2,88,0.0054467586,0.9882008,2,108,0.0,1.0407447,2,129,0.0,1.0508368,2,149,0.06265984,0.819722,2,169,0.021402529,0.89132524,2,200
43,0.0030510006,1.0701042,2,21,0.0,1.0531087,2,51,0.0,1.1146833,3,72,0.0,1.0680248,2,97,0.0,1.0309442,2,121,0.0,1.0525049,2,142,0.005974377,1.0229212,2,163,0.004725561,1.0323898,2,200
44,0.016088663,0.9595633,2,23,0.027741566,0.9452353,2,51
45,0.0124345925,0.9869043,2,25
