0,0.0131062865,0.9825705,2,20,0.03668744,0.8973297,2,40,0.0,0.9010167,2,60,0.0051414953,0.99549645,2,80,0.0,0.97009695,2,103,0.007814343,0.9741663,2,126,0.0039984277,0.9603857,2,146,0.0041254777,0.90298784,2,166,0.004490152,0.95338476,2,200
1,0.01721298,0.99531776,2,24,0.0079847,0.9612206,2,44,0.013140053,0.93923664,2,66,0.002581787,0.9319763,2,86,0.0,0.9722754,2,106,0.0,1.0061922,2,128,0.0071743326,0.85010004,2,148,0.044324093,0.9830888,3,168,0.019172553,0.9125074,2,200
2,0.008274853,1.0193654,2,20,0.008746979,0.8820351,2,40,0.02930137,0.9699963,2,62,0.0,0.89175665,2,82,0.048648357,0.98633623,2,103,0.035540055,1.0452085,2,125,0.017479474,0.9861867,2,145,0.0,0.9951595,2,165,0.04962665,0.8296184,2,200
3,0.0070453626,0.8637061,2,21,0.0,0.8108083,1,41,0.0003313549,0.8855434,2,63,0.0067892945,0.89253974,2,99
4,0.006242965,0.98540276,2,21,0.018775744,0.96310985,2,42,0.009958075,0.887891,2,62,0.001529103,0.9843168,2,82,0.0036847792,1.0082914,2,108,0.0015322741,0.99291456,2,128,0.008228248,0.94091177,2,153,0.016194794,0.94398415,2,173,0.0,0.93995327,2,200
5,0.005666515,1.027919,2,21,0.013364277,0.92838824,2,42,0.010014365,0.9937489,2,63,0.0028685208,0.9833326,2,92,0.0007509745,0.803395,2,122,0.0,0.9237175,2,146,0.0,0.809005,2,168,0.052938092,0.7669442,2,200
6,0.012744087,1.0098945,2,24,0.017720742,1.000839,2,46,0.00876628,1.0586625,2,88,0.0,1.1180921,3,114,0.006615237,1.0605372,2,137,0.0,1.0242853,2,172,0.0,1.1066396,2,200
7,0.0,1.0818158,2,34
8,0.00038343368,0.9845331,2,30,0.009791017,0.9632848,2,51,0.0,0.80282474,2,73,0.0028026302,0.8983897,2,94,0.0,0.8738316,2,114,0.0,0.84081775,0,134,0.0,0.7092478,2,157,0.014970921,0.8931464,2,177,0.021956628,0.9331366,2,200
9,0.00338131,0.9928999,2,20,0.0012876054,1.0291632,2,42,0.00080316636,1.0114924,0,63,0.0,0.9629715,2,83,0.0073935273,1.0440891,2,127,0.010818325,0.92710567,3,148,0.0,0.949236,2,170,0.0,1.0427072,2,200
10,0.0,0.9610778,2,20,0.015488857,0.94458306,2,40,0.0,0.8298513,0,60,0.0,0.77341694,2,80,0.097820126,0.7646408,2,100,0.0069263233,0.77617323,2,122,0.034066465,0.59175843,0,144,0.04443436,0.5754719,0,167,0.08783327,0.58768815,0,192
11,0.0015168514,1.0093405,2,20,0.0141659025,0.98498154,2,40,0.019552113,0.94404745,2,67,0.028934337,0.9187258,2,88,0.017592097,0.9355244,2,110,0.028004456,0.95663404,2,130,0.015317777,0.98469275,2,159,0.05392345,0.9556093,2,179,0.024938365,0.9471108,2,200
12,0.018106971,0.9247038,2,21,0.008692245,0.89834267,2,45,0.0015631806,0.86431247,2,65,0.08445732,0.7959328,2,85,0.05001577,0.71197456,0,105,0.0063245934,0.80348366,2,126,0.0,0.8787879,0,146,0.0,0.8113759,0,167,0.014975503,0.55344677,0,200
13,0.0,1.0378175,2,22,0.006743813,0.99810135,2,51,0.010740997,0.967832,2,72,0.0,1.0563078,3,93,0.0008914914,1.036824,2,113,0.0,0.99928576,2,134,0.004304349,1.0050186,2,156,0.008361336,0.98609906,2,200
14,0.0068900436,1.0000104,2,31
15,0.005368007,0.8452741,3,20,0.0,0.87825,2,40,0.0066220732,0.9055894,0,60,0.0,0.77888983,0,82,0.0,0.8355648,2,104,0.0,0.87749463,2,125,0.0034509124,0.6716858,0,152
16,0.026482772,0.9741778,2,21,0.014050444,0.9992871,2,42,0.0006319782,1.0453981,2,62,0.009663639,1.0456226,2,83,0.01404658,1.0191057,2,104,0.009281321,1.0825312,2,130,0.0,1.0771728,2,154,0.007657623,1.0420744,2,175,0.00028718673,0.9775903,2,200
17,0.00088722736,1.0088662,2,21
18,0.0087370975,0.8408327,2,20,0.0,0.8897572,2,42,0.018212348,0.9529236,2,70
19,0.0036978202,1.0486209,2,41
20,0.007547339,0.9990791,2,27,0.0,1.1004092,2,47,0.0063640624,1.0784376,2,67,0.0035751015,1.0530531,2,89,0.008532177,0.94115186,2,110,0.014004583,0.9578783,2,138,0.0013545706,0.9555215,2,159,0.00861929,0.97427386,2,180,0.054627925,0.9867996,2,200
21,0.02963309,0.9419375,2,21,0.0064558615,0.9690139,2,50,0.008845884,0.9369794,2,76,0.029040473,0.8568043,2,103,0.020367868,0.8157461,2,123,0.0012037989,0.670098,2,147,0.021088133,0.620399,2,167,0.11848587,0.5161176,2,200
22,0.0,1.0650928,2,22,0.0,1.0358521,0,45,0.00047585546,1.0167086,2,65,0.0,1.072766,2,88,0.0,1.0645455,2,108,0.0086400295,1.0273422,2,135,0.0046788678,1.0572399,2,170
23,0.008000373,1.0071129,2,24
24,0.0155994175,1.0151864,2,20,0.013644233,0.9787764,2,53
25,0.041168116,0.9753046,2,20,0.004374819,1.0049002,2,52
26,0.008265627,0.9272608,2,36
27,0.01142041,0.97087365,2,20,0.037854593,0.8140079,2,41,0.04264528,0.8030858,2,61,0.012535562,0.89173424,2,84,0.0139141185,0.8001709,2,104,0.096967235,0.5826153,2,125,0.04524312,0.63237166,2,161
28,0.015474764,0.98028964,2,22,0.00045136586,0.9072739,2,42,0.004952728,0.9186619,2,62,0.0046285363,0.75531757,2,82,0.034885257,0.70652395,0,102,0.0,0.75284827,0,122,0.06760071,0.8133995,0,142,0.0016669206,1.0479908,3,162,0.029154425,0.7305349,0,200
29,0.013470838,0.9768184,2,20,0.00673981,0.972331,2,48,0.002127767,1.0456388,2,68,0.0,0.8887026,2,89,0.0,1.0113285,2,109,0.0,0.9490534,2,129,0.0,1.0101105,2,149,0.0,1.1020442,2,171,0.031088313,0.8499943,2,200
30,0.009604475,1.0131109,2,21,0.024804937,0.9136839,2,41,0.012606715,0.7376214,2,61,0.04432384,0.9149265,2,81,0.0,0.8259018,2,101,0.0074665383,0.83013135,2,122,0.0,0.83061135,2,142,0.05762608,0.8833273,2,162,0.10696178,0.6998232,2,200
31,0.0023741696,0.94996345,2,20,0.011996049,0.9902588,2,42,0.017308315,0.9294168,2,63,0.0079731075,0.8980101,2,84,0.007254207,0.8758831,2,104,0.0041426606,0.9571784,2,124,0.008844177,0.9043231,2,144,0.072857946,0.9332455,2,171,0.0424946,1.0250499,2,200
32,0.05749481,0.80869734,2,20,0.017280137,0.5315875,2,40,0.0,0.51143754,2,60,0.004216928,0.53217685,1,80,0.031950086,0.5240146,0,100,0.0,0.16809104,2,120,0.0,0.12298108,1,143,0.0,0.22753704,1,166,0.0,0.2792574,1,200
33,0.0020341047,0.90446967,3,20,0.0,0.96795875,0,40,0.0,0.8612442,0,60,0.0061513074,0.65871745,2,80,0.0,0.9186641,3,100,0.030132955,0.7211077,2,122,0.01501302,0.8291887,2,142,0.0,0.90743047,2,162,0.02733777,0.7783407,2,200
34,0.022339806,0.85171735,2,20,0.021531826,0.8766879,2,40,0.004731805,0.91952515,0,60,0.020587083,0.8926681,2,80,0.020960845,0.8235351,2,100,0.011357198,0.74655175,2,125
35,0.021720488,1.0163256,2,30
36,0.0026297395,1.0055972,2,20,0.012966354,0.9733105,2,40,0.013890905,0.892823,2,76,0.039009016,0.9249997,2,99,0.02227366,0.959685,2,119,0.0,0.9278601,2,143,0.0,0.9257736,2,164,0.00095891644,0.91424793,2,200
37,0.009949437,0.99397033,2,26,0.019453492,0.94143325,2,46,0.0002589222,0.8761765,2,66,0.0017844088,0.9159845,2,86,0.040051132,0.8115605,2,109,0.002906554,0.8960665,2,129,0.0,0.88528043,2,150,0.017535852,0.783393,2,171,0.032821983,0.66777974,2,200
38,0.0028388265,0.9753586,2,20,0.025101941,0.90705025,2,40,0.11681821,0.833671,2,60,0.02901249,0.83042365,2,81,0.027401082,0.94220304,2,105,0.033827294,0.88182235,2,130,0.026223738,0.901687,2,150,0.0005604091,0.91454643,2,171,0.017572021,1.0014882,2,200
