0,0.0240095,0.8510946,0,20,0.0054823933,0.8088852,2,40,0.014551393,0.7183985,2,61,0.04676033,0.73159575,2,81,0.01889534,0.53660053,0,103,0.0,0.5922088,0,124,0.0,0.7248106,0,144,0.033530287,0.569706,0,164,0.015213314,0.5551417,0,200
1,0.007665653,1.0240353,2,20,0.0005702776,0.9659662,2,40,0.028662128,0.9666657,2,66,0.0058992356,0.9490059,2,86,0.010309008,0.9204367,2,107,0.0010421941,0.91726303,2,131,0.018691842,0.8351265,2,151,0.014227668,1.0591358,2,171,0.0019279214,1.0175968,2,200
2,0.00021389191,1.0212008,2,29
3,0.0,0.9149334,2,20,0.0053648404,1.0504615,2,41,0.029724732,0.7548749,2,61,0.0,0.5035299,1,81,0.0,0.93585604,0,101,0.0,0.7816003,2,121,0.026324661,0.6485303,1,155
4,0.03540206,0.82316697,2,20,0.0,0.8796767,2,40,0.0099561615,0.7886708,1,60,0.0029178672,0.60970175,0,80,0.0062009767,0.4762254,1,108
5,0.005476434,0.93429035,2,24
6,0.00072335533,1.0435305,2,23
7,0.0006529776,0.9905246,2,20,0.0051755486,0.9747816,2,41,0.034185432,0.9222584,2,61,0.0,0.93577665,2,82,0.10082103,0.86902845,2,103,0.07162223,0.9344289,2,123,0.0073536336,0.9525618,2,151,0.005393987,0.9913955,2,172,0.0020294848,0.9598292,2,200
8,0.001751307,0.9800579,2,20,0.008350817,1.0131047,2,40,0.0,1.0065992,2,60,0.0,1.0481036,2,80,0.0018097811,1.0202551,2,107,0.0,1.0907406,2,175,0.007757915,1.1072508,2,200
9,0.017183477,0.982605,2,21,0.00058745214,0.9602335,2,41
10,0.0,0.9522675,2,20,0.0,0.84575427,2,41,0.0040346994,0.64648503,2,62,0.0003123096,0.67428195,2,97
11,0.0012827094,0.9958885,2,25
12,0.01621394,0.973784,2,33
13,0.013187426,1.0342493,2,31
14,0.035033517,0.8871087,2,20,0.0036792362,0.85236067,0,42,0.0,0.8597168,2,62,1.675396e-05,0.7627238,0,83,0.0,0.7443744,2,103,0.010976756,0.5136627,1,124,0.0,0.26585326,0,144,0.0049138847,0.39417282,1,168,0.049421635,0.43016177,2,200
15,0.0,0.84357834,2,20,0.0,0.9263566,2,40,0.005479677,0.48856178,2,64
16,0.004356519,0.97650814,2,22,0.021254985,0.9656948,2,42,0.010386582,0.92899907,2,62,0.018932479,0.95287925,2,82,0.0,0.91360474,2,103,0.020352025,0.9883188,0,123,0.0,0.83944833,2,143,0.0065697865,1.0005262,2,163,0.0029755228,0.9200134,2,200
17,0.017462771,0.90450895,2,22,0.00403049,0.91926044,2,61
18,0.010513635,0.93367493,2,20,0.0,0.93904525,2,40
19,0.013520091,0.9843969,2,23,0.015294383,0.95186466,2,46
20,0.003930828,0.97794294,2,20,0.032634117,0.9132862,2,42,0.0015635838,0.8949281,2,63,0.0017210869,0.98849475,2,84,0.0,0.89461744,2,104,0.00018270702,0.8156043,2,127,0.009024737,0.88060194,2,149,0.024726136,0.8619372,2,170,0.043514676,0.84803826,2,200
21,0.009204895,0.991206,2,22,0.0034109398,1.001118,2,42
22,8.154899e-05,0.9721509,2,32
23,0.0011032193,1.0446047,2,31
24,0.002947936,0.938044,2,28,0.006649429,0.90325487,2,54,0.008643227,0.98603106,2,74,0.02217417,1.0125529,2,94,0.0014771214,0.93045366,2,117,0.01163238,0.9511552,2,138,0.013944113,0.93576586,2,165,0.006734545,1.0633874,2,200
25,0.007251145,0.94849586,2,20,0.02248149,1.0524414,2,41,0.0,1.037447,2,62,0.0005053744,1.0445925,2,84,0.0022760488,1.0560791,2,126,0.0,1.0466496,2,146,0.0,0.9887438,2,174
26,0.004194333,0.9759212,2,28
27,0.0,0.9780301,2,23,0.027425732,0.91686827,2,46
28,0.0,1.0560555,2,20,0.015290821,1.0177389,2,51,0.0,1.0116091,2,71,0.013112493,1.0149121,2,103
29,0.012420682,1.0342853,2,21,0.016375503,0.97516125,2,41,0.0,0.98641,2,67
30,0.0019079037,0.956557,2,20,0.0047547496,0.96819353,2,41,0.010999612,0.872265,2,61,0.044162445,0.88652754,2,81,0.033750996,0.7509522,2,101,0.028631866,0.70834565,2,122,0.10167268,0.50025386,2,147,0.028249145,0.53112674,2,167,0.043779995,0.6919754,2,200
31,0.0073974687,1.0173285,2,21
32,0.0056997593,1.0083462,2,27
33,0.0046399287,0.9637973,2,23,0.015766127,0.8906191,2,43,0.116416395,0.8089137,2,66
34,0.020060893,1.0560304,2,20,0.022979844,1.0592706,2,42,5.0762592e-05,1.0302644,2,66,0.011157172,0.9530877,2,94
35,0.0029488427,0.9531136,3,25
36,0.0001433462,0.97662336,2,22,0.011893452,0.95702046,2,42,0.006205261,1.002832,2,64,0.009742195,0.9339333,2,86,0.009279806,0.9098511,2,124
37,0.0020333068,1.049679,2,22
38,0.018760452,0.90868986,2,21,0.0,0.8694717,2,41,0.0057058013,0.99493873,2,61,0.0025374603,0.84587705,2,81,0.033769518,0.87804806,2,102,0.019829605,0.8832547,2,122,0.009214061,0.91499573,2,143,0.0064425273,0.9411606,2,172
39,0.0015986426,1.0585649,2,20,0.000318845,1.0533226,2,43,0.0032020488,0.9528885,2,69,0.0,1.0079894,2,96,0.011656665,1.0122736,2,123,0.0065491474,1.0468252,2,143,0.0038188235,1.0499676,2,166,0.016157428,1.0472655,2,200
40,0.0042821243,1.0067742,2,20,0.0002873782,0.9931276,2,44,0.01347178,0.949903,2,65,0.011348955,0.95764965,2,93,0.015928831,0.9393652,2,113,0.0,0.95841897,2,134,0.031717792,0.95643306,2,156,0.0,0.9536686,2,177,0.0032475307,0.9734469,2,200
41,0.015827676,0.9775963,2,20,0.0015419098,0.9539356,2,40,0.011791773,0.8374365,2,60,0.0,0.8739621,2,81,0.045559704,0.85326177,2,101,0.0,0.918335,2,123,0.017695663,0.944802,2,143,0.029795095,0.8740638,2,164,0.0,0.8045624,2,200
42,0.011459913,0.88295966,2,21,0.009267412,0.8349368,2,41,0.0,0.8241227,0,61,6.8731606e-06,0.8473996,2,81,0.0,0.8497159,2,101,0.026852094,0.7429605,2,123,0.0,0.85893935,2,143,0.013767946,0.4885622,2,163,0.0033769375,0.45148933,1,200
43,0.010747183,0.9974308,2,20,0.0,0.9132962,2,40,0.014948986,0.9356006,2,61,0.0,0.96812767,0,82,0.0,0.98064107,2,102,0.0010484799,0.863928,2,125
44,0.00637989,0.9904003,2,21
45,0.015831623,1.034918,2,26,0.0016650354,1.0550452,2,53,0.0073213778,0.98368055,2,73,0.0009278617,0.98826146,2,95,0.016174223,0.9752368,2,115,0.008280918,0.95572555,3,135,0.0,0.99693555,2,155,0.016738603,0.86183417,2,178,0.020161951,0.9266231,2,200
46,0.0037202009,0.98814726,2,20,0.0066642403,0.975062,2,40,0.016815746,1.0628711,2,60,0.0,1.0635496,2,97,0.0012803039,1.0373176,2,117,0.01038065,1.0440537,2,144,0.0031469187,1.0517974,2,168,0.0018369593,1.0076168,2,200
47,0.022816002,0.9751633,2,30,0.0036235577,0.93976223,2,50,0.011505586,0.87435436,2,70,0.0,0.8431355,2,91,0.0,0.7759816,2,111,0.034666214,0.8524279,2,132,0.0,0.60157895,2,152,0.0,0.64375424,2,174,0.0,0.62798774,1,200
48,0.0016749181,1.0536377,2,20,0.0,1.0711547,2,51,0.01077981,1.0737774,2,71,0.0004440587,1.0742925,2,95,0.0002560651,1.0546484,2,138,0.0,1.0594188,2,173,0.0047703227,1.051568,2,200
49,0.005010578,0.94189173,3,21,0.0,1.0026768,3,41,0.0,0.8461727,2,61,0.0041386746,0.78301257,0,92
50,0.015158587,1.0213363,2,26,0.011294623,0.98526603,2,47
51,0.0032007175,0.96779484,2,23,0.0,0.93822634,2,44,0.013158697,0.9361374,2,64,0.0046191914,0.9166857,2,84,0.022097547,0.8756975,2,104,0.007185175,0.9063845,2,125,0.0,0.8048574,2,145,0.0075668683,0.8659361,2,165,0.007253296,0.98382133,2,200
52,0.0026462162,0.9990848,2,27,0.00037916403,0.9961388,2,48
53,0.016682344,1.0227793,3,21,0.012119968,0.9285363,0,41,0.010105109,0.8716611,3,72
54,0.0122587,0.9739509,2,22
55,0.016399974,0.9556197,2,20,0.004071478,0.9225651,2,41,0.012039629,0.91484195,2,61,0.018959202,0.8987662,2,81,0.02087591,0.92960966,2,101,0.043789838,0.9209174,2,121,0.0052937884,0.89937186,2,143,0.018212978,0.8367174,2,163,0.0166103,0.8877183,2,200
56,0.03590657,0.96902287,2,20,0.0068623773,0.9349125,2,40,0.024180667,0.9308417,2,62,0.009895856,0.95246637,2,82,0.025983334,0.88359153,2,102,0.0012601457,0.96343994,2,123,0.005836078,0.97107536,2,144,0.0095817065,0.91086894,2,164,0.007941862,1.0097389,2,200
57,0.01082149,1.0019999,2,20,0.036873847,0.98534703,2,41,0.014431112,0.93782884,2,63,0.020038111,0.84863675,2,83,0.012314466,0.905408,2,103,0.017833963,0.7640575,2,123,0.004524576,0.87918746,2,143,0.0,0.7614389,0,163,0.061674338,0.68743384,2,200
58,0.021701613,0.9790068,2,21,0.016924608,0.9684242,2,49,0.00073772355,0.90851086,2,70,0.012506373,0.815094,2,90,0.016247645,0.8262927,2,110,0.023589073,0.7297368,0,130,0.012027119,0.80808765,2,154,0.037551843,0.74184877,2,176,0.13506381,0.7651448,2,200
59,0.006903388,0.9026808,2,21,0.029966874,0.8938711,0,43,0.018109895,0.96304053,2,65,0.042796887,0.9160509,2,85,0.014130294,0.88288593,2,105,0.005846408,0.9694167,2,127,0.017571498,0.9493309,2,148,0.0112375915,0.92276,2,168,0.0,0.9698827,2,200
