0,0.021068852,0.9562048,2,20,0.0,0.9219183,2,40,0.009332928,1.0660363,2,61,0.0,1.0668796,2,84,0.0,1.0979288,2,105,0.0,0.95540553,2,125,0.0,0.786051,0,148,0.0,0.73547596,0,169,0.012976089,0.5503756,0,200
1,0.004285655,1.018357,2,30
2,0.0,0.8991443,2,20,0.03498888,0.9237515,2,40,0.0,0.9971585,2,60,0.005840228,0.9706567,2,81,0.012678486,0.93007314,2,101,0.023426445,0.89982337,2,136
3,0.0058480436,1.0010682,2,21,0.015970027,1.0062745,3,45,0.008613436,0.9696931,2,66,0.0,0.9640896,2,89,0.0061660977,1.0350969,2,109,0.0114214,0.97741306,2,143,0.0051670335,0.95380276,2,164,0.012206918,0.9013942,2,200
4,0.007771207,1.0136533,2,29
5,0.010703631,1.0179029,2,32,0.011227823,0.93899053,2,53,0.011832746,0.95177984,2,73,0.034573317,0.97466797,2,94,0.019824166,1.0123211,2,115,0.0,1.0799167,2,135,0.008272367,1.0096072,0,156,0.0,1.0508506,0,176,0.00080032815,1.0674114,2,200
6,0.00097392825,0.88793325,2,21,0.0,0.87665164,2,41,0.0017290281,0.8626286,2,64,0.05833,0.7852171,2,84,0.029642861,0.70784837,2,104,0.061776746,0.6509441,2,124,0.16647354,0.7294233,2,149
7,0.0,1.0739672,2,20,0.006140183,1.0670881,2,42
8,0.0067053614,1.0118709,2,20,0.007820655,1.0291257,2,44,0.0,1.1006035,3,64,0.0,1.150261,0,88,0.0,1.1124971,2,111,0.0,1.0711029,2,134,0.0,1.1981686,0,156,0.0,1.1634057,2,176,0.0,1.0560783,2,200
9,0.014205723,0.95200306,2,23,0.016869737,0.9312784,2,43,0.0,0.95515174,2,68,0.0034467673,0.96443367,2,90,0.002371741,0.9365448,2,110,0.03145061,0.8686466,2,130,0.007197425,1.0354902,2,150,0.015719717,0.9299226,2,171,0.0073985634,0.9947623,2,200
10,0.014417814,1.0180199,2,25,0.003119478,1.0013163,2,45,0.001614519,0.9644869,2,69,0.023642085,1.0126686,2,90,0.006249079,0.98073506,0,112,8.172104e-05,0.97002614,2,132,0.00447004,0.9945166,2,155,0.016055444,1.0228872,2,175,0.0021570823,0.9992036,2,200
11,0.008538864,0.9391653,2,21,0.0,0.78619313,2,41,0.019470032,0.90665084,2,61,0.057019398,0.66905767,2,83,0.011159127,0.8002819,2,103,0.089767106,0.67136663,1,123,0.000779789,0.54360586,0,143,0.0,0.5548341,1,163,0.06470209,0.45751876,0,200
12,0.03490362,1.0255147,2,20,0.008287163,1.0292157,2,49,0.008958682,1.0933849,2,73,0.00152733,1.1280394,3,94,0.0012759658,1.0852367,3,114,0.0011361432,1.05675,2,135,0.00034787093,1.0901355,0,163,0.0033004442,1.077757,2,200
13,0.0131932665,0.9555788,2,20,0.0018916924,0.9879982,2,40,0.037274633,0.91148436,2,60,0.012795995,0.7948086,2,80,0.04130903,0.85544634,2,101,0.020738238,0.8622476,2,121,9.330389e-05,1.0052893,2,142,0.010336483,0.95830595,2,170,0.0076700766,0.93335855,2,200
14,0.024849832,0.9852622,2,20,0.0,1.0531411,2,41,0.0,1.0025655,2,61,0.0,1.0160655,2,83,0.0,1.0320903,2,109,0.0,1.0230829,2,131,0.0,0.9805015,2,155,0.0,1.063809,2,176,0.002692981,1.0315295,2,200
15,0.039988384,0.6672329,2,20,0.0,0.87063897,0,40,0.0,0.64418525,2,63,0.0,0.60966694,0,84,0.0,0.42919812,2,104,0.0,0.44005212,0,125,0.024884673,0.48777777,1,146,0.0,0.28874555,1,166,0.09123632,0.35026178,2,195
16,0.0023599637,0.8925163,2,20,0.0108484365,0.8824771,2,46
17,0.0,1.0598806,2,21,0.0,1.0743599,2,42,0.008890479,1.0308955,2,63,0.01567155,1.0236274,2,94
18,0.02853326,0.94096434,2,20,0.0056185587,0.98112386,2,41,0.009824106,0.9841283,2,61,0.014339554,1.0019732,2,81,0.007673101,1.0029637,2,106,0.03143937,1.0033816,2,126,0.018170247,0.9989485,2,162
19,0.0042211344,1.0203949,2,22,0.009657099,1.0109608,2,42,0.018717943,0.968729,2,66,0.008534995,0.945476,2,87,0.0003752861,0.90148306,2,108,0.017637743,0.8672436,2,135,0.0067820833,0.9058308,2,163,0.003912084,0.9162709,2,200
20,0.016001806,0.9484285,2,22,0.003595789,0.98309946,2,47,0.0170032,0.91161245,2,82
21,0.009149659,0.98846066,2,26,0.02830184,0.85016555,2,46,0.042359702,0.8680522,2,67,0.005572532,0.8137632,2,93
22,0.0029888856,0.9499748,2,21,0.026884127,0.85526216,2,41,0.008458085,0.94760287,2,62,0.021399826,0.7757685,2,82,0.0021016938,0.74698645,2,102,0.0,0.80861634,0,122,0.0053099254,0.7519542,2,142,0.021183392,0.78572,3,162,0.0033583806,0.7477749,2,200
23,0.001202602,0.9748782,2,20,0.017989252,0.9192122,2,40,0.033986945,0.94469136,2,67,0.029514244,0.9453603,2,87,0.008752027,0.86940604,2,107,0.021522533,0.9374998,2,127,0.01301323,0.85999525,0,148,0.0025017445,0.8938366,2,169,0.0268343,0.9558087,2,200
24,0.035105646,0.9874533,2,20,0.024588984,0.9788845,2,40,0.015704269,0.9751265,2,70
25,0.0050661378,1.0476239,2,23
26,0.007066064,1.0403908,2,21
27,0.03039644,0.9582407,2,33
28,0.011294605,0.9537778,2,20,0.025748448,0.8500404,2,42,0.0124181025,0.9319009,2,63,0.0,0.98163587,2,83,0.01954557,0.8450881,2,104,0.035827883,0.8946107,2,124,0.018945707,0.7874474,2,147,0.060826175,0.8643388,2,168,0.00038479874,0.9149342,2,200
29,0.029121142,0.86636335,2,20,0.011279182,1.0429317,3,42,0.0027814745,1.1047643,3,62,0.0040371027,1.0836555,2,84,0.0020541737,1.0613145,2,113
30,0.0,0.85209495,2,20,0.007852142,0.8119298,2,40,0.02052118,0.9850579,2,62,0.00040569252,0.99824005,2,87,0.010267899,0.8757866,2,107,0.017499363,0.92479813,2,127,0.006640696,0.8000284,2,148,0.012786774,0.8530054,2,168,0.017801946,0.8947849,2,200
31,0.009842898,0.947258,2,23,0.0,1.0156046,2,44,0.005423791,0.90197766,2,65,0.0,0.83473563,2,88,0.0,0.50232303,1,108,0.013145399,0.7369218,2,128,0.0,0.8582713,2,149,0.023616599,0.8541918,2,169,0.0,0.8242156,2,200
32,0.0075271646,0.94278,2,24
33,0.024334624,0.9812041,2,23,0.0031431925,1.0188414,2,54
34,0.021689024,0.9565731,2,20,0.0059301844,0.9773644,2,40,0.017656358,0.90061307,2,62,0.005690687,0.96389085,2,84,0.04648235,0.89648104,2,107,0.0,0.93430203,2,128,0.0024063836,0.93356323,2,149,0.019170465,0.9503258,2,172,0.0065299054,0.91787946,2,195
35,0.016095325,0.9269363,2,27
36,0.022993352,0.9111732,2,20,0.007659268,1.0021147,2,56
37,0.0082849255,0.95142573,2,20,0.0,0.9020542,2,40,0.004105209,1.0348217,2,60
