0,0.037182186,0.9153846,2,20,0.006092532,0.9168513,3,42,0.026112905,0.9213853,2,63
1,0.027592335,0.94619966,2,39
2,0.03281719,0.98485184,3,20,0.06511827,0.9935261,2,42,0.09613906,0.98942405,2,62,0.007883358,0.94559467,2,90
3,0.010347954,1.038602,2,25,0.0,1.0560088,2,57,0.0,1.0432857,2,95
4,0.0,0.9028742,2,21,0.02891649,0.9543689,2,42,0.0,0.7499096,2,65
5,0.010842724,1.0616655,2,23,0.0035538431,0.968748,2,44,0.010507445,0.97011983,2,70,0.011478027,0.957443,2,92,0.020458834,0.9590165,0,113,0.0010570992,0.9534682,2,133,0.019655727,0.9474994,2,154,0.022808794,0.9405343,2,175,0.010065818,0.9746892,2,200
6,0.0,1.0072724,2,20,0.042668786,0.95752585,2,42,0.007416544,0.96358186,2,77,0.00830704,1.0009857,2,108,0.06994391,0.9540881,2,128,0.010492048,1.0202736,2,153,0.0031853556,0.9804845,2,200
7,0.027186304,0.9192462,2,20,0.048623502,0.742571,2,40,0.021252513,0.80562335,2,61,0.028967205,0.8417381,2,81,0.012007205,0.7324649,2,101,0.0,0.5898299,0,121,0.0,0.511053,0,143,0.0,0.74405265,2,163,0.017509677,0.44948182,1,200
8,0.0032949115,1.0092076,2,28
9,0.009114285,0.86813545,2,20,0.0,0.8315996,2,40,0.0031455518,0.7097435,2,67
10,0.027942568,0.9185991,2,20,0.0065111974,0.85589993,2,40,0.0059616133,0.8722432,2,61,0.029034829,0.73473775,2,81,0.032741155,0.63740575,2,101,0.0,0.7384728,2,121,0.02414743,0.72126,1,141,0.021920118,0.80148304,2,161,0.0014467087,0.7931906,2,200
11,0.03159687,0.92552364,2,20,0.06966157,0.75667876,2,40,0.021394525,0.81220436,2,60,0.03855454,0.7017325,2,80
12,0.021055266,0.99259,2,27
13,0.024035523,0.96644276,2,35
14,0.008742241,0.9479805,2,20,0.0,1.0304503,2,40,0.0002660378,1.051552,0,60,0.0016045936,1.0155925,2,80,0.006975336,1.0661209,0,116
15,0.007744616,0.93222547,2,22,0.024144227,0.8026299,2,44,0.020665724,0.8622159,2,64,0.0029514139,0.77690446,2,84,0.0149036795,0.5696155,2,104,0.0045547024,0.58110917,0,124,0.0,0.444009,2,145,0.0,0.13089135,1,173,0.034133706,0.32848245,1,200
16,0.006047526,0.89221543,2,20,0.0061624534,0.89949226,2,47,0.0,0.8827206,2,75,0.0,0.864938,2,110,0.004743804,0.8936868,2,130,0.023394486,0.88357,2,151,0.0,0.8555764,2,171,0.007869133,0.8400735,2,200
17,0.012666015,0.90149266,2,29,0.00429456,0.901126,2,49,0.010103514,0.94737923,2,69,0.030785011,0.9728794,2,93
18,0.0,1.0359998,2,23,0.0,1.0921797,2,44,0.0013096092,1.0176672,2,71
19,0.004775078,0.97856176,2,21,0.007863874,0.9915827,2,41,0.015026513,0.89629257,2,61,0.0068290397,0.99143994,2,101,0.0,1.0109245,2,124,0.0045619444,1.0332756,2,161
20,0.016748508,1.0423572,2,27
21,0.019816454,0.94740117,2,21,0.008520755,1.0114448,2,44
22,0.0076239347,1.0113539,2,24
23,0.006251813,0.878657,2,20,0.04563149,0.91147333,3,41,0.0,1.0401642,2,61,0.0,0.85421056,0,81,0.017237997,0.61146855,0,112
24,0.0076767765,0.83845466,2,21,0.02463507,0.73437893,2,41,0.020959336,0.78880066,2,61,0.022693735,0.70469046,2,81,0.11563148,0.7344428,2,101,0.19737035,0.61252344,2,123
25,0.031179264,0.9231264,2,20,0.03971397,0.8604147,2,40,0.0336855,0.90667456,2,60,0.026087705,0.9673537,2,80,0.035772707,0.83677113,0,109
26,0.011524903,0.92630386,2,20,0.011420872,0.8751462,2,40,0.009884784,0.9612929,2,60,0.06206145,0.78221345,2,80,0.04995874,0.7236615,0,102,0.019431902,0.7625018,2,124,0.015663866,0.81340253,2,144,0.0,0.9237468,2,166,0.009232704,0.81416863,0,200
27,0.0032062067,1.0032791,2,27
28,0.01943621,0.9562408,2,20,0.018132214,0.97314,3,41,0.042981144,0.86496574,2,65,0.032599986,0.8845161,2,85,0.0,0.78074354,2,106,0.011131963,0.71596354,2,126,0.0,0.67136747,2,148,0.0,0.56921285,2,168,0.011775701,0.60281855,1,200
29,0.013688345,1.0028839,2,20,0.0058615967,0.9861203,2,42,0.0034687074,0.94332504,2,65,0.00023533286,0.98886657,2,87,0.02725896,0.89429605,2,110,0.009765705,0.99025023,2,132,0.0,0.85893005,0,153,0.0018537901,0.6835227,0,173,0.0021204378,0.55596673,2,200
30,0.052001856,0.9429997,2,20,0.0,0.9413607,2,43,0.0037290924,1.0136962,2,63,0.013890928,1.0271856,2,85,0.0017274296,1.096348,2,105,0.02919874,1.0228714,2,125,0.008784176,1.0131336,2,163
31,0.011101026,0.9736231,3,20,0.015551284,0.99422836,2,44,0.018746365,0.93308645,2,66,0.0042027356,0.95461947,2,88,0.032943275,0.91749436,2,110,0.025358738,0.91519886,2,147,0.0007235463,0.907256,2,167,0.029822208,0.95237845,0,200
32,0.015443251,0.92446434,2,20,0.015700042,0.84516054,2,53
33,0.0054277354,0.9983467,2,21
34,0.0026734483,0.9500714,2,22,0.03806959,0.9051402,2,43,0.004445665,0.9392339,2,64,0.023576524,0.89998484,2,85,0.0043251636,0.9822202,2,105
35,0.020120293,0.914234,2,20,0.002902694,0.963455,2,41,0.01137485,0.85032153,2,65,0.008617014,0.7944972,2,88,0.05879419,0.8356713,2,108,0.003979274,0.788238,2,134,0.0,0.90463936,2,154,0.022071386,0.860737,0,174,0.045448083,0.9748329,0,200
36,0.0044256775,1.0470779,2,25
37,0.0,1.0225558,2,20,0.016251976,1.0269427,2,40
38,0.001110542,0.997645,2,30
39,0.01026006,0.8300523,3,22,0.007464096,0.88424945,2,43,0.0,0.9228376,0,63,0.0,0.9184635,2,83,0.080637895,0.55108637,0,110
40,0.023082154,0.95492345,3,20,0.01351625,0.8561422,2,40,0.037140936,0.845455,0,60,0.005505234,0.65679985,0,89
41,0.008151524,0.9380108,2,20,0.035421044,0.9252778,2,40,0.00996073,0.87014693,2,74
42,0.01127169,0.9662003,2,36
43,0.012705138,0.92481977,2,20,0.016863776,0.96107167,2,44,0.020549733,0.8324782,2,81
44,0.011580136,0.96487033,2,27,0.004200936,1.0283514,2,49
45,0.005535498,1.0438527,2,35
46,0.0074438704,0.97001237,2,20,0.0,0.9326888,2,46,0.02160061,0.89481544,2,66,0.030976392,0.8439746,2,87,0.0057166247,0.7817944,2,119
47,0.006713355,0.9958777,2,24,0.014410012,1.0157813,2,52,0.02021641,0.9034095,2,72,0.023070646,0.9332508,2,95,0.03591807,0.82991,2,115,0.014033146,0.80133975,2,135,0.0,0.91467077,2,159,0.0052015726,0.66436386,2,200
48,0.010126168,0.93206227,2,20,0.009313342,0.9340519,2,40,0.004968607,0.9224433,0,60,0.006999931,0.8566023,2,80,0.031411238,0.61940634,2,100,0.012939276,0.65881306,2,121,0.010076246,0.57516587,1,143,0.0070900703,0.61304677,2,174
49,0.0059847147,0.9863253,2,27
50,0.0,0.9381976,2,20,0.008091643,1.0211958,2,40,0.0076991967,0.9649375,2,60,0.002402231,1.0446403,2,92
51,0.0,1.003233,2,20,0.013659564,0.9963912,2,49
52,0.021154806,0.9871549,2,22
