0,0.013731338,1.0165579,2,24,0.0014465149,1.0640488,2,44,0.0012711056,1.0159733,2,64,0.004987865,1.0185077,2,88,0.017981768,1.0215553,2,122,0.00415451,1.0214298,2,142,0.01449197,0.85184216,2,163,0.020278241,0.97551656,2,200
1,0.01959121,1.0005945,2,26
2,0.0071096113,0.9690832,2,26,0.044174932,0.9445384,2,46,0.023511887,0.83971214,2,66,0.0076631308,0.60749304,0,86,0.007231163,0.5281112,2,108,0.06581961,0.5622398,2,135
3,0.027820367,0.89826995,2,38
4,0.019429436,0.977934,2,20,0.005855211,0.98222965,2,53
5,0.033082686,0.97990745,2,25,0.035722822,0.97424215,2,52
6,0.005296775,0.97207713,2,42
7,0.0058965515,1.0182816,2,24
8,0.0013225822,1.0086608,2,25
9,0.0054674954,1.0428332,2,33
10,0.012134823,1.012908,2,20,0.003679736,1.0354364,2,53
11,0.013322993,0.9596981,2,31,0.0050980607,1.021811,2,51,0.040807616,0.89945877,2,71,0.011002628,0.78576905,2,98
12,0.013385185,0.97823906,2,21
13,0.012214956,1.029878,2,22,0.00021882435,0.92112875,2,57
14,0.0,1.0139602,2,22
15,0.0122361705,0.9958211,2,32
16,0.028981928,0.9142522,2,21,0.0039186897,0.9470445,2,41
17,0.01523863,0.94089967,2,20,0.017263718,0.9301233,2,46,0.004249989,0.91824734,0,66,0.01816138,0.94533134,2,89,0.0037552249,0.9937719,2,109,0.009861766,0.98526603,2,129,0.012645565,0.8551696,0,150,0.006367059,0.83303833,2,170,0.04977308,0.86753345,2,200
18,0.005466809,0.97127026,2,30
19,0.006892237,0.90109396,2,21,0.0016360522,1.01523,2,41,0.0,0.9788145,2,61,0.0056302696,0.989534,0,81,0.0138992565,0.9072844,2,101,0.036491476,0.8797645,2,124,0.0,0.8352334,2,144,0.03991432,0.757668,0,165,0.018378641,0.7381792,0,200
20,0.012277512,1.0509026,2,20,0.01019514,1.0625273,2,40,0.00067489373,1.0525292,2,63,0.0,0.96881163,2,83,0.0035945245,1.0333828,2,112,0.005506094,1.0105467,2,146,0.0023789497,0.97505856,2,166,0.010456126,1.0055012,2,200
21,0.025906328,0.9636451,2,21,0.025232755,0.9599641,2,42,0.006500528,0.98307973,2,62,0.025867488,0.98203176,2,83,0.001748142,1.0260515,2,114,0.0063774586,0.8874842,2,152
22,0.0,1.0181873,2,22
23,0.0065178717,0.8634895,2,23
24,0.016771289,0.8667155,2,28
25,0.0,0.93717355,2,20,0.009351271,0.9295725,2,45,0.016704476,0.8384764,2,69,0.016095318,0.8234782,0,89,0.005459212,0.61435324,2,110,0.0044774935,0.79721504,2,132,0.0,0.60164785,2,155,0.0,0.70053124,1,175,0.009211419,0.8167665,2,200
26,0.005424501,0.9685025,2,21,0.037947237,0.8967978,2,41,0.012995845,0.93574345,2,61,0.030502543,0.9189348,2,81,0.038425624,0.92845905,2,101,0.026461326,0.91191536,2,122,0.01405024,0.82836545,2,142,0.05569772,0.8198776,2,162,0.011287031,0.94485784,2,200
27,0.0,0.92435855,2,20,0.067894846,0.9554563,2,45,0.022032427,0.9494691,2,73,0.04296546,0.9792911,2,93,0.010376493,0.80376506,2,114,0.038361933,0.8155131,2,135,0.07386608,0.6729619,2,155,0.06257285,0.5401302,2,175,0.04216797,0.52160025,2,200
28,0.0,0.93247193,2,20,0.020143146,0.88755256,2,41,0.042760372,0.87676924,2,61,0.030931365,0.79025155,2,81
29,0.036877677,0.9315182,2,20,0.0066070314,0.87906486,2,41,0.005225578,0.80910176,2,61,0.025764875,0.6955427,2,96
30,0.036476176,0.7660326,3,20,0.0072690947,0.8911929,2,40,0.0,0.53484505,2,60,0.0,0.57872856,2,80,0.0,0.8705748,0,102,0.0,0.7604762,0,122,0.0,0.6950587,2,142,0.04180959,0.6147511,2,163,0.0657222,0.44433004,2,185
31,0.008195801,0.98503333,2,20,0.0002282722,0.96750975,2,40,0.012866385,0.90943015,2,68,0.0056830426,0.7036397,0,105
32,0.013342511,0.9253495,2,21,0.03255561,0.90441626,0,41,0.038003765,0.8975647,0,80
33,0.020547379,0.9481899,2,20,0.022668961,0.897062,2,41,0.0049531376,0.90685016,2,61,0.037845746,0.86211425,0,81,0.033756975,0.90267324,0,106,0.008035759,0.91292953,2,127
34,0.014480006,0.95631725,2,21,0.0,1.025243,2,41,0.0073055057,0.95849174,2,62
35,0.009762689,0.911952,2,22,0.0046586846,0.91466147,2,44,0.023630925,0.800534,2,71,0.01603712,1.0096066,0,91,0.004939313,0.9798835,2,111,0.025229577,0.99127895,3,131,0.00474165,0.9289284,2,155,0.015122787,0.8859997,2,178,0.022315253,0.9540735,2,200
36,0.0,0.9515506,2,21,0.0,0.86201155,2,41,0.034668572,0.8839489,2,67,0.010161013,0.9355735,2,90,0.0,0.93455076,2,111,0.011869033,0.86559314,2,132,0.0,0.8879958,2,154,0.026422191,0.8682435,2,200
37,0.004987213,1.0080667,2,21,0.008373587,0.93627584,2,43,0.019621445,0.8951474,2,69
38,0.029091274,0.8615227,2,20,0.019487897,0.8679619,2,40,0.023856398,0.89191467,2,61,0.007455576,0.76917493,2,82,0.0,0.71264577,2,102,0.028806593,0.6640841,0,125,0.0,0.7656053,0,146,0.016034875,0.84557354,0,167,0.0075557576,0.9047064,2,200
39,0.0,1.0141777,2,25
40,0.01783924,0.95449185,2,22,0.0009590766,0.9464992,2,45,0.05671998,0.93372136,0,65,0.0,0.8579979,2,85,0.0,0.9112604,2,106,0.0038488894,0.78223944,2,143
41,0.010176464,1.0211099,2,21,0.01691196,0.85183465,2,41,0.0,0.81177956,3,62,0.042611524,0.8911161,2,88
42,0.0079866955,0.93495375,2,22,0.04359541,0.94325185,2,44,0.042479116,0.9014214,2,64,0.0027750332,1.0808089,0,85,0.004551272,1.1220868,3,110,0.046420865,0.8968024,2,147
43,0.003181954,0.89495635,2,27,0.011959861,0.9218697,2,54,0.010648824,1.030616,2,74,0.034946952,0.9031714,2,95,0.075978145,0.7963866,2,115,0.007111031,0.7245571,0,146
44,0.00627203,0.90314406,2,20,0.0,0.99822354,3,41,0.0,0.9960565,3,62,0.0,0.91831887,2,82,0.015466477,0.64263844,2,103,0.0,0.8066023,2,123,0.0,0.80668104,2,144,0.0,0.9516205,2,167,0.000996765,0.918351,2,200
45,0.03194409,0.9456952,2,23,0.0066874507,0.97374827,2,47
46,0.017967457,0.98688185,2,38
47,0.0011394782,0.93940234,2,21,0.0011523156,0.85817003,0,42,0.003415969,0.7898303,2,62,0.042951155,0.6450309,0,82,0.0012581189,0.9046799,0,102,0.0,0.76581365,2,125
48,0.0017624382,0.93318963,2,22,0.022848276,0.88960373,2,45
49,0.041355707,0.96267617,2,20,0.0057876464,0.9541496,2,45,0.008801705,1.0253104,2,67,0.0104740895,1.0578406,2,97
50,0.0064911037,1.0142229,2,20
51,0.0045506395,0.9474185,2,20,0.011698893,0.9461598,2,42,0.006557811,0.859759,2,62,0.0041869064,0.9475585,2,88,0.014401561,0.8158615,2,110,0.0,1.0378611,2,131,0.03912289,0.6509687,2,151,0.07464425,0.4574979,2,171,0.038705595,0.61567956,2,200
52,0.0041649593,1.0139325,2,44
53,0.007333286,1.063931,2,22
54,0.005801255,0.940957,2,25,0.003562479,0.9874447,2,45,0.0033761938,0.90723926,2,66,0.0011839771,0.78443027,2,86,0.046111893,0.7943642,2,106,0.0011595911,0.7164481,2,131,0.0,0.73474485,2,151,0.0,0.65631586,1,172,0.035972785,0.828472,2,200
