0,0.025916535,0.84909743,2,20,0.101685986,0.7097983,2,40,0.0,0.6863257,2,60,0.08128238,0.7202821,2,80,0.017981667,0.7416288,0,102,0.0,0.7933716,2,122,0.10528731,0.7055821,0,142,0.041745834,0.6817817,2,162,0.012158467,0.74907595,2,200
1,0.00820427,0.8120504,2,22,0.02284773,0.6812211,2,43,0.0,0.59699476,1,63,0.0,0.6550004,1,83,0.020191165,0.63839865,2,104,0.040813565,0.7551847,0,124,0.0,0.6262831,0,144,0.0,0.7519176,2,164,0.0,0.60855263,2,200
2,0.010385221,0.85319644,0,23,0.012502964,0.7109129,2,43,0.0025076629,0.81762415,2,64,0.028432379,0.73990023,2,84,0.028991789,0.742492,2,104,0.026502356,0.8041905,0,125,0.02760507,0.8927433,2,148,0.0,0.73223853,2,170,0.042421255,0.7048149,2,200
3,0.0042566783,0.8543776,2,20,0.0007700204,0.8580055,2,40,0.0,0.86762345,0,61,0.010831927,0.87148535,3,94
4,0.0137687,0.7394737,2,20,0.0,0.7246951,2,40,0.014149223,0.5351047,0,60,0.0,0.73316914,0,80,0.0,0.4219085,0,102,0.0,0.49738094,2,123,0.0,0.5561663,2,143,0.0,0.6665084,0,163,0.0027643822,0.3639611,2,200
5,0.014439602,0.87973523,2,29
6,0.0069517237,0.8581803,2,21,0.013923469,0.8605343,3,41,0.008402199,0.84788686,2,62
7,0.0,0.91018003,3,23
8,0.010738459,0.88313264,2,20,0.005901534,0.8949097,2,40
9,0.019270018,0.90542376,2,20,0.019223835,0.84461284,2,41,0.026075339,0.8240303,0,61,0.057388075,0.7336045,2,81,0.0046496186,0.86378366,2,103,0.026234392,0.68987143,2,123,0.019385954,0.7516201,2,143,0.042146157,0.9129351,2,163,0.023726648,0.8261114,2,200
10,0.0,0.94912875,2,29
11,0.0,0.94828415,2,20,0.024692893,0.81249446,2,41,0.009176848,0.9351596,2,71
12,0.0016485904,1.0242102,2,34,0.0,1.0392948,2,56,0.0009015126,0.96875274,2,76,0.00442736,0.9944362,2,104,0.0,0.9780634,2,128,0.0,0.9333217,2,150,0.011587749,0.84207886,2,170,0.006557676,0.8887713,2,200
13,0.0014772412,0.9396555,2,22,0.0,0.90697783,2,44,0.0070830975,0.9433049,2,75,0.0005157861,0.96852165,2,96,0.04533779,0.8500646,0,116,0.008106485,0.96152115,2,154,0.0036093094,0.9870807,2,200
14,0.0,0.82612115,2,20,0.035522692,0.91103786,2,42,0.03744449,0.791369,2,62,0.0,0.77760583,2,82,0.002993063,0.8150903,2,102,0.006265114,0.80846167,2,122,0.0015555925,0.9565384,2,142,0.00086950575,0.8487336,2,166
15,0.010165023,0.96540815,2,20,0.0077030803,0.9899776,2,47
16,0.00078470504,0.88370657,0,20,0.020447912,0.8900908,2,40,0.0,0.9279558,2,60,0.000106945634,0.95350873,2,80,0.0,0.9325693,0,100,0.007857526,0.7969819,2,120,0.0030322266,0.9009781,0,140,0.016838368,0.79844016,2,160,0.003677215,0.81150705,2,200
17,0.0018221055,0.8869103,2,30
18,0.011613669,0.80224305,2,20,0.0,0.45191947,2,40,0.0,0.4076565,2,60,0.007366887,0.35710034,2,80,0.0028578169,0.66317725,2,100,0.021248171,0.5005526,2,120,0.015271861,0.37650695,1,147
19,0.009135818,0.7585989,2,20,0.0,0.4157501,0,46
20,0.026609182,0.9121889,0,20,0.0,0.5869665,2,40,0.002829772,0.43594497,2,60,0.05824647,0.45782802,2,83,0.0,0.5704845,2,103,0.0,0.5230738,0,123,0.0,0.71049076,2,143,0.021884708,0.68287313,0,163,0.058360152,0.68531054,2,200
21,0.022582985,0.9495113,2,22,0.0048300126,0.8933506,2,42,0.0,0.88319874,2,62,0.000127092,0.8373125,2,82,0.017505774,0.9050889,2,102,0.0,0.7025107,2,122,0.0,0.6758282,2,144,0.0,0.53145605,2,164,0.059495423,0.5688668,2,200
22,0.0,0.84357285,2,30,0.0007341628,0.89258945,2,50,0.0013012098,0.7592632,2,75,0.0024150235,0.8281894,2,96,0.045352664,0.59962285,2,116,0.0072944677,0.8661147,2,137,0.0,0.60993254,0,158,0.0031628467,0.5146294,0,182
23,0.023073604,0.8324257,2,20,0.022575606,0.64657795,2,40,0.0,0.813875,2,60,0.0346764,1.1266944,0,80,0.0,0.6183789,2,100,0.036644787,0.8014759,0,120,0.0,0.94293725,0,143,0.0,0.76355374,2,163,0.044362325,0.56727886,2,200
24,0.00517027,0.94897664,2,28,0.0,0.8723535,2,49,0.0,0.9486661,2,69,0.013210148,0.88486546,2,89,0.028704867,0.8320451,2,109,0.0011294115,0.7566698,2,129,0.011760429,0.8332493,2,153,0.00046598568,0.8746521,2,173,0.016753979,0.8944097,2,200
25,0.014175485,0.8715639,2,20,0.03523306,0.9141529,2,40,0.0,0.85494375,2,60,0.0,0.9402733,2,82,0.0031234715,0.82271546,0,102,0.015418512,0.8879651,2,122,0.020328509,0.89902115,2,144,0.005012866,0.8464235,2,167,0.0089937225,0.8506179,2,200
26,0.0,0.9333774,3,21,0.0,1.0140511,2,42,0.018097233,0.92148256,2,69
27,0.0061656856,0.9806716,2,20
28,0.0,0.8143776,2,20,0.013377016,0.72123337,2,40,0.015392242,0.71361077,2,60,0.093329825,0.75666326,2,94
29,0.006042256,0.88569796,2,20,0.011223216,0.90053165,2,58
30,0.01463837,0.8563771,2,20,0.0,0.90955704,3,40,0.011730817,0.78104144,2,61,0.0,0.6493305,2,81,0.0,0.523348,1,101,0.0,0.59910345,2,121,0.0077283247,0.38656813,1,141,0.0,0.78751546,1,162,0.008732027,0.7799903,2,189
31,0.007784142,0.84128046,0,20,0.0010105618,0.88460404,2,42,0.024987873,0.8194176,2,68
32,0.0155052245,0.8446456,2,21,0.012274514,0.8912653,2,61
33,0.024771731,0.90651304,2,20,0.010792494,0.8124676,2,40,0.0,0.7414992,0,61,0.0,0.7962161,0,81,0.0,0.9860957,3,101,0.011567501,0.84518033,2,121,0.004775138,0.7524052,2,141,0.0,0.8567894,2,161,0.025724594,0.66968113,2,200
34,0.0144767035,0.88684875,2,20,0.023925442,0.64089197,2,40,0.0,0.6810134,0,60,0.025699507,0.7467563,2,80,0.029153908,0.70360637,2,100,0.012986595,0.7192043,0,121,0.0063037635,0.8743187,2,141,0.04206807,0.813673,0,161,0.042692207,0.7015929,2,200
35,0.072584786,0.71397597,2,20,0.0,0.8059071,2,40,0.012353485,0.83442956,0,60,0.008746887,0.9157327,2,80,0.0,1.0332835,2,100,0.11550649,0.77732605,2,120,0.03999094,0.79395145,2,142,0.26777858,0.57978183,2,162,0.032347973,0.67486525,2,200
36,0.046023898,0.85149497,3,20,0.0,0.7019984,2,40,0.049091037,0.53234786,2,61,0.058814526,0.6436936,2,99
37,0.0,0.8125919,2,20,0.011709725,0.8103169,2,40,0.013674123,0.6702179,1,60,0.002037232,0.6448059,1,81,0.008895918,0.5342178,0,114
38,0.063014366,0.69487584,2,22,0.05122057,0.85069704,2,43,0.065708116,0.7623326,2,63,0.14743309,0.8395338,2,85
39,0.010742572,0.8976175,2,20,0.012146132,0.91379356,2,40
40,0.0015314356,0.96707076,2,22
41,0.017793827,0.8250829,0,20,0.0,0.6854412,2,41,0.0,0.8941906,2,63,0.0032055401,0.76567435,0,83,0.0,0.47230163,2,103,0.0,0.18762483,2,123,0.14149447,0.1760151,2,143,0.004197231,0.26303115,2,166
42,0.0008675683,0.99955285,2,20,0.018758489,0.90906316,2,43,0.03425903,0.92375094,2,64,0.009755943,0.9492238,2,85,0.07947002,0.91933584,2,105,0.0,0.683315,0,130,0.0,0.56570214,0,150,0.017767394,0.82172835,2,170,0.010383899,0.7777599,0,200
43,0.0023020029,0.99618804,2,20,0.0066834725,0.9621669,2,40,0.020773109,0.9616302,2,60,0.022221342,0.96198225,2,80,0.007865118,0.9351503,2,103,0.044520184,0.9179003,2,128,0.011692086,0.9652446,2,166
44,0.0027254503,0.8643036,2,25,0.008882701,0.8282018,2,45,0.00029293718,0.9152071,2,65,0.0,0.9025644,0,85,0.000759859,0.89724046,2,107,0.0,0.91748834,2,132,0.009224351,0.9025551,2,152,0.02255569,0.86124784,2,172,0.019102339,0.70285994,2,200
45,0.003583823,1.001327,2,22,0.004499668,0.97977185,2,57,0.021941124,0.9653289,2,77,0.0030100225,0.9695942,2,99,0.010204604,0.9745466,2,119,0.0,0.9840118,2,139,0.0,0.9333672,2,162,0.010783889,0.9940925,2,200
46,0.006996633,0.9867562,2,21,0.016228767,0.8783721,2,42,0.010561714,0.9070674,2,62,0.02075143,0.8280619,2,82,0.007787538,0.94913006,2,102,0.022858908,0.9038456,2,122,0.0,0.7425367,2,143,0.0,0.77754086,2,164,0.0,0.798663,2,200
