0,0.010672997,0.97802657,2,28,0.029976852,0.91670966,0,51
1,0.023580126,0.9727875,2,20,0.019022457,0.89896107,2,40,0.008490045,0.9588904,2,61,0.007043006,0.92737675,2,83,0.0,0.9054648,2,103,0.01447322,0.87994874,2,123,0.00068476435,0.89238006,2,143,0.02349025,0.87898064,2,163,0.0067673726,0.9265329,2,200
2,0.0009979878,1.039373,2,34
3,0.006882364,1.0171893,2,26,0.004590624,0.93329495,2,50,0.010797111,0.98485565,2,70,0.012304425,0.9676262,2,90,0.009990303,0.92928433,2,111,0.0048802295,1.0691913,2,131,0.0035676197,1.024266,2,151,0.006174096,1.016768,2,200
4,0.0005172699,0.9736991,2,21,0.0041665607,1.0315504,2,41,0.020177212,0.9117681,2,61,0.0,0.93370867,2,81,0.02059055,0.6768743,0,101,0.0,0.42963046,2,122
5,0.022661684,0.9996561,2,20,0.03363266,0.9413521,2,42,0.0131022185,0.9630187,2,66
6,0.009000318,0.975041,2,25,0.009388324,0.9795123,2,49
7,0.0,1.0694876,2,21,0.0,1.0645049,3,42,0.0,1.0346931,2,62,0.0026302205,1.0569035,3,85
8,0.007481095,1.0231595,2,35
9,0.0,0.8834251,2,20,0.051547676,0.8353572,2,41,0.005876282,0.991974,2,67,0.009172089,0.88994855,2,98,0.006943083,0.80962616,2,127
10,0.0076444806,1.069346,2,20
11,0.006579855,0.9658855,0,20,0.0,1.0388317,2,40,0.0,1.0575327,0,64,0.0,1.0238315,0,84,0.0018554984,1.0313954,0,111,0.0022848048,1.0377622,0,131,0.0,1.0060366,0,151,0.0,1.0459931,2,171,0.013367753,1.0991015,2,200
12,0.00765641,1.0088826,2,26,0.011924041,0.9394244,2,47,0.0054197884,1.0037147,2,68,0.0064989305,1.093736,2,93,0.012484866,0.9323823,2,113,0.0013396038,0.9916743,2,152
13,0.007185462,0.9874213,2,22,0.0,1.0817547,2,42,0.0085910745,0.924582,2,62,0.005182014,0.98904645,2,84,0.0040502134,0.9550366,2,106,0.019054335,0.9888137,2,127,0.0,1.0126107,2,147,0.0019940354,1.0101156,2,170,0.0013983428,1.0177869,2,200
14,0.00044549274,1.0065691,2,21,0.0177055,0.97288316,2,64,0.003229668,0.9433795,2,84,0.005659004,1.0191425,2,114,0.0,1.006202,2,153
15,0.0,0.98099595,2,20,0.0035958067,0.94865036,2,42,0.026974265,0.8573271,2,72,0.0060217488,0.9480796,2,93,0.0,1.0315365,2,113,0.0,0.8991014,0,134,0.0,0.9630285,2,158,0.0,1.083389,2,178,0.0,0.9106807,2,200
16,0.012805516,1.0131738,2,28
17,0.0044736457,0.9582287,2,21,0.040302914,0.94056684,2,42,0.017140415,0.82720196,2,62,0.004569673,0.91247857,0,82,0.017626058,0.8513454,2,103,0.010832956,0.83847845,2,123,0.0029586158,0.9497124,2,143,0.02776659,0.9468378,2,163,0.0043658325,0.99051946,2,200
18,0.0099994885,0.9901987,2,21,0.027597824,0.98981875,2,41,0.0,0.9891626,2,65,0.009805576,0.97564304,2,93,0.052476496,0.96025455,2,114,0.017675377,0.89527285,2,139,0.00279656,1.0076379,2,159,0.063621536,0.9388298,2,179,0.0008231254,1.0082533,0,200
19,0.0,1.0112894,2,21,0.0,1.015282,2,42,0.0,0.8221687,2,62,0.008680517,0.93702537,2,82,0.08183867,0.94161093,2,102,0.04744708,0.9343734,2,122,0.00143175,0.97099185,0,143,0.03754062,0.6744148,2,163,0.05253132,0.700328,2,200
20,0.0037685654,0.9788678,2,21,0.04964278,0.9313766,2,42,0.010822537,0.978547,2,62,0.010742122,0.9829707,2,82,0.007319244,0.901509,2,103,0.0017088037,1.030345,3,123,0.016791366,0.94407797,3,143,0.0012291927,0.97602737,3,163,0.025585655,0.73418003,2,184
21,0.002198672,0.9533549,2,23,0.004660373,0.9834897,2,50,0.04041599,0.87698483,2,72,0.006091333,0.8307287,0,92,0.013239076,0.9197861,2,112,0.051991682,0.8401768,2,133,0.012941119,0.8085057,2,153,0.009457709,0.88480866,2,173,0.012757521,0.89588046,2,200
22,0.0070407838,0.9557957,2,22,0.017661488,0.90386504,2,47,0.006811856,0.90078,2,67,0.008668194,0.93643796,2,87,0.024513494,0.88814753,2,108,0.0015125398,0.93429863,0,128,0.006819166,0.9754348,2,151,0.0048240614,0.8234451,3,173,0.04320148,0.90425944,2,200
23,0.016083833,0.8544282,2,20,0.010142646,0.8861334,2,40,0.007283994,0.89673567,2,60,0.0,0.8956965,2,80,0.0,1.0078954,2,101,0.0,0.80494356,2,121,0.02649019,0.98920965,2,142,0.0076632774,0.94097245,0,162,0.03453566,0.64226544,2,200
24,0.020436835,0.9447826,2,20,0.029593019,0.9236176,2,41,0.021101695,0.83238,2,61
25,0.0084418245,0.9574075,2,21,0.045316983,0.9536329,3,56
26,0.0025862774,1.0270854,2,27
27,0.00034618133,1.0362417,2,26
28,0.0,1.0321572,2,22
29,0.03852075,0.7811894,2,22,0.007084294,0.74468726,3,42,0.0016536175,0.87019575,3,62,0.013517549,0.76517016,2,82,0.005497094,0.7393367,1,111
30,0.006320142,1.042477,2,20,0.0,1.0061985,3,48
31,0.032234605,0.97415787,2,26,0.0,1.0238705,2,47,0.010662601,0.9877804,2,80
32,0.0,1.017378,2,20,0.0072719096,0.9944051,2,50,0.04155511,0.9074707,2,72,0.032978117,0.95441234,2,92,0.007836336,0.97169864,2,112,0.005353792,1.0693282,2,132,0.020496484,0.9308564,2,152,0.004182248,1.058829,2,173,0.0,0.96067,2,200
33,0.0024713513,0.9798902,2,20,0.03911119,0.9496287,2,41,0.033679903,0.92696637,2,61,0.01214649,0.90717953,2,84,0.019815015,0.8946493,2,104,0.00092088355,0.7413947,2,124,0.012727218,0.7260823,2,145,0.0,0.808482,2,165,0.014023171,0.84367895,2,200
34,0.0,1.0001199,2,20,0.010675332,0.88842565,2,42,0.009709769,0.9287637,2,70,0.0288758,1.0220577,2,93,0.0,0.9306847,2,113,0.0009348225,0.90155244,2,149
35,0.03460647,0.9643796,2,20,0.00466228,0.9551045,2,40,0.0,0.8701205,0,60,0.0,0.9293709,0,80,0.047980078,0.8470009,2,100,0.08394482,0.8859571,2,120,0.020006651,0.78947824,2,140,0.0,0.85391676,0,160,4.9667946e-05,0.931357,2,200
36,0.00020186426,0.8773271,2,21,0.0052089514,0.66701996,2,41,0.038468473,0.7063591,2,61,0.0,0.47740585,0,81,0.0,0.64539814,0,102,0.029427016,0.7915498,2,122,0.0022472143,0.59104586,0,142,0.01954798,0.5777135,0,162,0.038229663,0.39045784,1,184
37,0.01600543,1.0226555,2,33
38,0.029032562,0.8949729,3,20,0.005608876,1.0063775,2,40,0.028562535,0.95730406,2,69
39,0.0,0.93939435,2,20,0.0042023314,1.0156796,2,40,0.018872648,0.9753437,2,60,0.006498161,0.9150791,2,80,0.0011884102,0.9141704,2,101,0.0,0.9153489,2,122,0.03683325,0.8775928,2,144,0.04099649,0.88651466,2,164,0.036750734,0.82892054,2,200
40,0.014538685,1.0304034,2,20,0.013400013,0.92547137,2,41,0.0,1.0652686,2,63,0.0025988035,1.0804148,2,102,0.0,1.0860797,2,162,0.017925195,1.0982431,2,200
41,0.015244311,1.0277252,2,22,0.0413743,0.88274163,2,46,0.007934596,1.0607034,2,68,0.018127771,1.0337425,2,98,0.005080448,0.9463335,2,118,0.009767973,1.0209816,2,141,0.021453127,0.8352876,2,161,0.04348124,0.7420575,2,200
42,0.034071207,1.0204604,2,20,0.013366205,0.9324094,2,58
43,0.008000117,0.9726958,2,21,0.0,0.9982079,2,42,0.0015035183,0.9390772,2,63,0.0,0.8822932,2,83,0.0,0.90899616,2,121
