0,0.009848495,0.99603283,2,20,0.0069227098,0.9817747,2,40,0.006101597,0.9057063,2,60,0.018206555,0.84552354,2,80,0.02894415,0.81642246,2,100,0.015995154,0.66623586,2,120,0.0,0.5427034,2,140,0.0036580334,0.61634076,2,160,0.0,0.5963891,0,200
1,0.001439346,1.0039994,2,21,0.012012744,0.9996039,2,44,0.005708623,1.0126017,2,72,0.0038514393,0.9704489,2,93,0.0062234444,0.9614426,2,114,0.007088469,0.92244875,2,135,0.0,1.0139589,2,156,0.016336465,0.9427703,2,176,0.0014029383,0.92725974,2,200
2,0.0064605577,0.9767498,2,20,0.052248757,0.95477086,2,40,0.0,0.90791976,2,60,0.00572074,1.0340918,2,81,0.0043551084,0.8384547,2,120
3,0.0031214673,1.0063798,2,32
4,0.007373509,1.0197881,2,20
5,0.010738378,1.0036986,2,21,0.005467242,0.94449127,2,41,0.0051485864,0.89506894,2,80
6,0.067606166,0.91538554,2,20,0.016326701,1.002342,2,45
7,0.008794983,0.97123426,2,21,0.0,0.99948496,2,46,0.0014912158,0.9171286,2,68,0.013241243,1.076657,2,94,0.0,1.0952487,2,119,0.0,1.0381669,2,158,0.0,1.0656974,0,178,0.003317921,1.0618398,2,200
8,0.0266918,0.7997602,2,20,0.018834949,0.8437419,0,40,0.08558194,0.76622856,2,60,0.036489047,0.7218481,2,104
9,0.027564034,0.96970814,2,20,0.009975867,0.99679685,2,41,0.003680314,1.0362624,2,63,0.03780272,0.9926111,2,85,0.012678705,0.983039,2,106,0.009620101,0.9092928,2,129,0.0004198828,0.973396,2,150,0.026786977,0.883963,2,170,0.0006674138,1.0121531,2,200
10,0.008387707,0.8947898,2,20,0.0,0.78513765,2,40,0.0,0.5506553,2,60,0.0053493036,0.5871941,1,80,0.014661456,0.739137,2,101,0.0,0.89681864,2,121,0.020443331,0.84446084,2,141,0.0027265307,0.8367327,2,161,0.00915333,0.86396456,2,200
11,0.00067205227,0.8825833,0,20,0.021839159,0.91927576,2,55
12,0.006379871,0.95034,2,20,0.030110652,0.93227273,2,49
13,0.0015743121,1.0218761,2,28
14,0.0017422262,1.0089653,2,22
15,0.02530523,1.034401,2,28,0.0,1.028224,2,55,0.01833454,1.0651847,2,86
16,0.0140475165,0.92495334,2,20,0.0018112153,0.93799007,2,40,0.054469414,0.8919114,2,73
17,0.0065793204,0.9766378,2,37
18,0.007482471,0.9721588,2,23,0.0019735594,0.9524636,2,44,0.0090107415,0.9808049,2,65,0.05341983,0.9476913,2,86,0.0017517514,0.9814495,2,106,0.003947881,0.98183835,2,126,0.035479464,0.9347079,2,148,0.0031268925,0.9515379,2,168,0.014387481,0.96936893,2,200
19,0.004444191,1.0010173,2,22,0.023903204,0.95849496,2,46,0.0059162034,0.89630544,2,69,0.0,0.9454891,2,94
20,0.0071850526,1.0667444,2,29
21,0.023870595,0.9952033,2,20,0.0056379396,1.0172247,2,47
22,0.0035088635,1.0195181,2,20,0.0060262657,1.0033308,2,40,0.014028171,0.9715272,2,60,0.0,0.90780455,2,82,0.019375112,0.9692893,3,102,0.052214406,0.72592187,2,122,0.039176755,0.5422244,2,142,0.0,0.7166908,2,162,0.0,0.616941,1,200
23,0.026340393,0.97695065,2,26
24,0.0070320866,0.9418772,2,20,0.012471818,0.9081891,2,44,0.0339045,0.7781193,2,65,0.0025935164,0.77316654,0,85,0.0,0.56879085,2,105,0.0,0.57492644,2,125,0.0,0.69257116,2,145,0.034914367,0.7445563,2,166,0.043396458,0.8675445,2,200
25,0.0092794085,1.0103184,2,21,0.020386659,1.038105,2,42,0.0,1.1058562,2,62,0.019660907,0.9796522,2,86,0.03184288,0.9887126,2,107,0.051931154,0.9585867,3,127,0.0,1.0356817,3,148,0.030512726,0.8651002,2,168,0.029661838,0.85435677,2,200
26,0.018189568,0.92188543,2,24,0.04163846,0.924868,2,44,0.014748827,0.94597244,2,64,0.035245117,0.85974836,2,88,0.045548502,0.9151001,2,110,0.0,0.99624306,2,134,0.004501939,0.9885999,2,155,0.0,1.0463554,2,176
27,0.032000322,0.9239914,2,20,0.022635715,0.98603886,2,41,0.01213209,1.0501988,3,63,0.0,0.9723185,2,87,0.0,0.9930819,2,107,0.007828375,0.82290715,2,127,0.00026803208,0.8633475,2,148,0.04733655,0.7807106,3,168,0.02560764,0.6555914,2,200
28,0.042944267,0.95342004,2,25,0.007841461,0.9472931,2,45,0.042461816,0.79723483,2,65,0.009414091,0.86637056,2,87,0.0,1.068801,2,107,0.0,0.9967613,2,128,0.0,0.87066996,2,148,0.0007911382,0.8631793,2,168,0.020095771,0.8268564,2,200
29,0.02436659,0.9789531,2,22,0.0,0.8464969,2,42,0.0031919326,0.8585507,2,62,0.009524756,0.87193024,0,88
30,0.01427982,0.86722887,2,20,0.0075534224,0.78483194,2,40,0.014485776,0.92464256,2,62,0.05789611,0.8415305,2,99
31,0.0,1.0886502,2,24,0.0,1.0831922,2,45,0.0034525818,1.0599735,2,71
32,0.012190437,0.9894744,2,20,0.012696755,0.9127915,3,42,0.012993609,0.91428834,2,62,0.04629613,0.83032113,2,102
33,0.0021198026,1.0164726,2,20,0.0150697045,1.0359612,2,45,0.009852474,1.028372,2,65,0.0066433786,1.0466359,2,85,0.0,1.0383002,2,106,0.002681459,1.0075018,2,134,0.020968046,0.99597806,2,154,0.0,1.0333598,2,174,0.0018191355,1.0330243,2,200
34,0.034412332,0.8942366,2,21,0.040892344,0.8025807,2,46,0.0,0.95497847,2,66,0.0089185685,0.96508485,2,86,0.0,1.0444562,2,106,0.0,0.8269828,0,126,0.0,0.8350531,0,146,0.0,0.8211474,0,167,0.0,0.88722885,2,200
35,0.013239136,0.88058364,2,25
36,0.02504681,0.94494087,2,20,0.0091641545,0.88167006,2,45,0.035819214,0.840519,2,68
37,0.013997665,0.88131046,2,20,0.067837305,0.7269925,0,40,0.0,0.82263577,2,60,0.0013220187,0.5924488,0,80,0.024053916,0.3460347,0,115
38,0.021595215,0.912227,2,20,0.015913058,0.90475464,2,40,0.00056978833,0.81018895,2,60,0.00959944,0.83003795,2,80,0.0,0.8199897,2,100,0.040312834,0.85722554,2,120,0.011144423,0.8977499,2,140,0.010031953,0.861749,2,160,0.025311485,0.8484497,2,180,0.01493983,0.79717493,0,200
39,0.007725832,0.9362383,2,22,0.04843954,0.9362807,2,45,0.07671876,0.9136184,2,65,0.008865327,0.8931555,2,86,0.006391487,0.9317676,2,106,0.011815511,0.8194898,2,127,0.029542025,0.8225362,2,153,0.02547921,0.84083366,2,176,0.00036267284,0.94851327,2,200
40,0.019908959,0.9293866,2,20,0.0,0.99900264,3,40,0.0,0.92687523,2,60,0.009133404,0.9871073,2,80,0.042018365,0.86769545,2,100,0.010347352,0.8400466,2,120,0.0054518282,0.84184134,2,146,0.0036058547,0.99210525,2,168,0.023236938,0.95575,2,200
41,0.025883902,0.9669315,2,22,0.021991594,0.92876136,2,43,0.0025156257,0.99155486,2,65
42,0.0086168535,0.94188017,2,24
43,0.016323267,0.97271407,2,22,0.010409097,0.96455157,2,61
44,0.016737135,1.010649,2,20,0.01488,1.0383078,2,52
45,0.0015649528,1.0101522,2,22,0.03949955,0.9867986,2,42,0.002389331,1.0024786,2,62,0.012867513,0.9671963,2,82,0.025018845,0.95919764,2,102,0.0032324153,0.93876946,2,122,0.0,0.86404693,2,142,0.0,0.98131305,2,163,0.0033800148,0.9301906,2,200
46,0.018689197,0.9446243,2,20,0.012384498,1.0088989,2,40,0.06436732,0.8548337,0,60,0.0047101406,0.9396906,2,82,0.020044956,0.7680364,0,103,0.045617774,0.66910845,0,123,0.020818371,0.6131078,2,143,0.0067091202,0.617835,2,163,0.080659695,0.47538674,2,200
47,0.025018051,0.9055451,2,23,0.012253792,0.89483654,2,43,0.022540895,0.87789196,2,82
48,0.02527023,0.9223843,2,22,0.04313474,0.93277836,2,42
49,0.0077099246,0.949963,2,21,0.08306004,0.9036174,2,42,0.040723566,0.6414504,2,65,0.02802984,0.6589708,2,88,0.0028358619,0.5817392,0,109,0.019846035,0.6627933,0,129,0.002682806,0.5016152,2,153,0.008515663,0.5777578,2,173,0.026187543,0.85666734,2,200
50,0.010242427,0.9207058,2,20,0.0029564495,0.9635326,3,40,0.011432903,0.94962007,2,60,0.004699889,0.9133548,2,84,0.0011647387,1.0101266,2,106,0.0,1.1173853,2,126,0.033112474,0.9098166,2,146,0.0476606,0.9816376,2,166,0.013985343,0.9349048,2,200
51,0.04900335,0.93091875,2,22,0.009390507,0.973621,2,45,0.0020259593,0.9093235,2,65,0.000970733,0.89732057,2,85,0.0,0.80256575,0,105,0.0,0.75200677,2,125,0.0055748806,0.7105144,2,145,0.014245765,0.8395213,3,165,0.036582157,0.81574696,2,200
52,0.0,1.0019628,2,21,0.0045309355,0.9410186,2,41,0.033981632,0.9089069,0,63,0.003976133,0.9316622,2,96
53,0.014359242,0.93417394,2,22,0.0,0.8502385,2,42,0.027491389,0.843531,2,64,0.018026268,0.9153242,2,84,0.0029463375,0.90268743,2,104,0.004934481,0.8849138,2,124,0.0416551,0.9222828,2,144,0.0029366054,0.88095224,2,164,0.011367031,0.87566733,2,200
