0,0.0,1.0265753,3,21,0.0014793916,1.0419242,2,41,0.0,1.0179135,2,61,0.0,1.0059931,2,84,2.4194047e-05,1.0064037,2,109,0.0067661745,1.0243676,3,130,0.01137251,1.0054854,2,160,0.015487045,1.0180764,2,180,0.0,1.0281845,2,200
1,0.006531446,1.0067044,2,20,0.013180776,0.9356561,2,41,0.010253584,0.98580486,2,61,0.0195239,0.9598185,2,81,0.02226772,0.9667257,2,101,0.019795993,1.0411408,2,124,0.005256569,0.93480426,2,148,0.057812173,0.81403905,2,168,0.06258575,0.83771855,0,200
2,0.0063818665,1.0136389,2,21,0.016459852,0.94493806,2,46,0.0,0.88260615,2,66,0.0077958885,0.87764657,2,89,0.016496059,0.90411854,2,109,0.0,0.6505298,2,131,0.0,0.3008439,1,151,0.054152668,0.3667286,2,171,0.15309983,0.44737738,2,200
3,0.015039978,0.94154406,2,20,0.0,1.0171405,2,40,0.018535445,1.0179253,2,60,0.011894823,0.9887399,2,84,0.0048798583,1.0552405,2,104,0.0043625007,0.9992861,2,126,0.0,0.957506,2,146,0.0,0.9500001,2,166,0.0343396,0.8659004,2,200
4,0.0039557293,1.0606266,2,24,0.004322353,1.039942,2,50,0.0,0.98427653,2,72,0.006695016,0.9906295,2,92,0.010644704,1.0150473,2,117,0.011150438,0.9596485,2,138,0.015416624,0.9878786,2,158,0.008903528,0.96055186,2,200
5,6.6948865e-05,0.97180575,2,20,0.0009876217,1.0098214,0,41,0.0012613008,0.95479554,2,67,0.006915053,0.9837196,2,88,0.0,1.0398935,2,108,0.054487415,0.96221524,2,128,0.004355485,0.95587814,2,151,0.0037248328,0.87895966,0,171,0.0,0.8487231,2,200
6,0.012384858,0.98634535,2,23,0.0070592947,1.0328279,2,43,0.016399458,0.9345697,2,65,0.020986455,1.0174181,2,86,0.0,0.96578807,2,111,0.0,0.9862081,2,131,0.012749304,0.984267,2,152,0.0,0.9731595,2,172,0.021637695,0.87794846,0,200
7,0.00484601,1.0218462,2,20,0.0,1.028397,3,40,0.015278685,0.96691954,2,60,0.011926752,1.0343566,2,82,0.0040157475,1.0027002,2,103,0.013116773,0.9948942,2,127,0.0035222908,1.0574999,2,171,0.017229471,0.94821185,2,200
8,0.0019138204,0.9945192,2,21,0.0,1.0158179,2,41,0.0,0.9625269,2,61,0.0074714557,0.79345995,2,96,0.031299647,0.86909103,2,118,0.0,0.85744035,2,138,0.008356134,1.0092466,2,158,0.02261107,0.96711826,2,178,0.0075915162,0.98857445,2,200
9,0.0045577763,1.0234443,2,22,0.0017428945,0.99131763,3,42,0.011653352,0.9817066,2,62,0.0017210757,1.0507786,3,82,0.0,1.0253532,0,102,0.018311193,1.0646459,2,122,0.024770433,1.0225743,2,144,0.0,1.1179651,2,164,0.005992124,1.016606,2,200
10,0.012551948,0.9865001,2,20,0.010345332,0.95254564,2,40,0.013722567,0.9429189,2,60,0.005692985,0.95680416,2,80,0.0,0.9498453,2,100,0.003810582,0.93499446,2,121,0.0021556686,0.9587741,2,141,0.0039306222,1.0640291,0,161,0.0017750707,1.0316799,2,200
11,0.0017789109,1.0286902,2,24,0.009508893,0.9755081,2,44,0.028126135,0.9580222,2,67,0.016102226,0.9757633,2,87,0.0,0.9945717,2,110,0.01086065,1.0217255,3,130,0.022189895,0.9219612,2,150,0.0002130704,0.94435674,2,170,0.0022704566,0.9834782,2,200
12,0.0,1.0236088,2,22,0.009452159,0.9730851,2,43,0.017892782,1.0329286,2,63,0.01011671,0.97197825,2,86,0.0059912773,1.017689,2,106,0.0,0.985909,2,126,0.0015695768,1.0004176,2,147,0.0014281429,1.0554261,2,167,0.0006288089,1.065451,2,200
13,0.000710058,0.9341386,2,20,0.012233612,0.9100523,2,40,0.04402687,0.86402756,2,64,0.0058692866,1.0064163,2,84,0.0024306192,1.0046203,2,109,0.0025146373,0.91035134,2,130,0.0,0.964463,2,152,0.0,0.9036056,2,172,0.0005070293,0.94590807,2,200
14,0.0045224414,1.0545168,2,23,0.013583581,0.97916573,2,44,0.0025809968,1.0361992,2,68,0.012195821,1.034174,2,89,0.0,0.98497045,2,109,0.025765233,1.0188229,2,135,0.007272619,0.95890206,2,162,0.005443942,1.025231,2,200
15,0.012935167,0.9510355,2,20,0.0016227724,0.926118,2,41,0.0034876808,0.9306029,2,61,0.014038803,0.9054192,2,81,0.049587674,0.97904915,0,102,0.010587415,0.95676583,2,122,0.02202199,0.9652832,2,142,0.0057250997,0.88887,2,168,0.0011942696,1.0046148,2,200
16,0.016972061,0.933192,2,21,0.0,0.9646414,2,41,0.034332287,0.7679833,2,61,0.0049933093,0.7540425,2,81,0.0046995925,0.81933177,0,101,0.0,0.62256354,0,121,0.04048295,0.5801831,2,143,0.004501541,0.706488,0,165,0.028944151,0.6538747,0,200
17,0.026017908,0.9922549,2,20,0.004382906,0.99193513,2,60,0.0031292215,1.0313034,2,81,0.009902301,0.9942929,2,102,0.0010259423,0.9957002,2,128,0.0018981323,1.031408,0,148,0.011350366,0.97051823,2,169,0.006487425,0.95440924,2,200
18,0.0,1.024463,2,21,0.0002179603,0.9721799,2,41,0.014765375,0.9489872,2,65,0.004409536,0.9405855,2,85,0.012706412,1.0126703,2,105,0.045432746,0.95737875,2,126,0.02442428,0.9919714,2,146,0.011312508,0.9568427,2,173,0.014834689,0.9713301,2,200
19,0.008978917,0.9980049,2,20,0.012330594,0.9335338,2,40,0.0,0.9776535,2,60,0.003945743,0.9188229,3,81,0.0,0.9919799,3,105,0.0,1.0079195,2,125,0.0009695802,1.0117443,2,145,0.032370694,1.0341252,2,165,0.00456665,0.99059284,2,200
20,0.0,0.9964989,2,20,0.011309935,1.0239282,2,41,0.014893004,0.99339885,2,62,0.0,0.98517007,2,82,0.012200143,0.96663535,0,102,0.0,1.0072961,2,123,0.015125957,0.9314758,2,143,0.10937577,0.888916,2,167,0.00411266,0.90811306,3,200
21,0.008559937,0.9965054,2,29,0.0,1.0437535,2,50,0.0007826101,0.9806789,2,72,0.007547483,1.0011845,2,97,0.014034025,0.9992833,2,117,0.013047568,1.0204606,2,141,0.018929884,0.9049403,2,162,0.036125135,0.9473815,2,200
22,0.017041001,1.0114014,2,30,0.004487314,0.94889116,2,57,0.026678829,0.97658575,2,78,0.04894187,0.9440366,2,99,0.010140581,0.98874986,2,119,0.0029636675,0.9847565,2,143,0.012601947,1.0284452,2,165,5.721269e-05,1.0641924,2,200
23,0.0,1.05071,2,20,0.0042643743,1.0200603,2,40,0.0031585414,1.0073451,2,63,0.034037404,1.0031326,2,83,0.0,0.94347554,2,104,0.014277103,0.93810016,2,132,0.0055943243,1.0292188,2,152,0.00656484,0.99460334,2,174,0.026588919,0.92187274,0,200
24,0.0,1.0676805,2,20,0.0042597116,1.0255872,2,49,0.015502631,0.9979338,2,71,0.00990399,1.0513266,2,98,0.0045331763,1.0779982,2,118,0.00036392946,1.0434148,2,140,0.014899772,1.1405417,2,162,0.01267464,1.0672647,2,200
25,0.009818141,1.0240858,2,20,0.0060079335,1.0294727,2,43,0.011134642,1.0309334,2,67,0.018560622,1.005189,2,87,0.010073401,0.85790366,2,107,0.010268977,0.965375,2,128,0.019949948,0.9356046,2,148,0.0173284,0.8722928,2,168,0.004654715,0.9730135,2,200
26,0.016498048,0.98999685,2,21,0.0026585343,0.9808104,2,46,0.012654421,1.0406549,2,70,0.00028639342,0.9506879,2,90,0.006660022,0.99558294,2,112,0.0,1.0247296,2,132,0.019654648,0.96906596,2,159,0.0038085035,0.9343818,2,179,0.0062699714,1.0039197,2,200
27,0.0,1.0248097,2,24,0.002082165,1.0857673,2,46,0.007488021,0.9123637,2,66,0.0050893333,0.9621928,2,92,0.0014949967,1.0101602,2,119,0.029763818,1.0119939,2,142,0.019364124,0.95833105,0,163,0.07086357,0.9427684,2,200
28,0.0,1.0027848,2,23,0.0,1.0596546,2,46,0.0036433728,1.0016241,2,69,0.012708428,1.0502748,2,89,0.0099920295,0.9775894,2,109,0.0027154684,0.9907632,3,130,0.006320465,1.0544049,2,153,0.010265792,0.89823604,2,180,0.0010591603,0.9916321,2,200
29,0.0013873787,1.0444993,2,22,0.0053715697,0.9972847,2,42,0.0,1.0077395,2,62,0.0,0.96966517,2,82,0.030919787,0.86852616,2,102,0.0,0.9793013,2,123,0.0,1.0308912,2,143,0.007142834,0.97825277,2,169,0.008646935,0.95893997,2,200
30,0.009933036,1.0097905,2,26,0.0011629519,0.94686615,2,46,0.0049781715,1.0064442,2,66,0.009724211,0.9554556,2,88,0.017797181,1.0331014,2,108,0.0,1.0265546,2,129,0.00010613147,0.9935681,2,149,0.011848928,1.0537351,2,176
31,0.015394925,1.0062481,2,23,0.02157492,0.90017575,2,43,0.022088563,0.84931004,2,63,0.04377297,0.8609494,2,83,0.006753236,0.97116274,2,106,0.011142511,0.90773404,2,127,0.035263337,0.8075136,2,152,0.036884867,0.770297,2,172,0.002614736,0.86157995,2,200
32,0.002967602,0.97930294,2,27,0.0,1.0461023,2,48,0.011104005,0.96996576,2,71,0.0,0.98649716,2,92,0.0,1.0487592,2,112,0.005781903,1.0257221,2,142,0.0,1.080476,3,162,0.011732418,1.0046626,2,200
33,0.0,0.9846859,2,20,0.018999096,0.8844823,2,41,0.0,0.92008245,2,64,0.0,0.9375985,2,85,0.004742168,0.9463266,2,105,0.008369276,0.89956427,2,125,0.0,0.9631899,2,150,0.015408451,0.98070496,2,170,0.028656375,0.9417104,2,200
