0,0.0047941217,1.0040945,2,20,0.0,1.0122993,2,40,0.013389316,1.0235798,2,60,0.023855213,0.96996945,2,90,0.007132614,1.0242918,2,132,0.028691586,1.0113729,2,153,0.0022268423,1.0250981,2,175,0.000979903,1.0424509,2,200
1,0.0014057069,1.0646675,2,20,0.0006708752,1.0562956,2,41,0.0,1.0540323,0,62,0.0033753242,1.0782273,2,82,0.013080388,1.0241253,2,103,0.008654965,0.9931028,2,128,0.0,0.99711436,2,149,0.004025656,0.9970943,2,169,0.011043824,0.9820756,2,200
2,0.004135351,1.0079021,2,33,0.0020165616,0.9272215,0,53,0.020691385,0.90405744,2,75,0.0014276939,0.95031977,2,98,0.006618375,1.0097032,2,120,0.0075648134,0.95219135,2,144,0.00022778536,0.97991663,2,165,0.0125846565,0.9661367,2,200
3,0.0058336733,0.95274997,2,26,0.005662379,0.89540553,2,47,0.027098408,1.0107595,2,67,0.0,1.0187962,2,87,0.026441878,1.0285581,2,107,0.0,0.90559036,2,127,0.01763342,0.9737381,2,147,0.0,0.80763423,2,167,0.0064577716,0.7815874,2,200
4,0.0,0.956622,2,20,0.0074998336,1.0445515,2,40,0.016769152,1.0321614,2,60,0.014100484,1.0442716,3,81,0.0016601639,0.9578187,3,102,0.009449084,1.0292146,2,122,0.013182985,0.97283834,0,143,0.0037093512,1.0625936,2,163,0.018175958,1.0107079,2,200
5,0.0055021993,0.9907963,2,21,0.0,1.0071945,2,41,0.06816801,0.92857254,2,61,0.022590024,1.0020542,2,81,0.029492006,0.9509506,2,105,0.024994973,0.9681441,0,125,0.00018995344,0.935811,2,146,0.010220019,0.8925397,2,166,0.001978379,0.71048176,2,200
6,0.0033012284,1.0061855,2,22,0.003891951,0.9165126,2,42,0.0,1.0218302,2,64,0.02612246,0.99439776,2,84,0.002203311,0.99139696,2,108,0.0,0.9811384,2,129,0.010843993,0.9874447,2,151,0.010910162,1.0153471,2,178,0.005935198,0.9286623,2,200
7,0.0012987336,1.0510075,2,21,0.0050283177,1.0345248,2,46,0.017383303,1.0327995,2,67,0.003223659,1.0001844,2,87,0.029744864,0.9187346,2,108,0.0039452426,0.8455334,2,128,0.041352704,0.8720595,2,148,0.0,0.8861145,0,168,0.0,0.6962358,2,200
8,0.01200622,0.9786495,2,20,0.0,0.9565003,2,41,0.0062261284,0.95969707,0,61,0.0,0.9814746,2,85,0.055051856,0.7809838,2,110,0.023665825,0.8735323,2,130,0.0,0.67712706,2,150,0.0,0.6681741,2,170,0.0070485855,0.6577972,2,200
9,0.0031130433,1.0565386,2,20,0.0016064323,1.0433384,2,49,0.023943292,0.91536015,2,69,0.012283882,0.98303205,2,89,0.03612148,1.0080563,2,109,0.0038508628,0.9607024,2,129,0.006208511,0.9831815,2,149,0.0,1.0501639,2,171,0.004750782,1.0111821,2,200
10,0.0,1.048849,2,21,0.033431623,0.97285014,2,41,0.028829122,0.9769179,2,65,0.0,0.959712,2,87,0.003880522,0.97041434,2,107,0.0009468606,0.83240235,0,127,0.0,0.91880864,2,150,0.004502777,0.90031147,2,170,0.008243123,0.7416968,0,200
11,0.004763157,1.0107929,2,20,0.010691903,0.977585,2,40,0.013882679,0.9232124,2,60,0.0,0.9047326,2,80,0.003109203,0.93867487,2,108,0.0057228496,0.98739433,2,128,0.0,1.028957,2,148,0.0026832547,0.94246733,2,168,0.011884995,0.995726,3,200
12,0.0013413285,1.0644512,2,20,0.0031922434,1.03842,2,43,0.011823352,1.0104254,2,65,0.0027705247,1.0134459,2,91,0.009984868,1.023331,2,111,0.0015422496,0.9855612,2,136,0.0,1.0740921,2,159,0.020796632,1.050682,2,179,0.011164757,1.0065324,2,200
13,0.005965678,1.0642655,2,26,0.0,1.0731628,2,46,0.0,1.066827,2,68,0.0,1.0969766,2,94,0.0013707415,1.044501,2,114,0.0,1.0518492,2,155,0.004450029,1.0423204,2,177,0.00025691238,1.100296,2,200
14,0.008319235,1.0235282,2,24,0.034864493,0.9921368,2,49,0.017019635,0.9418058,3,72,0.021104077,0.9434573,2,92,0.07117406,0.9848256,2,116,0.020565856,0.9635007,2,136,0.026914943,0.8947791,2,156,0.005292318,0.61238885,1,176,0.0,0.85062647,2,200
15,0.02992039,0.98640347,2,20,0.0035435562,1.0421535,2,50,0.0,0.94963455,2,73,0.0015415443,0.99968475,2,94,0.0,0.9776937,2,114,0.0006148381,0.9823729,2,134,0.0,0.9219527,2,157,0.0,1.0214531,2,200
16,0.0004725134,1.013547,2,20,0.0031298466,1.0056576,2,41,0.015935313,1.0938039,2,61,0.014309153,1.0388945,2,81,0.0034726495,1.029051,2,113,0.0042322003,0.98375875,2,133,0.023393715,0.9843448,2,153,0.008120023,0.9470372,2,173,0.005872857,1.0378346,2,200
17,0.0021510297,0.9729778,2,20,0.0025553203,0.9988031,2,45,0.017939713,1.0076827,2,66,0.034680907,0.9500149,2,88,0.03570779,0.9549954,0,109,0.011769344,0.9467473,0,129,0.0,1.0068524,2,149,0.011453406,0.95917547,2,169,0.01040347,0.97753644,2,200
18,0.03279213,0.94345856,2,20,0.008379543,0.9565846,2,41,0.010667305,0.9549849,2,73
19,0.0031261544,1.0077817,2,26,0.017334817,0.9989026,2,46,0.00045471638,0.891122,2,67,0.006457489,0.8894951,2,87,0.020542469,0.95064217,2,108,0.004986756,0.93143237,2,130,0.0064612157,0.7870594,0,151,0.013943592,0.71503663,0,174,0.010537386,0.69599825,0,200
20,0.00620564,0.96692497,2,20,0.0023873528,0.9346615,2,40,0.0,0.97378933,2,61,0.0050849887,0.9959437,2,82,0.021727907,1.030288,2,102,0.03813603,0.900418,2,122,0.027186865,0.9257341,2,143,0.0,0.92072093,2,164,0.011523517,0.9596441,2,200
21,0.016428515,0.9757676,2,21,0.004132123,0.9586793,2,41,0.017023262,0.9791385,2,61,0.068981335,0.962591,2,81,0.021553008,0.94864047,0,102,0.040956743,0.8275221,0,123,0.07123689,0.9658964,2,144,0.011868121,0.99129176,2,165,0.0064592166,0.9957378,2,200
22,0.009758832,1.0264852,2,20,0.015527228,1.0011116,2,40,0.0045690085,1.0112427,2,73,0.037276864,0.9584806,2,102
23,0.004104905,1.0060692,2,51,0.005537591,1.0184355,2,71,0.025880385,0.9062783,2,96,0.017043205,0.91872466,2,116,0.09256485,0.84335804,2,136,0.05714567,0.8219509,2,162,0.0076923463,0.7661641,2,200
24,0.019002322,0.9758805,2,20,0.021013286,0.9796091,2,41,0.026535666,0.94152385,2,61,0.0,0.96586734,2,81,0.0059891543,0.98946637,2,105,0.011591607,1.0337328,2,127,0.008096433,0.8595469,2,149,0.011037127,0.84094507,0,169,0.014627821,0.7439669,2,200
25,0.010591968,0.9991356,2,20,0.029776018,0.9806286,2,40,0.0022170956,1.0559995,2,63,0.0,1.1144407,2,86,0.0,0.9666397,2,108,0.0,0.93535984,2,129,0.0,0.9884907,2,158,0.0002561665,0.9570096,2,178,0.0015477772,0.9961169,2,200
26,0.001637062,1.0064036,2,28,0.0,0.995326,2,53,0.0,1.063681,2,73,0.0,1.0001088,2,93,0.0,1.0934298,2,114,0.00024001431,1.0288854,2,141,0.005629613,0.9922919,3,161,0.0014966798,1.075812,2,200
27,0.006927842,1.0322642,2,22,0.0008727936,1.0517249,2,46,0.0051764613,0.964993,2,70,0.0073945397,0.97265005,3,90,0.0024551675,1.0417548,2,116,0.0021892055,1.0189751,2,137,0.0013150773,0.9827943,2,157,0.0,0.9249479,2,178,0.0051246807,0.8374655,2,200
