0,0.00042511924,1.0070908,2,20,0.0,0.93853486,2,40,0.0068482524,0.982042,2,61,0.0,0.92507505,2,84,0.0062689087,0.9706249,2,104,0.012060034,0.97789603,0,124,0.0,0.9203194,0,144,0.0056909956,0.8381689,0,165,0.018598093,0.8603663,0,200
1,0.0014216171,1.0273324,2,20,0.014602956,1.0063089,2,42,0.011226842,1.0121022,2,72,0.0045034634,0.966988,2,94,0.0015808501,0.9694494,2,116,0.0065072933,0.94523275,2,136,0.014664275,1.0041367,2,156,0.00019861961,1.0240973,2,178,0.0013180989,1.0265691,2,200
2,0.0022780057,0.9774596,2,23,0.0,0.9346873,2,44,0.02187188,0.88556135,2,65,0.069353044,0.9285342,2,85,0.017679278,0.795689,2,105,0.007555959,0.9443942,2,126,0.013086886,0.82042545,2,148,0.007647009,0.9691785,2,169,0.004252503,0.6932322,2,200
3,0.018445347,0.97234994,2,34
4,0.010117255,0.97102916,2,20,0.0019212125,0.9739084,2,40,0.0007813062,0.9991628,2,60,9.296881e-05,1.0175854,2,80,0.0057607912,1.0460958,3,101,0.019239837,1.0666622,2,122,0.006360439,0.97053695,2,148,0.0035697732,0.96197027,2,169,0.0012073253,1.0544832,2,200
5,0.0041202037,1.0537939,2,20,0.0026041877,0.9729428,2,40,0.03002654,0.9561938,2,61,0.011543087,0.9792383,2,85,0.008837092,0.9795593,2,106,0.026413828,0.95322794,2,128,0.013509628,1.0655888,2,148,0.0010721105,0.93366903,2,171,0.04023813,0.99233586,2,200
6,0.007054254,0.85328037,2,33,0.02505963,0.902603,2,58,0.0047194427,0.9298178,0,81
7,0.010983907,1.023835,2,21,0.009265343,1.0051472,2,41,0.00625292,0.9587355,2,68,0.006750001,0.9780394,2,88,0.0015234165,1.0391734,2,109,0.025177475,0.96214175,2,130,0.004610342,1.0453632,2,156,0.0,1.0137055,2,176,0.005119434,1.0212657,2,200
8,0.0072589125,0.93775177,2,24,0.0012672403,1.0324459,2,45,0.004538115,0.9593288,2,68,0.0,0.8590429,2,93,0.0083171595,0.93685573,2,119,0.010040393,0.9594617,2,139,0.0028768864,0.8763863,2,159,0.0,0.73027533,2,179,0.0,0.7296464,0,200
9,0.0,1.0314515,2,21,0.006978936,1.0050303,2,42,0.0048093717,0.99797404,2,62,0.0015447114,1.0325968,2,82,0.00178826,0.9698715,2,103,0.0014447316,0.88855344,2,123,0.0,0.93366563,2,145,0.0,0.8692298,2,165,0.006964495,0.98563594,2,200
10,0.0,0.9828023,2,20,0.0075693885,1.0206451,2,41,0.004475145,0.9233529,2,61,0.0050989566,0.98459613,2,97,0.008859466,0.93683106,2,122,0.0032234676,0.9905032,2,142,0.0,1.0826669,2,162,0.0,0.82634276,2,200
11,0.0,1.0228646,2,20,0.02398626,0.8988021,2,41,0.0,1.0641989,0,65,0.0,1.1380064,0,85,0.0007584989,1.0893425,0,106,0.00013729879,1.0247961,2,128,0.0,1.0678669,3,148,0.0,1.0021775,0,168,0.013197765,1.0035185,2,200
12,0.0068281316,0.9744568,2,20,0.0008837132,0.97065735,2,43,0.013255837,1.0261643,2,63,0.005847748,0.9467453,2,83,0.025444781,0.9738228,2,103,0.0024909268,0.99540913,2,129,0.013569409,1.0393409,2,150,0.005157986,1.0769929,2,170,0.009603502,0.97802883,2,200
13,0.01527109,0.99846804,2,20,0.02557149,1.0105009,2,40,0.01681938,1.096172,2,60,0.0067334143,1.0167174,2,82,0.00389119,0.9791825,2,107,0.00803608,0.94093055,2,136,0.005140033,1.0304183,2,159,0.0,1.0788162,2,179,0.007516035,1.0495489,0,200
14,0.002808981,1.0458543,2,20,0.02610774,0.9610578,2,40,0.0392159,0.9223064,2,60,0.0042647077,0.9211097,2,80,0.011046752,1.013046,2,101,0.008427837,1.0004491,2,123,0.011080518,0.85947144,2,143,0.0092578875,0.950737,2,163,0.002006289,0.7058044,1,200
15,0.0031634802,1.0356563,2,25,0.001578436,1.0359675,2,48,0.0,1.0433689,2,68,0.012496735,1.0199378,2,89,0.034844417,1.0036677,2,109,0.014722292,1.0724764,2,134,0.005290614,1.0321131,2,155,0.0043327697,1.0542556,2,200
16,0.0029316966,0.93140393,2,20,0.002839798,1.0073006,2,40,0.01584519,0.9423045,2,60,0.0,0.92469186,2,80,0.0,0.998467,2,101,0.0,0.94891346,2,121,0.008129211,0.76941854,2,141,0.0,0.9154543,0,162,0.01834109,0.81631255,2,200
17,0.0013088277,1.059734,2,24,7.641138e-05,0.9934306,2,45,0.0,1.0307345,2,73,0.010128758,0.9755065,2,94,0.0021256339,1.1158468,3,114,0.0009591044,1.044003,2,138,0.0018841894,1.0391638,2,158,0.0,0.97958696,2,180,0.0,0.9624127,2,200
18,0.005335649,1.0182718,2,20,0.015520038,0.960388,2,40,0.009363816,1.0210539,2,65,0.024281545,1.0465915,2,90,0.004011393,1.0172049,2,118,0.014724065,1.043822,2,139,0.0031400255,0.9071981,2,160,0.010152377,0.94171447,2,200
19,0.024826976,0.9836124,2,22,0.0,1.0234005,2,44,0.0009492772,1.0395837,2,73,0.0020075594,1.093977,2,101,0.00019664876,1.0386753,2,127,0.0022026198,0.98120594,2,151,0.0035392565,1.0511155,2,180,0.0019114956,1.0189931,2,200
20,0.012178696,1.0297444,2,20,0.0,0.9846409,2,44,0.004670681,0.94805264,2,77,0.00096677925,1.1060638,2,97,0.008726031,1.015472,2,118,0.012063975,1.0340496,2,138,0.0,0.9126178,2,158,0.009364983,0.8989943,2,178,0.009335805,0.92867106,2,200
21,0.0,1.050487,2,23
22,0.0048378143,0.9893352,2,32,0.007419303,0.97644293,2,52,0.0030433997,0.9845936,2,74,0.027627919,0.91674316,2,99,0.0,0.90008795,2,119,0.019837048,0.9053521,2,139,0.051374443,0.87106407,2,159,0.015950412,0.843273,3,179,0.016982485,0.84642375,0,200
23,0.0047089364,0.9320802,2,21,0.019438537,0.90877986,2,43,0.0007132189,0.867345,2,63,0.0006407626,0.906493,2,87,0.0139934635,0.9314178,2,113,0.017666256,0.92263806,0,133,0.0065984656,0.8084484,0,155,0.024701579,0.3869646,0,191
24,0.0030631938,1.0391452,2,21,0.0026058184,0.95952475,2,41,0.0035148778,1.0457251,2,61,0.01839946,0.9869486,2,83,0.086107455,0.9519944,0,103,0.0779761,0.8751569,0,123,0.06116592,0.91679126,2,143,0.009637585,0.98165244,2,163,0.01198732,0.9305492,2,200
25,0.0015328727,1.026705,2,20,0.005115038,0.99980134,2,40,0.0097313225,1.0082024,2,61,0.012024911,1.0607833,2,103,0.038434837,1.005246,2,123,0.0041391714,0.9837876,2,146,0.002760382,0.94869757,0,166,0.0073331706,0.6943702,2,200
26,0.0,1.0342815,3,21,0.026805153,1.0626749,2,41,0.0025766783,0.9926755,2,62,0.0,1.0122395,2,87,0.0,0.981547,2,112,0.0,1.0292176,2,136,0.0044093784,0.96491605,2,161,0.0173137,0.93035066,2,200
27,0.0030031228,0.9893778,2,20,0.006474716,0.970082,2,41,0.0,1.0428869,2,61,0.008429652,1.0062758,2,84,0.0053569567,1.0323691,2,106,0.001161099,1.0503732,2,128,0.0096894875,1.0224408,2,148,0.001619448,1.019551,2,168,0.0009944903,1.010131,2,200
28,0.011975518,1.0523678,2,20,0.0046204478,0.9932234,2,50,0.0004040792,0.9929637,2,71,0.0038395487,1.0861669,2,91,0.0042594383,1.048339,2,125,0.0,0.97914594,2,146,0.0,0.9770322,2,166,0.0004734446,0.9820901,2,200
29,0.005421996,1.048625,2,23,0.0,1.0233521,2,52,0.0070449067,1.014268,2,72,0.011850759,1.0106359,2,92,0.020012828,0.97887164,2,112,0.024407474,0.95601016,2,133
30,0.0064538037,1.0224961,2,21,0.0,1.019634,2,53
31,0.0001290761,0.9965321,2,20,0.012081873,0.9386071,2,40,0.080985844,0.9261174,2,60,0.050598964,0.88617057,2,83,0.0886962,0.95447475,2,103,0.02578998,0.91147745,2,123,0.035965998,0.9734367,2,144,0.026422597,0.91162646,2,166,0.017902266,0.96764946,2,200
32,0.02146465,0.9336521,2,20,0.0062860614,0.9669585,2,40,0.0067645893,0.9312841,2,62,0.0016126606,0.99481547,2,87,0.0,0.967916,2,107,0.0012303479,0.9115093,2,128,0.015498373,0.9314599,2,148,0.0070622917,0.9355451,2,169,0.0014577797,0.90406835,2,200
33,0.0,1.0323817,2,23,0.0030315325,1.0678803,2,43
34,3.73853e-05,1.0342412,2,25,0.0032944006,0.9652036,2,52,0.0048135556,0.963171,2,73,0.031895656,0.99985206,0,93,0.009306969,0.97884065,2,115,0.022116452,1.0092409,2,145,0.016820299,0.996259,2,167,0.010635501,0.9414195,2,200
35,0.008628278,0.94896525,2,20,0.012398671,0.9666713,2,44,0.0,0.97054464,2,64,0.057551485,0.9931283,0,84,0.018049374,0.9371482,2,105,0.022694478,0.83170056,2,126,0.024448399,0.83933187,2,147,0.0,0.8863064,2,167,0.022128196,0.7089647,2,200
36,0.010544756,0.9662749,2,20,0.026506517,0.9842554,2,41,0.012098515,0.9281053,2,64
