0,0.013306027,0.93287575,2,20,0.015698593,1.0770497,0,42,0.00267828,0.966548,2,64,0.013668289,0.9749853,2,84,0.0089456905,1.0361205,2,105,0.0031257644,1.0101429,2,127,0.0,1.0107827,2,147,0.0,0.9747197,2,167,0.009576682,1.0030597,2,200
1,0.001069238,0.95011353,2,22,0.004217159,1.018377,2,61,0.006940371,1.0477084,3,81,0.0013030759,0.90690845,2,108,0.016907522,1.0123664,2,128,0.0037620752,1.0502107,2,148,0.0039193216,0.98091805,2,171,0.003223443,1.0629127,2,200
2,0.0056948676,0.96377003,2,20,0.0020955675,0.9235616,2,43,0.047721427,0.8810926,3,64,0.0,0.98374283,2,84,0.023316693,0.9032092,0,104,0.017703775,0.9502096,3,124,0.0,0.8290584,3,145,0.00795322,0.8796628,2,169,0.03580032,0.79240984,0,200
3,0.0,1.0111907,2,20,0.027554484,1.0052258,2,41,0.005906496,1.0139576,2,61,0.0101186335,0.9574335,2,83,0.0030398173,0.9499814,2,107,0.0,0.99158823,2,127,0.0,0.99579465,2,147,0.0038989813,0.97652644,2,171,0.0133403465,1.0555018,2,200
4,0.01780502,0.9919138,2,20,0.037934374,0.9703749,2,42,0.002055953,0.95975876,2,62,0.0,0.9295104,2,83,0.0,0.6805527,2,103,0.0,0.8803693,2,124,0.02592345,0.9249179,2,144,0.0003418189,0.95425904,2,165,0.0019236569,0.79749465,2,200
5,0.013194852,0.96555454,2,20,0.0007285026,1.0459278,2,40,0.0206204,0.8923272,2,60,0.029858232,0.95649666,2,81,0.008224061,1.0003939,2,101,0.023772597,0.9526919,2,122,0.011081675,1.0229104,3,142,0.00034117914,0.99064934,3,162,0.01134419,1.0043664,2,200
6,0.0063055377,1.0150089,2,21,0.009550945,1.0233215,2,49
7,0.0018805802,1.0247838,2,20,0.0037316326,1.0285224,2,45,0.0,1.0580338,2,66,0.0,1.0271997,2,91,0.016903864,0.9595852,2,113,0.023221165,0.97160447,2,133,0.019716045,0.96165067,2,153,0.021078696,0.8341404,2,174,0.014353579,0.9252774,2,200
8,0.0048740897,0.98280627,2,24,0.018652262,0.9845768,2,49,0.0038297307,1.0668749,2,73,0.0033931702,1.0428236,2,93,0.0,1.0356667,2,123,0.00414624,1.0562645,2,144,0.0048186122,1.0400147,2,164,0.002347691,1.0487397,2,200
9,0.009847874,1.0252756,2,21,0.0006267252,0.9326726,2,42,0.0001655595,0.90606105,2,68,0.012666637,0.9492737,2,88,0.02954554,0.90665597,2,108,0.00952798,0.89159304,2,133,0.010147041,0.87172097,2,153,0.008037534,0.95787203,2,173,0.0020910602,0.92565125,2,200
10,0.012203152,1.0190037,2,26,0.0,1.0292665,2,46,0.00033822042,1.0004814,2,66,0.0,1.0413885,2,87,0.0014554232,1.005051,2,109,0.00061820186,0.9305437,2,129,0.04232541,0.9314272,2,150,0.05878525,0.9447322,2,170,0.006234615,0.90180343,2,200
11,0.012069212,0.99758184,2,20,0.0039596055,0.9665285,2,45,0.0,1.0452665,2,65,0.0,0.9842226,2,89,5.403924e-05,0.9520406,2,110,0.0,0.8607381,2,130,0.002270117,1.0181658,2,150,0.0,0.93212414,0,170,0.020855665,0.75315243,2,200
12,0.00065528095,1.0499704,2,20,0.023804689,1.004617,2,40,0.008732735,0.972092,2,60,0.028453907,1.0043185,2,80,0.0029070366,0.9859541,2,104,0.004515565,0.932664,2,125,0.012420246,0.98692155,2,147,0.02729688,1.097379,2,167,0.007974375,1.0501144,2,200
13,0.0013382633,1.0098628,2,23,0.017261218,0.99266577,2,48,0.0,0.9850954,2,81,0.005902079,0.8523676,2,101,0.0019869902,0.8807247,0,121,0.018242603,0.96113896,2,142,0.012799684,0.96442044,2,171,0.06370039,0.7983845,2,200
14,0.0044131046,0.969625,2,21,0.000357233,1.0193353,2,53,0.02653237,0.88006294,2,73,0.02315753,1.074146,2,97,0.009642359,1.040405,2,117,0.021399776,0.95327705,2,139,0.000566905,1.00694,2,159,0.0,1.0405681,0,179,0.023761008,1.0111754,2,200
15,0.0,0.9844203,2,20,0.0,1.0599126,2,46,0.006767922,1.0281782,2,73,0.003065601,1.0016685,2,97,0.018270832,0.975858,3,118,0.0033622,1.0201727,2,138,0.0,1.0686406,2,164,0.0035988772,1.0887274,2,200
16,0.0053994344,0.9980477,2,20,0.011267732,0.8753217,2,41,0.010270352,1.0131009,2,62,0.010391082,0.9817531,2,92,0.026393645,0.99385756,2,116,0.0068092467,1.0197557,0,136,0.008022601,1.0204769,2,156,0.0,0.9529563,2,176,0.0030660417,0.95055693,3,200
17,0.0020953862,1.0434762,2,23
18,0.019770952,0.9922353,2,21,0.0018075044,0.9803438,2,47,0.024742136,0.91441125,2,71,0.003590151,0.79488957,2,91,0.034180667,0.9402572,2,111,0.0050515314,0.9293138,2,132,0.0,1.1015584,2,152,0.009844856,0.87947845,2,172,0.0,1.0551255,2,200
19,0.00055055344,0.9859901,2,23,0.010361178,0.9777457,2,44,0.007183722,0.84481126,0,64,0.045719016,0.82653666,2,84,0.0009916668,0.6350516,2,104,0.0,0.61645985,0,124,0.022606444,0.6079053,2,146,0.026693165,0.77750665,0,169,0.058729347,0.48396653,1,200
20,0.007796456,1.0399114,2,38,0.0031309682,1.0340106,2,59,0.00705392,1.0543314,2,79,0.006555199,1.0513697,2,106,0.00021387255,1.043657,2,126,0.0015235393,1.0080237,2,148,0.008696884,0.948674,2,168,0.0,1.0284812,2,200
21,0.019521128,0.9675663,2,20,0.030074375,1.0135105,2,45,0.0068429047,1.0477618,2,65,0.018516336,0.99303466,2,85,0.0,0.93353844,2,105,0.0021174806,1.0344156,2,126,0.019335989,1.0702128,2,150,0.068903334,0.9822442,2,170,0.043059252,0.9504673,2,200
22,0.019067062,0.9952612,2,20,0.017839534,1.0228964,2,42,0.02070541,0.9868855,2,65,0.007037021,1.0254558,2,87,0.015713992,1.0660739,2,118,0.0020801467,1.0368441,2,139,0.011883862,1.0081689,2,160,0.021204863,1.0283468,2,180,0.01307415,1.041554,2,200
23,0.010983146,1.0211838,2,20,0.0069445684,0.92083776,2,40,0.0076783416,0.9745898,2,63,0.026214916,0.90918124,2,83,0.0005707293,1.0347799,2,104,0.010055976,1.0359148,3,124,0.0,1.0202363,2,145,0.009191987,1.0129999,2,168,0.02264329,0.9713061,3,200
24,0.0006754049,1.0153186,2,20,0.0,0.97431314,2,42,0.014349824,0.9314333,2,62,0.0039353636,1.0158485,2,86,0.004602854,0.90440077,2,108,0.0,0.8782531,2,128,0.0099771945,0.8966669,2,148,0.014467889,0.89020747,0,168,0.021235494,0.53077173,0,200
25,0.024792472,0.96257037,2,20,0.019231876,1.0223224,2,41,0.00045244306,0.99354637,2,72,0.0010384679,0.9720974,2,96,0.0,0.95243937,2,117,0.013650276,0.9590782,2,137,0.0,0.93438846,0,157,0.0,1.0019525,2,178,0.00014355,1.022025,2,200
26,0.005138652,0.9481125,2,20,0.008678839,0.9991071,2,46,0.021377726,1.0231137,2,66,0.0,0.97641313,2,86,0.0,1.0436919,2,106,0.0039560483,1.0881402,3,127,0.0021483637,1.0904647,2,147,0.0024182063,0.9807846,2,200
27,0.008472597,0.98614675,2,21,0.0,1.0320703,2,42,0.006114778,1.0158019,2,64,0.004532776,1.0305529,2,85,0.015165362,1.0718944,2,105,0.0028463856,1.0508484,2,129,0.0,0.9174894,2,149,0.0011419287,0.9875493,2,170,0.024082957,0.9425715,2,200
28,0.020645704,0.81742245,2,26,0.0028077706,0.88509655,2,50,0.003324496,0.89162064,2,70,0.0072719515,0.7149697,2,90,0.021993762,0.628857,0,118
