0,0.0028834837,0.9769479,2,20,0.0076971957,0.9661007,2,40,0.018784396,0.859512,0,62,0.028282572,0.9265176,2,82,0.02611449,0.9271882,2,102,0.019317992,0.9684383,2,122,0.004189922,1.0436583,2,142,0.008429294,1.0077572,2,162,0.0,1.0199505,2,200
1,0.00795661,1.0558463,2,20,6.92318e-05,1.082307,2,46,0.0053941044,1.0445622,2,68,0.008436643,0.99859697,2,95,0.0025988235,1.0456493,2,120,0.0,1.1024739,2,141,0.018130349,1.0572071,2,161,0.0011708245,1.049793,2,200
2,0.01693053,0.9335687,2,27,0.003532499,0.99001175,2,52
3,0.011241676,1.0110592,2,34,0.0066063567,0.9935478,2,54,0.011289617,0.97953355,2,74,0.0,0.94614965,2,94,0.021100942,0.92362523,2,120,0.003305752,0.95072794,2,143,0.0066610486,0.95330364,2,163,0.037607387,0.9487771,2,200
4,0.0,1.0189893,2,20,0.0025961045,1.0172027,2,43,0.0,0.91606206,2,64,0.011548,0.9399254,2,87,0.0,0.8705438,2,108,0.0013318097,0.7836898,2,129,0.0025897375,0.88030916,2,151,0.0,0.860446,2,171,0.0,0.84200287,0,200
5,0.008011463,0.98182005,2,30,0.005842697,1.0611209,2,50,0.01106923,1.0083652,2,77,0.009177788,1.0207238,2,100,0.008469168,1.0479342,2,120,0.0013317763,0.96311516,2,142,0.0016400935,1.0996305,2,163,0.0042338516,0.94237334,2,200
6,0.0,1.0433956,2,23
7,0.0,1.0714555,2,31
8,0.0,1.0594174,2,24
9,0.00494876,1.0589904,2,21,0.0007045398,1.069223,2,50,0.0088868,1.0097516,2,74,0.0,1.035666,2,100,0.0038695117,1.0745199,2,120,0.041823454,1.041951,2,140,0.02965682,1.0237556,2,170
10,0.004222367,0.97422713,2,20,0.0,1.0435086,2,42,0.0,0.99598557,2,64,0.008501812,0.9795828,2,84,0.0036259636,1.0014448,2,104,0.019580027,1.0244904,2,125,0.025062436,0.8920599,2,147,0.0071024136,1.0242469,2,167,0.009842103,1.0565877,2,200
11,0.012914479,1.0259706,2,21,0.003269044,1.0410984,2,49
12,0.024231467,1.0009726,2,20,0.02052884,1.0066682,2,42,0.032977737,0.9536692,0,62,0.006461515,0.9844302,0,82,0.06306083,0.86990166,2,102,0.022830302,0.9086267,2,138
13,0.0039487802,0.9636486,2,20,0.0023647323,1.0051775,2,40,0.024865124,0.8993027,2,67,0.0039366228,1.0236435,2,93,0.014014919,1.0282645,2,123,0.0077460133,1.062943,2,148,0.007607941,0.9847819,2,175,0.004347002,0.95442855,2,200
14,0.009843374,0.9652282,2,30,0.01944445,0.9795414,2,50,0.0048625516,1.013257,2,72,0.0,1.0075947,2,92,0.011245074,0.98439705,2,112,0.0050883545,1.0310497,2,132,0.003651514,0.96679795,2,152,0.007511478,0.8748306,3,172,0.0,0.89705145,2,200
15,0.0004296351,1.0353653,2,20,0.0061550364,1.0313635,2,40,0.0059542786,1.019463,2,62,0.027754478,0.99001753,2,84,0.002057061,0.9782705,2,105,0.0,0.9793451,2,127,0.0,1.0357593,2,147,0.003818379,1.0497732,2,167,0.004874923,1.0763475,2,200
16,0.023854436,0.8403898,2,24,0.0,0.8934639,2,44,0.054017853,0.86025697,2,64,0.0015166561,0.9509511,2,84,0.0,0.745137,2,104,0.032101914,0.7851756,0,124,0.0091751935,0.62879723,2,144,0.0,0.53534836,0,164,0.00880238,0.5709089,0,200
17,0.012610145,1.0324663,2,20,0.016382324,1.0095286,2,65,0.0035600788,0.9688701,2,88,0.015345394,0.9737133,2,116,0.011329544,0.9215477,2,136,0.004088146,1.0026662,2,163,0.014657309,1.0148324,2,200
18,0.0061765774,1.0226582,2,21,0.0021897817,1.0360937,2,43,0.003942564,1.0214561,2,77,0.016570486,1.0389004,2,107,0.012625361,0.9110699,2,129,0.020940566,0.9432308,2,149,0.0,0.94062424,2,169,0.022095198,0.8064847,2,200
19,0.008043317,0.9993686,2,23,0.005881509,0.9268948,2,45,0.005426911,0.9919273,2,67,0.0004927083,0.986966,2,87,0.0,0.9670685,0,107,0.010887173,1.0205166,3,127,0.036581345,1.035847,2,147,0.0,0.92684543,2,168,0.043315683,0.79845935,2,200
20,0.023616023,0.92900735,2,25,0.021257047,0.9291411,2,46,0.008057105,0.94080997,2,67,0.0,0.9296217,2,87,0.0045242137,0.9853762,3,107,0.007193587,0.7683676,2,130,0.0066986196,0.8232663,2,150,0.0,0.698504,2,170,0.04435377,0.69861424,2,196
21,0.001369794,0.99487597,2,22
22,0.011698555,1.0179515,2,37
23,0.0027461874,1.0119342,2,22,0.0011610745,1.0092504,2,42,0.003729041,0.9937097,2,71
24,0.0,1.0424808,2,20
25,0.007475703,1.001294,2,34,0.0042958925,1.011235,2,54,0.005112479,0.95275486,2,74,0.031028772,0.83777946,2,96,0.0026269082,0.9328777,2,116,0.0,0.8793143,2,136,0.0,0.9332461,2,157,0.0034102187,0.85324585,2,177,7.1348295e-05,0.71279544,2,200
26,0.007069971,0.95170146,2,27,0.010869489,1.0095531,2,49,0.032227974,0.9334079,2,69,0.0,1.0131284,2,90,0.0075122034,1.013672,2,111,0.0,1.0277723,0,131,0.0,1.0363339,0,152,0.0,1.0274227,2,174,0.014228316,0.88504654,2,200
27,0.0023785704,1.0258832,2,23,0.010710336,0.9325234,2,47,0.020664055,0.94041216,2,69,0.0,0.90233696,2,89,0.0066373437,0.71072096,2,111,0.0,0.73909414,2,131,0.0,0.665188,2,151,0.0,0.8936782,2,174,0.0077451128,0.86370087,2,200
28,0.0,1.0395595,2,22,0.011064077,0.9928671,2,45,0.0050105783,1.0039097,2,89,0.00051462755,0.9280392,2,109,0.00076925935,0.8986247,2,129,0.022739524,0.9354083,2,149,0.007863115,0.8753918,2,169,0.001514445,0.6727394,0,200
29,0.0,0.9589071,2,20,0.010443581,1.0428648,2,41,0.0066347616,1.0648564,2,61,0.03163356,0.95444155,2,85,0.036200754,0.94761103,0,105,0.009914095,0.9542035,2,125,0.010312348,1.0182662,2,147,0.014979934,0.9296346,2,168,0.02172856,0.9848249,2,200
30,0.009794828,0.9885372,2,20,0.0063128346,0.995458,2,40,0.0,0.89363015,2,60,0.027940875,0.9905791,0,80,0.008023925,0.90548754,2,103,0.0087583335,0.88015294,2,124,0.015682073,0.9611018,2,146,0.061496075,0.8306491,2,167,0.013533523,0.8918428,2,200
31,0.0,1.0361192,3,23,0.0031166137,1.0390402,2,53,0.015867326,0.9901792,2,73,0.0,0.99285495,2,93,0.01291427,1.0576844,2,114,0.0032955508,1.0346421,2,137,0.0,1.0424645,2,163,0.011968236,0.9585403,2,200
