0,0.0,1.034831,2,21,0.0056621004,1.00453,2,41,0.009093729,0.9516404,2,65,0.029208068,0.98345274,2,86,0.0048161796,1.0638778,2,106,0.0,0.8720595,3,126,0.0,0.97115123,2,147,0.00058791984,0.97463083,2,167,0.0,0.89842176,3,200
1,0.0,0.9914714,3,23,0.008900608,1.0944841,0,44,0.0019782947,1.0593301,2,67,0.014118782,1.0543113,2,88,0.0,1.0294842,2,108,0.0,1.0891716,0,131,0.0,1.1103733,3,151,0.00093822525,1.1001866,2,171,0.017077545,1.0899377,2,200
2,0.0067302096,0.9606896,2,22,0.0,1.0457233,2,42,0.010174324,0.99839175,3,63,0.0031275696,0.89205045,2,91,0.006745439,0.9615454,2,125,0.064955994,0.8118197,2,145,0.035640072,0.845966,2,166,0.05737337,0.92710465,2,200
3,0.006445044,1.00842,2,20,0.023845747,0.9314656,2,62,0.0009656543,0.9321272,2,86,0.0,0.8746425,2,106,0.0046711457,1.0635778,2,128,0.0,0.9836797,2,152,0.010966365,1.0231807,2,172,0.0,0.9820036,2,200
4,0.0052248673,0.9291439,2,20,0.01869021,0.8885188,2,40,0.030777926,0.79608965,3,60,0.0,0.87605375,2,81,0.0,0.76287663,0,101,0.0,1.0028503,2,124,0.0,0.979562,2,144,0.0,0.83371335,0,164,0.0073802224,0.5678451,0,200
5,0.0011349723,0.9860547,2,20,0.008870479,1.0201308,2,40,0.004596414,0.9739416,2,62,0.020889884,0.9968037,2,86,0.0,0.98219824,2,110,0.009501101,1.0144364,2,130,0.0,0.9488622,2,150,0.013889134,0.9777373,2,170,0.017001148,0.97243553,0,200
6,0.0023226228,0.98003614,2,20,0.012313012,0.98122984,2,42,0.011025777,0.9593871,2,63,0.0,0.9808354,2,86,0.0037458814,0.94934046,2,106,0.0,0.9373597,2,126,0.0021228658,0.87136555,0,146,0.020946983,0.85900354,2,166,0.00600027,0.97203773,2,200
7,0.012059949,0.9980304,2,21,0.0,1.060321,2,41,0.007113208,0.94249,2,61,0.034541156,0.9445151,2,81,0.0090913605,0.9073217,2,103,0.00748459,0.9801915,3,123,0.0027614362,0.9225915,2,143,0.042394616,0.9524463,2,163,0.010714273,0.9658207,2,200
8,0.0075567616,0.9838802,2,31,0.0,1.0357008,2,51,0.0033329641,1.0680425,2,82,0.0037483838,1.0465158,2,103,0.00058302033,1.0101815,2,123,0.015123628,1.0002105,0,143,0.00119504,0.9919559,2,164,0.0010642442,1.0239221,2,200
9,0.00198382,0.96713614,3,22,0.0,0.9053195,3,42,0.021457234,0.89371127,2,63,0.01251403,0.8376247,2,87,0.041867048,0.9514665,2,108,0.019450855,0.988372,2,128,0.015606075,0.9926518,2,151,0.017984161,1.0491946,2,172,0.009823771,0.9460836,2,200
10,0.00043923996,1.0424165,2,20,0.00765962,0.9648163,2,40,0.0031888,1.0234383,2,60,0.028105212,0.97569036,2,83,0.020711161,0.95699114,2,105,0.0027318476,0.92254615,2,132,0.0,0.9195007,2,152,0.0,0.93011,2,172,0.024804328,0.98288643,0,200
11,0.01846796,0.9896285,2,20,0.004667497,0.9546847,2,45,0.020053413,1.0474211,2,66,0.007340701,1.0253718,2,86,0.027196765,1.040715,2,106,0.0,1.0617402,2,126,0.0,1.0701783,2,152,0.009738879,1.036933,2,172,0.020496825,0.97023326,2,200
12,0.0046812473,1.0482788,2,20,0.0,1.0425669,2,41,0.027468368,0.9505331,2,61,0.0,1.0044963,2,83,0.0020343699,0.97183055,2,103,0.0059198,0.99236727,2,131,0.01317811,0.9371122,2,151,0.0009575456,0.92411405,2,173,0.0034616592,0.84399784,0,200
13,0.0,0.9470213,2,21,0.00833338,0.86448634,2,42,0.0,0.55071044,1,62,0.0,0.57553947,1,82,0.0,0.43878764,2,102,0.030364413,0.1972666,0,125,0.0,0.28860646,0,147,0.0,0.39372966,1,168,0.003969391,0.5027399,2,200
14,0.031979565,0.9888132,2,21,0.0025002316,1.0170764,2,45,0.014026171,1.0801729,2,66,0.0004926659,0.9336063,2,86,0.012236827,0.9907972,3,106,0.0038918324,1.0248879,0,128,0.0028618905,1.0121373,2,148,0.0,0.89887905,2,168,0.07364111,0.78952557,0,200
15,0.008402051,0.79234886,2,21,0.012700802,0.6190845,2,41,0.0,0.9024398,0,62,0.0053348853,0.772805,2,82,0.0,0.6404494,2,102,0.013240126,0.57383716,1,122,0.0,0.43995982,1,142,0.0,0.63261354,1,162,0.0014962674,0.7207464,2,200
16,0.005005529,0.96083057,2,20,0.0030888454,1.0523734,2,46,0.012365324,0.997223,2,66,0.0,0.9810314,3,86,0.0060618254,0.87846595,2,112,0.0,0.93097305,0,132,0.0,0.8198336,2,155,0.0,1.0259225,2,175,0.0,0.9221409,2,200
17,0.015612062,0.9836141,2,34,0.012334116,0.9624135,2,61,0.039086945,0.94815004,2,81,0.0,0.87587565,2,101,0.064031325,0.93384695,3,121,0.011042123,0.96016324,2,142,0.017084397,0.9611767,2,164,0.017390111,0.91438866,2,200
18,0.00141234,0.9806437,2,26,0.010676366,1.0505793,2,53,0.0,1.0172155,2,74,0.00494661,0.9928266,2,104,0.0024010993,0.8834073,2,124,0.0001860519,0.967272,3,144,0.016315082,0.99279916,2,164,0.0016294988,0.967968,2,200
19,0.009200401,0.9950293,2,23,0.0036903843,1.0215774,2,43,0.00039549932,1.0124995,2,69,0.018894855,0.9124924,2,89,0.016478661,0.92609566,3,109,0.0039834557,0.9501875,0,129,0.04140764,0.9009502,2,150,0.052748274,0.8845193,2,170,0.021830648,0.94666934,2,200
20,0.0048361225,1.0225717,2,20,0.007151085,1.0085533,0,40,0.019591898,0.9798012,2,60,0.008273236,0.9985978,2,81,0.013986799,1.0001221,2,105,0.0010453062,0.98903817,2,125,0.0014483978,0.94014156,2,145,0.013712874,0.97359633,2,171,0.030035045,0.9776821,2,200
21,0.005133373,1.0641798,2,20,0.0,1.0196769,2,43,0.005548206,0.96377724,2,63,0.0037849403,0.9686937,2,85,0.011554116,1.0273628,2,108,0.009018773,1.0064715,2,129,0.0014214034,0.9764768,2,150,0.043708198,0.98163635,2,170,0.020402743,0.9549789,2,200
22,0.0023914827,0.96459115,2,30,0.0,0.9539832,3,50,0.013571027,0.9701222,0,71,0.0018489964,0.9619705,2,91,0.0064201844,0.96048933,2,116,0.0,0.9701122,0,137,0.0,0.9027718,2,157,0.0221596,0.96045697,2,177,0.007328795,0.9918783,2,200
23,0.010881889,1.0409676,2,22,0.003869893,1.0510415,2,45,0.0,1.0059569,2,65,0.0045569055,0.97549266,2,85,0.0,1.0088211,2,106,0.0,0.94921666,2,130,0.0063110115,1.0244194,2,150,0.0050285654,0.9505421,2,170,0.011781893,0.88690704,0,200
24,0.0,1.0334679,2,30,0.0,1.0278633,2,55,0.0019280681,0.9676739,2,76,0.0015035762,1.032389,2,97,0.0,1.0532565,2,123,0.0126195075,1.0292059,2,143,0.017250877,1.0060309,2,165,0.0017331562,1.011896,2,200
25,0.0,1.0251542,2,20,0.0,1.0507174,2,40,0.0038303614,0.950757,2,60,0.0068643894,0.9897447,2,82,0.002475022,1.0123358,2,103,0.0,1.0089532,2,124,0.007150836,1.0438519,2,153,0.0019918801,1.0277652,2,179,0.0009685267,1.051822,2,200
26,0.006909262,1.0066893,2,21,0.017773435,0.99543893,2,41,0.019347405,0.84238243,2,61,0.0,0.9510561,2,86,0.006558089,1.0253289,2,106,0.0,1.0222859,2,131,0.0047204276,0.84338015,2,152,0.0042887614,0.9587515,3,172,0.01426486,1.0595134,3,200
27,0.00073466107,0.9933539,2,24,0.031389464,0.9319321,2,44,0.009594073,0.9605099,3,64,0.0,1.0202358,3,84,0.0,0.7524354,2,104,0.0,0.9747081,2,131,0.00046689087,0.9081807,2,155,0.010947404,0.8860937,2,176,0.053988304,0.90760213,2,200
28,0.012280033,0.98043513,2,22,0.005892845,1.0502948,2,57,0.005869359,1.0254636,2,79,0.003962609,1.0332249,2,99,0.008788343,0.8996496,2,119,0.025025496,0.92727226,2,140,0.019319491,0.9689592,0,160,0.009302351,0.95764905,2,200
