0,0.021016646,0.95274734,2,20,0.016453419,0.90887153,2,40,0.0,0.97009766,2,63,0.0,1.0916917,3,83,0.0,1.079267,2,104,0.0017788078,1.0199795,2,124,0.0,0.9834501,2,144,0.021597615,1.0350393,2,164,0.0009997993,1.021464,2,200
1,0.018528614,1.008093,2,21,0.017728895,1.0071641,2,41,0.0020371198,0.97886455,2,71,0.0014216781,0.9453211,2,91,0.01678374,0.8939241,3,111,0.0,0.8387414,2,131,0.0,0.92428607,2,151,0.0,0.8727291,2,171,0.004755835,0.89997584,2,200
2,0.0,0.9828771,0,20,0.008967663,1.0244634,2,40,0.008617052,0.90297425,2,61,0.0015774977,0.7615625,2,81,0.0,0.9176976,2,101,0.0005140944,0.8057917,2,122,0.00786141,0.66630816,2,142,0.09330972,0.6219249,0,163,0.020679094,0.54052883,2,200
3,0.0007612986,1.022155,2,20,0.034279685,0.92607445,2,44,0.0010958898,0.92436445,2,64,0.0,1.014507,2,93,0.010400353,0.9619482,2,114,0.0025624079,0.88490754,2,134,0.0,0.79574233,2,154,0.0,0.62144077,3,177,0.02090659,0.68442214,1,200
4,0.00026512734,0.99277914,2,20,0.005561694,0.9883383,2,41,0.0,1.093428,2,61,0.0058934567,0.93708694,2,82,0.03753383,0.92242956,2,102,0.0022288137,0.9860481,2,122,0.0030184984,0.94644237,2,153,0.030949133,0.9589164,2,174,0.029234923,0.90026003,2,200
5,0.0048828274,0.9779364,2,20,0.028997475,0.93295175,2,40,0.015764523,0.9794903,2,60,0.0053174044,1.0323167,2,82,0.012024817,0.9418981,2,104,0.031238245,0.8343288,2,130,0.00707948,0.9246799,2,157,0.040762838,0.8046851,2,180,0.02757014,0.73794544,2,200
6,0.0026908226,0.94165593,2,21,0.017952483,1.0212085,2,58
7,0.0,0.88289386,2,21,0.009411911,0.94410145,3,41,0.0,0.82595056,2,69,0.0072152563,0.6824692,2,93,0.0040499973,0.691546,2,117
8,0.0006713743,1.0015172,2,23,0.016327873,1.026353,2,44,0.016282445,0.99839,2,65,0.00014467491,0.98961526,2,85,0.003577369,1.0638152,2,105,0.0007231564,1.0132705,2,131,0.028842226,0.91833144,2,151,0.0,0.9914868,2,172,0.005425205,0.93231547,2,200
9,0.006671319,1.020002,2,25,0.0,0.92939985,2,45,0.000959415,0.93951166,2,67,0.049205102,0.92011464,2,87,0.0035155911,1.0400194,0,111,0.0,0.76692396,2,134,0.0066672843,0.85080224,2,158,0.003313271,0.9217921,2,179,0.027855521,0.6493697,1,200
10,0.022220107,0.99344134,2,21,0.0041136174,0.9855379,2,41,0.012348203,0.9870448,2,62,0.0092925625,0.96505773,2,82,0.005477614,0.9163567,2,102,0.008493172,1.0015624,2,122,0.0013107776,0.9214805,2,142,0.0,0.84494954,0,162,0.0059442907,0.8256883,2,200
11,0.0,0.9965328,2,20,0.0048021013,1.0224828,2,41,0.008567048,1.0027193,2,61,0.008472233,1.0081615,0,82,0.0385028,0.9206959,2,103,0.013814971,0.9088413,2,125,0.006145039,0.93014365,2,145,0.0105837565,1.0005364,2,174,0.0054561575,0.9568565,2,200
12,0.0,0.97561824,2,20,0.0040785125,1.0379143,2,40,0.0,1.0014232,2,60,0.0,0.9806288,2,81,0.005052579,0.98839176,2,101,0.009887816,0.89175445,2,121,0.007614343,0.88559103,2,141,0.03924351,0.8657613,2,161,0.0063440297,0.66951436,2,200
13,0.0032150634,1.0276692,2,20,0.034383297,0.839956,2,41,0.00059313595,0.8877482,2,62,0.0,0.7632112,2,83,0.026019987,0.8321244,2,103,0.006641825,0.76708305,0,124,0.020483315,0.84325486,0,144,0.008728884,0.76850134,0,164,0.01793476,0.5683489,2,200
14,0.004659972,1.0005466,2,21,0.0033665388,0.949416,2,41,0.008434372,0.90433997,2,61,0.018006172,0.92708606,2,81,0.07898067,0.7514876,2,101,0.04433145,0.92965853,2,121,0.0137205,0.90657294,2,141,0.0,0.5532522,0,161,0.0035661769,0.3888206,1,200
15,0.0002548677,0.9747095,2,20,0.036902815,0.9572729,2,40,0.0036947841,1.0127245,2,67,0.014880778,0.9670415,2,87,0.019430252,1.0408484,2,108,0.0035981177,1.0142695,2,135
16,0.011649211,1.0296205,2,24,0.014236046,1.0120975,2,44,0.0075585535,1.0173857,2,64,0.0018947346,0.969845,2,84,0.007492311,1.0238471,2,105,0.014919415,0.99539405,2,125,0.0005210115,0.9785035,2,151,0.0,0.97858906,3,171,0.022182837,0.8826094,2,200
17,0.004203879,1.0208179,2,34
18,0.005302969,0.9817605,2,37,0.03571911,0.97537196,2,57,0.0,1.0083239,2,80,0.0,0.96229106,2,103,0.0018659564,1.0041506,2,124,0.0063090706,1.0713347,2,144,0.005282304,0.9784633,2,169,0.004419221,0.98034084,2,200
19,0.0086350525,0.98203903,2,34
20,0.0020131934,0.99197274,2,20,0.0,0.951529,2,40,0.002230213,0.92659116,2,73
21,0.0040420704,1.0008849,2,24,0.023535393,0.96778023,2,45,0.0055656265,1.0494865,2,68,0.0028375026,0.9522443,2,88,0.019070843,0.95565987,0,109,0.0,1.0164777,2,129,0.0023209858,1.0482944,0,149,0.0,1.0550048,2,169,0.0,1.0175436,2,200
22,0.0070973807,1.0615193,2,20,0.008980848,1.0600741,2,46,0.0008996329,1.0858749,2,70,0.00063645333,1.0173724,2,91,0.0,0.9628773,2,111,0.021739272,0.96300733,2,136,0.0,0.91927123,2,160,0.0,0.9276373,2,180,0.015737776,0.8712126,2,200
23,0.016357858,0.99444103,2,32,0.0045908266,1.0375589,2,53,0.0,0.97766936,2,73,0.0047970405,0.95455456,2,93,0.0025715972,0.8374473,0,113,0.0014837146,0.7231612,2,133,0.0,0.77680534,2,154,0.022733351,0.8722739,2,178,0.0051236493,0.90994245,2,200
24,0.007947529,0.97064114,2,24,0.0044522313,0.96349424,2,50,0.0028992742,0.92144495,2,74,0.037007354,0.94657075,2,99,0.07239206,0.8465456,0,119,0.01830248,0.9659578,3,139,0.018134734,0.8371775,2,162,0.009713892,0.896529,2,200
25,0.002736357,1.0503279,2,21,0.012565431,1.0357289,2,46,0.031349353,0.97005635,2,67,0.00073387293,0.98275584,2,87,0.010374052,0.9601165,2,108,0.01889685,0.9729257,2,130,0.03910148,0.9014975,2,150,0.010102938,0.9917754,2,171,0.008602448,0.96660674,2,200
26,0.0032769903,0.9970252,2,20,0.0,0.9566267,2,42,0.012233201,0.95655787,2,62,0.016003583,0.89269525,2,85,0.006267424,0.7587066,2,106,0.0,0.809107,2,126,0.020937946,0.94684,2,146,0.0,0.8348414,2,172,0.0,0.7878073,0,200
27,0.00636326,0.9693272,2,21,0.002750185,0.98024446,2,41,0.012947581,1.0502226,2,63,0.00055087777,1.0177912,2,84,0.01214942,1.0545888,2,119
28,0.0,0.9573878,2,20,0.007244314,0.93053323,2,42,0.010650771,0.9165801,2,63,0.00053420244,0.92475355,2,86,0.016807083,1.0353299,2,107,0.013099043,1.0057278,2,127,0.011406593,1.0313504,2,147,0.020508688,1.0434582,2,167,0.013992863,0.9436865,2,200
29,0.015305062,1.0293238,2,20,0.017165352,1.0236508,2,40,0.0,1.0191578,2,60,0.0010405378,1.0045961,2,97,0.0073497607,1.0417984,2,117,0.0293115,1.0326637,2,139,0.030855501,0.9910637,2,159,0.0116501795,1.039882,2,200
30,0.008582636,0.951306,2,25,0.0,0.99975497,2,60,0.028308239,0.9477525,2,80,0.0,0.9127387,2,100,0.0,0.88315046,0,120,0.0,0.8433221,2,140,0.0,0.5789076,0,160,0.0,0.57527345,1,180,0.026044238,0.8202885,2,200
31,0.0,1.0675175,2,20,0.012013614,0.97859585,2,41,0.018239804,0.9578119,2,67,0.03080264,0.95337325,2,88,0.0,0.91005987,2,109,0.01016923,0.80747974,2,129,0.109503396,0.7627301,2,150,0.0017602084,0.79650235,2,171,0.026378755,0.7887432,2,200
32,0.009395686,0.9951642,2,21,0.0003159552,1.0024353,2,46,0.006663479,0.99273276,2,68,0.004088079,1.0573442,2,88,0.0,1.0560358,2,108,0.009674263,1.0306602,2,137,0.004889059,1.0481828,2,158,0.009060202,1.0021205,2,178,0.0029353471,0.9898939,2,200
