0,0.012048211,0.9797243,2,26,0.021375317,0.9216795,2,46,0.011542029,0.8581518,2,68,0.0,0.5456022,1,91,0.0,0.3928382,2,112,0.0,0.42848808,0,132,0.0,0.49872103,1,152,0.0,0.53969705,1,178,0.009291538,0.61635,1,200
1,0.016426152,1.0093819,2,22,0.0,1.0414714,2,50,0.012322644,0.98291206,2,70,0.0007206427,1.0055677,2,94,0.015469651,0.94962704,2,115,0.027973842,0.89310133,2,135,0.0106839,0.9599987,2,155,0.0,0.8482324,2,175,0.0061072297,0.7807585,0,200
2,0.010054522,1.0446984,2,20,0.018622212,1.0082542,2,40,0.025205733,0.95357877,2,63,0.01593271,0.9867325,2,85,0.08482025,0.9268321,2,105,0.033386946,0.98715544,2,125,0.010521404,0.9831973,2,147,0.0,0.92901504,0,167,0.006549208,0.9704334,2,200
3,0.03356183,0.9036516,2,22,0.013380729,0.97848445,2,42,0.034559723,0.9385235,2,62,0.022531854,0.8885007,2,82,0.0,0.8463519,2,102,0.0,0.59625775,2,123,0.0,0.83316594,2,143,0.0,0.6043144,2,164,0.0,0.6336522,2,200
4,0.0014048209,1.0357275,2,31
5,0.027082618,0.91292906,2,20,0.0,0.9644248,2,40,0.024347624,0.86862504,0,60,0.0031449809,0.7802584,2,80,0.0,1.0026438,2,101,0.0,0.7665712,2,121,0.0,0.91290647,2,141,0.0026584286,0.6305811,2,162
6,0.0,0.9997079,2,20,0.031674415,0.87969667,2,40,0.010491295,0.9174826,2,62,0.006782111,1.0435209,2,87,0.0008858666,0.93320566,2,109,0.01623035,0.94196874,2,129,0.0,0.9546113,2,150,0.041390978,0.9425033,2,170,0.01015259,0.937094,2,200
7,0.0031672588,1.0160925,2,21,0.0,1.0182335,3,42,0.0027782377,1.1079619,2,63,0.022184383,0.9237376,2,86,0.0030910627,0.98312825,2,106,0.018043643,1.0840166,2,127,0.0057541556,1.0441701,2,154,0.037989844,0.9030766,2,176,0.020240461,0.9182008,3,200
8,0.0063432157,0.9964277,2,30,0.0,1.1197777,2,50,0.01859371,1.0159838,2,70,0.0,1.0499471,2,106,0.0,0.94417083,2,127,0.0,0.87803113,2,149,0.0,0.7483917,2,169,0.0,0.61940044,1,200
9,0.002066394,0.9315885,2,21,0.031734694,0.9731183,0,44,0.012068675,0.92813545,0,65,0.01548483,0.98478496,2,85,0.0073644063,1.0015309,2,105,0.004288637,1.0250814,2,126,0.035736836,1.0047238,2,146,0.0068439795,0.9218473,2,168,0.015558456,0.94473505,2,200
10,0.0049320804,1.0169156,2,20,0.0,0.97049534,2,41,0.062648036,0.95739365,2,61,0.021873875,0.94642746,2,82,0.0008534107,0.9697734,2,103,0.017346788,0.94440687,2,123,0.0,0.96565324,2,143,0.032361563,0.9180562,0,164,0.0,0.97606957,2,200
11,0.022549454,0.89174527,2,21,0.0,0.92063653,2,43,0.0,1.043441,2,63,0.0,1.0422537,2,84,0.0,0.8385672,2,105,0.0,0.7291768,2,126,0.0,0.78080744,0,146,0.0027305377,0.7969584,2,166,0.019004222,0.82869077,2,200
12,0.0019233023,1.0273927,2,31,0.008820648,1.008476,2,51,0.0,0.9727625,2,77,0.0009338378,1.030858,2,101,0.0,0.991052,2,121,0.0076152,1.083715,2,145,0.0,0.97965914,2,166,0.00095601514,0.9891242,2,200
13,0.01252574,1.019695,2,20,0.004203248,0.9800273,2,40,0.0,0.9382868,2,60,0.024899071,0.9962008,2,83,0.024166083,0.98916745,2,105,0.003623333,0.9462234,2,126,0.010917208,0.93066293,2,150,0.0,0.9880626,2,171,0.036070783,0.80575204,2,200
14,0.0,0.992009,2,20,0.024798673,1.0394356,2,43,0.01964714,0.96822137,2,63,0.017510058,0.9725781,2,86,0.009833031,0.979482,2,106,0.0020729857,0.91893286,2,127,0.03289502,0.9867188,2,147,0.01489828,0.87698346,2,167,0.01431185,0.9262309,2,200
15,0.0041215774,1.0076385,2,22,0.021581039,1.0219452,2,45,0.027106922,0.93039435,2,67,0.02503688,0.9498328,2,87,0.010676658,1.017454,2,113,0.0031148333,1.0246568,2,140,0.0055418364,0.99629927,2,164,0.0,0.88756824,2,200
16,0.0027988162,1.0662353,2,20,0.0031989831,1.000463,2,44,0.04347749,1.0092456,2,70,0.0,1.096042,2,90,0.012253286,1.0516196,2,110,0.009064962,0.8846839,2,136,0.021496642,0.8848163,2,156,0.044992626,0.94437695,2,176,0.0037697759,0.7774267,0,200
17,0.0074933753,1.0190855,2,20,0.02101729,0.8636559,0,40,0.0,0.81382495,2,61,0.030728322,0.7742119,2,81,0.00035546458,0.77794707,2,101,0.0,0.9399869,3,121,0.0,0.7831059,3,141,0.0,0.81079566,1,161,0.024171494,0.66205853,2,200
18,0.009366827,1.0461255,2,25,0.01110901,0.9972403,2,50,0.0076873377,1.0095363,2,70,3.6734023e-06,0.9824411,2,91,0.008712581,1.0166194,2,111,0.0057513267,1.0149319,2,131,0.0015473948,1.0518498,2,153,0.008313854,1.0741043,2,173,0.0173323,1.0481895,2,200
19,0.00622326,1.0392338,2,20,0.021355193,0.92998636,2,40,0.006111054,0.92563444,2,69,0.016451305,0.9553816,2,93,0.0036653443,0.93505865,2,115,0.008944795,0.951729,2,135,0.016209876,1.0305142,2,156,0.008567969,1.0656888,2,177,0.009797191,1.0482174,2,200
20,0.003199208,1.023074,2,21,0.0039860024,0.94573915,2,43,0.0,1.0497212,3,64,0.01213383,0.9839992,2,90,0.007383981,1.0186195,2,113,0.015414045,1.0458097,2,134,0.008603206,1.0083878,2,160,0.0017178096,1.1376522,2,180,0.0,1.0943912,2,200
21,0.013142878,0.9725046,2,22,0.0,1.0523443,2,51,0.00996636,0.90129375,2,79,0.022475254,0.9249827,2,99,0.0073888255,0.91187733,0,119,0.0,1.0230776,3,140,0.005628516,0.99692214,2,160,0.008106664,1.0440735,2,200
22,0.0025874742,1.0051641,2,21,0.021062717,0.9741235,2,41,0.0017021314,0.9739887,2,61,0.0013078388,0.91785765,2,81,0.019116923,1.0070741,0,101,0.022333875,1.1385428,3,121,0.0,1.0523255,2,142,0.004021572,1.0730402,2,163,0.03182803,0.89717877,2,200
23,0.013052599,1.0370585,2,24,0.0,1.0988348,2,51,0.0028124403,1.0175924,2,77,0.0029213056,1.0639914,2,102,0.005903624,1.1005555,2,122,0.01019482,1.0566819,2,143,0.012705771,1.0401027,2,164,0.00041552272,1.0207727,2,200
24,0.0031699268,1.0477831,2,27,0.0025646645,1.038064,2,48,0.014489492,1.0177165,2,68,0.012438309,1.025378,2,88,0.010475161,0.995616,2,109,0.0,1.0108644,0,130,0.012956434,1.0231818,2,152,0.0,1.0739524,2,175,0.0,1.0763563,2,200
25,0.0026674783,0.97090894,2,25,0.011503754,1.0022018,2,45,0.00023366585,0.885318,2,65,0.013082141,0.992025,2,87,0.026086375,0.9348947,2,108,0.0,1.0312015,2,128,0.070010625,0.9363965,2,148,0.013971737,0.9317428,2,180,0.005005525,1.0443909,2,200
26,0.008175306,0.9984753,2,21,0.0027510528,0.9753688,2,41,0.017502528,0.97199786,2,61,0.0038429075,0.9889121,2,81,0.041349884,0.9626727,2,113
27,0.024544697,0.91002244,2,20,0.001176997,0.92068166,2,47,0.015735114,0.95554125,2,69,0.0059201866,1.0101824,2,90,0.0032521326,0.99295664,2,111,0.0,0.952025,2,132,0.0,1.0075816,0,152,0.0,0.9545954,2,175,0.034100477,0.8988715,2,200
28,0.0060987994,1.0146787,2,20,0.0010055965,1.0661719,2,42,0.0030500747,1.0340763,2,66,0.0,1.0947859,2,86,0.014124634,1.1176602,2,106,0.00038312757,1.0887097,2,128,0.007417254,1.1147277,0,148,0.017244775,1.102658,2,168,0.021775512,0.9282899,2,200
29,0.004646626,0.9788178,2,20,0.0,0.9909527,2,40,0.02402906,1.0605501,2,61,0.00090221607,0.99977326,2,88,0.012784314,1.0429584,2,108,0.00082216074,1.118005,2,129,0.0061676116,1.0140384,2,149,0.013085956,1.0242414,2,169,0.004868386,0.9991756,2,200
30,0.005170825,1.0005705,2,20,0.0074987314,0.99751854,0,40,0.0,0.8684518,2,60,0.0,0.51181066,2,81,0.039663132,0.7719065,2,101,0.019328628,0.97120446,0,121,0.047685646,0.8421343,0,141,0.02371012,0.76719946,2,161,0.047940042,0.6398749,0,200
31,0.0015117623,0.99379814,2,20,0.009573901,0.9639395,2,40,0.020248925,1.0146201,2,60,0.0,1.0070167,3,83,0.032676976,0.9806329,2,103,0.014938401,0.9443077,2,123,0.007745935,0.9436056,2,143,0.03863959,0.90620726,2,163,0.007667822,1.0014467,2,200
32,0.0049714516,1.0314856,2,25,0.004110688,0.90742683,2,47,0.027737569,0.9136133,2,69,0.03060804,0.95126694,2,89,0.019359926,0.96099025,2,109,0.025499243,1.020595,2,129,0.0049539628,1.013333,2,156,0.015013528,0.92837954,2,176,0.011659649,0.8741372,2,200
33,0.014310397,0.98250896,2,20,0.0,1.0426804,2,40,0.0,1.0311289,2,60,0.0,0.968458,2,80,0.0,0.95930636,2,100,0.004871284,0.9226941,2,121,0.0,0.9931787,2,141,0.0,0.84102345,2,161,0.019283433,0.83214235,2,200
