0,0.0065354584,1.0423118,2,23,0.0,0.9798217,2,54,0.0054694917,0.9809248,2,78,0.011369727,0.8995514,2,99,0.011356013,0.86352414,2,119,0.0,1.0802335,0,139,0.00667259,1.007148,2,160,0.005069764,0.9924755,2,180,0.0,1.0716465,2,200
1,0.0030124453,1.0221045,2,20,0.007970492,0.9558011,2,41,0.014927164,0.97839546,2,61,0.0005901408,1.0398387,2,81,0.005096567,1.0483319,2,101,0.012629342,0.9638098,2,121,0.0064435103,0.9897401,2,141,0.005115987,0.9995232,2,163,0.0055272207,0.98508227,2,200
2,0.002484682,1.0560892,2,26,0.009237477,1.0004923,2,46,0.032578975,0.9656358,2,66,0.0118465535,0.93246317,2,87,0.056410898,0.94007206,2,107,0.0031880382,0.85262907,2,127,0.0,0.961702,2,148,0.0,0.89289224,2,168,0.073622555,0.764953,2,200
3,0.021953953,0.9188882,2,20,0.0041554403,0.9785736,2,42,0.0,1.0040399,2,62,0.0,0.9372856,2,84,0.0014228787,0.9235419,2,104,0.0019364184,1.1283255,2,125,0.0,1.0059478,2,146,0.0063026035,0.86339873,2,166,0.013404261,0.8065861,2,200
4,0.0,0.98200244,2,20,0.0076556006,0.99848837,2,41,0.014005987,0.9548797,2,67,0.007670126,0.9471214,2,88,0.055606466,0.97610456,2,108,0.03636344,0.90340334,0,129,0.043641962,0.9271247,2,150,0.0026333039,0.9252356,2,170,0.0307182,0.88748586,2,200
5,0.02210902,0.98561823,2,20,0.011099158,0.8989994,2,40,0.006236981,0.8835982,2,61,0.0,0.8713865,2,81,0.0019637158,0.7470263,2,102,0.0014637595,0.6942362,0,122,0.0,0.71273893,1,142,0.0026281744,0.73216593,0,163,0.015159872,0.79111385,2,200
6,0.011532561,0.9501063,2,21,0.00023694997,0.984687,2,41,0.021556724,0.96424663,2,61,0.008271059,0.96360457,2,81,0.006270775,1.0614495,2,106,0.0,1.0017998,2,129,0.003831452,1.0337605,2,151,0.030663913,0.9312231,2,171,0.00010313376,1.0313714,2,200
7,0.009842679,1.0244435,2,30,0.004427541,0.97572356,2,51,0.0,0.9949722,2,75,0.0012198153,0.97607005,2,98,0.019212026,0.9869959,2,118,0.004820968,1.01531,2,138,0.0,0.99951917,2,159,0.025488093,1.0173538,3,179,0.022381881,0.88388026,2,200
8,0.0,1.0097053,2,20,0.02414282,0.9377952,2,42,0.0,1.0108553,2,62,0.0009860788,1.0527582,2,82,0.0039939457,1.0076529,2,117
9,0.016366096,1.021744,2,27
10,0.005568563,0.9654045,3,20,0.008882622,1.000642,2,52,0.015260933,0.99138725,2,78,0.03273701,1.0539603,2,98,0.00062415947,0.9561001,2,118,0.011605141,0.912439,0,138,0.015235898,0.92835754,2,159,0.0069758985,0.8794431,3,200
11,0.004949794,1.0238053,2,28,0.009764455,1.0625703,2,48,0.0,1.0435855,2,68,0.0,0.9910839,2,90,0.0,1.0986447,0,110,0.010060551,0.94855607,2,133,0.025685672,0.9462384,2,153,0.03095749,0.8669939,2,173,0.042206645,0.7078779,2,200
12,0.0077641765,0.97595775,2,21,0.003813245,0.9822942,2,41,0.0018005591,1.0129061,2,61,0.00092436746,0.94786954,2,87,0.011652189,0.8948057,2,107,0.038133755,0.90582544,2,127,0.02418092,0.6870682,2,154,0.009209973,0.522957,2,185
13,0.0,1.0071503,2,21,0.041991677,0.96079093,2,42,0.044891186,0.9484596,2,62,0.0116787525,0.9651413,2,85,0.018172449,0.8854429,2,107,0.009461313,0.8998092,2,131,0.015255849,0.93228936,2,154,0.009499932,0.9239372,2,174,0.0064970287,0.97152174,2,200
14,0.0,1.0174093,2,20,0.0039950903,0.9940493,2,42,0.0017326638,1.0182364,2,62,0.004980432,1.0340463,2,86,0.036023762,0.9806883,2,106,0.0,1.0224067,2,127,0.01838672,1.0443926,2,148,0.0025078054,1.0079104,2,169,0.009347049,0.9649575,2,200
15,0.01574265,0.9212651,2,21,0.0071414714,1.0566316,2,50,0.011711241,1.01673,2,70,0.0049587325,0.95703584,2,93,0.034491435,0.9952571,2,124,0.030423423,1.0296692,2,147,0.018220766,1.0533181,2,175,0.0049221413,1.0963042,2,200
16,0.0070587457,1.0053604,2,20,0.012767409,0.88398975,2,46,0.06327023,0.92200965,0,66,0.0,0.89718646,2,87,0.0,0.9201702,0,107,0.0,0.8284313,2,127,0.0,0.9677752,2,147,0.0,0.8954495,2,167,0.0,0.9588728,2,200
17,0.0053871446,0.9595809,2,21,0.010392144,1.0328118,2,53,0.0021815416,1.0104017,2,74,0.0031356812,0.91024405,2,96,0.0016489383,0.95986825,2,116,0.021845307,0.96904945,2,136,0.019799711,0.92724454,2,159,0.047814816,0.96227753,2,179,0.004581491,1.0197643,3,200
18,0.026368553,0.9867419,2,20,0.0,1.0284839,2,43,0.011845957,1.061035,2,70,0.0022353115,1.0603367,2,91,0.017927224,0.9564233,2,111,0.011019223,0.9907833,2,133,0.0,0.98569053,2,154,0.0,0.8729736,0,174,0.0069825873,0.854498,0,200
19,0.015390737,1.0022777,2,20,0.0038038332,1.0512297,2,40,0.01930193,0.9701517,2,60,0.012402532,0.9725269,2,80,0.0067053223,1.0022631,2,105,0.015757373,1.0395612,2,126,0.0,0.943051,2,146,0.0,1.0174724,2,166,0.007664272,0.95613444,2,200
20,0.0076951366,0.9863152,2,26,0.0,0.980759,2,47,0.013375429,0.9945629,2,67,0.013048031,1.024837,2,89,0.019214366,0.9761531,2,110,0.0023491215,0.9790081,2,130,0.016131716,1.0124352,2,151,0.0016285762,0.9696968,2,171,0.016333904,1.0079476,2,200
21,0.0038073794,0.92646086,2,20,0.0045584016,0.99879646,2,41,0.000551115,0.9779224,2,63,0.0,0.9094106,2,83,0.005556603,0.8472354,3,103,0.011218122,0.98124623,2,129,0.0,1.0218502,2,149,0.014328437,0.97852457,2,169,0.015065234,0.9511031,0,200
22,0.0,0.95100677,2,25,0.021321334,0.9825547,2,46,0.034933012,1.057865,2,66,0.0,1.0732299,2,94,0.0,0.9673902,2,115,0.019380858,0.92913544,2,135,0.0,0.9924414,2,157,0.0012404559,1.0108159,2,177,0.012151192,1.0142033,2,200
23,0.00016304218,0.99389,2,20,0.026037432,1.0350305,2,47,0.012571951,1.0489223,2,67,0.0,1.0449128,2,87,0.0038073964,1.0527395,2,118,0.017862095,0.90976155,2,138,0.0137669025,0.88498956,2,158,0.04933986,0.8673722,2,179,0.0574791,0.89998853,2,200
24,0.013675898,0.95964336,2,20,0.012115858,1.0050098,2,48,0.0,0.98968506,2,68,0.022199713,0.9656185,2,90,0.0,0.9872707,2,110,0.056186676,1.013947,2,130,0.048685618,0.94416845,2,164
25,0.0,0.85153645,2,20,0.054203562,0.9021307,2,40,0.009223403,0.6427545,0,60,0.019198513,0.79378635,2,80,0.0,0.4013996,0,100,0.0,0.4424965,0,122,0.0,0.462956,0,143,0.029264446,0.6847739,2,164,0.013519094,0.6039962,2,200
26,0.005926152,1.0039335,2,20,0.005001008,1.0633796,2,42,0.005493576,1.0067198,2,63,0.025907397,1.0180418,2,88,0.016234823,0.9842218,2,116,0.0092925625,0.95068425,2,137,0.0100365095,1.0463945,2,163,9.689279e-07,1.0373727,2,200
27,0.001719458,1.0071378,2,20,0.015700184,0.951743,2,40,0.006891355,0.95765746,2,60,0.021686986,0.9172761,2,80,0.013448551,0.9856106,2,100,0.0,0.98314047,0,120,0.005053013,0.9521913,2,141,0.010551369,0.88411367,2,161,0.0012121984,0.7677617,2,200
28,0.0,0.98772156,2,20,0.018127099,0.9480022,2,41,0.032410555,0.94934475,2,61,0.0074376166,0.89232934,0,81,0.03358343,0.8526887,2,103,0.0,0.8247752,2,124,0.0,0.68862486,2,144,0.010493781,0.5495584,1,177
29,0.0013267747,1.0126473,2,23,0.0058777216,1.0232176,2,50,0.0,1.080359,2,71,0.017853618,0.9813185,2,91,0.006820493,1.0035487,2,114,0.0027514468,1.0975605,2,134,0.018184137,0.9576557,2,154,0.005190759,1.0367658,2,174,0.002990894,1.0372415,2,200
30,7.864321e-05,0.997397,2,24,0.026478613,1.0068262,2,44,0.006044207,0.9945509,2,73,0.0010464358,1.012148,2,95,0.0,0.91844493,2,115,0.0,1.063031,3,135,0.050580867,0.9697491,2,156,0.011695502,0.8834889,2,177,0.08042277,0.85298914,2,200
31,0.0002893669,1.0123153,2,21,0.0,0.9838916,2,41,0.0,1.0259252,2,62,0.018594885,0.9959343,2,86,0.0011857033,0.9973053,2,106,0.033995535,0.93979317,0,127,0.01648753,0.9018466,0,147,0.015140551,0.95828545,2,167,0.044061158,0.8223375,2,200
32,0.001084093,0.99090415,2,21,0.014213028,0.9512226,2,44,0.0,1.0396762,2,64,0.0022009842,0.98497915,2,88,0.0012743715,1.04676,2,109,0.0015915747,0.9658926,2,130,0.011363439,0.9724696,2,151,0.005767855,1.0029186,2,173,0.0028149534,0.9393575,2,200
33,0.0030860829,1.0455916,2,20,0.003063929,0.9607621,2,42,0.0075160856,0.9648394,2,64,0.02264614,0.9926161,2,85,0.017396858,0.87963265,2,105,0.019044101,0.9862828,2,125,0.011687107,0.99430907,2,145,0.0146814855,0.92402,2,165,0.008736218,1.0280763,2,200
34,0.00029232647,1.0423661,2,21,0.014119788,0.9955105,2,48,0.00043071833,1.0299761,2,70,0.0010458012,1.0046207,2,105,0.015429465,0.95677996,2,125,0.0014225997,1.0052295,2,150
35,0.0,1.0116546,2,23,0.0406598,0.95827514,2,49,0.0,0.8984677,2,69,0.0049962215,0.94562703,2,89,0.0,1.0812298,2,111,0.019291298,0.9979656,2,136,0.024003759,1.0014837,2,157,0.044187605,0.9054831,2,177,0.010703818,1.0071228,2,200
36,0.0073649143,1.0272831,2,24,0.004966505,1.0044762,2,44,0.0,0.9840115,2,64,0.0,1.0236051,2,85,0.0065221414,0.98682857,2,107,0.009368604,0.95278656,2,127,0.005311066,1.0260113,2,151,0.027815387,0.9223544,2,172,0.026096765,0.94474536,0,200
37,0.016907373,0.97563255,2,20,0.01698682,0.99284536,2,40,0.0027454537,0.998841,2,61,0.0147791505,1.0129997,2,84,0.0006174711,1.0113454,2,104,0.005932602,1.0029309,2,124,4.5009518e-05,1.085841,2,144,0.016051937,1.019979,2,166,0.0029018898,1.0224565,2,200
