0,0.019109553,0.99736536,2,23,0.007075917,1.0160407,2,43,0.00037977364,0.99619776,2,64,0.0,0.88243294,2,84,0.0040973327,0.64258635,2,104,0.0,0.6668048,2,124,0.0029247697,0.5695352,1,144,0.0,0.6972863,2,165,0.0,0.7568428,2,200
1,0.00939402,1.0436054,2,23,0.008978821,1.0051802,2,50,0.0,1.0040967,2,71,0.0,0.9654049,2,93,0.0,0.9123203,2,113,0.019341704,0.96772474,2,135,0.0024831635,0.8959782,2,161,0.027866947,0.80516267,2,200
2,0.010599122,1.0255696,2,26,0.01541736,1.0197113,2,46,0.0014245851,0.9931008,2,66,0.0015941635,0.95354384,2,88,0.014225732,0.94537365,2,108,0.020154223,0.97837734,2,132,0.010845484,0.99405473,2,155,0.029208865,0.9518257,2,178,0.0,0.9431724,2,200
3,0.0023476065,0.9976422,2,20,0.0,0.9466502,2,44,0.0047144825,0.90061074,2,64,0.000278371,0.9550654,2,84,0.027470572,0.9897642,2,108,0.00093256746,1.0056505,2,128,0.047947012,0.9507388,2,148,0.04480351,0.9113224,2,168,0.012886789,0.90031314,2,200
4,0.0023343663,0.95737535,2,31,0.015793543,0.9749522,2,51,0.0073626237,0.8784729,2,86
5,0.0,0.89911735,2,20,0.0,0.9801851,0,41,0.0,0.90372115,3,62,0.00084809435,1.0016601,2,87,0.010040168,1.0125774,2,112
6,0.003594728,0.95713705,2,28,0.015974205,1.0071375,2,48,0.0007217992,0.95589817,2,68,0.0,1.0072087,2,88,0.0013421886,1.0692879,2,108,0.016470483,1.1092044,2,130,0.0,1.0589781,0,150,0.0,0.97573274,2,175,0.06721133,0.86622316,2,200
7,0.004138842,0.98910683,2,20,0.001043063,1.038728,3,40,0.003804032,1.0421183,2,61,0.007407439,0.96563274,2,81,0.03589306,0.96407044,2,101,0.0,0.9927633,2,123,0.014533316,0.965217,2,143,0.006568366,0.9104102,2,163,0.007999663,0.90836465,2,200
8,0.0039226236,1.0025959,2,25,0.01320534,0.9606697,2,45,0.030305183,0.9249824,2,68,0.0,0.980223,2,88,0.007908382,0.8810454,2,110,0.008370939,0.91204387,2,130,0.0050789625,0.9323076,2,150,0.045057733,0.86137533,2,170,0.0043691266,0.9105443,2,200
9,0.003914984,0.96995074,2,25,0.009985149,0.8675219,2,45,0.0,0.84240836,2,65,0.0,0.7524196,2,86,0.006261668,0.9588067,2,106,0.00014225731,0.97229403,2,127,0.04480924,0.91947806,2,147,0.030918801,0.9261196,2,167,0.018336935,0.9511633,2,200
10,0.0,0.986556,2,21,0.008677815,1.004945,2,51,0.0,1.0139822,2,81,0.0,0.9539332,2,102,0.0,0.9112708,2,123,0.03538719,1.0222725,2,152,0.0005498111,1.0736667,2,172,0.0,1.0017146,2,200
11,0.002888997,0.9791089,2,21,0.0040953574,1.0044966,2,50,0.027236292,0.97512805,2,70,0.004209734,0.9862638,2,92,0.007307589,0.9243519,2,112,0.01671787,0.9535534,2,132,0.017025389,0.9551159,2,153,0.0189174,0.9101714,2,173,0.013227927,0.85522074,2,200
12,0.0014016443,1.0083652,2,22,0.0,0.9898869,2,42,0.007969603,0.9814263,2,64,0.004145617,1.0715997,2,85,0.00553343,1.0702114,2,107,0.0,1.0487337,2,127,0.0023063344,1.0462403,2,149,0.0014332237,0.90713865,2,170,0.0033755826,1.0314621,2,200
13,0.02132079,0.9768214,2,20,0.0037307602,1.0364674,2,46,0.017644567,1.0668306,2,73,0.007851409,0.95451427,2,99,0.032826483,0.9834319,2,122,0.0,1.0218469,2,146,0.004126714,1.0191537,2,175,0.0029676037,1.0735118,2,200
14,0.0014166445,1.0577234,2,20,0.0026033914,0.9504093,2,42,0.021361465,0.97315866,2,62,0.0100788195,0.9399106,2,82,0.024599208,0.96115535,2,106,0.019172594,0.9064293,2,126,0.020311564,0.85643303,2,146,0.034139555,0.85452557,2,166,0.022394905,0.8646178,2,200
15,0.001625577,0.9553674,2,20,0.0049920212,1.0339419,2,46,0.0033434667,0.9637353,2,70,0.012124536,0.9691841,2,92,0.0047553508,0.98809737,2,112,0.0,0.9282417,2,132,0.017090743,0.9993997,2,160,0.0,1.0805256,2,180,0.0,0.9978714,2,200
16,0.019069238,0.9995737,2,22,0.0133823585,0.9751135,2,42,0.0,1.0724138,2,62,0.0072076814,0.99239886,2,84,0.0,0.9832229,2,108,0.001786734,0.9198081,2,137
17,0.002603959,0.9858461,2,22,0.036179446,0.95270145,2,42,0.0069455043,0.9772457,2,62,0.009913161,0.9318577,2,82,0.0,0.9108578,0,102,0.005998381,0.8505099,2,125,0.013117414,0.8887896,2,150,0.07584502,0.6155114,2,171,0.113614924,0.572869,2,200
18,0.0,1.0361261,2,20,0.0,1.0088645,2,46,0.023208968,1.0206729,2,66,0.0029236046,1.0037168,2,86,0.015678016,1.0311302,0,109,0.018996108,0.97663003,2,129,0.008752721,1.0639095,2,149,0.0,0.99389625,2,171,0.0,1.0426897,2,200
19,0.019110892,1.026773,2,20,0.0,1.0563452,2,40,0.0034793005,0.96542776,2,61,0.0013445562,0.9946623,2,81,0.00082033797,1.0317556,2,101,0.008111673,0.9994548,2,121,0.013561645,0.95351577,2,146,0.0060782833,1.0320804,2,166,0.0020159055,0.9767642,2,200
20,0.0047538904,0.9384058,2,20,0.0082354285,0.9134045,2,42,0.0045133517,0.855883,2,62,0.0,0.92126924,3,82,0.0,1.0200022,2,104,0.0,0.9974799,2,124,0.0666306,0.7889547,2,144,0.0,0.93534315,0,165,0.07570641,0.6434428,0,200
21,0.032702588,1.0016537,2,29,0.0,1.0594865,2,72
22,0.020800622,0.97232,2,22,0.025052672,1.0042201,2,44,0.012882751,0.99274045,2,64,0.0,0.98300856,2,84,0.0005888053,0.9894763,2,104,0.0017720942,0.9618213,2,125,0.0065186513,0.9523971,2,147,0.022002008,0.97708386,0,167,0.031098446,0.8907958,2,200
23,0.0134608215,0.95437783,2,24,0.03011528,0.9636056,2,45,0.023778215,0.96460545,2,66,0.0035754829,0.8623167,2,86,0.0020758659,0.88828075,2,106,0.0023307193,0.6611128,2,126,0.0,0.4107562,2,161,0.07513218,0.49784166,2,200
24,0.009313741,0.9565041,2,22,0.0018024398,1.0502241,2,56,0.010161914,1.0120664,2,76,0.024765953,1.0016092,2,96,0.0084958505,0.9392112,2,116,0.007860167,1.0204549,2,136,0.003845283,1.0075045,2,156,0.00031883558,0.9978687,2,178,0.0023264117,0.9626343,2,200
25,0.021981245,0.9724876,2,20,0.000154578,1.0470835,2,41,0.0052945423,1.0160611,2,66,0.009441634,0.9805697,2,86,0.0,0.9652637,2,108,0.012859027,0.9182596,2,128,0.0017783571,1.0258963,2,148,0.0020327237,0.9997486,2,168,0.007932215,1.0093195,2,200
26,0.0,1.0135214,2,23,0.0070832586,0.90704554,2,44,0.009861419,0.9954931,2,64,0.002638914,0.98815215,2,84,0.021763455,0.97075546,2,112,0.004393808,1.0252925,2,132,0.021599075,0.9849891,2,160,0.0047015115,0.9374672,2,200
27,0.00044618658,0.9722996,2,20,0.014710047,1.0337574,2,42,0.0043996545,1.0348136,2,62,0.0068150503,1.0195426,2,84,0.0,1.0985615,2,105,0.007976555,1.007344,2,137,0.027591271,0.85816437,2,162,0.0074366517,0.96377575,2,200
28,0.0076445877,0.977599,2,20,0.03547579,1.0118028,2,42,0.0066702487,1.0070834,2,65,0.00401535,0.9602028,2,86,0.0070044673,1.0215232,3,106,0.011171886,0.9134225,2,130,0.0,1.0388293,2,154,0.010832868,1.0541255,2,174,0.00073102716,0.9754301,3,200
29,0.002237221,1.0135945,2,22,0.0022304603,0.98688626,2,47,0.0075042546,0.95184046,2,71,0.0,1.0127655,2,91,0.018148238,0.9183471,2,112,0.006882842,1.0089498,2,134,0.011382934,0.9497511,2,154,0.031354014,0.8759308,2,176,0.0008214761,0.75448745,3,200
30,0.0015446816,0.987106,2,20,0.017220974,0.99111426,2,40,0.0,1.0380685,2,61,0.0003421232,0.99964523,2,81,0.0071217925,0.9234181,2,105,0.0014689493,1.0483081,2,125,0.0,0.95287484,2,145,0.0,1.0199372,2,165,0.0027286175,1.041498,2,200
31,0.00687066,0.93182385,2,21,0.059292644,0.98651135,0,42,0.031017683,0.9794919,2,63,0.005837485,0.95499057,0,83,0.022056343,0.93125534,2,103,0.052079845,0.9595294,0,123,0.0121982265,0.91352665,2,143,0.009558916,0.91446334,2,164,0.017397372,0.91439986,2,200
32,0.023505697,0.8880115,2,27,0.0054392167,0.95254743,2,62,0.009988482,0.95480967,2,83,0.004033723,0.9279307,2,103,0.003553558,0.9190442,2,124,0.0,0.8141969,0,144,0.016254263,0.26553497,0,173
33,0.0017868057,1.0231404,2,22,0.0041374196,1.0217899,2,44,0.019830877,0.9674912,2,67,0.0,0.9801136,2,88,0.013854894,1.0022191,2,108,0.0,1.0389026,2,128,0.005852908,1.0865346,2,148,0.0016960248,0.94084394,2,170,0.0037735745,0.99609286,2,200
