0,0.0,1.0110726,2,21,0.026579302,0.9447206,2,41,0.015856085,0.9764238,2,68,0.03385147,0.96156937,2,90,0.012874882,0.9886634,2,114,0.015969701,0.92654145,2,134,0.0008034419,1.0898533,2,154,0.01703547,0.8828227,2,174,0.020826092,0.688611,2,200
1,0.009441457,1.0344894,2,20,9.2662965e-05,1.0184447,2,40,0.00094782485,1.0075358,2,60,0.00095812476,1.0131284,2,86,0.008280994,0.92228544,2,106,0.006448861,0.81096107,2,130,0.0,0.88809633,0,150,0.0,0.9552322,2,172,0.017513836,0.9335524,2,200
2,0.018676002,0.98002243,2,20,0.0050714244,0.96034485,2,41,0.000726675,0.87910116,2,61,0.020209473,0.9815744,2,81,0.025215352,0.95499724,2,101,0.0032296062,1.0398266,2,123,0.0068428777,0.8557452,2,143,0.011801946,0.76029307,2,167,0.1325318,0.5781416,0,200
3,0.0013484256,0.98697007,2,21,0.027805934,0.9714281,2,41,0.0,0.88730276,2,61,0.011242901,0.87052834,2,82,0.005743935,0.6620491,2,102,0.027973372,0.6934808,2,122,0.00025071017,0.6759879,2,142,0.099871084,0.28402537,2,162,0.076001346,0.40756732,2,200
4,0.0045950124,0.894213,2,24,0.0,0.97829175,2,45,0.015546814,0.882407,2,69,0.0,0.76718915,2,89,0.026894078,0.68830717,2,109,0.006433627,0.9175784,2,129,0.016441707,1.006521,2,149,0.0,0.901134,3,169,0.042927682,0.8957476,2,190
5,0.0,0.9509789,2,23,0.011260504,1.0424407,2,43,0.0036166324,0.9444838,2,64,0.002445973,0.9571745,2,84,0.0006884945,0.9605765,2,105,0.005378806,1.0442582,2,126,0.006918221,0.9375495,2,146,0.009357826,0.99835986,2,168,0.0052712974,0.9371037,2,200
6,0.010790403,0.97279227,2,25,0.0,0.9642913,3,46,0.03446262,0.94966,2,66,0.025060082,0.9377574,2,86,0.01499934,1.0220748,2,116,0.0,0.9958898,2,137,0.010816896,1.0111815,2,157,0.0027932427,1.0146588,2,177,0.00024891904,1.0280142,2,200
7,0.008228087,0.9817545,2,20,0.0,1.009063,2,40,0.013514383,1.0003384,2,61,0.02016883,1.0223634,2,81,0.0,0.9114118,2,102,0.0018435121,0.9439746,3,122,0.0,1.0063791,2,142,0.0,1.1116644,0,163,0.00063380133,0.87423664,2,200
8,0.01318907,0.9587314,2,21,0.0,1.0831563,2,41,0.0022393125,0.99343973,2,68,0.0,1.0098736,2,88,0.0,1.0210103,2,108,0.0,1.1266714,0,135,0.0,0.9832905,2,155,0.0,0.7415704,0,176,0.0046381825,0.89109755,2,200
9,0.00022741203,1.045301,2,21,0.02120614,1.0080234,2,41,0.022443932,0.88279235,2,72,0.028308446,0.8397109,2,93,0.02715464,0.79841006,2,114,0.0,0.8473629,2,135,0.0,0.8060977,2,155,0.010765956,0.89875746,2,179,0.14981155,0.70519423,2,200
10,0.009647176,0.9894126,2,21,0.00059724814,1.002389,2,41,0.033004902,0.9995611,2,66,0.02895382,0.9374471,2,99,0.005477491,0.9743511,2,124,0.026519006,0.91885805,2,147,0.016631024,0.96973914,2,167,0.00946556,1.0057583,2,200
11,0.017736683,1.0150548,2,20,0.0,1.0007453,2,41,0.022509318,0.9649868,2,61,0.0009446048,0.9437192,2,85,0.0025045048,0.99699914,2,105,0.00788312,0.92137146,2,127,0.0,0.9081203,2,148,0.0,0.8424625,2,171,0.005229299,0.8362625,2,200
12,0.013855574,0.97588813,2,20,0.0,1.0514632,2,42,0.0,0.9694139,2,63,0.0020423995,0.8006227,2,85,0.018633895,0.8466753,0,105,0.0040471265,0.706144,0,125,0.04745815,0.8635001,2,145,0.036954336,0.99896395,2,165,0.03909664,0.7138115,2,200
13,0.0,0.9668802,2,25,0.011345586,0.96807325,2,48,0.0065585217,1.0531435,2,69,0.013686321,0.94889957,2,93,0.015917888,0.97916126,2,113,0.011935129,0.9673809,2,134,0.021120535,0.9010342,2,157,0.0102133285,0.92251647,2,177,0.032215264,0.9498384,2,200
14,0.00255243,1.0005981,2,20
15,0.004713985,1.0167776,2,20,0.03647828,0.8771327,2,40,0.0010062896,0.9666945,2,60,0.023085566,0.8909016,2,83,0.0064421883,0.9453595,2,103,0.007930002,0.9620037,2,125,0.023247276,0.93738306,2,145,0.033912174,0.92432165,2,165,0.004431004,0.91734,2,200
16,0.002424835,0.9858624,2,21,0.0093741715,1.0559921,2,41,0.011238196,0.97317904,2,62,0.003811967,0.93782187,2,93
17,0.005757058,1.0352409,2,20
18,0.00036191064,1.04565,2,20,0.018383414,0.9729451,2,40,0.023128456,1.0182674,2,62,0.02708221,0.98144513,2,82,0.013462166,0.9825147,2,103,0.019936966,0.83774585,2,123,0.01287386,0.864192,2,143,0.004157378,0.9423445,2,163,0.018337896,0.8877578,2,200
19,0.011581298,0.9790447,2,25,0.027012754,1.012354,2,45,0.034830235,0.89549714,2,70,0.07258624,0.7154268,2,90,0.09202266,0.7639317,2,121
20,0.003581895,1.0097667,2,21,0.018881798,0.9268047,2,41,0.0077228844,0.9480719,2,65,0.029445074,1.0068306,2,112,0.018685918,0.9811846,2,132,0.0052375966,0.96737355,3,152,0.02552882,0.6587137,0,174,0.04663616,0.4538031,2,200
21,0.002255045,1.0118946,2,23,0.0018874417,0.9133713,2,45,0.020531982,1.008039,2,65,0.0030751685,0.91040975,0,87,0.007544448,0.93873435,2,107,0.006031359,1.0003932,2,127,0.0,0.9748837,2,147,0.010951231,0.95499283,2,168,0.002910459,0.9791739,2,200
22,0.0053169634,1.061023,2,27
23,0.0,1.0231003,2,20,0.009169986,1.0119954,2,42
24,0.012833616,0.96332973,2,38,0.017266309,0.9673907,2,58,0.022038912,0.91755754,2,78,0.031784922,0.9997114,2,98,0.00031745707,0.9536535,2,119,0.00466734,1.0269412,2,139,0.015230111,1.0096387,2,166,0.0037674918,1.0060698,2,200
25,0.034803882,1.0239677,2,20,0.0032125958,0.8604247,2,40,0.0,0.8880347,2,60,0.014213845,0.8856107,2,80,0.0,0.9403308,2,100,0.0,0.95896214,2,120,0.008593837,0.984763,3,140,0.004880878,0.81494355,2,163,0.0,0.77076554,2,200
26,0.019048365,1.022996,2,24,0.0065977382,1.0067449,2,54,0.01735926,1.0437176,2,74,0.015998375,1.0764263,2,94,0.0,1.070672,2,115,0.0,1.0444763,2,135,0.007585077,1.0826151,2,167,0.0047823642,1.0423684,2,200
27,0.0,0.9465005,2,26,0.0005962664,0.92581576,2,46,0.0,1.0215316,2,66,0.007648281,0.96740586,2,91,0.013125354,0.97687876,2,111,0.016875667,0.9514809,2,133,0.0043689897,0.8859466,2,154,0.10454537,0.75866234,0,174,0.020849695,0.849592,2,200
28,0.0043362323,1.0358117,2,20,0.0,0.91117936,2,44,0.010386996,1.0108292,2,64,0.021564418,0.900613,0,84,0.0,0.8544423,2,104,0.12450554,0.7281057,2,124,0.0,0.729566,0,146,0.0,0.70142746,0,171,0.016074613,0.3410032,0,200
