0,0.0023462197,1.0002074,2,22
1,0.002449819,1.0211575,2,25,0.017085483,0.97087216,0,46,0.003066105,0.95974094,2,66,0.0022029027,0.95432866,2,86,0.0,1.0112573,2,108,0.0024313477,0.9929536,2,143,0.005711489,0.9983523,2,169,0.0006936457,0.9937835,2,200
2,0.016833192,1.0029324,2,27,0.0,1.035157,2,54,0.005242842,1.0436237,2,76,0.0017692744,1.0613143,2,107,0.0,1.1296637,3,127
3,0.0,1.0236255,2,24
4,0.0035925957,1.0181727,2,25,0.0,1.0052797,2,60,0.0,1.0261043,2,80,0.0,0.9940036,2,116,0.0,0.969407,2,154,0.0013989281,1.0019625,2,200
5,0.002100812,1.011765,2,39,0.0015300298,0.99156016,2,72,0.001349386,1.0378644,2,113,0.0,1.0240974,2,135,0.0,1.0133669,2,176,0.0007728634,0.91711885,2,200
6,0.00095697155,1.0372094,2,20,0.0054329494,0.9864248,2,40,0.011789785,1.020294,2,60,0.0040262253,1.0522567,2,98,0.0014022045,1.0311165,2,129,0.0054698787,1.0181746,2,165,0.00438781,1.0350734,2,200
7,0.0021635254,1.0205232,2,30,0.0,1.0263889,2,50,0.0,0.9767,2,73,0.0018540161,1.0324305,2,94,0.0,1.0166163,2,118,0.008977855,1.048985,2,141,0.00081095146,1.0757142,2,165,0.00233402,1.0622362,2,200
8,0.0009352157,1.0382049,2,20,0.0019747352,1.0262667,2,41,0.006627372,1.0059993,2,65,0.0032451982,0.9861506,2,95,0.00052574195,1.0331703,2,134,0.00072336773,1.0406134,2,164,0.0007836959,1.0116684,2,200
9,0.0,1.0142976,2,30,0.0068372567,1.0079252,2,57,0.0,1.0377805,0,80,0.0,1.0137658,2,107,0.0,1.0917182,2,127,0.0019897476,1.0779427,2,147,0.0,1.0763965,2,170,7.545265e-05,1.0373137,2,200
10,0.009177786,1.0326474,2,20,0.0,1.0370492,2,41,0.0,1.0244926,2,62,0.000594502,1.0049148,2,88,0.0,1.0486499,2,115,0.0,1.0145503,2,135,0.0,1.0459657,3,159,0.0022329623,1.0066407,2,200
11,0.0021525805,1.0218928,2,29,0.013155145,0.99076474,2,59,0.0013693252,1.0291452,2,80,0.0094360765,1.0141771,2,111,0.0,1.0479082,2,132,0.0009923232,1.0208764,2,160,0.0030478542,1.0373318,0,180,0.0037929222,1.0389645,2,200
12,0.0,1.0068104,2,25,0.0025765924,1.0278373,2,57,0.0,0.9860113,2,77,0.0,1.0102794,2,97,0.0,1.043039,2,117,0.0,1.0300312,2,163,0.0,1.0091131,2,200
13,0.0061950036,1.0251952,2,24,0.0011373954,1.0116903,2,44,0.0005425222,1.018054,2,71
14,0.0007341957,1.0153648,2,30,0.0056714704,1.024809,2,50,0.0022252162,1.0202014,2,73,0.009657023,0.9876993,2,104,0.00834373,0.9471914,2,124,0.0131096225,0.9426035,2,155,0.007596591,0.89479333,2,175,0.006969965,0.94155455,2,200
15,0.0010891596,1.0267937,2,33,0.0012317438,0.99198425,2,64,5.319005e-05,1.0084282,2,85,0.011976953,1.0302198,3,105,0.0028722626,1.0242016,3,125,0.004309111,0.9534831,2,148,0.012102978,0.99655014,3,169,0.01628106,0.9620555,2,200
16,0.0,1.0041579,2,20,0.0017423884,1.0290682,2,45,0.0015700661,1.06027,2,74,0.0,1.0033934,0,95,0.0020871502,1.0375576,2,115,0.0013142437,1.0623331,2,136,0.0,1.055158,2,157,0.0013120798,1.0685197,2,194
17,0.0022129468,0.9951065,2,24,0.00040867997,1.0361526,2,54,0.004088604,1.0220397,2,87,0.0052488814,0.97993344,2,110,0.002411026,1.0323281,0,130,0.0029205382,1.0151926,2,151,0.0,1.0440673,0,171,0.002898191,1.0241257,2,200
18,0.009794071,1.0273756,2,21,0.0,1.016331,2,42,0.0031901815,1.0350187,3,62,0.0098309815,1.0484444,2,82,0.007517169,1.0147228,2,102,0.0010265902,1.02127,2,122,0.00041572808,1.0518671,2,144,0.00093767047,1.0262638,2,167,0.0076157353,1.0242506,2,200
19,0.0,1.036257,2,22,0.008480495,1.0140913,2,42,0.0,1.0422881,2,62,0.0,1.070769,2,92,0.00069857907,1.0649934,2,136,0.0014428648,1.052482,2,172,0.013225481,1.0700649,2,200
20,0.00037021528,1.0337098,2,31,0.004025557,1.0179946,2,51,0.013024781,1.0409073,2,75,0.00010056673,1.0514249,2,95,0.0,1.0448552,2,116,0.0,1.028343,2,147,0.003578002,1.032742,2,167,0.010641398,1.0148501,2,200
21,0.0,1.024278,2,20,0.00069005485,0.99989766,2,41,0.0010236765,1.0149394,2,67,0.0021511724,1.037631,2,100,0.0,1.0857797,2,122,0.0010338959,1.0887288,2,142,0.0,1.0981563,0,165,0.0,1.0635751,2,200
22,0.0047908663,1.0115634,2,20,0.0066837776,0.9949935,2,50,0.010933455,1.0599734,3,70,0.006541004,1.0873444,2,91,4.225656e-05,1.1165296,2,113,0.0009539779,1.1080056,2,137,0.00048596776,1.078614,0,160,0.001325073,1.1061213,2,200
23,0.0009871754,0.94186336,2,39,0.002662265,0.9133105,2,59,0.0,0.8798553,2,79,0.0,0.9560372,2,107,0.0006720365,0.9839393,2,128,0.00480372,0.93301946,2,149,0.0037820153,0.96284455,2,173,0.0,1.0103639,2,200
24,0.0020244662,1.0212069,2,21,0.014735607,0.98476255,2,41,0.021651404,0.9629863,2,62,0.01809134,0.9214554,2,82,0.023996834,1.0000899,0,102,0.060219686,0.9362156,2,125,0.07267009,1.0207945,2,146,0.11048096,0.9772436,2,168,0.052873686,0.95779943,2,200
25,0.00246878,1.0107006,2,23,0.009106283,0.9977388,2,44,0.0012097856,0.9593529,2,68,0.003940325,0.9232054,2,88,0.002586463,0.9082049,2,108,0.00010338936,0.961707,2,131,0.0,0.98985004,2,151,0.0,1.0248789,2,171,0.0026259355,0.998801,2,200
26,0.004419303,1.0308917,2,20,0.0,1.0204815,2,69,0.0,1.0228394,2,92,0.0,1.0188029,2,112,0.003105477,0.98810756,2,132,0.0070849536,0.9228513,2,154,0.0027593786,0.88296586,2,174,0.002728591,0.8863075,2,200
27,0.0,1.0393454,2,25,0.0,1.031903,2,53,0.0016293104,1.0505574,2,73,0.014290234,0.96002126,2,110,0.05431223,0.9319113,2,132,0.011104182,0.9601373,2,158,0.05832208,0.9122363,2,179,0.08070146,0.93816066,2,200
28,0.0014423843,0.9990422,2,32,0.0018376155,0.9952161,2,60,0.009593549,0.9906061,2,93,0.0,1.0323107,2,114,0.0068044025,0.984213,2,135,0.0,0.98043126,2,155,0.0032257263,0.97487736,2,179,0.001000479,1.0420437,2,200
29,0.0072164848,0.99885315,2,21,0.0,1.0738206,2,48,0.012165555,1.0149102,2,84,0.0077917324,1.018128,2,109,0.0031383291,1.0437944,2,129,0.00022875483,1.0506092,3,150,0.0,1.0980555,0,170,0.0017554887,1.0650036,2,200
30,0.002667534,1.0317369,2,39,0.0,1.0078684,2,60,0.0025005233,0.97860587,0,80,0.004188974,1.0205293,0,106,0.0,1.0155989,2,126,0.0024252336,1.0342876,2,155,0.0027236561,1.0192419,2,175,0.0007271315,1.0100914,2,200
31,0.0018198097,1.0308027,2,21
32,0.00297059,1.0046059,2,40,0.0,1.0390437,2,60,0.0008144268,1.0357766,2,89,0.012122342,0.9911585,2,115,0.0,1.0412055,2,138,0.005950338,1.0384796,2,158,0.0,1.0943326,2,180,0.005680592,1.0582778,2,200
33,0.01206908,1.0368865,0,20,0.0037000873,1.0494455,2,42,0.0019987316,1.0558486,2,69,0.0012040365,1.0533621,2,114,0.0057251574,1.029029,2,140,0.0047667697,1.0352875,2,200
34,0.00066037243,1.0216876,2,27,0.009192344,1.0255337,2,53,0.0021730831,1.029816,2,76,0.0019166779,1.0868762,2,96,0.0066244206,1.1097059,2,117,0.0,1.112426,2,137,0.0,1.1230909,3,162,0.0,1.108526,3,200
35,0.0034799245,0.97849977,2,32,0.0,1.0194032,2,58,0.0,1.0061922,2,78,0.0,0.9974175,2,101,0.004883718,1.0277148,2,129,0.0,1.0076783,2,149,0.0036235838,1.0244082,2,169,0.0038534624,0.98774385,2,200
36,0.004121229,1.0566885,2,20,0.0,1.0121907,2,44,0.0,1.046806,2,65,0.0,1.0294276,2,90,0.0,1.0627582,2,110,0.0,0.9796296,2,136,0.0,1.040076,2,174,0.0027358532,1.0155286,2,200
