0,0.016623905,0.9678926,2,22,0.00693288,1.063917,2,42,0.0061286613,1.0726752,2,62,0.020741507,0.997594,2,83,0.0057547605,0.9909393,2,103,0.0,1.0338774,3,125,0.00551901,1.0372565,2,145,0.016066797,1.022613,0,165,0.0,1.0052044,2,200
1,0.0095043685,0.99031484,2,22,0.0010781109,1.0227841,2,45,0.021820534,0.9730455,2,65,0.022214435,0.9227581,2,87,0.005701111,0.97508645,3,109,0.007368294,0.9707787,3,130,0.02361602,0.944419,2,150,0.004775171,0.89226246,2,170,0.029672444,0.934953,2,200
2,0.0051777894,1.0408466,3,20,0.0034365612,0.989176,2,41,0.017382117,0.94352436,2,63,0.0020706374,1.0355045,2,90,0.010882732,1.000581,2,111,0.0083167115,1.0829294,2,132,0.0019779764,0.9122124,2,152,0.0,1.0125945,2,172,0.0013310789,0.9937738,2,200
3,0.0,0.99892837,2,20,0.0035959105,0.9448651,2,40,0.0,0.9405316,2,65,0.0,0.7934682,2,85,0.0,0.74994665,1,106,0.0,0.64153564,0,126,0.0,0.66862553,2,147,0.0,0.6324713,1,167,0.016938416,0.67954236,1,200
4,0.0,0.96264124,2,20,0.008557774,0.9607479,2,43,0.021078346,0.98229194,2,65,0.006843454,0.9417736,2,85,0.0,0.93969774,2,106,0.05295062,0.8546451,2,126,0.0,0.763755,2,146,0.01875855,0.86704314,2,166,0.030625336,0.86086226,2,200
5,0.0038333633,0.9324576,2,20,0.02995435,0.9967141,2,43,0.00731598,1.0156314,2,63,0.0093602855,0.99369425,2,91,0.011868767,0.9486248,2,116,0.031974867,0.92881984,2,136,0.0034609586,0.96145314,2,160,0.0,1.0182135,2,200
6,0.01411804,1.0154325,2,20,0.02801033,0.95440435,2,47,0.009954036,0.9949763,3,69,0.012908229,0.96371406,2,90,0.008153369,0.95705974,2,110,0.048177682,0.93021077,2,130,0.049681123,0.8512823,0,151,0.14248791,0.982471,2,171,0.09947103,0.915242,0,200
7,0.00074517203,0.99221534,2,22,0.010322375,0.9939508,2,45,0.041585214,0.9300497,2,65,0.0006111375,0.89740884,2,85,0.021344606,0.9482027,2,105,0.007372366,0.96056384,2,129,0.043238662,0.8677964,2,149,0.013647524,0.8717764,2,178,0.030466162,0.95273894,2,200
8,0.0,0.99044865,2,20,0.0,0.9901006,2,42,0.011821764,0.96447515,2,62,0.025705012,0.8919522,2,86,0.028781198,0.97580636,2,112,0.02030179,0.85624146,2,138,0.0,0.94996554,2,159,0.023241451,0.90381044,2,200
9,0.016273305,1.0043954,2,21,0.002955906,0.9381832,2,42,0.0,0.8707858,2,65,0.002295618,0.9097951,2,86,0.06252019,0.8351248,2,106,0.094959244,0.79754573,2,127,0.050691526,0.8281781,0,147,0.0,0.88768667,0,170,0.0,0.5630806,0,200
10,0.0018659318,1.0408262,2,20,0.004645937,1.0419288,2,40,0.0,0.9705135,2,64,0.023307186,0.9473586,2,84,0.0210034,0.99905884,2,104,0.015153055,0.9525135,2,124,0.00055610377,0.92861557,2,144,0.0,0.88616115,2,165,0.0029584153,0.81591254,2,200
11,0.0052598435,0.96982497,2,24,0.002309008,0.98855525,0,44,0.0134572005,0.987397,2,66,0.0,1.0120962,2,86,0.0023595984,0.9592358,2,106,0.0,1.0289103,2,126,0.03165787,0.86892843,2,160
12,0.004734371,1.0163809,2,20,0.007157391,0.976636,2,41,0.0029566581,0.948003,2,61,0.0,0.87709945,2,83,0.010523319,0.84441274,2,104,0.011135037,0.99006253,2,129,0.0,0.9854314,2,149,0.030081859,0.9179168,2,169,0.009574865,0.97114915,2,200
13,0.026376363,0.9739715,2,20,0.017865647,0.8992441,0,40,0.009852191,0.8536368,2,62,0.01948595,0.8748393,2,82,0.04086499,0.91281146,2,102,0.019829802,0.8442928,2,127,0.0,0.9460602,2,148,0.019082768,0.89849454,2,169,0.018230192,0.9198765,2,200
14,0.0,1.0330317,2,20,0.0,1.0222145,2,41,0.02123067,0.99176246,2,65,0.011263412,0.8921704,2,89,0.006421242,1.0310278,2,112,0.0035535381,0.9860009,2,132,0.058065925,0.9581751,2,153,0.0,0.9947823,2,173,0.0011992888,0.87212944,2,200
15,0.0,0.99100995,2,21,0.007946652,1.0592239,2,41,0.009804776,0.98516446,2,62,0.021256683,0.9608051,2,82,0.001962652,0.98155594,2,107,0.0,0.9947959,2,127,0.0,1.014577,2,147,0.0,0.9889089,2,167,0.0044631395,0.9843948,2,200
16,0.0,0.97847575,2,28,0.0,1.0337801,2,49,0.030877009,0.9370103,2,69,0.012907942,0.96611303,2,90,0.009394544,0.989655,2,110,0.040132195,0.9465384,3,131,0.0,1.0737467,0,154,0.0,0.8571202,2,174,0.053775933,0.79264677,2,200
17,0.0016956736,1.0171902,2,20,0.010524155,1.0017769,2,40,0.012060321,1.0135926,2,62,0.0011638228,1.0021036,2,82,0.006807769,1.0100743,2,102,0.0060093515,1.0094172,2,123,0.014107646,0.9613386,2,152,0.0045342436,0.9912297,2,172,0.0,0.9951791,2,200
18,0.0,1.0120347,2,20,0.00025556626,1.0076586,2,40,0.034690075,0.9985747,2,61,0.015513422,0.94730586,2,89,0.028208602,0.87026656,2,109,0.024862576,0.95177877,2,131,0.029469034,0.9488963,2,151,0.0085255,0.94497377,2,171,0.05149941,0.939624,2,200
19,0.007157395,1.004468,2,27,0.0484006,1.00099,2,47,0.012691398,1.0115861,2,70,0.013282506,1.0060266,2,91,0.03577786,0.9095786,2,111,0.0,0.8719432,2,131,0.0041488563,0.8077135,0,153,0.012415795,0.9353854,2,174,0.012617474,1.0593015,2,200
20,0.0049392623,1.0704005,2,29,0.020515626,1.0294081,2,49,0.005027621,0.9442185,2,69,0.040712103,0.9573304,2,89,0.0,0.9830745,2,110,0.0011307716,0.9690007,2,130,0.018710777,0.98438454,2,150
21,0.009771967,0.9980456,2,20,0.0,1.032725,2,40,0.0,0.96798426,2,62,0.004593349,0.98692155,3,85,0.008327156,1.0816857,2,105,0.0,0.9802448,2,135,0.018120835,1.0081301,2,159,0.011456316,1.0206192,2,200
22,0.0014173511,1.0289004,2,28,0.01632097,1.0131177,2,48,0.029137429,0.9835087,2,69,0.016776301,0.9520389,2,89,0.045829944,0.87077415,2,109,0.011582718,0.8749779,0,131,0.009618475,0.9503025,2,153,0.0,0.93706816,3,173,0.00033884944,0.8711419,2,200
23,0.011330792,0.99284214,2,22,0.020637969,1.0038693,2,43,0.03008752,0.9002677,2,63,0.02713155,0.90108377,2,86,0.01481759,0.9646913,2,106,0.03704468,0.7797398,0,128,0.009450788,0.9791981,2,148,0.006650479,0.9673621,2,168,0.0028670328,1.0159322,2,200
24,0.014347994,1.027893,2,23,0.01882168,1.0325544,2,43,0.0039080936,0.98098063,2,67,0.0,1.0087684,2,93,0.0,0.9478383,2,113,0.0,1.0200539,2,135,0.04774112,0.9041708,2,157,0.01128758,0.93573135,2,178,0.019983806,0.88641113,2,200
25,0.0,1.0205257,2,20,0.004939961,0.9479974,2,40,0.0,0.9898965,2,60,0.010316303,0.89408314,2,80,0.058468003,0.9419797,2,100,0.01253209,0.942271,0,121,0.042266387,0.94238764,3,145,0.0031663112,0.87374365,2,165,0.027369384,0.9155922,2,200
26,0.0052638617,0.95844537,2,20,0.0059610936,1.0461043,2,40,0.029885303,1.028772,2,62,0.0,0.9873666,2,83,0.01677031,1.0127456,2,108,0.03662708,1.0586176,2,130,0.007488821,1.0499605,2,151,0.06439343,0.9363593,2,171,0.0,0.9946726,2,200
27,4.187861e-05,1.085588,2,22,0.0,0.9827014,2,42,0.016691899,1.0035466,2,62,0.0074079456,1.1232632,0,82,0.008274249,1.0246103,2,102,0.00086854096,1.128432,0,123,0.0029917785,1.087962,2,145,0.0039602895,1.0320047,2,167,0.007426448,1.0045474,2,200
28,0.016836487,0.95179045,2,22,0.003250156,0.96454114,2,43,0.0019050176,0.968433,2,64,0.0008922336,0.8928516,2,85,0.009240169,0.94723326,2,107,0.01133906,0.7909697,2,133,0.0,0.75509965,2,153,0.0,0.56534976,2,173,0.0011160522,0.7730285,2,200
29,0.0,0.9904661,2,22,0.0066423183,1.0618813,2,42,0.014113145,0.97031903,2,74,0.021178583,0.9890211,2,94,0.0045821653,1.0515891,2,116,0.003535004,0.96256196,2,142,0.00735803,0.9888749,2,170,0.020406365,1.0967461,0,200
30,0.0,1.006249,2,20,0.0071642464,0.9140042,2,40,0.0006221923,0.96593374,2,61,0.009439325,0.96463996,0,81,0.001313154,0.9807093,2,110
