0,0.0067599583,1.0328077,2,25,0.045099687,0.89420855,2,45,0.0012676286,0.9382593,2,68,0.0112488475,0.9548156,2,90,0.027355313,0.9390267,2,110,0.016739206,0.9769827,2,133,0.0,1.1327591,2,153,0.013730397,0.9906537,2,173,0.035240054,0.8650755,2,200
1,0.008163413,1.0250014,2,28,0.0,1.0413722,2,50,0.007248354,1.0265732,2,71,0.013709379,1.006531,2,94,0.010576948,0.9787084,2,114,0.004848463,1.1085088,2,134,0.0,1.055062,0,154,0.003044337,1.1171614,0,174,0.0,1.0134873,2,200
2,0.016757343,1.0142148,2,20,0.013231871,0.9995355,2,42,0.01756264,0.989,2,68,0.0,1.013889,2,88,0.023818467,1.0356046,2,108,0.0,0.9847115,2,128,0.005058936,1.0268013,2,148,0.011486467,0.989378,3,168,0.004863959,1.0142424,0,200
3,0.0011311763,1.0406353,2,21,0.008457366,0.9900249,2,41,0.0021021275,0.9761296,2,63,0.0017722391,0.95638275,2,83,0.012325558,0.9481269,2,103,0.013047825,0.88936454,2,123,0.01560092,0.9691283,2,147,0.01122921,0.9970955,2,170,0.0007927541,0.9678656,2,200
4,0.011193855,0.9951577,2,20,0.017055236,0.9779151,0,40,0.015170982,0.8698051,2,62,0.0103215575,0.92336744,2,86,0.0033407577,1.000204,2,108,0.0,0.9740132,2,131,0.054668497,0.89548916,2,161,0.006559582,0.97822773,2,200
5,0.00029763608,0.9764682,2,20,0.011031394,1.0175242,2,42,0.011278322,0.96088237,2,62,0.0063920375,1.0432112,2,83,0.007932654,0.9610586,2,105,0.0,0.9071952,2,125,0.0035288841,0.92926997,2,145,0.0045564175,0.9171504,2,165,0.002609187,0.86781263,2,200
6,0.0069867014,0.9976086,2,23,0.010278152,1.0411296,2,50,0.0,0.98655766,2,70,0.0072506475,1.0251596,2,91,0.00079673744,1.0100832,2,111,0.037409335,0.86924016,2,131,0.0,1.095859,0,152,0.016129848,1.0337913,3,172,0.015972946,0.9620146,2,200
7,0.0024544587,0.9828909,2,22,0.0028095092,1.00044,2,43,0.017722687,1.0373347,3,63,0.0036606079,0.9327312,2,85,0.013986323,0.93028164,2,109,0.008590056,0.9314742,2,129,0.03662771,0.95109236,2,149,0.017958054,0.8891057,2,170,0.03360267,0.7059111,0,200
8,0.0062006703,0.9421202,2,20,0.038661648,0.8992938,2,40,0.034829672,0.85051835,2,61,0.0,0.7512353,0,81,0.02297136,0.61978996,0,103,0.00590362,0.5126928,2,126,0.0,0.79101646,3,147,0.0,0.5503902,2,167,0.0,0.53056896,1,200
9,0.010602979,0.99599284,2,20,0.00046987907,1.0104841,2,40,0.0012806165,0.96338594,2,60,0.005013913,1.0217229,2,93
10,0.00594865,0.9591384,2,20,0.0123859905,0.99211407,2,44,0.006948337,0.9627336,2,64,0.0027677298,0.9815733,2,84,0.0055832257,1.027342,2,104,0.022042532,0.91960084,2,124,0.003004341,0.99155176,2,144,0.00105281,1.0213304,2,168,0.0011986402,0.987612,2,200
11,0.0107717905,0.9698605,2,23,0.011365588,0.9814352,2,43,0.01501172,1.0381885,3,63,0.007276071,1.0826528,3,84,0.0019042499,1.0370727,2,104,0.0013463683,0.9581616,2,126,0.017752692,1.0538045,2,154,0.009934915,0.94677943,2,174,0.011069364,1.0874076,2,200
12,0.0013181013,1.021732,2,20,0.0018396458,0.9811152,2,41,0.016768284,1.0236204,2,64,0.0070457594,1.0460439,2,84,0.03486683,0.9959283,2,104,0.006837085,0.97168,2,128,0.007846802,0.95910054,2,150,0.007491566,0.9390136,2,171,0.0017465892,0.9931706,2,200
13,0.00745296,1.0144843,2,23,0.000113480804,1.0091583,2,47,0.021111712,1.0051674,2,67,0.0043124068,1.0413523,2,108,0.013793744,1.0141205,2,132,0.009365887,0.9463584,2,156,0.0050383215,0.88760567,2,176,0.012903508,0.9456926,2,200
14,0.0,0.9262381,2,21,0.025403267,0.9687,2,45,0.0,0.8099516,2,67,0.038353913,0.597002,0,87,0.0,0.5585529,1,107,0.0021416768,0.5664555,2,127,0.004812592,0.44416562,0,151,0.0,0.17564298,1,176,0.006148703,0.38391295,1,200
15,0.0,1.0128741,2,20,0.0,0.9637996,2,43,0.0,1.0995499,2,65,0.010590369,0.97556734,0,85,0.0,0.81707275,2,106,0.0,0.81085426,2,126,0.031991314,0.8755131,2,146,0.0,0.99742746,2,166,0.010747092,0.7620286,2,200
16,0.0,0.9585778,2,21,0.0066162054,0.98354423,2,47
17,0.001244293,1.0472491,2,30
18,0.008937183,1.0428876,2,22,0.0,0.9885523,2,42,0.009140884,0.9279275,2,62,0.03812835,0.97948474,2,86,0.013750346,1.0185926,2,107,0.0,0.97137564,2,127,0.0,0.65240633,0,147,0.0,0.74391085,2,168,0.033208523,0.8952352,2,200
19,0.008915632,0.9785845,2,23,0.005789131,0.8949766,2,49,0.014693412,0.83848107,2,69,0.0,0.8833755,2,89,0.0,0.88937104,2,112,0.042039,0.8710019,2,132,0.008799053,0.82137287,2,153,0.010104395,0.80964255,0,175,0.109537676,0.71578807,2,200
20,0.0,0.9857933,2,23,0.0076523414,1.0190623,2,44,0.015625868,0.97298986,2,64,0.023631498,1.0624781,2,85,0.008242737,1.085563,2,105,0.0,1.0635211,2,125,0.0,1.0239408,2,145,0.011703287,0.80454427,2,165,0.001772107,0.9711405,2,200
21,0.0,1.0433301,2,21
22,9.107776e-05,1.0572622,2,20,0.008622266,1.047347,2,43
23,0.007037519,0.9388432,2,22,0.011343906,0.99329966,2,44,0.0012601076,1.0046983,2,75
24,0.0042239157,1.0277151,2,42
25,0.001955191,0.9961485,2,21,0.0,1.0612824,2,41,0.0011635819,1.0403575,2,63,0.002549219,0.9960033,2,96,0.004643442,0.9873829,2,123,0.01082536,0.9425158,2,144,0.0,0.8732769,2,164,0.016734442,0.94147736,2,200
26,0.0049812505,0.96838075,2,23,0.0,1.0058612,2,45,0.008652461,0.92795223,2,69,0.0024111853,0.99641544,2,89,0.018854998,0.99548453,2,112,0.0016322281,1.0209848,2,132,0.054387573,0.8594174,2,154,0.014212623,1.0050014,2,174,0.008378978,0.93429923,3,200
27,0.0,1.0578415,2,20,0.01626801,1.0856578,2,40,0.00493087,0.9275068,2,68,0.024330417,0.89576817,2,92,0.045231704,0.9074749,2,113,0.021038894,0.916821,2,133,0.0,1.0283564,2,155,0.0063954373,0.99113506,2,179,0.0068797925,0.9742636,2,200
28,0.0015654607,0.9616157,2,20,0.041063312,0.9467025,2,40,0.047432236,1.0584296,2,60,0.0069483756,0.9588721,2,82,0.058286987,0.7928529,0,107,0.01598809,0.7319756,2,132,0.0,0.5092063,2,153,0.0023191483,0.4967123,0,173,0.15180512,0.3722561,2,200
29,0.032660495,0.9291021,2,21,0.01000505,0.96488017,2,41,0.006220591,1.0651671,2,64,0.0,0.922931,2,84,0.01596098,0.97359353,2,107,0.0,0.98867553,2,128,0.021303648,0.87762547,2,152
30,0.0059709353,1.0378325,2,20,0.0,1.0297319,2,43,0.0064534913,0.9309311,2,64,0.011425736,0.9806245,2,93,0.063291855,0.97336894,2,113,0.042311184,0.9528339,2,143
31,0.012986895,0.97131747,2,23,0.0025644705,0.9223078,2,61,0.0,0.87166995,2,81,0.011945447,0.8439557,0,101,0.0,0.82418543,2,123,0.018333115,0.9606168,2,145,0.003089144,0.79811543,2,165,0.019442707,0.8404713,2,200
