0,0.0069352216,1.0388921,2,21,0.008944731,1.0033338,2,41,0.0,1.0314257,2,70,0.008987996,1.0426339,2,96,0.0023264145,1.0571964,2,116,0.0,1.0603663,2,137,0.0,1.0322092,2,157,0.015439388,0.9986299,2,177,0.0020418873,1.0158383,2,200
1,0.005383524,1.011316,2,37,0.0013570318,1.0027535,2,57,0.01637807,0.96579397,2,80,0.0030731945,1.0020101,2,109,0.0056765266,1.0411001,2,129,0.008192078,1.1572886,0,151,0.0,1.1000501,3,178,0.0011122319,1.091829,2,200
2,0.007976214,0.99879676,2,20,0.0,1.037797,2,43,0.0,1.0259504,2,63,0.0,0.9826156,2,83,0.0,1.0189546,2,121,0.0,1.0447959,2,147,0.008279626,1.0834818,2,168,0.0033253485,1.0298266,2,200
3,0.00024671658,1.0273912,2,22,0.0,0.96469414,2,42,0.0003804662,0.9460754,2,71,8.565458e-05,1.0291638,2,93,0.0,1.0709971,3,116,0.0,1.0672615,2,136,0.0,1.1077644,2,160,0.0090095755,1.1232502,2,180,0.0,1.110723,3,200
4,0.0,1.002421,2,29,0.000103699465,1.0321305,2,51,0.0,1.0408964,2,73,0.0026322068,0.9969708,2,96,0.002430394,1.04274,2,119,0.0,1.0784312,2,139,0.0007378777,1.1004618,2,159,0.006800285,1.0528247,2,200
5,0.0011039854,1.0191867,2,23,0.0022276193,0.9865562,2,48,0.0033950724,1.0661647,2,85,0.007333403,1.0814157,2,113,0.0,1.1142896,2,136,0.0,1.063009,0,156,0.0,1.1110083,2,176,0.0,1.0345138,2,200
6,0.0011503735,1.0213892,2,28,0.0003580708,0.9988836,2,48,0.0,0.97560567,2,69,0.0027849392,1.0202575,2,104,0.0,1.0518292,2,151,0.0,1.0365902,2,174,0.0013414862,0.98667276,2,200
7,0.0016322231,1.0440346,2,46,0.0026182607,1.0337589,2,70,0.00070026645,1.0322319,2,90,0.0,1.0171561,2,112,0.012287261,1.0035424,2,142,0.0014466313,1.021576,2,162,0.0007276456,1.069268,2,200
8,0.00037600828,1.0048836,2,23,0.0024995678,0.98744106,2,67,0.00031400062,1.0620166,2,87,0.0011864159,1.0134065,2,110,0.00035793227,1.0487777,2,136,0.0,1.02314,2,157,0.0016511945,1.0272572,2,200
9,0.008269427,1.0340083,3,20,0.0017960698,1.0060123,3,40,0.006191368,0.98371714,2,63,0.008894457,1.013761,2,89,0.00016153725,1.0211356,3,109,0.0031510466,0.9273674,2,164,0.0026310405,0.8783976,2,200
10,0.010131632,1.0409777,2,20,0.006882831,0.99664843,2,45,0.0036513158,1.0154436,2,65,0.0,1.0543009,2,88,0.0039279275,1.0277393,2,108,0.0,1.0437468,2,137,0.0,1.0145906,2,172,0.0009813904,1.0486181,2,200
11,6.557232e-06,1.0004467,2,31,0.0,1.051687,2,51,0.0,1.0102394,2,78,0.0006214533,0.9831044,2,98,0.0,0.9857844,2,118,0.0104341665,0.953898,3,139,0.0024399166,1.0022451,2,159,0.0004709834,1.0212216,2,180,0.011776989,0.9632735,2,200
12,2.1620135e-06,1.0240015,2,36,0.006922552,1.0420536,2,56,0.0009143805,1.0221691,2,80,0.0049564727,1.0405691,2,111,0.0,0.9793647,3,137,0.0,1.0039501,3,160,0.0,1.000697,2,180,0.0009153591,1.0220561,2,200
13,0.0021742648,1.0144056,2,32,0.0014093167,1.0574157,2,52,0.0,1.0170528,2,78,0.0,1.0324876,2,108,0.00068427663,0.9922181,2,136,0.0003198227,1.021832,2,162,0.009833592,1.06043,2,200
14,0.0,1.0286865,2,21,0.003235088,1.0382218,2,42,0.0038262333,1.008311,2,62,0.0,0.9989854,2,116,0.0,1.0218139,2,136,0.0016562241,1.0437512,2,158,0.0,0.996041,2,179,0.0013681569,1.0398434,2,200
15,0.0063317143,1.0054344,2,24,0.002690543,1.0028276,2,55,0.005492123,0.996147,2,104,0.0,1.0282072,2,125,0.0,1.0041033,2,170,0.004095458,1.0439904,2,200
16,0.007942922,1.0088849,2,21,0.0,1.0182422,2,42,0.0,1.0443084,2,63,0.0,1.0250347,2,89,0.005856567,1.0559286,2,110,0.006654112,1.0342505,2,131,0.0026413866,1.0587807,2,155,0.0,1.0658766,2,177,0.0,1.0119933,2,200
17,0.0048375563,0.9918426,2,25,0.0,1.01213,2,48,0.0012715632,1.0154184,3,69,0.004972707,0.969053,2,93,0.0049522338,0.95218,2,119,0.0008214192,1.01406,2,139,0.00013316338,1.0281776,2,161,0.00012682054,0.9706103,2,200
18,0.0,1.0094112,2,26,0.0038259092,1.0179754,2,47,0.0034595607,1.0411376,2,88,0.0034566815,1.0005376,2,118,0.0070829345,1.0341084,2,143
19,0.0,1.071441,2,21,0.0033340151,1.0250641,2,56
20,0.0029228823,1.0366923,2,22,0.0028553612,1.0136375,2,44,0.0030475329,1.0695598,2,87,0.0025394028,1.0682522,2,107,0.00615124,1.0695045,2,138,0.0,1.0644805,2,158,0.0,1.0523747,2,178,0.0028686645,1.0455728,2,200
21,0.0016878579,1.0450996,2,20,0.0,1.0092006,2,41,0.0,1.0117923,3,64,0.0006031694,1.0154108,2,115,0.0,1.0210392,2,135,0.0,1.028797,2,155,0.0,0.9988849,2,176,0.0012899999,0.95229554,2,200
22,0.0110873515,1.0114102,2,23,0.00062137464,1.0558999,2,59,0.000942386,0.9780791,2,86,0.0,0.99886423,2,108,0.004083262,1.0204614,2,129,0.0017007887,1.0549382,2,149,0.001990269,1.0243698,2,200
23,0.0012099614,1.0188923,2,46,3.0756793e-05,1.01243,2,74,0.0,1.0375643,2,94,0.0,1.0624139,2,117,0.0022511932,1.0045252,2,166,0.0014830425,1.0328187,2,200
24,0.005420061,1.0029649,2,22,0.0025785947,1.0500857,2,54,0.0038755403,1.0257369,2,89,0.0032806832,1.0032954,2,116,0.0011530162,1.0285194,2,200
25,0.0,1.0208721,2,20,0.01132896,1.0370573,2,41,0.00656708,1.0189741,2,70,0.001769615,1.0039736,3,90,0.00032543426,1.02311,2,111,0.0,1.0152808,2,133,0.0011434477,0.9733633,2,165,0.0067182505,0.9320051,2,200
26,0.0,1.0238206,2,29,0.0,1.0445688,2,57,0.0,1.0511516,2,77,0.0,1.0236652,2,97,0.0,1.0593625,2,117,0.00016622087,1.052488,2,137,0.0,1.0520139,2,157,0.010898639,1.0107908,0,179,0.0076953103,0.99727523,2,200
27,0.004164228,1.0207642,2,47,0.004514771,0.8872711,2,67,0.034403335,0.9208158,2,87,0.019942248,0.96894515,2,107,0.02064931,0.8952717,2,143,0.0046258676,0.9643263,2,175,0.019858565,0.9339856,2,200
28,0.0009881653,1.025624,2,41,0.008240698,1.036667,2,76,0.0007435943,1.0481721,2,101,0.0062582465,1.0387856,2,121,0.006914613,1.0397129,2,141,0.0,1.0203226,2,161,0.0027966972,1.0438082,2,200
29,0.0022855452,1.0179033,2,25,0.0077203857,1.0521129,2,50,0.0036738357,1.0437672,2,93,0.0,1.0777102,3,114,0.00059388834,1.0614411,2,134,0.00017857002,1.0687164,3,154,0.0015843321,1.063391,3,174,0.004988784,0.99324524,2,200
30,0.00052393076,1.0075188,2,37
31,0.0015373558,0.99356025,2,22,0.0012578319,1.06413,3,50,0.0020870278,1.0593098,2,72,0.0005063695,1.0504668,2,92,0.0013378348,1.034903,2,121,0.003354021,1.0596836,2,149,0.0,1.063391,2,171,0.0024199123,1.0508729,2,200
32,0.005519115,1.0068746,2,26,0.0023290596,1.0195235,2,47,0.00014688997,0.99989575,2,68,0.0,1.0330354,2,106,0.004659444,0.9942085,0,126,0.0069626295,1.0354551,2,150,0.0026734797,0.9915321,2,171,0.008304639,0.9719327,2,200
33,0.0012042037,1.0224123,2,45,0.00095035014,1.0111336,2,82,0.0001909356,1.0210241,2,117,0.013616008,1.0108755,2,137,0.0,1.0264412,2,158,0.0050863996,0.9897668,2,178,0.0057085124,0.96419066,2,200
34,0.002068337,1.0292974,2,20,0.0014016755,1.0343796,2,42,0.0,1.0144264,2,65,0.0,1.0315042,2,87,0.0,1.0475855,2,113,0.0,1.0435799,2,135,0.0,1.0481266,2,155,0.0056945686,0.9499433,2,200
35,0.0024861512,1.027289,2,21,0.005903579,1.0286012,2,48,0.0,1.0448067,2,83,0.0,1.030896,2,113,0.0,0.9923505,2,134,0.009578168,1.0149595,2,159,0.0031375417,1.0384355,2,200
