0,0.010749151,0.99074465,2,21,0.02074799,1.0028449,2,42,0.029588496,1.0593832,3,62,0.018022234,1.016795,2,82,0.0,1.0128635,2,102,0.0,0.99684435,3,125,0.009062948,1.0281633,2,146,0.005045961,0.964441,2,167,0.016634813,1.0228214,0,200
1,0.004335997,0.9855801,2,20,0.004734535,0.9785371,2,40,0.0017627,0.9131958,2,62,0.0,0.73747385,2,87,0.011859948,0.57375586,2,107,0.019536871,0.7078622,2,127,0.023275968,0.7166186,2,148,0.056307264,0.74686223,0,168,0.0484914,0.70105624,2,200
2,0.0010351359,1.0001559,2,21,0.014552241,0.91236997,2,42,0.0013157136,0.977069,2,62,0.010841907,1.0107024,2,84,0.00554386,0.9468665,2,104,0.0132862795,1.0619015,2,124,0.015355206,1.0286136,2,150,0.018363358,1.0312585,2,172,0.0034820114,1.0260079,2,200
3,0.0051952153,1.0059053,2,34
4,0.0,1.0028391,2,20,0.0024826855,1.1002829,2,40,0.02494041,0.97989255,2,60,0.0,1.0433543,2,80,0.0,0.96619195,2,100,0.0142605575,0.79950136,2,120,0.0,0.81420183,2,141,0.0,0.8464065,0,163,0.0004854895,0.7129676,0,200
5,0.0056540584,0.9600831,2,21,0.012070069,0.93292916,2,41,0.0025453374,0.94855213,2,61,0.008387933,0.9224435,2,81,0.0,0.9643124,2,101,0.019176077,0.84266645,0,121,0.010551753,0.66954154,2,141,0.0,0.5698358,2,161,0.0,0.6024457,3,200
6,0.024778241,0.9539657,2,22,0.003937043,0.94078773,2,44,0.0,0.8040222,2,66,0.0007619399,0.56129175,2,86,0.0028693625,0.41178685,0,106,0.0,0.45983297,0,127,0.0,0.45267743,0,147,0.01759836,0.5876948,2,171,0.0,0.53078985,1,200
7,0.0148307765,0.94245195,2,21,0.002593421,0.9598457,2,41,0.0,1.0830419,2,61,0.00025313784,0.96576196,2,84,0.0,1.0353626,2,106,0.005098018,0.8638553,2,128,0.0,0.98207396,3,148,0.0,0.9478386,2,170,0.012165119,0.84298885,2,200
8,0.01496784,1.0580938,2,21,0.006206578,0.9982008,2,43,0.011225147,0.9957927,2,63,0.013891533,0.97490394,2,83,0.0020594886,1.0078018,2,108,0.015495625,0.95248187,2,128,0.018683774,0.80211544,0,148,0.021768743,0.9310735,2,168,0.010392338,0.9689168,2,200
9,0.008398708,1.0354395,2,20,0.00363869,1.0344416,2,41,0.014689637,1.0085007,2,72,0.002133608,1.0194428,2,103,0.004496556,1.0122917,2,126,0.02015655,0.99008197,2,146,0.010844886,1.0564132,2,166,0.0065415553,1.0000829,2,200
10,0.004960847,1.0333835,2,20,0.0032472152,1.0018418,2,40,0.012146495,1.0383942,2,63,0.011314206,0.9875859,2,84,0.011809094,1.0465705,2,107,2.78732e-05,1.0896606,2,136,0.00274654,1.0569936,2,156,0.0027741992,0.9867586,2,200
11,0.017776573,0.98699045,2,23,0.011141697,0.9288845,2,43,0.022452835,1.0231066,2,64,0.0,1.002826,2,84,0.026318526,0.954237,2,104,0.0,0.9754401,2,131,0.0010006034,1.0942634,2,151,0.0069050747,1.057656,2,172,0.0070517077,1.0537444,2,200
12,0.007890839,0.9900128,2,27,0.002087969,1.0323756,2,47,0.032006793,0.9473071,2,67,0.02361672,0.93783253,2,88,0.001453588,0.96839976,2,109,0.0071814903,0.8964702,2,129,0.053776927,0.8983167,2,149,0.003440824,0.8674861,2,169,0.0,0.9718751,2,200
13,0.0029536048,1.041466,2,20,0.0034788062,0.990794,2,45,0.0069641382,0.95116615,2,65,0.01965871,0.9728147,2,86,0.01903091,0.9265427,2,108,0.0017476305,0.8928183,2,129,0.010513309,0.9301747,2,149,0.011413624,0.88502574,2,170,0.0027327188,0.94872344,2,200
14,0.03371824,0.986019,2,20,0.014481574,0.9945089,2,40,0.004219414,1.0717126,2,61,0.0,0.9980482,2,81,0.0041657155,1.0550387,3,102,0.002804185,1.1167032,3,122,0.0,1.1099533,2,144,0.0,1.1009111,2,165,0.007789961,1.0462412,2,200
15,0.000525512,0.9852313,2,20,0.0,1.0569159,2,40,0.027440365,0.99247426,2,61,0.036514137,0.94544834,2,83,0.010900945,1.0289448,2,103,0.008242381,0.9684845,2,126,0.02580214,0.77587557,2,146,0.037740346,0.7087752,2,169,0.029701786,0.8426822,2,200
16,0.0013188104,0.9947909,2,21,0.02129524,0.9721352,2,41,0.0,0.9964474,2,63,0.005985518,0.92252123,2,83,0.0024209544,0.91394645,2,103,0.004786675,0.9222084,2,123,0.0,0.90663844,2,143,0.0,0.95447236,0,163,0.0088165,0.82635385,0,200
17,0.013503476,1.0143889,2,25,0.0,1.0258846,2,45,0.0,1.0787504,2,66,0.011042316,0.9944578,2,87,0.005424847,1.0354578,2,108,0.010264706,0.9957176,3,130,0.017133515,0.9192807,2,150,0.0134141175,0.9855021,2,171,0.0034775396,0.95376897,2,200
18,0.0019344972,1.0215683,2,26,0.0078674825,1.0318143,2,50,0.0041815806,0.93024224,2,75,0.012747542,0.96680665,2,97,0.008890256,1.0447747,2,117,0.007360725,0.97576094,2,137,0.012715414,1.0333002,2,172,0.005258789,0.99425423,2,200
19,0.00838116,1.0185056,2,26,0.013594372,0.96216947,2,47,0.028155562,0.97599185,2,67,0.0020317312,0.9227466,2,89,0.018351266,0.9686129,2,112,0.010827316,0.90030944,2,132,0.005131086,0.94545037,2,153,0.0010693352,0.92318946,2,174,0.024406256,0.90463644,2,200
20,0.004406031,0.9365603,2,32,0.0,0.9982023,2,54,0.0,0.8266659,2,74,0.00025044754,0.9928857,0,94,0.0,1.0224217,2,115,0.0,0.9950236,2,135,0.0,0.8192335,0,156,0.0,0.644728,0,176,0.040615637,0.48301664,0,200
21,0.0,0.98614234,2,25,0.0,1.0026577,2,49,0.025638249,0.9397713,2,69,0.0065616,0.9703799,2,90,0.0041503874,0.9972236,3,111,0.005482831,1.0275605,2,131,0.017512614,1.0521936,2,151,0.002775947,0.95903814,2,174,0.01741409,1.0228614,2,200
22,0.0,1.089736,2,20,0.007291691,1.0001342,2,40,0.013093807,1.052237,2,60,0.0026866286,0.9957825,2,80,0.029957466,0.94749004,2,104,0.009045394,1.0502036,2,124,0.0,1.0130236,2,146,0.0070713772,0.99553794,2,169,0.0,1.0308149,2,200
23,0.013367748,0.9834028,2,21,0.0049698176,1.0336125,2,41,0.01822942,1.0156852,2,65,0.03442783,0.9701687,0,87,0.020129278,0.85792,2,107,0.013818851,0.9698577,2,127,0.00593553,1.0628831,2,147,0.015362914,0.81780976,2,172,0.0,0.7353322,2,200
24,0.009853271,1.0159601,2,24,0.009928221,0.99721485,2,47,0.01456812,0.88919324,2,67,0.0046831155,1.0030295,2,88,0.0,0.9282816,2,108,0.009783166,0.99082685,2,130,0.0,0.89364135,2,151,0.0065157986,0.92593473,2,172,0.0039971084,0.7893651,2,200
25,0.006720821,1.0744383,2,21,0.0108633805,1.0101731,2,41,0.011571245,1.0104166,2,62,0.029813964,1.0042481,2,82,0.045887556,1.0232091,2,106,0.054962434,0.9251316,0,126,0.033360917,0.89874345,0,146,0.02964988,0.92934763,2,166,0.033237696,0.9280379,2,200
26,0.013024118,1.0024862,2,25,0.0010936535,1.0447522,2,47,0.022376675,1.0076643,2,67,0.0069924844,0.952621,2,87,0.0502274,0.8922455,2,112,0.0,0.8790676,0,134,0.043798015,0.82015926,0,155,0.034920484,0.7289752,0,175,0.018193316,0.50701094,2,200
27,0.0,0.9999903,2,23,0.021430459,1.058535,2,44,0.022029568,0.9704164,2,64,0.009314615,0.94100463,2,85,0.021420017,0.9950882,2,108,0.0026286987,0.95671654,2,128,0.0,1.0127844,2,149,0.005260921,1.025613,2,169,0.0084606055,1.0578109,2,200
28,2.8753652e-06,0.9819931,2,20,0.010810138,1.0023139,2,46,0.020547185,0.9663935,2,66,0.0,1.0473869,3,86,0.0,0.967087,2,106,0.0,0.9279222,2,127,0.00024428833,0.9942185,2,147,0.0045384713,0.9545574,2,167,0.008554661,0.98568666,2,200
29,0.0051157298,1.0421817,2,20,0.0,1.04684,2,40,0.01997443,0.9920754,2,62,0.012898635,1.0819644,2,95,0.017580135,1.0417038,2,117,0.018989468,0.9861579,2,137,0.026843617,0.837671,2,157,0.012114965,0.8783573,2,177,0.010982298,0.5672685,0,200
30,0.0023873455,0.9900936,2,21,0.004754891,0.9695792,2,42,0.0073501095,1.0518274,2,62,0.00911563,1.0074776,2,84,0.012661382,0.98499537,2,105,0.0,0.9808098,2,125,0.0065645915,1.0362518,2,147,0.0,0.89199317,2,167,0.043009743,0.7559992,2,200
31,0.021258557,0.99779785,2,21,0.019637125,0.83352125,2,42,0.02441496,0.920152,3,63,0.008097907,1.037759,2,85,0.0,0.968791,2,105,0.010110166,0.99718875,2,126,0.023564719,0.9332862,2,146,0.02389757,1.0102727,2,166,0.041718066,0.9136761,2,200
32,0.009882893,1.0004842,2,22,0.0,1.0531174,2,42,0.0,1.1247315,2,64,0.0007501044,0.9845375,2,84,0.0073707215,1.0621588,2,104,0.019407766,1.0236673,2,131,0.003716603,1.0666132,2,151,0.038377535,0.9903574,2,171,0.010112925,1.0170125,2,200
33,0.014032818,1.0175306,2,20,0.0,1.0453376,3,40,0.0085422015,1.0384666,2,67,0.0,1.069855,2,88,0.0,1.0271267,2,112,0.0,0.92089707,2,133,0.0,1.0269289,2,153,0.010745228,0.95608103,2,176,0.048527878,0.93323714,2,200
34,0.0017797857,1.0778635,2,20,0.0041958042,1.0313525,2,43,0.0,1.0926704,2,64,0.0,1.0399429,2,84,0.0019188985,1.0455389,2,106,0.008254059,0.9900903,2,131,0.0006832251,0.9923006,2,154,0.0037924624,0.9143049,3,174,0.027015803,1.006511,0,200
35,0.018060867,1.0086989,2,23,0.003926169,0.99686986,2,43,0.0042018197,1.0533074,2,63,0.012147531,0.9692675,2,85,0.014358447,0.98540217,2,106,0.00053572684,1.0340796,2,128,0.012533797,1.0231211,2,148,0.008418495,1.0182816,2,171,0.019004887,1.0227063,2,200
36,0.009866333,1.00905,2,36
37,0.007667086,0.9808979,2,20,0.03143177,1.0260332,2,40,0.017711334,1.0230492,2,60,0.0,1.0122559,2,80,0.02424663,0.95988095,2,100,0.0032684489,1.0176439,2,122,0.014412414,0.99664736,2,143,0.0121309385,0.9673899,2,163
38,0.0,0.9401739,2,20,0.0027617128,1.0275215,2,40,0.032805886,0.86939985,2,60,0.017760742,0.9692341,2,80,0.014913132,0.8677381,2,100,0.0011998262,0.93959016,2,120,0.0246836,0.85298073,2,140,0.0017521518,0.8991451,2,160,0.02257137,0.90350133,0,180,0.017509522,0.8954667,2,200
