0,0.021727044,0.9650041,2,20,0.008372478,1.0531307,2,43,0.0022861075,1.0426097,2,68,0.013374805,1.0438869,2,102,0.0059204795,1.0120668,2,122,0.006458642,1.0432016,2,145,0.0015890502,1.0654424,2,165,0.018329006,1.0222166,2,200
1,0.016257452,0.962389,2,23,0.0,1.0085052,2,43,0.0,1.0080303,2,63,0.0,1.0909022,2,83,0.008900082,1.0182707,2,104,0.002293414,0.96296114,2,132,0.016042251,1.0049707,2,158,0.002145385,0.88631755,0,179,0.0,1.0155177,2,200
2,0.0014359741,0.9881303,0,21,0.023214731,0.9153083,2,42,0.03233042,1.0110048,2,63,0.033726566,0.9863451,2,83,0.028462147,0.92445946,2,103,0.05695912,0.92717373,2,144
3,0.0,0.9735981,2,26,0.0024660728,0.9398734,2,46,0.0051723174,0.98782986,3,66,0.01359708,0.9427003,3,87,0.021454416,0.95061874,2,107,0.0065590404,0.88374585,2,127,0.0,0.8791689,2,149,0.002726685,0.70391136,2,171,0.004299821,0.8471322,2,200
4,0.015346361,0.9815319,2,20,0.0049248,0.96390605,2,41,0.017231848,0.99935997,2,61,0.0,0.97600377,2,82,0.010404866,0.99557847,2,103,0.017205609,0.9313045,2,126,0.0052727475,0.97195613,2,147,0.0129028745,0.9889702,2,169,0.006517616,0.98247707,2,200
5,0.01246393,0.93613094,2,28,0.000460044,1.0328798,2,53,0.0193389,1.001338,2,74,0.0,0.9994294,2,94,0.008226372,0.96706975,2,115,0.01963159,0.9436636,2,135,0.002168206,0.9446235,2,159,0.0,0.98229265,2,200
6,0.0055094925,0.9442058,2,28,0.005156816,0.9568967,2,49,0.0,0.96874124,2,69,0.040705383,0.9269444,2,89,8.3790204e-05,0.8647922,2,110,0.005853012,0.7760565,2,130,0.007032635,0.94595003,2,150,0.02398312,0.8217624,2,170,0.02574319,0.89480674,2,200
7,0.0,1.0343668,2,21,0.0018291711,1.0025247,2,42,0.015367797,0.9292399,2,62,0.018121073,0.97442,2,106,0.014420736,0.9668957,3,126,0.0049221492,0.9465313,3,146,0.0048202425,1.0462096,2,166,0.00035705767,0.94055897,2,200
8,0.014843098,0.9997718,2,21,0.007778286,0.9737488,2,41,0.0,1.0081775,2,61,0.0031775301,0.97034895,2,83,0.004304233,1.0138307,2,103,0.0018679642,1.0198975,2,123,0.0,0.8890545,2,143,0.0,0.88730776,2,163,0.0015147792,0.97951066,2,200
9,0.0,0.97552264,2,20,0.0020526936,1.074398,2,40,0.0023439582,0.9954546,2,61,0.0009304395,1.0311145,2,82,0.021098144,0.99754673,3,104,0.0076889815,1.0143609,2,125,0.010971446,0.9792238,2,147,0.01872809,1.0188061,2,168,0.013305377,1.0355823,2,200
10,0.0,1.0207196,2,28,0.011540056,1.0008768,2,48,0.008577153,0.9228835,2,69,0.0,0.94262296,2,90,0.0021858567,0.9976783,2,111,0.0044349344,0.9414954,0,134,0.01152521,0.90440404,2,156,0.00025993818,1.012408,0,176,0.012403462,0.97273517,2,200
11,0.024536569,0.9576918,2,20,0.015263045,0.9347038,2,42,0.00045901444,1.0502317,2,62,0.0015155397,1.0591065,2,86,0.000797775,1.0303255,2,107,0.0018568222,0.9573725,2,127,0.031697985,0.9310731,2,148,0.003922669,0.9401411,2,170,0.016931761,0.93770736,2,200
12,0.022401372,0.97410184,2,21,0.0033928275,0.98797184,2,44,0.0,0.97392094,2,70,0.025671944,1.0410887,2,90,0.00797679,0.9383379,2,110,0.027775016,0.9812668,0,130,0.03937738,0.9939596,2,151,0.0056185485,0.9664984,2,171,0.0033456008,0.98741543,2,200
13,0.0,0.94016707,2,20,0.007062442,0.9996119,2,41,0.0011645298,0.9742745,2,62,0.0033624186,0.9534998,2,95,0.0,1.0736153,2,115,0.007761113,0.94475055,2,137,0.011290817,1.0868844,2,159,0.004532437,0.93880963,2,180,0.0064560883,1.0390009,2,200
14,0.0073039467,0.9907197,2,21,0.0025968228,1.118623,2,41,0.0,1.0793513,2,65,0.0020093466,1.1125388,2,86,0.008278352,1.065484,2,109,0.020680923,1.0608484,2,135,0.0,0.9745037,0,155,0.0,1.0105646,2,180,0.008387213,0.88941395,0,200
15,0.0049053994,0.9811207,2,22,0.0,1.0526583,2,42,0.009094372,1.0328152,2,65,0.014311714,1.0183773,2,85,0.0,1.0742437,2,107,0.002753768,0.98486006,2,129,0.005489124,1.0229903,2,154,0.015178052,1.0308417,2,176,0.00077940803,1.0396001,2,200
16,0.0068751737,0.96523726,2,20,0.0,1.0074854,2,40,0.0,0.99454165,2,63,0.003788484,0.9681814,2,85,0.008694847,1.0068833,2,105,0.00888955,0.9858573,2,125,0.0026850707,0.97738045,2,146,0.011757807,0.96277255,3,166,0.007119171,0.996648,2,200
17,0.035160884,1.026834,2,21,0.014993292,1.0083508,2,41,0.03051333,0.9903059,2,63,0.0,0.92943037,2,83,0.0020417622,0.9532455,2,103,0.0,0.9838992,2,124,0.0003264214,1.0435318,2,144,0.008887114,1.0028565,2,164,0.0072957044,0.8721966,2,200
18,0.0023498808,1.0181149,2,36
19,0.012397003,0.98637444,2,31
20,0.005196393,1.0184276,2,29,0.0,0.9383737,2,49,0.0118400995,0.93340766,2,70,0.007869114,1.031407,2,90,0.013091245,0.9607733,2,115,0.018146113,0.9030101,0,138,0.018574597,1.001818,2,161,0.015287563,1.0327401,2,200
21,0.014546268,0.9049573,2,21,0.020375237,0.92269814,2,41,0.0,0.977452,2,61,0.04649391,0.87801707,2,81,0.0,0.9693044,2,107,0.060156383,0.9400854,2,127,0.0011420095,0.97708446,2,147,0.0,1.0153673,2,169,0.000117424155,0.89115745,2,200
22,0.0045741163,0.9393034,2,20,0.0,0.96855783,2,40,0.0039710505,1.0183479,2,65,0.015291945,0.9177488,2,91,0.003450378,0.99294984,2,114,0.004454381,1.0031235,2,135,0.0019892266,0.98088366,2,157,0.0023192756,0.7947706,2,200
23,0.0023021994,0.99464625,2,22,0.0019214482,0.9820207,2,42,0.0,1.0395168,0,65,0.006436248,0.99157214,2,86,0.015335252,0.973732,2,106,0.008053853,0.958005,2,129,0.00032079173,1.0475934,2,149,0.022934482,0.99518406,2,169,0.022651477,1.0192367,2,200
24,0.0023536235,1.045876,2,22,0.0069667026,0.9955926,3,42,0.0,0.95845217,2,72,0.028603146,0.99586385,2,98,0.009103622,1.0010302,2,121,0.005577745,1.0083717,2,143,0.02415224,0.9978599,2,171,0.011939035,0.9905258,2,200
25,0.0030056941,0.9742714,2,20,0.0,1.0506523,2,45,0.0,1.0551847,2,65,0.0,0.9665491,2,85,0.013307748,0.9310438,2,105,0.0,0.9762303,0,125,0.002593746,0.9792569,2,146,0.008782892,1.0521559,2,166,0.006187393,1.0507337,2,200
26,0.02394692,0.9802433,2,28,0.008532459,0.8876449,3,48,0.0,1.0286424,2,68,0.015086782,0.93658507,2,88,0.0018649499,0.9853128,2,108,0.0,1.003644,2,128,0.012844777,1.0008246,2,149,0.0,0.985244,2,169,0.0,0.99599916,2,200
27,0.006126475,1.0417725,2,46,0.00814993,0.91908586,2,72,0.011468614,0.96366245,2,92,0.0,0.94589794,2,118,0.034088198,0.8116377,2,138,0.0072225174,0.8714194,2,158,0.056482583,0.80241156,2,178,0.008781954,0.8064367,2,200
28,0.017509757,1.062018,2,23,0.0018078175,1.0107703,2,43,0.02736487,0.92511606,2,66,0.012761838,0.9616441,2,90,0.006012349,0.9565233,2,110,0.021908427,0.98566854,2,130,0.055933163,0.89570606,2,151,0.021628406,0.93234795,0,171,0.001380626,0.9587767,3,200
29,0.013314943,0.97948205,2,31,0.004701828,0.9958579,2,51,0.015030602,0.9483838,2,71,0.014231141,1.0257202,2,92,0.0,1.0422677,2,114,0.008953254,0.96970147,2,135,0.002352146,0.9981675,2,155,0.010740662,1.0049651,2,175,0.01136159,1.0577388,2,200
30,0.0,1.0183449,2,20,0.0132512525,0.97552305,2,43,0.0,0.9144944,2,63,0.010218625,0.97022676,2,83,0.012455753,0.9252181,2,108,0.01647527,0.91003865,3,128,0.0,0.9406673,0,148,0.0,0.8926976,3,169,0.0005729182,0.79485524,2,200
31,0.026673047,0.9759378,2,21,0.028486652,0.8833202,2,42,0.012437432,0.9534842,2,65,0.027646244,0.8791562,2,87,0.023727324,0.8833324,2,108,0.028453585,0.91629726,2,128,0.0,1.0112417,3,148,0.0,1.0051312,2,169,0.036361847,0.7007691,0,200
32,0.0030583462,0.99430335,2,20,0.0010584383,1.0261484,2,40,0.0,0.89899045,2,63,0.015369279,0.9490674,2,86,0.016691068,0.97197884,2,106,0.014887705,0.9501919,2,128,0.0010282609,0.95208466,2,149,0.0008611543,0.9168505,2,175,0.0055424664,0.85504603,2,200
33,0.0032364167,1.0075967,2,20,0.013922532,1.008481,2,40,0.007930055,1.0508513,2,63,0.0,1.0626338,2,83,0.0,0.94162434,2,103,0.0054189763,1.0205653,2,124,0.0,1.024788,2,144,0.005135943,1.0236508,2,164,0.006137005,0.981363,2,200
34,0.00066857756,1.0112323,2,27
35,0.0,1.0174611,2,26,0.0,0.98819906,2,47,0.004230102,0.9129205,2,67,0.020577203,0.9276037,2,87,0.0,1.0050671,2,107,0.0026218193,0.72082573,0,127,0.0,0.82083285,2,147,0.0,0.68660593,2,167,0.0,0.76773196,1,200
