0,0.047017902,0.9273807,2,20,0.0284631,1.0529836,2,40,0.0,0.9785328,2,60,0.0,0.96404976,2,85,0.0,0.97789985,2,105,0.0064038923,1.0293795,2,131,0.027652979,0.84731245,2,151,0.054491423,0.99426097,2,171,0.005067452,0.7485771,2,200
1,0.0,0.9738839,2,20,0.010573052,0.96304166,2,41,0.0,0.9937502,2,61,0.014475733,0.9393533,3,81,0.01675518,0.94324917,2,104,0.029274777,0.92474115,2,127,0.0071051493,0.83870447,2,147,0.012849698,0.8496234,0,167,0.0040496634,0.89988613,2,200
2,0.016880706,0.9673282,2,21,0.0089316815,0.9532396,2,42,0.0055849305,0.8872291,3,63,0.023525886,0.89558256,2,83,0.0067208107,0.933178,0,114,0.032706045,0.93862677,2,137,0.08014858,0.9585527,3,159,0.02101079,0.9062935,2,179,0.02089947,0.980494,2,200
3,0.0,0.985966,2,20,0.0050440268,1.0002207,2,41,0.009863064,0.99192137,2,62,0.014415744,0.9166454,2,83,0.004115101,0.91024244,2,103,0.0,0.7939013,2,124,0.0,0.76354575,2,144,0.015066661,0.8307971,0,164,0.024768792,0.8695294,2,200
4,0.0,0.97298557,2,20,0.004402573,1.0863817,3,40,0.0022412303,0.988372,2,60,0.0025904987,1.0642397,2,80,0.0038703731,1.0323629,2,105,0.0,1.0724478,2,126,0.0013582677,0.92435473,2,146,0.0,1.0370059,2,166,0.009994263,0.99071693,2,200
5,0.0,1.0143824,2,24,0.009885279,1.0109993,2,44,0.021261605,0.968799,2,66,0.0069627315,1.0364931,2,90,0.0,0.941538,2,110,0.024225645,0.9765473,2,132,0.017781138,0.97364837,2,153,0.032293104,0.96425116,2,173,0.034743074,0.9647111,2,200
6,0.00598851,0.9941147,2,20,0.0122871855,0.94219273,0,41,0.025040863,0.9752079,2,66,0.025947794,0.91243905,2,87,0.0,0.8726214,2,107,0.019083608,0.8725184,2,127,0.01695389,0.91404283,2,147,0.025214877,0.8609141,0,167,0.016253417,0.963339,2,200
7,0.009754129,1.0175536,2,20,0.012288033,1.0007534,2,40,0.0054638083,0.977168,2,62,0.024036612,0.95506555,2,82,0.027978579,0.9674362,2,102,0.0,0.9593608,3,122,0.0,1.0214512,2,143,0.0,0.93850833,2,169,0.0,0.8172169,2,200
8,0.0052724206,1.0077928,2,21,0.0,1.0010684,2,41,0.0,0.987828,3,63,0.012014953,0.98328435,2,83,0.011890045,0.9884971,2,103,0.0118438285,0.9810139,2,123,0.0,0.9674527,2,144,0.018102292,0.9035641,2,164,0.009845742,1.016162,2,200
9,0.0,1.0635465,2,20,7.483121e-05,1.0084176,2,40,0.0026454157,1.0386549,2,60,0.0,1.0282125,0,80,0.0,1.0580734,2,107,0.0038104993,1.0223517,2,128,0.008555418,1.0549673,2,150,0.00052963523,1.0771587,2,170,0.00642801,1.0521674,2,200
10,0.0,0.98988676,2,20,0.005860705,1.0186503,2,41,0.0118844155,0.9746163,2,63,0.021755056,0.96375775,2,84,0.018073693,0.9803702,2,105,0.039878476,0.9870788,2,125,0.0070558856,0.95391417,2,146,0.030330962,0.9359003,2,170,0.0128075285,0.9536869,2,200
11,0.0020197746,0.9899068,2,20,0.009549669,1.0126587,2,44,0.0,1.0190371,2,70,0.024187565,0.93696207,2,92,0.041165862,0.92015296,2,112
12,0.017876387,0.90367204,2,20,0.0056704255,1.071013,2,50,0.009222003,1.1013151,2,87
13,0.0029647881,1.0159583,2,23,0.004634474,1.0336735,2,43,0.00049428066,0.99624807,2,68,0.031885974,0.97697604,2,95,0.018103462,0.96846104,2,119,0.0,0.9552586,2,141,0.0017304115,0.8334564,2,161,0.009642344,0.90967655,2,200
14,0.034386408,0.9616133,2,20,0.028764905,0.9146504,2,42,0.007567874,0.94197005,0,62,0.008537604,0.94646686,2,85,0.018242745,0.9240033,2,105,0.019129768,0.88636154,2,126,0.0047969893,1.0006297,2,146,0.021447156,0.91093314,2,166,0.028066706,0.66756696,3,200
15,0.012180938,0.97481024,2,22,0.021364162,0.9253717,2,43,0.0012919595,1.0515875,3,64,0.0,1.0274832,0,84,0.0,0.84497887,0,105,0.0,0.8852563,0,125,0.004858365,0.91485554,2,163
16,0.0,0.95955235,2,33
17,0.0004440585,0.96016926,2,22,0.001458049,0.99623144,2,49,0.0011013242,0.98939383,2,75
18,0.008580787,1.0151272,2,20,0.013070782,0.97098553,2,40,0.0033481815,1.0375311,2,60,0.0,0.97219914,2,81,0.006688559,0.9981748,2,101,0.010450822,1.0021054,3,121,0.0035342008,0.95834345,2,146,0.015816294,0.9830836,2,175,0.018610151,0.95611,2,200
19,0.00037208656,0.9831598,2,22,0.0049441135,0.995873,2,43,0.019988708,0.90408885,2,63,0.0050954456,0.96636915,2,84,0.015798135,1.023012,2,106,0.0051258067,0.9737452,2,126,0.011887375,0.963269,2,148,0.0,0.98197436,2,173,0.014779277,1.038579,2,200
20,0.0,1.0405957,2,22,0.017893044,0.95978004,2,43,0.018493604,1.0001514,2,63,0.0065555586,1.0258335,2,86,0.020056775,0.9534005,2,107,0.006555773,0.97149336,2,140,0.008407868,0.9942129,2,161,0.010130574,1.0423642,2,200
21,0.009111203,1.0603034,2,23,0.0,1.0260508,2,43,0.0,1.0574629,2,63,0.029607797,0.9055728,2,83,0.0,0.8234392,2,104,0.0,0.6874811,2,126,0.0,0.63067466,2,146,0.0012639594,0.8140742,2,169,0.008663602,0.9102948,2,200
22,0.011069713,0.9839719,2,20,0.0,0.9826943,2,41,0.015852395,0.95461863,2,63,0.00856379,0.89498377,2,83,0.030356487,0.98319703,2,106,0.00241851,0.8865274,2,126,0.0,0.9506672,2,149,0.0121027855,0.9218574,2,173,0.0071181213,1.042112,3,200
23,0.017860418,0.9563895,2,23,0.00086991995,0.99703455,2,44,0.025874915,0.98653364,2,69,0.01573303,0.91385597,2,90,0.0,1.0145792,2,116,0.0012955674,1.0698704,2,136,0.022286564,1.0224187,2,156,0.020910215,1.007951,2,176,0.0,0.96221066,2,200
24,0.0040650307,0.99466854,2,22,0.0070467433,1.0352185,2,52,0.0014210428,1.0336875,2,72,0.008152919,0.97758603,2,94,6.176911e-05,1.0428607,2,119,0.024832213,0.83972263,2,139,0.0,1.0229313,2,159,0.008039947,1.0633638,2,200
25,0.007986259,1.003379,2,22,0.011463357,0.9942729,2,43,0.006289702,0.93551224,2,64,0.05350991,0.9443148,2,84,0.009368049,0.86350024,2,104,0.0,0.8477906,2,125,0.0010414545,0.86077636,2,146,0.0,0.97884333,2,166,0.015144817,0.92741174,2,200
26,0.0,0.9735115,2,20,0.0061534666,0.8644624,2,41,0.0,0.73528105,2,63,0.004303211,0.8739834,2,84,0.012258214,0.7123607,2,108,0.073237196,0.598345,2,129,0.002524905,0.5609441,2,149,0.0,0.6059006,0,171,0.0072169765,0.4852285,2,200
27,0.0,1.0183874,2,20,0.009155002,0.9430805,2,42,0.0053871735,0.9385155,3,62,0.021267084,0.8966055,2,82,0.023230905,0.87294304,2,102,0.05776778,0.9308697,0,122,0.015036597,0.94277084,2,143,0.05026392,0.7607569,2,183
28,0.0049957926,1.0320785,2,23,0.0,1.0156896,2,43,0.0028015191,1.0660608,2,63,0.012912308,1.0534662,2,83,0.0116291195,0.9502462,2,105,0.0,0.97853863,2,125,0.006176512,0.9435643,2,151,0.0071502523,0.9580301,2,171,0.00536576,1.0224426,2,200
29,0.0,0.97510374,2,20,0.002027992,1.0305961,2,46,0.0,1.008527,2,66,0.0021513652,1.0853689,2,86,0.016378941,0.98654294,2,110,0.027451342,0.89790994,2,132,0.031994175,0.95167524,2,155,0.022633657,1.0069376,2,176,0.03288676,0.93112546,0,200
30,0.03196808,0.9946114,2,20,0.019152086,1.0252365,2,45,0.0,0.8938292,2,65,0.020552488,1.0163088,2,88,0.00771248,0.9445684,2,117,0.011735384,0.99934053,2,137,0.026147058,0.98593605,2,158,0.0030833313,0.9220701,2,200
31,0.02097539,0.9593937,2,20,0.009655436,0.96792173,2,40,0.0051188315,1.0158222,2,60,0.01181228,0.9754968,2,81,0.014321114,0.9991159,2,102,0.00449393,1.0023527,2,141
32,0.0,1.0125011,2,20,0.009370142,1.0080444,2,58
33,0.010231519,1.0485258,2,21,0.019985681,0.92988825,2,41,0.023971079,0.9610144,2,61,0.010830441,0.955109,2,86,0.011609756,1.0065116,2,106,0.02748503,1.0399638,2,131,0.0133480355,1.0286956,2,151,0.032682996,1.1113095,2,171,0.0,1.0752743,2,200
34,0.0052958825,1.064609,2,20,0.0030980653,0.9997795,2,42,0.0025125518,0.96561706,2,62,0.004236189,1.0110039,2,83,0.05093325,0.9493745,2,103,0.027735759,1.015891,0,123,0.0,0.9979318,2,143,0.010858856,0.964831,2,163,0.008026556,1.0054593,2,200
35,0.0037880598,1.0004314,2,23,0.037511803,0.98370427,2,43,0.0061474913,0.9480094,2,63,0.0077702194,0.92379224,2,83,0.0,1.0424578,2,103,0.0056979554,0.96811837,2,129,0.013197768,0.8297572,2,153,0.047027737,0.7572918,0,173,0.013797707,0.7636138,2,200
36,0.021575525,0.99501646,2,20,0.0062777684,0.9590754,2,41,0.0041215294,1.0269265,2,66,0.0018733122,0.98820025,2,95,0.008476193,0.938918,2,115,0.0,0.98442996,2,135,0.01001857,0.865212,2,156,0.0,1.0144718,2,176,0.0018451419,0.85063934,3,200
