0,0.014211956,1.0109034,2,30,0.0,1.0727068,2,50,0.027418623,0.9709344,2,70,0.0,0.9411789,2,90,0.0,0.8441067,2,110,0.0,0.65868753,2,130,0.0,0.61383545,2,150,0.0,0.52556086,2,171,0.0068151965,0.6077359,2,200
1,0.002670526,1.0344627,2,20,0.007499629,1.0603116,2,40,0.022098871,1.010501,2,60,0.017774062,0.9811949,2,81,0.014578995,0.9968644,2,106,0.01331597,0.9799018,3,126,0.051276606,1.0132197,2,146,0.06645369,0.95251805,0,169,0.027170422,0.89182055,0,200
2,0.0,0.96520364,2,20,0.0,0.95794904,2,45,0.0009565866,1.0237753,2,66,0.00918814,0.9794887,2,86,0.010005234,0.97494775,2,114,0.042998593,0.83492225,0,135,0.0,0.9729419,2,156,0.0,0.92442334,2,176,0.017915096,1.066789,2,200
3,0.006866249,1.014842,2,21,0.040286962,0.9800006,2,41,0.03700221,0.8163134,2,66,0.0071246577,0.8913493,0,86,0.01477309,1.0728412,2,107,0.0041465936,0.8640646,0,129,0.006130396,0.58003086,2,149,0.0,0.5702622,2,169,0.039968666,0.39642376,2,200
4,0.0009907234,1.0161668,2,20,0.00095511053,1.0028678,2,41,0.0,1.0279926,2,61,0.020178383,0.9194665,2,81,0.0025511289,0.938245,2,105,0.016663503,1.0692891,2,125,0.019284284,0.8475947,2,147,0.0,0.92041016,2,167,0.0,0.8858905,2,200
5,0.0,1.0277523,2,24,0.01728103,1.0188878,2,45,0.005922956,0.9793914,2,66,0.01298969,1.1059278,3,86,0.0,1.0736108,3,106,0.009148369,1.0523833,2,129,0.0034736716,1.0535024,3,149,0.0072854147,1.1159312,2,169,0.011332575,0.95228326,2,200
6,0.002475531,0.9860913,2,21,0.021356627,0.947158,2,41,0.0041425107,0.89711154,2,61,0.0,0.8882976,2,83,0.0,0.7388728,2,103,0.0059001734,0.8194055,2,124,0.01065486,0.9427317,2,144,0.023134675,1.093127,2,164,0.021195402,0.9764655,2,200
7,0.006067523,1.0341475,2,20,0.0,1.0245585,2,40,0.008536048,1.0218697,2,63,0.002496755,1.0242937,2,83,0.014903727,1.0030718,2,111,0.0,0.99917346,2,131,0.022777509,0.96716183,2,151,0.043866675,0.87518764,2,172,0.025671331,0.9879249,2,200
8,0.003961943,1.058987,2,20,0.0052976264,1.0488732,2,40,0.0063421726,1.0574318,2,60,0.027025072,0.95723003,2,83,0.01814888,0.8920409,2,103,0.02661907,0.82314914,2,126,0.022028415,0.94113654,2,146,0.034542173,0.9496202,2,167,0.011506788,0.96480507,2,200
9,0.01192761,0.92963105,2,20,0.003335052,0.97337663,2,43,0.002954624,1.090609,2,65,0.024817914,1.0036035,2,85,0.026511569,0.9826784,2,105,0.0,0.9008873,2,125,0.0027867497,0.94233316,3,147,0.0,0.9720712,2,167,0.004174706,0.944414,2,200
10,0.0031117464,1.0322804,2,20,0.0030939695,1.0134623,2,52,0.020441085,0.9320498,2,74,0.0029071579,0.9916096,2,94,0.0254342,0.9679435,2,114,0.004355255,0.96129674,2,134,0.0005289509,1.011089,2,154,0.0059824623,1.0116395,2,175,0.012000365,0.8105243,2,200
11,0.0008598339,1.0002754,2,20,0.008018813,0.9108837,2,40,0.026702756,0.9870838,2,60,0.0037569772,0.904901,2,80,0.0,0.86007744,2,101,0.0,0.7040865,2,121,0.0016238205,0.75318,2,142,0.0,0.52950317,2,165,0.050763395,0.4954709,0,200
12,0.0,1.0794594,2,29
13,0.0030238985,1.0214297,2,26
14,0.0,1.0084364,2,21,0.061976276,0.8463184,2,41,0.04445566,0.8647068,2,61,0.00038200058,0.85853386,2,82,0.0055605876,0.8677029,2,106,0.01831742,0.9751518,2,128,0.018471235,0.8541373,2,148,0.00036606085,0.8243114,2,169,0.024691543,0.786639,2,200
15,0.0052415724,1.0041819,2,22,0.0,1.0136614,2,43,0.013608432,0.99225104,2,66,0.040229775,0.8974918,2,86,0.003639226,0.95877635,2,106,0.01455875,0.9608742,2,126,0.018445019,0.92315626,0,146,0.06596886,1.0160824,2,166,0.02416773,0.9739347,2,200
16,0.0,0.99010915,2,21,0.020654805,1.0309724,2,41,0.00829098,0.93020886,2,62,0.017098801,0.91684467,2,86,0.0010163009,0.86758626,2,106,0.0,0.9972598,2,126,0.032987393,0.8499789,2,147,0.013017638,0.7751972,2,167,0.00044104384,0.77084017,2,200
17,0.004016409,1.0020611,2,20,0.016448218,0.9967153,2,52,0.0010825776,0.9651229,2,72,0.0,1.0898963,2,92,0.0,0.9362887,2,113,0.011142375,0.93152297,2,133,0.012554544,0.8724672,0,153,0.0,0.92510474,2,173,0.0009077692,0.9564143,2,200
18,0.003709044,1.016859,2,22,0.0,1.052454,2,48,0.0,1.0248315,2,69,0.0020823658,1.0016919,2,92,0.0,0.979181,2,113,0.008326889,1.0426933,2,151,0.0,1.0904045,2,171,0.0030589618,1.0688338,2,200
19,0.0034880298,1.0262492,2,35,0.0032974775,1.0060263,2,55,0.0002184285,0.98883396,2,98,0.0,1.0350869,2,121,0.0021212944,0.9816373,0,141,0.00529347,1.0097716,2,170,0.0,1.0021333,2,200
20,0.0,1.0841992,2,20,0.0,1.0171461,2,45,0.0,1.0006493,2,69,0.0027247374,0.9559211,2,97
21,0.0,1.0327294,2,20,0.011915567,0.91322947,2,44,0.0063469275,0.9025087,2,66,0.008737622,0.87240446,2,87,0.0029727835,0.9186845,2,112,0.020818392,0.85261726,2,142,0.0,0.87670714,2,164,3.7080506e-05,0.9467891,2,200
22,0.002411445,1.0089731,2,42,0.0,1.0377961,2,67,0.00041587904,0.99888486,2,100,0.0,1.0284625,2,120,0.00031521585,1.0361859,2,147,0.0010316415,0.9893382,2,174,0.0015996047,0.9664978,2,200
23,0.0072672027,1.0090975,2,27,0.0005132398,0.99294686,2,58,0.0013845302,0.9153992,2,87,0.001313935,0.9732238,2,138,0.0011673691,0.9666046,2,161,0.0,0.98447067,2,200
24,0.0033011942,1.0204341,2,54,0.0,0.95851964,2,74,0.0034141717,0.99941266,2,95,0.008449617,0.99915487,2,135,0.0019857795,1.041032,2,170,0.0004960618,0.9951537,2,200
25,0.00089353754,1.005704,2,20,0.0,1.0327786,2,45,0.0,1.0132366,2,65,0.0,1.0039198,2,97,0.0014921584,1.0369151,2,117,0.0,1.0529263,2,140,0.0,1.0636927,2,160,0.0,1.0144651,2,200
26,0.004818773,1.0335915,2,20,0.0041202954,0.98379344,3,43,0.0072041685,1.0219082,2,64,0.010008266,0.98659784,2,84,0.002491185,1.0056556,2,110,0.0035614527,1.0109683,2,130,0.0,1.0618851,2,150,0.005077328,1.0257763,2,174,0.0021356817,1.0266811,2,200
27,0.0061173686,1.0046269,2,33,0.0,0.9724828,3,53,0.003298128,0.97320396,3,73,0.0012295026,0.9744574,3,95,0.0007481043,0.9731823,3,116,0.012144283,0.9498501,2,150,0.018425632,0.9789963,2,200
28,0.0041130893,1.0281202,2,21,0.00315606,1.0275437,2,42,0.002000484,1.0275906,2,65,0.0004047905,0.9644936,2,85,0.0049222307,1.0337702,2,110,0.002427129,0.98044544,2,133,0.0,0.9164175,2,155,0.0,0.98244894,2,200
29,0.003683162,0.98900855,2,30,0.0,1.0217814,2,66,0.0,0.96920127,3,86,0.0,1.0265862,2,107,0.0014160097,1.0037483,2,127,0.0,1.0298697,2,153,0.0,1.0216222,2,175,0.0,0.9798238,2,200
30,0.0047930307,1.0161432,2,24,0.0025356135,1.0150766,2,51,0.0030734132,0.97514635,2,76,0.0,1.0173166,2,98,0.0,0.9742762,2,126,0.005380278,0.9885046,2,146,0.012764068,0.9562165,2,167,0.0016383904,0.9664833,2,200
