0,0.0018245879,1.017668,2,21,0.0,1.0049412,2,41,0.00071695924,0.97295237,2,66,0.0027630301,0.9814175,2,99,0.0,0.96316683,2,122,0.0,0.97434074,0,143,0.013982534,0.9349464,3,163,0.0065680663,0.78388476,2,200
1,0.0,0.9575759,2,27,0.01395642,0.9449638,2,47,0.007794097,0.9198736,2,67,0.01788324,1.0668421,2,89,0.010377422,1.0290854,2,109,0.0035778023,1.0334897,2,129,0.001446117,0.97199446,2,168
2,0.0,0.94825983,2,20,0.0,0.87539977,2,40,0.014107583,0.8010181,2,60,0.0,0.8355812,2,80,0.0,0.9088359,2,100,0.0,0.8591696,2,120,0.0,0.8206327,2,142,0.0,0.9359042,2,162,0.01654338,0.8412035,0,200
3,0.0,1.0354825,2,20,0.012598297,0.99121505,2,40,0.0,1.0409579,2,60,0.0,1.0093364,2,90,0.0,1.0221394,2,115,0.0003990641,1.0273297,2,135,0.0069537917,1.0362695,2,156,0.0042164642,0.9341895,2,179,0.002476557,1.0002043,2,200
4,0.011203864,0.9346715,2,30,0.009884644,0.9467427,2,57,0.015896475,0.9594191,2,77,0.00846367,0.99173653,2,98,0.022950992,0.9810598,2,122,0.022128472,1.0021012,2,142,0.0076469616,0.9692915,2,162,0.007525492,0.94280684,2,200
5,0.00218853,0.9641996,2,25,0.012239082,1.0171583,2,45,0.019966573,0.98944646,2,67,0.0419123,0.87940276,2,87,0.035152864,0.9433638,2,107,0.015245367,0.97550863,2,129,0.02944304,0.86191976,2,150,0.024839373,0.9077205,2,172,0.050427116,0.93045944,2,200
6,0.006044645,1.0172943,2,23,0.0033776849,1.0524286,2,43,0.0,1.0261896,2,67,0.0,1.007418,2,89,0.0007003024,1.0126907,2,109,0.008767894,1.0094222,2,137,0.008238174,0.94754803,2,157,0.037425786,0.9963752,2,177,0.005775672,0.97042483,2,200
7,0.0018021882,0.9743515,2,22,0.006839274,1.0335886,2,42,0.037626673,1.0126635,2,63,0.0,1.0944648,2,83,0.025683612,1.0075088,2,103,0.018086765,0.92743564,2,133,0.0136267,0.89695424,2,154,0.0030331428,0.95126355,2,174,0.0,0.7909442,0,200
8,0.0,1.0358406,2,22,0.0013893514,1.0166957,2,42,0.002628867,0.9319177,2,63,0.0057891198,1.019905,2,86,0.004002938,0.83638906,0,110,0.053596687,0.93845636,0,130,0.0048000743,0.9893894,2,151,0.016057404,0.9356782,3,171,0.02160619,0.8758794,2,200
9,0.0029805393,0.9908038,2,23,0.010114866,1.0024325,2,44,0.017297283,1.0078921,2,67,0.005839617,0.962753,2,87,0.0018160639,1.0674151,2,107,0.023672665,0.9415284,2,135,0.0076802545,1.0778155,2,156,0.0,1.0020546,2,178,0.004531726,0.91659355,3,200
10,0.027010972,0.94349366,2,20,0.00037311725,1.0472982,2,45,0.005913508,1.0584772,2,65,0.0,0.98041743,0,86,0.01586904,0.97829646,3,109,0.0,1.0594866,2,129,0.0066093407,0.99038506,3,149,0.002303561,0.9397914,2,170,0.0023523378,0.99340457,2,200
11,0.024297252,1.0422317,2,20,0.010189003,1.0159752,2,42,0.01165857,0.9920279,2,64,0.0,1.0115063,2,85,0.0,1.1111377,2,105,0.0003344918,1.0567174,2,129,0.0,1.0544081,2,152,0.0054572504,1.0683845,2,200
12,0.0,1.0556847,2,20,0.010912868,1.020015,2,43,0.022048885,1.0293885,2,63,0.010013697,0.9830938,2,88,0.03355406,0.89795256,2,109,0.018009335,0.9163295,2,129,0.0173862,0.9552032,2,152,0.038382933,0.94945157,3,173,0.0155587215,0.89825064,2,200
13,0.0049012755,1.00651,2,22,0.0018067654,0.96397257,2,42,0.001155113,0.85225666,2,62,0.0,0.96016395,2,82,0.0015037351,0.80258423,2,103,0.040457398,0.64904064,0,124,0.0,0.569234,3,144,0.0,0.6088747,1,164,0.0090044215,0.5850168,1,200
14,0.0008565046,1.0516171,2,34,0.004526307,1.0295169,2,54,0.007995715,1.051566,2,87,0.012044497,1.0847472,0,107,0.03361149,0.9204042,2,130,0.010865022,0.99162567,2,151,0.015775274,0.96640545,2,174,0.006102461,0.9582703,2,200
15,0.0,0.98851603,2,21,0.0,1.0430639,2,51,0.0,1.0046843,2,71,0.02827819,0.9143583,2,91,0.006608547,0.8772566,2,111,0.0,0.9590522,2,132,0.0,0.92198503,2,152,0.0,0.85364914,2,173,0.0,0.91804343,2,200
16,0.0055829496,1.0006448,2,20,0.012983823,0.97545105,2,41,0.0016633655,1.0219156,2,63,0.00206184,0.9645707,2,84,0.00047729537,0.9726368,2,106,0.0006812287,0.9708847,2,126,0.023266792,0.9550812,2,147,0.00077223766,0.9717072,2,167,0.00200685,1.001287,2,200
17,0.008051218,0.99384576,2,20,0.017949179,0.9665108,2,44,0.005720277,0.97119695,2,66,0.008924797,0.995004,2,90,0.009238067,0.9972337,2,110,0.012897638,0.8418542,2,130,0.0024620704,1.00874,2,150,0.005827044,0.88635266,2,170,0.0044325953,0.9204121,2,200
18,0.02201686,0.97915274,2,27,0.0048192083,0.9972443,2,49,0.0004830067,0.86320895,3,69,0.00057546643,1.0353966,2,89,0.0050431113,1.0410699,2,109,0.0043610013,1.0422537,2,129,0.021779908,0.8724676,2,151,0.0,1.0150645,0,171,0.0037040059,0.906548,2,200
19,0.0007456431,0.97032064,2,21,0.011533992,0.90132505,2,41,0.016322166,0.88169605,0,61,0.015000181,0.88653964,3,81,0.011523563,0.99718344,2,103,0.035431124,0.9951309,2,124,0.009767102,1.0276884,2,144,0.0087174885,0.97911686,2,171,0.012637311,0.9913336,2,200
20,0.0027295316,1.0059409,2,21,0.019082466,0.89684933,2,41,0.0062287543,1.0040976,2,63,0.005450083,0.8481721,2,85,0.008012822,0.74088854,2,105,0.01343108,0.6411974,2,125,0.0,0.64243484,2,145,0.04909841,0.48262653,2,165,0.063900776,0.49356067,0,200
21,0.014298397,0.9966306,2,37,0.0,1.0085708,2,58,0.0,0.8845312,2,78,0.0,0.84223765,2,98,0.013169624,0.8644558,2,118,0.027544532,0.91640425,2,138,0.036838163,0.96430576,0,158,0.036653306,0.9196331,3,178,0.01928666,0.96660554,2,200
22,0.008006012,0.9553129,2,20,0.0,0.9729479,2,42,0.0032797127,1.030873,2,65,0.0034648168,0.97768706,2,85,0.0016166125,1.0006425,2,115,0.0040085292,1.014944,2,136,0.0,1.0509138,2,156,0.0,0.97998536,2,179,0.020628225,0.87917536,2,200
23,0.003452653,1.0119859,2,20,0.0040209275,0.95806175,2,41,0.004093469,0.99385965,2,61,0.008699067,1.0467695,2,81,0.0031062325,0.9125784,2,101,0.04977853,0.8577838,2,122,0.01244554,1.0447404,0,142,0.013077273,0.8518883,2,168,0.028206252,0.6593257,2,200
24,0.0047313543,1.0244019,3,20,0.008309347,0.9072762,2,42,0.006448494,0.9657825,2,62,0.0,0.89812154,2,82,0.0024274706,0.8269688,2,102,0.0,0.6463861,2,122,0.019460237,0.7053236,2,142,0.0,0.50405383,0,162,0.0063161612,0.5377137,0,200
25,0.035284624,0.9740527,2,26,0.010243461,1.067817,3,46,0.007934915,0.9491807,2,67,0.0,1.0303426,2,88,0.050245658,0.84340733,2,120
26,0.0,1.0333315,2,23,0.0,0.9582663,2,45,0.009123987,0.90481126,0,65,0.023569562,0.8899261,2,85,0.010395907,0.8941027,2,105,0.021879453,0.91557443,2,125,0.01592555,0.92900485,2,146,0.01723349,0.9814835,2,200
27,0.0023677445,0.98490953,2,23,0.03516843,0.92269754,2,43,0.027027542,0.911224,2,63,0.02408684,0.86361825,0,83,0.0320705,0.8534941,0,104,0.0,0.8243535,1,124,0.0,0.87380725,2,144,0.032487117,0.8853332,2,164,0.0629198,0.9423192,2,200
28,0.002530435,1.0034392,2,20,0.0160531,1.0067118,2,42,0.026744975,0.96992546,3,64,0.014477531,0.99026906,2,85,0.012327743,0.938815,0,105,0.019528547,0.8717478,2,125,0.010221925,0.8808424,2,145,0.032050632,0.8645815,3,166,0.0073589208,0.98010874,2,200
