0,0.0017548918,1.0607802,2,27,0.0033173899,0.9924773,2,53,0.009765093,1.0155103,3,74,0.0018691253,0.9595705,2,94,0.0015050408,1.0052658,2,114,0.028116802,1.0351077,2,138,0.030494891,0.9167035,2,159,0.008499141,0.96393204,2,179,0.024679009,0.9930382,2,200
1,0.011830945,0.9607246,2,22,0.0077737025,1.0025402,2,42,0.007487557,1.0474153,2,62,0.013569924,0.9759172,2,85,0.002879888,0.9989181,2,116,0.008593392,1.0056367,2,138,0.0013611238,1.0027146,2,159,0.0,0.9828852,2,179,0.0,0.9716334,2,200
2,0.0006828596,0.9913467,2,20,0.010084643,0.90530294,2,42,0.0,0.796779,2,63,0.033914596,0.5496483,3,83,0.0,0.48352504,1,104,0.0,0.52859354,1,124,0.0,0.72660404,2,144,0.0,0.92181575,1,165,0.056139003,0.76987934,2,200
3,0.00062164874,0.9915492,2,24,0.0,0.96748674,2,44,0.011643614,0.952566,2,65,0.01051547,0.9606065,2,91,0.013596128,0.95937586,2,126,0.017083654,0.90529615,2,150,0.0049773417,0.98559254,2,170,0.041878827,0.95678145,2,200
4,0.0,0.9962061,2,23,0.019880563,0.97785306,2,45,0.0012153676,0.9802801,2,65,0.0,0.8923631,2,86,0.0032591254,0.90488166,0,108,0.007749609,0.9973491,2,129,0.01640629,0.90005684,3,149,0.006584552,0.8725423,2,172,0.006798575,0.91932636,0,200
5,0.0,1.0286124,2,20,0.024445007,0.9122322,2,40,0.0,0.97874033,2,66,0.027173512,0.96702975,2,90,0.021186942,0.95619357,2,110,0.059403133,0.8602835,2,130,0.015342707,0.9613024,2,150,0.033961885,0.9061616,2,170,0.0,0.9655569,2,200
6,0.019839615,0.973655,2,22,0.006691893,1.0309482,2,43,1.8801116e-05,0.9622249,2,65,0.0,1.0394328,3,86,0.04927552,0.93054676,2,106,0.00031930642,0.94588053,2,127,0.0,0.97332525,2,147,0.005775984,0.9766253,2,168,0.024048578,1.0057421,2,200
7,0.0,1.0520389,2,20,0.0035393748,1.013862,2,41,0.0017156353,1.0721924,2,61,0.0074554454,1.0370836,2,82,0.00014193161,1.0948757,2,103,0.005938068,1.0422335,2,124,0.0058413376,1.0447642,2,146,0.040446114,0.9834528,2,166,0.0047098952,1.0968592,2,200
8,0.0033947497,1.0223973,2,20,0.0005658056,1.032789,2,41,0.004725444,0.99707586,2,66,0.0,1.0432756,2,96,0.00494338,1.0139326,2,140,0.0,1.0326836,2,160,0.009888495,1.0439265,2,200
9,0.022727033,1.0410359,2,20,0.0014352571,0.99888235,2,42,0.0012976031,1.0245993,2,70
10,0.008185414,1.0732868,3,20,0.0046042395,0.91403526,2,56
11,0.005267397,0.98169965,2,20,0.005488974,1.0218596,2,40,0.012026797,0.92307156,2,60,0.0012117836,0.9392916,2,82,0.0068374365,0.97012776,2,105,0.0057802573,0.83151656,0,125,0.01181858,0.8683725,2,146,0.002431532,0.78689396,0,166,0.016899094,0.60420537,0,200
12,0.008733745,1.0260588,2,27,0.0016496787,1.0942774,2,48,0.02182685,1.0678215,2,74,0.0058860346,1.0254018,2,96,0.016699975,1.0041274,2,118,0.024689035,0.92467296,2,138,0.008984075,0.88942784,2,162,0.009570579,1.019193,2,200
13,0.020878125,0.96739864,2,20,0.009834014,1.0513053,2,40,0.0072273305,0.972252,2,60,0.004013092,0.97067887,2,81,0.017464867,1.0377829,2,101,0.005364691,0.9592954,2,121,0.010988302,1.010133,2,141,0.02246533,1.0254503,3,161,0.0069245663,0.95449466,0,200
14,0.012704822,1.0049394,2,25,0.0045308997,1.0545295,2,51,0.0064922688,1.0492673,2,74,0.0205414,1.0719773,2,94,0.008801359,0.93683064,2,122,0.0015226952,1.0586616,2,144,0.0,1.1347795,2,164,0.009740508,1.0496945,2,200
15,0.0004998589,1.0299692,2,21,0.0014402576,1.0585401,2,48,0.0,1.0022771,2,68,0.009268895,1.0592816,2,88,0.0022139205,1.0297109,2,108,0.0,1.0608389,2,130,0.009661391,1.0804176,2,162,0.0039598565,1.0796963,2,200
16,0.010378017,0.96481645,2,20,0.018090412,1.0062555,2,41,0.004006926,0.933016,2,71,0.0037266132,0.99656856,2,91,0.0056967833,0.94556016,2,111,0.0,0.9942972,2,133,0.0,1.0693777,2,153,0.0,1.0153009,2,173,0.0012287383,1.0266224,2,200
17,0.006462383,0.9837121,2,20,0.017909873,0.96868324,2,62,0.0,1.1011858,2,83,0.012494678,1.0702617,2,106
18,0.0,1.0998966,2,24,0.0025592651,1.019501,2,45,0.052304935,0.9618265,2,65,0.0066161766,0.97640973,2,85,0.0068791574,0.9470242,2,106,0.016821409,0.9633461,2,126,0.0036868956,0.9559757,2,146,0.0,1.0225083,2,166,0.008878068,0.93783045,2,200
19,0.0,1.0552185,2,20,0.0006946842,1.0628628,2,41,0.0034063489,1.0981169,2,61,0.0,1.0534221,2,81,0.0,1.0807633,2,104,0.0065892437,1.0925981,2,158,0.0,1.0932533,2,180,0.029136365,1.0756897,2,200
20,0.016405175,1.0595477,2,20,0.0,1.0841504,2,40,0.0090649165,0.98308533,2,60,0.0048245993,0.9028785,2,82,0.00231008,0.98351824,2,102,0.0,0.9960912,2,123,0.011765672,0.76120484,2,143,0.0049102595,0.9797169,0,163,0.0078091696,0.9030017,2,200
21,0.00045083632,0.9895106,2,21,0.01831577,0.94797736,2,42,0.00042256044,0.8949636,2,62,0.022621555,0.9096676,2,83,0.030607304,0.84444,2,103,0.0060139275,0.85859776,2,123,0.0,0.98269033,2,143,0.0011057662,0.9249442,2,163,0.075761996,0.9003698,2,200
22,0.007527841,1.0064763,2,20,0.0,0.95577556,2,40,0.018079704,0.9065517,2,61,0.0070801266,0.88153857,0,81,0.0,0.8004922,2,107,0.011922085,0.91415185,2,131,0.013455937,0.7544919,2,151,0.0,0.7556928,2,171,0.04206121,0.7258652,2,200
23,0.010540628,0.98734534,2,20,0.009939935,0.99555016,2,41,0.0010605326,0.9000864,2,61,0.0,1.0160729,2,81,0.005754968,1.0367118,2,103,0.0,1.0131614,2,123,0.01485314,0.943297,2,143,0.0,0.8823462,0,165,0.0,0.9595166,2,200
24,0.0018920017,1.0226278,2,26,0.005770907,1.0034889,2,49,0.002658326,1.0241407,2,72,0.0004561684,1.0135573,2,92,0.002326187,1.0302086,2,135,0.0,1.0616395,2,155,0.008784435,1.0266552,2,200
25,0.005241213,0.99933445,2,20,0.011059485,0.97429925,2,40,0.0067374385,0.92044866,2,61,0.009217967,0.9413438,2,81,0.00037426644,0.9517414,2,103,0.0,0.83341664,2,123,0.0016136708,0.6972303,0,144,0.0,0.64489764,1,164,0.025446286,0.4836396,1,200
26,0.036415126,0.97809523,2,20,0.01696122,1.0216026,2,47
27,0.0,1.0013047,2,20,0.0009783974,0.9986075,2,40,0.017475192,1.0108063,2,67
28,0.027654087,1.0440251,2,20,0.00069018203,1.003151,2,40,0.013623309,0.9764743,2,69,0.021623485,1.0261583,2,93,0.006925156,0.9828876,2,113,0.0,0.8636673,2,133,0.005458913,0.84142494,2,153,0.006316666,0.757369,2,177,0.0122400895,0.75503945,0,200
