0,0.005351173,1.01374,2,21,0.0,1.0608069,2,41,0.015638512,1.0296654,2,61,0.0,1.020625,2,103,0.014916035,1.0406414,2,123,0.009313445,0.9838929,2,144,0.0036093406,1.0522903,2,164,0.008904282,0.98987514,2,200
1,0.0018993439,1.0229924,2,20,0.008710564,1.0078888,2,40,0.0058466336,0.9957617,2,61,0.00012851367,1.0209279,2,81,0.018033195,0.9354061,2,103,0.00517758,0.9136795,2,123,0.017603055,0.8357994,2,143,0.015645217,0.8123666,2,163,0.08970656,0.723609,2,187
2,0.0043347087,1.0356027,2,65,0.010167297,1.0312791,2,85,0.0022924487,1.066804,2,121,0.0071639093,1.0520284,2,141,0.0071717757,1.0703127,2,163,0.0,0.9687027,2,200
3,0.0035418507,1.0361139,2,43
4,0.0046701105,1.007942,2,31,0.004859434,1.0261539,2,54,0.0,1.0030129,2,74,0.0021360284,1.0113963,2,97,0.0058993422,1.0356334,2,122,0.010277897,0.9943926,2,142,0.0,1.0606505,2,162,0.007380512,0.98705435,2,200
5,0.00079440477,0.9631144,2,20,0.014939497,1.0023917,2,40,0.013718094,1.0363804,0,61,0.0042783483,1.0700881,2,95
6,0.007801005,1.0261524,2,20,0.0069481935,1.0566618,2,42,0.0,1.0510528,2,62,0.0054123127,0.9147058,2,83,0.008510295,0.97703856,2,103,0.035363164,0.91480535,2,124,0.013445584,0.93259704,2,144,0.005080941,0.85224706,2,164,0.0056188214,0.81001264,2,200
7,0.00042419482,1.0246489,3,21,0.008746247,1.0230594,2,41,0.0,1.0293283,2,62,0.006552956,0.94585097,2,82,0.0,0.9739149,2,106,0.0164545,0.82330686,2,126,0.0,0.9352894,2,146,0.039169244,0.87595934,2,172,0.0051713274,0.8619542,2,200
8,0.005680263,0.94938695,2,20,0.022002945,1.0617507,2,40,0.0,0.8838817,2,60,0.098717794,0.8500341,2,80,0.01827269,0.8451644,1,100,0.02663042,0.94884187,2,120,0.0652865,0.7586763,2,140,0.048045374,0.72412795,2,171,0.05123978,0.6396169,2,200
9,0.0,1.0421206,2,20,0.020629544,1.0155764,2,40,0.0048074266,1.0376407,2,60,0.0,0.93017447,2,82,0.0,0.87310857,2,102,0.0038370648,0.7253464,2,132,0.006785461,0.7882633,2,154,0.0,0.8089318,2,174,0.026364168,0.79282826,2,200
10,0.0029777696,1.0210053,2,20,0.0022849725,0.9837245,2,40,0.0032607992,0.9803962,2,66,0.0,0.9864155,2,86,0.033612005,0.9768524,0,106,0.0259825,0.9465543,2,126,0.009235616,0.9234108,3,146,0.054275233,0.9256964,0,166,0.010842546,0.8797285,2,200
11,0.012286941,0.93939,2,20,0.0017587396,0.8776573,2,40,0.0103710005,0.9146538,2,60,0.017227994,0.9518563,0,80,0.011624318,0.85832536,2,100,0.007437053,0.95818925,2,122,0.008047476,0.9644233,2,142,0.0017457257,0.9169877,2,162,0.009230983,0.9364329,2,200
12,0.0,0.9734576,2,26,0.022461241,0.9326804,2,46,0.015951704,0.94261867,2,66,0.0024759523,1.0200216,2,87,0.0037573155,0.8716706,2,110,0.014063578,0.8215538,0,131,0.0077041765,0.6404798,0,153,0.0,0.67400396,0,173,0.0,0.47839552,2,200
13,0.0010350732,1.0500312,2,28
14,0.0,1.0235326,2,20,0.010589724,0.98723465,2,41,0.009155778,1.0818987,2,73,0.0,1.0065527,2,98,0.0022384892,1.0073365,2,119,0.009730839,1.0585264,2,141,0.0,1.0013034,2,162,0.0051409723,1.0392358,2,200
15,0.0065391087,1.0235279,2,20,0.011036538,0.94678,2,40,0.003757337,0.91314447,2,60,0.038292762,0.8967379,0,80,0.039138127,0.90687406,2,100,0.024851752,0.8858534,2,123,0.017363636,0.9958713,2,147,0.009878144,0.92485094,2,167,0.009426817,0.9750841,2,200
16,0.004550071,1.0333495,2,20,0.0043546497,0.99160266,2,42,0.0087203095,0.9829274,0,64,0.0,1.0256149,2,84,0.005757528,0.9703957,2,104,0.01814047,0.9783722,2,124,0.0,0.9546078,2,149,0.0038751953,0.9451911,0,169,0.015470101,0.9458609,2,200
17,0.002942592,1.0001178,2,20,0.0054715844,0.9837918,2,40,0.009016337,0.95135146,2,60,0.0,1.0383617,2,80,0.010972545,1.023429,2,100,0.010505349,0.98846763,2,122,0.0006603281,1.0206966,2,155,0.008262765,0.9796792,2,175,0.0012849071,0.9186598,2,200
18,0.0,1.0008752,2,20,0.010387095,0.9695303,2,41,0.0020781485,0.99993277,2,62,0.006735681,0.9502718,2,84,0.03077482,0.97857225,2,106,0.0,0.9653838,2,126,0.0038018576,1.0141541,3,146,0.0035552315,1.0482556,0,166,0.015222945,0.9321525,2,200
19,0.007164534,1.0083184,2,21,0.0040392336,0.95914716,2,42,0.001553362,1.0024405,2,62,0.034134746,0.9398206,2,82,0.00081951544,0.9504072,2,106,0.0,0.9291771,2,128,0.012825576,0.8904346,2,148,0.0,1.0004979,2,168,0.0057073603,0.88249546,2,200
20,0.01123322,0.93583673,2,28,0.018330464,0.9149903,2,49,0.010760573,0.90807104,2,70,0.037574038,0.7824622,2,93,0.01542174,0.807591,2,114,0.01165191,0.80754834,2,134,0.0,0.84052926,1,157,0.018418314,0.70645773,0,177,0.029754473,0.15790427,0,200
21,0.016264483,0.9500888,2,24,0.015161832,1.0333184,2,44,0.021806426,0.98437804,2,67,0.0,0.99500406,3,87,0.0,0.90354884,2,107,0.0,0.9762518,0,135,0.0,0.8758129,0,156,0.008063726,0.7934183,0,196
22,0.008772422,0.93368965,2,21,0.001760422,1.0127434,2,41,0.004270419,1.0371633,2,66,0.0,1.0431792,2,86,0.0098223435,0.9795809,2,110,0.005533497,1.003347,2,130,0.020356925,0.96705425,2,168
23,0.0069520646,1.0657294,2,20,0.0,1.0061971,2,40,0.0,1.0485002,2,61,0.010396544,1.0373068,2,83,0.0055952896,1.1069942,3,104,0.008213476,1.0304701,2,125,0.0,0.97550285,2,146,0.0,1.0445598,0,166,0.008229578,1.0532,0,200
24,0.027424598,0.9265606,2,24,0.0012304725,0.99069786,2,45,0.013864533,1.0218091,2,68,0.0029952128,1.0809124,2,113,0.0,1.0875491,2,135,0.006161842,1.0499438,2,157,0.0,1.1127322,2,177,0.0,1.0663549,2,200
25,0.0045029195,1.0196482,2,26,0.0029139104,1.010283,2,47,0.023187242,0.9335442,2,69,0.0053337202,1.024058,2,89,0.019685935,0.92137975,2,112,0.017879508,0.93130285,2,132,0.008416566,1.0088097,2,152,0.0,1.0612903,0,172,0.0,0.96239316,2,200
26,0.00983484,0.9947338,2,20,0.001003582,1.0522407,2,42,0.001459957,0.96943295,2,62,0.013364347,0.97511035,2,82,0.0,1.0183761,2,103,0.036391024,0.9745377,2,123,0.019978758,0.95761216,2,143,0.0056725373,0.9713494,2,164,0.020982085,0.92475647,2,200
27,0.011239491,0.9655134,2,20,0.012071396,0.97883207,2,41,0.032993235,0.92557395,0,61,0.046867114,0.9022361,2,81,0.011995178,0.9624446,2,102,0.020347338,0.97860974,0,122,0.007404511,0.90244627,3,142,0.0073644547,0.7986237,2,162,0.015252099,0.7288421,2,200
28,0.03655485,0.9138266,2,20,0.019183934,0.9029306,2,43,0.026818935,0.6574032,2,63,0.0,0.6347215,2,83,0.0,0.5412747,2,104,0.0,0.4414336,2,124,0.0,0.1395777,1,145,0.0,0.2044781,1,179,0.10352262,0.328209,2,200
29,0.009413815,0.9574898,2,20,0.0023473802,1.0005951,2,42,0.0,0.9079067,2,62,0.020234542,0.96171033,2,83,0.0,1.0703701,2,115,0.004720715,0.99124163,2,144,0.0,1.083872,2,164,0.00013298847,1.0020183,2,200
30,0.00013519128,1.0324339,2,30
31,0.0022372562,0.9879031,2,20,0.0,1.0215362,2,40,0.0,1.0073106,2,67,0.0,1.0231994,2,87,0.0009408811,1.0664318,2,113,0.018404966,1.0522605,2,133,0.0,0.984584,2,153,0.00227886,1.04627,2,173,0.0,0.98656017,2,200
32,0.0,1.0389322,2,20,0.0,1.0173752,2,41,0.0,1.0117592,2,65,0.009534959,1.0765047,2,96,0.014475935,0.9815869,2,132,0.0035324509,1.0367452,2,155,0.004088824,0.9301871,2,176,0.0,1.0997986,2,200
33,0.0,0.98476017,2,20,0.013447726,0.8870325,2,40,0.067968264,0.8456971,2,60,0.0,1.0224429,2,81,0.044255216,0.8785212,0,105,0.031099379,0.8820443,2,125,0.026574785,0.8746017,2,145,0.0022730518,0.9772682,2,165,0.013132911,0.9062344,2,200
34,0.014310048,0.915358,2,23,0.0017020041,0.99586326,2,44,0.0,1.014123,3,64,0.006696199,0.77383906,2,86,0.0,1.0028828,2,108,0.0,0.94076794,2,128,0.0045368047,0.9225977,2,148,0.0005589568,0.9351923,0,169,0.0,0.9456788,2,200
35,0.0,0.9552661,2,21,0.0035802566,0.99528635,2,41,0.0,1.0125918,2,61,0.009041823,1.0265293,2,97
36,0.0,1.046038,2,22,0.0,1.059234,2,42,0.0,1.0220636,2,62,0.014643214,1.0292892,2,101
37,0.0,0.9771559,2,22,0.004499978,1.0010531,2,42,0.0,0.9704316,2,62,0.01036597,1.0265076,2,82,0.007590784,1.0757351,2,102,0.02234377,1.0261787,2,126,0.004076756,0.9727855,2,147,0.018113485,0.97212255,2,168,0.0,0.90985847,2,200
