0,0.000903609,0.9951661,2,21,0.0,1.0312527,2,41,0.008936159,0.98029256,2,65,0.0030551404,0.9908895,2,87,0.0010871353,0.95245636,2,108,0.0035862706,0.7724865,0,128,0.0,1.0756509,2,150,0.0,1.0905136,2,170,0.035128336,0.6127055,2,200
1,0.0,1.0902684,2,23
2,0.0,0.99830616,2,20,0.0,1.0019218,2,46,0.0,0.98241675,2,66,0.018230457,0.9617504,2,88,0.011320324,0.9900235,2,108,0.0,1.018901,2,134,0.019741353,0.9678251,2,155,0.0,0.9127307,2,175,0.0,0.842125,1,200
3,0.0,0.9971086,2,20,0.0024215847,1.0390525,2,45,0.0028055327,0.97381055,2,67,0.0,0.9792562,2,89,0.010217853,0.8618037,2,110,0.0,0.859932,2,132,0.012799707,0.9944339,2,152,0.004652986,0.91729957,2,172,0.005842299,0.87199175,0,200
4,0.01530721,0.93151754,2,23,0.01110304,0.8862365,2,43,0.0,0.9116607,2,63,0.008944793,0.97849685,2,84,0.003811439,0.99986887,2,104,0.00028105156,0.93282974,2,124,0.009232204,0.9300915,2,144,0.0068869563,0.86044633,2,164,0.00724713,0.9676683,2,200
5,0.0013215251,1.0022708,2,20,0.0039503393,0.8923736,2,42,0.0,0.99122024,2,64,0.020425564,0.98119336,2,84,0.008127015,0.96927625,2,121,0.011605864,0.9962417,2,141,0.0004494329,0.8885836,0,165,0.003095199,0.82786787,2,200
6,0.047282975,0.96123964,2,20,0.005033917,1.0193955,2,53
7,0.013345236,0.9507867,2,20,0.04582672,0.99234027,2,57
8,0.008680572,0.94707364,2,20,0.0019759033,0.88355625,2,40,0.0,1.005039,3,63,0.0,0.8094791,2,84,0.010328389,0.8590447,2,105,0.011902937,1.0241412,2,127,0.0016628162,1.053389,2,150,0.010156335,0.95777977,2,171,0.0072052795,0.944402,3,200
9,0.008564329,1.006389,2,20,0.006535551,1.031925,2,40,0.0036546546,0.93916845,2,61,0.004033608,0.9927288,2,94,0.0,0.9981624,2,114,0.020239292,0.91641223,2,134,0.018904667,1.0075452,2,154,0.019857053,0.910032,3,175,0.017611979,0.93412155,2,200
10,0.009197951,1.0077846,2,36,0.027108923,1.0159243,2,67,0.0138506275,0.914172,2,87,0.03054797,0.91209775,2,107,0.014270089,0.9079199,2,129,0.04055417,0.9570226,2,151,0.0035610935,0.90997314,2,175,0.006267473,0.9731431,2,200
11,0.0014430434,1.0296413,2,25,0.009660389,0.97538644,2,45,0.007517916,0.9926704,2,65,0.011186516,0.91982496,2,85,0.018980335,0.92125434,2,105,0.010164771,1.0476356,3,127,0.0,1.0564535,3,147,0.014575246,0.9173356,2,167,0.036697097,0.86627406,2,200
12,0.011467304,1.005846,2,20,0.010985368,0.9628325,2,43,0.008691654,0.9994594,2,63,0.011170479,1.0360638,2,83,0.0003538501,1.0070682,2,107,0.0,0.89404833,2,127,0.0,0.83633703,2,149,0.0,1.027489,3,170,0.009376305,0.97519475,2,200
13,0.012924243,0.9903889,2,25,0.0,1.0650356,2,45,0.02057349,0.9828958,2,66,0.05156851,0.9160139,2,86,0.0198355,0.9405282,2,107,0.017984428,0.9348528,2,127,0.013704483,0.9491993,0,147,0.0027638345,0.880528,2,167,0.04267582,0.8480894,2,200
14,0.0,1.0091573,2,20,0.011174726,0.9419736,2,48,0.03540981,0.9632166,2,68,0.038928356,0.87934065,2,89,0.044399988,0.93967354,2,109,0.008455684,0.926157,2,132,0.05790056,0.99360085,0,152,0.06572298,0.9448753,2,174,0.033714414,0.9969286,2,200
15,0.0065598562,0.9845192,2,20,0.0014511104,0.98521906,2,41,0.013099952,0.84434646,2,62,0.0,0.94960845,2,82,0.0,0.76192147,0,102,0.03152692,0.92293704,2,122,0.04160928,0.8297695,0,142,0.0064858934,0.8819977,0,162,0.021810077,0.76642334,0,200
16,0.0020995766,1.0687121,2,22,0.0,0.9696852,2,54,0.0054444456,0.96868896,2,74,0.0,0.87828267,2,100,0.0,0.8224765,2,121,0.0,0.67071337,0,143,0.0,0.4856277,0,163,0.0058187977,0.6171845,2,200
17,0.005593532,0.9578166,2,20,0.010587556,0.901381,2,41,0.027572071,0.817454,2,61,0.019219164,0.8534772,2,81,0.0,0.7528145,0,101,0.0,0.5768703,1,121,0.0,0.400613,1,143,0.0,0.4372707,1,164,0.0,0.50686765,2,200
18,0.0,1.0331215,2,21,0.024657795,0.9198087,2,41,0.010745258,0.9187273,2,61,0.0109150335,1.0050342,2,81,0.022782825,1.0345067,2,103,0.034444135,0.8405309,0,123,0.039542355,0.88926715,2,143,0.008853319,0.77668244,2,163,0.003788565,0.51333743,1,200
19,0.025797123,0.9571312,2,25,0.0023296417,0.99691993,2,49,0.0037840575,1.0195355,2,74,0.019403545,0.9162208,2,94,0.007540086,1.0320252,2,114,0.030103669,0.99865234,2,135,0.011770332,0.88479036,2,157
20,0.022118445,0.9642537,2,21,0.011152649,0.9652502,2,42,0.023877855,0.9539213,0,62,0.021423385,0.8321616,2,83,0.030004334,0.93228567,2,103,0.02581817,0.975385,2,124,0.0,0.9232603,2,146,0.014477571,0.9865489,3,166,0.006663798,0.90111667,2,200
21,0.013039335,1.0061972,2,22,0.0128914,0.95702684,2,42,0.004441374,0.95145315,2,63,0.003665667,0.8998812,3,83,0.0,0.86699474,2,103,0.0,0.7517413,2,123,0.0,0.7766058,2,145,0.006897681,0.8168106,2,166,0.0036917587,0.737288,2,200
22,0.014041727,1.0074594,2,21,0.0076773455,1.040145,2,41,0.008473734,0.9552622,2,61,0.0077751996,0.9519435,2,81,0.009300053,1.0381505,2,101,0.03921486,0.88261414,2,124,0.044035837,0.9355061,2,145,0.043221086,0.87659913,2,165,0.063631706,0.9390343,2,200
23,0.011024335,0.96352327,2,32,0.017189566,0.98680943,2,53,0.0034133487,0.9653194,2,75,0.009029382,0.94853485,2,95,0.0011469746,0.8494593,2,115,0.0,0.6836806,0,135,0.0,0.93344486,3,155,0.0,0.8333982,2,177,0.0,0.7719443,2,200
24,0.0039793933,1.017945,2,31,0.0,1.0256203,2,51,0.00046758604,0.99609774,2,71,0.0,0.9738288,2,92,0.004203673,1.0021856,2,113,0.0,1.0607007,2,136,0.016406067,1.0354432,2,158,0.008066987,1.0949118,2,178,0.0,0.97325706,2,200
25,0.019782785,0.9908951,2,22,0.016412308,1.0877712,2,42,0.0,0.9724142,2,62,0.017174648,0.9619537,2,93,0.015583846,1.0245903,2,113,0.0054695704,1.0671065,2,136,0.0009024229,1.023084,2,159,0.0029400138,1.1240692,0,180,0.001073772,0.98799515,2,200
26,0.006430996,0.9904912,2,20,0.0007575151,1.0608822,2,43,0.008391479,1.0100389,2,68,0.0075042383,0.987655,2,89,0.0019018935,1.0541546,0,109,0.0073499605,0.98145723,2,129,0.01378355,1.0439948,2,149,0.012880533,1.0258654,3,171,0.021113278,0.97448105,2,200
27,0.008051634,1.0088189,2,21,0.013441476,0.96884274,2,43,0.0020363794,1.0013397,2,66,0.0,0.9675808,2,86,0.03804956,0.9647682,2,108,0.0075729066,0.9300768,2,129,0.0,0.910629,2,149,0.05053555,0.5352076,2,188
28,0.013451079,0.9830458,2,23,0.005852766,1.0395283,2,44,0.012340384,0.93334746,2,67,0.0,1.0243115,2,89,0.008187142,0.96044904,2,110,0.0063075833,1.0245197,2,130,0.008017558,1.0196404,2,152,0.009089918,1.0315245,2,177,0.01141834,1.0744268,2,200
29,0.0,1.0237179,2,25,0.0065210527,0.93322563,2,45,0.014233949,0.96114695,2,65,0.014793687,0.96239465,2,88,0.050595254,0.9675356,2,108,0.004622771,0.89416933,2,128,0.0046517504,0.9104446,2,148,0.030787138,0.9481562,2,169,0.006153352,1.0076348,2,200
30,0.0,0.9887331,2,21,0.0068470477,0.951289,2,41,0.004502028,1.0058023,2,61,0.016727624,0.9260237,2,86,0.002175615,1.0037977,0,108,0.0,0.9415157,2,140,0.0,0.95826465,2,161,0.014874027,0.89956665,2,200
31,0.01357313,0.981675,2,20,0.0,0.9574066,2,43,0.011268638,0.9952857,2,63,0.009986377,0.9740924,2,85,0.0013307633,1.0743378,2,107,0.0,1.0178405,2,127,0.003011549,1.0293015,2,154,0.0056212866,1.0322298,0,174,0.00050029403,1.0413268,2,200
32,0.002633589,0.9661883,2,20,0.0075545446,0.9527136,2,40,0.0037409097,0.9238204,2,78
33,0.019668454,0.983281,2,20,0.03991927,0.9083999,2,41,0.012010391,1.013295,2,61,0.0053050406,1.0546963,2,81,0.0,0.96805626,2,106
34,0.0080006495,1.0163302,2,39
35,0.013114253,1.0301793,2,20,0.027519021,0.9320735,2,41
36,0.021019535,1.0694003,2,22
37,0.0017050572,0.98202217,2,20,0.0016219775,0.9762541,2,42,0.0,0.9424426,2,70,0.03909056,0.9166752,2,90,0.00963548,0.9228818,2,110,0.0,0.9363535,2,132,0.0,0.9349543,2,152,0.0,0.96209824,0,172,0.0,1.0073136,2,200
38,0.010107538,0.99025106,2,20,0.0,0.9472637,2,40,0.0068355175,0.97751683,2,60,0.014281374,0.965432,2,80,0.015859969,0.8955552,2,104,0.0,0.82720214,2,124,0.018477157,0.81450665,2,144,0.034265,0.5369359,2,164,0.078769356,0.68935937,2,200
39,0.020226443,0.9369963,2,25,0.02850067,0.9603395,2,46,0.009267358,1.0147691,2,66,0.009972328,1.0540512,2,98
40,0.0,1.0147557,2,23,0.005999105,0.96578485,2,43,0.010263559,0.7322666,2,63,0.021064982,0.7036202,2,83,0.03937571,0.5515901,2,103,0.05043993,0.4272429,2,123,0.0065492345,0.5769033,2,143,0.011254388,0.6974584,2,163,0.03355861,0.7278752,2,200
41,0.007882955,0.98754656,2,20,0.012202509,1.0115688,2,51,0.008261771,1.019784,2,102,0.026681911,0.97783697,2,122,0.01461573,0.90142053,2,144,0.017352253,0.6912722,0,166,0.0,0.9471938,0,200
