0,0.0070843706,0.99132985,2,20,0.012165659,0.89833105,2,40,0.0,0.7151206,2,60,0.0,0.83436203,2,80,0.0,0.7825023,0,101,0.0,0.4496819,2,121,0.0,0.50494736,2,141,0.0,0.2645736,1,161,0.02791519,0.3107371,1,200
1,0.0007722,0.9967727,2,22,0.019118544,1.0061035,2,42,0.027956538,0.87821454,2,65,0.06479044,0.90934736,2,85,0.03889327,0.9263447,2,109,0.0029033325,0.9164387,2,129,0.0128985,0.9630017,0,149,0.027608985,0.8983116,2,169,0.0011191628,0.9656737,2,200
2,0.0018064097,0.99243796,2,20,0.0068661035,1.0091025,2,42,0.010857103,1.017232,2,62,0.051618516,0.935747,2,82,0.01579865,0.9606609,2,104,0.017533818,1.0431248,2,127,0.0,0.95275784,2,147,0.0,0.98846114,2,173,0.008976913,1.0122293,2,200
3,0.0069543105,0.94545615,2,22,0.0151955765,0.8886056,2,42,0.0,0.6856009,2,63,0.0,0.60477793,2,83,0.0233114,0.46943706,2,103,0.0,0.2964232,1,124,0.0,0.2728141,1,144,0.0,0.14782795,1,164,0.022615433,0.2740503,1,200
4,0.0015914176,1.0225801,2,20,0.013741274,1.0348501,2,44,0.006780535,0.99865514,2,65,0.0054388745,0.98519343,2,85,0.0016479387,1.0300927,2,107,0.0,1.0389229,2,127,0.00021966621,0.9268807,2,147,0.022982458,1.0153664,3,167,0.008262195,1.0405191,2,200
5,0.0032089038,1.0554457,2,23,0.015179098,0.96675605,2,43,0.010729233,1.0288682,2,63,0.012300858,1.0055308,2,83,0.005432127,1.0407007,2,105,0.005662622,1.0631698,2,129,0.01732323,1.0193332,3,154,0.016252587,0.9680554,2,175,0.0033596156,0.92969674,2,200
6,0.022736857,0.92663616,2,26,0.031252004,0.98823464,2,47,0.02685161,0.9243431,2,71,0.034938194,0.84769267,2,91,0.010132067,0.8343019,2,112,0.0,0.6992788,0,132,0.0,0.7574864,0,156,0.0,0.742028,0,178,0.0141262235,0.4026303,0,200
7,0.0038146842,0.9943496,2,23,0.010622902,0.9466208,2,43,0.004202177,0.9883175,2,65,0.0,1.0364459,2,85,0.008296605,0.9402914,2,107,0.021257114,0.9691454,2,127,0.002624948,0.9544075,2,147,0.020883532,0.9813924,2,168,0.015740737,0.9847219,2,200
8,0.0,1.0399776,2,36,0.004695404,1.0123972,2,71,0.008941119,1.0422927,2,93,0.012762755,1.011209,2,113,0.0012664638,1.0706568,2,144,0.0,1.0854437,2,167,0.00856843,1.0670608,2,200
9,0.003467307,0.96161425,2,21,0.0,1.0274057,2,44,0.02243276,0.9470365,2,67,0.0046538496,1.0036318,2,87,0.0029717332,0.95296323,2,112,0.025007302,0.9595771,2,133,0.03254841,0.9150761,2,153,0.0011285495,1.0108905,3,173,0.053780966,0.8879665,3,200
10,0.0041955314,0.9904971,2,23,0.0028698638,1.0495363,2,47,0.0,0.9934174,0,67,0.037538704,0.89844763,2,92,0.007525803,0.8424696,2,112,0.011544473,0.8811108,2,133,0.003900226,0.8273565,2,156,0.020068524,0.60770416,2,176,0.014347661,0.51738703,0,200
11,0.002027113,0.96335757,2,20,0.0,1.03931,2,43,0.0058239936,0.9858681,2,64,0.005794215,0.94496423,2,86,0.010358376,1.0110627,2,106,0.0,1.0018532,2,127,0.024605907,0.9745842,2,147,0.028515244,0.918317,2,167,0.002072863,1.0134426,2,200
12,0.00800362,1.0101904,2,20,0.011735318,1.014069,2,41,0.024072953,0.96854675,2,61,0.02566591,0.98380476,2,84,0.0,1.019487,2,109,0.009194605,1.0786599,2,132,0.0,0.9683312,2,152,0.0,0.9991148,2,172,0.0007391982,0.88064414,2,200
13,0.0016402787,0.9537343,2,25,0.015624547,1.0548546,2,46,0.0,0.9964247,2,66,0.004910943,0.9331908,2,89,0.0,0.97046006,2,109,0.0057214107,0.92049766,2,131,0.026407445,0.856074,2,151,0.0,0.8622495,2,172,0.021140087,0.90375316,2,200
14,0.0051539503,0.97692543,2,21,0.031106535,0.9551735,2,41,0.005526847,1.0178694,2,64,0.0,0.947917,2,84,0.009508345,0.95143986,2,104,0.019190693,0.95699424,2,126,0.003698437,0.96656454,2,146,0.0021044598,0.9838182,2,166,0.021533461,0.89894795,2,200
15,0.011562636,1.0359004,2,22
16,0.012260391,0.98340005,3,21,0.0,1.0542357,2,41,0.0009284131,0.9793298,2,75
17,0.0061071655,0.9523646,2,20,0.00391883,0.9325183,2,40,0.0,1.0192493,3,61,0.0,1.0229073,3,83,0.003288821,1.0059397,2,103,0.016820341,0.969864,2,123,0.012909927,0.7600859,2,145,0.008999239,0.803926,2,166,0.06335139,0.62040097,2,200
18,0.012012782,1.0042282,2,31,0.012640488,0.9415986,2,51,0.007965011,0.92641795,2,71,0.0,0.97217834,2,98,0.0044611515,0.89643556,2,118,0.028017543,0.9628224,2,140,0.0066604954,0.7966225,2,161,0.0068520834,0.83007246,2,200
19,0.007077139,1.0046194,2,20,0.008358132,0.9821294,3,40,0.01181585,0.9686981,2,66,0.015133244,0.95285004,2,90,0.010055964,0.990304,2,118
20,0.0027201718,1.0375665,2,36
21,0.0,0.9718236,2,20,0.00023158165,1.0703295,2,42,0.0089363875,0.9996974,2,69,0.029906653,0.9620851,2,95,0.0061554513,1.0404699,0,116,0.0,0.98150754,0,137,0.06845167,0.9537484,2,158,0.0,0.92238605,2,178,0.0,0.86227584,2,200
22,0.019277824,1.0225356,2,20,0.010532944,1.0609647,2,44,0.009592322,1.0056355,2,68,0.006825504,1.0285825,2,89,0.0,1.0213133,2,109,0.009597768,1.0316352,2,131,0.0051774858,1.0352818,2,152,0.0,0.9780024,2,173,0.009549701,1.0085036,2,200
23,0.008224302,0.9021342,3,24,0.0,0.90635425,0,44,0.0,0.9460908,2,64,0.0,1.0557358,2,85,0.00326842,1.0824131,2,105,0.0040205764,0.9807933,2,125,0.0,0.9896459,2,150,0.0048411167,0.94707197,2,178,0.0,0.9339114,2,200
24,0.0005139016,0.97478974,2,20,0.0037233017,0.9790157,2,40,0.0058907145,0.93775606,2,60,0.015811255,0.864324,2,80,0.01821414,0.9695404,2,100,0.008142763,0.8912825,2,122,0.010032536,0.95117915,2,142,0.0,0.9569983,2,178,0.027151458,0.87655467,0,200
25,0.00013037269,1.0366282,2,23,0.0,0.9836997,2,43,0.02619275,0.93833256,2,63,0.008983558,0.91910416,2,84,0.0,0.9528726,2,104,0.002185579,0.9375902,2,125,0.0,1.008931,2,151,0.0072057606,0.90732706,2,171,0.008149553,0.8991685,2,200
26,0.0070100413,1.0199442,2,20,0.0025309501,0.9978298,2,41,0.0,1.06368,2,61,0.0,0.98583966,2,81,0.015447386,0.96250695,2,108,0.0,0.99161947,2,129,0.0,0.89201754,0,149,0.0015012999,0.92158633,2,172,0.0,0.8078458,2,200
27,0.0,0.97655284,3,20,0.0015726432,1.045975,2,40,0.016773865,0.9997813,2,60,0.0044409023,1.0378653,2,81,0.0,1.067772,2,106,0.016523257,1.0382016,2,127,0.005140513,1.0655715,2,152,0.0,1.0781131,2,173,0.008611272,1.0520514,2,200
28,0.0027897977,0.9299792,2,20,0.019418608,0.95291,2,49,0.016548857,0.9831573,2,69,0.029092312,0.92617434,2,89,0.008423728,0.8795009,2,112,0.0041116206,0.9550207,2,133,0.0,0.9771818,2,153,0.0,0.9728304,0,173,0.025887556,0.77599293,2,200
29,0.0062521426,0.97117555,2,23,0.004278083,0.9890543,2,45,0.0066523654,0.9749452,2,65,0.0071834167,0.9285235,2,86,0.013909857,0.8668375,2,110,0.0,0.7916249,2,130,0.015433922,0.80534935,2,150,0.03176645,0.7078981,2,171,0.03200744,0.73217016,2,200
