0,0.0013014872,1.0365907,3,23,0.0020927624,1.0154073,2,55,0.025318777,0.9513216,2,75,0.010872143,1.0305417,2,98,0.011261299,1.0975567,2,118,0.0,1.0950575,0,138,0.005028785,1.0023255,2,170,0.0058669206,0.957779,2,200
1,0.0010811449,0.97271097,2,20,0.00323566,1.0017426,2,40,0.0010208685,0.9221733,2,60,0.007710113,0.91995317,2,80,0.009408566,0.9166458,2,103,0.042025592,0.89348495,0,123,0.0044459645,0.9628141,2,147,0.008138599,0.9959856,2,200
2,0.013765718,1.0006808,2,20,0.0,1.0061569,2,41,0.0025669313,0.98518723,2,61,0.004418185,1.051142,2,82,0.0026858097,0.9948592,2,103,0.0,0.96925175,2,124,0.0,0.9818923,2,145,0.0071478942,1.0010886,2,165,0.015237321,0.90438414,2,200
3,0.0,1.0452994,2,24,0.0,1.0284454,2,45,0.0015155873,1.0025041,2,65,0.0,1.0377228,2,85,0.0031324173,1.0448166,2,115,0.0012816234,1.0199417,2,143,0.01488558,1.0547638,2,180,0.01872763,1.0283153,2,200
4,0.0,0.9881115,2,28,0.013228084,1.0125432,2,49,0.01283751,1.0314407,2,69,0.013735531,1.021669,2,97,0.00037931855,1.0490311,2,117,0.0,0.986313,2,137,0.0021229794,1.0551187,2,160,0.0027116516,1.0157546,2,200
5,0.015425412,0.9566805,2,20,0.00048321823,0.98465675,2,42,0.0019274593,1.0396428,2,62,0.010006697,0.9667206,2,83,0.030851614,0.8963357,2,103,0.07737907,0.87762606,2,123,0.0,0.9852289,2,143,0.036017325,0.9217539,2,165,0.012573247,0.7778044,2,200
6,0.007842211,1.0501052,2,27,0.0,0.98418516,2,48,0.0,1.0112572,2,68,0.0023263097,0.9876369,2,97,0.0037934694,1.0712761,2,117,0.0,0.9913534,2,137,0.011812339,0.9835985,2,160,0.037180644,0.95137644,2,180,0.0020318138,0.9833419,2,200
7,0.0023656846,0.87495005,2,29,0.029068498,0.85121465,2,50,0.00617166,0.98496974,2,71,0.03967299,0.56920284,2,91,0.091284946,0.47297615,0,114
8,0.01031446,0.9728192,2,21,0.0026551744,0.9719078,2,48,0.016787801,0.9755226,2,74,0.010502744,0.97330767,2,102,0.050414592,0.8875378,2,125,0.021165337,0.9332553,2,146,0.030289188,0.97394735,2,166,0.050900783,0.90061384,2,200
9,0.0069032507,0.9674735,2,20,0.04056702,0.94511116,2,41,0.015454307,0.8632183,0,63,0.008539325,1.0012537,2,83,0.022308597,0.8929783,2,103,0.020539766,1.0007164,3,123,0.05212617,0.942035,2,144,0.04205812,0.9879189,0,166,0.017391047,0.80056405,2,200
10,0.0120329065,0.95799285,2,20,0.008605283,1.0087657,2,40,0.0137156,0.93107504,2,61,0.04350438,0.88164806,0,81,0.0,0.9668292,2,101,0.0,0.80871326,2,121,0.0,0.55773485,2,142,0.018326547,0.6945432,1,163,0.0,0.5519453,2,200
11,8.951696e-05,0.99893254,2,20,0.00042575883,1.0159101,2,41,0.0,0.94708747,2,65,0.0066943704,1.0002142,2,87,0.0,0.9512511,2,108,0.018655706,0.99025047,2,128,0.0021010288,1.0154648,2,151,0.0066477493,0.98830473,2,171,0.0067491536,0.7960818,2,200
12,0.008462408,0.9647638,2,33,0.0,0.8124431,2,53,0.0,0.68183017,0,73,0.0,0.7552013,2,93,0.0,0.79202235,2,115,0.0,0.8140781,2,139,0.0,0.76700413,2,160,0.0,0.5365824,1,180,0.015385305,0.7349514,2,200
13,0.008712585,1.0052509,2,22,0.0047467113,0.9880861,2,44,0.0003341913,0.964752,2,64,0.011256134,0.9688549,2,84,0.0030193715,0.9503463,2,109,0.0075199143,0.94387513,2,129,0.029077733,0.9601385,2,149,0.022587625,0.9933763,2,171,0.003985538,1.0195254,2,200
14,0.0047724205,0.90979564,2,21,0.0013232741,0.95166314,2,41,0.011133445,0.9360401,2,68,0.0058519416,1.016531,2,88,0.02565682,0.9840652,2,108,0.021264564,0.9491865,2,128,0.03792648,1.0267899,2,148,0.024861678,0.95198286,2,173,0.022273872,0.9670811,2,200
15,0.0051663085,1.0417154,2,20,0.0043648398,1.0117824,2,73,0.011082268,0.99100953,2,96,0.0009890359,0.8712233,2,116,0.0044778064,0.887341,2,136,0.013791002,0.92949307,2,156,0.020418482,0.84738284,2,176,0.022322616,0.90171385,2,200
16,0.0,1.0136286,2,21,0.005784824,1.0169696,2,42,0.015302204,1.1317301,2,67,0.00069600524,0.945552,2,94,0.0,1.068656,2,114,0.021462142,0.9910471,2,134,0.0,0.93369913,0,154,0.0,1.117224,2,174,0.030231576,0.81775624,2,200
17,0.0063819634,0.97982085,2,20,0.0,0.9767931,2,40,0.03478876,1.0586786,2,60,0.021144355,0.95887953,2,84,0.0,0.97473085,2,104,0.015008078,0.9762907,2,139,0.024794329,0.9741063,2,162,0.005780447,0.9753973,2,200
18,0.0108942995,0.9802914,2,23,0.0,1.0306967,2,45,0.0075281295,0.97550803,2,69,0.0014160547,1.00308,2,90,0.0121126715,0.95254254,2,112,0.011873377,1.04038,2,134,0.0,1.1250818,2,154,0.00061130256,1.033342,2,175,0.012135106,1.005842,0,200
19,0.0019332492,1.0049852,2,21,0.0,1.0482637,2,52,0.001188611,1.0162858,3,72,0.015031662,0.96448326,2,95,0.04676942,0.9289647,2,118,0.030338228,0.9166939,2,142,0.01250196,0.974311,2,162,0.016918981,0.87486666,2,200
20,0.02470152,0.903835,2,20,0.0,0.9374434,2,40,0.014165036,0.8931508,2,64,0.03055852,0.95220536,2,84,0.022451548,0.6928092,2,104,0.0,0.45514783,1,124,0.00028915907,0.67386025,2,144,0.011484445,0.5023316,2,166,0.0004982047,0.63369733,2,200
21,0.0,1.0381489,2,20,0.022354353,0.9795209,2,41,0.0,0.9853202,2,62,0.047210213,0.99700874,2,84,0.005650247,0.94441485,2,105,0.021547694,1.0536909,2,127,0.0050082467,0.9936533,2,147,0.013148428,0.9318991,2,175,0.0,0.8345056,2,200
22,0.0,0.9424205,2,20,0.0,0.98244476,2,42,0.005935689,0.9728682,2,69,0.008565753,0.93227106,2,95,0.0,0.983468,2,118,0.013566689,0.92784244,2,141,0.012290352,0.8618587,0,161,0.08057283,0.844048,0,184
23,0.0057463557,0.95562994,2,20,0.00085451914,0.986542,2,42,0.0,1.1202912,0,62,0.0032494175,1.0972354,0,82,0.0030774903,1.0554268,3,102,0.0,1.123076,0,122,9.314929e-05,1.0589871,2,143,0.0,1.0141476,2,166,0.0,1.0683726,2,200
24,0.0038182451,0.98913777,2,20,0.0017788894,1.0427548,2,40,0.0,0.9927145,2,60,0.008431223,0.99395484,3,84,0.008967055,1.0379565,3,104,0.0,0.9977209,3,124,0.0052788295,0.9820514,2,147,0.014647778,1.0036942,3,169,0.008057824,0.99175835,2,200
25,0.0010168571,1.0623153,2,24
26,0.0,1.0191202,2,24
27,0.0046484913,1.0431511,2,23
28,0.0046505393,1.0246006,2,24,0.008673195,0.9990899,2,48,0.0087014595,0.88718575,2,68,0.030262109,0.9830987,2,88,0.0,0.96936196,2,109,0.010169203,0.9930179,2,135,0.00745372,0.9641127,2,157,0.04197832,0.9467723,2,178,0.0076573105,0.98993945,2,200
29,0.0074237077,0.99329454,2,20,0.0051115737,1.0264711,2,52,0.004920788,0.9512598,2,72,0.0017171231,0.894432,2,98,0.0,0.9233328,2,118,0.0,0.8379469,3,138,0.004086462,0.8756656,0,160,0.007870837,0.9312906,2,180,0.013548928,0.85401666,2,200
30,0.00083991775,0.978772,2,24,0.0,1.0685709,2,44,0.0074991817,1.0173471,3,64,0.0,1.0351139,2,85,0.023935243,0.9864844,0,106,0.0031176612,0.98947126,2,126,0.025455287,0.9120461,2,146,0.010081828,0.91717356,2,179,0.0108850775,0.905251,2,200
31,0.0,1.0066385,2,20,0.0002841992,1.0424775,2,41,0.00058224896,1.0205084,2,65,0.0,1.0528543,2,85,0.011754637,1.0106754,2,105,0.0,0.9997762,2,125,0.0008167593,0.9504739,2,145,0.03760164,0.91939944,3,165,0.017990142,0.9474846,2,200
32,0.014306668,0.99449867,2,34,0.010060085,0.9975003,2,54,0.026183456,0.97350216,2,76,0.012459597,0.89882153,2,99,0.011980469,0.978055,2,123,0.02051366,0.8949855,2,144,0.039931115,0.99490434,2,164,0.03888058,0.7690258,0,200
33,0.026260436,0.94257486,2,20,0.012352143,0.9357098,2,40,0.018069576,0.8433157,2,60,0.017878398,0.85719365,2,80,0.03656239,0.75497675,2,101,0.041734572,0.6831094,2,122,0.0,0.6457654,2,143,0.0018258477,0.79318845,2,164,0.022743404,0.6305959,2,200
