0,0.016014714,0.9617295,2,20,0.0052276473,0.9297522,2,41,0.0,1.0537207,2,61,0.009450076,1.0042979,2,82,0.0,1.0314226,2,105,0.005633729,1.0126776,2,126,0.0,1.0286572,3,151,0.00047709505,0.9969616,3,171,0.03151802,0.8376623,2,200
1,0.016558379,1.0034431,2,21,0.003137077,1.0182883,2,45,0.006204603,0.9921805,2,66,0.010164287,1.0349448,2,89,0.0,1.018198,2,112,0.0034902699,0.9668562,3,132,0.0007240216,1.0577632,2,152,0.04754346,0.98914367,2,172,0.0042734067,1.0685622,2,200
2,0.014698572,0.9246935,2,32,0.021651655,1.0370922,2,58,0.009310932,1.0172632,2,78,0.020045672,0.9643876,2,98,0.0058170953,0.9722235,2,127,0.004144519,1.0210965,2,153,0.0051449123,0.99167895,2,174,0.0,1.0312151,2,200
3,0.0017098774,1.0224202,2,28,0.0,0.9777625,2,53,0.0,1.0831904,2,78,0.014657694,1.0432246,2,105,0.013648192,0.9944392,2,126,0.0054531195,0.9952035,3,147,0.0,0.96842706,2,169,0.0,0.982744,2,200
4,0.008586955,0.95773107,2,20,0.021218285,1.0248849,2,41,0.0025630202,0.9544039,2,63,0.0,0.94858676,3,83,0.00826131,0.9307535,2,107,0.0,0.866591,2,131,0.0,0.7917671,2,156,0.02234893,0.8662019,2,176,0.016336806,0.72060686,0,200
5,0.0,0.9938208,2,20,0.019655189,0.97857887,2,41,0.007919252,0.9847938,2,61,0.0,0.9942665,2,82,0.0064649684,0.9390047,2,102,0.0,0.91077805,2,122,0.0,0.9820652,2,143,0.007693446,0.9171696,2,163,0.016856847,0.95496845,2,200
6,0.014290678,1.001339,2,24,0.0039307373,1.011979,2,44,0.0144173,0.95974475,2,67,0.010640018,1.0525739,2,87,0.00816047,1.0448714,2,110,0.0027922704,1.0139306,2,130,0.0023511187,0.93957865,2,151,0.0,0.9461686,2,172,0.004583754,0.9545401,2,200
7,0.036865402,0.8718349,0,21,0.0,0.93300074,2,42,0.0,0.7888009,2,62,0.0,0.83001494,2,84,0.0016173118,0.7160889,0,104,0.0,0.9343087,0,124,0.0,0.88046294,0,144,0.0,0.9944857,0,166,0.044139005,0.62995183,0,200
8,0.025818884,0.96683186,2,21,0.018779617,0.92964506,3,41,0.0012202136,0.94834167,2,65,0.023952786,0.85421425,2,86,0.0,0.8676092,2,106,0.008984383,0.8986416,2,126,0.05160461,0.9008875,2,146,0.00055191654,0.6536927,0,167,0.022281216,0.39137554,0,200
9,0.0,1.0642003,2,23,0.0019571553,1.009833,2,54,0.0038229832,0.99743235,2,76,0.022957986,1.0324671,3,96,0.009599506,0.9769576,2,117,0.017275238,0.9374716,2,140,0.0072002746,1.0302947,2,168,0.0019848621,0.9992783,2,200
10,0.003402887,0.9493527,2,24,0.04404667,0.9500753,2,44,0.0104028415,0.91697246,2,67,0.0,0.87506527,2,93,0.037264556,0.9414032,2,113,0.0070892614,0.92034405,2,134,0.0,0.92557883,2,156,0.00016958863,0.7179471,2,176,0.0,0.7452553,2,200
11,0.004430063,1.0000644,2,20,0.0019799445,1.0231712,2,40,0.0016071013,0.97423357,2,69,0.009521506,0.98287445,2,91,0.009664617,0.94563943,2,113,0.0025336575,0.977891,2,134,0.00577086,1.0245436,2,162,0.0041405726,0.9698916,2,200
12,0.017972833,0.97620636,2,21,0.016235871,0.97582906,2,43,0.035462156,0.98229295,2,65,0.0074910186,0.87237424,0,85,0.016641833,0.8548792,2,106,0.028917879,0.95384216,3,126,0.06080649,0.9788405,3,146,0.0,0.80341977,2,166,0.02536968,0.84039694,3,200
13,0.0059457333,1.0101708,2,27,0.02159686,0.98506546,0,47,0.0,0.99116784,2,67,0.020970505,0.97321093,2,87,0.001424038,0.9244226,2,124,0.0037396762,0.97235197,2,145,0.0059917197,0.91395104,3,165,0.027909258,0.8548185,0,200
14,0.007922433,0.9855866,2,32,0.0,0.9868386,2,54,0.005758031,0.9963724,2,74,0.0110379625,0.97938645,2,109,0.0127715925,0.96537423,2,131,0.020843105,0.9576596,2,151,0.0033994415,0.9512601,2,171,0.020525916,0.62933934,0,200
15,0.007388325,1.0049645,2,21,0.006939257,1.0427965,2,42,0.0028288115,0.93484306,2,62,0.0564834,0.9341714,3,82,0.017563777,0.9087167,2,102,0.06210848,0.8220555,2,122,0.07964794,0.92477065,2,142,0.0049858484,0.9145104,2,168,0.021780426,0.9335054,2,200
16,0.0,1.0406812,2,21,0.0067314007,0.99951315,2,41,0.032507636,0.9310562,2,61,0.01949355,0.8966206,2,81,0.022938816,0.9483859,2,102,0.0,1.0002606,2,127,0.012106026,0.9310128,2,147,0.02625089,1.0145185,2,173,0.05931409,0.9324811,2,200
17,0.005009912,1.019054,2,22,0.008507075,1.0806837,2,46,0.0036096193,1.0600129,2,68,0.0,0.99257416,2,94,0.002105797,1.1449481,2,116,0.01281989,1.1016768,2,138,0.0050271708,1.020629,2,162,0.0024908443,1.0804917,2,200
18,0.006359136,0.9858077,2,20,0.049524162,0.9244283,2,44,0.0029871436,0.96733874,2,65,0.014369436,0.97999096,2,89,0.0131502515,1.0505139,2,111,0.0085268915,0.9968778,2,131,0.012751753,1.0124649,2,156,0.0027713042,0.9705061,2,176,0.0,0.97752506,2,200
19,0.010168903,0.99469787,2,20,0.0043471823,1.0254809,2,47,0.003557618,1.0212691,2,67,0.0158987,1.0046915,2,87,0.041215464,0.97499704,2,107,0.0,1.1276588,2,127,0.0,1.0999275,2,151,0.015264569,1.0344365,2,172,0.0034697603,1.0458902,2,200
20,0.0,1.0336921,2,20,0.01442506,1.0221349,3,45,0.0015462958,0.9949807,2,70
21,0.0,1.0864489,2,22,0.0024149567,1.0290263,2,42,0.0071305404,1.0683601,2,63,0.003965927,1.0498592,3,88
22,0.0,1.0019679,2,22,0.027974129,0.97210854,2,42,0.026408698,0.95262593,2,65,0.0022033653,1.0238451,2,85,0.012958905,1.0744288,2,105,0.01253648,0.98814994,2,126,0.008425387,0.99466115,2,146,0.0,1.0702969,2,168,0.002680981,0.9801299,2,200
23,0.00087140745,0.95922154,2,20,0.016527483,0.96742505,2,44,0.015039707,0.98388875,2,70,0.009471656,1.0014236,0,91,0.0,0.9739236,3,112,0.0,0.8744248,2,132,0.0,0.68034214,2,154,0.0,0.60336095,0,178,0.016612558,0.71478546,2,200
24,0.0,1.003923,2,22,0.014117855,1.024716,2,49,0.00043254247,0.9553694,2,70,0.00014819553,0.92202127,2,93,0.043789875,0.89297676,2,113,0.025820702,0.8481175,2,133,0.0102226995,0.94650996,2,155,0.016846742,0.94141626,2,178,0.0,0.9567724,2,200
25,0.0,1.0016558,2,20,0.0049854913,0.9597136,2,40,0.019457435,0.9897116,2,60,4.7578662e-05,0.9878972,2,80,0.0025263291,0.95513964,2,100,0.006271018,0.9698722,2,120,0.019409994,0.9472555,2,140,0.009953955,0.96638405,2,160,0.0008451663,0.9605387,2,200
26,0.0,0.97410285,2,20,0.042907186,0.95895576,2,41,0.048823107,0.87876755,2,66,0.008720189,1.0069778,2,86,0.018920083,0.9680809,2,106,0.0,0.69362676,2,127,0.0,0.5196066,2,147,0.036688637,0.64819014,2,167,0.027582973,0.6403828,2,200
27,0.0089549,0.94567174,2,20,0.0119798295,0.89596987,2,41,0.008846589,0.93047935,2,65,0.023300925,0.9422721,2,88,0.007194044,1.0257841,2,112,0.016748989,1.0267187,2,135,0.0074828593,1.0481488,2,156,0.011562369,0.9887674,2,200
28,0.016063955,0.9433963,2,21,0.0,0.97400296,2,42,0.0,1.0513005,2,65,0.0038839756,0.938118,2,86,0.0008801481,0.8765337,2,106,0.0045115016,0.8714491,0,126,0.0,0.8781344,2,147,0.0,1.0075957,2,168,0.0,0.86918926,2,200
29,0.0,0.9998236,2,20,0.0071110018,1.0085359,2,44,0.016251491,0.9918498,2,64,0.013193123,1.0195197,2,85,0.033549257,0.9296907,2,105,0.0,1.0106646,2,126,0.027509565,0.8773705,2,149,0.006967494,0.97763675,2,172,0.008738332,1.0179404,2,200
30,0.015720561,0.97922707,2,20,0.0015722502,1.0061792,2,40,0.006569202,0.9543951,2,62,0.028430209,0.92201316,2,85,0.023499176,0.86222374,2,106,0.010340378,0.88665336,0,127,0.0019024834,0.9365071,2,148,0.08919575,0.86914027,2,168,0.025044732,0.80918527,2,200
31,0.0030305318,1.0072765,2,20,0.007899881,1.0024236,2,42,0.0018611621,0.99742573,2,66,0.0,1.0648139,2,87,0.01262317,0.97185975,2,107,0.0,0.9824249,2,131,0.003474295,0.9655389,2,153,0.013780254,0.97382545,2,177,0.0032233123,0.996404,2,200
32,0.0,1.023161,2,20,0.011534292,0.90869445,2,40,0.024106015,0.9647296,2,61,0.0057269353,0.98488545,2,86,0.0,0.9689776,2,106,0.027830387,0.82204515,2,126,0.007979862,0.86724484,0,147,0.0,0.90422046,3,168,0.021139767,0.81059325,0,200
33,0.0054967874,0.9618462,2,27,0.017652778,0.9611294,2,49,0.009476311,0.96426105,2,69,0.0051420988,1.0038627,2,89,0.0,1.0309826,2,109,0.0022915597,0.9182854,2,131,0.004526639,1.0102441,2,151,0.0,0.965936,2,171,0.009961166,0.9600699,2,200
34,0.007448791,0.9121442,2,20,0.019018028,0.9173985,2,44,0.017598107,0.9561083,2,64,0.010171029,1.0017942,2,84,0.0072453534,0.98825157,2,104,0.017993633,0.9205786,2,124,0.0017656609,0.9177538,2,149,0.0013170423,0.989651,2,170,0.0009552892,0.91906077,2,200
35,0.0055014584,1.0237174,2,24,0.0,1.0783081,2,44,0.008687103,1.0102788,2,64,0.0,1.1282831,2,85,0.016026493,1.0153242,2,106,0.010133539,1.0368356,2,127,0.0,1.0291473,2,148,0.016177196,0.912492,2,168,0.011315063,0.91284883,2,200
36,0.0020059566,1.0013674,2,20,0.015947858,1.0580312,2,44,0.0022010051,1.0311961,2,73,0.011452785,1.0114756,2,93,0.0,1.0276482,2,113,0.017205406,0.9842901,2,133,0.022800308,0.9025156,0,153,0.008368692,0.96347016,2,173,0.0021342356,0.9848407,2,200
