0,0.00084144267,1.0549836,2,44,0.0031726668,1.0260675,2,76
1,0.008416666,0.9384114,2,20,0.026911376,0.8391124,2,45
2,0.02320889,0.926415,2,21,0.016214255,0.94556856,2,42,0.00061204267,0.89289296,2,62,0.014873757,0.9696322,2,83,0.00029849866,0.917799,2,103,0.0,0.85566,2,124,0.0,0.8603281,2,144,0.02710722,0.9438528,2,164,6.9535956e-05,0.8967514,2,200
3,0.003426228,0.9973025,2,25,0.035890605,0.9963238,2,47,0.022704879,0.98556805,2,67,0.012912046,1.0589598,2,89,0.0010770193,1.0564697,2,115,0.004221208,1.0774306,2,144,0.005741552,1.058714,2,167,0.0053920895,1.0426112,2,200
4,0.005788383,0.93019456,2,20,0.013898612,0.9597427,2,42,0.0020672407,0.87646115,2,63,0.03707642,0.9895118,2,83,0.0,0.9021656,2,103,0.0,1.0367907,0,123,0.0,0.7486068,0,143,0.0,0.8513093,0,163,0.018944295,0.8811857,0,200
5,0.021199854,1.0092984,2,21,0.0041554905,0.9975529,2,42,0.008148169,1.0008253,2,62,0.0125830965,0.98124933,2,83
6,0.027549164,0.9676958,2,21,0.0,0.98918664,2,41,0.038211714,0.91590613,2,61,0.0,0.96085155,2,82,0.0,0.9303519,2,103,0.0019380478,1.0207938,0,123,0.02751948,0.97332317,2,143,0.010426097,0.9880292,2,164,0.008453161,1.0095878,0,200
7,0.012943542,0.98165137,2,25,0.0027914867,0.99933624,2,46,0.018999698,0.95136684,2,70,0.04295681,0.9333462,2,93,0.0046899915,0.9171202,2,119,0.010355745,0.8818623,2,139,0.0018490739,0.8789652,2,159,0.051751666,0.74100196,2,180,0.0,0.8162592,2,200
8,0.0,0.88862514,2,20,0.0,0.77893853,2,40,0.0,0.52690995,0,60,0.0,0.5660291,2,81,0.0,0.40566722,0,101,0.0,0.23737362,0,121,0.0,0.13565454,0,141,0.0,0.2685762,1,161,0.0035822506,0.3069445,1,200
9,0.008006743,0.9937531,2,37,0.006218283,1.0299563,2,61,0.00354171,1.0643208,2,83,0.01936837,1.0514902,2,106,0.012180937,0.99819833,2,129,0.0029988007,1.0402913,2,158,0.01879737,1.0124393,2,178,0.009102135,0.96534806,2,200
10,0.013512239,0.950723,2,20,0.0,0.92851484,2,42,0.002001352,0.8461954,2,63,0.005007448,0.873849,2,91,0.0,0.89830923,2,115,0.0,0.9150663,2,136,0.009150241,0.97354907,2,158,0.0020442128,0.8895875,2,178,0.02293492,0.94997174,2,200
11,0.043993127,1.0053743,2,20,0.015668696,1.049573,2,40,0.020786736,0.9951437,2,60,0.006064524,0.9448964,2,80,0.021296786,0.9375776,2,117
12,0.016594026,0.91751987,2,20,0.0005307941,0.9464321,2,40,0.0057062977,0.937535,2,60,0.010861627,0.9696848,2,80,0.0,0.93214476,2,100,0.0,0.84886044,0,121,0.0,0.87372184,0,143
13,0.00033368618,0.91383326,2,20,0.0,0.9661244,2,40,0.007459021,0.8658202,2,60,0.048546385,0.8314012,0,82,0.0,0.70605403,0,102,0.013979753,0.61403537,0,138
14,0.0029814779,0.8724538,2,21,0.01558088,0.8928046,2,41,0.06885962,0.7785572,2,62,0.011541307,0.9083803,2,90
15,0.017314157,0.9632633,2,25
16,0.019898925,0.8943966,2,23,0.009540312,0.8680132,2,57
17,0.019408036,0.9550952,2,27,0.002914973,0.9469358,2,47,0.016442625,0.8882566,2,68,0.03715911,0.85632765,2,88,0.005581343,0.8888914,2,108,0.0058993427,0.9145397,3,129,0.015671391,0.88620394,2,149,0.010563296,0.95857096,3,169,0.0137626855,0.92624617,2,200
18,0.009942129,0.97069925,2,22,0.008341405,1.0324526,2,43,0.010805876,0.9524427,2,64,0.0036274819,0.9780063,2,86,0.015032348,0.95138246,2,106,0.118448816,0.87218803,2,127,0.0051054647,0.8354956,2,147,0.01757408,0.8336593,2,167,0.02787754,0.62840146,2,200
19,0.012035544,0.92105573,2,21,0.023844441,0.93786085,3,42,0.037697073,0.94584787,2,62,0.021834785,0.70383674,2,82,0.03469888,0.91444224,2,102,0.0,0.89659625,0,123,0.02109621,0.82511157,0,143,0.0257495,0.9110718,3,163,0.00062282314,0.86524594,0,200
20,0.01684645,0.8598608,2,20,0.0018770308,0.99376553,2,41,0.013734907,0.99876565,2,61,0.025477016,1.0030568,2,81,0.0070637222,0.99999267,2,117
21,0.014201923,0.890899,2,21,0.0030052427,0.8397245,2,42,0.0061980975,0.906135,3,64
22,0.03589855,0.98139066,2,20,0.008309867,0.96079546,2,41,0.005397176,0.87773407,2,61,0.05833919,0.8058853,2,81,0.020613033,0.85998803,2,103,0.012342485,0.84314966,2,123,0.0,0.7859235,2,144,0.010098044,0.72160846,2,164,0.019690182,0.6585838,2,200
23,0.015481697,0.98940885,2,20,0.016955415,0.99342114,2,59
24,0.008201962,0.93718904,2,30
25,0.007950662,1.0176144,2,48,0.011666839,1.0294325,2,69,0.0023064818,1.0420352,2,91,0.0,0.9839716,2,113,0.00010835716,1.0552194,2,134,0.023030097,1.0316837,2,157,0.00093949353,1.038229,2,200
26,0.0090113,1.028228,2,27,0.00020935405,1.0608617,2,89,0.008827674,1.0342602,2,119,0.00618923,1.0745957,2,141,0.0048327157,1.0843779,3,161,0.0,1.05788,2,200
27,0.08347582,0.83620703,0,20,0.029710392,0.7459513,0,40,0.06096342,0.76773244,2,69
28,0.013999587,0.9286231,2,20,0.035247058,0.87378186,2,44,0.07535741,0.84793967,2,78,0.0031293877,0.6619136,2,147,0.0,0.87933034,2,170,0.032244794,0.76415706,2,200
29,0.0062019215,1.0254422,2,23,0.0,1.0763853,2,43,0.0,1.0628916,2,76,0.014085409,0.9332708,2,96,0.018081518,0.9199093,2,116,0.017142188,1.0355492,2,138,0.008739576,1.0237939,2,160,0.011710642,0.88831824,2,200
30,0.005676872,0.90190315,2,20,0.0014241906,0.90472573,2,40,0.0,0.94845647,2,61,9.1255795e-05,0.90791017,0,85
31,0.0012698588,1.0153966,2,22,0.006303549,1.0122216,2,45,0.0,0.9335946,2,65,0.009815106,0.90964603,2,85,0.0045009013,0.88257545,2,106,0.044906814,1.0391328,3,126,0.02010148,0.80758834,2,148,0.00063005666,0.80584544,1,170,0.027807156,0.92897254,2,200
32,0.003191805,1.0503126,2,20,0.018506797,1.0670741,2,41,0.0127197765,0.9872096,2,82,0.015975675,0.91733056,2,102,0.0,0.8347331,2,122,0.026021099,0.91404897,2,142,0.040649436,0.88487726,2,164,0.08121185,0.9905773,2,200
33,0.0,0.9752457,2,22,0.0031332138,0.9175604,0,42,0.015549531,0.62838614,2,65,0.04083276,0.48310208,2,89,0.014513756,0.5772515,2,109,0.0022175629,0.4786841,2,129,0.058729626,0.37580743,2,149,0.08256395,0.46463385,2,169,0.07401924,0.51898044,2,200
34,0.006755128,1.012573,2,25,0.016610924,0.93899196,2,58
35,0.0,1.0657033,2,29
36,0.0,1.0295717,2,20,0.008868759,1.0238502,2,40,0.0042805495,1.0101982,2,60,0.011840705,1.0039898,2,92,0.0,1.0344081,2,112,0.010816949,1.0044007,2,134,0.0,0.9933436,2,167,0.0,1.0681672,2,200
37,0.016504,0.89375776,2,22,0.0,0.92995965,2,42,0.0038740144,1.0465784,2,62,0.004927029,1.0998842,2,85,0.0,1.0878876,2,107,0.0064187585,0.9135829,3,127,0.0,0.96947926,2,150,0.0010781612,0.98525876,2,173,0.0,0.9604034,2,200
38,0.024109483,0.96673477,2,21,0.017708734,1.0053719,2,56
39,0.0031855553,0.9908853,2,22,0.024087619,0.9251488,2,42,0.038459,0.941257,2,62,0.012412896,0.92831784,2,82,0.0,0.9691637,2,102,0.009506327,1.0596759,2,124,0.012717308,1.0241655,2,146,0.006898842,1.0368748,2,166,0.0066456157,1.0565819,2,200
40,0.015579037,0.9891885,2,20,0.0350343,0.89531803,0,40,0.0045990073,0.9942296,0,60,0.0474465,0.9601899,2,121
