0,0.015840134,0.9954657,2,21,0.0030891253,0.932219,2,42,0.0070897993,1.0269123,2,79,0.005208267,0.98604614,2,99,0.024782961,0.94381154,2,119,0.00039279685,1.0423794,2,139,0.0,1.1682315,3,161,0.008301326,1.0377945,2,200
1,0.0,1.0475788,2,40
2,0.0026501925,0.9800139,2,22,0.017808784,0.9957773,3,43,0.0,0.8968786,2,63,0.019840054,0.9381585,0,83,0.009461569,1.0061438,2,103,0.021037813,0.95311356,2,123,0.0025165186,1.033089,2,143,0.011275011,1.0421221,2,166,0.0,1.031222,2,200
3,0.0,1.0665933,2,37,0.0097177215,1.028303,2,62
4,0.0023274333,1.0218856,2,20,0.0066607874,1.0225165,2,66,0.015800044,0.98006314,2,87,0.022160478,0.863462,2,107,0.014463609,1.0055956,2,127,0.0015288304,1.0029821,2,147,0.008278838,1.0261818,2,200
5,0.0007384212,1.039609,2,23,0.0071425876,1.0048857,2,44,0.006932708,0.98020214,2,74,0.012968985,0.9969509,2,94,0.015133426,0.9729115,2,116,0.04258413,0.9917323,2,136,0.008370832,0.96587247,2,156,0.0138118,0.9775611,3,176,0.04311021,0.89618856,0,200
6,0.0,0.9624447,2,22,0.005441153,1.0886961,2,42,0.0,1.0734483,2,62,0.0047928845,1.0390155,2,88,0.006645144,1.0102227,0,108,0.00015846986,0.99803746,0,129,0.0073227165,1.037518,2,149,0.018637512,1.0090172,2,169,0.007349316,0.83931816,2,200
7,0.003283516,0.96729743,2,27,0.007202417,0.97523683,2,51,0.005125015,0.9668807,2,71,0.0,0.9683961,2,94,0.004102935,0.9538026,2,114,0.0047646174,1.0208753,3,134,0.0,1.1136891,0,155,0.0,0.88457954,0,175,0.0067681326,0.7099151,2,200
8,0.0076780953,0.90946263,2,20,0.03051179,0.93641603,2,53
9,0.0005001663,1.0645885,2,20
10,0.0073404023,0.98661727,2,34
11,0.0049898387,0.9447876,2,34,0.010645235,0.92685175,2,55,0.014413598,0.9044682,2,78,0.0043146093,0.80750376,2,101,0.002194769,0.9034349,2,121,0.0,0.58110833,2,142,0.0,0.58600974,2,163,0.0067645884,0.7496714,2,200
12,0.0015898233,1.0630469,2,38,0.0035351294,0.9634419,2,62,0.00044447937,0.90497637,2,83,0.016514238,0.9782759,0,103,0.07551675,0.9165337,2,124,0.075819165,0.929119,2,153,0.15133274,0.92459154,2,174,0.07340364,0.96220297,2,200
13,0.009041468,1.0082964,2,23,0.029401878,0.86561924,2,46,0.027777812,1.0049013,2,69,0.0021251137,0.93440723,2,89,0.0060115745,1.0493002,2,120
14,0.0011230434,0.99153346,2,23,0.009733801,0.977337,2,43,0.011587687,0.94430673,2,63,0.006239547,0.87270814,2,83,0.0,0.8604286,2,104,0.04879118,0.81440926,2,126,0.048325412,0.7321614,2,147,0.0,0.86494464,2,169,0.008258131,0.6953132,2,200
15,0.010336875,0.98090005,2,22,0.019667132,0.9279983,2,46,0.0025005694,0.9322557,2,67,0.0077047064,1.0221404,2,87,0.008441497,0.8470057,2,107,0.086338446,0.76616114,2,127,0.048870515,0.7696684,2,147,0.031290986,0.91166246,2,167,0.023931384,0.59841317,2,200
16,0.015541888,0.9891548,2,33
17,0.0,1.0593113,2,22
18,0.006912589,1.0042074,2,20,0.007555996,0.96359605,2,40,0.0054114945,0.99734664,2,64,0.0063645495,0.9941579,2,84,0.009762965,0.993482,2,104,0.018577544,0.87979066,2,124,0.0,0.83428735,0,144,0.01645723,0.7097528,0,164,0.0,0.80432785,2,200
19,0.00648332,1.0379121,2,20,0.02243736,1.0049297,2,41,0.014727674,0.99121743,2,65,0.0073534427,0.8957,2,85,0.028740522,0.956164,2,105,0.0048889765,0.99206716,2,129,0.017556602,0.951601,2,149,0.009826283,0.9223617,2,169,0.031927723,0.90957695,2,200
20,0.004017147,1.0376235,2,20,0.019667739,0.99665284,2,57,0.0,1.0010842,2,81,0.005367331,1.0466413,2,101,0.012816494,1.0000807,2,122,0.01235803,0.96174496,2,145,0.0144275585,1.0280529,2,168,0.005221452,1.0209848,2,200
21,0.0043992763,0.9875043,2,20,0.009673828,1.0148917,2,40,0.009779491,0.9890544,2,66,0.017430894,0.9315877,2,87,0.014957462,0.92029065,2,108,0.053153664,0.88636434,2,128,0.01655167,0.9543455,2,149,0.013385576,0.92426574,2,169,0.026608152,0.9771875,2,200
22,0.0,0.9170911,2,20,0.02574845,0.9399249,2,40,0.043425642,0.74425805,2,60,0.056632828,0.670441,2,83,0.01742788,0.7119493,2,104,0.04674936,0.7737643,2,124,0.043500643,0.8542207,2,145,0.0052489154,0.8009922,2,165,0.05236465,0.7710101,2,200
23,0.0026883832,1.0796245,2,21,0.010918413,1.0470645,2,47
24,0.021488937,0.97981864,2,20,0.0,0.9381304,2,46,0.013865905,0.8774199,2,67,0.01593311,0.86921847,0,87,0.052450407,0.8354556,2,107,0.003434734,0.92064047,2,128,0.023891954,0.9518749,2,150,0.024649533,0.90422314,0,170,0.042530492,0.74611855,2,200
25,0.0,0.98301506,2,20,0.0049428074,0.95028126,2,40,0.0016768748,1.0295014,2,61,0.005321753,1.0366358,2,81,0.0138831595,0.9739134,2,103,0.005361271,0.8941362,2,133,0.05382845,0.9572496,2,156,0.0044723693,0.8760502,2,180,0.017300824,0.8705696,2,200
26,0.026114663,0.8697526,2,20,0.040552218,0.66850066,2,42,0.045312874,0.6508079,2,63,0.005248443,0.5735372,0,84,0.0,0.62634987,2,104,0.0,0.49357557,0,124,0.0,0.6712439,0,145,0.0,0.7158494,0,166,0.041868646,0.5149355,0,200
27,0.005906966,1.0036383,2,23,0.027110184,0.9536398,2,46,0.023393385,0.9264004,2,68,0.051239412,0.9845068,2,89,0.008313058,0.8927994,2,122,0.006164967,0.99781543,2,142,0.005954878,0.9038884,2,162,0.0063596712,0.9958944,2,200
28,0.0,0.9766183,2,20,0.0,0.93365526,2,40,0.0027254494,0.99403834,2,61,0.016510697,1.067497,2,82,0.0059096883,0.9914723,0,106,0.0,1.0816476,2,126,0.002326235,1.0273263,2,148,0.0014484206,1.0042948,2,168,0.009711445,0.9869033,2,200
29,0.004129911,1.0572507,2,32
30,0.008591737,1.0030395,2,27
31,0.0028356533,1.0371763,2,28,0.017880276,0.9286521,2,48,0.017967265,1.0044641,2,69,0.0006732919,1.019137,2,89,0.015380203,1.027227,2,117,0.0,1.0206592,2,137,0.0070765354,0.9704712,2,157,0.037472725,0.88526046,2,177,0.0,1.0214512,3,200
32,0.01427114,1.0437691,2,20,0.018197324,0.97796476,2,40,0.04271056,0.9217702,2,60,0.01964615,0.9498771,2,80,0.009644047,1.0329118,2,102,0.0077795293,0.9298713,2,124,0.01043581,0.92421347,2,150,0.0068143546,0.909792,2,200
33,0.042008303,0.88428736,2,21,0.000878561,0.94596916,2,56,0.0,1.0353757,2,79,0.015591687,1.0084288,2,99,0.0,0.98012525,2,119,0.0,1.0015357,2,140,0.0,0.9717933,2,160,0.008430621,0.9748942,2,200
34,0.0004082256,1.0750425,2,20,0.007140806,1.0171369,2,46,0.0071824593,0.9774944,2,69,0.0035390607,1.0255755,2,89,0.007315399,1.0309693,2,118,0.015202319,0.9911933,2,138,0.030392298,0.96969885,2,166,0.0067069717,1.0716597,2,200
35,0.014521099,0.99009055,2,22,0.0009167631,1.0363642,2,49,0.014572738,0.9720975,2,76,0.0,1.0853299,2,96,0.0,1.0122828,2,123,0.042882107,1.0287007,2,143,0.0,1.0449792,3,163
