0,0.027404327,0.8936237,3,23,0.0,0.95621836,2,44,0.0,0.8775,0,68,0.0,0.8535768,0,88,0.0,0.79895383,0,109,0.0,0.7402524,0,129,0.007839682,0.782846,0,150
1,1.3392419e-06,1.0309474,2,21,0.008679652,0.98852426,2,45,0.007832368,0.9686449,2,69,0.010606629,0.97366333,2,96,0.0060309763,0.88623494,2,116,0.0,0.80718315,1,136,0.0012729366,0.56656283,2,161,0.005645661,0.6476166,0,200
2,0.005297225,0.9232937,2,20,0.008759396,0.9046698,2,41,0.0,0.998137,2,68,0.008711723,0.99481446,2,92,0.0,1.0159556,2,113,0.028193742,0.9943863,2,133,0.033788588,0.86441165,2,153,0.0,0.942186,2,175,0.0,0.89320374,2,198
3,0.009087822,0.9063115,2,25
4,0.011157868,1.009386,2,20,0.01385505,0.97495157,2,40,0.02807087,0.96488404,2,67
5,0.013686622,0.9943684,2,28
6,0.020743351,0.98435163,2,20,0.022623558,0.88359386,2,40,0.0,1.0544018,2,61,0.056467146,0.86795986,0,81,0.012419647,0.7508812,0,101,0.016893309,0.6489272,2,139
7,0.003393948,1.0435903,2,20,0.014022116,0.97195494,2,45,0.028700853,0.9100306,2,67,0.012379335,0.94279987,0,87,0.00517381,0.9794496,2,117,0.013692825,0.9688771,2,139
8,0.0015603157,1.0374631,2,21,0.010447381,1.0402793,2,50
9,0.010941379,0.7222643,0,20,0.023180267,0.56900203,2,40,0.0018933056,0.79058695,2,60,0.0006844432,0.64371043,2,90
10,0.004544469,0.9451871,2,41
11,0.004065576,1.062445,2,20,0.0008018958,1.017884,2,43,0.0,0.99873954,2,63,0.011983896,0.98797524,2,83,0.016148945,0.9652795,2,104,0.0067139263,0.90446377,2,126,0.0037790262,1.0246023,2,146,0.0,0.9932337,2,168,0.0009499154,1.0104692,2,200
12,0.018555459,0.9373061,2,24,0.000693051,0.7292541,2,44,0.0,0.63061434,2,70,0.007967142,0.7714433,0,91,0.015826002,1.0894392,2,111,0.010235231,0.80595857,2,135,0.0,0.63574857,2,155,0.0,0.7041006,2,177,0.020893946,0.79381144,2,200
13,0.0,1.021645,2,20,0.0,1.1030163,2,41,0.0,1.1364994,3,67,0.0010801662,1.060924,3,92
14,0.002162091,0.9662935,2,20,0.020749254,1.0000094,2,40,0.015216423,0.9946339,2,82
15,0.012648608,1.0454838,2,32,0.018953891,0.9437453,2,64
16,0.04935996,0.7914394,2,20,0.0004017333,0.92265886,2,45
17,0.013501905,1.0027814,2,20,0.017397745,0.988372,2,45,0.023427851,0.8798649,2,69,0.017786907,0.8014218,2,89,0.0,0.7443917,2,109,0.055050008,0.7481183,0,129,0.09281371,0.8135681,0,149,0.0,0.8663001,2,169,0.0,0.6899543,3,200
18,0.0036023103,0.8350012,2,20,0.022545518,0.92016757,2,42,0.0026228223,0.9484507,2,62,0.0,0.8962262,2,82,0.0039695418,0.93881,2,102,0.018207034,0.82458365,0,122,0.016075011,0.61960965,2,142,0.08089672,0.4879826,2,162,0.17241618,0.559814,2,200
19,0.009826718,1.0074888,2,20,0.009056426,0.9965199,2,40,0.0026183946,0.98021424,2,61,0.0008343912,0.9973902,2,82,0.0,1.0434285,2,102,0.009143933,1.0481162,0,126,0.002756769,0.98402244,2,150,0.0044071493,1.0834677,2,170,0.010050272,1.0406923,2,198
20,0.029675812,0.83877784,2,20,0.00022841414,0.85135704,0,41,0.015693406,0.75539005,2,62,0.0051849848,0.51747525,1,83,0.1575485,0.3305347,0,106
21,0.0010287589,0.9626867,2,20,0.006708521,1.0300205,2,42,0.024687666,1.0279286,2,62,0.006004111,0.9143303,2,82,0.0012733683,0.94034564,2,102,0.032206804,0.89554244,2,123,0.0058822474,0.9149537,3,143,0.0041273665,0.8957616,2,164,0.044509552,0.8140842,2,200
22,0.0005057143,0.9360583,2,22,0.0,0.8635618,2,42,0.015235761,0.96593297,2,62,0.025565866,0.9424648,2,82,0.0,0.82017314,2,102,0.007380923,0.8666075,2,125,0.0,0.9985449,2,146,0.004451112,1.0017765,0,166,0.04546128,0.7276685,2,200
23,0.0,1.0372754,2,25
24,0.001675554,0.99598664,2,20,0.006998088,0.99490374,2,45,0.0019005205,1.0043087,2,65,0.005285783,0.9402984,2,85,0.019696902,0.9470379,2,105,0.040715408,0.9979122,2,125,0.022292037,0.90930015,2,145,0.023192352,0.9445124,2,167,0.02721513,0.96588534,2,200
25,0.01322466,1.0175679,2,46
26,0.00851824,0.8302129,2,20,0.0,0.95783126,2,40,0.0007526894,0.9680538,2,66,0.010542076,1.0216337,2,90,0.010532883,0.960079,2,111,0.007347654,0.94707185,2,136
27,0.0027116681,1.0510929,2,26,2.426207e-05,1.0173576,2,46,0.008067205,1.0710669,2,69,0.02327332,1.0712354,2,89,0.008497774,1.0727155,2,109,0.014809144,1.0035039,2,129,0.004074405,1.0165298,2,149,0.03709911,0.9600098,3,170,0.006499186,1.0272746,2,200
28,0.012652573,0.97382104,2,20,0.0,1.0468265,2,40,0.023003029,0.8858853,2,73
29,0.00020070536,1.0583849,2,23
30,0.0026754425,0.9638264,2,21,0.022005415,0.97601694,2,43,0.046655793,0.94749707,0,63,0.06158953,0.98668844,2,84,0.03815967,0.95374024,2,107,0.01417668,0.95898765,2,138,0.013937198,0.8104208,0,159,0.0,0.57113045,2,179,0.02431176,0.81389344,2,200
31,0.0016655741,0.9782134,2,28,0.04293049,0.9970657,2,48,0.0,0.99801236,2,72,0.005377483,1.009305,2,111
32,0.0,0.8689591,3,20,0.015793182,0.773138,0,40,0.03901034,0.8489059,2,60,0.0017400169,0.710823,2,86,0.004412941,0.9204262,2,110,0.0,0.7998924,2,131
33,0.00858073,1.0244077,2,21,0.00725842,1.0222982,2,44,0.018575935,1.0379697,2,68,0.009873009,1.0322921,2,96,0.008970674,0.9898222,2,134,0.042248398,0.92245775,2,155,0.003998225,0.78354037,2,176,0.008769685,0.7389752,0,200
34,0.0,1.0746061,2,20,0.017926397,1.0232698,0,40,0.008205912,1.0309047,2,69,0.002095092,1.0325316,2,102
35,0.010739391,1.0010699,2,24,0.036772937,0.9268546,2,49,0.033727277,0.81216365,0,70,0.0047827247,0.92467177,2,93,0.03144558,0.8887774,2,113,0.0065206275,0.92051446,2,133,0.0,0.95118016,0,153,0.0,0.910556,0,173,0.0,0.7918256,2,200
36,0.001002814,1.0382798,2,20,0.025601448,0.94270474,2,44,0.004770404,0.9060988,2,72,0.003785494,0.92196524,2,92,0.0048219375,0.97674847,2,112,9.048879e-05,0.9544271,2,132,0.0,1.0204649,2,152,0.017686877,0.9773663,2,173,0.024037369,1.0164763,2,200
37,0.0009089336,1.0166419,2,20,0.05758281,0.9683113,2,44,0.02596059,0.9576052,2,65,0.0028272483,0.9887603,2,85,0.0,1.0055898,2,106,0.00470089,1.0178287,2,127,0.007673694,1.0085608,2,168
38,0.0047938586,0.71413076,2,20,0.011454479,0.7078335,0,40,0.0,0.68887883,2,62,0.0,0.6539464,2,83,0.011468957,0.2985314,1,112
39,0.00010925,1.0210841,2,20,0.044808667,0.98430914,2,43
40,0.00432585,1.0179079,2,27
41,0.032334104,0.9021318,2,22,0.009656428,0.940855,2,43,0.01192632,0.89507127,2,65,0.0028128612,0.9293714,2,86,9.459655e-05,0.9511053,0,108,0.0,0.83655113,2,130,0.00347378,0.8797995,2,156
42,0.0054394817,1.001952,2,20,0.017826617,0.9748719,2,42,0.0015301399,0.89940333,2,64,0.016367268,0.97092974,2,85,0.017162288,0.73796624,2,105,0.017578512,0.7951561,1,125,0.0,0.9425791,0,146,0.015265921,0.9399718,0,166,0.0006562623,0.6138008,2,200
43,0.0494874,0.81906664,2,20,0.031161478,0.7395461,2,40,0.0005882469,0.76431227,2,61,0.0,0.76613486,2,81,0.0154690575,0.71027076,2,101,0.02888875,0.8348363,2,122,0.0071665146,0.9707888,2,145,0.006733817,0.7053819,2,165,0.04264028,0.79561347,2,200
44,0.0012207576,0.9833412,2,21,0.0069852946,1.0267944,2,41,0.0055880216,0.98431784,2,63,0.016081179,0.9702457,0,90,0.0,1.0992575,2,110,0.0,1.1112306,2,131,0.0013183878,1.0487057,3,155,0.0,1.1293083,2,180,0.0,1.0730231,2,200
45,0.011470549,0.918318,2,20,0.0023459734,0.9338071,2,40,0.0008398154,0.92644,2,62,0.012205745,0.85837376,2,82,0.0,0.7357802,2,102,0.02091828,0.853613,2,123,0.007099104,0.7391263,2,143,0.0,0.920321,2,163,0.0017542331,0.99820524,2,200
46,0.010751851,0.9997867,2,21,0.006023402,1.0306644,2,48,0.01959618,0.9272482,2,69,0.01566164,0.92845356,2,89,0.027678484,1.0234133,2,111,0.046883903,1.0135419,2,131,0.013701587,1.0293131,2,155,0.03759862,1.1405164,2,176,0.017172405,1.0726733,2,200
47,0.0011122088,0.9947342,2,24,0.004832805,1.029509,2,50,0.0,0.9619031,2,70,0.111368,0.959843,2,94,0.04924308,0.9444898,2,115,0.040616374,0.89955336,2,140,0.014269349,0.9749404,2,160,0.06884452,0.8920014,2,196
48,0.026088014,0.9100648,2,20,0.039516054,0.8137105,0,40,0.038504716,0.80089635,2,60,0.0,1.0231993,0,80,0.044095837,0.9160243,2,100,0.014199197,0.9354886,0,120,0.003149697,0.91450244,2,141,0.008114867,0.9660139,2,163,0.020304669,0.8613807,2,200
49,0.017672928,1.0136956,2,22
50,0.0088271005,1.0139347,2,29
51,0.017648691,1.0105648,2,23,0.008341705,1.0512995,2,45,0.0027748027,1.0135834,2,67,0.027450845,0.89903736,2,87,0.025943005,0.9737012,2,107,0.031142874,0.93533534,2,129,0.025207302,0.86038244,2,149,0.045880467,0.7750972,2,170
52,0.019268017,0.97769517,2,20,0.009288145,0.9433404,2,40,0.02376852,0.81031835,2,60,0.041293662,0.92221814,2,80,0.00959531,0.7285105,2,100,0.01599411,0.8507264,2,120,0.0,0.7354839,0,140,0.02112712,0.85920894,2,160,0.0,0.96339244,2,200
