0,0.0130181955,1.006245,2,20,0.007536542,1.0352495,2,43,0.00063994585,1.0400636,2,65,0.0039194725,1.0143415,2,85,0.0047182986,1.0231817,2,105,0.0,1.0528169,2,131,0.0,1.0987129,3,156,0.001584161,1.0591819,2,200
1,0.0,1.0189657,2,23,0.0059642238,1.0165821,2,47,0.0042063254,1.0284022,2,85,0.0051211687,1.0173166,2,105,0.0041360045,1.0313084,3,125,0.04403423,0.9487471,3,146,0.0492921,0.8983413,2,166,0.036421917,0.8734754,2,200
2,0.0,1.0219456,2,20,0.0015494566,1.0268091,2,41,0.005660793,0.9925116,2,63,0.016487857,0.9850825,3,84,0.008358668,0.9455353,3,104,0.058254045,0.8876594,2,125,0.017229412,0.92341113,2,147,0.0070685577,0.99396706,2,174
3,0.0014214941,0.97136134,2,33,0.0004320937,0.98717266,2,74,0.0,0.995749,2,105,0.004800468,0.9723264,0,125,9.042256e-05,1.0203484,2,154,0.002282807,0.99136364,2,189
4,0.000118527096,0.96991396,2,20,0.0037433978,0.94438314,2,40,0.0032935156,0.9486867,2,60,0.001148693,0.94698983,2,91,0.0023751145,1.0011976,2,112,0.032741662,0.9963988,2,138,0.015776874,0.96122754,2,164,0.019272564,0.91778344,2,200
5,0.00079833844,1.0368718,2,22
6,0.009204102,1.0141919,2,20,0.0074482625,1.0111194,2,40,0.005606883,0.94091064,2,60,0.0,0.945343,2,80,0.0005329006,0.9742378,2,100,0.002624128,1.0247982,2,122,0.00017789676,0.96674544,2,144,0.0,1.0109818,2,173,0.004127347,0.9838103,2,200
7,0.0,1.0492268,2,22
8,0.0017082719,0.9963882,2,21,0.0,1.0498399,2,44,0.0032660735,1.0170069,2,69,0.0019180349,1.0518954,2,100
9,0.003993602,1.0528415,2,20,0.00029569585,1.0849888,2,40,0.0,1.0936991,3,61,0.0,1.0719843,2,93,0.0,0.9848556,2,121
10,0.002097397,1.006342,2,23,0.0052118343,1.0017838,2,45,0.006749849,0.9860172,0,65,0.004331781,0.97132474,2,106,0.0,0.9902231,2,129,0.0,0.9346839,3,150,0.0,0.9315079,2,170,0.0,0.95098907,2,200
11,0.0,1.017533,2,20,0.0015917782,1.0071094,2,46
12,0.004832329,1.015344,2,43,0.0034123017,0.97116774,2,88,0.0033053104,0.9943999,2,200
13,0.0,0.9862391,2,23,0.0,1.0109824,2,51
14,0.0009221591,1.0221694,2,38
15,0.0042519653,1.0425982,2,44,0.005255584,1.042722,2,72
16,0.005746754,1.0186294,2,31
17,0.0016877472,1.0523648,0,22,0.0020082241,1.0746163,2,61
18,0.0025842856,0.98831594,2,34,0.0015403504,1.0120035,2,55
19,0.0020394984,1.0137498,2,28
20,0.0026600435,1.0276802,2,20,0.000813943,0.9929125,2,40,0.022604566,0.9285012,2,66,0.02711356,0.9583992,2,86,0.027504977,0.9702176,2,112
21,0.0,1.02853,2,22
22,0.0005286044,1.0071166,2,23,0.0044721696,0.9733091,2,51
23,0.008526126,1.0407453,2,20,0.0005245372,1.0717422,2,40,0.0,1.0826415,2,61
24,0.003585861,1.040344,2,26
25,0.0014105408,1.0101619,2,20,0.00094975025,1.0535855,2,45,0.015446078,1.0129156,0,67,9.464771e-05,0.9994179,2,87,0.011423825,1.0071237,2,108,0.0041375617,1.01813,2,128,0.0047189165,1.001729,2,155,0.0033993628,0.999643,2,200
26,0.010485677,0.9654093,2,40,0.0050352034,0.95716685,2,64,0.015023472,0.94587034,2,95
27,0.013017362,0.97962683,2,22,0.042912785,0.9527148,2,50,0.03809107,0.9700416,2,76,0.035753053,1.0002311,2,97,0.005303844,1.0147209,2,117,0.0047842446,0.9831602,2,141,0.0,0.9734008,2,161,0.0211638,1.0148803,2,200
28,0.019037297,1.0232162,2,20,0.0028408726,1.0219038,2,40,0.01265124,1.0223901,0,60,0.0064141075,1.0528594,2,82,0.002462773,1.0244522,2,104,0.0019938215,1.0191406,2,129,0.0,1.0529388,2,157,0.0039933496,1.0242915,2,177,0.0,1.0409735,2,200
29,0.011018242,0.9821664,2,27,0.0,1.0222871,2,47,0.0018157824,0.9949121,2,69,0.028784942,0.98074496,3,89,0.052674185,1.0048939,0,111,0.020193504,0.96566623,2,139,0.0,0.93331337,2,159,0.010520291,0.9748936,2,200
30,0.0,1.0204246,2,20,0.0029175607,0.9858165,2,82,0.0039104344,1.0231423,2,123,0.0036475805,1.03564,2,166,0.012410223,0.91839784,2,200
31,0.0011665939,1.0400189,2,36,0.0007814903,1.0920106,2,106,0.0,1.0675223,2,126,0.0,0.96910757,2,149,0.0,1.0672947,2,175,0.0,1.0063354,0,200
32,0.00060295,1.0280768,2,21,0.0,0.9707256,2,48,0.003440441,0.96479106,2,74,0.01010865,0.9245738,2,130,0.0,0.95064926,2,155,0.008598387,0.9901242,2,175,0.0018771121,1.0063702,2,200
33,0.00023086701,1.0386615,2,27
34,0.0,1.0430584,2,26,0.011679957,1.0023258,0,46,0.0,1.080332,2,67,0.0009816231,1.0865309,2,99
35,0.003148791,1.016322,2,28
36,0.0,1.0449643,2,33,0.0,1.0071248,2,57
37,0.0068102395,0.9730775,2,20,0.00038570282,0.9745376,2,41,0.0032854474,1.0109301,2,62,0.013244359,0.9250342,2,92,0.0058464734,0.9463427,2,126
38,0.0019726262,1.0664071,2,24,0.005542895,1.0148902,2,59
39,0.0032180487,1.0171708,2,20,0.0045314613,1.0436794,2,61
40,0.0,1.0249081,2,20,0.0,1.0206714,2,58
41,0.0,0.9919888,2,27,0.015873225,0.96486753,2,49,0.010922464,0.9007861,2,70,0.0016372476,0.9796634,2,93,0.010406312,0.943121,2,118,0.011693555,0.9978057,2,138,0.006379163,1.0084519,2,159,0.01097565,0.98474276,2,179,0.0038898338,0.9434289,2,200
42,0.0,1.0437543,2,22,0.0060556713,1.0220296,2,48,0.0,1.0543199,2,83,0.0,1.0810142,2,108,0.0,1.0523316,2,133,0.0,1.0695388,2,159,0.0048610833,1.040857,2,183
43,0.0090666935,0.9710187,2,35,0.010178756,0.9844396,2,69
44,0.005717197,1.0104918,2,23,0.0,1.0287764,2,58,9.739027e-06,1.1652596,2,78,0.0,1.0414084,2,98,0.0,1.0437965,2,118,0.0,0.95534974,2,153
45,0.0,0.97044176,2,23,0.0017007724,0.9168351,2,47,0.028327286,0.88969994,2,67,0.00738889,0.956634,2,88,0.0065797856,0.9364456,2,108,0.005698291,0.97728467,3,129,0.0025861312,0.9562991,2,165,0.0026945844,0.9785021,2,200
46,0.002975975,1.0340868,2,21,0.0012709068,1.0168515,2,53,0.00408767,0.99591666,2,89,0.006777056,1.0164244,2,124,0.0076612313,1.0261016,2,146,0.0012248578,1.0329081,2,173,0.0053227213,0.9858205,2,200
47,0.005311787,1.0284451,2,26,0.0071736453,1.0567119,2,46,0.0,1.048128,2,66,0.0,1.0249242,2,95,0.0,1.0559169,2,116,0.0,1.0451479,2,136,0.0041905986,1.0214314,2,165,0.013242921,0.99606353,2,200
48,0.001182028,0.99706846,2,61,0.0010333826,1.0136724,2,88,0.014469117,0.9902523,2,108,0.00051206327,0.9917779,2,146,0.020460648,0.9973321,2,170,0.0,0.9918053,2,200
49,0.0039647548,0.99328136,2,20,0.00026039552,0.9582019,2,43,0.0,0.9399493,2,66,0.0,0.9437565,2,130,0.000619945,0.896403,2,188
50,0.011347552,1.0384942,2,20,0.029814992,1.005898,2,40,0.000864073,1.040217,2,60,0.0018582443,1.0292063,2,81,0.0,1.0760311,2,104,0.001164512,1.0040982,2,127,0.047769077,0.9125379,3,147
51,0.00035914764,1.0256451,2,27,0.021213807,0.94869906,2,48,0.0081769135,1.0053601,2,71,0.008822163,1.0470037,2,92,0.01964419,1.1000575,3,112,0.058016643,0.9982921,2,137,0.02499972,0.9977797,2,157,0.024769882,1.0134436,2,177,0.018301046,0.90690404,2,200
52,0.00064389786,1.0192094,2,41,0.026458135,1.0373634,2,68,0.03344332,0.93571186,3,88,0.0,0.91594,2,108,0.01582447,0.96044046,2,128,0.016898444,1.0164746,2,149,0.005739373,0.9812546,2,200
53,0.0017035289,1.0442922,2,20,0.01697664,1.0073998,2,46,0.011517691,1.0027276,2,71
54,0.00042907658,1.0235448,2,36
55,0.00043360205,1.0478278,2,28,0.0016396706,1.0179836,2,49,0.0,0.9880281,2,74,0.004189689,1.0100262,2,94,0.03843595,0.97900945,2,119,0.015146909,1.0320246,2,139,0.059743434,0.9465167,2,159,0.044067018,0.9873361,2,180,0.04707239,1.0008175,2,200
56,0.00086060556,1.0061309,2,20,0.0,1.0525415,2,48,0.0,0.9759736,2,76,0.0,1.002896,2,97,0.015324146,0.96056265,2,119,0.016505005,0.9894245,3,141,0.04268231,0.867072,2,161,0.055147488,0.8485292,2,200
