0,0.0,0.9497603,2,26,0.04532772,0.8782633,2,47,0.0,0.93727094,2,67,0.059234522,0.92264575,2,87,0.042565554,0.8981209,2,108,0.022040373,0.9651052,2,128,0.005532495,1.0048836,2,150,0.018885551,0.9455476,2,171,0.038097437,0.9376826,2,200
1,0.0,1.0635011,2,20,0.0014769129,1.0424411,2,58
2,0.0031268082,1.0531658,2,28,0.0059336787,0.9986198,2,49,0.008278223,0.9020298,2,69,0.007566266,1.0138956,2,98,0.016240625,1.0032108,2,121,0.0,0.8889721,2,141,0.0,0.96434516,2,161,0.0031127708,0.9712892,2,200
3,0.014818802,1.053178,2,21,0.0023685235,0.98773193,2,43,0.016058065,1.0100895,2,76,0.004576814,1.0033578,2,98,0.008284924,0.98077637,2,128
4,0.016094783,0.9336292,2,20,0.0067952066,0.9600199,2,40,0.016121112,0.95975393,2,62,0.009743711,0.950723,2,85,0.024651267,0.87925285,2,106,0.03298905,0.9216697,2,128,0.0033545394,0.98277235,2,149,0.006958103,1.0191551,2,170,0.01293184,0.95774776,2,200
5,0.0025499582,0.99928296,2,20,0.005987994,1.0159491,2,42,0.0034447808,0.9510716,2,62,0.03907211,0.92849064,2,82,0.0056800735,1.0243351,2,102,0.021042941,0.9393701,2,125,0.0,0.98476315,2,145,0.016220083,1.0309753,2,167,0.003598177,1.0157764,2,200
6,0.007819516,0.97620404,2,33
7,0.0035363536,0.95230436,2,20,0.0,1.0952805,2,41,0.0,1.0004499,2,61,0.0,0.9053134,2,81,0.025430137,0.94026136,2,101,0.043254603,0.83825946,2,122,0.013881313,0.97094953,2,143,0.024860997,0.9017314,2,163,0.05166789,0.98330534,2,200
8,0.00077031396,0.9167995,2,25,0.011124092,1.0427463,2,45,0.031053215,1.0083066,2,65,0.010580011,0.8360394,2,108
9,0.008634541,0.86269456,2,37
10,0.0,1.0041007,2,20,0.0,1.0506194,2,40,0.009530017,1.0289572,0,60,0.0,0.9884782,2,80,0.0042851125,0.96394616,2,100,0.017979916,0.9689356,2,132
11,0.0012039561,1.017893,2,35,0.0010821355,0.98225737,2,59,0.060800266,0.8912522,2,79,0.0010083412,0.86212146,2,99,0.015175746,0.9509064,2,122,0.0,0.93559456,2,142,0.01978987,0.91433984,2,162,0.0029091444,0.92277217,3,200
12,0.013420497,1.0188181,2,20,0.010008616,1.0020895,2,40,0.0181688,1.0381658,2,60,0.0075235716,1.0047888,2,91
13,0.008170244,0.9117627,2,20,0.008635048,0.959447,2,48,0.0062882286,0.9598698,2,71,0.0014408594,1.0256808,3,91,0.0,0.86178017,2,115,0.009963086,0.81815165,2,140,0.03463947,0.86156046,2,161,0.0028315517,1.0120318,2,200
14,0.0048782593,0.97522676,2,20,0.010281838,1.0269368,2,41,0.0,1.0209293,2,61,0.0028381124,0.9710997,2,81,0.009813291,0.9934301,2,104,0.0,0.97966796,2,124,0.0028080004,0.9623621,2,157
15,0.0015573776,0.97043335,2,21,0.01619296,0.8839432,2,44,0.026086781,0.91040504,2,64,0.025267463,0.87596214,2,84,0.012828391,0.9571317,2,105,0.024084961,0.92208785,2,125,0.0,0.9294667,2,145,0.0009828375,1.0062497,2,165,0.0037848277,0.9924191,2,200
16,0.0,1.038063,2,21
17,0.0063024783,0.9973572,0,20,0.017466094,0.92078954,3,40,0.008847428,0.9833015,3,60,0.0,0.88769835,2,80,0.04931393,0.92125416,3,100,0.0016609142,0.8791324,3,120,0.00833683,0.89337254,2,140,0.012961598,0.9303212,3,160,0.053601824,0.96154785,3,180,0.02058747,0.7710766,0,200
18,0.009622947,0.99192244,2,25,0.010839975,0.84210014,2,47,0.030103197,0.86389,2,67,0.013851935,0.9319439,2,87,0.020379575,0.9627484,3,107,0.0,0.8183587,3,128,0.0,0.77351296,2,148,0.0074037095,0.7106504,2,169,0.015093622,0.67535025,1,200
19,0.0050146696,1.0289652,2,20,0.010453475,1.0230114,2,45,0.0066050063,0.99365944,2,66,0.0071068835,1.0157279,2,89,0.032398127,0.98118913,2,109,0.0,1.0684578,2,132,0.0,1.0679352,2,153,0.0005007462,1.0676223,2,173,0.0,1.0905342,0,200
20,0.0,0.9001917,2,21,0.0,0.8983276,2,42,0.006139259,0.84075594,0,62,0.00051016797,0.66613716,2,83,0.041788258,0.77093065,2,103,0.0,0.88631964,0,123,0.0,0.8730298,0,144,0.0,0.9117704,0,166,0.0,0.64429116,0,200
21,0.001235963,1.0654707,2,21,0.0,1.0506233,2,45,0.0,1.0806904,2,65,0.002271125,1.1037594,2,85,0.0,1.0760714,2,105,0.0010865381,1.0623637,2,136,0.0029134154,1.0454793,2,161,0.004720476,1.0231582,2,200
22,0.0,0.9867994,2,23,0.017111048,0.9421751,2,45,0.010438404,0.9793146,2,66,0.0,0.9854849,2,89,0.0,1.0211594,2,109,0.0,1.0310752,2,130,0.0055739298,0.9764496,2,150,0.01306921,0.96922815,2,172,0.016484762,0.96626836,2,200
23,0.015322864,0.8770212,0,20,0.0,0.61262447,2,40,0.0051721702,0.47257227,0,61,0.41736394,0.2364167,2,81,0.050462015,0.43844604,2,101,0.06950174,0.31343102,0,121,0.029819977,0.21886536,0,142,0.0,0.37440044,1,162,0.009310462,0.3427418,2,200
24,0.0023269115,1.0571576,2,22,0.0036967492,1.0437543,2,51,0.017641488,1.0284001,2,72,0.007012012,1.0242049,2,93,0.0019039026,1.0198252,2,122,0.0,1.0508301,2,142,0.010243571,0.957213,2,164,0.002152049,1.0341449,2,200
25,0.008799087,0.9704862,2,21,0.021745276,1.0477654,2,41,0.005698023,1.0925887,2,61,0.032263625,1.000673,2,81,0.0,1.0657818,2,104,0.004349295,1.0161917,2,124,0.002993266,1.0859568,2,164,0.013283236,1.0770822,2,200
26,0.027555287,0.9329301,2,20,0.00033976857,0.9562335,2,41,0.0,0.99923325,2,61,0.0,0.9295664,2,81,0.013945905,0.95185536,2,101,0.0,0.82476693,3,121,0.0016087093,0.9438629,2,142,0.07139151,0.9328284,3,163,0.009330705,0.98504084,2,200
