0,0.0034779822,1.0008032,2,27,0.0070777996,1.0606133,2,73
1,0.0066466425,1.010734,2,21,0.007031744,1.0378582,2,41,0.01016485,1.024774,2,80
2,0.025793802,0.96570086,2,21,0.0,1.0074075,2,44,0.0,1.0207784,2,65,0.010119399,1.0018346,2,85,0.004108129,1.0472194,2,105,0.0072040586,0.94658124,2,125,0.010489887,0.9681146,2,148,0.0,0.9262146,2,168,0.00064155314,1.0051088,2,200
3,0.01940234,0.9647211,2,20,0.04241577,0.8266489,2,42,0.0,0.6691234,0,62,0.03802325,0.73996234,0,83,0.021317247,0.63146603,2,103,0.0,0.8243265,0,123,0.0,0.61476064,0,145,0.0021933608,0.7940388,2,165,0.08629175,0.76725876,2,200
4,0.04616322,0.8309971,3,20,0.0,0.98234266,2,41,0.0,0.92171687,2,62,0.0,0.8142797,2,83,0.0015552863,0.8608204,2,104,0.0014195153,0.92038274,0,125,0.0,1.0260793,2,145,0.0,0.8883331,0,166,0.023086771,0.76848197,2,200
5,0.027786458,0.9098212,2,20,0.0099931285,0.82325286,2,40,0.037445445,0.7559652,2,60,0.005188248,0.78537107,2,80,0.023674052,0.9156861,2,102,0.070079826,0.8410865,2,123,0.0018360082,0.841089,2,145,0.005658839,0.8609068,2,169,0.025115332,0.61820024,2,200
6,0.012181462,0.98295754,2,25,0.021286672,0.92908496,2,45,0.003396436,0.9382278,2,72,0.0073949695,0.9820271,2,97,0.0125821065,0.919126,2,125,0.025229113,0.95728815,2,147,0.0024690584,0.9521624,2,167,0.0,0.8972107,2,200
7,0.0,1.0553135,2,39,0.0067773103,1.0349562,2,61,0.006996946,1.0492562,2,85,0.0,0.97820115,2,116,0.015682472,1.0448105,2,138,0.0,1.0642085,2,160,0.0017595195,0.99126065,2,200
8,0.003084821,0.9462102,2,20,0.003227346,1.026959,2,40,0.012159273,1.031971,2,64
9,0.006792204,0.98641425,2,20,0.018324874,0.9642326,2,44,0.03173096,0.9764062,2,73,0.008685802,1.0623676,2,99,0.0012794756,0.9898565,2,126,0.005412669,1.0397693,2,147,0.0,1.0955083,2,179,0.010644196,1.0210363,2,200
10,0.0064419424,1.0393044,2,33,0.0068476633,0.97570956,2,54,0.035399154,0.8931566,2,75,0.00985637,0.9577994,2,96,0.0,1.0095022,2,116,0.012045255,0.967608,2,136,0.03556276,0.91271544,2,159,0.0073754163,0.932653,2,200
11,0.0053398185,0.9711251,2,20,0.030524297,0.926818,2,45,0.001404051,1.126176,2,65,0.021479778,0.94508934,0,87,0.005245385,0.84891355,2,107,0.0,0.92412156,2,128,0.0,0.9703954,2,148,0.0022376992,0.9718704,2,171,0.0025123628,0.96599615,2,200
12,0.006622711,0.9520288,2,22,0.008812394,0.9486552,2,44,0.013107325,0.8224565,2,65,0.0036925036,0.9226527,2,85,0.03567201,1.0079539,0,105,0.0,0.9582469,3,125,0.014108,1.0376316,3,145,0.0,1.2284544,3,165,0.01488853,0.7850294,2,200
13,0.008912074,1.0744877,2,20,0.0,1.0572567,2,40,0.0,1.1304756,2,65,0.0034371142,1.0015198,2,93,0.0042915153,1.0734488,2,114,0.02643194,0.9931378,2,136,0.0,1.0379581,2,166,0.0,1.0468038,2,200
14,0.001154125,1.063815,2,21
15,0.0004461429,1.0620841,2,22
16,0.013217586,1.0007129,2,22
17,0.027113218,0.9574296,2,20,0.003444891,0.9673978,3,40,0.0,0.823828,2,62,0.0,0.89260113,2,83,0.0,0.8851423,0,103,0.0,1.0246977,2,123,0.0,0.8503726,0,144,0.0,0.6576544,0,164,0.013918014,0.755509,2,200
18,0.007861519,0.9694754,2,22,0.004811895,0.98277515,2,48,0.0025442007,0.9570757,2,74,0.0132344365,0.87916774,2,98,0.032055464,1.0949333,2,118,0.0,0.82833385,2,138,0.020747213,0.7563887,2,160,0.09710286,0.6252104,2,180,0.026768621,0.5421225,2,200
19,0.0024051876,0.97357196,2,20,0.007530111,0.9324424,2,54
20,0.0075923773,1.0564822,2,23
21,0.0,1.010036,2,28,0.0048353113,1.0096885,2,50,0.0032369036,1.0414385,2,71,0.021425318,0.94537085,2,91,0.0319622,0.9610386,2,111,0.014233005,1.0192027,2,131,0.022714844,0.9913721,2,151,0.041678272,0.9747338,2,171,0.025251888,0.90864176,2,200
22,0.03417004,0.9725784,2,20,0.008688528,0.89491576,2,40,0.0020046546,0.841548,2,61,0.028011844,1.0151744,2,81,0.0012910633,0.9552135,2,107,0.0,0.9658927,2,128,0.00074547785,0.946473,2,164,0.0038108109,0.94297135,2,200
23,0.0,1.019117,2,26
24,0.0009799567,1.0319551,2,26,0.0,1.0251509,2,46,0.006927068,1.018622,2,88
25,0.0023137492,1.0081313,2,20,0.007874967,1.0268717,2,41,0.0007740968,1.0519782,2,61,0.0,1.0645931,2,81,6.4548105e-05,1.0733838,2,107,0.011423072,1.0430578,2,130,0.009766996,1.0722203,2,152,0.014829633,1.0204139,2,172,0.012630687,0.9969271,2,200
26,0.0035665312,0.9960789,2,35,0.0057453057,1.0325291,2,78,0.0007395814,0.9938745,2,103,0.0,0.93900555,2,127,0.0,0.96154076,2,149,0.0,0.96011704,2,169,0.003872488,1.0134012,2,200
27,0.00872843,1.0293242,2,32,0.0033957267,1.0359006,2,73,0.032700475,1.0009719,2,101,0.01301902,0.96320087,2,122,0.002980955,1.0012735,2,146,0.0035284522,1.0545454,2,167,2.6886719e-05,1.0394793,2,200
28,0.0020896464,0.9997619,2,30,0.0023842084,1.0109792,2,58,0.0,0.9671596,3,79,0.0,0.98461163,2,100,0.00089762866,1.0252428,2,139,0.0,0.97826195,2,163,0.0026277902,0.9908644,2,200
29,0.006961111,0.9346663,2,31,0.005180125,0.9345956,2,51,0.049237274,0.9461015,2,72,0.0032245696,0.96112555,2,106,0.036727276,0.85645795,2,141,0.005478948,0.92903316,2,161
30,8.951373e-05,1.0151658,2,22,0.04577717,1.0438681,2,45,0.08878876,0.93697083,2,65,0.06211745,0.9182414,2,85,0.06470538,0.9535742,3,107,0.0,0.7078501,2,132,0.0009902378,0.85823256,2,173,0.050754577,0.9801984,2,200
31,0.0018508207,1.0259966,2,21,0.0001438183,0.99221265,2,50
32,0.0043752096,0.99648976,2,32
33,0.0021588164,1.0411689,2,20,0.019539136,0.99216443,2,57
34,8.794742e-05,0.99372405,2,22
