0,0.010287784,0.99755234,2,21,0.0035896874,0.9229375,2,54
1,0.0009234243,0.9234673,0,20,0.019276349,0.99945205,2,41,0.00937594,1.0298601,2,72,0.003159469,0.99691516,2,95,0.013502294,1.0298582,2,115,0.011508692,1.0025449,2,144
2,0.023995634,0.93591756,2,20,0.014537327,0.9684264,2,41,0.014487938,0.9095319,2,62,0.0,0.69111794,2,82,0.0,0.6502143,2,102,0.0044122245,0.6443287,2,133,0.013576767,0.7335968,2,154,0.028604722,0.8524791,2,174,0.037589446,0.99887466,2,200
3,0.0038989258,0.97572094,2,29,0.0115123,0.91881645,2,52,0.0,0.9772693,2,72,0.02338915,0.9341062,2,92,0.0060502114,0.85703117,3,112,0.010363406,0.86136264,2,132,0.0053140717,0.86477005,2,152,0.017070945,0.9733864,2,172,2.3098863e-05,0.9875263,2,200
4,0.0048125326,0.9662603,2,25,0.0,0.9179241,2,54,0.00096391176,0.9705001,2,75,0.0062219375,0.95166194,2,95,0.018766314,0.94577175,3,117,0.024350934,0.691399,0,137,9.185514e-05,0.9220749,0,157,0.0043550963,0.9934906,2,178,0.007872835,1.0620053,2,200
5,0.0003105745,0.9625482,2,21,0.0031262767,1.0069457,2,41,0.00878403,0.9282737,2,62,0.02411267,0.9193719,2,82,0.0,1.0458705,2,102,0.002153617,0.9978353,2,123,0.009838498,1.0546964,2,144,0.0008498757,1.0359349,2,169,0.0013052218,1.0103357,2,200
6,0.036796447,0.8828229,2,20,0.0019614378,0.86121243,0,40,0.0,0.79475325,0,62,0.0,0.85255015,2,82,0.026908446,0.6869303,2,102,0.0026349842,0.8833107,2,122,0.0069172694,0.79202884,0,142,0.0,0.7819183,2,164,0.015911723,0.8854169,2,200
7,0.0015672499,1.0281037,2,20,0.00074288313,0.94622505,2,43,0.015432645,0.9630377,2,75,0.016960718,0.88441676,2,97,0.0064179227,0.8132637,2,117,0.027683035,0.656561,0,137,0.014399809,0.8820329,2,157,0.0,0.7644539,3,178,0.0,0.7848251,2,200
8,0.009048752,1.0382009,2,22,0.0078012347,1.098846,2,48,0.0034492817,0.97500867,2,69
9,0.0043486166,0.87013,2,22,0.0,1.0900981,3,42,0.0070030666,1.0168396,2,62,0.0,0.882185,0,82,0.012747593,1.067816,2,102,0.016233094,0.88480777,3,122
10,0.0046145897,1.0105332,2,22
11,0.026828488,0.8073141,2,23
12,0.0,0.9688739,2,23,0.03977508,0.9393309,2,43,0.05857706,0.9752627,2,64,0.04057581,0.9456524,2,86,0.025458341,0.9836139,2,108,0.038314097,1.0044743,2,129,0.005206665,0.91001797,2,159,0.06459393,0.930914,2,200
13,0.034266673,1.01321,2,20,0.0024207383,1.0004255,2,40,0.01315474,0.9269433,2,64,0.0026267166,0.98347217,2,84,0.024900101,0.9423369,2,104,0.002372439,1.0060581,3,129,0.024461215,0.8928666,2,166
14,2.4638512e-05,1.0282773,2,20,0.001191247,1.0040667,2,41
15,0.0,0.98294336,2,25,0.005488058,0.9134458,2,45,0.061542597,0.8634637,2,66,0.0074048354,0.9396995,2,86,0.0,0.9177019,2,106,0.01013786,0.8502699,2,126,0.0062042237,0.9266988,2,146,0.024313265,0.9096351,2,168,0.0050157295,0.96477044,2,200
16,0.0037660562,0.99992645,2,20,0.007374706,1.016579,2,46,0.006988892,1.0083839,2,66,0.0074329292,1.0214088,2,92,0.0017660792,1.04391,2,113,0.011955644,0.9634633,2,133,9.9049226e-05,1.009813,2,153,0.0,1.0181696,2,173,0.008891678,0.97931165,2,200
17,0.00044988046,0.95433044,2,38
18,0.010790581,0.92942756,2,25,0.015195034,0.8043034,2,52
19,0.023789434,1.0081587,2,37
20,0.046665646,0.92779505,2,21,0.0010098894,0.76774204,3,47
21,0.0039269077,1.0481209,2,23,0.0058742743,1.0632094,2,47,0.005978122,1.034442,2,70,0.004570682,1.0582342,2,93,0.006716943,1.0039792,2,122
22,0.0,0.96208864,2,23
23,0.0007529441,0.99440956,2,20,0.011512408,0.8921585,2,40,0.0064722537,0.87021637,2,60,0.0,0.8860272,2,80,0.00076520164,0.9327952,2,104,0.0,0.9725951,0,124,0.0,0.8929873,2,149,0.0,0.9849051,2,169,0.0,0.68672156,2,200
24,0.0035421813,0.97801816,2,21,2.2129436e-05,1.0027275,2,41,0.0,0.9454649,2,61,0.0,1.0191954,0,81,0.0,0.9234165,2,102,0.008275661,0.8443109,2,122,0.004949493,0.95354474,2,142,0.00679088,1.0175505,2,162,0.013033,0.8248286,2,200
25,0.012569415,0.94114506,2,20,0.025320968,0.97781724,2,40,0.042633757,0.8310398,2,60,0.028655654,0.89640284,2,81,0.02427138,0.8979121,2,102,0.010841512,0.90003157,2,122,0.017627949,0.9164163,2,142,0.021823792,0.9417945,2,162,0.012523594,0.9031429,2,200
26,0.0082113175,1.05206,2,20,0.0018628667,1.0311297,2,42,0.004517821,1.0020186,2,70,0.0,1.0656186,2,90,0.005486349,1.0370576,2,110,0.0,1.0408914,2,130,0.0,1.0620339,2,152,0.0052460707,1.0055605,2,200
27,0.008091171,1.0621215,2,21
28,0.0009899734,1.0160446,2,25,0.005884481,1.0233145,2,55,0.007023182,1.0020039,2,94,0.018759917,1.0252055,2,114,0.005301916,0.9528705,2,134,0.013703595,0.97516125,2,154,0.0042065354,0.9296412,2,175,0.014545031,0.9184047,2,200
29,0.0097182905,0.9984474,2,20,0.00429052,1.0118661,2,40,0.0118810395,1.0523416,2,60,0.020383745,1.0103408,2,84,0.0,0.97080135,2,104,0.0122310575,0.9029672,2,126,0.0,0.8811449,2,148,0.0054081897,0.67330974,2,170,0.052507803,0.5810918,2,200
30,0.011872593,0.95957434,2,20,0.004119385,0.9162153,2,40,0.0,0.9094288,2,68,0.006146724,0.97968715,2,106,0.0,1.0523028,2,144
31,0.00086474966,1.0577399,2,20,6.141844e-05,0.99755096,2,42,0.009350061,0.94725466,2,62,0.0020246995,0.92116785,2,82,0.02605109,0.858654,2,102,0.038836803,0.8706621,2,122,0.0104480395,0.7499801,2,142,0.013664516,0.74039567,2,162,0.021237275,0.7890439,2,200
32,0.0,1.0550636,2,21,0.0,0.9774784,2,41,0.016140878,0.9187309,2,61,0.0,0.9048231,2,81,0.01293819,0.9174147,2,108,0.026092911,0.9064965,2,128,0.0009942052,1.0077139,0,149,0.0063937735,0.91501683,2,173,0.0,0.7052119,2,200
33,0.0066691893,0.95410854,2,27
34,0.0,1.0701288,2,22,0.0,1.00269,2,47,0.0,0.9945488,0,68,0.009171724,1.0455441,0,97
35,0.017796924,0.44934872,2,21
36,0.0065790294,0.92865944,2,20,0.001763374,0.9094416,0,40,0.002698828,1.0389489,2,61,0.004228493,0.96441203,2,93
37,0.0017986142,0.96612245,2,20,0.0076421155,0.96958715,2,40,0.0,0.99648094,2,60,0.0028389231,0.9473386,2,81,0.013236205,1.0205182,2,107,0.008626654,0.9988262,2,130,0.0025227615,1.0079215,2,150,0.00051156187,1.0090815,2,173,0.009564782,0.9670197,2,200
38,0.0025075483,0.9598409,2,30,0.008526791,0.9533779,2,52,0.045715988,0.8972259,2,74,0.010574914,0.9956717,2,96
39,0.0026847918,0.96184635,2,20,0.010340515,0.9729916,2,40,0.0038495907,1.0020545,2,60,0.0039748796,0.9920872,2,80,0.009570895,1.0541317,0,101
40,0.0015156403,1.0181898,2,22,0.021535097,0.9787969,2,45,0.022882998,0.94212097,2,66,0.0,0.85965234,2,86,0.008351801,0.9432084,2,106,0.007943617,0.8809745,2,126,0.027771262,0.90327936,0,149,0.04407548,0.88966066,2,169,0.007661758,0.7485421,2,200
41,0.013391417,0.9898739,2,23
42,0.004583968,1.0157154,2,20,0.0,0.938685,2,41,0.015723154,0.9529045,2,61,0.021073451,0.8645164,2,81
