0,0.008841683,0.9835641,2,24,0.021297794,0.9816057,2,44,0.0005402997,0.95898825,2,87,0.05044366,0.75032645,0,111
1,0.0,1.0352459,2,22,0.0,1.0681144,2,43,0.0027292692,1.0636121,2,69
2,0.009680975,1.0198112,2,41
3,0.0021201277,0.9559446,2,25,0.01223972,0.93961287,2,46,0.02367689,0.98495257,2,66,0.04286988,0.8364504,2,86,0.08517364,0.84352064,0,120
4,0.041154057,0.8256758,0,25
5,0.024383392,0.8536094,2,25,0.036403928,0.7580423,2,45,0.015925262,0.7451957,2,66,0.008097069,0.61885893,2,86,0.030743873,0.69954604,2,106,0.0015692948,0.712542,2,128,0.015325162,0.70312774,2,148,0.011583547,0.82092613,2,169,0.007045823,0.9305736,2,200
6,0.04526189,0.96442986,2,21,0.07116985,0.95027924,2,41,0.037375122,0.9659829,2,83
7,0.0,1.0677185,2,35
8,0.0018140402,1.0449117,2,28
9,0.0058068642,0.9485378,2,20,0.019789536,0.92106986,2,42
10,0.041911773,0.9531423,0,20,0.009491656,0.8435885,0,53
11,0.0036943234,0.94969785,2,20,0.018440697,0.83831346,2,40,0.023276068,0.9054753,2,76
12,0.06868784,0.83527094,2,33
13,0.016251706,1.0131496,2,25,0.0033197382,0.96652085,2,51,0.007296674,1.0032738,2,71,0.015894724,0.9220893,2,110
14,0.017238518,0.9539279,2,20,0.042690318,0.94357836,2,40,0.0,0.9026376,2,60,0.008438042,0.97939193,3,89
15,0.0,1.0443083,2,21,0.0088682715,1.0087092,2,41,0.018630637,1.0033602,2,62,0.00085201045,0.99548876,2,83,0.016476018,1.0366741,2,103,0.012481998,1.0313457,2,124,0.01893601,1.0477102,2,145,0.0044242353,1.0358554,2,168,0.004757666,1.0300941,2,200
16,0.0066329283,0.9615704,2,22,0.01921318,0.96637166,2,42,0.0,0.9400253,3,63,0.0061589237,0.8436837,2,87,0.0,0.83830035,2,112,0.006665548,0.8967888,2,132,0.047492657,0.95094717,0,153,0.024166794,0.92104715,2,175,0.051646452,0.92803574,2,200
17,0.009274492,0.95443517,2,20,0.0058961,0.93343276,2,40,0.021015193,0.9195465,2,61,0.01941305,0.89359164,2,82,0.0023155794,0.9587573,2,123,0.0016274875,1.0072412,2,143,0.0032873915,1.0430939,2,166,0.010721195,1.0170648,2,200
18,0.015274631,0.9410907,2,21,0.0184207,1.0074005,2,41,0.0,1.034237,2,68,0.010864644,1.0165119,2,89,0.001575351,0.9996041,2,120
19,0.00090166205,1.0089608,2,26,0.036289994,0.95231646,2,46,0.020006211,0.89365155,2,69,0.0073924987,0.98543227,2,89,0.015537722,1.0086476,2,110,0.0070841135,0.95640975,2,149,0.014961035,1.0014058,2,171,0.010821318,1.0408863,2,200
20,0.0,1.0220678,2,31,0.0,1.0372889,2,52,0.00096163445,1.0070072,2,72,0.007281029,1.0188317,0,92,0.012959202,1.0137812,2,116,0.008591837,1.0367044,2,137,0.0072729965,1.0813828,2,159,0.051217448,0.8561251,2,195
21,0.00724359,1.060034,2,20,0.01223461,1.0427458,2,41,0.0011226585,1.0454332,2,61,0.003253407,1.0406733,2,81,0.0,1.038681,2,101,0.0073009,1.0235956,2,124,0.0012357523,0.97844607,2,148,0.013279441,0.8726134,2,170,0.037466235,0.93397367,2,200
22,0.02049541,0.7970737,2,22,0.018466227,0.8096263,2,42,0.0,0.829763,0,64,0.0,0.5478731,2,88,0.0871716,0.62858045,2,108,0.06445693,0.47595242,2,130,0.027651444,0.55549425,2,157,0.047507912,0.5614361,2,186
23,0.014770614,1.0164379,2,33
24,0.0,0.93318063,2,20,0.0017400195,0.8812729,2,41,0.047239963,0.9293759,2,68
25,0.0062845177,0.9921805,2,21,0.0048133405,0.99120367,2,74,0.015016968,0.86237013,2,94,0.0007225957,0.9141638,2,116
26,0.018659241,0.9143297,2,24,0.027586948,0.95101917,2,44,0.019575153,0.9057251,2,64,0.03776645,0.9162096,2,84,0.0,0.8808748,3,104,0.0,0.8297901,3,124,0.0,0.771299,2,144,0.0,0.2815245,1,200
27,0.010339933,0.95464927,2,38
28,0.013699412,0.98240155,2,20,0.0074117547,0.97869384,2,41,0.0076720775,1.0381857,0,61,0.0082108155,1.0181644,2,91,0.0032719723,0.95800143,2,111,0.0020577419,0.9843621,2,132,0.0008089384,0.99692315,2,152,0.0066397097,1.0174483,2,173,0.019923285,0.9396431,0,200
29,0.010622103,1.0093784,2,20,0.007725687,0.90744036,2,40,0.08611326,0.80363125,2,78
30,0.004794625,0.8857404,3,21,0.0077025676,0.9284841,2,41,0.0,0.9576291,2,61,0.024686702,0.65427715,0,100
31,0.0,0.8255688,2,20,0.03180299,0.7213658,2,40,0.0,0.82283103,2,60,0.011043674,0.9532899,0,81,0.0,0.96379673,2,102,0.0,0.89741474,2,141
32,0.009606536,0.9635094,2,22,0.00020162531,0.9645221,2,43,0.0,0.9218884,2,66,0.058322363,0.84215987,2,86,0.01235,0.854847,2,110,0.0,0.83830416,2,130,0.0,0.8045165,2,150,0.0,0.697079,2,171,0.0398275,0.67793196,2,200
33,0.003186999,1.0016617,2,23,0.008729048,0.9624835,2,49,0.0,1.0614026,2,70,0.00064431696,1.0716385,2,105,0.00047448,1.0678107,2,134,0.00046240413,0.91863304,2,155,0.019904302,0.8871717,2,196
34,0.011069469,0.9985951,2,23,0.0034279288,1.1238157,2,44,0.0041927975,0.9829995,2,68
35,0.0,0.9006817,2,24,0.0045228824,0.985927,2,44,0.0,1.0600915,2,69,0.0,1.0218154,2,95
36,0.008536532,0.9528524,2,24,0.01020968,1.0067651,2,54,0.0041339276,1.0013326,2,80,0.0053779106,0.894802,2,101,0.0,1.0403616,2,122,0.057107985,0.8240925,2,142,0.008557526,0.87701696,2,163,0.010697583,0.94612885,2,200
37,0.00204807,0.9987176,2,20,0.0033126653,0.8847468,2,45
38,0.0057423552,1.0315864,2,34
39,0.021585157,0.9536423,2,33
40,0.0101496475,0.9853436,2,23
41,0.008542003,0.9196637,2,21
42,0.0,0.8620036,2,21,0.009763698,0.6600147,0,42,0.0001798988,0.704675,2,63
43,0.0035403054,0.88646203,3,20,0.004758784,1.0323296,2,41,0.014515309,1.0651548,2,61,0.0070258,0.9786368,2,83,0.0041197278,1.030454,2,103,0.0,1.1577588,0,123,0.0,1.0871084,0,143,0.0,1.0862869,2,165,0.0,0.99525225,0,200
44,0.037383117,0.8462399,2,20,0.017969461,0.9321119,2,40,0.009963599,0.86382663,2,60,0.07494241,0.9328478,3,80,0.0406023,0.8610771,0,101,0.02009031,0.96658427,2,122,0.0,0.94465536,2,144,0.009715563,0.9480635,2,164,0.0034113373,0.91309357,2,200
45,0.0,0.88409984,2,20,0.0032972938,0.9714688,2,41,0.0015651268,0.88155645,0,62,0.0,0.85582197,2,83,0.0,0.8653507,0,103,0.0,0.8711545,0,123,0.0,0.95351815,0,146,0.0,0.8320918,2,167,0.010224506,0.6822302,2,200
46,0.005702189,0.9721283,2,20,0.00641042,0.93671036,3,40,0.0,0.913908,2,60,0.0,0.78281707,2,80,0.0,1.0060476,0,100,0.032127507,0.7788044,0,120,0.0,0.7750466,2,141,0.047691543,0.8717114,0,161,0.019940602,0.5915002,2,200
47,0.0,0.89305085,3,20,0.0012129237,0.8671133,2,40,0.009921659,0.8355231,2,61,0.0,0.8177967,2,82,0.0037118897,0.61377907,2,102,0.03180749,0.78518087,2,126,0.009136289,0.87863165,2,157,0.020971458,0.82628787,2,177,0.025698755,0.900338,2,200
