0,0.012131864,1.0198021,2,20,0.0,0.942386,2,40,0.02205749,1.0544779,2,70,0.011524474,0.924516,2,90,0.0,0.9020573,2,110,0.0015012155,0.819396,2,130,0.0,0.5486468,2,150,0.0,0.40939236,2,170,0.007842334,0.65601283,2,200
1,0.023609642,0.9901206,2,29
2,0.0016872097,1.0236919,2,20,0.0245985,0.9863127,2,40,0.011105338,0.9947885,2,60,0.014494792,1.0248141,2,80,0.02641363,1.0319985,2,100,0.004377418,0.9848756,2,125
3,0.017636592,1.0482693,2,20,0.0,1.0940108,2,42,0.00039870682,1.1098887,2,62,0.00020852192,1.0949873,2,82,0.0017141877,1.0269805,2,102,0.002129516,0.9676442,2,122,0.0022552174,0.9678295,2,142,0.0,1.1225553,2,164,0.0008616279,1.1382061,3,200
4,0.009449111,0.95116,2,22,0.0077145007,1.0500383,0,48
5,0.008243208,0.98500407,2,21,0.0049624913,0.9387449,2,41,0.014251632,1.0129842,2,61,0.005105266,0.967038,2,81,0.014351577,0.957153,2,105,0.013848035,0.99263847,2,125,0.028389916,0.95479614,2,156
6,0.014968918,0.9584794,2,23,0.03539294,0.9717904,2,49,0.0073201107,0.9746659,2,74,0.02351194,0.86516446,2,94,0.0049932534,0.9313076,2,121,0.017323803,0.8915176,2,155
7,0.0010852531,0.8916255,2,20,0.016217763,0.91181934,2,40,0.0,0.99310124,3,61,0.0,1.0050852,2,82,0.0,1.0025203,0,102,0.0,0.9125242,0,124,0.027399048,0.7319448,0,144,0.0,0.8071656,2,164,0.007879643,0.7164484,2,200
8,0.0024757304,0.9666014,2,28
9,0.0072639873,1.0344565,2,21,0.007354048,1.008238,2,42,0.00089021283,0.95354617,2,69,0.0,1.020928,2,89,0.019956933,0.97838444,2,111
10,0.0053129112,1.0019648,2,20,0.012713806,1.0390435,2,43,0.01947866,1.0058169,2,65,0.011664127,1.0217777,2,85,0.005024014,1.0246267,2,106,0.020247905,0.98929006,2,128,0.025869573,0.99051964,2,148,0.0092628505,0.8720827,2,168,0.0060050194,0.7432813,0,200
11,0.0048642415,1.0050989,2,27,0.003814778,1.0278395,2,55
12,0.012895668,0.9484606,2,20,0.016460318,1.005433,2,40,0.0046005985,1.021924,2,61,0.007930946,1.0167052,2,86
13,0.0,1.0280024,2,21
14,0.010434033,0.9416251,2,20,0.020183843,0.96618557,2,40,0.0056801233,0.9573474,2,61,0.02965326,0.97876525,2,85,0.01801914,0.94013345,2,105,0.00092915987,0.92653966,2,126,0.011061628,0.9434804,2,146,0.012642885,0.9592401,2,166,0.014858609,0.9184475,2,200
15,0.0015640594,1.0404223,2,23
16,0.0025162331,0.99552166,2,21
17,0.0008122981,1.0374897,2,23
18,0.008529407,0.9649386,2,24,0.009107923,0.9144704,2,44,0.014477992,0.85180867,0,64,0.014681685,0.8692211,2,84,0.019280374,0.93642116,0,105,0.0,0.99688894,2,128,0.009423329,0.846629,2,149,0.0063939802,0.93464726,0,169,0.03777868,0.91122365,2,200
19,0.0066403155,0.93446666,2,30,0.012814862,0.9556915,2,50,0.044069625,0.92427397,2,71,0.025425827,0.9008976,2,91,0.0,0.93021774,2,111,0.02259108,0.877552,2,134,0.045006998,0.8685833,2,154,0.014775907,0.8998745,2,174,0.0077400655,0.94366753,2,200
20,0.0020384276,0.9079984,0,21,0.005788598,0.95525044,2,41,0.045794815,0.9043596,2,65,0.025318237,0.9700829,0,86,0.025667137,0.93402326,2,106,0.038789112,0.907876,0,126,0.0020066376,0.7987562,2,147,0.0071271616,0.7281327,2,172,0.06638667,0.7931886,2,200
21,0.023516063,0.9252682,2,20,0.012905213,0.9201596,2,41,0.012285631,0.9728866,2,63,0.0071382034,0.8274365,2,87,0.015975276,0.8248097,2,108,0.03039071,0.76015556,2,128,0.0026878433,0.94021654,0,148,0.069250405,0.9219162,0,170,0.10157915,0.7433935,2,200
22,0.0077862917,1.0591812,2,20,0.015844284,1.0131952,2,43,0.011817222,1.0347983,2,69,0.007460185,0.9574363,2,91,0.03533604,0.8329152,3,111,0.024492968,0.9472473,2,131,0.0,0.6407546,3,151,0.0,0.80786514,2,171,0.009264266,0.73053485,2,200
23,0.028123714,0.98690623,2,21,0.0,1.0602056,2,41,0.0197734,1.0410855,2,64,0.0,1.0348217,2,84,0.0033101847,1.0547055,2,125,0.00043789632,1.0055506,2,145,0.033870928,0.9823076,2,166,0.007866763,0.9863288,2,200
24,0.0,1.0454001,2,22,0.014931578,0.9476565,2,43,0.029137768,0.9449246,2,64,0.0,1.0875844,3,84,0.0,0.9996619,0,112,0.0,1.0081506,0,137,0.0,0.9470479,0,162,0.00039183715,0.96400404,2,200
25,0.011552668,0.96658534,2,20,0.0046317177,0.935187,2,40,0.025580406,0.942067,2,60,0.013410484,0.99113166,2,80,0.025775665,1.0100704,2,101,0.0079504885,1.0314811,2,137
26,0.0030311577,0.9120586,2,22,0.0,0.9325985,0,42,0.0,0.9778943,2,62,0.044821266,0.85875905,2,82,0.011474483,0.703557,2,102,0.0,0.69792485,1,122,0.0,0.521391,2,143,0.0053139143,0.29261425,1,200
27,0.0,1.0495187,2,22,0.004172582,1.0701153,2,42,0.0002861273,1.0798652,2,63,0.0049406406,1.0376359,2,85,0.002734941,1.0761302,2,105,0.0,1.046126,0,125,0.009785724,1.021609,2,145,0.0004106369,1.0278002,2,169,0.0026015744,1.0511259,0,200
28,0.013647239,0.8742485,2,24,0.019854212,1.0371743,2,47,0.00068436516,0.9836991,2,68
29,0.006551985,0.94618386,2,24,0.00062780984,0.8478057,2,44,0.031356927,0.86908364,2,66,0.013090444,0.7123685,2,88,0.0,0.85072607,2,110,0.007189866,0.8080958,2,130,0.013765806,0.8724929,2,151,0.0,0.7385727,1,171,0.0048882477,0.77506155,2,200
30,0.0,0.8308695,2,22,0.0,0.9239755,2,46,0.0283884,0.81927997,2,66,0.02836826,0.6785091,0,86,0.0,0.848378,0,106,0.0051269457,0.78396094,0,126,0.015495454,0.86715907,2,146,0.018434867,0.8333367,3,166,0.028541835,0.76261324,0,200
31,0.0066743926,1.0379539,2,20,0.0119296815,0.9580634,2,58
32,0.006758616,0.8875445,2,26,0.006857477,0.95821804,2,62
33,0.0026087526,1.0110761,2,24,0.0059678014,0.9537626,2,54
34,0.019566508,0.9683584,2,20,0.018479655,0.9720909,2,40,0.010069512,0.99906236,2,80,0.013053238,1.0099065,2,100,0.003676041,1.0401275,2,131
35,0.015413265,0.96315,2,21,0.0017804261,0.9667622,2,41,0.0072921244,0.8459256,2,61,0.0033736683,0.7559985,3,82,0.09142436,0.44060397,2,102,0.0047511244,0.5883048,0,122,0.0,0.80734414,0,143,0.002865022,0.8565684,2,168,0.01758295,0.8560786,2,200
36,0.0016448848,1.0082685,2,24,0.0052296515,1.0452036,2,44,0.008265293,1.003005,2,64,0.009575208,1.011143,2,84,0.0069032935,0.9133297,2,104,0.014141867,0.9509045,2,124,0.011618587,0.88453454,2,144,0.01368897,0.8544729,2,171
37,0.00514686,0.96431893,2,20,0.00608971,1.0057439,2,42,0.0,1.0348597,0,62,0.0,0.89766943,2,82,0.0029032,0.91967183,2,102,0.00607611,0.99745095,2,122,0.00714034,0.94007593,2,143,0.0,1.0545745,0,165,0.017669434,0.9756691,2,200
38,0.028878499,0.89303017,2,20,0.0,0.9351619,2,40,0.016720694,0.8455411,2,61,0.021102589,0.8002464,0,81,0.012343239,0.71938246,2,102
39,0.0063287425,0.9870751,2,27,0.0052404916,0.97202057,2,54,0.0036588432,0.95603323,2,75,0.031114161,0.91895545,2,95,0.0,0.9564759,2,115,0.02668434,0.86866164,2,152
40,0.009663836,0.9508411,3,20,0.0,0.8498744,2,40,0.06305318,0.759213,2,60,0.019999957,0.77522624,3,80,0.0,0.864604,0,100,0.041025016,0.2898274,0,126
41,0.014436645,1.0393134,2,20
42,0.00053003506,0.98594207,2,25
43,0.025501857,0.8752597,0,20,0.071048304,0.8972009,2,40,0.0,0.5615438,0,60,0.06044648,0.44983906,2,80,0.0,0.62275934,2,100,0.0,0.748374,0,120,0.0,0.64069855,2,140,0.0,0.687186,3,160,0.025695724,0.7397293,3,193
44,0.0075526647,0.8700453,2,29
45,0.0027646404,0.9242793,2,25
46,0.0037503839,1.0105078,2,20,0.0036760543,0.990609,2,43,0.00479139,1.0003561,2,63,0.047021173,0.9444704,2,83,0.022283748,0.9826559,2,106,0.008139443,0.9911875,2,143,0.01274213,0.99552983,2,163,0.015757859,0.95392114,2,200
47,0.05121072,0.9527751,2,20,0.037731625,1.0118115,2,40,0.022406325,0.90810084,2,61,0.03176979,0.70094544,2,89
48,0.007935718,0.9813851,2,21,0.008390805,1.0155631,2,41,0.00086163497,1.0010394,2,61,0.010580468,0.96066076,0,81,0.012409233,0.96341306,2,102,0.002471226,1.023543,2,123,0.020318203,1.0063864,2,145,0.017703691,1.0142142,2,166,0.0069939285,1.0190752,2,200
49,0.0,0.95176077,2,20,0.024372844,0.91587067,2,40,0.052554324,0.8341183,2,62,0.0154291,0.84456855,2,82,0.0,0.84736663,2,117,0.011146908,0.9505205,2,139
