0,0.009234993,1.0369983,2,20,0.0036876644,1.022056,2,41,0.008272786,1.0070207,2,62,0.0038673126,0.9526787,2,85,0.003260288,0.96365464,2,117,0.0,1.0412997,2,138,0.0,1.0403596,2,158,0.0072256126,1.0268185,2,178,0.010789404,0.9914549,2,200
1,0.0,1.0432886,2,20,0.032259014,0.9233656,2,42,0.029031089,1.0199189,2,63,0.019111644,0.9771283,3,93
2,0.008276692,1.017413,2,25
3,0.006326998,0.9680178,2,23,0.011923824,0.9608045,2,44,0.008842738,0.9828748,2,65,0.0,1.0128684,2,89,0.03209262,0.8486511,2,112,0.011037128,0.95214254,2,132,0.008770635,0.89065105,2,153,0.062206604,0.9484632,2,175,0.028328842,0.9152486,2,200
4,0.011404447,0.95376915,2,25,0.030475399,0.9608719,2,45,0.0007603737,1.0656911,2,67,0.0,1.0816306,2,89,0.008250587,1.055952,3,120
5,0.008636264,0.8924699,2,20,0.0,0.9779409,2,49
6,0.0027201176,1.0440792,2,28,0.010435154,1.0495661,2,48,0.019350518,1.0442196,2,70,0.0,1.0099798,2,90,0.021662613,0.9551383,2,111,0.023923388,0.9384945,0,131,0.030542105,0.9620024,0,151,0.012652533,0.9885887,0,172,0.03225132,0.89227945,2,200
7,0.008517005,0.96779126,2,20,0.05025715,0.9992874,2,45,0.010045657,1.0319569,2,66
8,0.004956779,0.9651042,2,40,0.0025030565,0.98642176,2,60,0.0,0.89845973,2,81,0.0,0.86137545,0,103,0.031089803,0.75738513,0,123,0.0,0.8591434,2,143,0.025964335,0.9335599,2,167,0.039718285,0.86744046,2,200
9,0.010058517,0.97942746,2,20,0.0,1.1023723,2,42,0.0,0.90651894,2,62,0.040572453,0.77991474,2,83,0.05872483,0.7882264,2,103,0.022258986,0.6994171,2,125,0.0,0.49435025,2,145,0.0,0.587333,1,165,0.0047570327,0.4424812,2,200
10,0.005119971,1.0359495,2,21,0.0061685136,0.9773175,2,41,0.0023741599,0.9874052,2,61,0.0,1.0261743,0,81,0.0046875244,1.0193001,2,102,0.020799087,0.95362586,2,124,0.027112002,0.8127721,2,144,0.020510102,0.8900333,2,166,0.019407667,0.93872577,2,200
11,0.013933567,1.0016721,2,21,0.026249459,0.9838919,2,47,0.042371638,0.8994206,0,67,0.021849232,0.8551156,2,92,0.0,0.9603895,2,112,0.0,0.90385467,2,133,0.0,0.8615079,2,153,0.012102288,0.9123985,3,173,0.023324797,0.9336515,2,200
12,0.0025681816,0.9143221,2,22,0.0,0.9849103,2,43,0.03271679,0.92665,2,64,0.007916717,1.0417686,3,86,0.010054352,0.916997,2,114,0.0,0.92786235,2,135,0.0,0.8797567,2,158,0.0,0.92102206,2,178,0.0027476447,0.74916434,2,200
13,0.010819558,0.98695344,2,20,0.018090107,0.97484493,2,42,0.00017944537,0.92351246,2,62,0.014797942,0.9095607,2,85,0.015263348,0.9129998,2,109,0.0,0.99709004,2,129,0.026647713,0.98643285,2,149,0.01003149,0.9483303,2,169,0.042331763,0.8502416,2,200
14,0.0,1.0765435,2,23,0.0068102228,1.0243138,2,51,0.0,1.0864185,2,71,0.0,1.0357305,2,98,0.0,1.032047,3,118,0.0,1.0679864,2,139,0.001221454,1.0555786,2,166
15,0.019519616,1.0203632,2,20,0.005487183,1.0576522,2,40,0.005466331,1.0251356,2,60,0.0031132416,0.99063253,2,95,0.04840495,0.9833393,2,115,0.023881946,0.9805968,2,138,0.028991595,0.9560342,2,158,0.055772968,0.96307147,2,179,0.019111283,0.93543345,2,200
16,0.0012205595,0.999034,2,21,0.00033981344,1.008878,2,41,0.0015765565,1.0074819,2,61,0.0,0.88945454,2,81,0.019706905,0.8552729,2,103,0.068296276,0.8565637,2,123,0.0036907587,0.7250598,2,143,0.073138736,0.42652076,2,163,0.0028030684,0.648172,2,200
17,0.0125829,1.0203221,2,20,0.0,0.99635494,2,46,0.004809335,1.0050753,2,68,0.0040030074,1.0164204,2,88,0.001975309,0.97951925,2,108,0.0,1.0234919,2,128,0.0093576815,1.0059292,2,151,0.005601728,0.9547726,3,173,0.023379596,0.91165954,0,200
18,0.0,0.99378514,2,21,0.0051205237,1.0141944,2,50,0.00045992713,0.9576565,3,70,0.046708744,0.839619,2,91,0.01406635,0.9631724,2,112,0.0,1.001326,2,136,0.013438861,0.98467445,2,160,0.0,1.0736825,2,200
19,0.008191162,0.9745472,2,20,0.0048971097,0.95398414,2,41,0.016700078,0.9843029,2,62,0.030779699,0.8880439,2,85,0.03960118,0.8350711,0,106,0.012469396,1.0534801,3,126,0.011494032,0.96813095,2,147,0.022202894,0.9073348,2,171,0.03906127,0.8464228,2,200
20,0.016247388,0.94137204,2,20,0.0012791101,0.9747279,2,41,0.011876074,0.96715665,2,63,0.005338046,0.8261666,2,83,0.0046383785,0.6711238,2,103,0.003699448,0.72910005,2,142
21,0.016700549,0.93680924,2,21,0.0,0.85818017,2,46,0.0,0.8914936,2,66,0.0,0.93165064,2,86,0.016182788,0.8616584,2,107,0.014796515,0.917575,3,127,0.0,0.7690638,2,149,0.0,0.8182835,2,175,0.03425429,0.88638955,2,200
22,0.010839059,1.0269345,2,23
23,0.0017102426,0.97744197,2,20,0.0,0.951537,2,43,0.0,0.93323517,0,64,0.014736606,1.0471064,2,84,0.0,1.0389237,2,104,0.0028497074,1.0371758,3,124,0.033091903,0.84514225,2,144
24,0.0,0.8445231,2,20,0.008077786,0.8868256,2,46,0.023709167,1.0149125,2,78,0.0,1.0515941,2,139
25,0.0,1.0314003,2,41,0.006807808,1.0415994,2,68
26,0.0,0.97645366,2,20,0.0062281108,0.9758254,2,41,0.009633231,0.88617754,2,72,0.0,0.861759,2,92,0.00017511024,0.99013084,2,134,0.012925116,0.95794547,2,154,0.0,0.95620155,2,175,0.01407558,0.93707216,2,200
27,0.029688794,0.8846839,2,20,0.0049896464,0.7501918,2,40,0.0,0.62417114,0,60,0.04479458,0.57077897,2,80,0.038786292,0.45832086,0,100,0.015922923,0.8028631,2,120,0.025992196,0.8931823,2,140,0.07509251,0.5652302,2,162,0.014395855,0.74274266,2,200
28,0.026668385,0.90347344,2,21,0.00447945,0.97575915,2,46,0.023152765,1.0101578,2,66,0.0077874768,0.9020331,2,91,0.04671357,0.9310602,2,111,0.0099579375,0.91569436,2,131,0.0,0.6852424,2,151,0.0,0.9125427,2,171,0.014016056,0.72046167,3,200
29,0.027826482,0.9975595,2,21,0.006429836,1.0347029,2,48,0.0064960923,1.0214984,2,80,0.0077877976,1.0192722,2,100,0.0077867857,0.9825562,2,121,0.0090508,0.85028476,2,160
30,0.0010870197,1.0483829,2,34
31,0.011313011,1.0012237,2,24,0.004028569,1.0494506,2,46,0.0010765359,1.0393841,2,72,0.030342393,0.94202423,2,99,0.023651194,0.9159633,3,120,0.0,1.0072525,0,140,0.0,1.1684918,0,162,0.0021764562,1.1560513,0,200
32,0.0,1.0371934,2,23,0.001942132,1.0408667,2,43,0.014344069,0.99878,2,65,0.025238443,0.99363136,2,86,0.020581413,0.96124923,2,107,0.0031963654,0.9763019,2,129,0.029692313,0.91834813,2,152,0.0068390593,0.9466214,2,172,0.005313563,0.9822361,2,200
33,0.007786818,1.0341136,2,20,0.0022647318,1.013823,2,41,0.0045312378,0.9688144,2,69,0.006862787,0.941177,3,89,0.0016234703,1.0204182,2,109,0.0,1.0143924,2,131,0.015291299,0.88032407,2,152,0.008305952,0.92771214,2,173,0.0059879487,0.9693787,2,200
34,0.015944267,0.9509777,2,26,0.010307927,0.90850794,2,47,0.03388045,0.88891757,2,67,0.0,0.87722534,0,88,0.0,0.83254445,2,109,0.0,0.6799176,0,129,0.0,0.96115226,0,149,0.0,0.92333317,2,169,0.0051802765,0.86358935,2,200
35,0.010301523,0.9064373,2,22,0.010409595,1.0521768,2,62
36,0.0,1.0634283,2,21,0.0,1.0257882,2,43,0.0032176075,0.9687906,2,65,0.009061987,0.97798806,2,85
37,0.0006452191,0.963467,2,20,0.0,0.9053802,2,43,0.0021649548,0.82866174,2,63,0.029219592,0.8984253,2,85,0.023661554,0.9265884,2,115,0.0073653283,0.9944676,2,135,0.009392225,1.0117853,2,155,0.0,1.0364714,2,178,0.002059646,0.9625994,2,200
38,0.004855993,1.0014541,2,25,0.0,1.0213726,2,51,0.0053616622,1.0198157,2,72,0.031864945,1.0039865,2,94,0.021670457,0.96690625,2,114,0.005823367,1.0038459,2,139,0.042170692,1.0114195,2,159,0.03997521,0.9361667,2,183
39,0.007621922,0.9535993,2,23,0.0027816158,1.0238489,0,44,0.012272978,0.9265779,2,64,0.034902833,0.8632029,2,84,0.021742765,0.89403564,0,110,0.017013708,0.9493306,2,130,0.04458549,0.91281766,2,150,0.031890113,0.90814376,2,180,0.0041110865,0.8705255,0,200
40,0.034741092,0.9680928,2,20,0.015502674,0.89072704,2,40,0.013770317,0.8993624,2,61,0.003941937,0.88344985,2,81,0.003705322,0.93435925,2,102,0.05981167,0.83855045,0,122,0.0,0.88540894,3,143,0.036067992,0.88048285,3,163,0.03209185,0.84563196,2,200
