0,0.0005576268,0.9701368,2,20,0.010559433,1.0208809,2,42,0.022082482,0.9374469,2,62,0.013629427,0.9134811,2,82,0.0,0.9807888,2,103,0.0120384395,0.9471151,2,124,0.008225486,0.9796201,2,144,0.0,0.95464677,0,168,0.0,1.0054562,0,200
1,0.01309603,0.9926482,2,21,0.0115897115,0.99435586,2,41,0.017283216,0.89556223,2,64,0.0,0.91182774,3,84
2,0.008645942,0.9985964,2,22,0.0032386982,0.99514997,2,47,0.0,1.0611125,2,68,0.002251649,0.99618,2,90,0.02424612,0.951015,2,110,0.057871617,0.92126274,2,135,0.006670598,1.0577198,2,158,0.0,1.0355395,2,180,0.00043803584,1.1004089,2,200
3,0.012499501,0.9395893,2,20,0.007116827,0.9986783,2,41,0.002081424,1.0030723,2,63,0.021383012,0.86975646,2,90,0.006927653,0.93776053,2,110,0.002860632,0.95611745,2,130,0.0,0.98234266,2,151,0.0,1.1791657,0,171,0.009451669,0.805875,2,200
4,0.0004346693,1.0101898,2,20,0.012644,0.97718054,2,48,0.021704027,0.9863636,2,68,0.017776709,0.9256906,2,92,0.043777175,0.8662712,2,112,0.0044093602,0.93418473,2,132,0.0,1.0642673,2,152,0.0,1.1186461,0,174,0.0,1.0857872,0,200
5,0.05520798,0.8668844,2,20,0.03722778,0.9864342,2,41,0.008348109,0.984967,2,73
6,0.0008331895,0.9825778,2,24,0.0,1.0820171,2,44,0.0,1.108567,3,64,0.0,1.1037697,3,86,0.010421042,1.0946659,3,106,0.0,0.9428995,2,128,0.018072879,0.95322293,2,148,0.0020531653,1.0378114,2,174,0.010299148,1.0056758,3,200
7,0.005785254,1.0417744,2,21,0.0,0.99818176,2,47,0.009423834,0.88147104,0,67,0.016492989,0.911613,2,87,0.0062542735,0.89804494,2,108,0.0,0.7062079,2,130,0.0,0.68426543,2,150,0.0,0.62200725,2,170,0.00555423,0.7473747,2,200
8,0.0010238684,1.0208784,2,21,0.0022998475,1.0352033,2,52,0.006723877,1.0233539,2,76,0.016404312,0.9679903,2,96,0.00861696,0.940421,2,116,0.010948908,0.8673134,2,137,0.0,0.878294,2,157,0.027555166,0.8659149,2,179,0.0,0.8511714,2,200
9,0.019837067,0.92444247,2,23,0.014455321,0.981278,2,44,0.03303464,0.8533641,2,64,0.06180834,0.7998851,2,84,0.016180245,0.92892456,2,105,0.0,0.971535,2,125,0.005673451,0.95747954,2,164,0.011932107,0.9382856,2,200
10,0.047821045,0.869318,2,21,0.0,0.981511,2,41,0.03417279,0.56110376,2,64,0.06336574,0.3952219,2,84,0.0024303417,0.41429856,2,105,0.122893885,0.23193863,2,125,0.0,0.24520889,2,145,0.0,0.34447008,2,165,0.14636159,0.35693192,2,200
11,0.009231569,1.0291071,2,21,0.0061088987,0.9242137,2,41,0.0,0.96202755,2,61,0.0077000274,0.8006543,2,81,0.0,0.8138943,2,109,0.0,0.82898813,2,130,0.0,0.80724335,2,150,0.0,0.8516049,2,172,0.0059771882,0.82935315,2,200
12,0.005665638,1.0150985,2,22,0.0,1.0317404,2,43,0.027040984,0.9946683,2,63,0.011525455,1.0924162,2,86,0.001104004,1.0332596,2,114,0.009001761,0.9845025,2,139,0.0020723722,1.0403636,2,160,0.010103155,1.1532118,0,180,0.0051626787,1.0929258,3,200
13,0.026389021,0.8825625,2,20,0.0,0.7564261,2,40,0.004109758,0.5301463,2,60,0.0,0.46527162,1,80,0.0,0.4336895,2,102,0.0,0.70108265,1,122,0.007947718,0.61105204,2,142,0.015539627,0.84350103,2,169,0.015296259,0.93029886,2,200
14,0.004357404,1.0163493,2,26,0.0046982006,1.0380495,2,50,0.006413735,0.98240644,2,71,0.025140727,0.96489596,2,96,0.027348364,0.9981871,2,120,0.0124748275,0.939313,2,145
15,0.0016555245,1.0096244,2,23,0.0,1.0028323,2,43,0.009855221,1.0791807,2,64,0.0,0.97511405,2,95,0.0,0.8823267,2,117,0.0011591054,1.0207791,2,150,0.0,0.98170835,2,170,0.03459553,0.86673826,2,200
16,0.00351108,0.94383174,2,20,0.004625527,0.8538586,2,43,0.0,0.84532917,2,63,0.0027593574,0.4983438,2,83,0.0,0.4111455,1,106,0.0,0.2627051,1,127,0.0,0.2960844,2,148,0.0,0.54683816,1,168,0.0,0.6101095,2,200
17,0.009780038,0.99710184,2,37
18,0.016102219,0.9587956,2,25,0.0031816915,0.94932854,2,45,0.03307037,0.93586767,2,78,0.022696363,0.9083698,2,100,0.0209047,0.9464795,0,121,0.023741132,0.9696544,2,142,0.0058256215,0.96296585,2,167,0.027831705,0.9545869,2,200
19,0.0060544014,1.0081295,2,20,0.004270995,1.06648,3,41,0.00029531788,1.0567861,2,69
20,0.0005876189,0.9927762,2,20,0.0008876486,1.0420104,2,42,0.0024699294,0.99167675,2,65,0.005968974,0.9225642,2,101,0.013380726,0.95139444,2,124,0.023053525,0.91549265,2,144,0.012910414,0.9190172,2,164,0.010100963,0.9366094,2,200
21,0.020107329,0.9705689,2,27,0.0,1.0231379,2,54,0.0,0.91687876,2,76,0.016559284,0.86911666,2,96,0.0,0.9234833,2,123,0.0,0.9830651,2,143,0.01940022,0.90664977,2,163,0.011696336,1.0026081,2,200
22,0.0,0.8204519,0,20,0.0,0.80155474,2,43,0.0,0.65583944,2,63,0.0,0.44124687,1,88,0.0058926246,0.5868511,1,120
23,0.0067751915,0.98026735,2,22,0.0,0.9930685,2,44,0.004024787,0.965788,2,64,0.0,0.9792584,2,85,0.009383151,0.90092313,2,106,0.0,0.97583425,2,126,0.011285634,0.8830188,0,146,0.017332815,0.83392423,2,172
24,0.0145697845,0.9590121,2,38
25,0.0152444765,0.92034644,2,23,0.006285622,0.95247144,2,44,0.0326627,0.8602099,2,66,0.0,0.97329277,2,92
26,0.0,1.04102,2,24
27,0.011352737,1.0096186,2,23,0.008139693,0.9544785,2,54,0.0034458477,0.9764431,2,74,0.016276782,0.9893907,2,94,0.013145254,0.9785696,2,116
28,0.0022405176,1.0392939,2,22,0.0055597774,1.033541,2,43,0.0,0.9870281,2,63,0.0062779323,1.016684,2,83,0.012017991,1.0491517,2,108,0.020456415,1.0543933,2,130,0.0,1.0200806,2,151,0.027530218,1.0522116,2,171,0.005895841,1.0881139,2,200
29,0.012884173,0.827748,2,23,0.027932292,0.85510665,2,43,0.002902497,0.91891307,2,68
30,0.0,0.9100235,2,20,0.0061467746,0.9196184,2,60
31,0.0060270387,0.9367143,2,21,0.002589215,0.961504,2,41,0.001928151,0.9521588,2,61,0.007866139,0.97403985,2,84,0.0039990637,0.96847814,2,128
32,0.019553348,1.0321033,2,21,0.019380085,1.0736243,2,41,0.00014493783,1.0041572,2,63
33,7.559266e-06,1.060116,2,20,0.0010284084,1.0484116,2,40,0.001017014,1.0408502,2,71
34,0.0,0.8082005,3,20,0.027349642,0.84962094,3,40,0.0049849404,0.83825475,0,60,0.0,0.8524605,2,81,0.0022649984,0.75507474,0,113
35,0.0025065255,0.99185693,2,35
36,0.0022555017,1.0066701,2,30
37,0.0010693858,1.0187838,2,20,0.00947455,0.987557,2,41,0.0067785853,0.995602,2,61,0.0,1.018677,2,82,0.012600221,0.9050268,2,117
38,0.0013347714,1.0112237,2,24
39,0.010468454,0.9746096,2,25
40,0.006404439,0.99665093,2,25,0.0017418887,0.90004313,2,45,0.019034466,0.82391644,0,67,0.013041191,0.86887586,2,90,0.0240174,0.81758726,2,110,0.015178514,0.9533542,2,130,0.023846013,0.90318084,2,155,0.0,0.88701105,2,175,0.07669712,0.8530645,2,200
41,0.023545785,0.83418065,0,22,0.02700584,0.6957623,0,42,0.08054276,0.5478798,2,77
42,0.007397937,0.9799398,2,25,0.004519223,0.9279062,2,48,0.004156647,0.83696795,2,68,0.008536264,0.85239995,0,88,0.0,0.7979659,2,108,0.016313795,0.9012652,2,143,0.009832628,0.84814614,2,164,0.019254448,0.7984133,2,200
43,0.009124781,0.8621476,2,24,0.014277066,0.8999891,2,48,0.076259516,0.7299383,2,68,0.086153895,0.7213004,2,89,0.008437371,0.631414,2,109,0.0,0.48747236,0,129,0.0,0.46471667,0,149,0.0,0.41057023,0,171,0.02626073,0.27833048,0,200
44,0.0024919978,0.9043514,2,22,0.0,0.7961022,3,42,0.022280786,0.94708717,3,62,0.09793478,1.0683086,3,82,0.039528765,0.99007636,1,102,0.0,0.8216421,1,127
45,0.0,0.98154306,2,24,0.011004417,0.9918331,2,44,0.0,0.97245646,2,65,0.0087245,0.8586937,2,86,0.01534191,0.85216,2,106,0.056600355,0.8657221,2,128,0.064230375,0.8588482,2,157
46,0.012389512,0.99459475,2,25,0.011517875,0.9412216,2,46,0.027987486,0.9783511,2,66,0.0013067327,0.84825605,2,87,0.004623078,0.9443331,2,107,0.026712859,0.9703088,2,127,0.035126083,1.0586102,3,147,0.0,1.0664768,2,167,0.055247005,0.71786684,2,200
47,0.02602224,1.0009289,2,23,0.0072438773,0.9654001,2,60
48,0.005703638,1.038243,2,21,0.007867773,1.0086077,2,41,0.008969689,0.9862981,2,65,0.006604598,1.0557382,2,85,0.0019804258,0.96532935,2,105,0.016415482,0.97062624,2,125,0.010670379,0.9855089,2,145,0.01255634,0.96350926,2,169,0.011059343,1.0176747,2,200
49,0.0074097207,0.99586016,2,21,0.0029421952,0.9734733,2,42,0.015458356,0.93983257,2,62,0.0052007674,1.0291018,2,85,0.02010275,0.9464754,2,111,0.014729237,0.9749537,2,133,0.026587121,0.95312196,2,156,0.018101458,0.952291,2,177,0.035286553,0.9124661,2,200
50,0.009921918,0.97655743,2,20,0.013018852,0.9213675,2,40,0.0052932664,0.9686824,2,69,0.0033634766,0.95161283,2,89,0.016168501,0.98095536,2,114,0.036604304,0.9382643,2,135,0.007174579,0.9968599,2,155,0.03150869,0.9452831,2,175,0.031816155,0.79523736,2,200
51,0.003716563,1.029028,2,21,0.021063747,1.0252243,2,50,0.006369448,1.0666853,2,70,8.020997e-05,1.0362029,2,90,0.0,1.0297474,2,118,0.0038158954,1.0489222,2,138,0.0031682334,1.0538381,2,158,0.029243568,1.0250075,2,178,0.0018756576,1.0420711,2,200
52,0.0,1.0534946,2,23
53,0.0038639328,1.0277234,2,30
54,0.0007263886,1.0386984,2,20
55,0.010871367,1.0016736,2,21,0.007949986,0.960523,2,41,0.010976432,0.918675,2,76
56,0.010115875,0.99727243,2,24,0.007273731,0.99656975,2,44,0.0,0.89637214,2,64,0.0,0.93055916,2,85,0.0,0.9369482,2,105,0.0,0.680795,2,126,0.0032067143,0.58072704,2,147,0.0,0.7601829,2,169,0.044544123,0.86127585,3,200
