0,0.0083351,1.023521,2,26,0.0,1.0295677,2,47,0.014952712,1.007582,2,67,0.0002026856,1.0571024,2,87,0.025229689,0.98561305,2,108,0.023223018,0.9489811,2,128,0.040323768,0.88252544,2,148,0.014064264,0.76927555,2,169,0.0867163,0.760405,2,200
1,0.009854333,0.9541459,2,24,0.0045184423,1.0314497,2,48,0.010377473,1.0692745,0,72,0.0055148443,1.1050684,2,92,0.01791766,1.0268285,2,113,0.0128221,0.9881589,2,134,0.02966787,0.85690516,2,154,0.005798271,0.79553455,2,174,0.03690108,0.7647145,2,200
2,0.01731411,0.997375,2,21,0.043248065,0.91638213,2,42,0.027256865,0.96039754,2,62,0.010819866,1.0098274,2,87,0.0014693731,1.041464,2,112,0.01035835,1.0215318,2,138,0.009519411,1.0016981,2,158,0.003246216,1.0133324,2,178,0.0035932409,1.0311753,2,200
3,0.017856518,0.8506128,2,20,0.0025168827,0.87891173,2,42,0.026962368,0.9075955,2,65,0.0,0.8920498,2,85,0.007851837,0.87452203,2,105,0.010154654,0.72481996,2,140
4,0.0017977137,1.0298979,2,21,0.0,1.04494,2,46,0.016938422,0.99651754,2,77,0.010647871,1.0317979,2,111,0.006951367,1.1223447,2,132,0.0,1.0663934,2,152,0.0024633806,1.1165216,2,172,0.0073176995,1.0610306,2,200
5,0.0042494647,1.0334774,2,43
6,0.0,1.0244433,2,31
7,0.019762833,0.9894621,2,20,0.0032628688,0.96062005,2,40,0.0013954238,0.9762053,2,62,0.0,1.0426227,2,82,0.0081654405,0.94960356,2,105,0.0,1.0187817,2,126,0.004652825,0.9774615,2,146,0.057489473,0.762957,2,169
8,0.0,0.9112004,2,20,0.05298263,0.81527823,2,40,0.0,0.8035282,2,60,0.011522937,0.92593086,2,80,0.017418673,0.81967574,2,100,0.02828967,0.76555866,2,120,0.0479709,0.6783616,2,141,0.0,0.40997773,0,161,0.010851871,0.42949152,2,200
9,0.026092196,0.9668558,2,20,0.020860733,1.0408045,2,44,0.016929911,0.99793506,2,73,0.010621014,1.0307461,2,93,0.017768266,0.9509813,2,113,0.015447925,0.93220174,2,133,0.0034522265,0.99790746,2,153,0.018088311,0.9814366,2,180,0.0,0.9029376,3,200
10,0.023698155,1.0112193,2,21,0.0057702707,1.0929329,2,41,0.017578484,1.0806726,3,61,0.00068118906,1.0988897,2,82,0.0,1.1323365,2,102,0.0058449856,1.0717685,2,123,0.0034572752,1.1200175,0,145,0.006483005,1.157325,2,165,0.0008264796,1.0798053,0,200
11,0.02347382,0.909268,2,20,0.005203084,0.95004606,2,40,0.025978586,0.9116119,2,60,0.00080409663,0.8717397,0,80,0.01651683,0.81492984,2,100,0.0,0.89887124,2,120,0.0,0.8044509,2,144,0.032066375,0.86401016,2,164,0.01899857,0.73400396,2,200
12,0.050219357,0.9736287,2,20,0.04212143,0.9809156,2,42,0.038165204,0.94060314,0,62,0.039680947,1.0213766,2,87,0.020192906,0.950738,2,109,0.02027387,0.94841117,3,131,0.0012622372,0.97419274,2,158,0.0,1.0241878,2,178,0.011707868,1.0158924,2,200
13,0.0077197677,1.0219765,2,21,0.001620229,0.87149686,2,42,0.018020064,1.0015879,2,62,0.0013933654,0.94446725,2,82,0.005341146,0.85709125,2,103,0.015714815,0.96633005,2,127,0.0,1.0380543,2,147,0.007962671,0.88300574,2,167,0.013127197,0.92273843,2,200
14,0.012995533,0.76750064,2,35
15,0.008676596,1.0664297,2,21,0.005638628,0.9987695,2,43
16,0.013162212,0.98698896,2,26,0.023692334,0.8603738,2,46,0.00081947556,0.90586203,2,66,0.0,0.92619485,2,92,0.0070471205,0.8037113,2,119,0.0,0.9219682,2,141,0.0040389798,0.7856326,2,165,0.01028105,0.72960174,0,191
17,0.0026472535,1.01687,2,21
18,0.021374658,0.9078803,2,20,0.038515408,0.69452256,2,47,0.017414501,0.73791206,2,67,0.0,0.60399413,2,87,0.0,0.5953802,3,107,0.0,0.69598454,1,127,0.0,0.5871152,1,148,0.0,0.43077904,2,169,0.016309233,0.7420545,2,200
19,0.0011864278,1.0107714,2,24,0.00029119608,0.9881767,2,44,0.0022217988,1.0299283,2,67
20,0.0050483225,1.0036291,2,21,0.005393473,0.93323344,2,51,0.047196854,0.9859362,2,72,0.0,0.9995785,2,92,0.0,1.1037911,2,114,0.0,1.0291017,2,135,0.0,1.0659173,2,165,0.0049501425,0.9087086,2,197
21,0.0,1.0148753,2,26
22,0.0013714414,1.0819048,2,35
23,0.0,0.9658043,2,20,0.013707936,0.94379324,2,41,2.8442591e-06,0.95109195,2,62,0.0026065325,0.99307525,2,89,0.007723692,0.9382386,2,109,0.012386386,0.9756366,2,130,0.0,0.9749104,2,150,0.0,0.9361211,2,171,0.0041988683,0.9287384,2,200
24,0.022203913,1.0039142,2,21,0.0044874013,1.027364,2,41,0.00735075,1.0061034,2,62
25,0.0,0.9035171,2,21,0.003353622,1.0220791,2,42,0.0,1.0371928,2,64,0.003072392,0.9933981,2,84,0.0046689305,1.0041918,2,119
26,0.017969377,0.93595237,2,22,0.039445467,0.97122854,2,45,0.0028392002,0.7095166,2,67,0.016472425,0.8809373,2,87,0.0,0.8993882,2,107,0.014640793,0.7249658,0,127,0.0065147886,0.49200386,0,147,0.11841714,0.41491386,2,168,0.023821171,0.532378,2,200
27,0.002379145,1.0560032,2,42
28,0.001852745,0.8770974,2,20,0.007871116,0.8171106,2,44,0.026699271,0.61440146,2,64,0.027293827,0.48780265,2,84,0.08074955,0.77063096,3,104,0.0,0.57712483,2,124,0.0,0.705589,2,145,0.017894693,0.6164054,2,167
29,0.002038545,0.9981677,2,39,0.0073610027,1.006254,2,71
30,0.038141355,0.9181881,2,24
31,0.0,0.96191883,2,33
32,0.019096304,0.97399384,2,28,0.007862451,0.91673326,2,49,0.039067186,0.8907253,2,83
33,0.0,1.0587002,2,21
34,0.0032376894,0.9801665,2,26
35,0.0029014288,1.0068631,2,35
36,0.014267069,1.0024583,2,20,0.0021562881,1.0307826,2,57,0.019372953,0.9118481,2,80,0.022261474,0.9281438,2,100,0.018150413,0.8687743,2,120,0.026193148,0.7682167,2,140,0.00670221,0.8331433,2,169,0.061375126,0.68790317,2,200
37,0.04666974,0.8845577,3,21,0.00057518395,0.4170348,2,44,0.02691736,0.47719088,2,73
