0,0.0,0.99350053,3,22,0.0010080865,0.9275697,2,42,0.03317774,0.84043807,2,62,0.036182575,0.8608738,0,82,0.014465898,0.87426627,2,102,0.0,0.69959235,2,122,0.11683564,0.40277505,2,156
1,0.07276313,0.63173753,3,23,0.0,1.0922377,2,43,0.0060159573,0.76002574,0,81
2,0.0,1.0269009,2,20
3,0.014021009,1.0575793,2,26,0.0059861992,1.0432953,2,72
4,0.0128901815,0.9627239,2,22,0.006587813,1.1107764,2,42,0.00570732,1.124108,2,62,0.009353025,1.0729128,3,82,0.0015031183,1.044259,2,103
5,0.01746148,0.9205876,2,23,0.036927976,0.9131516,2,43,0.018437397,0.85801727,2,63,0.055278085,0.7275037,2,83,0.0,0.8085084,2,103,0.0,0.5694176,2,123,0.0,0.35889658,1,144,0.0,0.27313447,1,164,0.013614382,0.4295491,1,200
6,0.013227691,1.0306077,2,47
7,0.004540114,0.9777433,2,20,0.010518239,0.99260396,2,40,0.0,1.049996,2,67,0.0,1.0428528,2,92
8,0.0041039167,1.007886,2,28,0.0,1.0620031,2,49,0.0062945923,0.98631984,2,77,0.011067776,0.98741883,2,98,0.01817797,0.9359914,2,119,0.0,0.9793852,2,139,0.0043847277,0.9545805,2,161,0.03108337,0.9049474,2,200
9,0.00068121747,1.0318543,2,20,0.0031738067,1.0200907,2,44,0.010502795,0.97918,2,67,0.00937467,0.96831244,2,90,0.0012899546,1.0395517,2,110,0.005989266,0.993643,2,130,0.0049847304,1.0139383,2,150,0.049397163,0.86155,2,170,0.014024494,0.82719874,2,200
10,0.015293444,1.0241238,2,20,0.0,1.0682197,2,41,0.0,1.0088793,2,65
11,0.0053479364,1.0208672,2,21,0.013030033,1.0748715,2,42
12,0.0014679766,1.0247412,2,31,0.0,1.0230185,2,52,0.006498347,0.9448841,2,72,0.0,0.97200894,2,93,0.011152357,0.9640576,2,113,0.0,0.8206192,2,134,0.0,0.74439865,2,154,0.0014134311,0.6911489,2,174,0.033129282,0.7102044,2,200
13,0.029878607,0.9954445,2,20,0.051241674,0.97663754,2,40,0.0030243709,0.9643095,2,61,0.010924794,0.94888616,2,82,0.04018711,0.9317628,2,103,0.017645542,0.9791663,2,123,0.022133866,0.976554,2,147,0.020030612,0.94786143,2,177,0.010440755,0.9804514,2,200
14,0.0,1.0390463,2,21,0.0016539219,1.0539509,2,46,0.0083115725,1.0174987,2,66,0.0,0.97600245,2,88,0.0017725285,1.0185496,3,108,0.0022839664,0.9140991,3,129,0.012172659,0.9652554,2,150,0.010681367,0.9792369,2,171,0.07749073,0.91277426,2,200
15,0.006608489,0.89046925,2,20,0.050206944,0.84847116,2,41,0.021565935,0.8655923,2,61,0.0,0.9593868,2,81,0.006606008,1.0422236,2,101,0.0090862755,1.0745609,0,124,0.004592853,1.0783961,2,150,0.0,1.1316955,2,170,0.00042635336,1.0947192,2,200
16,0.009454031,0.95099986,2,23,0.018286033,0.99362695,2,49,0.008102172,1.0599527,2,93,0.01965504,1.0420231,2,127,0.008629992,0.9891796,2,152,0.0006534086,1.0831125,2,172,0.0027506384,1.0229785,2,200
17,0.0021937336,1.0661291,2,20,0.005070422,1.0173198,2,54,0.015181683,1.0444388,2,75,0.0,0.99256676,2,96,0.015652908,1.008247,2,116,0.021224206,0.9528474,2,139,0.00047606239,0.991186,2,159,0.014300203,0.90765256,2,180,0.03163864,0.89950573,2,200
18,0.025896762,0.94150054,2,20,0.015972238,0.84667176,3,59
19,0.0051321434,1.0078558,2,22,0.011735126,1.012483,2,43,0.07201408,0.9388277,2,63,0.01271532,0.96291417,2,83,0.010091153,0.829075,2,103,0.04175897,0.88416487,2,125,0.032790024,0.90191317,2,152
20,0.0031984383,0.93303066,2,23,0.0032384756,0.92137575,2,44,0.0020385527,0.73728544,2,64,0.0,0.6385804,0,84,0.00033900372,0.36039135,0,105,0.0,0.3637905,0,125,0.0,0.38828442,0,146,0.0,0.4135945,2,168,0.0082490435,0.5274101,1,200
21,0.0031269505,0.9593767,2,22,0.009211298,0.932275,2,42,0.03930104,0.9267157,2,70
22,0.0049243295,0.9896243,2,30,0.0,0.9834162,2,50,0.012089017,0.9271188,2,71,0.036196344,1.0064095,2,91,0.00621066,0.9278482,2,111,0.019601455,0.9762167,2,131,0.031759627,1.0259354,2,151,0.019807693,0.94380534,2,171,0.016624032,0.8874705,2,200
23,0.0,1.0876178,2,20,0.0024567803,1.0150783,2,43,0.02639476,0.92667943,2,65,0.02500992,0.9542064,2,90,0.001499893,0.8624323,2,114,0.08399703,0.77528405,0,136,0.0,0.8191186,2,156,0.09416396,0.6578067,2,176,0.08890042,0.78008205,2,200
24,0.013350332,1.0000675,2,20,0.02184178,1.0172099,2,51
25,0.021936882,1.0450374,2,20,0.0,1.0382465,2,52,0.0,1.0316356,2,76,0.0005800476,0.9788086,2,98,0.0,0.9857872,2,118,0.0010511155,0.99831545,2,140,0.029118594,0.9828721,2,160,0.010905368,0.989981,2,200
26,0.00013568597,1.0095528,2,20,0.0,0.9940384,2,40,0.010843483,0.98692715,2,60,0.0035894797,0.98776436,2,82,0.0030138674,1.0676563,2,107,0.0,1.0247097,0,127,0.003348181,1.0691657,3,148,0.0,1.0943837,2,171,0.0,1.0076457,2,200
27,0.009121567,0.96860707,2,20,0.0038515269,0.9308171,2,45,0.044390485,0.8785347,2,66,0.015291492,0.9870488,2,87,0.0044919592,0.98757744,2,111,0.027463326,0.9394122,2,132,0.012088006,0.92593443,2,152,0.010232388,0.92110443,2,176,0.0093871895,0.8433556,0,200
28,0.0049747867,1.0402049,2,21,0.0039940127,1.0164508,2,41,0.024001356,0.9852579,2,62,0.008762039,0.9227115,2,83,0.029505355,0.98262316,2,104,0.017210683,1.0136521,2,127,0.0027817055,1.060122,2,150,0.010976174,1.0540551,2,170,0.004935716,1.0158827,2,191
29,0.013208375,0.98355716,2,22,0.018326765,0.97471905,2,42,0.0314905,0.8776821,2,63,0.0172738,0.9556798,2,83,0.0044739023,0.97123575,2,103,0.023568438,0.95546705,2,127,0.021674966,0.9356025,2,147,0.0079556145,0.86699456,2,167,0.014692678,0.98621124,2,200
30,0.013996459,0.9401391,2,28
31,0.028162116,1.023904,2,28,0.013731817,0.9841011,2,48,0.08434426,0.95091504,2,76,0.061597284,0.97659475,2,100
32,0.017820382,0.92435277,2,21,0.0029647166,1.0693214,2,41,0.016191235,0.9845127,2,61,0.020318769,0.9319922,2,81,0.019233577,0.93771714,2,101,0.027503092,0.9373059,0,121,0.05410971,0.9607761,2,142,0.0314997,0.8774005,3,162,0.025921002,0.918993,2,200
