0,0.009976025,0.8445164,2,21,0.017807063,0.8727291,2,41,0.010330558,0.9187344,0,61,0.0,1.0458517,2,84,0.0,1.0457579,2,104,0.0039164913,1.0616115,2,129,0.0016216408,1.0134224,2,151,0.0,1.1090491,2,171,0.0029188483,1.0455992,2,200
1,0.00022399292,0.92284685,2,25,0.06447444,0.94167674,2,45,0.048081465,0.9200927,2,65,0.058705367,0.8211223,2,85,0.018081378,0.5266987,0,108,0.036833968,0.33581683,2,128,0.12573378,0.23060933,2,148,0.10401595,0.2130105,0,168,0.09770821,0.32178456,2,200
2,0.037813544,0.899343,2,20,0.033091623,1.0378469,2,47,0.02248737,1.002962,2,67,0.03425423,0.9711071,2,88,0.011906195,0.9990478,3,110,0.040257853,0.90927655,2,143
3,0.0,0.9994812,2,21,0.013656634,0.9376975,2,41,0.01153357,0.9798309,2,63,0.008507023,1.0335867,2,83,0.001895752,0.89054215,2,110,0.01179078,0.8046794,2,130,0.040601514,0.73589575,2,150,0.023965362,0.9349561,2,170,0.044455472,0.90963596,2,200
4,0.0,0.99037075,3,20,0.006241873,0.89476013,2,40,0.030199206,0.9626757,2,60,0.010462283,1.073527,2,85,0.0085675055,0.96821976,2,107,0.0047970386,1.0314384,2,132,0.0,1.0437169,2,152,0.0,0.9980264,2,176,0.027035585,0.9336675,2,200
5,0.0,1.0342969,2,20,0.011798769,0.9383253,2,40,0.0050257426,0.9615846,2,62
6,0.0066738413,0.99026793,2,28,0.019270506,1.001124,2,48,0.010631564,0.95667607,2,71,0.023977473,0.9485044,2,94,0.012361491,0.94547176,2,130
7,0.0,1.0818781,2,20,0.0058896374,1.048957,2,44,0.00538663,0.9592773,2,64,0.03520977,0.97135794,3,84,0.015482071,0.9616644,2,105,0.016276032,0.9598408,2,125,0.013751266,0.92560387,2,145,0.0022590072,0.8967845,2,165,0.004889063,0.94308144,2,200
8,0.010267742,1.0230862,2,37
9,0.027189175,0.9317859,2,20,0.014468712,0.99034137,2,42,0.004399064,1.0269909,2,63
10,0.012390532,0.9230361,2,20,0.033928066,0.8915426,2,40,0.008023702,0.9279914,2,63,0.019248769,0.9074897,2,88,0.011284842,0.92691284,2,109
11,0.005159799,1.0048447,2,23,0.0,0.97297484,2,45,0.014356925,0.91145116,2,66,0.0,1.011917,2,88,0.0,0.9919895,2,108,0.0014816686,0.87897897,0,130,0.0,0.74435276,2,154,0.008465435,0.80638456,2,174,0.027252553,0.7890823,2,200
12,0.008976094,1.0002928,2,20,0.0,0.98817253,2,40
13,0.006584576,0.9940161,2,41
14,0.0080341995,1.016968,2,22
15,0.021591049,0.98374057,2,25,0.0084420005,0.9524728,2,45,0.00233018,0.8311393,2,66
16,0.0037275522,1.0033115,2,20,0.0035220187,0.9637007,2,41,0.01038667,0.959705,2,61,0.009829343,0.9535206,2,81,0.0,0.9761212,2,103,0.034728087,0.95760095,2,126,0.029678414,0.9499048,2,146,0.019192379,1.0181829,2,166,0.008866765,1.0256941,2,200
17,0.0185263,1.029281,2,28,0.018075366,1.04119,2,54,0.021334434,1.0133541,2,79,0.009607817,1.020882,2,102,0.02362388,1.0243212,2,123,0.0047715185,1.0272206,2,143,0.0024008385,1.025455,2,163,0.002092452,1.013411,2,200
18,0.0,0.96767837,2,24
19,0.0019348535,1.0570164,2,39
20,0.022984197,0.9851273,2,35,0.0026113822,1.0753388,2,63,0.0038925323,1.0925183,2,104
21,0.0011994152,1.0260427,2,20
22,0.004884881,1.0356482,2,30
23,0.0075843697,0.9763672,2,20,0.027800823,0.9187272,2,40,0.029868277,0.94218373,2,78
24,0.022219304,0.87214833,2,20,0.003208346,0.95790094,2,42
25,0.010848464,0.9743267,2,20,0.0019829236,0.9553125,2,42,0.03381983,0.9883978,2,64,0.003114168,0.9761449,2,84,0.02194499,0.95774984,2,104,0.03483217,0.89046,2,132,0.00029088306,0.9009612,2,152,0.006230238,0.8742453,2,172,0.043025337,0.910941,2,193
26,0.007809816,1.0012718,2,22,0.003533706,0.9920715,2,45,0.0,1.0381336,2,65,0.009458363,1.0347869,2,85,0.017435908,0.9875226,2,105,0.0033812094,1.0211518,2,130,0.007616269,1.0027483,2,151,0.013209639,0.9934718,2,171,0.009326293,1.0191604,2,200
27,0.0052693607,0.9877065,2,23,0.012362256,1.0029943,2,48,0.008944424,1.08581,0,69,0.0013029512,1.0119977,2,91,0.00903989,0.95628244,2,111,0.0,1.0038769,2,131,0.015265485,1.0222223,2,151,0.0029115356,1.0645062,2,176
28,0.007072218,1.0387359,2,25,0.0,0.9377059,2,46,0.019018123,0.9228798,2,66,0.027611185,0.88458824,2,86,0.021180997,0.9251811,2,107,0.010303945,0.77521133,3,129,0.0,0.7489911,0,149,0.0,0.7447647,0,169,0.0,0.3483186,0,200
29,0.0037529462,1.0035714,2,37,0.0,0.9861965,2,59,0.0047334353,0.9338054,2,81,0.014448078,0.97678435,2,101,0.016768832,0.96707153,2,122,0.0,0.9066228,2,143,0.037171584,0.8811383,3,163,0.03203995,0.9752976,2,200
30,0.0,1.0374029,2,31
31,0.004603793,0.99059886,2,20,0.015351022,1.0233518,2,42,0.019577818,0.9716736,2,70,0.0,0.9255146,2,90,0.04746862,0.8493744,2,111,0.00021389464,0.7993466,2,132,0.0,0.8894899,2,155,0.03796341,0.8676683,2,175,0.0078143105,0.6974115,0,200
32,0.01059823,1.0114666,2,20,0.0089495545,0.96849483,2,43,0.008276643,0.89679253,2,63,0.045229383,0.840926,2,83,0.042199306,0.81067926,2,103,0.038048692,0.8679605,2,124,0.008878255,0.8729293,2,144,0.09975511,0.7450931,2,165,0.030728677,0.8464001,2,200
33,0.002361435,0.90427077,2,20,0.0,1.0002553,2,40,0.0052317684,1.0088022,2,62
34,0.008951994,0.91621816,2,20,0.0019172151,0.89130104,2,40,0.011430969,0.8795401,2,60,0.0065519433,0.95748496,2,83,0.029232893,1.0057361,2,104,0.008787502,0.9917727,2,131,0.008169472,0.9452964,2,151,0.01865475,0.9164307,2,172,0.0,0.773116,2,200
35,0.010276534,1.0622795,2,25,0.0033297546,0.8882443,2,45,0.0019105431,0.84816664,0,65,0.041832943,0.7408298,2,86,0.0,0.8800634,2,106,0.007914597,0.6828216,0,127,0.01626703,0.9486718,2,148,0.0027498093,0.8197465,2,168,0.10520215,0.67943996,2,200
36,0.025065282,0.97727334,2,20,0.035583287,0.98728055,3,40,0.013263879,0.9274379,0,61,0.0,0.9861556,3,82,0.0,0.8922718,3,102,0.01059551,0.9241473,3,123,0.0067112744,0.94126606,3,143,0.017420605,0.7994316,2,163,0.001127046,0.7785163,2,200
37,0.02017111,0.87122124,2,20,0.0053060483,0.7674773,0,52
38,7.926317e-05,0.9274609,2,22,0.0,1.0110166,2,42,0.0,1.0137966,2,62,0.011914338,0.906363,2,82,0.009624875,0.838538,2,102,0.00936637,0.9119762,2,122,0.03513751,0.7730025,2,143,0.010377775,0.8813118,2,164,0.00018895855,0.91154087,3,184
39,0.020024773,0.9476286,2,20,0.0073868437,0.9032246,2,40,0.008345024,0.8907956,2,63,0.009577404,0.8845784,2,83,0.0049711103,0.96117735,2,103,0.011544521,0.9656743,2,124,0.05624004,0.99291533,2,144,0.010179376,0.9489643,2,172,0.020055616,1.0027217,2,200
40,0.010340473,0.9736529,2,23,0.0,0.937612,2,48,0.002717285,1.004572,2,68,0.0009593298,0.9442588,2,95,0.0,0.9693515,0,119,0.0,0.9795506,2,144,0.0,1.015396,0,164,0.0,1.0048617,2,200
41,0.00819714,0.9746153,2,24,0.00013893054,1.0475627,2,45,0.0031720398,1.0397098,2,79
42,0.002896568,0.97284055,2,22,0.0131899,0.9859129,2,42,0.00991683,1.0064749,2,63,0.0069548585,0.93614143,2,84,0.006714925,0.9971037,2,104,0.015898855,0.96356905,2,124,0.020290274,0.93376595,2,146,0.0,0.9451044,2,167,0.004257732,0.83697724,2,200
43,0.026150655,0.9471981,2,23,0.00096909585,1.0233248,2,48,0.0,1.0395586,2,68,0.0,1.0648296,2,88,0.0,1.0069269,2,116
44,0.0032899356,1.0195988,2,20,0.0018362921,0.9892639,2,41,0.028671691,0.91138124,2,62,0.03617502,0.94676095,2,82,0.016461281,0.95325136,2,102,0.033764206,0.93022174,2,122,0.013981059,0.911825,2,142,0.028276915,0.91864055,2,164,0.037619367,0.82388043,2,200
45,0.00064188277,0.94448626,2,22,0.010916652,0.9321713,2,58
46,0.007199046,1.0344905,2,22,0.029371489,1.0461721,2,42,0.014063718,1.0175102,2,62,0.0023624373,0.98799235,2,85,0.0069945958,1.0494269,2,109,0.008297886,0.9893649,2,133,0.0,1.0298604,2,156,0.0060754614,1.0217185,2,176,0.0070585925,1.0232493,2,200
