0,0.0066913455,1.0216609,2,24,0.0031893938,1.0903609,2,44,0.013729852,1.0755935,2,75
1,0.0,0.8356864,2,20,0.005947659,0.5123446,2,41,0.0,0.5188062,1,63,0.06574859,0.48945504,0,83,0.022860069,0.49485824,0,105,0.005930888,0.501961,1,126,0.0,0.5023527,2,147,0.0,0.47230488,0,167,0.0075703347,0.4958165,1,200
2,0.01989035,0.96550596,2,20,0.0,0.87827396,2,40,0.0,0.79867584,2,60,0.0,0.66681015,2,81,0.0,0.6722047,3,101,0.0,0.47706285,1,121,0.0,0.23567598,2,141,0.007579851,0.22562617,0,166,0.015989056,0.3825964,1,200
3,0.009302743,0.9398613,2,21,0.011185815,0.95318365,2,45,0.0,0.80997133,2,65,0.014312808,0.8501939,2,86,0.005082512,0.59769434,2,106,0.00405155,0.77849114,2,126,0.0,0.55376565,2,146,0.0034272731,0.58212316,2,166,0.0,0.90549153,2,200
4,4.3482265e-05,1.0419848,2,22,0.0,0.9554596,2,43,0.0,1.0170491,2,63,0.0015288377,1.0440844,3,84,0.0,1.0935299,2,104,0.0034436018,1.0436727,2,124,0.0,1.0086936,2,146,0.0048232977,1.004477,2,200
5,0.0,1.0468669,2,22,0.0,1.0632459,2,44,0.0,0.99021494,2,64,0.0070818933,1.0229275,2,89,0.0,1.0109786,2,109,0.007346442,0.9979975,2,131,0.013159701,1.0481747,2,157,0.0,1.0066117,2,179,0.0107427295,1.0121539,2,200
6,0.00062313816,1.0686146,2,25,0.002014225,1.0619308,2,46,0.0028682465,1.0001845,2,68,0.0075715436,0.9775813,2,88,0.0068451865,0.9754293,2,111,0.0,1.0248591,2,131,0.012497675,1.0315336,0,152,0.01478219,1.0555303,0,173,0.01142842,1.0868803,2,200
7,0.0045221946,0.9430007,2,31,0.0019236344,1.0590559,2,51,0.008941129,0.91686803,2,73,0.01709129,1.0067384,2,93,0.03797738,0.91278905,2,121,0.0050021806,0.9766757,2,145,0.021466704,0.86738336,2,165
8,0.006235262,0.94972205,2,23,0.029568832,0.9235414,2,45,0.0,0.82676077,2,65,0.0,0.8788465,0,85,0.028786328,0.6850922,2,105,0.049761076,0.6550407,2,125,0.0030534249,0.52638406,0,148,0.0,0.40624475,0,168,0.002623436,0.5901159,0,200
9,0.007860819,0.99903536,2,20,0.003995379,1.019137,2,41,0.0031954707,0.98611724,2,61,0.009842486,1.0227841,2,81,0.0060653742,1.0456364,2,101,0.010184575,1.0389603,2,150,0.016094945,0.99845916,2,186
10,0.009520629,0.97904265,2,22,0.032371763,0.8885555,2,43,0.013924517,1.0165555,2,63,0.008858142,1.0379552,2,89,0.02221892,0.9671366,2,114,0.019769868,0.97996676,2,134,0.02020752,0.97588336,2,154,0.005136019,0.98506725,2,184
11,0.0207575,0.9928573,2,20,0.00337848,1.0448431,2,41,0.0,1.0387038,2,65,0.008125049,1.0210316,2,88,0.030194078,0.8837018,2,111,0.00552629,0.9039224,2,135,0.00080153614,1.0087436,2,155,0.0036119455,1.0439547,3,177,0.01259207,1.0357366,3,200
12,0.0,1.0603063,2,20,0.0,1.0224882,2,43
13,0.008889684,0.9512236,2,31,0.011591838,1.0124074,2,51,0.03776379,0.90363514,2,71,0.0033501335,0.8754733,2,91,0.0,0.77412045,2,111,0.0,0.9002712,2,132,0.0,0.6718,2,152,0.0,0.5719743,1,173,0.023309255,0.920465,2,200
14,0.0017091499,1.0219547,2,20,0.005422766,1.0660334,2,40,0.0038019225,1.0257251,2,60,0.0036245715,0.92564553,2,80,0.00432522,0.9539967,2,107,0.006245649,0.97027767,2,137,0.0041116243,1.0153533,2,157,0.008015976,0.98942405,2,178,0.017721899,0.9979338,2,200
15,0.0066836947,0.96963406,2,24,0.00035246852,1.0404412,2,45,0.0038429336,0.99029,2,65,0.0096761305,0.9900245,2,88,0.02884527,0.97050846,2,108,0.0,0.92968285,2,128,0.017444685,0.81396914,2,148,0.00062471937,0.92661446,2,168,0.010193262,0.9573108,2,200
16,0.0039399606,1.0497469,2,20,0.0,1.0138617,2,40,0.0038191392,1.0353941,0,61,0.008137381,1.0151091,2,85,0.014198225,1.0147932,2,111,0.012502134,0.9494667,2,134,0.025174867,0.95059645,2,154,0.01942432,1.000262,2,174,0.006826063,0.98703486,2,200
17,0.007404865,1.0570086,2,20,0.0044102855,0.9828125,2,40,0.0,1.0220544,2,60,0.021960773,0.97343415,2,84,0.0014345017,1.0270202,2,109,0.019547056,0.9561272,2,132,0.006795276,0.9880805,2,152,0.006719665,0.9698022,2,172,0.032711174,0.9169191,2,200
18,0.015217071,0.81705326,3,27
19,0.029578118,0.98412704,2,21,0.049771618,0.9644141,2,45,0.0013573375,1.0547506,2,68,0.010464548,1.0169772,2,96
20,0.0015100986,1.0178514,2,37,0.0051679644,1.0517863,2,63,0.008001356,0.9506697,2,88,0.030393714,0.9502552,2,108,0.0,0.91624624,2,129,0.031583916,1.0147587,2,149,0.00347849,0.9975584,2,200
21,0.007697455,0.99815094,2,23,0.0043147267,1.0575061,2,43,0.027677339,1.0120735,2,63,0.0064863637,0.9360214,2,87,0.00747742,0.9228133,2,107,0.0036166655,0.98883045,2,128,0.0052312408,1.062669,2,148,0.010218269,0.9918091,2,174,0.06202766,0.94220954,2,200
22,0.004465313,1.0234734,2,23,0.004546224,1.0568751,2,43,3.4607427e-05,1.0047439,2,68,0.0,1.0080711,2,92,0.0,0.97827435,0,112,0.007817866,0.9363203,2,132,0.008269838,0.9136551,2,152,0.04039991,0.8980525,2,172,0.07884847,0.97358674,0,200
23,0.005759325,0.9770541,2,23,0.0134848,0.9529764,2,43,0.030596793,0.91012704,2,63,0.02420213,0.90543276,2,84,0.012224833,0.87074184,2,104,0.09241587,0.78802234,2,124
24,0.0,1.0016706,3,20,0.015325319,0.98974544,2,41,0.0020931778,1.0148951,2,66,0.017063186,0.9976512,2,95
25,0.0,0.99961185,2,20,0.027278855,0.90860194,2,40,0.014036075,0.9671515,2,61,0.011273938,1.030242,2,85,0.001286879,1.0446866,0,106,0.0,1.107743,0,127,0.009723167,1.1037344,0,148,0.0012345354,1.0993391,2,178,0.013128416,1.0427287,2,200
26,0.0,1.1036723,2,20,0.0,1.0332397,2,40,0.0,1.0373193,2,61,0.0067358343,1.0107945,2,82,0.029314233,0.9134868,2,120
27,0.0036264893,1.0221913,2,21,0.0,1.0624735,2,43,0.0041176057,1.1046065,2,78
28,0.00016138627,1.0237693,2,22,0.0060924855,1.0449771,0,42,0.007882456,0.98793066,2,69,0.015614632,0.9593421,2,116
29,0.0018776208,1.0060399,2,20,0.010812685,1.0537615,2,41,0.0015510217,1.0754904,2,80
30,0.0,0.8913657,2,20,0.01222562,0.9743141,2,41,0.0028739744,0.9626409,2,61,0.021502988,1.0099087,2,90
31,0.020423844,0.88775253,3,20,0.007053154,1.1199688,2,40,0.0,1.1799712,0,60,0.020609796,0.6280973,0,82
32,0.01746836,0.96404445,2,20,0.040053602,0.9146418,2,41,0.014519771,0.94263536,2,61,0.009946625,1.137153,2,88,0.0,1.1246432,2,108,0.0,1.1502979,2,128,0.0049372986,1.0826739,0,150,0.0,0.9493577,2,171,0.0051474017,0.94679534,2,200
33,0.00211349,0.8413264,2,20,0.006081283,1.0389802,0,40,0.0011447142,1.0367723,2,66
34,0.0095180655,1.0100735,2,24,0.015979126,1.0451792,2,52
35,0.005755386,1.0292574,2,35
36,0.0033490069,0.96844757,2,20,0.008642995,0.92779124,2,42,0.009928348,1.0303388,2,62,0.0040122876,1.0481592,2,82,0.013335969,1.0686351,2,116,0.0,1.0829594,2,136,0.01030365,0.94705325,2,156,0.03460574,0.7944999,2,176,0.008229519,0.81481665,2,200
37,0.0,0.9531972,2,20,0.015192058,0.9191883,2,43,0.0,0.9468325,2,64,0.0042670965,0.9758218,2,87,0.009349978,0.99587107,2,110,0.0034811664,1.0808935,0,137,0.0,1.0990732,2,158,0.0021231638,1.0341376,0,179,0.0043213107,1.0782372,2,200
38,0.004234261,1.0046856,2,35,0.0027037335,1.0082536,2,62,0.002159155,1.005975,2,82,0.0062899403,0.98714095,2,103,0.0059256195,0.9378034,2,123,0.00046517263,0.9060618,2,143,0.001946326,0.8510548,3,164,0.017384894,0.908705,2,200
39,0.0,1.0268141,2,33
40,0.004286014,1.0381161,2,22,0.017026454,1.0474359,2,46,0.0,1.0593365,2,86
41,0.011419982,0.9676151,2,21,0.0013231796,1.0139464,2,41,0.024082093,0.95324373,2,61,0.00012666844,1.0668565,0,81,0.013876868,1.0572741,2,101,0.0,1.0075865,2,121,0.0,0.9917996,2,143,0.0021482457,0.9597538,2,167,0.0070820944,1.0527307,2,200
42,0.017005831,0.9957841,2,20,0.022047108,1.0492312,2,40,0.012278087,1.0891637,2,60,0.011072928,1.0409874,2,85,0.014388016,0.99652237,2,106,0.007097411,0.9795784,2,126,0.0,0.99475574,2,146,0.0,0.972625,2,168
43,0.014841343,1.036464,2,20,0.009287431,1.023597,2,44,0.008167773,1.0371187,2,64,0.013493408,1.0514263,2,85,0.017667068,1.0054309,2,105,0.0022454849,1.0124099,2,125,0.0010003105,1.0410112,2,145,0.016980216,1.0174085,2,165,0.008493284,0.9759855,2,200
44,0.0064989487,0.96670943,2,26,0.022638984,1.0212036,2,48,0.002148481,1.0336003,2,71,0.0022853697,0.9728268,2,94,0.016334519,1.0370657,2,115,0.0,0.98951703,2,135,0.0,0.8427612,2,157,0.0,0.9814553,0,180,0.0,0.903875,2,200
45,0.008198843,1.0176533,2,21,0.00017047673,1.0108955,2,43,0.0,1.0111164,2,67,0.0,0.9286173,2,89,0.015163216,0.9422054,2,109,0.0,0.9110197,2,129,0.022280455,0.8264969,2,149,0.029767973,0.810246,2,170,0.0,0.57581985,0,198
46,0.0021671627,0.9713713,2,20,0.0060457527,0.9897326,2,40,0.024370948,0.8888975,2,61,0.012929358,0.9144279,2,81,0.0010847207,1.0512843,2,106,0.0031168328,1.1004539,2,160,0.0026458746,1.0603727,2,200
47,0.0077900416,0.9813937,2,20,0.038644508,0.9687271,2,42
48,0.013719201,0.83016604,2,23,0.016590491,0.69163644,2,43,0.0,0.79859114,2,64,0.022088116,1.118106,2,85,0.0,0.60846794,2,105,0.0,0.38311958,2,125,0.0,0.7564237,2,145,0.04821062,0.6182221,2,165,0.012491155,0.7150493,2,200
