0,0.026303302,1.0155522,2,21,0.006632826,1.1007055,2,41,0.0,1.058701,2,66,0.0,1.0448622,2,87,0.032383457,0.953167,2,109,0.017207708,1.0638002,2,130,0.0069920113,1.0370294,2,150,0.0023827185,0.9668698,2,173,0.0054965494,0.9799287,2,200
1,0.013673055,1.0012277,2,20,0.015382943,0.9127028,2,61,0.0039420943,0.92182714,2,83,0.0,0.9960925,2,103,0.0,1.0324429,2,123,0.0,1.0147774,2,146,0.0,0.97985756,2,176,0.012329719,1.0823072,2,200
2,0.006749747,1.0077642,2,33
3,0.0061151455,0.987094,2,35,0.013468036,1.0126945,2,55,0.0068526096,1.0403681,2,98,0.0,1.0120543,2,119,0.0032117595,0.9743106,2,139,0.03945405,0.729213,2,159,0.007845936,0.9653055,2,179,0.0018748657,0.9464831,2,200
4,0.00643537,1.0151036,2,21,0.0067754476,1.0124655,2,41,0.0015577162,1.0131596,2,61,0.002380595,0.9937224,2,89,0.0237972,0.97317076,2,109,0.0,1.0029521,2,130,0.0,0.9179039,2,158,0.035178628,0.8550073,2,200
5,0.021679055,0.9434039,2,20,0.0,0.9096943,2,40,0.0,0.82813233,3,60,0.006834082,0.90992385,3,81,0.02832361,0.7165464,0,101
6,0.008961379,0.92079115,2,21,0.025286743,0.91410255,2,52
7,0.014099561,0.95707124,2,33
8,0.008712834,0.9936567,2,30,0.017863678,0.94219965,0,52,0.018898081,0.9757819,2,72,0.015217172,0.95649236,2,102,0.03763143,0.9453916,2,126,0.0,0.72543937,2,150,0.0,0.64160275,2,170,0.018397748,0.85589385,2,200
9,0.0132261915,0.9888191,2,36,0.0032880597,0.93999887,2,59,0.0,1.0148708,2,79,0.0,0.7096738,2,101,0.008688985,0.3940379,0,135
10,0.001181253,1.0407742,2,30,0.004296191,1.0236394,2,52,0.004872481,1.0584624,2,73,0.0061392947,0.987641,2,96
11,0.0,1.0696955,2,37
12,0.0010264366,0.93194914,2,28,0.02607655,0.94252634,2,48,0.0,0.88882667,2,68,0.0045148474,0.711955,2,90,0.010481724,0.5823977,2,111,0.0,0.47781947,1,134,0.0,0.6955419,2,154,0.0,0.5594336,0,174,0.014572957,0.36615273,1,200
13,0.003028153,0.9964775,2,20,0.03309422,1.0425684,2,40,0.0056116255,1.097892,2,65,0.00061272335,1.0484158,2,85,0.0,1.0931036,0,105,0.0,1.0531954,0,125,0.0,1.0043077,2,145,0.0,1.0415175,2,165,0.00548647,0.9666397,2,200
14,0.0032876567,0.9756366,2,20,0.010653509,0.9731355,2,40,0.038421884,0.9596255,3,64,0.023561316,0.9249618,0,96
15,0.016966846,0.9271173,3,35
16,0.027185401,0.98700076,2,20,0.0,0.91551703,2,45,0.011532597,0.9001784,2,79
17,0.013085529,0.93539554,2,24,0.0,0.92927676,2,45,0.0,0.98458815,2,65,0.0,1.0180582,2,87,0.008869427,0.9003284,2,109,0.0037540516,0.9004769,2,136
18,0.0063060643,0.93378735,2,35
19,0.008851306,0.94589245,2,20,0.030695401,0.9463884,2,58,0.024819374,0.90154904,2,81,0.03517688,0.9121045,2,109
20,0.0009864795,1.0526829,2,20,0.004162893,1.0317621,2,47,0.0137251625,0.91704446,2,69,0.0,0.9775083,2,91,0.0,0.961302,2,119,0.0,1.041076,3,139,0.0,1.0094453,0,160,0.0186002,0.8468763,2,200
21,0.005939664,1.0114365,2,22,0.004445285,1.0695438,2,70,0.0021786692,0.97172356,2,90,0.0,1.0331744,2,115,0.0034331381,1.0940255,2,139,0.010016043,1.0498521,2,160,0.0010825356,0.99003184,2,180,0.006287814,1.0271986,2,200
22,0.0,0.9636267,2,22,0.01740569,0.92766917,2,42,0.0022449892,0.9125089,2,70,0.03851545,0.86924946,2,90,0.014373044,0.93145955,0,110,0.0036852385,1.0419539,3,130,0.032818925,0.9356258,2,151,0.015159524,0.9612299,2,174,0.052368157,0.974245,2,200
23,0.030639708,0.88620156,2,21,0.0070893764,0.90498084,2,41,0.03765135,0.98000824,3,61,0.010966869,0.93640196,0,81,0.0,0.7574769,2,102,0.0,0.7545205,2,123,0.01717451,0.61380136,2,143,0.0,0.49248546,2,163,0.0018682834,0.7229244,2,200
24,0.008517419,0.94701743,2,29,0.00020773793,1.045399,2,49,0.015321193,0.9166763,2,75,0.004356132,0.8715897,2,103,0.0,0.8724234,2,126,0.018403575,0.63879055,2,146,0.03954342,0.7226326,2,181
25,0.005803841,1.0220023,2,20,0.0036124683,0.9764195,2,50,0.0084840255,0.96552247,2,70,0.012742992,1.0128733,2,90,0.0011749249,0.9704019,2,111,0.0,0.87744206,2,135,0.0,0.86930376,2,156,0.07413561,0.8105052,2,177,0.022446005,0.9480537,2,200
26,0.01588162,1.0083016,2,27,0.012922397,0.9463612,2,49
27,0.014583853,0.9075656,2,20,0.024906958,0.8587907,2,40,0.033641465,0.76664716,2,60,0.0089047905,0.76088107,2,80,0.011827813,0.62921673,2,100,0.0,0.92707896,0,121,0.021773657,0.72220373,0,141,0.008316587,0.69791234,0,162,0.0012984261,0.4811185,0,200
28,0.006932956,0.9527138,2,25,0.018648174,0.9181571,2,50,0.019811865,0.91321176,2,77,0.016300201,0.9010176,2,107,0.031738527,0.9717323,2,127,0.0127565265,0.93401146,2,151,0.015892416,0.89183205,2,171,0.016127769,0.8879193,2,200
29,0.0049680625,0.9565168,2,21,0.011325551,1.0449325,2,41,0.01787623,0.94727385,2,61,0.00079022674,1.0484223,2,86,0.0,0.9755543,2,116,0.004783558,0.8619145,2,142,0.13008776,0.5908681,2,162,0.030395614,0.8332896,2,200
30,0.003837148,1.0293424,2,28,0.010067393,0.99251455,2,50,0.019637069,0.9436233,3,71,0.008356492,0.8761862,2,91,0.01624707,0.8726471,2,111,0.00084543007,0.93308866,2,131,0.006240843,0.94729614,2,154,0.026995972,0.8465885,0,174,0.04818268,0.9134939,2,200
31,0.026643297,0.99125654,2,20,0.0056795203,1.0473888,2,41,0.0025933539,0.9867199,2,61,0.033820033,0.9747553,3,81,0.008610397,1.0114604,3,104,0.0,0.97582054,2,124,0.0,1.0154692,2,145,0.023265615,0.9399561,2,170
32,0.013023681,0.99254274,2,34,0.0,1.0222658,2,54,0.00985869,0.98032063,2,74,0.0068399855,0.9862771,2,94,0.004889872,0.97578657,2,114,0.0106420815,0.8972031,0,134,0.0070524514,0.941751,3,154,0.03783463,0.9975423,3,175,0.022810457,0.9781368,2,200
33,8.099154e-05,0.9924013,2,20,0.0,0.9996788,2,44,0.011187518,1.0416634,2,64,0.007475487,1.0130001,2,84,0.034056127,0.9513974,2,104,0.0,0.99422675,2,124,0.0042434945,0.99904704,2,149,0.00927395,0.96763337,2,178,0.013016623,0.9657175,2,200
34,0.005107752,1.053769,2,24
35,0.006402123,0.9421461,2,20,0.001417501,0.9204929,2,44,0.039882284,0.91111445,2,66,0.0,0.9401347,2,86,0.0,0.8002626,2,106,0.0058103367,0.6007668,0,126,0.0,0.370728,1,149,0.0,0.46796137,1,169,0.01291738,0.561951,2,200
36,0.028724736,0.9136368,2,22,0.025427451,0.91639245,2,58
37,0.0011681521,1.0050763,2,22
