0,0.008703804,0.96777534,2,25,0.0036079038,0.86122847,2,46,0.009441808,0.8908067,2,67,0.005536227,0.92153037,2,89,0.0109938625,0.89889634,2,109,0.0023602808,0.8106269,2,131,0.0,0.6533462,3,152,0.012041783,0.7769715,2,172,0.0115975505,0.71343935,2,200
1,0.01572229,0.93728656,2,21,0.006920102,0.88657635,2,41,0.033612035,0.7829651,2,61,0.0,0.91603345,0,81,0.0,0.9465809,0,104,0.0,0.9453211,2,124,0.0,0.9566367,0,144,0.0,0.853353,2,164,0.0032344763,0.7954579,0,200
2,0.003126029,1.0581326,2,28,0.0038676236,1.0260916,2,62
3,0.0009200172,1.0463746,2,26
4,0.005818317,0.974166,2,21,0.0,0.91025794,2,46,0.05556954,0.83524674,2,67,0.018612478,0.7305605,2,87,0.03630856,0.9301392,2,107,0.015006537,0.8450407,2,127,0.040316958,0.81297815,2,147,0.025036786,0.8620342,0,167,0.013657428,0.7090857,0,200
5,0.034671284,0.8794066,2,20,0.017850604,0.75430167,2,41,0.029224176,0.86331004,3,61,0.03619157,0.6674983,2,81,0.01687306,0.55504614,2,103,0.0004896666,0.49073672,3,123,0.0,0.61206967,2,143,0.0,0.7577933,2,163,0.019137865,0.7605227,2,200
6,0.010714633,1.0245287,2,20,0.014195522,1.02085,2,60
7,0.00035873055,1.0383506,2,22
8,0.0,0.8999553,2,21,0.004589019,0.96573466,2,56
9,0.008035906,0.9906863,2,21,0.0053683026,0.9254116,2,44,0.0013585128,0.85144454,2,65,0.0,0.97499657,2,99
10,0.03818148,0.9348165,2,26,0.0,0.94773656,2,46,0.050253652,0.95221376,0,66,0.0025748042,0.9576434,2,86,0.0009124022,0.9522791,0,106,0.020943819,0.91275775,0,126,0.0,1.0939763,2,148,0.026898151,1.001109,3,168,0.054056913,0.88204503,2,200
11,0.02511906,0.98116505,2,20,0.0,0.94835055,2,41,0.0,0.9605203,2,63,0.012566954,0.94579524,2,84,0.012537142,0.9899378,2,110,0.0043774624,1.0058692,2,141,0.0043882322,0.9987535,2,162,0.010385107,0.9839837,2,200
12,0.0,1.0354065,2,20,0.0,1.0421665,2,40,0.0015269837,1.046009,2,67,0.011065407,1.0168556,2,90,0.0,0.86486435,2,110,0.004674292,0.93649226,2,130,0.025519002,0.963128,2,153,0.02517215,0.92806935,0,175,0.042992946,0.97570884,2,200
13,0.0006269336,1.0138226,2,20,0.0,0.95231706,2,44,0.0,0.9692976,2,67,0.0,1.007837,3,88,0.0077482103,1.0428846,3,108,0.001427479,1.0341973,2,128,0.0,1.0235956,2,149,0.0,1.0074313,2,170,0.005640729,1.0359738,2,200
14,0.0,1.0767598,2,24,0.008931887,1.0520958,2,48,0.001323988,1.0181625,2,68,0.0,0.988945,2,88,0.0,1.044142,2,108,0.026037818,0.9617818,2,128,0.004205732,0.95050937,3,148,0.049486972,0.9720774,2,169,0.0030546102,0.9730029,2,200
15,0.0,1.0739311,2,20,0.0,1.021752,2,40,0.037776224,0.9930788,2,60,0.008436934,0.945331,2,85,0.0,0.9915502,2,114,0.0076069236,0.84504384,2,135,0.0,0.6844097,2,155,0.0,0.51913786,1,175,0.00786896,0.6104379,2,200
16,0.02109665,0.87961125,2,41
17,0.0227555,0.98195595,2,21,0.003038625,0.95082474,2,44,0.0060270503,0.97116435,2,64,0.05086294,0.95269483,0,92
18,0.0031975862,1.0065261,2,37
19,0.03162638,0.8868993,2,20,0.0,0.82198733,2,40,0.043342255,0.8264743,2,61,0.0030739312,0.79200023,3,81,0.006502664,0.7603005,0,101,0.0024040898,0.7883982,2,123,0.0,0.3482805,0,143,0.0,0.43406487,0,163,0.026193196,0.2612363,1,200
20,0.0061632697,1.0495023,2,22,0.000891507,0.9826313,2,47,0.011377605,0.9655386,2,67,0.024664814,0.9911902,2,89,0.019747598,0.9133326,3,111,0.03415185,0.9480229,2,133,0.02711703,0.9360255,2,154,0.015304156,0.9047675,2,175,0.009222683,0.9543228,0,200
21,0.0,1.0323899,2,25,0.0022625164,1.0280218,2,45,0.01433278,0.98169607,2,78,0.0,0.9823799,2,101,0.0033399067,1.0280452,2,121,0.00526204,1.0187864,2,158,0.0022125146,0.9502495,2,178,0.087056756,0.9191606,2,200
22,0.023077354,0.99329984,2,20,0.0,0.99684215,2,41,0.0,0.90257823,0,61,0.0,0.80945694,0,82,0.003952249,0.69952697,2,103,0.0054259575,0.8392413,2,123,0.0014051318,0.8621772,0,144,0.0,0.67035794,0,164,0.004539842,0.5200938,0,200
23,0.008233716,0.94079256,2,21,0.050281703,0.94654685,2,41,0.031048026,0.95341593,2,67,0.028424691,0.9319309,2,89,0.015062541,0.9762927,2,109,0.0187858,0.88131917,2,129,0.008714768,0.91924584,2,149,0.021089634,0.883838,2,172,0.01973629,0.9240759,2,200
24,0.023684805,0.9592067,2,20,0.009771191,1.0238867,2,40,0.0063649826,1.0395561,2,78
25,0.011232639,1.0097551,2,20,0.002582761,1.0099478,2,40,0.006866936,1.0000069,2,62,0.0067421333,1.016318,2,83,0.002998192,1.0463768,2,110,0.008019426,0.9463703,2,132,0.0073281643,1.015538,2,155,0.01855251,1.0332677,2,175,0.009540146,1.0107819,2,200
26,0.04176267,0.8862565,2,20,0.0,0.9882098,2,42,0.0,0.92700744,3,64,0.0209572,0.84890264,0,99
27,0.008208517,0.9606863,2,20,0.017842207,0.9444745,2,40,0.016293688,0.9667798,2,61,0.0,0.72655874,2,83,0.008471018,0.77172065,2,105,0.015555265,0.81299484,2,125,0.0458649,0.8414189,2,149,0.059225194,0.86971045,0,182
28,0.0,0.9400133,2,22,0.021106657,0.8581998,2,42,0.0017520792,0.848105,2,64,0.029609358,0.7863913,2,95
29,0.009974474,0.967537,2,22,0.01939559,0.7734914,2,56
30,0.008423205,0.98848003,2,27,0.0058474513,0.9879911,2,49,0.015823737,0.9907845,2,77,0.0059892195,0.9431886,2,99,0.00065867486,0.89436257,2,119,0.045879494,0.9237853,0,139,0.03546366,0.9173611,0,159,0.025609855,0.9154384,0,180,0.010869751,0.9188884,2,200
31,0.002691097,1.0411358,2,35
32,0.005846153,1.0452859,2,20
33,0.008916797,0.98569036,2,21,0.009105059,0.95006615,2,42,0.027543234,0.7534685,2,78
34,0.013387503,0.9696771,2,28,0.011142652,0.99570346,2,49,0.007861794,1.1088238,2,69,0.0015556249,0.9777233,2,92,0.015785513,0.99967426,2,114,0.0,1.0782498,3,135,0.0,1.0296195,2,156,0.0021681075,0.8828105,2,177
35,0.0013497563,1.0251371,2,40,0.009117025,0.960696,2,70,0.020608868,1.0038544,2,95,0.02036101,1.0744447,2,115,0.0074038575,0.97242063,2,150,0.017351827,0.9142763,2,171,0.0,0.839011,2,200
36,0.04963225,0.97451746,2,20,0.03980031,0.9552134,2,40,0.097405516,0.97267103,2,60,0.017721877,0.9934793,2,81,0.022761758,0.9409197,2,101,0.045210134,0.9409671,2,121,0.011023792,0.93020326,2,141,0.0084021995,0.76827544,2,163,0.013860527,0.82908386,2,193
37,0.0045680655,1.0120192,2,23,0.011398515,0.98714554,2,43,0.01119863,1.013258,2,66,0.009523618,0.95939314,2,86,0.0076310737,0.9851785,2,106,0.0022694785,0.99854946,2,126,0.01838435,0.9585555,2,147,0.021907078,0.9510746,2,170,0.033724476,0.97254294,2,200
38,0.0057450584,0.9703962,2,21,0.004132382,1.0372041,2,52
39,0.013187845,0.9427471,2,20,0.014328843,0.89882934,2,40,0.0041767294,0.9166304,0,60,0.0046811686,0.8574699,2,80,0.004417399,0.9043583,2,102,0.038581297,0.9232705,2,122,0.00029439927,1.0139184,2,142,0.0,0.9712595,2,162,0.008945001,0.9501162,2,200
40,0.001646477,0.9828604,2,22,0.029298067,1.0080315,2,46,0.0,1.0493389,2,67,0.0080845235,0.98698366,2,89,0.018491488,0.97434664,2,109,0.0121871475,0.9739653,2,129,0.0,0.97006005,2,150,0.003165064,1.0462711,2,172,0.018712686,0.92459303,2,200
41,0.014890788,1.0378735,2,20,0.0043784226,1.0803443,0,42,0.006412411,1.1040372,2,64,0.0005714334,1.1056864,3,87,0.0,1.122706,3,107,0.022419898,1.0678041,3,127,0.0,1.1359228,3,148,0.0041935057,1.1045502,0,172,0.0019795883,1.0954084,0,194
42,0.01394343,0.96779895,2,25,0.021057095,0.9882162,2,45,0.0042502903,0.90605927,2,66,0.0005277667,0.9420786,2,86,0.009901235,0.9611175,2,111,0.0,0.94688827,2,135,0.00046876483,0.9009037,2,155,0.025262538,0.819317,2,176,0.02086438,0.9150353,2,200
43,0.015969235,0.9889248,2,20,0.021696793,0.95071185,2,43,0.015508522,0.92498106,2,66,0.021688271,0.8576255,2,86,0.016501723,0.7301266,2,106,0.0,0.97129536,2,126,0.00044222272,0.861401,2,149,0.01821557,0.8023917,0,169,0.038102172,0.612931,2,200
