0,0.0097774835,1.0050019,2,20,0.007159999,0.9580703,2,40,0.00491354,1.0289747,2,62,0.020157682,0.99109954,2,100,0.01043763,1.0098324,2,120,0.0003574652,0.96524936,2,147,0.032178957,0.8841151,2,167,0.021982608,0.8768248,2,200
1,0.010652237,0.94589067,2,24,0.00017063413,0.9611667,2,44,0.0,0.9533623,2,64,0.019341366,0.90122384,2,84,0.014946349,0.9128903,2,104,0.0,1.0104588,2,127,0.0,1.0521472,2,147,0.0,1.0024779,2,167,0.0038081738,1.1003778,2,200
2,0.0,0.91864234,2,20,0.0067109666,0.7960816,2,40,0.0010341132,0.58058393,1,74
3,0.0073065734,0.942773,2,21,0.01830516,0.9131471,2,41,0.011902763,1.0020032,2,61,0.0,1.0079436,2,81,0.0,1.0214591,2,106,0.008910412,1.0495081,2,126,0.0009844446,1.0256191,2,148,0.013888687,1.0059683,2,169,0.0,0.9499392,2,200
4,0.009011503,0.96944225,2,20,0.012292707,0.94006234,2,40,0.0042832205,0.98222613,2,61,0.015289882,0.93940085,2,81,0.004286556,1.0221325,2,105,0.0,0.9594031,3,127,0.013144766,0.9401494,2,147,0.032674115,0.9752386,2,168,0.0078051565,0.97994065,2,200
5,0.013557827,0.9742187,2,40
6,0.015397841,0.82784826,2,21,0.0130570615,0.87441546,2,42,0.016588267,0.7757762,2,62,0.0,0.9592277,0,82,0.01781421,0.79936445,0,102,0.0,0.78692895,0,124,0.0,0.78234065,0,144,0.009714467,0.70970637,0,164,0.034878775,0.7092896,2,191
7,0.007072027,0.9996678,2,20,0.024864718,0.96949327,2,40,0.012447911,0.9168584,2,60,0.0,0.9385206,2,81,0.0023473636,0.96574765,2,101,0.0,0.95519334,2,121,0.01487771,0.97274387,2,141,0.0024736922,1.0810636,2,161,0.0004333434,1.0086244,2,200
8,0.027767677,0.8881804,3,20,0.0,0.88798964,2,40,0.0,0.81577814,2,62,0.0011565436,0.86723155,2,85,0.003969661,0.84650654,2,107
9,0.0026212793,1.0785248,2,20,0.0012407867,1.0200416,2,40,0.009320108,1.0657437,2,66
10,0.013454556,1.0464313,2,20,0.01692957,0.9706046,2,40,0.009228515,0.99010676,2,60,0.0,1.0805556,2,81,0.002908884,1.0890677,0,103,0.033380497,1.0442955,2,124,0.001819705,1.0436392,2,148,0.0,1.0037763,2,173,0.0016835363,0.91932034,3,200
11,0.007653196,1.0015451,2,24,0.016713332,0.97094345,2,44,0.019188816,0.9460686,2,64,0.007050659,0.9803126,2,99,0.006353583,1.0025834,2,119,0.01262004,0.98059225,2,140,0.0,0.9847592,2,161,0.013837602,1.0110446,2,200
12,0.0030871225,0.9876059,2,21,0.0,1.0051476,2,41,0.0020303456,0.97809315,2,65,0.0025903326,0.98973954,2,85,0.0,1.01354,2,117
13,0.0,1.0138589,2,20,0.016318059,0.9966811,2,41,0.019411093,0.97253484,2,76,0.007504368,1.0132303,2,101,0.0,1.0020074,2,123,0.0150379315,0.9666754,2,143,0.014385846,0.9815763,3,163,0.012776041,0.89283425,0,200
14,0.0029420457,1.0141454,2,23,0.021234648,0.979955,2,43,0.031466596,0.9490751,2,63,0.024405597,0.96356726,2,83,0.04642464,0.9392986,2,103,0.040106963,0.8197864,0,125,0.009107257,0.81696236,0,145,0.0,0.7530669,0,166,0.0,0.7553034,2,200
15,0.02265417,0.9522899,2,20,0.019803679,1.0680985,2,40,0.011341908,1.0862949,2,60,0.01140131,1.0937443,2,93
16,0.002990375,1.0100124,2,33,0.038365833,0.84968555,2,53,0.024896268,0.94774705,2,73,0.024112552,0.9570915,2,93,0.020058965,0.9664313,2,113,0.033912923,0.8760769,2,133,0.005606239,0.9100818,2,156,0.017359728,0.77607405,2,176,0.05003071,0.95160764,2,200
17,0.00353835,1.0441712,2,37,0.0,1.0938258,2,65,0.0,1.0471473,2,85,0.0,1.0826366,2,108,0.0001483403,0.982535,2,130,0.013222583,1.0004205,2,150,0.054509547,0.92086774,2,172,0.0071943095,0.9917199,2,200
18,0.0025612058,0.9943111,2,21
19,0.0016413542,1.0179572,2,20,0.0026044261,0.9595273,2,40,0.0,0.9770136,2,62,0.053437192,0.9174231,2,82,0.06816055,0.9452729,2,102,0.025503375,0.9661288,2,127,0.004227843,0.98039216,2,147,0.0,1.0078602,2,171,0.0010501108,0.9969604,2,200
20,0.008381015,1.027919,2,20,0.006145873,0.99672645,2,45
21,0.0055207536,0.919284,2,20,0.020711873,0.88133633,2,40,0.038460486,0.9079056,2,76
22,0.011083306,1.0311097,2,20,0.007940056,0.9875142,2,40,0.0,0.95779854,2,62,0.0,0.8976978,2,89,0.0,0.95369846,2,116,0.0,0.9692589,2,143,0.005972867,1.0341644,0,163,0.0088416375,0.9472471,2,200
23,0.00938751,0.95827776,2,23,0.010061137,0.9491329,2,63,0.006557973,0.9248464,2,85,0.0,0.8888992,0,105,0.0,0.88516104,2,125,0.0,0.70163006,2,155,0.0,0.7057556,1,176,0.0,0.8290872,2,200
24,0.006554228,0.9761817,2,23,0.0046660793,1.0641824,2,53,0.0008162376,1.0016003,2,79,0.0064531593,0.9175016,2,100,0.0,1.0154436,2,120,0.012661773,1.0482095,2,147,0.018261183,0.9675487,2,187
25,0.024187341,0.96253806,2,35,0.012506262,1.0015148,2,59,0.00878133,1.0482965,2,80
26,0.021076437,0.9717468,2,20,0.008919157,0.95700073,2,41,0.0,1.0076544,2,61,0.0017391583,0.97813225,2,81,0.001167584,0.89882535,2,102,0.018750476,0.96280015,0,123,0.005420449,0.91752154,2,144,0.0,0.8347921,2,168,0.014944298,0.85842335,2,200
27,0.008001922,0.98815966,2,20,0.038848765,0.97522134,2,40,0.018402934,0.96435136,2,60,0.019077284,0.95708257,2,84
28,0.006376469,1.0199053,2,22,0.011329431,0.9894926,0,42,0.0049153296,0.9969424,2,62,0.0032874339,1.0135456,2,82,0.022324707,0.9918521,2,103,0.008284858,0.9623426,2,123,0.002446009,0.98460615,2,144,0.009357445,1.0140274,2,178
29,0.00043811454,0.9900631,2,20
30,0.028201202,0.9416173,2,21,0.00065555656,0.91504604,2,41,0.0045466414,0.83364946,2,79
31,0.008827311,0.99337286,2,34
32,0.012794839,0.88238835,2,21,0.012923947,0.9631419,2,41,0.0,0.8679408,3,62,0.0,0.84548235,2,82,0.0,1.1155641,0,103,0.028128004,0.744881,2,127
33,0.026481682,0.9934573,2,20,0.00923534,1.0371603,2,42,0.04143523,0.99898,2,64
34,0.0054677813,1.0008838,2,20
35,0.0019230527,1.0567306,2,21,0.030548835,0.99607855,2,44,0.012575621,1.0052996,2,67,0.011710247,0.99686027,2,90,0.012573053,0.9868976,2,110
36,0.012020751,0.91610074,2,26
