0,0.013767487,0.95104814,2,23,0.009403991,0.8415421,2,43,0.020281872,0.9814986,2,63,0.0007011258,0.96230614,2,83,0.0014090745,0.9885109,2,103,0.0022509787,1.015472,2,127,0.007648617,1.0322795,2,149,0.0,0.9526019,2,169,0.0,0.9680426,2,199
1,0.003458313,1.009838,2,24
2,0.0073399334,1.005377,2,20,0.028668398,0.9938469,2,41,0.012884172,0.92155284,2,62,0.012835724,0.99054307,2,89
3,0.0065933503,1.0166327,2,24,0.0,0.9943935,2,44,0.0007198034,0.98052126,2,95,0.0054120217,0.9211077,2,117,0.0,1.0547826,2,147,0.015786901,1.0069005,2,170,0.0008306736,0.9129135,2,198
4,0.0011316299,1.0508777,2,23,0.0,0.9793538,2,44,0.007885227,1.0089775,2,87,0.0,1.0009698,2,109,0.0027623738,1.026526,2,130,0.00084752607,1.0223215,2,154,0.0,1.0294178,2,174,0.004916767,1.0474691,2,200
5,0.0040900125,0.95149785,2,32
6,0.009361259,1.0267262,2,23,0.0,1.039705,2,43,0.001311559,1.059818,2,69
7,0.01689053,0.85311437,2,22,0.0,0.86306494,2,42,0.028232848,0.8607961,2,62,0.027072527,1.0001574,3,83,0.0,1.1040943,2,105,0.004780259,0.67922866,2,125,0.0,0.5916286,0,145,0.0,0.6820679,0,165,0.012962859,0.611533,0,200
8,0.0,0.8504152,2,22,0.015451503,0.9250223,2,42,0.00947872,0.9737509,2,63,0.027685015,0.95115083,2,86,0.024017839,0.96572495,2,106,0.05022034,0.9189658,2,127,0.023635412,0.79124004,2,148,0.023381386,0.91813433,2,168,0.01751029,0.9146862,2,200
9,0.0066854763,0.96819746,2,22,0.0018707016,0.9228698,2,58
10,0.011573691,1.0125382,2,25
11,0.027590597,0.88557225,2,23,0.0056296126,1.0840405,2,44,0.008202558,1.0620921,2,84
12,0.0070574507,0.9504549,2,20,0.0028721367,0.9234869,2,40,0.0011056629,0.90394115,2,60,0.038083415,0.8496953,2,92
13,0.0022350706,1.0017589,2,29,0.0039112126,1.0283313,2,51,0.02494897,0.9695099,2,80
14,0.008077935,0.99106205,2,21,0.0,1.0677284,2,41,0.0,1.1459883,2,64,0.00887776,1.0313272,2,97,0.010291065,1.0406837,2,118,0.012735157,0.88833964,2,141,0.0062744427,1.0041257,2,162,0.010538046,0.88062376,2,200
15,0.010944026,0.93337727,2,20,0.0050977506,0.9335288,2,40,0.0,0.94559544,2,63,0.0,0.86431426,2,91,0.0,0.9270035,2,111,0.009445601,0.9188879,0,133,0.0,0.91365826,0,153,0.0,0.8645032,2,173,0.016075198,0.9001293,2,200
16,0.0009379188,0.98789996,2,37
17,0.0048761386,1.0013851,2,26,2.4695193e-05,1.063756,2,49,0.012004813,1.054224,2,79,0.015733253,1.0266052,2,100,0.009724425,0.9997596,2,156,0.0004243482,1.0019518,2,176,0.007846753,1.0162605,2,200
18,0.033345766,0.98314416,2,23,0.0,1.0896482,2,43,0.005095882,1.0425391,2,68,0.0030924801,1.0819249,2,94,0.0052725654,1.0701071,2,118,0.005079037,1.0449485,2,166,0.006930205,0.90683246,2,200
19,0.013419964,0.94630486,2,21,0.010064033,1.0721436,3,42,0.004975739,0.8930524,2,62,0.0,0.9934455,2,82,0.018601041,1.0906879,2,102,0.0,0.9118246,2,122,0.0,0.9663339,0,144,0.0,1.0342422,0,164,0.0069474066,0.98851895,2,200
20,0.02288078,0.94442594,2,20
21,0.0,0.9041888,2,20,0.0,0.81436694,2,40,0.020735985,0.8312538,0,60,0.0,0.7627174,2,80,0.0,0.821499,2,100,0.0,0.7286075,1,120,0.028718803,0.6238121,1,151
22,0.001413323,1.0125475,2,21,0.006472272,0.9470062,2,56,0.0057064747,0.9693674,2,81,0.009664236,0.9309922,2,110,0.014288912,0.9828876,2,136,0.030949151,0.9153758,2,156,0.007910699,0.9271981,2,177,0.0023794756,0.90806705,2,200
23,0.01070863,0.9936595,2,20,0.03129669,0.9244717,2,42,0.0038422386,0.905615,2,68,0.012691739,0.8263987,2,89,0.0,0.9201102,2,109,0.010713673,0.97223675,2,130,0.028778167,0.9334441,2,151,0.010226881,0.9264437,2,171,0.01916043,0.82094485,2,200
24,0.0068666325,0.8865789,2,20,0.015949352,0.9332014,2,47,0.0050266245,0.9582866,2,68,0.004198404,0.94758356,2,90,0.0018341972,0.9389275,2,113,0.01791387,0.9379364,2,134,0.029336115,0.9438951,2,160,0.021019656,0.85275805,2,200
25,0.018922646,1.0388947,2,20,0.002042842,1.1008466,2,53,0.004506485,1.0527766,2,74,0.0028008115,1.0119368,2,108,0.0,1.0675282,2,133,0.00051919627,1.0279379,2,154,0.02771386,0.99349767,2,174,0.009176115,1.0407912,2,200
26,0.024442267,1.0086987,2,37,0.0003662166,1.0173041,2,58,0.023175254,0.8624749,2,78,0.021281376,0.81297475,2,99,0.0013315505,0.9122384,2,122,0.0026124846,0.73194724,2,142,0.00029212347,0.7845915,2,162,0.01549365,0.86214155,2,200
27,0.012870677,1.0099878,2,21,0.003261076,1.0461307,2,43,0.019655865,1.0531069,2,82
28,0.0055453805,0.99066985,2,23,0.0043490184,1.0398458,2,43,0.0,0.9127844,2,67,0.021140367,0.89655834,2,95
29,0.0020068248,1.0152586,2,20,0.008711463,0.99400586,2,40,0.0155630885,0.9885783,2,63,0.00249071,0.9890235,2,94,0.021830106,0.9691405,2,119,0.01046626,0.9340058,2,143,0.032294624,0.9162804,2,163,0.03405258,0.9167136,2,200
30,0.024936989,0.9149158,2,25
31,0.0043548685,1.0097648,2,24,0.020140612,1.003874,2,47,0.00802474,0.97131217,2,67,0.003809706,1.0280797,2,88,0.0,1.0032178,2,108,0.0036971115,0.9493956,2,129,0.0,1.0331107,2,152,0.007304273,0.99285704,2,175,0.0100301625,1.0111356,2,200
32,0.00018606363,0.9932121,2,20,0.10337848,0.8985651,2,43,0.054506063,0.89468193,2,63,0.026514877,0.86271596,2,84,0.032214362,1.0185771,3,105,0.060822625,0.8632663,2,126,0.02909288,0.87216294,2,147,0.0067111617,0.97748566,2,167,0.013910785,0.88411385,2,200
33,0.00848787,1.0452895,2,25,0.0050116787,1.0332689,2,46,0.0075062774,1.0143082,2,69,0.0026741882,1.0328745,2,105
34,0.002221657,1.0033034,2,34
35,0.012067802,0.9978787,2,20,0.011018726,0.9481801,2,41,0.012068577,0.8865327,2,64,0.010862581,0.9659917,2,84,0.038720313,0.73084784,2,104,0.025094721,0.95149505,2,124,0.040052075,0.82826674,2,144,0.0022646792,0.87005043,2,166,0.030205257,0.81536955,2,200
36,0.011832674,0.9383179,2,21,0.013773915,0.9247563,2,42,0.0007920138,0.7918782,2,66,0.0,0.58535135,0,86,0.0,0.40123534,1,107,0.0,0.47992858,0,127,0.0,0.46790347,1,148,0.0,0.6313725,1,168,0.028380439,0.7779559,2,200
37,0.002338732,1.0614673,2,27
38,0.0016943259,1.0162153,2,38,0.013925235,1.0085319,2,62,0.013881795,0.9661705,2,86,0.008487943,0.94151706,2,106,0.0,0.9572101,2,128,0.010624973,1.0135714,2,148,0.013549882,1.0105684,3,168,0.007222623,0.96066767,2,200
39,0.009930471,0.8232714,2,23,0.009135156,0.63063276,0,43,0.0,0.66321677,2,63,0.0035657962,0.80916506,2,84,0.0036462604,0.62242955,2,107,0.0,0.69367313,2,129,0.015524905,0.7417805,2,150,0.007216365,0.7010992,2,171,0.033471946,0.70163536,2,200
40,0.00012952207,1.0681272,2,30,0.0,1.0840254,2,53,0.00045959587,1.0266895,2,84,0.012473136,1.012711,2,108,0.0,1.0767413,2,131,0.012950517,1.0266645,2,152,0.0,1.034818,2,173,0.0,0.9956352,2,200
41,0.0,0.7510075,2,20,0.0,0.5771285,2,43,0.0,0.9390505,3,63,0.0044437284,0.7886194,2,83,0.0,0.9048271,3,103,0.08461865,0.7359837,3,123,0.041250627,0.65920603,2,143,0.20109093,0.43971574,2,177
42,0.013097523,0.8711457,2,20,0.0,0.94795305,2,43,0.0,0.9865136,2,66,0.0,0.87009645,2,97,0.023448598,0.89123696,2,124,0.0,0.8551307,0,144,0.0,0.9272525,2,164,0.0,0.9801798,2,200
43,0.0025878758,0.98227155,2,20,0.010021837,1.0119884,2,41,0.015286418,1.0588992,2,61,0.0,1.1028453,2,81,0.006847454,1.0927604,2,101,0.008431072,1.0768,2,121,0.0058262334,1.1098616,0,141,0.0,1.0229814,2,161,0.0023634916,0.9534649,2,200
44,0.0016032602,1.0023165,2,23,0.0,0.9158273,2,44,0.030417785,0.9437778,2,69,0.002401114,0.8897505,2,89,0.02755419,0.9272622,2,109,0.032489568,0.8257054,2,129,0.009843136,0.74513346,2,150,0.016903814,0.707044,2,170,0.08291586,0.60190564,2,200
45,0.0025695157,0.9617747,2,20,0.012277398,1.0221053,2,46,0.018466918,0.9153692,2,68,0.0013090796,0.9137918,2,88,0.0,0.93921137,2,108,0.03021172,0.8845258,2,128,0.023809096,0.8386566,2,152,0.070312075,0.7247916,2,175,0.04419547,0.85657555,2,200
