0,0.008415537,0.90163183,2,20,0.015435586,1.0180063,3,45,0.0,0.97153413,2,67,0.0,0.9511726,0,89,0.00079671707,0.79685396,0,112,0.0,0.7852258,2,133,0.0033528984,0.81965655,0,153,0.018023424,0.7346941,0,183
1,0.0083769355,0.9404455,2,37
2,0.00038864202,0.89665556,3,20,0.0,1.0217428,2,40,0.0,0.982031,3,60,0.0,0.7926206,2,84,0.0,0.93252957,2,105,0.0,0.9693308,2,125,0.0,0.93521565,2,145,0.016747456,0.94056547,3,165,0.0,1.0399042,0,200
3,0.0,1.008054,2,20,0.0051636677,1.0006087,2,47,0.011599879,0.9989495,2,67,0.016666112,0.98475033,2,89,0.01482092,1.0069193,2,109,0.006668538,1.0309273,2,132,0.017438328,0.9809485,2,157,0.022359554,0.97336435,2,177,0.013841542,0.92994326,2,200
4,0.012283918,0.92936397,2,21,0.0,0.83746576,2,46,0.0,0.750307,2,68,0.0,0.656299,0,89,0.0,0.64290893,0,109,0.0046211355,0.81366885,0,129,0.0,0.46881238,0,149,0.006810033,0.14275771,2,169,0.23271903,0.15934749,2,200
5,0.01808039,0.93771243,2,25
6,0.0065977513,1.0279744,2,20,0.006053057,1.0588628,2,42,0.00073431974,1.0737034,2,63
7,0.010949828,1.0162876,2,23,0.0,0.9830292,2,43,0.012829622,0.96095705,2,63,0.0,1.0106337,2,84,0.002523027,1.0169098,2,111,0.0,0.9841882,2,131,0.0,0.99451375,2,156,0.013668017,0.9944898,2,177,0.008488314,1.012819,2,200
8,0.0013958768,1.0478678,2,25,0.0030110516,1.0637667,2,45,0.0015563231,1.0385581,2,65,0.0,1.0576123,3,85,0.0013913959,1.1316869,2,105,0.0,0.9619819,3,125,0.00092130544,0.99121225,2,145,0.00044693507,0.9964675,2,174
9,0.0051244926,1.0190879,2,22,0.019991029,0.9657962,2,45,0.011418588,0.89361376,2,69,0.012319775,0.9332162,2,89,0.0,0.97297287,2,109,0.007812629,0.9089201,2,129,0.00024161497,0.9230417,2,149,0.0,0.8425975,2,170,0.022922447,0.9651064,2,200
10,0.004268471,0.96268463,0,36
11,0.011179418,1.0231212,2,20
12,0.0026296927,1.0151228,2,27
13,0.012923868,0.97532976,2,38,0.017350158,0.9524641,2,62,0.027984006,0.92465764,2,99
14,0.0029200371,0.94975483,3,20,0.024728842,0.78460395,2,49
15,0.0013685705,1.0486798,2,25,0.0,1.0549892,2,53,0.0016277211,1.0596949,2,74,0.0074454546,1.0172251,2,103,0.0,1.035855,2,125,0.0009930462,1.039132,2,151,0.002950994,1.0359061,2,180,0.0,1.0389785,2,200
16,0.0022260526,1.0645984,2,41
17,0.005610318,1.0466131,2,30
18,0.008522013,0.9360658,2,20,0.0002575806,0.943909,2,41,0.0068527795,0.9504647,2,61,0.013031602,0.9897653,2,82,0.02975433,0.89813256,2,112
19,0.005555878,0.951945,2,20,0.008013556,0.8900789,2,40,0.0,0.75709355,2,61,0.0046432647,0.8858482,0,83,0.028551176,0.9250436,2,103,0.0070583792,0.977878,2,125,0.0034279453,0.96886307,0,147,0.0,0.97536564,2,169,0.0,0.85424507,2,195
20,0.0,1.0433937,2,23
21,0.0,1.0264691,2,20
22,0.0010763769,0.92971265,2,20,0.0011896265,1.0342889,2,52,0.0037589334,0.95845234,2,72,0.012996064,0.92586184,2,110,0.047634892,0.8423049,3,130,0.0039004372,0.96958315,2,150,0.017426882,0.88346183,0,170,0.0051655676,0.91876847,2,200
23,0.009690443,0.940632,2,20,0.026338534,0.90769607,2,44,0.011350493,0.9206038,2,65,0.0015845762,0.89697474,2,86,0.02330772,0.90533686,2,110
24,0.0034789026,1.0343652,2,24,0.0,1.0417782,2,44,0.005244317,1.0243262,2,69
25,0.009510083,1.0368567,2,21,0.0069460147,1.0356352,2,41,0.008757877,1.0147464,2,64,0.005193376,0.9997803,2,84,0.008062443,1.0537086,2,113
26,0.0033648852,1.014514,2,21,0.0010996764,1.0063608,2,41,0.013098237,0.9835771,2,65,0.0,1.0157509,2,86,0.0,1.0754684,2,106,0.0,0.9986369,2,127,0.00013235708,1.0380869,2,154,0.0,0.9898133,0,175,0.006103931,0.9844895,2,200
27,0.0012154408,1.0030358,2,20,0.0,1.0076089,2,42,0.0019018535,0.98708516,2,62,0.012524056,1.0005264,2,82,0.0066905543,1.0005066,2,102,0.0030641567,1.0196991,2,122,0.00045257426,0.9791501,2,145,0.01121386,0.9242733,2,188
28,0.005094561,1.0100992,2,20,0.013938599,1.0014234,2,42,0.008015309,0.980188,2,62,0.012562814,0.9624918,2,82,0.023003625,0.97400707,2,105,0.0,1.010689,2,125,0.0010170763,0.9940626,2,146,0.014887292,1.0414242,2,175,0.02014259,1.0391616,2,200
29,0.0031070132,0.94268066,2,20,0.01495668,0.9316634,2,40,0.0,0.8805237,2,61,0.038293827,0.80473137,2,82,0.07562952,0.6346085,2,103,0.010594783,0.74270475,2,123,0.015058268,0.96273685,2,144,0.0,0.839574,2,164,0.036913052,0.7445177,2,200
30,0.012330605,1.014969,2,21,0.0057514845,0.99762046,2,41,0.0019020145,1.0113248,2,68
31,0.028858071,1.0322229,2,20,0.009232488,1.0286397,2,44,0.016463628,1.0461577,2,69,0.002165029,1.0390089,2,90,0.010346018,1.0987473,3,111,0.013585014,0.9938048,2,132,0.0,1.1199874,0,153,0.0,1.112539,3,174,0.0027537781,1.0888455,2,200
32,0.0,0.6135358,2,22,0.0,0.65262765,0,42,0.0,0.762262,3,62,0.028977912,0.806938,0,82,0.0,0.5455159,0,102,0.0,0.37097436,0,122,0.0,0.33908722,0,146,0.020500232,0.15230864,2,166,0.079693876,0.38126644,2,200
