0,0.006547954,0.9971318,2,21,0.0041089663,1.0594494,2,42,0.040776573,0.939371,2,62,0.03357223,0.82391435,2,82,0.027349804,0.77605015,2,105,0.030939143,0.6518455,0,125,0.009295953,0.9065614,2,145,0.020156138,0.9842561,2,165,0.014158825,0.6731368,0,200
1,0.011785414,0.9713804,2,22,0.029259862,0.88861567,2,44,0.006635214,1.0266472,2,66,0.0,0.9757522,2,87,0.0,0.96267027,2,112,0.017562872,0.85067636,2,132,0.0017960377,0.8189827,2,152,0.0,0.87450945,0,172,0.015263504,0.7811958,2,200
2,0.0148327965,1.0189372,2,37
3,0.0031169383,1.0206133,2,25
4,0.017503519,0.95923686,2,25
5,0.004937752,1.0162919,2,20,0.0,1.0070367,2,41
6,0.014881998,0.9022862,2,20,0.011333875,0.9191448,2,44,0.0,0.7641442,2,64,0.0023830463,0.78779244,2,84,0.0070254803,0.7432229,2,104,0.0,0.42720145,0,124,0.0,0.3157412,2,148,0.17919724,0.13553828,2,168,0.04972511,0.26738548,2,200
7,0.0009314557,1.0121746,2,24,0.0,1.0692548,2,46,0.0020697888,1.0252426,2,66,0.015796717,0.99084216,2,86,0.003986868,0.9375079,2,113,0.0,0.92411196,2,134,0.014449294,0.9787722,2,158,0.00055627315,0.9875181,2,194
8,0.0014706887,0.90664935,2,21,0.014940573,0.8733633,2,42,0.053445816,0.9441675,2,62,0.03916259,0.8332898,2,89,0.018589009,0.89574367,2,115,0.019998886,0.9487335,2,146,0.0050148964,0.9851304,2,175,0.0,1.1071888,2,200
9,0.00046194164,1.0467314,2,27,0.004231269,1.0189584,2,51,0.006174858,0.9805265,2,72,0.0067174807,0.9993601,2,92,0.020286057,1.0302646,2,112,0.0011154683,1.1501882,2,132,0.0022579397,1.0717026,2,156,0.0036379257,1.1490505,2,200
10,0.004842195,0.94109595,2,20,0.0012743851,0.9781467,2,40,0.0054165046,0.94700265,2,63,0.019908579,0.90886503,2,89,0.007989086,0.93233025,2,109,0.00015947316,0.87403166,2,129,0.0019403007,0.7658072,2,151,0.0,0.86929405,2,171,0.021155022,0.8776455,2,200
11,0.0025097064,1.0210903,2,20,0.0007111883,1.0003966,2,45,0.0022689705,0.94238603,2,65,0.0057066754,0.9597915,0,85,0.014425057,1.0113642,3,107,0.028562088,0.9901556,2,129,0.097023815,0.9170864,2,151,0.040655077,1.0144889,3,171,0.07596274,0.90654564,2,200
12,0.0317022,0.8063849,2,20,0.043714672,0.58947986,2,40,0.0,0.96578723,3,60,0.0,0.9121043,2,80,0.0,0.89487773,0,101,0.0,1.0065578,0,121,0.0,0.807973,2,141,0.0,0.8893223,2,162,0.045615096,0.7008955,2,200
13,0.012951832,0.9796174,2,21,0.0,1.0383983,2,43,0.0040748985,0.9921131,2,63,0.012679989,0.95658576,2,83,0.004937577,0.9986943,2,109,0.011677425,0.9905399,2,129,0.013962169,1.0193532,2,156,0.031177504,0.9249021,2,177,0.0027093433,0.92849207,2,200
14,0.028621582,0.84662753,2,21,0.039463602,0.9022568,2,41,0.0019995708,0.9685801,2,61,0.007829325,0.7992581,2,82,0.015756138,0.9579728,2,111
15,0.012753396,0.88594127,2,38
16,0.018663429,0.89942497,2,30
17,0.0038954534,0.9521898,2,20,0.013874385,1.0321082,2,52
18,0.0053757955,1.0132046,2,25,0.007956894,0.96720153,2,60
19,0.0132952845,0.95338786,2,26
20,0.006154776,0.9474071,2,22,0.0,0.8411485,2,43,0.0,0.9256712,2,63,0.0,0.91877383,2,83,0.0,0.72109824,2,103,0.058872737,0.43974978,1,123,0.0,0.56082284,2,143,0.0,0.8184207,2,163,0.0034114784,0.8891172,2,200
21,0.0031289507,1.0056921,2,24,0.0,0.9208466,2,45,0.0010432409,0.97119343,2,73,0.0,1.0235875,2,93,0.0070199138,1.0013673,3,113,0.0,1.001936,2,133,0.0,1.0292246,2,158,0.011618164,0.9469894,2,178,0.0016787637,0.9965236,2,200
22,0.002851167,1.0163118,2,24,0.015878268,0.9908725,2,49,0.004924974,0.97400266,2,69,0.01336464,0.9495643,2,94,0.009259146,0.9821504,2,123,0.0010809263,0.7676232,2,163,0.02756574,0.9042149,2,200
23,0.003649614,0.99993837,2,23,0.024187848,0.925002,2,44,0.00076500594,0.8712152,2,64,0.0,0.8795503,2,87,0.002912002,0.8135668,2,107,0.011920081,0.8793513,2,128,0.013527786,0.94603276,2,150,0.0,0.877004,2,170,0.04442707,0.6382108,2,198
24,0.011837437,1.0289708,2,27,0.007406312,1.0158519,2,47,0.009049553,0.9709153,2,67,0.010011751,0.94272256,2,90,0.02721845,0.93417895,2,136,0.020875122,0.9751063,2,157,0.017135864,0.8840858,2,177,0.014154357,0.95599383,2,200
25,0.021325072,0.9943139,2,20,0.008860694,0.97209966,2,52,0.0055830753,0.8785037,2,72,0.008801935,0.92990386,2,93,0.00063759607,0.9078156,0,113,0.02635948,0.9651424,2,133,0.018996583,0.92564255,2,155,0.0069902474,0.88874847,2,182
26,0.00627363,1.0357294,2,21,0.006388133,1.047766,2,41,5.6629284e-05,1.0054244,2,67,0.0093002785,1.0095909,2,87,0.012962278,1.0020602,2,118
27,0.0067640967,1.0455583,2,21
28,0.008960921,1.019839,2,31,0.016180996,1.0453807,2,51,0.01281395,1.035968,2,72,0.003082315,0.9336009,2,92,0.019172424,0.98316336,2,117,0.039695695,0.9372635,0,137,0.0,0.918835,3,158,0.0,0.8327662,2,178,0.040996745,0.8166075,2,200
29,0.0,1.0095624,2,22,0.022988627,0.9670693,2,46,0.0014885118,0.99501914,2,70,0.0053131296,1.0486541,2,102,0.00020056785,0.96832925,2,122,0.0,0.9005923,0,142,0.016661322,0.88110304,0,162,0.0006909963,1.0037757,2,200
30,0.0,1.0120592,2,20,0.0051758667,1.0194426,0,41,0.0005444254,1.0573083,2,63,0.0106034875,1.0121015,0,84,0.0,1.0238707,2,105,0.0,1.0213721,0,125,0.006189274,0.99576735,2,149,0.015242051,0.9118532,2,182
31,0.012028364,0.9186695,2,20,0.010706086,0.9046412,0,41,0.021352524,0.86540204,2,61,0.002282503,0.9650086,2,82,0.0063280216,0.9684128,2,106,0.0,0.9658244,2,127,0.0008413624,0.9477835,2,148,0.0032298218,0.98083335,2,168,0.002138228,0.9114727,2,200
32,0.0034508863,1.0079424,2,29
33,0.0024152298,1.0046304,2,21,0.0,1.0427897,2,44
34,0.0034379638,0.9766014,3,20,0.012734219,1.0018575,2,48
35,0.0020495648,1.0488694,2,20,0.00033390877,1.0625585,2,54,0.028871048,0.9813301,2,76,0.0008460198,1.0779725,2,98,0.0,1.0372527,2,123,0.014261949,1.0135427,2,147,0.00588466,1.0641385,2,173,0.003882884,1.0708398,2,200
36,0.0119688185,0.95795596,2,21,0.005489687,0.9593722,3,42,0.0053722556,0.9524692,2,64,0.0,0.9368657,2,87,0.0046792394,1.0100805,2,107,0.0,1.0190748,2,127,0.0066660247,0.99581736,2,151,0.0070572863,1.0227451,2,174,0.009768047,1.0250527,2,200
37,0.0096604,0.8861444,2,24,0.0072857877,0.8010713,0,44,0.0,0.8272798,2,66,0.0,0.95720005,3,86,0.019598465,0.59254456,2,106,0.0,0.9376751,2,126,0.0,0.5333346,1,146,0.0,0.7293175,2,166,0.0015038518,0.7889383,2,200
38,0.0032737432,0.9275371,2,21,0.016810825,0.89908975,2,49
