0,0.003542468,1.0182008,2,20,0.023778522,0.91114867,0,40,0.013478665,0.9130616,2,60,0.024836127,0.9313897,2,80,0.0014842693,0.7878927,2,100,0.00608789,0.8313236,2,125,0.0077187233,0.9458474,2,148,0.0,0.96759933,2,169,0.00035349184,0.9432812,2,200
1,0.0,1.067055,2,20,0.0,1.0938628,2,40,0.0,1.0169225,2,62,0.013539081,0.9993579,2,85,0.0,1.0577339,2,106,0.0,1.1809293,0,128,0.0052285334,1.0426911,2,157,0.029403562,0.88146126,2,177,0.0007878751,0.9159661,2,200
2,0.01998248,0.9952071,2,22,0.0045948476,1.0335884,2,42,0.017021904,0.96273786,2,62,0.0122140795,0.9067782,2,82,0.005064013,0.94893694,2,102,0.007699195,0.8867268,2,125,0.0067962455,0.79815954,2,145,0.012188968,0.7075986,2,167,0.008975704,0.54418826,1,200
3,0.010079634,0.9787504,2,21,0.022767168,0.9606055,2,42,0.0,0.85315084,2,63,0.050625134,0.84159005,2,83,0.0072345734,0.8536266,2,104,0.0,0.80566835,2,124,0.024317974,0.8468349,2,145,0.0,0.93183756,2,165,0.0216703,0.94195175,2,200
4,0.020251017,1.0294799,2,22,0.00504575,1.056566,2,48,0.0040509277,1.0486363,2,72,0.012902777,1.0886607,2,95,0.019527057,1.090733,2,115,0.0,1.0285656,2,151,0.004893462,1.0731372,2,173,0.012180458,1.0819887,2,200
5,0.014854428,1.0614852,2,20,0.0034638762,1.0496058,2,50,0.0034399815,1.0405434,2,76,0.005966939,1.0492105,2,96,0.002434138,1.059107,2,118,0.004416673,0.96123743,2,139,0.00507217,1.0213364,2,164,0.0072934553,1.0292212,2,200
6,0.0016818311,0.9948679,2,22,0.0017462851,1.0428402,2,53
7,0.019074215,0.91814977,2,47,0.008155703,0.8841543,2,69,0.02743184,0.93881893,2,89,0.020127757,0.8813516,2,109,0.0010028778,0.90261793,2,130,0.0,0.9327635,2,151,0.0,0.9194328,2,171,0.0,0.69374084,2,200
8,0.0028915955,0.9696586,2,22,0.0044452506,0.84464765,2,44,0.019233786,0.8048145,2,66,0.0,0.78030735,2,88,0.020647362,0.76922137,2,108,0.0045211795,0.83461875,2,128,0.0032380368,0.9195598,0,149,0.0,0.81737727,2,169,0.0045078043,0.7724899,0,200
9,0.014667623,0.98321265,2,31
10,0.01674371,0.94359016,2,21,0.042266537,0.923995,2,41,0.027437776,0.88008434,2,61,0.044510372,0.83694303,2,81,0.025099909,0.8504036,2,101,0.0,0.92771566,2,121,0.021277241,0.8663756,2,141,0.0,0.9501234,2,161,0.009021462,0.91651475,2,200
11,0.014778004,1.0073193,2,21
12,0.029931638,0.9553052,2,21,0.0,0.87356,2,45,0.0,0.94900864,2,65,0.04262232,0.7746922,0,85,0.0,0.8559574,2,105,0.0,0.6827615,2,126,0.0,0.65851164,2,146,0.02604739,0.72831273,2,166,0.0,0.40808362,2,200
13,0.0048002633,1.0078881,2,21,0.011684429,0.9208886,2,42,0.006605638,1.0497624,2,65,0.0074356687,1.0537741,2,86,0.0055263564,1.0336745,2,125,0.017688194,1.0273658,2,154,0.004682251,1.1124848,2,176,0.0074264794,1.133902,2,200
14,0.009354239,0.9952493,2,20,0.021005249,0.92718184,2,40,0.0,0.9243353,0,61,0.0014952237,0.80880386,2,82,0.07532812,0.6415601,2,105,0.004324003,0.66951096,2,125,0.016855823,0.8064771,2,151,0.0,0.8808983,2,171,0.04037962,0.7498195,2,200
15,0.0043798974,0.9870505,2,26,0.022744035,0.8247602,2,48,0.0060777934,0.9744529,2,70,0.0013701506,0.99658614,2,95
16,0.003985317,0.9737945,2,22
17,0.0029862903,0.9816916,2,22,0.014324832,0.9345716,2,42,0.0015278284,0.940601,2,62,0.029432949,0.8443533,2,82,0.003722723,0.8849328,2,103,0.0,0.8643735,2,123,0.00087737275,0.73985577,2,143,0.0,0.47683173,1,163,0.013634578,0.44071677,1,200
18,0.01728938,0.8970278,2,20,0.019115638,0.7932117,2,40,0.0042168368,0.99679923,2,74
19,0.0,1.0188043,2,29,0.013595649,1.0372846,2,58,0.0040034326,1.0638268,2,78,0.00054307224,1.0455793,2,99,0.00040343398,1.0287138,3,125
20,0.002793569,1.0550811,2,25,0.006438018,1.0122588,2,46,0.007163719,0.99130464,2,70,0.020777525,1.0225894,2,90,0.028339988,1.021149,2,113,0.019505115,0.9687941,2,135,0.011754371,0.88383025,2,155,0.003059091,0.7328934,2,178,0.009977739,0.8077572,2,200
21,0.008343487,0.9939549,2,24,7.0939284e-05,0.9733375,2,45,0.0,0.8048256,2,65,0.0049843565,0.7491756,2,87,0.014957848,0.72534865,2,107,0.0,0.6364268,1,130,0.0,0.53097206,0,153,0.0,0.6240391,0,173,0.000560186,0.69927835,2,200
22,0.0,1.0760224,2,23,0.0,1.0866055,2,48,0.00086718035,1.0511018,2,78
23,0.01147752,1.0142119,2,20,0.035693962,0.93393934,2,41,0.0,1.0346155,2,66,0.02089217,1.0148354,2,86,3.3048967e-05,1.0525293,2,121
24,0.0021529342,0.95328444,2,20,0.0,1.0336932,2,51,0.0031081694,1.0242074,2,76,0.0,1.0406215,2,103,0.011622636,0.991398,2,123,0.00832266,0.990347,2,149,0.0074064787,1.0688957,2,171,0.0128659615,1.0797416,2,200
25,0.0020808582,1.0055436,2,27
26,0.011388087,1.0040152,2,20,0.0020104912,1.0319556,2,50,0.010734554,0.9778534,2,72,0.013843393,0.9600259,2,92,0.01313259,0.95706683,2,112,0.00029435768,1.0104938,2,139,0.0,0.9393175,2,160,0.0033168462,0.96359825,2,180,0.015581717,0.92582494,2,200
27,0.0,1.0424014,2,22,0.0,1.0641385,2,61,0.00047518892,1.0323626,2,91,0.0,1.1450025,2,115,0.006222747,1.1658785,0,138,0.0028166063,1.0829428,2,171,0.0028460843,1.1532891,3,200
28,0.0057001607,0.8580203,2,20,0.013808235,0.7999998,2,41,0.0,0.79228014,2,61,0.0039543184,0.943384,2,89,0.024194892,0.9270088,2,109,0.01302729,0.9145878,2,129,0.0077315522,0.9707175,2,151,0.0,0.97619236,2,172,0.0,0.83857983,2,200
29,0.0069229053,1.045441,2,23,0.0031339917,1.0442284,2,43,0.0035507143,1.0595515,2,72,0.0045015975,1.1074241,2,97,0.04008769,1.1136625,2,117,0.0,1.0537481,2,138,0.00040740808,1.0139915,2,162,0.002378028,1.010559,2,196
30,0.008055771,1.0098774,2,25,0.0037455151,1.013623,2,46,0.005592576,0.9961754,2,66,0.0,0.91349393,2,86,0.01723342,0.7565974,2,106,0.0,0.8604762,2,126,0.0,0.8683762,2,148,0.0,0.93438035,2,168,0.0067239627,0.9514098,2,200
31,0.014854675,0.95788777,2,20,0.0020367964,0.91998,2,45,0.0052166823,0.8738071,2,65,0.056671433,0.91815567,2,85,0.00449605,0.7200672,2,105,0.03303466,0.9151988,2,126,0.019819299,0.8491727,2,146,0.024752896,0.8202375,2,166,0.07835423,0.81673867,2,200
32,0.0013991555,1.0304453,2,20,0.00682524,0.98873675,2,40,0.021727173,1.0081437,2,60,0.019281736,0.958024,2,80,0.0109568285,0.95931053,2,105,0.008165515,1.0023394,2,136,0.0034766116,1.0129322,2,178,0.0054574255,1.0030013,2,200
33,0.0061861444,1.047874,2,23,0.0,1.0545139,2,43,0.010758922,0.97777253,2,65,0.012213949,1.0068977,2,87,0.0027880657,1.0799824,2,114,0.017064422,1.0201786,2,156,0.0,1.0206962,2,200
34,0.0011386571,1.0020235,2,20,0.00540082,1.0269871,2,42,0.016446618,0.9065795,2,63,0.027532697,0.8833159,2,83,0.011228479,0.94868565,2,103,0.012679772,0.94077224,2,123,0.007143508,1.0015739,2,145,0.0,1.0713063,3,171,0.009574067,1.0501254,2,200
35,0.0,0.7743595,2,20,0.008624695,0.88249505,2,41,0.03078835,0.86544514,0,61,0.020433713,0.9412853,2,81,0.018161403,0.92706764,3,102,0.038402557,0.9350707,3,122,0.021613931,1.0987356,3,142,0.0,0.92568535,2,163,0.006263115,0.89822954,2,200
