0,0.0032619452,1.0131875,2,37,0.015499274,0.97014254,2,58,0.017319774,1.0396608,2,81,0.024936762,0.9783128,3,101,0.0,1.0077952,2,125,0.036415253,0.97917527,2,145,0.0026330044,0.9334649,2,165,0.017365783,0.97127706,2,200
1,0.0,1.0070868,2,21,0.0012462115,0.9989155,2,55,0.015416528,0.952706,2,75,0.008713942,0.94738126,2,100,0.00047438993,0.94666797,2,120,0.02031713,0.9158008,2,142,0.0,0.9134928,2,162,0.08120928,0.7271976,2,200
2,0.0,0.9450947,2,20,0.013455749,1.0241089,3,41,0.0014231091,1.0272868,2,61,0.0017099988,1.0761572,0,81,0.0,1.0999862,2,101,0.0043767905,1.0735762,2,122,0.0,1.0847195,2,144,0.0,1.0436928,2,164,0.016376315,1.0468606,2,200
3,0.022320095,1.0233259,2,20,0.0,1.0751137,2,41,0.0,0.9706987,2,61,0.0,0.99814534,0,82,0.0,0.9731947,2,102,0.0035138628,0.98564285,2,128,0.0,0.93865305,2,150,0.014327617,0.94087875,2,170,0.032446522,0.7696424,2,200
4,0.013925044,1.0007868,2,21,0.0065664244,0.9918607,2,42,0.008705884,0.9375624,2,63,0.0,0.92209315,2,84,0.001592377,0.97720003,2,104,0.005388627,1.0178273,2,127,0.0132972,0.9529389,2,147,0.013271618,0.9301413,2,167,0.0032844634,0.97311157,2,200
5,0.0046810796,1.0039625,2,51,0.0,0.9876221,2,73,0.015679257,0.9389527,2,94,0.0040108464,0.9739456,2,115,0.017358452,0.92325675,2,135,0.020802027,0.84504586,3,155,0.02105262,0.9475755,2,176,0.012161522,0.9263785,2,200
6,2.5101938e-06,1.044421,2,20,0.019794608,0.9645806,2,42,0.008749178,0.9996709,2,79,0.023646068,0.96524554,2,99,0.0023564652,0.8883215,2,137
7,0.0075981254,1.0303428,2,23,0.0,0.9302386,2,43,0.0030014967,0.99363774,3,63,0.0137452455,0.83080745,2,84,0.016378066,0.82285273,2,105,0.008377125,0.8222154,2,126,0.0,0.91433555,3,151,0.0058209132,0.9643038,3,174,0.06439077,0.8775227,2,200
8,0.0008876525,1.0192829,2,20,0.007254645,0.90174603,2,47,0.0046142032,0.75593513,2,67,0.0,0.916531,2,90,0.009836205,0.8820676,2,114,0.0054075336,0.91047376,2,139,0.047770474,0.77218974,2,159,0.00866423,0.8382829,2,179,0.0017430651,0.8024928,3,200
9,0.025941176,0.9544196,2,21,0.004999307,0.9639007,2,49,0.0,1.0414917,0,69,0.0,1.0720412,0,89,0.0,1.099991,2,109,0.0,1.1482195,3,129,0.0,1.1284392,3,149,0.0010346399,1.0861226,2,171,0.0,1.0396383,2,200
10,0.0009091293,0.8231727,2,21,0.0031575873,0.7107156,0,42,0.0,0.5998026,2,62,0.0,0.5861012,2,82,0.0,0.40468204,1,107,0.0,0.4690257,1,128,0.0,0.32521784,1,148,0.0,0.41083932,1,169,0.016826846,0.44421527,1,200
11,0.013824704,0.9549436,2,21,0.0061847125,0.9833287,2,41,0.006073709,1.07964,2,62,0.010828096,1.0510104,2,82,0.0054042484,1.0038909,2,105,0.007552576,1.0730217,2,128
12,0.0051138,0.9440403,2,20,0.006190737,0.8785504,2,40,0.0076126084,0.9481675,2,68,0.019010453,0.93701327,2,90
13,0.0044221315,1.0233281,2,35
14,0.0054284446,1.0173407,2,34
15,0.0039765346,0.76880735,3,21,0.0016939068,0.7470182,0,60
16,0.0046989704,0.96468365,2,20,0.0,0.7309483,2,43,0.074687764,0.4214977,2,75
17,0.015862545,0.83762014,2,21,0.02438987,0.9108313,3,43,0.0,0.8878025,2,64,0.0,0.9067813,0,84,0.0,0.7201132,2,104,0.011140713,0.82227296,2,128
18,0.0,0.91144496,2,24,0.007914494,0.94831365,2,45,0.012874594,0.96392,2,65,0.039530072,0.97540784,2,86,0.0,0.9928271,2,107,0.02711245,0.9222722,2,130,0.016853858,0.89789945,2,150,0.025656978,0.9566324,2,173
19,5.8265254e-05,1.0276116,2,25,0.0,1.0465758,2,45,0.00028335146,1.0114305,2,65,0.0054314733,1.005418,2,88,0.0,0.95645857,2,108,0.007671477,0.97336257,0,128,0.00695034,1.023926,2,148,0.0,0.99485934,2,169,0.0074494844,1.1133031,2,200
20,0.0026873907,1.0232247,2,22,0.02694859,1.0320954,2,53,0.011602245,1.0526345,2,74,0.0,1.0274723,2,94,0.012445224,1.0407813,2,131
21,0.031179046,0.8535244,2,20,0.0,0.9464753,2,40,0.012103846,0.9629775,2,60,0.0012146721,0.98203266,2,97
22,0.0,0.9675224,2,22,0.003483398,0.96812785,2,42,0.01431526,0.8425293,0,62,0.0071939765,0.8395206,2,85,0.043024857,0.8511802,0,106,0.0,0.8460206,0,127,0.0,0.79983616,2,149,0.025478985,0.8572782,0,169,0.040827867,0.8333503,2,200
23,0.008502999,1.0054038,2,20,0.007082193,1.0048391,2,40,0.011177968,1.0358412,2,61,0.0007367417,1.0345435,0,81,0.0,1.0608081,0,101,0.0011484466,1.0764579,2,125,0.0017686505,0.9682013,2,145,0.0085839685,1.0286562,2,168,0.0029560395,0.9705267,2,200
24,0.0,0.9703482,2,20,0.0,1.0385892,2,40,0.0,1.0459973,2,60,0.0054794466,0.96403724,2,81,0.0,0.98135626,0,104,0.013143483,0.5257314,2,128,0.03675921,0.8006614,2,148,0.07991677,0.64268,2,169,0.015271037,0.7361726,2,200
25,0.022888834,0.83406883,2,21,0.129255,0.7768749,2,42,0.0,0.6600154,2,62,0.0,0.63387126,2,84,0.012557794,0.51200026,2,108,0.13476817,0.30779457,2,128,0.05139048,0.48597884,3,148,0.0050896243,0.57165915,2,169,0.014981987,0.50471115,0,200
26,0.0,0.92533624,2,20,0.040785946,0.81724817,2,40,0.020415965,0.86123574,2,66,0.0016663661,0.9308109,2,86,0.041381933,0.98027104,2,109,0.002819605,1.05135,2,132,0.010991419,0.96545297,2,152,0.009236956,0.9688185,2,173,0.00081430934,1.0494326,2,200
27,0.0025263024,0.88986874,2,20,0.0,0.7817861,2,40,0.0,0.7963222,2,62,0.030800233,0.8535023,0,82,0.010442054,0.58906925,1,103,0.0,0.5188099,0,123,0.0,0.7169083,0,143,0.02838092,0.24489057,0,163,0.004577955,0.6990855,2,199
28,0.0,1.0567973,2,40
29,0.0,1.0164952,2,21,0.0,0.97199064,0,43,0.0,1.0200232,2,67,0.007427504,1.0311868,2,88,0.004597484,1.045181,0,109,0.01064281,0.9987025,2,129,0.02464295,1.0378928,2,159
30,0.012406428,0.96648896,2,21,0.014178956,1.0096464,2,46,0.017749676,0.9981399,2,82
31,0.0062746,0.9489281,2,27,0.017015254,0.9276458,2,47,0.030165982,0.88781977,2,67,0.0,0.8957918,2,89,0.0,0.9739475,2,109,0.018938864,0.90344685,2,129,0.013598053,0.9210426,2,149,0.01358706,0.9144082,2,169,0.03401755,0.893926,2,200
32,0.012181629,0.98431206,2,21,0.0032503286,0.936608,2,42,0.0064248904,1.0091915,2,62,0.0028689075,0.9669982,2,82,0.013333292,0.84079355,2,107,0.04828079,0.6791723,2,131
33,0.025286919,0.9431825,2,28
34,0.01319872,1.053573,2,21,0.0,1.0096234,2,43,0.018253954,0.9657861,2,64,0.0042868806,1.0264633,2,87,0.0,0.9640668,2,108,0.01780197,0.98852473,3,128,0.01839416,0.928399,2,150,0.009857133,0.92911243,2,174,0.0044448026,1.0087929,2,200
35,0.020474229,0.9649669,2,20,0.0,1.0576105,2,40,0.0,1.0835962,0,60,0.0,0.82226616,2,81,0.0,0.9804282,2,102,0.006219986,0.94714725,2,122,0.002949198,0.8220797,3,143,0.014024309,0.756302,2,164,0.021185813,0.76985127,2,200
36,0.0027720216,0.9705459,2,21,0.012514193,0.98523057,2,42,0.0,0.8949569,2,63,0.0,0.9428919,2,83,0.00122268,0.99122155,2,104,0.009936843,0.81055945,0,124,0.0,0.8173404,0,144,0.015065461,0.7826021,2,169,0.0,0.6440832,2,200
37,0.004266583,0.9699327,2,20,0.0004358634,0.96238834,2,41,0.0158653,0.9235524,2,61,0.009314857,0.991202,2,84,0.0099517135,1.0013049,2,104,0.0063383766,1.007167,2,125,0.020487843,1.0109684,2,145,0.004181615,0.9975624,2,174,0.0034623297,0.98517555,2,200
38,0.010769808,1.0551105,2,28
39,0.0,1.052373,2,20,0.0017686908,1.0407289,2,42,0.0006038814,1.0487032,2,63,0.0008542309,1.029966,2,85,0.0004815111,1.0365655,2,105,0.0020605908,1.0197098,2,125,0.0,0.99566644,2,150,0.0050272346,0.9881902,2,171,0.0067414907,0.9776876,2,200
40,0.0072565675,0.9843679,2,34
41,0.0,0.85942614,3,40
42,0.0,1.033402,2,20,0.019192696,0.9988377,2,42,0.004759919,0.97838306,2,66,0.0,0.9600789,2,87,0.00869923,0.9909955,2,108,0.0,1.0294588,2,134
43,0.018216107,0.9767785,2,20,0.00054779294,0.96266115,2,42,0.011768708,0.82749224,2,62,0.025306605,0.82184595,2,84,0.016799571,0.8500186,2,105,0.0035665059,0.8469638,2,127,0.10426475,0.8700765,2,147,0.006348569,0.896956,0,168,0.01886854,0.57120496,2,200
