0,0.0017459012,1.0485729,2,29
1,0.003917481,0.91646135,2,20,0.0,1.0689788,2,43,0.0024693427,0.97972226,2,64,0.0001969642,0.98693466,2,84,0.0,1.0861756,2,104,0.0050901636,1.017986,2,124,0.0011455708,0.94183236,2,148,0.009542969,0.8567095,2,170,0.020215945,0.78758854,2,200
2,0.0060210987,0.9573218,2,21,0.0013762091,0.9743957,2,46,0.005244234,1.0331179,2,67,0.0010887894,1.0414677,2,92,0.0005230084,0.9446081,2,112,0.016833497,1.0113881,2,134,0.0043735434,0.9900428,2,154,0.008989859,0.97719747,2,175,0.004359454,0.9841022,2,200
3,0.00037417896,0.9427657,2,20,0.0085308,1.0429952,2,48
4,0.0028847721,1.0203096,2,25
5,0.006754224,0.96312207,2,20,0.02459488,0.9569169,2,41,0.007612142,0.95647794,2,61,0.0010126383,0.935353,2,82,0.011931035,0.99344164,2,103,0.0069939797,0.95284766,2,131
6,0.016313808,0.9253027,2,20,0.03389732,0.8582526,0,41
7,0.0,0.92591727,2,20,0.006109523,0.9319829,2,40,0.0004886923,0.89073884,0,60,0.0,0.84334046,2,82,0.0,0.7352525,2,102,0.0029381549,0.81688225,2,122,0.0012162136,0.7905162,2,143,0.013587782,0.77768505,2,163,0.03126602,0.869951,2,200
8,0.0,1.0014225,2,22,0.0072811795,0.99365866,2,45,0.0102481255,1.035686,2,66,0.0,1.0839555,2,86,0.016162774,0.9766774,3,107,0.002464697,0.9937914,2,135
9,0.0,0.9568846,2,22,0.0128192855,0.9705394,2,42,0.02751383,0.8697732,2,63,0.0134061,0.75212145,0,84,0.10872439,0.9014555,2,104,0.008642392,0.9551179,2,124,0.014023893,0.92050415,2,148,0.0059538684,0.9571489,2,168,0.0051023946,0.9963126,2,200
10,0.027298162,0.9488853,2,20,0.06854276,0.94505453,2,40,0.015380929,0.92458737,2,61,0.013636509,0.8839077,2,81,0.0037169952,0.8199986,2,101,0.00712112,0.95157427,2,126,0.05764695,0.645748,2,149,0.017338179,0.6834226,2,173,0.0067730644,0.8152703,2,200
11,0.000826499,1.0184255,2,22,0.0,1.0096701,2,43,0.018145867,0.9939316,2,67,0.0,0.9929695,2,89,0.015605953,0.93491316,2,113,0.013824234,0.85995513,3,133,0.0,0.9455628,2,155,0.0077013127,0.86938965,2,176,0.0,0.8809662,2,200
12,0.0038812486,0.97586495,2,25,0.023944287,0.9571608,2,46,0.0,0.9205384,2,67,0.0,0.7331198,2,87,0.0,0.7391499,2,107,0.0,0.60279715,1,127,0.0,0.69244736,2,147,0.0,0.73192626,2,168,0.021249996,0.7813889,2,200
13,0.0,0.9295027,2,22,0.0011213039,0.8537819,2,42,0.0,0.925608,2,66,0.0,0.8972214,2,91,0.013858956,0.84073955,2,120,0.0003008913,0.88528097,2,147,0.0,0.83340883,2,167,0.0,0.7808736,2,190
14,0.02153872,0.96757305,2,21
15,0.0069888486,1.0065907,2,20,0.0,1.0629555,2,49,0.0,1.0204189,2,69,0.004738457,1.0235943,2,94,0.0,1.0472425,2,115,0.00066297816,1.0501382,2,135,0.0,0.96349984,2,155,0.0030840202,0.95970696,2,176,0.027097352,0.9593954,2,200
16,0.03080457,0.8884627,2,28,0.0054527516,0.9317373,3,51
17,0.017004874,0.95445406,2,20,0.0,0.99596703,0,41,0.030447578,1.0534369,0,61,0.0,0.98139703,0,81,0.0,0.9731218,0,104,0.0,0.9420749,2,124,0.0,0.9863819,0,145,0.0,0.9959762,2,167,0.0,0.9679959,2,200
18,0.007778155,0.9674471,2,20,0.006689865,0.89250743,2,41,0.024474826,0.92378616,2,61,0.008914964,0.9514085,2,81,0.026637178,0.87381697,2,101,0.0037433414,0.8550612,2,123,0.008880006,0.9447408,2,144,0.019340502,0.8533017,0,164,0.0,0.951979,2,200
19,0.002060223,1.0301846,2,20,0.009074509,1.0199513,2,43,0.005533867,0.9568715,2,66,0.0,0.81574106,2,86,0.013968441,1.0251045,2,108,0.0,0.95372236,2,129,0.0012238105,0.8223897,0,150,0.00236979,0.9840037,2,170,0.008862482,0.92713076,2,200
20,0.019718062,0.8246444,2,20,0.0,0.8837773,3,40,0.0,0.88273835,0,62,0.06806282,0.5547929,0,83,0.12023485,0.7728871,2,103,0.04785002,0.6813872,1,124,0.0,0.38882414,0,145,0.011225982,0.49253327,2,180
21,0.0,1.0594645,2,20,0.0002437211,0.9928024,2,41,0.0,1.0782522,2,64,0.0,1.0301728,2,86,0.0,1.0501322,3,110,0.0,1.0682638,2,130,0.008826053,1.0297297,2,154
22,0.004992178,0.944198,2,22,0.013524819,0.94215053,2,51,0.0018982794,1.0594913,2,71,0.0435372,0.891905,2,91,0.013593453,0.5776223,0,113,0.014752072,0.9177351,0,133,0.00689187,0.9143197,2,154,0.0073084915,0.9886795,3,188
23,0.009082892,0.99537367,2,24,0.0031579467,0.9998067,2,47,0.0004530244,0.98675936,2,76,0.0,1.0739503,2,96,0.0,1.0517217,2,117,0.0,1.0766065,3,137,0.0,1.0516473,2,157,0.0,1.0603712,2,177,0.0023658306,0.99620837,2,200
24,0.0009517118,1.0478181,2,22,0.014020195,0.97219574,2,47,0.0,0.97914994,2,67,0.012082758,0.96040136,2,88,0.012160353,0.83849543,3,108,0.02456948,0.9005359,2,128,0.048812952,1.0119143,2,148,0.00073019764,0.9367804,2,169,0.022467453,0.85679847,2,200
25,0.015769431,0.9965951,2,25
26,0.002423693,0.9629866,2,20,0.028479517,0.8584918,2,40,0.035067778,0.9486517,3,60,0.012205802,0.9893647,3,91
27,0.0033563627,0.9894646,2,34,0.0,0.9953602,2,54,0.023011284,0.8878029,2,76,0.030288383,0.9764649,2,100,0.0031368756,1.0017064,2,120,0.0,0.98239976,0,140,0.0,0.97886413,2,161,0.005996652,1.000448,2,200
28,0.01597248,0.92893714,2,20,0.0026630524,0.94018066,2,41,0.025176216,0.9348615,3,61,0.015567181,0.85333514,3,82,0.07618682,0.8026123,0,102,0.009059159,0.92075664,3,123,0.010209281,1.0011581,2,144,0.0,1.0391009,2,164,0.0055496115,0.88653034,0,200
29,0.0049075703,1.0271444,2,26,0.0036418766,1.0159043,2,50,0.020445716,0.9901976,2,75,8.876258e-05,1.0662262,2,96,0.0076983473,1.0320507,2,120,0.011230712,1.0198334,2,148,0.0019349005,1.027681,2,173,0.0,1.0126764,2,200
30,0.0049577374,0.919043,2,24,0.048539944,0.91256183,2,47,0.043463,0.9220955,0,67,0.019172853,0.82210904,2,87,0.003225152,1.0227312,2,107,0.026554232,0.89361346,2,127,0.004591635,0.95277214,2,147,0.0033826905,0.9666415,0,170,0.0,1.0516056,2,200
31,0.0047700284,0.9593779,2,22,0.0058014533,0.89004767,2,42,0.027387366,0.88172483,0,62,0.01600474,0.9653425,2,84,0.0125810625,0.97337514,2,124
32,0.011922622,0.9790455,2,22,0.018407997,0.96222746,2,65
33,0.0023187525,0.98613846,2,20,0.0014343872,0.96415365,2,42,0.008440286,0.9680648,2,62,0.0054098265,1.070653,0,82,0.018066585,0.96815926,2,103,0.01604904,0.99374086,2,123,0.005377043,0.97866017,2,146,0.0153204305,0.94451976,2,167,0.0038985203,1.011031,2,200
