0,0.024982484,0.9731908,2,20,0.01653839,1.0062585,2,41,0.014154418,1.0171589,2,63,0.005378387,1.0073237,2,83,0.015818011,0.97577506,2,103,0.017708126,1.0147827,2,123,0.016837534,1.0179565,2,143,0.015912795,1.0011796,2,165,0.027827756,0.94050175,2,200
1,0.010916258,0.9836548,2,35
2,0.054459296,0.9319245,2,20,0.00614406,0.946511,2,56
3,0.0008890556,0.9936241,2,20,0.001743324,1.0084792,2,48,0.0056279674,0.9921137,2,68,0.014666871,1.0142779,2,90,0.0035822678,0.9783061,2,114,0.0060074367,1.035829,2,138,0.009668564,1.072541,2,168,0.004282453,1.0511259,2,200
4,0.0,1.0101937,2,23,0.0071652643,0.9917305,2,47,0.0,0.970438,0,67,0.002422405,0.9712631,2,90,0.0024832475,1.0255411,0,110,0.019389605,1.0236659,2,132,0.018076122,1.0173441,2,152,0.0038447157,0.95077354,2,172,0.0196816,0.9039704,2,200
5,0.0,0.8691909,3,21,0.050437428,0.70721835,2,41,0.006858523,0.6420765,2,61,0.0,0.6166659,0,81,0.0,0.57405317,2,101,0.0,0.63385123,2,122,0.0,0.5219153,0,142,0.0084352605,0.86532444,2,164,0.016211567,0.97940105,3,191
6,0.005087928,1.036833,2,20,0.022357956,1.0277221,2,47,0.0066639716,1.0328016,2,67,0.0,1.0458968,2,92,0.011207153,1.0339658,2,115,0.007503851,1.0016817,2,135,0.0055235988,1.0041345,2,156,0.004396007,1.0501438,2,176,0.00017761393,1.1008648,2,200
7,0.0054221526,1.0277891,2,20
8,0.010678881,0.9776307,2,43
9,0.004142326,1.0385126,2,20
10,0.012629992,0.9670529,2,22,0.0013740018,0.9939478,2,42,0.027035788,0.7980642,2,63,0.005513168,0.8976847,2,83,0.01246969,0.84496933,2,105,0.053169295,0.8918091,0,126,0.0,0.9664283,2,146,0.022119582,0.8808388,0,168,0.019169932,0.85613847,2,200
11,0.022662695,0.8517735,2,21,0.05095334,0.51412576,0,43,0.0,0.6567252,0,63,0.020062072,0.77888435,2,98
12,0.009558776,0.90094805,2,20,0.029739428,0.94268304,2,40,0.06743767,0.71094024,2,71
13,0.0030422988,1.071161,2,36,0.0012080969,1.0533273,2,59,0.0027983305,0.99904174,2,93,0.022362405,1.006865,2,114,0.0,1.042807,2,134,0.00700041,0.91683006,2,157,0.021576952,0.9078332,2,177,0.0082385335,0.9527402,2,200
14,0.00921779,1.0162433,2,20,0.0005420361,0.99299824,2,40,0.011319992,1.022966,2,78,0.005408023,0.92114323,2,99,0.013734042,0.9022133,2,121,0.016561104,0.99232006,2,141,0.010196883,0.96408373,2,162,0.0104439445,1.042891,2,200
15,0.007357053,0.9069516,2,21
16,0.009800233,0.98547846,2,32,0.0,0.9933251,2,52,0.00128019,0.97860396,2,74,0.054840572,0.9115369,2,94,0.0036372826,0.9382194,2,124
17,0.008869461,0.9017852,0,20,0.07738721,0.84102833,2,40,0.038137935,0.91713834,2,66
18,0.0007153202,1.0084991,2,20,0.036991138,0.92626923,2,40,0.012559612,0.9413064,2,64,0.0,0.8118807,2,84,0.0048982715,0.7800652,2,104,0.0,0.8526518,2,126,0.025322756,0.7212624,2,146,0.0037157782,0.64917976,2,166,0.022719067,0.8031579,2,200
19,0.011312941,0.97755814,2,20,0.0016860744,0.93181884,2,40,0.012522123,0.9776301,2,62,0.067906484,0.9692872,0,83,0.01770425,0.9962677,2,103,0.04048107,0.9489539,0,123,0.014623994,0.9637742,2,146,0.0,0.9171835,0,166,0.01734587,0.84534013,2,200
20,0.0,1.0681543,2,45,0.011062782,1.0621413,2,66,0.004680307,1.0592815,2,88,0.0052206093,1.0153602,2,116,0.0030071544,0.9819931,2,136,0.0011680769,0.999816,2,158,0.002232732,1.0867732,2,200
21,0.0021827873,0.9254749,2,21,0.009474255,0.6296876,2,42,0.042568885,0.6180681,2,62,0.0126678785,0.69466037,0,83,0.0,0.8419032,2,104,0.013862277,0.56223166,1,124,0.0,0.41583842,1,144,0.0,0.3929506,0,164,0.0012922545,0.27637804,0,200
22,0.006446521,0.9875075,2,23,0.00904444,1.0900868,2,43,0.023682145,1.0573412,2,64
23,0.0,1.0172775,2,22,0.0015577682,1.0422897,2,49,0.0017612835,1.0267012,2,78,0.00036168535,1.0111794,2,101,0.008547311,0.9730762,2,121
24,0.011505729,1.0282148,2,31
25,3.6363414e-05,1.0231333,2,37
26,0.01896646,0.84164333,2,20,0.021537736,0.84946597,2,40,0.02263216,0.7617235,2,64,0.06971679,0.9210235,2,84,0.0023319474,0.76372486,0,104,0.051904064,0.786185,2,139
27,0.0,1.0551038,2,20,0.00015507328,0.98817706,2,56
28,0.0118133705,0.9576734,2,20,0.0075601884,0.92330587,2,40,0.0,0.91260445,0,60,0.016818453,0.97709054,2,81,5.6172536e-05,0.9375073,0,101,0.02984306,0.8089918,0,123,0.012756415,0.9464731,2,147,0.0,0.87367296,3,167,0.0,0.87563056,2,200
29,0.0019172473,0.9553733,2,20,0.0069220616,0.91775906,2,40,0.006424678,0.9261154,2,61,0.011393389,0.9414784,2,81,0.011833119,0.97375786,2,101,0.0,1.0951302,3,121,0.0003821266,1.0410877,2,144,0.0005794981,1.0745492,0,164,0.0033400808,0.98822784,2,200
30,0.029161055,0.97277415,2,20,0.018152047,0.9813653,2,40,0.0,0.7892009,2,60,0.0075104185,0.7881272,2,80,0.0,0.76894706,2,101,0.005621955,0.43961653,1,121,0.031175034,0.5029414,2,142,0.07418613,0.41504925,1,162,0.0016690893,0.4955235,0,200
31,0.011568679,0.9754941,2,50
32,0.0038138586,1.0231651,2,25,0.009169557,1.0558008,2,46,0.017102603,1.0922142,2,85,0.019538365,1.0355572,2,106,0.0,1.0437185,2,126,0.006972464,1.0201564,2,148,0.011768467,1.0271437,2,168,0.01989,0.9522518,2,200
33,0.033385314,0.9299966,2,20,0.023078168,1.0111836,2,40,0.0011395551,1.0310044,2,61,0.021060396,0.9815109,2,82,0.0,0.9529221,2,109,0.0021571429,0.97716254,2,129,0.0058348253,0.9949065,2,155,0.006281101,0.966788,2,200
34,0.001373124,1.0558813,2,20,0.0,1.0508708,2,43,0.0,1.0193636,0,65,6.7722194e-06,1.0226929,2,91,0.0044770925,1.0268967,2,111,0.0,1.0474904,2,131,0.0,1.0460042,2,153,0.0,1.0180742,0,173,0.006378982,1.0786402,0,200
35,0.011726598,1.0255694,2,24,0.0069211675,1.0074594,0,44
36,0.0,1.06252,2,23
37,0.00032474846,1.028791,2,21,0.0032084389,0.9504039,2,43,0.01650205,0.93470055,2,67,0.00528726,0.9576359,2,89,0.0053421585,0.9757821,2,109,0.0153762875,0.9523557,2,132,0.0057763043,1.030902,2,154,0.0,0.9816437,2,174,0.008768917,0.9333785,2,200
38,0.049959272,0.8307643,2,23,0.01461122,0.91223145,2,44,0.0122640785,0.9661614,2,64,0.012869465,0.89578664,2,84,0.030244753,0.98578614,2,105,0.01812305,0.8072304,2,135,0.060473945,0.7766231,2,159
39,0.00062420935,1.042104,2,20,0.0065500974,0.96095973,2,40,0.009831544,1.0012841,2,63
40,0.006334996,1.044352,2,21,0.0,0.9982042,2,47
41,0.0,0.94265425,2,20,0.041060917,0.9439872,0,40,0.022664005,0.8701346,0,71
42,0.0010753502,0.95001185,2,22,0.01938593,0.89057934,2,42,0.023841273,0.88174975,2,62,0.011471581,0.9235811,2,82,0.04666689,0.9585513,2,103,0.004991348,0.9480997,2,125,0.012437857,0.91488206,0,145,0.018971492,0.8537368,2,168,0.0,0.6654061,2,200
43,0.0,1.0584962,2,27,0.0018226958,1.0575614,2,49,0.0034169673,1.0311949,2,69,0.0023409296,0.9925387,2,103,0.016577328,0.9995365,2,141
44,0.013422305,0.7456905,2,23,0.014476075,0.65884465,2,47,0.01711169,0.5991877,2,67,0.0,0.7070974,2,89,0.007969361,0.49754974,2,111,0.022355214,0.5762031,2,131,0.0,0.64445335,0,151,0.06998588,0.36670083,2,184
45,0.017772082,0.9823645,2,20,0.00436009,0.93420035,2,42,0.0019952944,1.0256982,2,62,0.0041478444,1.0313201,2,82,0.014602971,1.0129815,2,104,0.0,0.99444306,2,125,0.0019919924,0.97972816,2,147,0.007319472,1.0341552,2,186
46,0.03151526,0.87745196,2,21,0.0027405627,0.9276383,2,42,0.0,0.9547674,3,62,0.04969693,0.8642839,3,82,0.062565096,0.9140838,2,110
47,0.00014930054,1.0739027,2,61,0.0,1.0430062,2,91,0.003720139,1.0936935,2,111,0.0,1.0503358,2,133,0.0022359968,1.044729,2,160,0.009933589,1.0535583,2,180,0.0,1.0517387,2,200
48,0.009224602,1.0467705,2,23,0.0033240065,0.96302444,2,43,0.005286886,1.0204985,2,63,0.020159628,0.9781049,2,84,0.009050791,0.9723557,2,104,0.013394249,0.97485816,2,124,0.00506864,1.0302194,2,144,0.010376907,1.0268214,2,164,0.026968999,0.8558934,2,200
