1718186245396 1.238951724962745 0
1718187013845 1.1101891659513836 0
1718187773259 1.0634514518604157 0
1718188533360 1.0187248893726342 0
1718189295094 0.9966881886234796 0
1718190053798 0.9743696951448975 0
1718190812271 0.965135731196297 0
1718191570014 0.9574254601571996 0
1718192326856 0.9446874363145382 0
1718193081333 0.9411686351170293 0
1718193838805 0.93807652817611 0
1718194597064 0.93254448599239 0
1718195351618 0.9236800479098202 0
1718196105040 0.9206042486234154 0
1718196857615 0.9217824768519121 0
1718197614011 0.9147103470121839 0
1718198366330 0.9121221346486513 0
1718199122447 0.9176133089790286 0
1718199875762 0.9075679257975743 0
1718200632458 0.9067513261753222 0
1718201385254 0.9061857114311926 0
1718202138178 0.9018594484062511 0
1718202890195 0.9014811533132246 0
1718203647293 0.9018757257849749 0
1718204404006 0.8991902498516771 0
1718205155724 0.9000663497418468 0
1718205911441 0.8981176829502151 0
1718206663201 0.899231835304098 0
1718207417898 0.9014142721452845 0
1718208170583 0.8907141858770886 0
1718208922939 0.8920253014719864 0
1718209674263 0.8933189749909718 0
1718210426575 0.8889142085032858 0
1718211183162 0.8918313458676446 0
1718211935492 0.892285624664222 0
1718212687964 0.8876237934064583 0
1718213441216 0.8845997588318031 0
1718214193734 0.8858573597759931 0
1718214945906 0.8831560045133809 0
1718215703469 0.8837765148647952 0
1718216456126 0.8818321261322859 0
1718217209488 0.8858227185810613 0
1718217963696 0.882686929473574 0
1718218716575 0.8824677123176169 0
1718219469444 0.8795035052582272 0
1718220222529 0.8795118479797123 0
1718220979706 0.8796127063741586 0
1718221732197 0.8778307429692853 0
1718222490556 0.875055882415657 0
1718223243499 0.8735321488620613 0
1718224000264 0.875893295304354 0
1718224752388 0.8734914899631671 0
1718225505305 0.8764726022115624 0
1718226259150 0.8774972459007753 0
1718227011712 0.8733669966317452 0
1718227764713 0.8747390034441561 0
1718228518088 0.8858416978231906 0
1718229274701 0.8741514617356961 0
1718230032458 0.8702854068189023 0
1718230785133 0.8696244147679355 0
1718231538786 0.870230049507991 0
1718232292708 0.869988242414216 0
1718233045213 0.8716894472943139 0
1718233798232 0.8701813917958079 0
1718234551213 0.8684765832849544 0
1718235304344 0.8646273009729417 0
1718236058342 0.8669047657667923 0
1718236812670 0.8621631347467177 0
1718237570832 0.8675118114817534 0
1718238326108 0.8673405782729049 0
1718239081277 0.8637214930918583 0
1718239835770 0.8695627957139552 0
1718240594247 0.8660107653393596 0
1718241348683 0.8607678895106959 0
1718242103308 0.8634442287662977 0
1718242857806 0.8639704504869407 0
1718243611605 0.8638484651412786 0
1718244369738 0.8583598744381363 0
1718245124326 0.860203506368976 0
1718245879599 0.8615034691314675 0
1718246643047 0.8601776366920159 0
1718247397519 0.8631671583751117 0
1718248152620 0.8578445560997267 0
1718248907875 0.8618333897816506 0
1718249662447 0.8564171844401849 0
1718250416610 0.8589100708496484 0
1718251170377 0.8585495107283363 0
1718251924952 0.8549037365955632 0
1718252679345 0.8558002119183374 0
1718253433248 0.8578089725675359 0
1718254187187 0.856936889320876 0
1718254941039 0.8530902201002292 0
1718255695025 0.8549241941367405 0
1718256449563 0.8536113706521089 0
1718257204162 0.8500641114288128 0
1718257958555 0.8565706222173768 0
1718258713579 0.8533012074427162 0
1718259468825 0.849672085409397 0
1718260223515 0.8483287104271072 0
1718260977855 0.8474358046671876 0
1718261733172 0.8521384872134481 0
1718262488111 0.8485942059575975 0
1718263242439 0.84577402115322 0
1718263997057 0.8490789659079665 0
1718264751476 0.8404976169634847 0
1718265507330 0.8462566767092182 0
1718266266222 0.8415218049274268 0
1718267024814 0.8429069049502023 0
1718267779580 0.8487209572922267 0
1718268533622 0.844406301297645 0
1718269289434 0.8503209519930889 0
1718270043394 0.84823130570705 0
1718270797889 0.8432899995240802 0
1718271552987 0.8443019881684152 0
1718272308317 0.8477601597603929 0
1718273062900 0.8436991798728475 0
1718273817802 0.8369346920258217 0
1718274573519 0.8361599211008921 0
1718275327783 0.8398077365934731 0
1718276083142 0.8402906042632844 0
1718276838251 0.8421018810832175 0
1718277593156 0.8416725623414757 0
1718278347306 0.8426772509026871 0
1718279101806 0.8420283427410571 0
1718279856803 0.8361714882289991 0
1718280612789 0.8322676933521285 0
1718281367606 0.8344286846393669 0
1718282123262 0.8388564402008574 0
1718282877999 0.832775072062973 0
1718283632664 0.838551364921443 0
1718284387670 0.8331370919417023 0
1718285142810 0.8363641686194794 0
1718285897992 0.8394260657366901 0
1718286652597 0.8359156207708779 0
1718287405897 0.8347388477789395 0
1718288160275 0.831321341046757 0
1718288913107 0.8363965823662753 0
1718289667413 0.8316288974878772 0
1718290423300 0.8274482068270871 0
1718291177986 0.8285590031676066 0
1718291933118 0.8291095701368184 0
1718292688233 0.8289608767305097 0
1718293443110 0.8276723395269118 0
1718294198722 0.8335243538005678 0
1718294953554 0.8366194847771832 0
1718295707609 0.8309930249742083 0
1718296482088 0.8260116438729861 0
1718297291540 0.8316516864133079 0
1718298096723 0.8299559623240831 0
1718298897041 0.8305003286734605 0
1718299698396 0.8313834949759493 0
1718300503802 0.8284319497689084 0
1718301308296 0.8307064387422851 0
1718302113191 0.8252521149104471 0
1718302917071 0.8234075212628751 0
1718303722539 0.8234901537316742 0
1718304530525 0.8207906410376266 0
1718305339675 0.8287905289030798 0
1718306145314 0.8236987379801832 0
1718306949413 0.8230224754278128 0
1718307753751 0.8252889804290603 0
1718308558636 0.8252384951989328 0
1718309363209 0.8218743227282052 0
1718310253922 0.8236352373979584 0
1718311065388 0.8227501954801244 0
1718311872464 0.8263859188882208 0
1718312680276 0.8236500833400897 0
1718313488122 0.8297206592757057 0
1718314295220 0.8240132114794552 0
1718315257779 0.8254432132708589 0
1718316066261 0.8223412033012002 0
1718316875412 0.8201749353992162 0
1718317684094 0.8141030606548698 0
1718318774429 0.817584771778863 0
1718319763961 0.8159233284508015 0
1718320568555 0.8212348165523605 0
1718321373711 0.8205978939382945 0
1718322262388 0.8152187160416119 0
1718323155093 0.8127692262122184 0
1718324033783 0.8191344207503871 0
1718324891845 0.813597050123503 0
1718325733352 0.8133804088840112 0
1718326541115 0.814591766520871 0
1718327351485 0.8195564010558885 0
1718328161516 0.8170183116210241 0
1718329086493 0.8144731301236392 0
1718329964942 0.816291694201595 0
1718330774778 0.8139395316529129 0
1718331580514 0.8148585420348161 0
1718332523757 0.8103431437669923 0
1718333523220 0.8082192894419078 0
1718334329000 0.8061944920449927 0
1718335135428 0.8112296675839792 0
1718335941929 0.8096142942563831 0
1718336745947 0.8110677901093873 0
1718337554171 0.8117885069613558 0
1718338362947 0.8079852424286514 0
1718339171420 0.8125537316606635 0
1718339980661 0.8084157895959831 0
1718340789918 0.8181392850608094 0
