1718186245422 0.852142870426178 0
1718187013886 0.8829627633094788 0
1718187773276 0.8923184275627136 0
1718188533386 0.9045478105545044 0
1718189295136 0.9125095009803772 0
1718190053844 0.9198632836341858 0
1718190812334 0.9229767322540283 0
1718191570043 0.9237753748893738 0
1718192326907 0.9303858876228333 0
1718193081375 0.9315716624259949 0
1718193838831 0.9350658655166626 0
1718194597095 0.9338771104812622 0
1718195351633 0.9394826889038086 0
1718196105063 0.9418288469314575 0
1718196857649 0.9405190348625183 0
1718197614043 0.9425544142723083 0
1718198366372 0.9445866346359253 0
1718199122474 0.942194402217865 0
1718199875805 0.9473022818565369 0
1718200632492 0.9467312693595886 0
1718201385286 0.9468846321105957 0
1718202138216 0.9483843445777893 0
1718202890228 0.9481315016746521 0
1718203647324 0.9491747617721558 0
1718204404046 0.9497300982475281 0
1718205155767 0.9497860074043274 0
1718205911475 0.9505955576896667 0
1718206663246 0.9504607319831848 0
1718207417937 0.9480332136154175 0
1718208170613 0.9527851343154907 0
1718208922965 0.9531188607215881 0
1718209674290 0.9525166749954224 0
1718210426608 0.954494059085846 0
1718211183217 0.9537125825881958 0
1718211935526 0.952496349811554 0
1718212687999 0.9558404684066772 0
1718213441238 0.9556598663330078 0
1718214193761 0.9555955529212952 0
1718214945922 0.9564834833145142 0
1718215703501 0.9568794369697571 0
1718216456140 0.957702100276947 0
1718217209517 0.9557439088821411 0
1718217963722 0.9560725092887878 0
1718218716620 0.9576826691627502 0
1718219469474 0.9586222171783447 0
1718220222562 0.9590227007865906 0
1718220979742 0.9594627618789673 0
1718221732229 0.9590552449226379 0
1718222490585 0.959671139717102 0
1718223243517 0.9603635668754578 0
1718224000299 0.9605243802070618 0
1718224752406 0.9623240232467651 0
1718225505329 0.9602122902870178 0
1718226259168 0.9597080945968628 0
1718227011731 0.9612724781036377 0
1718227764729 0.9624965190887451 0
1718228518115 0.9563892483711243 0
1718229274740 0.9613456130027771 0
1718230032505 0.962988555431366 0
1718230785150 0.9622254371643066 0
1718231538803 0.9642124176025391 0
1718232292722 0.9633437395095825 0
1718233045227 0.9628980159759521 0
1718233798250 0.9624780416488647 0
1718234551243 0.963263213634491 0
1718235304359 0.9657347798347473 0
1718236058405 0.9639280438423157 0
1718236812704 0.9675511121749878 0
1718237570880 0.9642808437347412 0
1718238326141 0.9645897150039673 0
1718239081322 0.9659342169761658 0
1718239835814 0.9631966352462769 0
1718240594284 0.9657232761383057 0
1718241348701 0.9678077697753906 0
1718242103334 0.9665670394897461 0
1718242857833 0.9654206037521362 0
1718243611636 0.9662619829177856 0
1718244369777 0.969103217124939 0
1718245124367 0.9684441089630127 0
1718245879627 0.9669955968856812 0
1718246643079 0.9688153862953186 0
1718247397568 0.9662902355194092 0
1718248152650 0.97046959400177 0
1718248907900 0.9667419791221619 0
1718249662463 0.9696862101554871 0
1718250416637 0.9685553312301636 0
1718251170417 0.9679535031318665 0
1718251924982 0.9711974263191223 0
1718252679375 0.9697681069374084 0
1718253433291 0.9693188071250916 0
1718254187206 0.9687095880508423 0
1718254941054 0.9720396399497986 0
1718255695065 0.9712274074554443 0
1718256449577 0.9719235301017761 0
1718257204196 0.9734510183334351 0
1718257958581 0.9706602692604065 0
1718258713617 0.9710673093795776 0
1718259468853 0.9732397794723511 0
1718260223554 0.9741310477256775 0
1718260977899 0.975400447845459 0
1718261733204 0.9714357852935791 0
1718262488131 0.9740637540817261 0
1718263242458 0.9764193296432495 0
1718263997100 0.9740305542945862 0
1718264751498 0.9789495468139648 0
1718265507357 0.9761125445365906 0
1718266266265 0.9785121083259583 0
1718267024855 0.9770960807800293 0
1718267779604 0.9739010334014893 0
1718268533665 0.9773061871528625 0
1718269289573 0.9737765789031982 0
1718270043423 0.9751281142234802 0
1718270797916 0.9764100313186646 0
1718271553024 0.9762430191040039 0
1718272308359 0.9751933217048645 0
1718273062946 0.9768995046615601 0
1718273817826 0.9806197881698608 0
1718274573547 0.9808525443077087 0
1718275327820 0.9792347550392151 0
1718276083177 0.9783828854560852 0
1718276838282 0.9785101413726807 0
1718277593173 0.9775426983833313 0
1718278347323 0.9769896268844604 0
1718279101839 0.9781351685523987 0
1718279856829 0.9808046221733093 0
1718280612831 0.9833143353462219 0
1718281367645 0.9808638691902161 0
1718282123295 0.9788549542427063 0
1718282878029 0.9827921390533447 0
1718283632680 0.9791900515556335 0
1718284387709 0.982126772403717 0
1718285142856 0.9793050289154053 0
1718285898007 0.9784315824508667 0
1718286652616 0.9800049662590027 0
1718287405926 0.980787456035614 0
1718288160294 0.9837352633476257 0
1718288913142 0.9787083268165588 0
1718289667433 0.9844957590103149 0
1718290423324 0.9844797253608704 0
1718291178003 0.9836075305938721 0
1718291933158 0.9829686284065247 0
1718292688260 0.9836058020591736 0
1718293443121 0.9841419458389282 0
1718294198740 0.9804580807685852 0
1718294953586 0.9775689244270325 0
1718295707636 0.9823581576347351 0
1718296482123 0.9857924580574036 0
1718297291556 0.9811533093452454 0
1718298096754 0.9826516509056091 0
1718298897053 0.9826417565345764 0
1718299698412 0.9838020205497742 0
1718300503833 0.9826411008834839 0
1718301308329 0.9821116924285889 0
1718302113206 0.9852991700172424 0
1718302917100 0.9863801598548889 0
1718303722558 0.9861981868743896 0
1718304530573 0.9871639013290405 0
1718305339691 0.9821421504020691 0
1718306145348 0.9857494235038757 0
1718306949445 0.985605776309967 0
1718307753785 0.9842075705528259 0
1718308558653 0.9839428663253784 0
1718309363238 0.9861981272697449 0
1718310253938 0.9853329062461853 0
1718311065524 0.9854621887207031 0
1718311872601 0.9840865731239319 0
1718312680306 0.9857954382896423 0
1718313488150 0.9814466238021851 0
1718314295364 0.9850077033042908 0
1718315257818 0.9833029508590698 0
1718316066305 0.984362006187439 0
1718316875430 0.9871163964271545 0
1718317684121 0.9896768927574158 0
1718318774461 0.987504780292511 0
1718319763973 0.9884069561958313 0
1718320568585 0.9858996868133545 0
1718321373753 0.9869368672370911 0
1718322262417 0.9894052147865295 0
1718323155229 0.9896343946456909 0
1718324033813 0.9858845472335815 0
1718324891886 0.9889113306999207 0
1718325733394 0.9896028637886047 0
1718326541245 0.988841712474823 0
1718327351509 0.9863247871398926 0
1718328161544 0.9873784184455872 0
1718329086523 0.988476037979126 0
1718329964960 0.9882907271385193 0
1718330774824 0.9887456297874451 0
1718331580547 0.9883451461791992 0
1718332523775 0.9907422661781311 0
1718333523250 0.991227924823761 0
1718334329016 0.9928072690963745 0
1718335135458 0.9895569086074829 0
1718335941945 0.9900069236755371 0
1718336745977 0.9893815517425537 0
1718337554200 0.9890610575675964 0
1718338362995 0.9908005595207214 0
1718339171441 0.9878141283988953 0
1718339980679 0.9905701279640198 0
1718340789978 0.9858862161636353 0
