1719823701776 1.250022973530729 0
1719824644981 1.0700394164743559 0
1719825536506 1.034426209483348 0
1719826410427 1.0158699944724499 0
1719827275307 0.9967662873268127 0
1719828135274 0.9902236387225943 0
1719828992221 0.9821762478318012 0
1719829838460 0.969533587234121 0
1719830689829 0.9739488485766129 0
1719831538589 0.9524686179026751 0
1719832380338 0.9507923470013578 0
1719833219583 0.9550995915036806 0
1719834061695 0.9433192131687218 0
1719834901816 0.9425660372451997 0
1719835742567 0.9365315988433193 0
1719836576437 0.942969178569149 0
1719837410687 0.9339849990522358 0
1719838244147 0.9303242524576859 0
1719839082620 0.9307025196518697 0
1719839919134 0.9275771477524664 0
1719840751930 0.9312184186653352 0
1719841583030 0.9283283921295489 0
1719842412998 0.9218894660103489 0
1719843249797 0.9241373978332734 0
1719844080466 0.9205627184585786 0
1719844912264 0.9225190550575794 0
1719845742970 0.9290134068072682 0
1719846574092 0.9186591928173119 0
1719847404394 0.9115329015490035 0
1719848238952 0.9085024158047958 0
1719849068773 0.9153778589611322 0
1719849903474 0.9075877093798678 0
1719850734670 0.9059188755733866 0
1719851564026 0.9111510549464696 0
1719852399787 0.9052709847436824 0
1719853235247 0.9051484583868107 0
1719854064480 0.904345656623303 0
1719854897929 0.8996346752945806 0
1719855729393 0.9030262839894899 0
1719856556529 0.9164723970184864 0
1719857383481 0.8997542624204932 0
1719858215444 0.9018053294772833 0
1719859049308 0.8996787586413638 0
1719859879663 0.8977554551648422 0
1719860705735 0.9042665067457817 0
1719861543107 0.900604873825127 0
1719862372859 0.9025542493336637 0
1719863202961 0.8999801422240029 0
1719864036108 0.89964934325554 0
1719864865720 0.8925134412537158 0
1719865698403 0.8973111972875998 0
1719866530696 0.9007688903607113 0
1719867357633 0.8961357795016867 0
1719868189660 0.8956496044212664 0
1719869020515 0.8941070569132415 0
1719869844658 0.8890086417265342 0
1719870669575 0.8909773207046616 0
1719871494183 0.8904721561955734 0
1719872317791 0.8921331736201972 0
1719873147529 0.8951808544817105 0
1719873971047 0.8903875647464269 0
1719874795749 0.8878558953513562 0
1719875619169 0.8877372287830836 0
1719876441669 0.8865625475628275 0
1719877263942 0.8869181314454951 0
1719878088379 0.8898829934160475 0
1719878911391 0.8855982517591664 0
1719879736015 0.8894025056597212 0
1719880564398 0.8868532238812514 0
1719881387702 0.8830977304955603 0
1719882210330 0.8890663711722468 0
1719883032548 0.8819437558348749 0
1719883863135 0.8888262398679492 0
1719884687473 0.880339988695064 0
1719885510888 0.8804117813580473 0
1719886333737 0.8768013791366362 0
1719887156949 0.877826900166525 0
1719887980934 0.8771441356161951 0
1719888803300 0.8774836676422979 0
1719889625443 0.882019010013258 0
1719890449041 0.8775930287468602 0
1719891272649 0.8760297548065723 0
1719892094802 0.8790876833956006 0
1719892917062 0.8812309652046418 0
1719893739577 0.8801799767722546 0
1719894562824 0.8801391647500052 0
1719895391861 0.8720237659602098 0
1719896214545 0.8726584063516536 0
1719897035926 0.8734708825500919 0
1719897857332 0.8721674271905926 0
1719898680440 0.8807341703159708 0
1719899508580 0.8709087882243411 0
1719900332084 0.8738069167405786 0
1719901154909 0.8718329671806013 0
1719901978280 0.8780208549902473 0
1719902801145 0.8711172967830174 0
1719903623168 0.8734777876155477 0
1719904446819 0.8686906733445718 0
1719905270574 0.8670827811133693 0
1719906091563 0.8671905652368572 0
1719906912852 0.8732830531294917 0
1719907734269 0.8691763717758824 0
1719908554869 0.8696176089098756 0
1719909378285 0.8674680618165245 0
1719910206490 0.8632281674599983 0
1719911028015 0.8606975469992194 0
1719911850199 0.8638732330967003 0
1719912671456 0.8615199243854469 0
1719913493004 0.8649828030089257 0
1719914314828 0.8625018993834375 0
1719915136074 0.8605460832286889 0
1719915957938 0.8640016374789493 0
1719916779869 0.8627402334011777 0
1719917601005 0.8626066696811729 0
1719918421226 0.8605344557224864 0
1719919246432 0.8604672408641224 0
1719920066959 0.8589268764576442 0
1719920887373 0.8563913017528157 0
1719921706876 0.8609211453182597 0
1719922528343 0.8620541338517632 0
1719923349250 0.8636907048158242 0
1719924168355 0.859496054192664 0
1719925018675 0.8602388905001358 0
1719925850307 0.8568925361834782 0
1719926673991 0.8598954239630363 0
1719927496665 0.8614068273759224 0
1719928319316 0.8524635846043976 0
1719929142356 0.8548598249529449 0
1719929965839 0.8554142515491432 0
1719930789634 0.8539025011062622 0
1719931613213 0.8514285277715871 0
1719932441315 0.8543975182586993 0
1719933266079 0.8545011881371619 0
1719934089635 0.8538991860940423 0
1719934912417 0.8528952495816727 0
1719935736075 0.8539740555185668 0
1719936559573 0.8562494496627593 0
1719937382738 0.8521935379135777 0
1719938205972 0.855693867434918 0
1719939029803 0.8522264998932959 0
1719939853621 0.8483131585658437 0
1719940676487 0.8490505194261041 0
1719941498664 0.8486405120164576 0
1719942322551 0.84771748439359 0
1719943150312 0.847422836753684 0
1719943972702 0.846461638618523 0
1719944797163 0.8491851869166737 0
1719945620027 0.8476008441548952 0
1719946448040 0.8465301059736332 0
1719947271658 0.8474350895478692 0
1719948094508 0.8434203775701389 0
1719948917536 0.838826306477399 0
1719949739913 0.8433856092909692 0
1719950562628 0.8421935434878712 0
1719951385770 0.8405151936705684 0
1719952209235 0.8495604386463971 0
1719953033017 0.8488558955797008 0
1719953854900 0.8443812066064754 0
1719954675604 0.8454531653834061 0
1719955496062 0.840816202472633 0
1719956317246 0.8441948611635557 0
1719957140705 0.8428025095026258 0
1719957966265 0.8421285422620639 0
1719958793205 0.8395659002317509 0
1719959621593 0.8381634938683309 0
1719960447781 0.8396063777157958 0
1719961268740 0.837823707392518 0
1719962093603 0.8399080705844181 0
1719962916989 0.8327602469417411 0
1719963744486 0.8333130483224358 0
1719964567776 0.8340826624749412 0
1719965395305 0.8349354211646066 0
1719966220176 0.8388403054962695 0
1719967044753 0.835801572121365 0
1719967867340 0.8358300696829675 0
1719968690091 0.8331811182263872 0
1719969512301 0.8348775918181514 0
1719970334049 0.8318464711216134 0
1719971155614 0.8330952905063898 0
1719971977510 0.8368653881784895 0
1719972799701 0.8313061827471558 0
1719973621604 0.8343775314143006 0
1719974443433 0.832705563504931 0
1719975265445 0.8342592022855517 0
1719976086432 0.8300260585596864 0
1719976909356 0.8393276465107018 0
1719977732020 0.8365452716048335 0
1719978554563 0.8315024353282552 0
1719979375673 0.8251452075125466 0
1719980197379 0.8349762477068834 0
1719981020836 0.8378875220258472 0
1719981840737 0.8310820677381167 0
1719982659674 0.8276762410284768 0
1719983478583 0.8275777166527761 0
1719984298695 0.8302000317976508 0
1719985117210 0.8250360296813535 0
1719985937149 0.8269944412271741 0
1719986755891 0.824058898401932 0
1719987573661 0.8252575036639899 0
1719988395241 0.8365220580705455 0
