1718119721732 1.8325975084559654 0
1718120456287 1.8411653004136683 0
1718121191784 1.883912585046789 0
1718121929087 1.8470369329371523 0
1718122669241 1.9538697467662638 0
1718123409278 1.9316947609066168 0
1718124149569 1.9042509463200135 0
1718124890167 1.8496930325691954 0
1718125648367 1.7661125649120493 0
1718126423686 1.7231642686392974 0
1718127203054 1.7402007544195157 0
1718127953390 1.7001406297352768 0
1718128694286 1.654380509336519 0
1718131197909 1.7223236057766884 0
1718132282650 1.5875361734274775 0
1718133049925 1.5822123327596669 0
1718133800872 1.5187959228185794 0
1718134539811 1.4868146186692184 0
1718135279816 1.542456884790509 0
1718136019644 1.5306495984465165 0
1718136782731 1.4973508261929094 0
1718137520146 1.4845155163420112 0
1718138257087 1.523108986462792 0
1718138992042 1.4139005333169923 0
1718139729865 1.4886621308454142 0
1718140609765 1.4394844171199523 0
1718141449401 1.5280415339267082 0
1718142464779 1.4912315562211436 0
1718143492193 1.421633488655928 0
1718144326875 1.4262562478930074 0
1718145248277 1.4662843528695613 0
1718146102603 1.4060931958673255 0
1718146920033 1.4138215512235828 0
1718147657313 1.4429879460836437 0
1718148397775 1.4190134321738235 0
1718149135568 1.4035742303813497 0
1718149876509 1.4202708054953852 0
1718150613668 1.4108672709143504 0
1718151348851 1.4264646946000568 0
1718152083064 1.389263211602967 0
1718152816926 1.3789151274483291 0
1718153552870 1.46371889075106 0
1718154288900 1.4197460933052453 0
1718155027406 1.4310046112444 0
1718155829951 1.4171076544434829 0
1718156567953 1.4074032199322561 0
1718157309224 1.4000436876099267 0
1718158100664 1.424172255250875 0
1718158954915 1.4096553669343084 0
1718159694113 1.425870573532006 0
1718160432715 1.4631068214279936 0
1718161221292 1.387798358339963 0
1718162159437 1.398863228045181 0
1718162897158 1.4003606408308624 0
1718163632178 1.4120163520264482 0
1718164377973 1.3923863500598863 0
1718165248738 1.3510519241255088 0
1718166056481 1.4280600375334596 0
1718166792843 1.4050596775880486 0
1718167529284 1.396597687597112 0
1718168264132 1.428388494062462 0
1718169001913 1.3898477327754692 0
1718169845002 1.3890857019800769 0
1718170581113 1.4176245326571342 0
1718171317753 1.4284923469542898 0
1718172055057 1.4326297490817927 0
1718172793875 1.3780345017289128 0
1718173531618 1.3987382111799682 0
1718174268719 1.393481286337107 0
1718175078596 1.402639476418085 0
1718176023270 1.3999252007414127 0
1718176889440 1.4209793427039559 0
1718177646164 1.405332048585661 0
1718178382915 1.415768950459758 0
1718179142472 1.4097800832409506 0
1718179880148 1.4551331444116173 0
1718180730217 1.4089403201339972 0
1718181555500 1.4093008270828518 0
1718182293841 1.415980706060253 0
1718183083464 1.4021479169082587 0
1718183821165 1.3877609116116976 0
1718184557193 1.4470560169122222 0
1718185294236 1.4185018608899824 0
1718186031402 1.3862834610014956 0
1718186765134 1.3986658184217127 0
