1718119721752 0.8392148613929749 0
1718120456307 0.8880630731582642 0
1718121191800 0.8930922150611877 0
1718121929107 0.8968550562858582 0
1718122669271 0.8997442722320557 0
1718123409325 0.9018077850341797 0
1718124149586 0.9037278890609741 0
1718124890184 0.9082221984863281 0
1718125648410 0.906974732875824 0
1718126423717 0.9169909954071045 0
1718127203068 0.9140525460243225 0
1718127953422 0.9161776900291443 0
1718128694329 0.9194765686988831 0
1718131197951 0.9141734838485718 0
1718132282671 0.9212246537208557 0
1718133049942 0.9220712184906006 0
1718133800901 0.9242320656776428 0
1718134539839 0.9275642037391663 0
1718135279862 0.9246050119400024 0
1718136019669 0.9236805438995361 0
1718136782756 0.9282971620559692 0
1718137520164 0.9291428923606873 0
1718138257132 0.9252082705497742 0
1718138992063 0.9304549098014832 0
1718139729907 0.9281813502311707 0
1718140609790 0.9281567931175232 0
1718141449435 0.9256470799446106 0
1718142464803 0.9290394186973572 0
1718143492208 0.9317612051963806 0
1718144326913 0.9305753707885742 0
1718145248306 0.9273619055747986 0
1718146102625 0.9330084323883057 0
1718146920059 0.9314985871315002 0
1718147657342 0.9312573075294495 0
1718148397807 0.9338569045066833 0
1718149135647 0.9328528642654419 0
1718149876540 0.932677149772644 0
1718150613713 0.9341482520103455 0
1718151348882 0.9340529441833496 0
1718152083075 0.9336767196655273 0
1718152816946 0.9354056119918823 0
1718153552896 0.9318259954452515 0
1718154288922 0.9323744773864746 0
1718155027437 0.9333924055099487 0
1718155829981 0.9348163604736328 0
1718156567986 0.934704601764679 0
1718157309254 0.9359190464019775 0
1718158100708 0.9368401169776917 0
1718158954938 0.935804009437561 0
1718159694138 0.9315305352210999 0
1718160432744 0.9320515394210815 0
1718161221322 0.9365121722221375 0
1718162159575 0.9365835189819336 0
1718162897183 0.9380055069923401 0
1718163632207 0.9369494915008545 0
1718164377989 0.9361830353736877 0
1718165248770 0.9370860457420349 0
1718166056525 0.9347544312477112 0
1718166792881 0.9382550120353699 0
1718167529325 0.9379137754440308 0
1718168264166 0.9361279010772705 0
1718169001938 0.9387077689170837 0
1718169845041 0.9379699230194092 0
1718170581154 0.9385169744491577 0
1718171317775 0.9378716945648193 0
1718172055100 0.937796950340271 0
1718172793896 0.9391473531723022 0
1718173531646 0.9385787844657898 0
1718174268759 0.9395119547843933 0
1718175078630 0.9378895163536072 0
1718176023313 0.9394903182983398 0
1718176889456 0.9388434290885925 0
1718177646187 0.9380597472190857 0
1718178382945 0.9375901222229004 0
1718179142495 0.9390791654586792 0
1718179880165 0.9379059672355652 0
1718180730241 0.9400244355201721 0
1718181555529 0.9372788071632385 0
1718182293869 0.9403677582740784 0
1718183083492 0.9396354556083679 0
1718183821181 0.9404991269111633 0
1718184557224 0.9390169382095337 0
1718185294264 0.9383078813552856 0
1718186031432 0.9407550692558289 0
1718186765163 0.9394237995147705 0
