0,0.0,1.0220591,2,22,0.0134397615,1.0134083,2,42,0.0050693233,0.9793511,2,66,0.017643549,0.9122222,3,86,0.0,0.9804799,2,112,0.0,0.949224,2,132,0.0,0.986997,2,157,0.0,1.054276,2,179,0.02105455,1.0004194,2,200
1,0.0059456755,0.996322,2,23,0.029526131,0.9666802,2,44,0.016236106,0.9289716,2,65,0.0,1.0192587,2,88,0.0016116437,0.90195143,2,108,0.0,1.045223,3,128,0.00690461,0.98461497,2,149,0.0069487295,1.0675974,2,170,0.028018411,1.0243251,2,200
2,0.012293691,0.9800132,2,25,0.013558847,0.9915538,2,45,0.02763318,1.0146513,2,66,0.01303374,0.91041625,2,89,0.015499847,0.9424456,2,109,0.0015395484,0.94111234,2,129,0.030295108,0.9846711,2,149,0.012537005,1.0189763,2,171,0.0036254134,0.9199125,2,200
3,0.0133717,0.97884303,2,20,0.008852091,0.95578134,2,42,0.029781785,0.9775857,2,63,0.007191131,0.9920231,2,89,0.007134813,0.959396,2,109,0.012764853,0.9818509,0,129,0.0,1.0971062,0,150,0.0,1.0626355,2,171,8.131968e-05,1.0714264,2,200
4,0.014221847,0.9729961,2,20,0.0061976383,0.9729549,2,51,0.014868777,0.88229454,2,72,0.00057924783,0.866706,2,92,0.0,0.9474689,0,113,0.0,0.7314017,2,133,0.020498766,0.7901733,0,153,0.0030921134,0.8441628,2,173,0.005077315,0.73641634,2,200
5,0.0,1.0160217,2,21,0.0117529435,1.0135337,2,41,0.0020272036,0.9327698,2,62,0.0,0.95718515,2,82,0.0,1.0027223,0,102,5.5563916e-05,0.9104315,0,122,0.0,0.93660516,2,143,0.006556983,0.9182998,2,163,0.0,0.97698957,0,200
6,0.0013286185,0.9870492,2,20,0.0096701635,1.0424064,2,40,0.0060714153,1.0218359,2,62,0.0004603075,1.0157082,3,82,0.0,1.0317308,2,104,0.0058575463,1.0464897,2,124,0.0025241957,1.0023557,2,149,0.0040416876,0.9242153,2,178,0.04430805,0.8495362,2,200
7,0.012109118,0.9826089,2,21,0.01359427,0.95400393,2,41,0.010622438,0.88563854,2,65,0.0057410183,1.0260981,2,88,0.0,1.0208886,2,109,0.005151321,1.0011165,2,129,0.010677348,0.94412863,2,149,0.0066425717,0.9369305,2,169,0.021030843,0.88897336,2,200
8,0.0020110668,1.0000054,2,20,0.0032314782,0.9737314,2,43,0.0037132862,0.99931586,3,63,0.0022501776,0.9473638,3,84,0.0045288606,0.9084915,2,106,0.03861723,0.9170166,2,132,0.025628109,0.874013,2,155,0.009312199,0.9379514,2,176,0.013199409,0.9718569,2,200
9,0.0049496377,1.0112984,2,21,0.024973108,0.96638376,2,43,0.0049183313,0.91745746,2,72,0.019030297,0.9862423,2,94,0.0,0.93196124,2,117,0.0,1.0523398,2,137,0.011101918,0.9871136,2,157,0.0006213165,0.95767736,2,177,0.0065616122,0.95044565,2,200
10,0.0,0.97381973,2,21,0.02566573,0.98343116,2,41,0.06642528,0.8957618,2,61,0.052665375,0.89556557,2,88,0.0026847203,0.9414852,2,108,0.018897142,0.9047592,2,128,0.032642584,0.8994476,0,150,0.03715058,0.990671,3,170,0.014345134,0.93284786,2,200
11,0.031503644,1.0118183,2,22,0.014959398,1.0200503,2,45,0.015566614,0.9205537,2,65,0.011850519,0.92696065,2,86,0.0026576938,0.9569327,2,106,0.003734308,1.020763,2,129,0.0011210799,1.0421925,2,151,0.018544074,0.96164024,2,171,0.014438884,0.957389,2,200
12,0.0056156334,0.9665188,2,23,0.0021980146,0.983679,2,45,0.00083701947,0.9491685,2,68,0.0,0.7707792,2,90,0.0,0.8752454,2,110,0.0,0.97919184,2,133,0.008851009,0.98730004,2,158,0.0032354256,0.9385343,2,179,0.0033983209,1.0443642,2,200
13,0.013585244,1.0003797,2,20,0.0,1.0148383,2,58,0.0,0.90478915,2,78,0.006981988,0.9057016,2,100,0.018449884,0.9463103,2,126,0.0,0.8613302,2,146,0.0,0.6745555,3,166,0.016959712,0.92472696,3,200
14,0.0040261606,1.0289747,2,20,0.0047251633,0.9955701,2,43,0.0019972965,0.95094186,2,67,0.002390132,0.9823959,2,88,0.0,0.9515632,2,108,0.015063429,0.93143284,2,128,0.023704195,0.93852514,2,152,0.05675646,0.9427948,2,172,0.012606778,0.9814682,2,200
15,0.012590361,0.95775586,2,20,0.0050840164,0.95179445,2,51,0.02005059,0.9472289,2,71,0.008431032,1.0227897,2,91,0.007891863,0.98372155,2,111,0.0024112843,0.96394753,2,133,0.030131828,0.9692656,2,153,0.008630465,1.0049204,2,174,0.025334816,0.98366547,2,200
16,0.0014731041,0.9838575,2,20,0.0,0.95274556,2,40,0.003538701,0.84006673,0,60,0.010719641,0.8155469,2,80,0.0010885115,0.8389474,2,101,0.0,0.9197076,2,121,0.009391211,0.9295597,2,141,0.000874953,0.89822817,2,161,0.0152239995,0.9966859,2,200
17,0.00029214454,0.9995735,2,22,0.006868658,1.0291166,2,42,0.03103653,0.9551681,2,62,0.013496578,0.9900461,2,83,0.044200767,0.9524075,2,103,0.012368757,0.9478303,2,123,0.010779248,0.9473572,2,144,0.020325221,0.94617325,2,168,0.058752205,0.96662664,2,200
18,0.005881536,1.0012262,2,29
19,0.00681502,1.0182737,2,31,0.005378289,1.0553799,2,52,0.022003768,0.989384,2,89
20,0.004854401,1.0074241,2,21
21,0.0049452945,1.0726502,2,21,0.0018711574,1.0220385,2,42,0.006115152,0.96651506,2,62,0.017115267,0.9563547,2,84,0.002233822,1.002551,2,108,0.0018931929,0.9128936,2,128,0.013311285,0.98802006,2,148,0.0029420326,0.89874905,2,168,0.01772439,0.9615736,2,200
22,0.0074523734,0.9753319,2,22,0.0015369719,0.9857141,2,43,0.008623297,0.99539393,2,67,0.005408936,0.9872039,2,87,0.017392239,0.977612,2,107,0.0056369156,1.0090334,2,127,0.0038116854,0.99641067,2,151,0.011480178,0.95733184,2,171,0.0017080159,1.0446936,2,200
23,0.0,0.9901436,2,20,0.0,0.9412729,2,41,0.033160225,0.90019435,2,61,0.0008434426,0.8776674,2,81,0.0012470384,0.92477304,2,101,0.0,0.89900887,2,122,0.0,0.92668974,2,142,0.0056892205,0.9111061,2,162,0.0072790477,0.9598942,2,200
24,0.00031962927,1.0271555,3,20,0.03302673,0.989943,2,41,0.0,1.0525235,2,63,0.004314066,1.0113966,0,83,0.0,1.0181308,2,106,0.025052577,1.0440562,2,126,0.037085205,0.9977865,2,146,0.002745556,0.98337203,2,167,0.017635558,0.9757288,2,200
25,0.022463316,0.966714,2,21,0.0025815896,1.0570798,2,43,0.0,1.032655,3,63,0.0,0.9757692,2,83,0.01625722,0.95235205,2,103,0.0,1.0018775,0,130,0.0,1.1119196,2,155,0.0,0.9721259,2,175,0.017331228,0.9889333,2,200
26,0.016212223,0.9856237,2,23,0.006082824,0.8870103,2,43,0.003610409,0.95557517,2,67,0.0,0.98547745,2,87,0.010456364,0.97780734,2,107,0.00896129,1.011937,2,145
27,0.0003645962,1.007299,2,22,0.0029374636,1.0629412,2,42,0.0084224325,0.97791463,2,62,0.0081446655,0.95741063,2,84,0.011662545,0.928759,2,110,0.002103796,0.94364786,2,131,0.007937747,0.9219245,2,161,0.044375442,0.77491677,2,200
28,0.03181715,0.92927253,2,23,0.005795506,1.0172192,2,44,0.0009174767,1.0016919,2,64,0.015385648,1.0354321,2,84,0.017251665,0.98310506,2,106,0.006329815,1.038015,0,126,0.0031422249,1.0475305,2,150,0.005593108,1.0075029,2,172,0.011210287,1.0271467,2,200
29,0.005627828,1.0107728,2,30
30,0.0,1.0369213,2,23
31,0.0050239926,1.0395252,2,20,0.0024582725,0.95265955,2,43,0.0073770145,1.0502555,2,64,0.0206862,1.0004472,2,86,0.004551789,1.0326585,2,112,0.0029834828,1.0644467,2,138,0.025288053,0.9845503,2,161,0.014224107,0.81840044,2,200
32,0.0056407396,1.0146989,2,32,0.0047872965,0.9979998,2,57,0.014816354,0.9899257,2,78,0.0029260868,1.0553771,2,116,0.016652616,1.0633895,2,136,0.024869094,0.930968,2,157,0.004194567,1.0284144,2,177,0.009054757,1.0084867,2,200
33,0.0,0.99749994,2,25,0.0077411146,0.8886138,2,48,0.014399494,0.9634681,2,69,5.090066e-05,0.97458917,2,93,0.0,0.93989664,2,114,0.025163451,0.9886387,3,134,0.00512139,1.0076411,2,155,0.0,0.92168254,2,179,0.009165552,0.9564695,2,200
34,0.002352271,0.9499428,2,22,0.009556167,0.859722,2,42,0.017979888,0.7560251,2,64,0.0,0.5104126,2,84,0.00505878,0.5953797,2,107,0.0035973317,0.7430294,2,127,0.0,0.7878058,2,147,0.0,0.7282721,2,167,0.021416336,0.865111,2,200
