0,0.006179291,0.96422094,2,22,0.012848282,0.918321,2,42,0.00951462,0.865449,2,63,0.01216018,0.722841,0,83,0.009259701,0.9966301,0,103,0.006066654,0.8154456,2,123,0.042615633,0.8494298,2,143,0.0,0.94128835,2,163,0.0,0.9679458,2,200
1,0.0050466014,0.98912156,2,20,0.010157671,1.0016967,2,41,0.002056487,1.0030657,2,62,0.0,1.0343478,2,82,0.0056566903,0.98769283,2,102,0.021281317,0.9557072,2,123,0.012507643,0.9995699,2,143,0.06807525,0.8809128,2,164,0.0062782103,0.99921393,2,200
2,0.031665348,1.034377,2,20,0.0174756,1.0232861,2,40,0.0015401678,0.99418193,3,60,0.022942847,0.91832465,3,80,0.0,0.9186242,2,101,0.029720929,0.94478256,2,121,0.03769291,1.0533612,2,142,0.0023313854,0.9461344,2,162,0.0011557225,0.8163886,2,200
3,0.00027629372,1.0377922,2,35,0.007291904,1.1130588,2,55,9.4534764e-05,1.0764728,2,82,0.0,1.0661144,2,106,0.005918905,1.0695771,2,128,0.0039363476,1.0602696,2,148,0.033370163,1.1212995,2,170,0.0046054926,1.0534868,2,200
4,0.009620655,0.9986451,2,24,0.0,0.98611015,2,45,0.014737508,0.992217,2,66,0.04289444,0.94409025,2,86,0.0057697585,0.791353,2,106,0.009920987,0.8664877,2,130,0.00779161,0.6527873,2,152,0.06005545,0.6129097,2,173,0.010796528,0.5580051,2,200
5,0.0,1.0253454,2,21,0.0,1.0183337,2,41,0.007609819,1.0175323,2,61,0.0057379548,1.0587296,2,85,0.013242607,1.0037347,2,112,0.004542602,1.0444571,2,134,0.0026991526,1.0314527,2,155,0.028763546,1.0902891,2,178,0.01661349,1.0322622,2,200
6,0.004823141,0.998616,2,22,0.015973365,1.0393926,2,42,0.00417595,0.9386051,2,62,0.004926482,0.97115767,2,82,0.0,1.0149062,2,102,0.03800974,0.81193244,2,122,0.03412617,0.9330819,2,142,0.0,0.95389307,2,167,0.004348829,1.0315579,2,200
7,0.0140835475,0.9642991,2,20,0.0,0.905549,2,46,0.0,0.9906896,2,66,0.021037709,0.94994897,2,86,0.013951533,0.8448,2,106,0.025047515,0.92285526,2,127,0.0029037213,0.89289796,2,147,0.032773543,0.9735106,2,168,0.047578298,0.90136135,2,200
8,0.015726894,0.99093366,2,22,0.0012584383,0.9953278,2,42,0.010161886,1.0214115,2,65,0.021170488,0.9866271,2,85,0.0066543464,1.0115619,2,116,0.0076300837,1.0198135,2,140,0.017840246,1.0095195,2,163,0.0026536672,1.019579,2,200
9,0.011565245,0.93455267,2,20,0.0071040527,0.9652742,2,40,0.034708764,0.83442056,2,62,0.011678121,0.7727572,2,82,0.0071421983,0.5550924,2,117
10,0.0,1.0362802,2,22
11,0.006042884,0.9636592,2,22,0.009786081,0.9808474,2,43,0.007039572,0.9877161,2,63,0.019378072,0.8863881,2,83,0.017522624,0.8069468,2,114
12,0.0050334316,0.994331,2,20,0.015114955,0.98638624,3,42,0.0017008154,1.031733,2,68,0.0,1.1053236,2,90,0.0041728164,1.0648532,2,115,0.014399367,1.087037,2,135,0.02534225,1.0012356,2,155,0.0179068,1.0020456,2,175,0.020314636,0.9911595,2,200
13,0.015053591,1.0083835,2,20,0.012608099,1.0090606,2,40,0.020049622,0.8477379,2,66,0.0,0.9603041,2,86,0.04401092,0.8050393,2,107,0.0,1.1359806,2,127,0.0,0.8544936,2,147,0.0,1.026004,2,168,0.007801197,0.9096099,2,200
14,0.005253615,1.0113498,2,20,0.0021037925,1.0082462,2,40,0.0061567836,1.0417111,2,61,0.0065302555,0.9959951,2,83,0.0003512438,1.0319841,2,104,0.0042567104,1.0653844,3,124,0.0,1.0741503,3,145,0.0148019735,1.0839703,2,165,0.0013529126,1.0449274,2,200
15,0.0018267414,0.96661264,2,20,0.045405585,0.94462717,2,43,0.00037560333,0.9977277,2,67,0.0002930394,1.0329443,2,88,0.021661308,0.96986157,2,115,0.03968954,0.93731475,2,138,0.015756885,0.9130984,2,159,0.0005375365,0.89553106,2,180,0.0,0.9253603,2,200
16,0.0009850165,1.0409195,2,20,0.0004994228,1.016003,2,40,0.0,1.0291098,2,60,0.013490452,0.98209625,2,82,0.027781675,1.0002137,2,103,0.015057296,0.9500149,2,125,0.0,0.9718596,2,145,0.0,0.92843235,0,165,0.016201679,0.81152016,2,200
17,0.0005796541,1.04002,2,38,0.026485171,1.0166832,2,58,0.013579209,0.9651182,2,78,0.0046532215,0.9675133,2,99,0.0,0.9625407,2,120,0.008435255,1.048162,2,147,0.029357921,0.9530908,2,167,0.0371746,0.9344828,2,200
18,0.0027888222,1.0042791,2,21,0.03423291,1.0565268,2,41,0.0026730106,0.97687674,3,61,0.0,1.0080329,2,87,0.004934036,0.98218364,2,107,0.008638179,0.9748727,2,127,0.0042178887,0.91753244,2,147,0.007994051,0.88726306,2,169,0.09047636,0.84591496,2,200
19,0.015089384,0.9680762,2,28,0.017491039,1.0251439,2,51,0.0055484846,0.9215117,2,73,0.00705455,0.996508,2,98,0.006131488,1.038441,2,118,0.0015315824,0.9813217,2,145,0.017028734,0.9841324,2,170,0.01438019,0.9793541,2,200
20,0.008182952,1.0140729,2,44,0.0013058165,0.980832,2,65,0.0031275488,0.89824635,2,89,0.004640262,0.9358195,2,110,0.016371176,0.7791552,2,131,0.0,0.8458393,2,151,0.0,0.7993976,2,171,0.010078142,0.87161905,2,200
21,0.012891387,1.0080879,2,20,0.0072183507,0.99113065,2,40,0.00490443,1.0032618,2,61,0.011675371,0.9801396,2,81,0.000458733,0.9531077,2,101,0.011621879,0.94147694,2,121,0.014055821,0.91457874,2,141,0.0064207045,0.9846505,2,162,0.027823485,0.9162736,3,200
22,0.010338366,0.9690033,2,42
23,0.0,0.9960391,2,21,0.0034957684,0.9871882,2,41,0.0029995837,0.9846962,2,61,0.014098686,0.97515714,2,91,0.0,0.9409247,2,113,0.005140444,0.98880243,2,134,0.00097203406,0.9677129,2,154,0.0,1.0257677,3,174,0.017841918,0.9111026,2,200
24,0.010291481,1.0068252,2,21,0.0,0.99219704,2,41,0.009507061,0.8211106,2,66,0.037645247,0.72489935,0,86,0.014569938,0.78939193,2,106,0.0,0.7114071,0,129,0.008112051,0.76091874,2,149,0.035228636,0.83814555,2,169,0.022608368,0.9201652,2,200
25,0.019134467,0.95998955,2,23,0.0343629,1.0079333,2,44,0.01210245,0.9546754,2,65,0.011546857,0.9491853,2,87,0.0,0.96798897,2,110,0.0,1.0081981,2,131,0.0015981228,0.9264842,2,154,0.0,0.9707173,2,200
26,0.0050027557,1.007111,2,21,0.0005836225,0.9684001,2,41,0.028691852,0.95286506,2,63,0.009545605,0.99553514,2,90,0.0019222931,0.9935476,2,111,0.012875343,0.9233772,2,133,0.0077020554,1.0033557,2,154,0.018462531,0.9955062,2,179,0.003336032,1.0187628,0,200
27,0.013303477,0.95372444,2,22,0.012249194,0.9358411,2,51,0.003091624,0.91124785,2,71,0.031103447,0.8601347,2,91,0.034029372,0.9095164,2,113,0.057506423,0.908622,2,139,0.017793998,0.92553663,0,159,0.0069064153,0.94447404,2,179,0.0053157764,0.9494887,2,200
28,0.006086199,1.0243798,2,22,0.011707934,1.0442231,2,48,0.0011781899,0.9875145,2,71,0.020956881,0.9485696,2,98,0.0,0.9705793,2,119,0.0074116997,0.9186269,2,139,0.0013487847,1.0066662,2,161,0.006826457,1.0028062,2,200
29,0.011183416,1.0181679,2,22,0.0013956361,1.0300425,2,44,0.008938366,1.0096321,2,66,0.012877892,0.94831383,2,89,0.008603454,0.9548413,2,121,0.0,1.0114435,2,142,0.0010480214,1.0085703,2,165,0.00026737983,0.9975211,2,200
30,0.007987845,0.97966146,2,24,0.006642089,1.0593841,2,44,0.0037846006,1.010004,2,81,0.023217773,0.98432463,2,101,0.017059138,0.8064994,2,123,0.00798337,0.8895502,0,143,0.0,0.9090056,0,169,0.0013672373,0.8771522,0,200
31,0.016023148,0.9833134,2,22,0.0,0.9357557,2,42,0.017099166,0.90392935,2,62,0.027629625,0.8985798,2,82,0.0116474945,0.90237856,2,102,0.018370613,0.99608594,2,140,0.0,0.8463132,2,161,0.013707829,0.78857654,2,200
