0,0.021400819,0.93499154,2,21,0.0069165593,1.0239238,2,41,0.0,1.0378034,2,61,0.0,1.0240028,2,89,0.0035630693,1.0212784,2,110,0.008083806,1.0372078,2,133,0.0075265644,0.9965842,2,164,0.0037419365,1.030136,2,200
1,0.0035266338,0.9970865,2,26,0.008794779,0.9832896,2,47,0.023989283,0.95349044,2,67,0.006747702,0.9552602,2,88,0.0035314052,0.9235655,2,108,0.08949566,0.9774388,2,128,0.11416687,0.9056182,2,148,0.01612356,0.87086904,2,168,0.041853674,0.8961052,2,200
2,0.0226786,0.85207593,2,21,0.03016074,0.84536314,0,41,0.053478967,0.9103507,2,61,0.043066934,0.9515511,2,83,0.0,0.8927425,2,104,0.009577965,0.9590424,2,124,0.008444381,1.0405681,2,144,0.011319174,1.0216216,2,169,0.0020292953,0.9043297,2,200
3,0.003331755,0.98700845,2,20,0.0,0.9548927,2,42,0.029143555,0.9733684,0,63,0.056182474,0.9303263,2,83,0.0,0.88485384,0,103,0.0,0.81591177,3,123,0.0071914135,0.97271883,2,143,0.027562577,1.0102972,2,163,0.02319716,0.9055909,2,200
4,0.01285985,0.96820605,2,25,0.030266374,1.0569818,2,45,0.0035428572,1.0091244,2,65,0.017565489,0.98552454,2,97,0.0029343825,0.93691653,0,117,0.011601435,0.8847739,2,138,0.0117421765,0.9270243,2,159,0.0,0.62949955,2,179,0.0091231875,0.6586072,2,200
5,0.0072591417,0.9991501,2,20,0.0069931587,0.9657318,2,40,0.01433363,0.96010435,2,60,0.015018924,1.0025295,2,82,0.0010387641,1.0341486,2,103,0.011684974,0.9551491,2,126,0.0032823086,1.0241984,2,146,0.011153896,0.9725527,2,168,0.009002982,0.98549795,2,200
6,0.0054283887,1.0375112,2,20,0.0041738525,1.0560964,2,48,0.0,0.9971326,2,69,0.0,1.0677297,2,90,0.00026038397,1.0886954,2,114,0.0,1.0292035,2,134,0.014223511,1.0269377,3,154,0.011900957,1.0063789,2,174,0.008999629,0.9452169,2,200
7,0.013999979,1.0224307,2,20,0.0,1.039033,2,40,0.016676867,1.0635304,2,60,0.0,1.0331767,2,80,0.010984493,1.024688,2,102,0.018652413,1.0622522,2,122,0.0075565195,1.0465168,2,147,0.015153664,0.8848361,2,167,0.018887864,0.8821885,2,200
8,0.005446278,1.0500889,2,21,0.012713972,1.0563529,2,42,0.001881659,0.98658895,2,63,0.0,1.1313835,2,90,0.0,1.026578,2,110,0.01581026,1.0212172,2,131,0.012063333,1.0972188,2,151,0.0027441136,1.1137427,2,171,0.0,1.0321532,0,200
9,0.008496461,0.9868452,2,20,0.023115436,0.96989715,2,40,0.0028452617,0.9210159,2,60,0.007938829,0.8578413,2,80,0.008471226,1.0398464,2,100,0.0042732055,1.0039647,2,122,0.008739967,0.99020433,2,146,0.020517804,0.928455,2,169,0.0050519537,1.0225054,2,200
10,2.170941e-05,0.9736007,2,20,0.0010163145,1.0083258,2,40,0.0020812838,0.95521486,2,60,0.0068956628,0.8923238,2,80,6.3483916e-05,1.0093657,2,101,0.004654934,1.0543201,2,121,0.0019421603,0.9228632,2,141,0.0392134,0.905124,0,162,0.039087005,0.9536426,2,200
11,0.00060558424,1.0126587,2,21,0.0017637158,0.99731266,2,41,0.012877141,0.9917185,2,65,0.012165368,0.9972862,2,87,0.0011651414,1.0257903,2,109,0.012327875,0.9740991,2,133,0.0,0.96590024,2,153,0.004579657,1.0624785,2,178,0.0015723702,1.0018357,2,200
12,0.0,0.97087806,2,24,0.009183481,0.950607,2,44,0.009934245,1.0877879,0,65,0.0059802136,0.88994443,3,86,0.0,0.8396064,2,106,0.0029799717,0.84732836,2,126,0.0,0.58683443,2,149,0.0,0.3487682,1,169,0.0017279688,0.5691184,2,200
13,0.009403419,0.98156166,2,20,0.021728052,0.98607194,2,42,0.0,1.0307643,2,65,0.0,0.9890865,2,85,0.013712531,0.97474307,2,107,0.011156574,0.9884949,2,127,0.0105373245,0.95564485,2,153,0.006219004,0.9817983,2,174,0.01154756,0.9336243,2,200
14,0.00048986234,1.0412549,2,32,0.0028401122,0.9716373,2,59,0.0,0.9367081,2,80,0.0,0.956778,2,104,0.0,0.97231376,2,125,0.0,0.9913082,2,145,0.005275705,0.9237362,2,165,0.0,0.9236765,2,200
15,0.0013257315,0.99458164,2,22,0.025599817,0.9933599,2,42,0.020038674,0.92115,2,62,0.009979828,1.0084265,2,85,0.02002605,0.9290577,2,105,0.012732195,0.9516177,3,125,0.026677776,0.9459177,2,145,0.094092876,0.8196252,2,165,0.009172421,0.9098472,2,200
16,0.0,1.0165217,2,21,0.04044203,0.98684794,2,42,0.0044554095,0.9183858,2,63,0.0045181126,0.9888971,3,86,0.041016348,0.9302619,2,106,0.0056584952,0.97661465,0,127,0.015398432,0.8812957,0,148,0.03426321,0.9100199,2,168,0.034855597,0.6471278,2,200
17,0.004786068,1.0380384,2,20,0.0074909395,0.9693856,2,40,0.024034651,0.8923692,2,66,0.0,0.9938016,2,87,0.009013372,1.065311,2,111,0.0,1.0589753,2,132,0.0,1.0730509,0,156,0.0049501867,1.0561789,3,176,0.0,0.9649126,2,200
18,0.0019035065,0.9836846,2,44,0.0190879,0.85223025,2,64,0.0,1.0040752,2,84,0.016997386,0.94003785,2,104,0.0022976436,0.79323626,0,124,0.0,0.50357753,2,144,0.0020826044,0.5242069,0,166,0.006316895,0.56225693,0,200
19,0.016146276,0.9364117,2,20,0.0,0.90373814,2,40,0.0,0.92200315,2,60,0.0008048431,0.8734428,0,91
20,0.01080383,0.9517709,2,21,0.009955508,1.0451032,2,46
21,0.007501794,1.0067527,2,25,0.007974719,1.0142362,2,45,0.014927871,1.0625076,2,76
