0,0.0038061864,0.928743,2,20,0.020684231,1.0516835,2,41,0.001892986,1.0820655,2,64,0.0037197038,1.042252,0,84,0.023140427,1.006116,2,104,0.016268902,0.9355544,2,125,0.0,1.0272847,2,145,0.013250242,0.9831219,2,168,0.0,0.9393347,2,200
1,0.0035752312,1.0527593,2,20,0.017935202,0.99770284,2,45,0.023983803,0.94233423,2,68,0.035400692,0.96739113,2,93,0.010077628,0.9515638,3,114,0.011353309,0.90756625,2,134,0.0,0.8264,2,154,0.0,0.6298469,2,174,0.02055854,0.6909545,1,200
2,0.0,1.0207158,2,22,0.0028184007,0.9912957,3,43,0.015159937,0.9965097,2,64,0.0115890205,0.97206205,2,87,0.0015259869,0.9058391,2,108,0.010653237,0.9014627,2,129,0.044935096,0.93846035,2,149,0.02038474,0.9443533,0,169,0.040903788,0.9209439,2,200
3,0.0,0.98975974,2,20,0.008452171,0.97988963,2,44,0.024134012,0.9991461,2,66
4,0.009014284,0.92391145,2,20,0.0,0.9644194,2,41,0.016613286,0.8684432,2,61,0.0,0.6288068,3,81,0.0,0.49576193,2,101,0.0,0.3509593,0,125,0.0,0.38461545,0,145,0.0,0.72664225,2,165,0.0,0.82433987,2,200
5,0.0,1.0494049,2,20,0.0,1.0061291,2,40,0.010824996,0.9558772,2,60,0.0,0.9283519,2,80,0.009069161,0.98022157,2,103,0.0,0.9987133,2,125,0.0034547427,0.92868006,2,147,0.005173988,0.9486393,2,167,0.011726425,0.9877589,2,200
6,0.0,0.97714984,2,20,0.0074630594,1.0500741,2,41,0.018512001,0.8700794,2,62,0.015378744,0.834771,2,87,0.024577007,0.8028806,0,107,0.0,0.8794561,2,128,0.0,0.8920986,2,148,0.021982145,0.98182243,2,170,0.005356417,0.9698393,2,200
7,0.007558687,0.9850403,2,21,0.0035237698,0.929958,2,42,0.005150733,0.95897496,2,63,0.015699884,0.99555,2,87,0.011053938,0.79288405,2,107,0.0,0.8543397,2,127,0.004180183,0.97829497,3,147,0.012843035,0.8593846,2,171,0.044290185,0.8758609,2,200
8,0.0015435439,1.014047,2,24,0.014893209,0.97204196,2,45,0.019144908,0.9714598,2,79,0.004613792,0.9372417,2,100,0.0,0.92805207,2,120,0.03168229,0.9215946,2,140,0.0,0.7290982,2,160,0.010685149,0.7892237,2,180,0.024003258,0.84701,2,200
9,0.01323042,0.97399825,2,35,0.0035981764,0.92904854,2,65,0.03184929,0.9544544,2,88,0.006818146,0.92958874,2,111,0.009948438,0.9741193,2,131,0.015007029,0.9513906,2,151,0.037574958,0.9048419,2,171,0.03529369,0.8759052,0,200
10,0.0026860149,0.97453547,2,20,0.0053594275,1.0256252,2,41,0.018615652,0.8308829,2,61,0.0065101027,0.9941893,2,86,0.0032239659,1.0380465,2,108,0.0,0.98217726,2,128,0.009749966,1.0209405,2,148,0.0,1.0920558,2,168,0.026035396,0.9057474,2,200
11,0.022108577,1.0054122,2,22,0.0,0.8684364,2,44,0.0,0.9375698,2,64,0.0,0.94216746,2,84,0.02194937,0.87081987,2,107,0.013370304,0.5255779,0,130,0.0,0.6961327,0,150,0.0,0.61785,0,171,0.024186095,0.5490908,0,200
12,0.01048661,0.94699186,2,21,0.004626701,0.9765223,2,41,0.020767007,0.8834461,2,61,0.005167254,0.9745149,2,83,0.00482862,0.9442072,2,103,0.0071469205,1.0574741,2,127,0.0017347976,1.0268502,3,147,0.014890416,0.9227146,2,167,0.005525154,1.003977,2,200
13,0.0,1.0010041,2,22,0.0012709594,1.0651397,2,50,0.017911037,0.98965096,2,73,0.001990542,1.0335169,2,95,0.0058393003,1.0307175,2,125,0.003201467,1.0406467,2,147,0.018784247,0.9661053,2,169,0.008995018,0.9460965,2,200
14,0.0051681455,0.9869821,2,22,0.038725782,0.9345925,2,44,0.058324575,0.8534273,2,64,0.019919472,0.9031164,2,86,0.00921269,0.9347157,2,108,0.022790506,0.911774,2,129,0.0049646334,1.0029018,2,154,0.0013549728,0.9833613,2,200
15,0.0068367408,1.0477742,2,23,0.04686859,0.9390851,2,49,0.0,1.0380144,2,70,0.007776422,1.0425729,2,98,0.001212219,1.0970219,2,118,0.013344419,1.0545355,2,142,0.0061363745,1.0821911,3,165,0.0044970727,0.9611532,3,200
16,0.0102451155,0.98333275,2,25,0.004343128,0.9107546,2,46,0.032160264,0.923674,2,68,0.0050084824,1.0031255,2,89,0.009401775,1.0056565,2,113,0.027331347,0.91489726,2,134,0.0014451009,1.0023959,2,154,0.0135812415,0.95747787,2,174,0.0036113274,1.0146557,2,200
17,0.0096482225,1.0272447,2,22,0.0066299685,1.0172999,2,46,0.007664917,0.989335,2,81,0.009444064,1.0220785,2,102,0.00097393943,1.077481,2,122,0.0035423718,0.9733132,2,142,0.011783762,1.0485294,2,162,0.01600988,1.0150859,2,200
18,0.0049336553,1.000507,2,22,0.00013329905,1.0335087,2,43,0.0,1.0472373,2,68,0.023965625,0.8871391,2,89,0.0,1.0122415,2,111,0.00728041,0.94838995,2,137,0.0005278352,0.8796924,2,158,0.061603386,0.8870007,2,178,0.03263007,0.88605595,0,200
19,0.0,1.0271952,2,21,0.001965466,1.0217286,2,43,0.003934462,1.0027235,3,68,0.0028711632,1.0034,2,89,0.0,0.9660487,2,109,0.0,1.0151807,2,129,0.0048910338,0.94992155,2,154,0.0,0.99677306,2,179,0.0063690273,0.98230416,2,200
20,0.0051663322,1.0188203,2,22,0.0,0.9919669,2,45,0.01496773,0.98411494,2,65,0.0026658552,0.98911595,2,92,0.036534198,0.9013084,2,112,0.01839635,0.916465,2,137,0.0,0.9260808,2,157,0.0,1.0183208,2,177,0.036398116,1.0162786,2,200
21,0.0061100414,1.0361803,2,20,0.020590773,0.9870343,2,40,0.0,0.9495582,2,62,0.0,0.918748,2,82,0.0,0.9323245,2,102,0.0079935,0.9919138,2,124,0.021349052,0.992216,2,144,0.01941314,1.0008979,2,167,0.015771357,1.0371372,2,200
22,0.019549554,1.0293895,2,22,0.0,1.0031683,2,42,0.015680933,1.0229473,2,62,0.00012059752,0.9898267,2,82,0.006401651,0.9229523,2,104,0.010610584,0.9446874,2,126,0.0023803886,0.92671704,2,155,0.035914518,0.92260665,2,178,0.03924748,0.8273296,2,200
23,0.0,0.9752714,2,20,0.014086371,0.9711375,2,40,0.00034441473,0.93974745,2,60,0.0035804326,0.9970794,2,88,0.0,0.9813107,2,108,0.0,1.0341437,2,128,0.025410486,0.96153045,2,162,0.01362992,0.96941495,2,200
24,0.0035886082,0.96868795,2,21,0.010230463,1.011145,2,43,0.0070905946,1.0724988,2,63,0.008029991,1.0129853,2,91,0.0,1.0371109,2,111,0.00016648145,1.038522,2,131,0.00991314,1.0284327,2,155,0.023442099,1.0025237,2,176,0.0057217665,1.0688838,2,200
25,0.0021985585,1.022188,2,22,0.0013373396,0.9917404,2,51,0.0148952,0.9711653,2,84,0.0040455284,1.0426413,2,105,0.0014496346,1.0048001,2,125,0.010168224,0.96895224,2,150,0.033406876,0.99764156,2,170,0.0028073792,1.0461384,2,200
26,0.0014751775,0.9555816,2,31,0.014907237,0.91923845,2,53,0.004025007,1.0224613,2,73,0.027925804,1.0132043,2,94,0.0,1.0311762,2,118,0.009319954,1.0312734,2,139,0.0,0.9824072,2,159,0.059649386,0.8796552,2,179,0.011321074,0.9821494,2,200
27,0.02731128,0.9231456,2,20,0.0026868586,0.9647843,2,46,0.0023608853,0.9683267,2,66,0.0038435974,0.78429735,2,88,0.00062569,0.78452766,2,113,0.013415014,0.85967064,3,133,0.0,0.8054779,2,153,0.0,0.79360974,3,174,0.016561972,0.6091387,2,200
28,0.0,0.9977306,2,20,0.007456578,1.0149246,2,41,0.002655593,0.9649988,2,62,0.006251152,0.9613032,2,84,0.0,0.9419047,2,108,0.005843611,1.0024292,3,128,0.009471083,0.9289783,2,149,0.013413656,0.96832675,2,169,0.014461019,0.9249922,2,200
29,0.026043981,0.9778575,2,20,0.0,1.0534472,3,45,0.004793989,0.9604331,2,65,0.0,1.0007284,2,85,0.0,0.9782556,2,105,0.023053935,0.9959901,2,126,0.017669745,1.0003812,2,147,0.021905513,1.0631368,2,170,0.041189566,0.93995744,2,200
30,0.0,0.9415634,2,22,0.0070307157,0.9528904,2,49,0.018242775,0.9265697,2,71,0.0,1.0160528,2,91,0.0,1.0189146,2,111,0.021902524,0.95022327,2,135,0.018661642,0.9471531,2,156,0.0030977004,0.99399453,2,176,0.009191356,0.9979925,2,200
31,0.0016857862,0.96642745,2,26,0.0,0.92620534,2,46,0.0,0.8439352,2,66,0.0,0.97131425,2,86,0.0,0.8807171,2,106,0.0,0.91159046,2,126,0.0,0.8751178,2,147,0.0,0.8778906,2,167,0.003190694,0.9078195,2,200
32,0.0022534237,1.0486295,2,20,0.0010981789,0.9920969,2,40,0.0031241167,0.9842904,2,61,0.0036047897,1.0557408,2,87,0.0,1.0974348,2,107,0.0027136537,1.0853631,2,127,0.01055344,1.0147318,2,153,0.031292625,0.9030064,2,173,0.005680716,0.8278595,2,200
33,0.001337869,0.98627305,2,22,0.0031786074,1.0220057,2,50,0.0036131595,0.99960256,2,71,0.010436963,1.1120999,2,91,0.0,1.0649991,2,112,0.0023214484,1.0092125,2,136,0.0,1.0327659,2,156,0.01678198,0.98281175,2,178,0.0004233359,1.0427909,2,200
34,0.0,0.94478023,2,20,0.0038547914,0.9176831,2,41,0.010408948,0.72228676,0,61,0.025356015,0.92920494,0,82,0.012292845,0.8026205,2,103,0.0,0.51530516,1,123,0.024309348,0.5705144,2,145,0.09595616,0.37438235,0,165,0.066248305,0.25165415,2,200
35,0.013909211,0.8880253,2,20,0.0,0.7175063,2,40,0.0,0.90812284,2,61,0.0,0.7811043,2,83,0.0,0.83727443,2,104,0.0,0.7136401,2,124,0.0,0.73293865,2,145,0.009693168,0.3035083,1,168,0.0011626396,0.28440112,1,200
36,0.0,0.9718998,2,20,0.0073218746,0.99201286,2,40,0.02507083,0.9544575,2,65,0.010386293,0.9180673,2,85,0.028427133,1.0289496,3,105,0.0,1.0857581,3,127,0.00204373,1.0490906,2,147,0.014902135,0.95159817,2,167,0.001301678,0.985759,2,200
37,0.006083365,0.9606594,2,21,0.0035929757,0.97995895,2,48,0.014511013,1.0550851,2,68,0.0031982525,1.0221262,2,88,0.0,1.0051128,2,108,0.011456256,0.9318224,2,128,0.029897237,0.87737745,2,150,0.00077308854,0.9142501,2,174,0.019029181,0.8964929,2,200
38,0.00791329,0.987833,2,21,0.022261128,0.94718254,2,41,0.037871797,0.94147635,2,61,0.03475585,0.90207624,2,81,0.036151685,0.9047968,2,101,0.004511978,0.930563,2,125,0.013477859,0.9527527,2,145,0.034060884,0.9602312,3,165,0.056069374,0.9040886,2,200
39,0.00092646264,1.0094907,2,20,0.006401334,0.97029495,2,40,0.0061457357,0.9317476,2,60,0.021919588,0.9053675,2,80,0.022886962,0.93724686,2,102,0.022030288,0.8853213,2,123,0.0,0.94779515,2,144,0.0,0.9499186,0,164,0.023974085,0.6371797,2,200
40,0.0,1.0169836,2,20,0.01176005,0.98872983,2,40,0.046020214,0.92761636,2,69,0.033128045,0.9267866,2,90,0.00081774394,0.9319913,2,111,0.0,0.980177,2,140,0.0,0.92423975,2,168,0.015073299,0.9015391,2,200
41,0.0040384713,0.9963843,2,21,0.0018765281,1.0703838,2,54,0.0049851644,1.020587,2,74,0.005972308,0.86712074,2,95,0.0,0.84622395,2,115,0.012939404,0.94586104,0,135,0.0,0.9261829,2,158,0.0,1.0506178,2,200
42,0.010222552,0.9917064,2,20,0.0,1.0073322,2,40,0.0,0.936353,2,64,0.025279071,0.84416217,2,84,0.005218643,0.916236,0,106,0.0,0.98952204,2,127,0.0,1.0724368,2,147,0.025304694,0.9354412,2,169,0.039093103,0.7203954,2,200
43,0.007610611,1.0453789,2,22,0.0034891036,1.0089259,2,55,0.007103522,0.99142647,2,76,0.00623745,0.96465075,2,96,0.016322002,0.92155343,2,118,0.02624353,0.926489,2,139,0.009476449,1.0630963,2,162,0.01831465,0.9110561,3,200
