0,0.0034443093,0.9870532,2,21,0.0077774497,0.8962351,2,41,0.0,0.81411225,2,62,0.0041519245,0.9319356,2,83,0.02050231,0.9482706,2,103,0.040037096,1.0315182,3,124,0.021078305,0.9323759,2,146,0.005191262,0.8812105,2,166,0.034593973,0.8628238,2,200
1,0.0060456623,0.9778153,2,23,0.031198358,0.9614802,2,45,0.0023730467,1.0003232,2,65,0.0052705742,0.97810507,2,88,0.010230199,1.0168508,3,109,0.002679719,0.8781811,2,129,0.0,0.8717214,2,149,0.0019085144,0.7588179,2,169,0.015734253,0.8717702,2,200
2,0.0057050483,1.0012591,2,22,0.0007692027,0.99955034,2,61,0.0044267406,0.885174,0,82,0.017866107,0.96887404,2,114,0.0036417425,0.9183878,2,134,0.011452057,1.0510541,2,162,0.017337887,0.9561677,2,200
3,0.009831201,1.0314459,2,24,0.0,1.0125123,2,45,0.01078534,0.9385828,2,71,0.0,1.0119178,2,91,0.0017212328,1.0680308,2,111,0.040459525,1.0054979,2,132,0.010224974,1.1075312,2,153,0.005702999,1.0662515,2,200
4,0.030089173,0.97076845,2,20,0.0024185237,0.9989314,2,58,0.011605909,1.0491595,2,81,0.022257693,0.9252944,2,101,0.00035023148,0.9680681,2,123,0.012926664,0.8773479,2,159,0.001064164,0.9480197,2,179,0.009920011,0.9798266,3,200
5,0.0025882958,0.93294466,2,23,0.0,0.88384783,0,44,0.0,0.921191,0,65,0.015103112,1.0354912,2,85,0.015093562,0.96601564,2,105,0.0054057273,0.9521485,2,128,0.009222288,1.06111,2,154,0.0013071494,1.0225103,2,175,0.004430392,1.0221703,2,200
6,0.0040667146,0.9567607,2,20,0.06820129,0.91183025,2,40,0.015146591,0.97042924,2,60,0.0071390974,0.9568392,2,82,0.027052902,0.9386088,2,103,0.020486278,0.94974566,2,124,0.010320813,0.63918144,3,145,0.0,0.7000525,2,168,0.0,1.0308648,2,200
7,0.010404182,0.9832995,2,29,0.0069676563,0.98647076,2,51,0.0,1.0095364,2,80,0.0,0.94180137,2,100,0.018683072,0.92214453,2,120,0.0,1.0339236,2,145,0.008896807,0.9878411,2,165,0.00032597999,1.0068507,2,200
8,0.012507593,0.9919893,2,20,0.0214701,0.9730884,2,41,0.02445601,0.91620135,2,73,0.0117803905,0.97955257,2,93,0.009056806,0.96408993,2,115,0.034255277,0.9090211,2,135,0.008502419,0.96247506,2,157,0.038734406,0.9084958,2,180,0.03533739,0.81335914,2,200
9,0.00096892787,1.0635431,2,20,0.008420578,1.0163494,2,42,0.019254556,0.99078333,2,62,0.0,0.9300289,2,82,0.0021266197,0.96911085,2,103,0.0,0.8869766,2,132,0.0,0.75911576,2,152,0.0,0.7887399,2,172,0.0036721306,0.83734334,2,200
10,0.0058593373,0.98179626,2,26,0.002008456,0.9430275,2,46,0.0119788,0.9993839,2,67,0.025774678,0.9774423,2,88,0.024053311,0.9356672,2,125,0.03511705,0.9611984,2,147,0.009008813,1.0483671,2,168,0.013801678,1.0117568,2,200
11,0.0129284,1.0225153,2,27,0.010868641,0.9931692,2,53,0.013051955,1.0207989,3,73,0.012689498,1.0135714,2,108,0.0,0.9117971,2,132,0.0,0.9745995,2,153,0.02553432,1.0074408,2,173,0.015749747,0.98292804,2,200
12,0.0053824135,0.97829735,2,28,0.034848243,0.91345644,2,49,0.035909735,0.94669056,2,69,0.014348934,0.9313936,2,89,0.00079581933,0.9323266,2,109,0.014594208,0.88341874,0,130,0.0010304343,0.77131003,2,150,0.0,0.88288224,2,170,0.027463026,0.8954292,2,200
13,0.0038020662,1.0510147,2,20,0.019336144,1.0065681,2,50,0.015652992,0.9478568,2,71,0.01565924,0.9535228,2,91,0.030861478,0.98218757,2,111,0.024692792,1.0182354,2,131,0.0008808261,1.0309705,2,151,0.00226262,1.0019643,2,172,0.008287839,0.9255498,2,200
14,0.02786532,0.92000806,2,20,0.0,0.9621736,2,41,0.0076185716,1.07358,2,61,0.012742721,1.0047282,2,84,0.0023105287,1.0112243,2,104,0.0070496686,1.0177965,2,125,0.0,0.94485444,2,146,0.0017652875,0.9860328,2,166,0.01088769,0.9870084,2,200
15,0.0005739967,0.9390856,2,20,0.0,0.9142278,2,40,0.013079288,0.99265337,2,61,0.023196483,0.9418259,2,86,0.018381944,0.96065694,2,110,0.011111786,0.9385941,2,134,0.010964039,0.95928603,2,159,0.0040094946,0.98324376,2,179,5.1364746e-05,1.027358,2,200
16,4.8361904e-05,0.97837037,2,20,0.0017216582,0.897119,2,41,0.051744502,0.9799054,2,62,0.039552607,0.911796,2,84,0.026325189,0.77700853,2,105,0.0029107658,0.71822494,2,125,0.0,0.8060047,2,145,0.015107754,0.8693837,3,165,0.04018074,0.7495823,2,200
17,0.013569474,1.035379,2,20,0.0054109218,0.9674525,2,40,0.033992995,0.91730136,2,60,0.021320397,0.9493082,2,80,0.024556207,0.93263197,2,100,0.0019329045,1.0410411,2,124,0.0,0.9867166,2,144,0.00089095195,1.0601616,2,164,0.02540899,0.93675953,2,200
18,0.0009005608,1.0298597,2,20,0.0069847545,1.065782,3,40,0.0017104135,1.0505327,2,61,0.00021113921,1.0267422,2,83,0.060371254,0.92972964,2,106,0.026803488,0.90054303,2,129,0.0035779227,1.0215484,2,149,0.018202398,0.857376,3,169,0.026561068,0.9286066,2,200
19,0.0053300536,1.0634738,2,20,0.0,1.0018533,2,40,0.02139257,0.9581606,2,63,0.0071777003,1.0573916,2,85,0.002207758,0.95947963,2,105,0.008480692,0.991351,2,125,0.01004542,0.8756522,2,145,0.04277152,0.84209204,2,165,0.015023109,1.0799936,2,200
20,0.010381587,1.0202132,2,21,0.0,1.0134935,2,42,0.018581469,1.0174755,2,62,0.007473091,0.9646305,2,82,0.026949788,0.9643358,2,102,0.0016094923,0.97416705,2,123,0.0073932917,0.98240626,2,143,0.0059475834,0.99979645,2,164,0.0024194876,1.0630565,2,200
21,0.013764097,0.963315,2,30,0.008894464,1.0155231,2,52,0.030523721,0.96940106,2,80,0.026097445,0.9891501,2,101,0.0061497595,0.9708996,0,123,0.0024909712,0.97380704,2,160
22,0.0140792355,0.9510463,2,24,0.008554108,0.989306,2,44,0.03239245,0.8998594,2,64,0.0108095,0.8955378,3,86,0.009716407,0.9080964,2,108,0.0083214585,0.97393286,2,128,0.0049107797,1.004431,2,149,0.0,0.97069204,2,169,0.014446941,1.060163,2,200
23,0.0020462202,1.0234789,2,22,0.0,1.0711769,2,42,0.0,1.027403,2,64,0.021952309,1.0338211,2,86,0.0142791215,0.99400693,2,107,0.011989884,1.0212297,2,134,0.009061152,1.001017,2,157,0.009706113,1.0063204,2,178,0.0,0.9959253,2,200
24,0.0,1.0343754,2,20,0.013934381,0.93401736,2,41,0.022950765,0.90321493,2,61,0.01457856,0.9732033,2,81,0.0038319256,0.9971611,2,105,0.0,0.82417387,2,126,0.010840553,0.9056964,2,146,0.012716765,0.9142393,2,177,0.041452605,0.8599639,2,200
25,0.0063806386,1.0147529,2,22,0.0017241983,0.9678557,2,45,0.0031219614,0.9104064,2,65,7.7280405e-05,0.9009794,2,85,0.01099576,0.803918,2,105,0.008919094,0.9699118,2,127,0.036638472,0.8335313,2,148,0.0059967106,0.8538858,2,168,0.009199559,0.7639819,2,200
26,0.05026337,0.896497,2,21,0.0536696,0.8043537,2,41,0.010309488,0.77830786,0,62,0.042252995,0.4294372,0,83,0.0,0.40695766,0,111,0.0,0.23944065,2,131,0.0008693871,0.45881897,2,151,0.0,0.63008136,1,175,0.010368001,0.579021,2,200
27,0.014917952,1.0268053,2,24,0.0033816854,1.0156913,2,46,0.0029617029,1.0463927,2,73,0.012447463,1.011859,2,100,0.0,0.9971971,2,122,0.024264773,0.9441948,2,143,0.06805459,0.93323165,2,163,0.03322238,0.927622,2,200
28,0.0,0.9917402,2,20,0.026971001,0.9474677,2,40,0.062775165,0.94379103,3,60,0.034612123,0.9499629,2,80,0.018747585,0.81745195,2,104,0.0,0.7551515,2,129,0.0,0.8722319,2,151,0.004228827,0.6989183,2,173,0.050390128,0.63559645,0,200
29,0.0,1.0158926,2,22,0.016086135,1.0165449,2,43,0.017977914,0.92489773,2,71,0.0027783408,0.91149473,2,91,0.0,0.8606938,2,111,0.0,0.9605313,2,133,0.09607649,0.9052967,2,153,0.00023373729,1.0628349,2,173,0.019263053,0.9438432,2,200
30,0.006649737,1.0016702,2,22,0.018278044,1.0195884,2,45,0.029206216,1.0814471,2,67,0.003698097,1.0538222,2,88,0.0008579718,1.107461,2,109,0.02706902,0.92936707,2,133,0.012457575,0.95575565,2,160,0.020778771,0.98870075,2,180,0.0191538,0.7946321,2,200
31,0.0053108605,1.0432601,2,22,0.0,0.9873005,2,42,0.010073503,0.96673214,2,63,0.034833297,0.8944866,2,87,0.0076510543,1.0594574,3,107,0.0028526408,1.0631784,2,127,0.00175923,1.0064598,2,155,0.0,1.0654213,2,175,0.0034912378,0.97845703,2,200
32,0.009174041,1.0018859,2,27
33,0.003938951,0.9342392,2,20,0.025070202,0.9066585,2,41,0.03312845,0.8565453,0,64,0.031990606,0.92278457,0,98
34,0.025923219,0.9006791,2,20,0.0070062294,1.0174257,2,40,0.010226241,0.9440052,2,60,0.0055683316,0.7119692,2,83,0.03138915,0.64491427,2,107,0.03338959,0.8302453,2,127,0.039812993,0.61680835,2,149,0.05636524,0.6678203,2,170,0.012785687,0.86226285,2,200
35,0.009790996,0.9611779,2,23,0.0014084938,0.9139173,2,46,0.004425112,0.86080706,2,66,0.0,0.65612656,2,88,0.0,0.5537955,0,108,0.0,0.35078755,1,128,0.0,0.27229148,2,148,0.0,0.18307799,0,168,0.007195684,0.5396828,0,200
