0,0.036542576,0.97501683,2,22,0.008720831,0.9948942,2,45,0.0,1.0130081,2,66,0.02226398,0.9785567,2,105,0.042809952,0.81629163,2,126,0.0,0.97841245,2,150,0.0018669686,0.9384708,2,173,0.057038043,0.9980225,2,200
1,0.0062610125,0.99390364,2,23,0.0,1.0514379,2,43,0.0075626476,1.0392356,2,66,0.01856031,1.0007986,2,93,0.00024775797,1.0118085,2,116,0.024247665,0.9842627,2,141,0.026933262,0.99139273,2,161,0.040767442,0.92655367,2,200
2,0.0016570082,1.0226313,2,24,0.012314015,1.0554876,0,46,0.018368268,0.9840325,2,66,0.009020768,0.9686234,2,87,0.0034296706,0.9982975,2,107,0.0,0.83095586,2,127,0.0,0.6759631,0,148,0.0,0.6081114,2,169,0.011698389,0.73017997,2,200
3,0.020978948,1.0202527,2,20,0.052438814,0.8805331,2,40,0.031925544,0.90363777,2,61,0.040730108,0.6762562,1,81,0.0,0.53906536,0,101,0.0,0.3689408,0,121,0.0,0.23374574,1,141,0.23674624,0.20016861,0,162,0.09623768,0.27699697,2,200
4,0.0020554257,1.0415121,2,20,0.012130618,0.99537057,2,48,0.0027083396,0.96565926,2,68,0.011717954,0.8639917,2,89,0.008438632,0.84206444,2,114,0.0,0.7906595,2,135,0.0,0.47056714,0,155,0.0,0.39226785,2,175,0.0037582743,0.73764175,1,200
5,0.0,1.0033559,2,22,0.006947443,1.014041,2,42,0.012202467,0.9923423,2,62,0.0,0.9834135,3,82,0.026645169,1.028046,2,102,0.022946574,0.9664749,2,124,0.0032575577,0.9894948,2,145,0.012199141,1.0789295,2,166,0.0034626066,0.91849434,2,200
6,0.00031993157,1.0130268,2,22,0.0,1.0112723,2,42,0.00035465305,1.0130727,2,62,0.006095699,0.9678442,2,83,0.0031180591,0.9490283,2,103,0.0,0.91041195,2,123,0.0,0.83258104,2,144,0.004222647,0.9503643,3,164,0.03998775,0.95264024,2,200
7,0.01000613,0.9876776,2,20,0.0,0.9774343,2,40,0.004060508,1.0409206,2,63,0.008960524,1.0476427,2,90,0.0051834993,1.0372864,2,110,0.004791058,1.001265,2,136,0.024891002,1.0798753,2,157,0.0057992465,1.0287272,2,178,0.0075428304,1.0420834,2,200
8,0.016272089,1.0555675,2,23,0.0049197427,0.97672284,2,43,0.022324711,1.0039704,2,64,0.01847681,0.9805514,2,84,0.019407956,0.9063076,2,111,0.003693299,0.9700464,2,131,0.0003484237,0.9307402,2,151,0.00037864913,0.6954582,2,175,0.0,0.5385469,2,200
9,0.0080851,0.9702777,2,22,0.023723438,1.0050865,2,42,0.0004069133,0.9684754,2,68,0.008750668,1.037033,2,88,0.012667328,0.925465,2,108,0.022605661,1.004966,2,128,0.0,0.9301123,2,149,0.0053266287,0.84570265,2,169,0.033607297,0.9117838,2,200
10,0.0044233035,1.0180974,2,30,0.006002301,0.93077743,2,50,0.0018808149,1.0104455,2,74,0.0,0.96215576,2,96,0.0035569703,0.9033952,2,117,0.0018876415,0.84495175,2,137,0.00087927625,0.92572224,2,157,0.03110196,0.8853806,2,177,0.037755255,0.8983896,2,200
11,0.0,0.98290926,2,21,0.008050281,1.0204275,2,41,0.009751418,1.0846543,2,67,0.0016760108,0.94263273,2,89,0.027028844,0.9842175,2,110,0.0,0.95999324,2,131,0.008461566,0.9594927,2,151,0.0414521,0.7902802,2,174,0.023001153,0.8027986,2,200
12,0.021660827,1.0243163,2,22,0.036196698,1.0092207,2,43,0.0011290353,0.9656143,2,63,0.040921547,0.8979109,2,83,0.0,0.87517965,2,104,0.0,0.911643,2,124,0.0,0.89865065,0,144,0.0,0.8788028,2,167,0.0063750125,0.72352856,0,200
13,0.008462236,1.030561,2,23,0.02168637,0.94620675,2,44,0.045755886,0.87766933,2,64,0.039877392,0.7789489,2,84,0.02341727,0.9103543,2,104,0.007983485,0.8296564,2,129,0.0009211481,0.86131185,2,150,0.0045128185,0.6791571,0,175,0.012665976,0.55977607,2,200
14,0.0,0.9874896,2,20,0.018035786,1.0601536,2,53,0.0,1.0398703,2,74,0.0023392506,1.0394601,2,105,0.0033207827,1.0245937,2,126,0.013657523,0.93230927,2,146,0.0013759584,1.023047,2,171,0.0010237929,1.0237024,2,200
15,0.008031745,1.0221149,2,21,0.00743373,1.0476257,2,41,0.013043342,0.89938647,2,62,0.019027118,0.9706083,2,83,0.009570534,0.9638243,2,107,0.0,0.9335402,2,127,0.0,0.9457323,2,147,0.028760608,0.80291736,2,168,0.03457685,0.63080704,2,200
16,0.0,0.9501909,2,22,0.00012327252,1.0118428,2,50,0.013329694,1.0280707,2,70,0.0028290614,1.0367141,2,90,0.01151108,1.08329,2,110,0.0,0.9634938,2,137,0.02679548,0.97548455,2,158,0.0028302881,1.049954,2,178,0.002606781,1.032433,2,200
17,0.0033307597,1.0052701,2,20,0.001529057,1.0175968,2,43,0.002190264,1.0040882,2,63,0.014561894,0.9429027,2,83,0.009391223,0.8118718,2,104,0.046512406,0.96017057,2,125,0.06605067,0.8698869,2,145,0.008950205,0.88725954,2,167,0.026883012,0.926831,2,200
18,0.007904154,0.9822478,2,20,0.0,1.023245,2,54
19,0.008038975,1.0093733,2,21,0.006050243,0.9531881,2,41,0.0037870733,0.9787979,2,62,0.0057456084,1.0523509,3,83,0.0,1.0297124,2,103,0.01786527,1.0036504,2,123,0.0038065843,1.0751816,2,145,0.007392968,1.0466126,2,165,0.007622286,0.97088426,2,200
20,0.010282362,1.0179591,2,20,0.008437534,0.9526408,2,43,0.003983859,1.0168588,2,63,0.0069675175,1.005581,2,95,0.0012605642,1.1191297,2,117,0.0053329472,0.98775524,2,139,0.023329316,0.91912174,2,159,0.011786935,0.9000063,2,179,0.019009527,0.7572648,2,200
21,0.0060184584,1.030555,2,20,0.0,0.96807534,2,45,0.0011053284,0.99958134,2,65,0.0,1.0251396,2,85,0.005691402,1.0257453,2,109,0.0,1.0653268,2,133,0.0,1.0050229,2,155,0.0,1.0215267,2,176,0.021213576,0.74009305,2,200
22,0.004633501,1.0598093,2,22,0.013188114,1.0656455,2,47,0.01183994,1.0057387,2,67,0.0043674707,1.0508144,2,88,0.038074747,0.9975441,2,108,0.033940338,1.0125421,2,129,0.0015952841,0.94935584,2,151,0.008829149,0.99086344,2,174,0.00075994397,1.0209248,2,200
23,0.031053314,0.95824784,2,20,0.0054742005,0.9730027,2,42,0.0,0.8711608,2,62,0.0,0.92167985,2,82,0.0,0.9634522,2,103,0.0,0.6941169,0,123,0.0,0.85675675,2,144,0.0062915212,0.8798211,2,165,0.0071001374,0.94052756,2,200
24,0.0,1.0796002,2,20,0.0040458427,1.073141,2,42,0.0068876776,0.9575582,2,64,0.028857658,1.018512,2,84,0.01974096,1.0301946,2,105,0.0012024039,0.91361886,2,125,0.0,1.0046492,2,146,0.010220085,0.97128516,2,167,0.0066757537,1.0217582,2,200
25,0.005068369,0.97712535,2,24,0.0006305642,0.97433394,2,44,0.0237474,0.9003638,2,64,0.011966395,0.9510566,2,84,0.03362641,0.8833849,2,104,0.0,0.9080277,2,126,0.0049006357,0.8347967,2,148,0.0043966686,0.80480605,2,168,0.006840893,0.8888268,0,200
26,0.0,0.96558887,2,21,0.0,0.9391321,2,41,0.013496367,0.96903926,2,62,0.008799982,0.8823717,2,82,0.0,0.86078554,3,103,0.009599699,0.9284831,2,123
27,0.0,1.0447451,2,20
28,0.0,0.9678255,2,25,0.0,0.94720066,3,45,0.0,1.0042601,0,67,0.002155281,0.94414985,3,87,0.019701136,1.0573899,2,109,0.0,0.9042875,0,129,0.0,0.7506718,0,150,0.0,0.9352371,0,170,0.011989281,0.71389794,2,200
29,0.043830127,0.9542276,2,20,0.014223714,1.0569105,2,41,0.0,0.9400002,2,62,0.021294884,0.9896142,3,83,0.011169982,1.0370132,2,107,0.023017522,0.9528672,3,127,0.016497707,0.88733596,2,147,0.0095888795,0.9254631,2,172,0.007972607,0.8974408,2,200
30,0.0040028235,1.0106368,2,20,0.004052015,1.0449723,2,42,0.017771883,1.0191965,2,62,0.020005366,0.9533915,2,83,0.004631663,1.0100043,2,103,0.01747439,0.9692378,2,127,0.000383947,0.9353789,2,153,0.013131194,0.959537,2,174,0.042105522,0.92221105,2,200
31,0.0077804783,1.0060984,2,21,0.009000239,1.0152315,2,42,0.011812277,0.9902906,2,76,0.0085365325,0.99580896,2,104,0.0021963227,0.97825813,2,130,0.009249684,1.0129601,2,153,0.006824134,0.92479116,2,175,0.0028872269,1.0307527,2,200
32,0.009571804,0.99864584,2,22,0.014536384,0.9369791,0,42,0.0043297466,1.0198914,2,63,0.012888691,0.91297704,2,93,0.008355786,1.0034105,2,113,0.024655273,1.036445,2,134,0.005777493,1.0761526,3,154,0.0,1.0024105,2,175,0.0,1.0414718,2,200
33,0.0,1.0376365,2,20,0.037756555,0.9826592,0,41,0.010887534,1.0137058,0,64,0.012463385,0.9025052,2,84,0.023354223,0.9654194,2,104,0.023651537,0.9723231,2,124,0.026727265,0.8764688,0,144,0.038308743,0.8998985,2,169,0.073799446,0.87475294,2,200
34,0.0070740622,0.9840343,2,22,0.013441336,1.0201435,2,42,0.003246352,1.0601399,2,62,0.0,1.0576518,2,82,0.00874857,0.99510986,2,103,0.0010282218,1.0680892,2,135,0.0066777836,1.0304037,2,157,0.008211425,1.0287638,2,178,0.005709666,1.0969728,2,200
