0,0.0025760739,0.9444007,2,22,0.011457619,0.99634093,2,44,0.0067880102,0.9529454,2,68,0.0,0.99547064,2,88,0.0018991587,1.0180804,2,109,0.0,0.9447308,2,132,0.0018730931,1.033233,2,155,0.0016412574,0.9534084,3,175,0.007552064,1.0151607,0,200
1,0.010909349,1.0043497,2,23,0.010678233,1.0334947,2,44,0.01059877,1.0288166,2,67,0.026443666,1.0046872,2,89,0.0037530325,0.99328935,2,109,0.02546423,0.93811125,2,134,0.0063614,1.0108321,2,156,0.0033187233,0.91453165,2,178,0.012573439,0.9559586,0,200
2,0.016574824,1.034147,2,20,0.018423416,1.0276855,2,42,0.0018136448,1.0068127,2,63,0.008836443,0.9647071,2,84,0.0038538396,0.9935374,2,104,0.0,1.0641307,2,124,0.008959543,0.935542,2,145,0.0012219172,0.87313306,0,165,0.030165229,0.88233614,2,200
3,0.02253039,1.00302,2,20,0.0,1.112878,2,41,0.0,1.018292,2,67,0.025018763,0.94489324,2,89,0.015525383,0.9663555,2,112,0.0014047513,0.93877596,2,144,0.014891421,0.97907144,2,164,0.016273703,0.8996863,2,200
4,0.0,0.9588127,2,22,0.010843496,0.979109,2,42,0.017216286,0.97671324,2,72,0.006955277,1.0320123,2,92,0.009350811,0.9503937,2,120,0.0024093091,0.9703066,2,142,0.014119202,1.0051867,2,163,0.02022665,0.96838224,2,200
5,0.0069621042,1.005417,2,21,0.0050434065,1.050985,2,43,0.0040632472,0.934677,2,63,0.0,0.9887511,2,84,0.026066553,0.9307803,2,105,0.02999705,0.7918971,2,125,0.012555873,0.8185787,2,146,0.0072183544,0.78542066,0,166,0.011424228,0.9507821,2,200
6,0.0035832245,1.014159,2,20,0.005900722,0.995105,2,41,0.0,0.9681495,2,61,0.008046491,0.8911556,2,81,0.004410754,0.98251003,2,103,0.0,1.0347319,2,123,0.0010236548,1.018081,2,150,0.0,0.9746726,2,170,0.0019317082,0.9650757,2,200
7,0.00021785553,1.0245124,2,20,0.007378269,1.0277188,2,41,0.0,1.0327979,2,62,0.0,1.0451633,2,87,0.013455017,0.99750865,2,112,0.0074627977,0.94900835,2,141,0.011579455,0.98820114,2,162,0.0023878845,0.96948445,2,200
8,0.028555717,1.0044433,2,20,0.007512414,0.94611067,2,41,0.009355057,0.9820567,2,62,0.027896132,0.97870123,2,91,0.019461142,1.0018055,2,119
9,0.0008049041,1.0543252,2,20,0.027989652,0.9775611,2,48
10,0.0015764305,1.0231879,2,37
11,0.0,0.98114526,2,23,0.0005365057,0.98519397,2,44,0.015093189,0.9807416,2,82,0.0,0.9674958,2,102,0.0038354066,0.9631897,2,122,0.0112232175,0.9972698,2,142,0.0,1.0341268,2,162,0.000989327,1.0392375,2,200
12,0.0039753234,1.0276657,2,20,0.0,1.0561495,2,40,0.009645719,1.0999445,2,62,0.0072279684,1.0433574,2,93,0.0070155626,1.0288943,2,114,0.0044876854,1.0457566,0,134,0.0073782173,0.9821956,2,156,0.0,1.0264835,2,176,0.0036457162,1.0002159,2,200
13,0.025673369,0.9677373,2,21,0.029528018,0.9278965,2,41,0.02562061,0.9593732,2,61,0.0073323306,0.873802,2,82,0.031150097,0.906051,2,102,0.010693687,0.9439274,3,125,0.0,0.8283049,2,145,0.0,0.88309604,2,165,0.0,0.8093225,2,200
14,0.003803627,1.0397362,2,20,0.040930584,0.96868724,2,40,0.003253995,0.96233624,2,63,0.0,0.98035157,2,83,0.007196002,0.87834215,2,111,0.0,0.9513837,2,131,0.0006377398,0.8309171,2,154,0.0022574146,0.7245526,2,174,0.053123746,0.9168273,2,200
15,0.008566135,0.9921556,2,22,0.0056038364,1.0592529,2,42,0.0003584354,1.0171872,2,64,0.0,1.1188943,3,84,0.0,1.0958983,2,104,0.0,1.0567592,2,128,0.0,1.0795953,3,148,0.0018108464,1.0731982,2,170,0.0084704105,1.0086318,2,200
16,0.023056848,0.98141533,2,21,0.0,1.0283084,3,41,0.017437395,0.96366084,2,74,0.00070546655,0.99146163,2,94,0.027715782,0.945157,2,115,0.0,0.9959193,2,140,0.027276907,1.0180218,2,160,0.008451894,1.0180509,3,180,0.010095301,1.0323629,2,200
17,0.013734912,1.0097406,2,20,0.021794295,0.9465464,2,43,0.01945429,0.92241156,2,68,0.016402718,0.9304527,2,89,0.028465405,0.9610151,2,109,0.011043033,0.9624561,3,131,0.0111187305,1.0068088,3,151,0.06266753,0.9644084,3,171,0.004544086,0.86711264,3,196
18,0.00014872765,1.0388811,2,20,0.012045587,0.9446293,2,41,0.06151834,0.8951931,2,61,0.048618842,0.89082193,2,81,0.037580516,0.9153632,2,101,0.01878378,0.96696466,2,123,0.015949318,0.9537824,2,143,0.0,0.8670152,2,163,0.0076799765,0.79533285,2,200
19,0.0008976351,0.98279655,2,23,0.014265171,1.03089,2,44,0.0002213383,1.0150286,2,65,0.0,1.0691862,2,86,0.029707767,1.0296464,2,107,0.008869149,1.0869106,2,129,0.0,1.081269,2,156,0.00034635328,1.0404083,2,176,0.007862898,1.0532104,2,200
20,0.0006604075,0.9895705,2,20,0.0072701937,1.0066953,2,41,0.001020379,0.9659778,2,61,0.0043778108,0.8889578,2,81,0.033706013,0.9396988,2,103,0.02476535,0.94853103,0,123,0.023275118,0.8906746,0,145,0.0,0.8617923,2,171,0.0024588462,0.68427277,2,200
21,0.012436068,0.98983586,2,20,0.0038339167,0.9783622,2,40,0.024962278,0.9168893,2,60,0.012393901,0.9404649,2,83,0.019213464,0.95158654,2,103,0.005343018,0.9243714,2,124,0.003975228,0.8425344,2,144,0.0,0.68276644,2,165,0.038146634,0.8515399,2,200
22,0.011045214,1.0599813,2,23,0.016617429,1.013215,2,44,0.014526434,1.0322862,2,69,0.0,1.02018,2,89,0.0014320742,1.0903504,2,109,0.0036599538,1.0000582,2,129,0.0,0.9841303,2,150,0.028278584,0.99246943,2,170,0.003041668,0.9762059,2,200
23,0.0017278756,1.0386521,2,20,0.023166563,0.998943,2,43,0.0,0.94232196,2,63,0.012204018,0.9231466,2,86,0.041674387,0.914206,2,109,0.00065110734,0.96202546,2,129,0.045765545,0.95949006,2,152,0.024567498,0.9651028,2,172,0.036159996,0.93955433,2,200
24,0.007061382,1.0227787,2,22,0.008894334,0.9435665,2,42,0.0052691335,0.7445651,2,62,0.0036853738,0.7324911,2,82,0.053589992,0.87838346,2,102,0.005590142,0.87982434,2,123,0.0076652775,0.9227139,2,143,0.021982074,0.87848574,0,165,0.008610982,0.31846,0,200
25,0.011762045,0.98032904,2,20,0.035576336,0.98123443,2,41,0.0020731557,0.93907106,2,61,0.031534735,0.95826405,2,85,0.0,0.893778,2,105,0.0,0.86949646,3,125,0.0,1.0403197,2,145,0.0,0.9600261,2,169,0.036081746,0.719494,2,200
26,0.009824773,0.9762535,2,20,0.018724687,1.0310667,2,40,0.011873869,0.9497732,2,60,0.008569256,0.9562351,2,82,0.038706843,0.9109947,2,105,0.0,0.9357481,2,125,0.00436961,0.7094468,2,145,0.007578795,0.9219338,2,165,0.020018255,0.79592294,2,200
27,0.0,1.0032218,2,22,0.0023081726,1.0178685,2,54
28,0.0001131203,1.0059996,2,29,0.008894101,1.0897813,2,53,0.008547934,1.0125333,2,74,0.012522906,0.9577217,2,114
29,0.015834782,1.0034581,3,20,0.0015342145,0.99997854,3,43,0.0,1.0246536,2,63
30,0.0072645666,0.96943873,2,20,0.008983925,0.93038815,2,40,0.058785103,0.928237,2,61,0.026443582,0.91898805,2,99
31,0.0012005521,1.0283841,2,22,0.0,0.9217668,2,48,0.0,1.0282693,2,68,0.0048157675,0.9991535,2,93,0.015917981,0.9807868,2,116,0.0,1.001378,2,137,0.014665189,0.9725733,2,157,0.0,0.92185557,2,180,0.025062999,0.9678837,2,200
32,0.0,1.0503793,2,21,0.0029535976,0.9958186,2,41,0.004776273,1.0116739,2,62,0.0,0.9196348,2,82,0.0,0.93735135,2,102,0.005025907,0.9813943,0,122,8.9689645e-05,0.96348435,2,143,0.03339336,0.99596417,2,163,0.0,0.8115168,2,200
33,0.010977732,1.0451151,2,21,0.06682271,0.9602827,2,41,0.00026934265,1.0112032,2,62,0.065414585,0.89699507,0,82,0.019287162,0.9105229,2,104,0.020520296,0.9381196,2,124,0.0014432285,0.9919236,2,145,0.047422655,0.9327549,2,165,0.020024287,0.9071197,2,200
34,0.03411653,0.9620434,2,20,0.004163018,0.98083955,2,40,0.021595974,0.98727655,2,74
35,0.0025012942,1.0045006,2,26
36,0.0,1.0266572,2,21,0.00629785,0.9891737,2,41,0.0011605712,0.9762813,2,62,0.023195961,0.91993266,2,85,0.0015875712,0.8631619,2,105,0.038901288,0.8805858,2,125,0.027974045,0.8430705,2,145,0.0,0.97886145,2,165,0.009290667,0.84289205,2,200
37,0.0079569295,1.0857191,2,21,0.011825958,0.9523052,2,41,0.014497903,1.0132378,2,61,0.0,1.0442822,2,87,0.030123727,0.9717016,2,109,0.0042696204,1.0005848,2,132,0.014063212,1.0301663,2,161,0.0043788967,1.0659262,2,200
38,0.009325114,0.9784716,2,20,0.013109011,0.9319521,2,40,0.024816252,0.9633537,2,62,0.009643466,1.0203812,0,82,0.005339433,0.98223543,2,102,0.034130685,0.7497133,2,124,0.0,0.96390086,2,144,0.011513876,0.94197637,2,164,0.04246421,0.74720895,2,200
39,0.0,1.0395646,2,20,0.026994202,0.8878403,2,40,0.0015371043,0.9743472,2,61,0.005808904,1.0063044,2,81,0.024340253,0.9274114,2,101,0.002512311,0.9884445,2,121,0.0,1.0286206,2,142,0.0039040954,0.96906626,2,162,0.015732078,0.97903866,2,200
40,0.017202726,0.98183423,2,20,0.0072657606,0.9432365,2,40,0.006454727,0.9388647,0,60,0.0,0.93135726,2,80,0.01816866,0.9083397,2,103,0.04574247,0.974428,2,124,0.010886038,0.864064,2,146,0.008192242,0.8834903,2,167,0.0049414653,0.9625988,2,200
41,0.005314455,1.010521,2,30,0.007748942,1.0430954,2,50,0.00010156666,1.0412341,2,72,0.0036828604,1.0611076,2,100,0.004721859,1.0987241,2,123,0.005211166,1.0678102,2,146,0.0037401402,1.0254205,2,176,0.001542488,1.0610174,0,200
42,0.005265307,1.0737263,2,20,0.019497786,1.0211384,2,40,0.0070994003,1.0095032,2,69,0.009839729,1.0374067,2,97,0.0053953435,1.0577221,0,119,0.01609428,1.0834742,2,142,0.008218698,1.0928214,2,163,0.013722442,0.9574959,2,200
43,0.0078977235,0.9953697,2,21,0.021051586,0.9384816,2,41,0.028522171,0.8983659,3,62,0.030754058,0.91934896,0,84,0.051837184,0.9165306,0,104,0.029454831,0.98388064,2,124,0.06931393,0.9911424,2,144,0.007009753,0.8302188,2,164,0.025863279,0.84591776,2,200
44,0.0019969796,1.0464474,2,20,0.023107018,0.98332834,2,40,0.04202167,1.0222656,2,63,0.013705423,1.0822134,2,86,0.0,1.0381273,2,108,0.012016578,0.97892755,2,136,0.016738381,0.8903273,0,156,0.0,0.85033065,2,176,0.0,0.63433313,2,200
45,0.018085642,1.0288618,2,22,0.01076855,1.0437467,2,42,0.0,1.0164049,2,62,0.007900847,1.0525217,2,88,0.0039949156,1.0438601,2,109,0.0,1.1185583,2,133,0.0028407937,1.0907265,2,158,0.011259491,1.0157089,2,200
46,0.0063575585,1.0185841,2,24,0.0066584307,0.971571,2,53,0.002729311,0.92147183,2,74,0.0144098,0.9944725,2,95,0.00047208642,1.0295926,2,116,0.0,0.9680907,2,136,0.0,1.0050709,2,156,0.0038095103,0.94173276,2,176,0.0,1.0104517,0,200
47,0.0006332215,0.9845144,2,22,0.017764796,0.8088569,2,44,0.0,0.5072248,2,64,0.0,0.42710552,1,84,0.0006656776,0.6147517,0,104,0.0,0.80898565,0,125,0.0087709045,0.632073,0,146,0.025589287,0.73137665,0,166,0.0033642198,0.94707924,0,200
