0,0.025525823,0.9641636,2,20,0.0,0.967036,3,41,0.0,1.1224127,3,61,0.0050208024,0.83224106,2,81,0.0022616505,0.79646623,2,101,0.0,0.9151479,0,121,0.0078912685,0.7227766,2,142,0.0,0.9730927,2,162,0.0,0.78693986,2,200
1,0.0037098385,1.0084989,2,23,0.008995636,0.9543221,2,45,0.03842392,0.97283477,2,65,0.012444207,0.95810527,2,85,0.0014847455,0.938825,2,105,0.007787046,1.0073131,3,126,0.024514213,0.98155004,2,147,0.019604813,0.915792,2,167,0.014560228,0.9972575,2,200
2,0.022120707,0.9612838,2,20,0.01853787,1.0201943,2,40,0.016921194,0.8952184,2,60,0.0,0.89663506,2,81,0.0057289796,0.911033,2,101,0.09142015,0.78936845,0,123,0.0133164115,1.0382336,2,144,0.03155894,1.0905163,0,164,0.033516064,0.63880235,0,200
3,0.004376243,1.0126647,2,20,0.021069858,1.0807058,2,40,0.0,1.0531589,2,60,0.0055683944,1.0183377,2,82,0.007475073,1.0199236,2,110,0.0054943236,1.0560697,2,131,0.0056932014,0.9954285,2,153,0.014169501,0.965998,2,173,0.0,0.8952699,2,200
4,0.0009806101,0.9662443,2,26,0.008746652,1.0132017,2,49,0.012661034,0.96475154,2,69,0.0030503317,0.93837327,2,93,0.009044617,0.96843606,2,113,0.0024416498,0.9571312,2,136,0.0,1.0344547,2,156,0.04022695,0.9280666,2,177,0.0,0.9074749,2,200
5,0.0007290134,1.0367026,2,25,0.01985284,1.0202721,2,47,0.009127442,1.0084,2,71,0.00386672,0.97908187,2,93,0.0,0.779451,2,113,0.0021995294,0.75654525,2,137,0.012447096,0.8897805,2,158,0.0027975107,0.99176854,2,178,0.0,0.91097695,2,200
6,0.003772226,1.0782951,2,20,0.0033816164,1.0146079,2,47,0.004868609,1.0357428,2,67,0.004577459,1.0148791,2,94,0.002773814,0.98603505,2,115,0.009627191,1.0310664,2,135,0.03844843,0.9008179,2,155,0.0042270934,0.75786406,2,175,0.0,0.8563087,2,200
7,0.011647478,0.98928034,2,22,0.0012272225,0.9842817,2,47,0.0,1.0258538,2,69,0.0062637753,0.989747,2,94,0.006372144,0.9577592,2,120,0.018157894,0.98665565,2,144,0.0,0.90411264,2,164,0.02029527,0.77510583,2,200
8,0.014895593,0.998351,3,20,0.0,0.962662,2,46,0.0017949914,1.0124953,2,67,0.013606051,0.9890089,2,108,0.0015985495,0.9813494,2,135,0.0,0.8031031,2,155,0.0,0.8242818,2,175,0.0046204547,0.74549276,1,200
9,0.025539063,0.99199677,2,21,0.017710606,1.0102618,2,42,0.016342863,1.02035,2,63,0.04554072,1.0009321,2,84,0.009106994,0.9760016,2,104,0.007297094,0.98139536,2,124,0.0065925764,1.0118269,2,146,0.02322854,1.0061941,2,166,0.009788057,0.9916335,2,200
10,0.010606326,0.96046025,2,28,0.005188951,0.98149014,2,48,0.007606028,1.0113723,2,73,0.0007545682,0.95806503,2,94,0.014680854,0.944168,2,115,0.015175803,0.90868914,2,136,0.037205093,1.0003642,2,157,0.0030544023,0.8867059,2,177,0.010199383,1.0167571,2,200
11,0.014349321,0.9024574,2,20,0.008167117,0.88301635,2,44,0.0,0.9764694,2,64,0.045979623,0.9131652,2,92,0.0,0.89377797,2,112,0.0,1.0146449,0,134,0.0,1.1646419,0,154,0.0,0.9212859,0,174,0.009115747,0.69749993,2,200
12,0.006603817,0.978456,2,20,0.006976504,1.046704,2,40,0.015696457,0.9819083,2,60,0.026164005,0.85869235,2,80,0.0,0.89329207,2,100,0.0070864656,1.0224879,2,121,0.0077444063,0.89543664,2,141,0.023265159,0.9577393,2,165,0.009434194,0.9467985,2,200
13,0.0049638283,0.9893918,2,20,0.0062824893,0.9572085,2,46,0.0,0.88730776,2,67,0.0,1.016055,2,87,0.015844196,0.9406145,2,107,0.0,0.9285453,2,127,0.0024958136,0.84576905,0,147,0.0,0.7674794,2,168,0.005197254,0.8534324,2,200
14,0.014685256,1.0031308,2,21,0.0072028516,0.9674062,2,43,0.04827355,0.95031655,2,63,0.017483557,0.92655456,2,83,0.03779334,0.8677088,2,103,0.0,0.80722225,2,123,0.009561467,0.8248512,2,143,0.0,1.0483282,2,163,0.021142768,0.8018865,2,200
15,0.00228534,0.9563228,2,21,0.017477287,0.9349697,2,55,0.0490495,0.8812736,2,75,0.008824453,0.87825257,2,96,0.0152191715,1.0112869,2,117,0.007186313,0.9833981,2,137
16,0.009173321,1.0006634,2,36
17,0.0030153482,0.89984435,2,20,0.01737744,0.9923089,2,40,0.023311334,0.99682957,2,67,0.007306069,0.79658633,2,95
18,0.011283925,0.9651977,2,23,0.028828222,0.94706494,2,46,0.017195757,0.9840681,2,67,0.0028241698,1.0693234,2,87,0.026466496,0.95640063,2,116,0.0045243315,0.8420335,2,136,0.02090301,0.95332175,2,157,0.009081097,0.9242231,2,178,0.036757912,0.94110054,0,200
19,0.011087501,0.9974915,2,20,0.0,0.977822,2,40,0.008707674,0.8676214,2,60,0.053225536,0.9545033,2,85,0.02620852,1.0008712,2,108,0.00035245158,0.84208345,2,129,0.0,0.8576412,2,149,0.034959406,0.5887418,2,174,0.049903944,0.51620716,2,200
20,0.0033970908,1.0129055,2,20,0.00608888,1.0211691,2,41,0.010164077,0.9947256,2,61,0.021816393,0.9602271,2,82,0.009424352,1.0370972,2,102,0.015942328,0.93374705,2,124,0.027630646,0.9924949,2,144,0.0063427244,0.9654737,2,166,0.0056874887,0.94063365,2,200
21,0.017899342,1.0277072,2,22,0.0067781727,1.0324696,2,43,0.007096278,0.9886898,2,63,0.0153517155,0.90074795,2,84,0.018268624,0.93075305,2,105,0.008319796,0.9719773,2,127,0.0042521236,0.8766761,2,147,0.009883622,1.0048895,2,169,0.036662005,0.7810271,2,200
22,0.015205633,0.9495476,2,24,0.016006099,1.0227596,2,53,0.033837445,1.0315893,2,79,0.0,0.9286214,2,99,0.041663755,0.98234016,2,123,0.022829533,0.9195099,2,145,0.013608861,0.9819421,2,170,0.008050062,0.98171103,2,200
23,0.014152692,0.96924424,2,26,0.0038547288,0.89130193,2,64
24,0.001240054,0.99965924,2,23,0.006368385,1.0041653,2,54,0.0008962229,0.98149747,2,74,0.02493465,0.98819196,0,95,0.022081275,0.93607223,2,115,0.022045355,0.9541944,2,135,0.0,1.1072534,2,156,0.0016999213,0.9925955,2,176,0.012825844,0.9935217,2,200
