0,0.0,1.015516,2,20,0.0023882575,1.0130997,2,40,0.0006863427,1.0003034,2,67,0.0050755567,1.0151453,2,87,0.0165666,1.0389944,2,108,0.0015229742,0.8894989,2,130,0.012109126,0.9683864,2,154,0.0031599365,0.966513,2,174,0.009805506,0.98421377,2,200
1,0.0045527355,0.97585297,2,20,0.0045784055,0.9552557,3,40,0.0,1.0636708,2,70,0.0022499028,1.0673778,2,90,0.0009573812,1.089812,2,113,0.007044566,1.1154956,2,136,0.0,1.0826452,2,156,0.0,1.1031032,2,200
2,0.01638929,0.98129255,2,21,0.0,1.0103066,2,43,0.0030567045,0.99531865,2,76,0.003454503,1.0171748,2,101,0.008270382,1.0495312,2,122,0.008508738,1.0324085,2,145,0.02036481,1.0219243,2,165,0.0038767215,0.9816584,2,200
3,0.007867225,0.96869904,2,25,0.0,0.97664195,2,45,0.0023782053,0.96928704,2,65,0.0033616112,1.0168779,2,110,0.009715283,1.0843122,2,131,0.0041247467,0.9240866,2,151,0.0025805228,0.9392905,2,172,0.0,0.9266332,0,200
4,0.0,1.0456231,2,20,0.010057204,0.9799458,2,40,0.0037136767,1.0060899,2,61,0.0019098499,0.92897975,2,87,0.013115584,0.97755265,2,110,0.0,1.0323129,2,132,0.0038258305,0.9690633,2,153,0.0136402575,0.99399465,2,174,0.00630538,0.89993244,2,200
5,0.009839922,1.0048898,2,23,0.018313337,0.96960145,2,45,0.01534114,0.97533476,2,70,0.01100855,1.0658327,2,90,0.013862705,1.0326848,2,116,0.01507461,1.0131361,2,144,0.013224609,0.9763997,2,164,0.0,0.9428537,2,200
6,0.0,0.97825253,2,20,0.0042217914,0.9680546,2,40,0.0040832376,0.9855973,2,65,0.012076539,1.0290725,2,92,0.0,0.9038243,2,112,0.035191454,0.8891856,0,132,0.004291207,0.8972397,2,154,0.027433028,0.47214437,2,175,0.03364203,0.64786834,2,200
7,0.0063926103,1.032631,2,34,0.07304765,0.9964264,2,54,0.0059520565,1.0688063,2,75,0.005149513,1.0635469,2,99,0.008110048,1.0774643,2,120,0.0,1.089338,2,140,0.000707134,0.97198856,2,170,0.004390811,0.94032794,2,200
8,0.005349288,1.0544245,2,21,0.006027247,1.0316603,2,52,0.018799165,0.9711616,2,73,0.0044154427,0.99345636,2,94,0.0,1.0239522,2,114,0.0010631486,1.0239733,2,140,0.00077449874,0.92557037,2,160,0.030306324,0.92744476,2,180,0.021955747,0.95914924,2,200
9,0.0,1.0198615,2,27
10,0.0,0.9824896,2,20,0.011291112,0.9669841,3,52
11,0.008441473,1.0581026,2,21,0.0016319539,1.005274,2,46,0.004198976,0.9819596,2,68,0.0,0.96571237,2,88,0.0065297945,0.9836496,3,108,0.019201415,0.98489106,2,128,0.024431342,0.85981417,2,149,0.0023893442,0.91700065,2,169,0.06445911,0.88808334,2,200
12,0.0022805678,0.9869169,2,32,0.016073242,0.96103525,2,52,0.013538922,0.9200999,2,72,0.058335844,0.8769752,2,93,0.02454094,0.9316991,2,113,0.019728933,0.95981437,2,133,0.0016756805,0.94926757,2,153,0.004803829,0.91930187,2,173,0.0005108975,0.9270001,2,200
13,0.013576962,0.99263763,2,20,0.005378437,0.99103844,2,40,0.00020737256,0.9419774,2,60,0.028501382,1.0091487,2,85,0.024599353,1.0270312,2,105,0.009991897,0.91392994,2,125,0.005358238,0.9803464,2,145,0.005294702,0.97702694,2,165,0.00910699,0.9117101,2,200
14,0.010388611,1.0000187,2,20,0.0052403347,1.020271,2,44,0.020682577,0.9712559,2,64,0.0069335243,1.0075086,2,85,0.0010969483,0.9879444,2,105,0.01379103,1.0025985,2,125,0.0029198553,1.0417517,2,149,0.008038221,1.0059284,2,169,0.017990049,0.9843156,2,200
15,0.0,0.9551309,2,21
16,0.0077114864,0.98495406,2,20,0.009571801,1.0423583,2,59
17,0.0019026689,0.98814875,2,27,0.01746828,1.0213019,3,51,0.011491646,1.012738,2,71,0.02933866,0.95261955,0,98,0.0,0.95410883,2,118,0.012670731,0.9161956,2,138,0.0032070756,0.9770358,3,158,0.011973245,0.92882127,2,200
18,0.024544964,0.9926666,2,20,0.030442767,0.93203765,2,44,0.0076974835,0.91283154,2,69,0.08029545,0.76204294,2,89,0.052089274,0.6990362,0,109,0.0,0.52926606,0,129,0.019320395,0.6096039,2,149,0.032880086,0.7081189,0,169,0.05736614,0.4163591,0,200
19,0.005237053,1.0133525,2,29,0.0,1.0552665,2,54,0.0014870054,1.011485,2,74,0.043684985,0.9104875,2,94,0.00018062536,0.91429126,2,114,0.01712933,0.9343877,2,134,0.04376187,0.92321366,2,155,0.027922977,0.9508343,2,175,0.026586829,0.9289085,2,200
20,0.0011647809,0.9958002,2,21,0.03236935,0.9901049,2,44,0.030855194,0.94444716,2,64,0.0013776775,0.9051258,2,84,0.016153168,0.94890773,0,104,0.03724014,0.87091523,2,124,0.006122217,0.83545965,2,147,0.029274758,0.86716926,2,168,0.054241,0.7898342,2,200
21,0.008645775,1.0564895,2,20,0.005578735,0.9546199,2,40,0.0042282115,0.9698104,2,63,0.008041669,0.9666599,2,83,0.0,0.9654862,3,103,0.015409657,0.97343403,2,125,0.009421003,1.0190637,2,145,0.014656784,1.0239245,2,166,0.0258427,0.9737635,2,200
22,0.0028127772,0.96334755,2,32,0.0,1.0284818,2,53,0.0055962717,1.0173303,2,73,0.0010182785,1.0502875,2,94,0.0021967664,1.030446,2,116,0.011427475,1.0699497,2,136,0.007601517,1.0157824,2,157,0.00109871,0.97620916,3,177,0.016228033,0.97917026,2,200
23,0.00935134,0.97022563,2,20,0.0,0.90620005,2,40,0.0279417,0.85720843,0,61,0.0,0.9154609,2,82,0.0,0.8136817,3,102,0.0,0.8604042,2,122,0.0,0.8771682,0,143,0.051949155,0.9092353,2,164,0.0075302953,1.021861,2,200
24,0.027162384,1.0079156,2,20,0.0,0.97418636,2,42,0.0,0.90643615,2,62,0.021758437,0.9941714,2,84,0.00542941,0.9718365,2,107,0.0,0.93075514,2,127,0.010745356,1.0295821,2,149,0.0,0.98650247,0,169,0.012842195,0.9560644,2,200
25,0.008069237,0.9904293,2,42
26,0.0012584375,1.0252385,2,22,0.0,0.9950129,2,45,0.003174141,0.9909563,2,65,0.012141539,0.9445529,2,86,0.0057512876,0.96902466,2,107,0.01578052,0.9499683,2,132,0.019034188,0.960862,2,155,0.02516988,1.008846,2,175,0.011603342,0.9354231,2,200
27,0.007749771,0.97036344,2,22,0.0059626987,0.949257,2,43,0.023379875,1.0053016,2,65,0.016531477,1.0413853,2,86,0.02676087,0.9987179,2,106,0.017412141,0.9346351,2,129,0.0015610609,1.0121381,3,150,0.012161919,0.9450295,3,171,0.042113584,0.933037,2,200
28,0.005558455,0.9537814,2,24,0.012522681,0.9400643,2,44,0.0069125635,0.9882317,2,66,0.03846765,0.9270367,2,88,0.026467314,1.004238,2,108,0.0,1.022729,2,131,0.023518201,1.0642126,2,151,0.003329093,0.8917552,2,200
29,0.00379424,1.0287142,2,21,0.0,1.0456345,2,41,0.0046047373,1.0686333,2,61,0.016229266,1.0463878,2,85,0.0,1.0256944,2,109,0.0,1.0149435,2,130,0.0,1.07029,2,158,0.007117163,1.0061783,2,200
30,0.015294811,0.91489875,2,20,0.0048723808,1.0127045,2,46,0.0036269838,0.9964292,2,68
31,0.013501264,1.0055882,2,20,0.0,1.0208682,2,51,0.000721413,0.99665815,2,81,0.0011329378,0.9743082,2,101,0.005612029,0.9277539,2,121,0.0,0.98362905,2,142,0.0006521316,1.0261195,2,162,0.007694555,1.0078899,3,200
32,0.022535767,0.93000835,2,38
33,0.029784689,0.9870829,2,26,0.00032188324,0.9649162,2,46,0.026292859,0.9669687,2,75,0.011069192,0.98952335,3,98,0.012529351,0.9863467,2,118,0.013787259,0.90998954,2,146,0.053973366,0.7052328,2,166,0.028123725,0.7989656,2,200
