0,0.002372877,0.98202896,2,25,0.01830949,0.93124706,2,49,0.028279016,0.9647312,2,69,0.00903457,0.95886046,2,91,0.002982539,0.95733696,2,113,0.0112062255,0.9683345,0,134,0.016906243,0.93400204,2,154,0.029476492,0.9326606,2,177
1,0.0023865413,1.0496386,2,21,0.0,1.0471867,2,41,0.0008529817,0.94711655,2,62,0.0049804472,1.0166199,2,82,0.006414073,0.92459077,2,102,0.0048200116,0.97172993,2,143,0.014096714,0.97032315,2,169,0.039562937,0.94711393,2,200
2,0.009990454,0.9723625,2,24,0.007757851,0.9840214,2,49,0.096362375,0.8171017,2,70,0.008844399,0.9758188,2,92,0.0,0.9044039,2,115,0.009035295,0.9759143,2,142,0.047124326,0.831571,2,162,0.05514871,0.83860457,0,200
3,0.002428378,0.96730614,2,20,0.020746144,0.94305855,2,41,0.022982549,0.93792945,2,61,0.00076011417,0.95723975,0,83,0.02398329,0.9294268,2,103,0.013288522,0.89615846,2,128,0.030396882,0.99367005,2,149,0.023291692,0.9556795,2,170,0.013455456,0.9990091,2,200
4,0.004930228,1.007573,2,37,0.00057367154,1.0535761,2,58,0.012976153,1.0167396,2,83,0.0,0.9217614,2,104,0.00069575105,0.95616555,2,126,0.008786207,0.8965865,2,147,0.012912333,0.9403982,2,167,0.006007533,0.9888687,2,200
5,0.016493196,1.0069054,2,20,0.004093267,1.0035177,2,40,0.033977356,0.895007,2,61,0.0011537395,1.0168386,3,82,0.007872654,0.9879608,2,102,0.0,0.97574884,2,125,0.0075862845,0.9818239,2,145,0.01358298,0.9062473,2,165,0.024995845,0.9408554,2,200
6,0.0007653355,0.96044177,2,20,0.0026854041,1.0770712,2,44,0.01994932,0.9802507,2,66,0.014801361,1.0035975,2,86,0.024883974,0.9660689,2,106,0.031314343,0.9232505,2,126,0.0,1.0445535,2,168,0.0026107635,0.9664435,2,200
7,0.0023848615,1.0253417,2,20,0.009799429,0.98242253,2,41,0.0013692304,0.91665107,2,61,0.0070467303,0.98958814,2,81,0.0392675,0.9602257,2,102,0.00080534007,1.0521209,2,122,0.011121472,0.94982165,0,142,0.0030681489,1.0392153,2,168,0.0010660574,1.0407194,2,200
8,0.0,0.9910787,2,20,0.0058836234,0.97224426,2,45,0.012991573,0.9176364,0,66,0.013763377,0.9803897,2,86,0.0,1.0067041,2,106,0.036099195,0.94405097,2,126,0.018485598,0.9457557,2,148,0.04158593,0.9737689,2,169,0.0109482575,0.8971976,2,200
9,0.04481724,0.9588217,2,25,0.039501376,0.97012,0,46,0.011273438,0.9246267,2,66,0.0,0.98024684,2,86,0.004704573,0.9208993,2,106,0.016675094,1.0682026,2,127,0.0,1.0511286,0,147,0.0428906,0.8060864,2,168,0.07263475,0.60140103,2,200
10,0.021588111,0.96442956,2,20,0.0016648829,0.9920535,2,44,0.015944337,1.1179245,2,64,0.0053585256,1.0319527,2,85,0.011790873,1.023123,2,112,0.0020872455,1.0613595,2,136,0.0037653616,1.0270213,2,157,0.0,1.0747238,2,177,0.011674834,1.0566059,2,200
11,0.0025300593,0.995015,2,20,0.0048725433,0.9659387,2,40,0.032202266,0.9865348,2,60,0.005865531,0.9698524,2,106,0.0,0.91814804,2,128,0.0045307386,0.9754025,2,149,0.0031614471,0.9318429,2,169,0.011025045,0.8203229,0,200
12,0.0029681374,0.9586052,2,20,0.0,1.0042449,2,42,0.014458313,0.968241,2,65,0.0,0.97901535,2,85,0.004248807,0.99248415,2,112,0.008160308,0.89544046,2,132,0.00015184497,0.95375043,2,152,0.010363918,1.0004525,2,174,0.01077017,0.95312047,2,200
13,0.019687453,0.97467774,2,21,0.0015258823,1.0008365,2,41,0.0,0.9641439,2,62,0.0,1.0094376,2,82,0.037557743,0.8862173,2,105,0.0026096033,1.0053424,2,127,0.0044661397,0.9649844,2,147,0.00739183,0.8554165,2,167,0.005546455,0.84068716,2,200
14,0.008032843,0.96128905,2,20,0.014766213,0.9801073,2,46,0.0028855465,1.0034548,2,66,0.034821827,0.9770018,3,86,0.0132408235,0.9688304,2,106,0.0,1.0050269,3,126,6.6162305e-05,0.9623018,2,152,0.017924795,1.0136085,2,172,0.005627878,1.0071748,2,200
15,9.0388585e-06,1.0000818,2,20,0.026918262,1.0496887,2,40,0.007783021,0.91751844,2,60,0.03038783,0.9390416,2,87,0.009153213,1.036109,2,107,0.006033944,1.0437449,2,127,0.0074094906,0.9892659,2,147,0.0021640642,1.0128708,2,174,0.0100887455,1.0436397,2,200
16,0.006249214,0.9859335,2,20,0.027078038,0.950145,2,41,0.022106133,0.94844246,2,62,0.0025039054,0.9973403,2,82,0.010726921,1.1036066,2,103,0.0,1.0588423,2,124,0.0028781071,1.0063795,2,146,0.0015656651,0.9903942,2,168,0.0026748346,0.9653317,2,200
17,0.0012419996,1.0300832,2,22,0.0,0.9679417,2,44,0.0063266777,1.0465834,2,64,0.005537627,0.9688377,2,88,0.0,1.0093925,2,108,0.0125813745,1.0348293,2,130,0.020454861,0.96872354,2,155,0.004547018,1.0343481,2,177,0.0,1.0359036,2,200
18,0.01009594,0.9839628,2,25,0.0,0.9844621,2,51,0.032790788,0.83615285,2,71,0.00049645384,0.9297211,2,92,0.0,1.0640042,0,112,0.0071725426,1.0589416,2,137,0.0,1.0208478,2,157,0.009743861,1.0219198,2,178,0.0013587333,0.9574508,2,200
19,0.00927869,0.9848865,2,21,0.0109468,0.98128855,2,41,0.009025715,1.0361309,3,61,0.0,1.0360372,2,81,0.0080192,1.0304995,2,104,0.010054155,1.0279671,2,127,0.0,1.0371052,2,149,0.02443393,1.0271751,2,172,0.013621503,0.932841,0,200
20,0.012630683,0.9916753,2,24,0.011697044,0.9582798,2,53,0.007978407,0.9305399,2,75,0.0,1.0097593,2,100,0.011095355,0.9111419,2,120,0.0047444603,1.0123061,2,140,0.001217351,1.0436172,2,160,0.0015061491,1.0577279,2,180,6.0918646e-05,1.0942154,2,200
21,0.018334894,0.9687611,2,25,0.0,1.002988,3,45,0.0,1.029062,2,65,0.010027141,1.0018464,2,88,0.008849061,0.9809657,2,111,0.0,1.1275876,0,131,0.0044839554,1.1358035,2,151,0.010004877,1.0330223,2,176,0.0018649603,1.1039456,2,200
22,0.0,1.0372964,2,22,0.0,1.0172461,2,51,0.077614225,0.8983787,2,71,0.039989512,0.9163,2,95,0.009240922,0.8971156,2,115,0.008070431,1.0415437,2,136,0.018078906,0.9546094,2,156,0.03257254,0.9744868,2,180,0.075595364,0.95140094,2,200
23,0.0065842476,1.0079154,2,21,0.014759127,0.9802246,2,44,0.026160864,0.9382268,2,70,0.0054930947,0.9626228,2,90,0.011779416,0.90149134,2,110,0.015799602,0.9750471,2,130,0.0010479668,0.9578225,2,150,0.029498253,0.9566684,3,170,0.02136774,0.9785145,2,200
24,0.002045219,1.0411713,2,21,0.0065270257,0.98982465,2,43,0.008239072,0.96087533,2,65,0.0062413374,0.9871832,2,85,0.0080861645,1.0054375,2,106,0.0026575136,0.99954885,2,129,0.0,0.99453324,2,150,0.040584847,0.9439127,0,170,0.026819589,0.925048,2,200
25,0.017763395,0.9594657,3,20,0.0,0.9934211,2,44,0.0030213832,1.0595499,2,64,0.0008080206,1.015714,2,85,0.012903498,0.9307977,2,106,0.010598465,1.0214465,2,126,0.012057787,1.0303112,2,146,0.0,1.023438,2,166,0.0008162388,1.0476642,2,200
26,0.01792263,0.8115425,2,23,0.011590066,0.7070557,2,48,0.0,0.6384416,2,68,0.0054223686,0.6624905,2,88,0.0009260609,0.40780097,0,116,0.00065590185,0.18649085,0,137,0.011732344,0.12416485,1,162,8.299932e-05,0.27571085,1,200
27,0.007959302,0.95731926,2,20,0.028103089,0.8191964,0,40,0.0,0.8093746,2,62,0.026545057,0.855919,2,82,0.0124634085,0.699064,2,102,0.0,0.49000114,2,122,0.0,0.46267915,0,142,0.0,0.35146478,2,162,0.023078945,0.6208756,2,200
28,0.0020523802,1.0018289,2,20,0.012986729,0.9807034,2,42,0.008526519,1.0075854,2,67,0.009382116,0.98566556,2,88,0.003233259,1.0202813,2,108,0.00030714218,0.94230545,0,128,0.0029132974,0.83440465,0,149,0.0011361076,0.9608172,2,170,0.009955117,0.8905927,0,200
29,0.0069953515,0.98121774,2,23,0.013201409,0.9874166,2,45,0.0051815566,1.0560507,2,90,0.0,0.97127676,2,111,0.012993181,1.0585474,2,131,0.0014893372,1.0556345,2,153,0.0019262627,1.0661765,3,176,0.0011165702,0.9596331,2,200
30,0.0022576752,1.0578301,2,24,0.018840304,1.0053518,2,44,0.014658297,0.9840555,2,64,0.0,1.0273694,0,86,0.013457866,0.9934626,2,107,0.0064857616,0.997291,2,128,0.032676008,0.9411413,2,151,0.0,0.97478586,2,178,0.00084830564,1.036604,2,200
31,0.016039884,0.9617809,3,21,0.012074471,0.9685567,2,48,0.011661581,0.9916252,2,69,0.0004092346,1.0174283,2,89,0.0049554803,0.9421214,2,109,0.0010718362,0.9774749,2,130,0.0024383639,0.97634226,2,151,0.006557363,1.0001284,2,171,0.009097743,1.027286,2,200
32,0.0,0.9835247,2,20,0.0071680606,0.9335391,2,40,0.005706596,0.9623577,2,60,0.00023278789,0.9361191,2,80,0.0039529433,0.93818474,2,102,0.0,0.9308733,2,122,0.0,0.9004433,0,143,0.036282334,0.8815029,2,163,0.0021494478,0.83352613,2,200
33,0.006837292,0.9729452,2,20,0.0034971645,1.0256896,2,41,0.012017869,0.99682796,2,69,0.00058733975,1.0148853,2,98,0.0070149796,1.0094143,2,120,0.01295349,0.99651814,2,142,0.01119484,0.9910976,2,162,0.008999655,0.99370766,2,200
34,0.003602573,0.9387304,2,21,0.0067953416,0.9619883,2,44,0.00032289344,0.96672523,2,64,0.022958819,0.94342774,0,85,0.0,0.94932485,2,107,0.004756519,0.9755179,2,127,0.007577618,0.8933892,2,147,0.009475006,0.75578773,3,167,0.018142246,0.66948,2,200
35,0.009419403,0.8716033,2,20,0.007779592,0.99414575,2,40,0.028450286,0.8784275,2,63,0.0,0.7883798,2,84,0.026597906,1.0089145,3,104,0.00038095954,0.8909546,2,124,0.027902184,0.63887924,0,147,0.05425167,0.64793944,0,167,0.015461535,0.48900685,0,200
36,0.00913663,0.9657189,2,21,0.025659038,0.92155355,2,44,0.016397187,0.9917158,0,64,0.043077774,0.6707171,2,84,0.068340935,0.5838534,2,104,0.103063226,0.7444098,2,124,0.007223041,0.5692972,0,153,0.0,0.51272213,2,173,0.006051574,0.6051187,2,200
