0,0.017370077,0.87895924,2,22,0.00795734,0.8176719,2,42,0.0,0.7480545,2,62,0.0,0.6173633,2,85,0.0,0.58773935,2,108,0.014805931,0.8063936,2,132,0.03623531,0.9447769,2,160
1,0.016709197,0.9943288,2,29,0.00063419004,0.9576616,2,49,0.046722986,0.98414373,2,70,0.0037122276,0.99349684,2,97,0.021427987,0.9807354,2,117,0.00067384733,1.0257915,2,139,0.009213403,1.0030267,2,159,0.01673752,1.0106204,2,179,0.0,1.0117468,2,200
2,0.00039861054,0.95129704,2,22,0.0034140996,1.0358857,2,42,0.0,0.9797677,2,63,0.0034248058,0.9540022,2,84,0.018933304,0.97199315,2,110,0.0016783995,0.9953833,2,131,0.0,1.0515275,2,151,0.000994057,1.0789721,2,173,0.0028612076,0.94414395,2,200
3,0.0035840657,1.0608478,2,20,0.00022571858,1.0220094,2,47,0.015376295,1.020362,2,68,0.040461086,1.0180933,2,89,0.11949017,0.84977657,2,109,0.0,0.83057576,2,129,0.012343533,0.83508176,2,152,0.010838487,0.8512956,2,179,0.018978719,0.91339004,2,200
4,0.00093965157,1.0350063,2,20,0.0,1.0262916,2,40,0.0,0.9744833,2,60,0.010512794,0.9570917,3,80,0.0009974549,1.0109956,2,101,0.042190176,0.9346522,2,122,0.0,1.0529039,2,143,0.016182704,0.8560856,2,163,0.012921759,0.7310583,2,200
5,0.0064546503,0.97248316,3,24,0.0024663152,0.88827944,0,44,0.0,0.88984305,3,66,0.022233834,0.83050907,0,86,0.033076398,0.8899242,2,106,0.0060950867,0.8273438,2,126,0.0077251736,0.97835416,2,147,0.0065353825,0.77963096,2,167,0.020657804,0.863792,2,200
6,0.008100655,1.0318124,2,22,0.01299954,1.0982503,2,44,0.0032234478,1.0219721,2,72,0.054801308,0.9081051,2,92,0.0,0.9763705,3,112,0.001932539,0.9607358,2,132,0.023419809,0.8947867,2,152,0.0,0.98079956,2,172,0.0062774187,0.78360194,2,200
7,0.00067162205,1.0324825,2,29
8,0.0,0.9743212,2,20,0.029102355,0.97279423,2,40,0.010454976,0.9765234,2,60,0.0,0.9055683,2,80,0.004170254,0.93213797,2,100,0.029514728,0.8693769,2,123,0.002277288,0.96011466,2,143,0.00037396577,0.95041275,2,163,0.0113052875,0.87768835,2,200
9,0.0056131203,0.99481374,2,20,0.014769834,0.9034406,2,46,0.027722916,0.76940656,2,66,0.045415916,0.92979556,0,86,0.042736214,0.7994596,0,106,0.0037011164,0.90864295,2,126,0.027431015,0.93979526,2,152,0.017980568,0.87306416,2,172,0.013601394,0.915625,2,200
10,0.0023050203,1.0698621,2,20,0.0049183937,1.0956783,2,40,0.0032097464,0.9910261,2,62,0.0,0.94357026,2,85,0.021578824,0.87525433,2,105,0.0,0.5258273,2,125,0.0,0.44565922,1,145,0.0,0.59514976,0,165,0.0,0.5384654,2,200
11,0.0034472905,0.96334153,2,20,0.0,0.94546825,2,40,0.020697081,0.9155564,2,64,0.017378965,0.8995956,2,84,0.0155828055,0.97317874,2,104,0.0079140775,0.9835542,2,131,0.014899319,0.99139184,2,151,0.003046499,0.8987281,2,171,0.030902646,0.8923408,2,200
12,0.0018683098,1.0200104,2,20,0.0001201313,1.0452391,2,42,0.0015727777,1.0159076,2,62,0.0,1.0049115,2,86,0.02047405,1.0025858,2,106,0.0033561594,0.95780724,2,130,0.0019319822,0.9000497,2,153,0.0,0.7919406,2,173,0.0,0.7649685,2,200
13,0.0016801864,1.0356033,2,20,0.020289926,0.9883233,2,46,0.0,1.0055977,2,66,0.016022427,0.98218364,2,86,0.0,1.0412731,2,110,0.00318401,0.9795272,2,130,0.0041773035,0.95210546,2,151,0.0,0.8399114,3,172,0.0,0.69976634,2,200
14,0.0,1.0101585,2,26,0.008470771,0.9685132,2,46,0.003015142,0.99453765,2,66,0.008027835,1.0177557,2,88,0.012617341,1.0665482,2,110,0.0028862362,0.9806019,2,131,0.0,1.0058665,2,151,0.002256771,0.9595574,2,171,0.029669901,0.915409,2,200
15,0.005522827,0.95408756,2,20,0.006881915,0.9903483,2,48,0.007440528,0.9558376,2,69,0.0044277967,0.9211108,2,89,0.0325346,0.9699357,0,109,0.033399146,0.922029,2,129,0.009320195,0.88726074,2,155,0.007330454,0.626382,2,176,0.021037469,0.5578481,0,200
16,0.008162954,1.0045173,0,20,0.0071128043,1.0242525,2,43,0.0045889067,1.0345461,2,63,0.014613149,0.94013983,2,85,0.0,0.98957837,2,105,0.015617095,1.0314243,2,125,0.00586919,1.0150012,2,148,0.0,1.0488647,2,168,0.0039723394,0.9818814,2,200
17,0.0014533384,1.0472016,2,21,0.013646098,0.9758962,2,42,0.0006204965,0.892496,2,62,0.027144779,0.9070163,2,82,0.0,0.88668716,2,103,0.027911874,0.9820165,2,124,0.025592497,0.91554165,2,144,0.004224944,0.8338396,0,165,0.019350154,0.8778073,2,200
18,0.011892938,1.0244954,2,23,0.00070695055,0.99470574,2,44,0.011427825,0.9716139,2,64,0.013904443,0.97991925,2,84,0.0010153891,0.96065176,2,104,0.0,0.95638496,2,124,0.010863221,0.8803156,3,144,0.062399276,0.97781247,2,164,0.021943374,0.9662217,0,200
19,0.015978951,1.0168182,2,20,0.0,0.92548585,2,46,0.032855187,0.9520803,2,72,0.035758834,0.8566991,2,92,0.07531592,0.83077013,0,112,0.009554388,0.75369704,0,132,0.0038000895,0.87932724,2,154,0.011191728,0.8565136,2,174,0.03948109,0.93094254,2,200
20,0.015217823,0.9792998,2,24,0.00605292,0.9504644,2,44,0.012706194,1.0287546,2,67,0.0026307607,1.0858568,2,88,0.0,1.082986,2,108,0.008754684,1.0531384,2,134,0.010768075,1.0246694,2,163,0.007647063,1.0597955,2,200
21,0.0072231437,1.00158,2,23,0.00786728,1.0274911,2,52,0.007348674,0.93586206,2,72,0.0,1.0710629,2,93,0.0052988254,1.0923404,2,113,0.0118958475,1.0820225,2,137,0.0049872543,1.0838876,2,159,0.0010631069,1.0297582,2,179,0.0028567514,0.96143603,2,200
22,0.0062404303,1.0350732,2,20,0.0053019854,1.0118666,2,47,0.0,1.0365279,2,67,0.0,1.053692,2,87,0.0,1.0784823,2,109,0.0,1.0330938,0,132,0.0,1.033863,2,155,0.0,0.97926533,2,175,0.0006015831,1.02429,2,200
23,0.0016084282,1.0115181,2,31,0.0048196064,1.0184885,0,52,0.0013995497,1.0611422,2,72,0.0,1.0675184,2,94,0.021701429,1.0082307,2,117,0.0021196962,0.9823778,2,137,0.0,1.0042185,3,157,0.016556352,1.0011206,2,177,0.0056712395,1.0320607,3,200
24,0.0046038167,0.9892663,2,20,0.0,0.9804573,2,41,0.0012313515,0.917722,2,62,0.0,0.84026957,2,83,0.0,0.87026286,0,105,0.0,0.86556065,2,125,0.003271155,0.7160397,2,147,0.0,0.8396699,2,167,0.0021372433,0.94905937,2,200
25,0.004937784,1.0086926,2,21,0.009218027,0.9734691,2,42,0.0,0.93372154,2,62,0.0077912086,0.86265075,2,83,0.020085497,0.94101095,2,103,0.006971295,0.79904556,2,123,0.018147578,0.7614941,2,144,0.0,0.9410392,3,164,0.006974212,0.8943932,0,200
26,0.0048866826,1.0224615,2,21,0.018631712,0.91729456,2,42,0.0062722424,0.9567552,2,70,0.03027929,0.8538114,2,91,0.035189874,0.76125544,0,112,0.0,0.81649446,0,132,0.0,0.87768257,2,152,0.009294892,0.5733875,2,172,0.008886767,0.7453546,2,200
27,0.009141811,0.98047876,2,20,0.0043945736,0.9934889,2,46,0.0058156247,0.87712866,2,69,0.015061706,0.9357668,2,89,0.029469196,0.99442685,2,109,0.0038424262,0.9763873,3,130,0.0,0.9934749,2,152,0.022082124,0.9646281,2,172
28,0.016127676,0.99992245,2,20,0.020342853,1.0293775,2,40,0.0,1.0041269,2,61,0.0003773487,1.0562671,2,81,0.0021009746,1.0629189,2,104,0.008280185,0.98912954,2,128,0.00081146753,0.98159426,2,148,0.0060973535,1.0185553,2,169,0.031740144,1.0046133,2,200
29,0.017560286,0.96147686,2,22,0.019880872,0.8803519,2,42,0.04107784,0.9180212,2,62,0.027872797,0.9555161,2,83,0.02015837,1.0416588,2,103,0.0032021008,1.000725,2,123,0.0,1.0423628,2,145,0.010963092,0.9860999,2,165,0.023575226,1.003443,2,200
30,0.007125688,1.0611084,2,20,0.0028513295,0.9955081,2,41,0.022145757,0.97775114,2,63,0.008802876,0.9246031,2,91,0.025810035,0.9985284,2,114,0.007059872,0.96105844,2,134,0.0,0.821479,2,162,0.011530566,0.9230964,2,200
31,0.0070306957,1.0584117,2,20,0.0055052256,1.0273576,2,47
32,0.0,1.0381199,2,20
33,0.0020024036,1.0397815,2,26,0.0,0.86315334,2,46,0.0026159638,0.9537298,2,67,0.0011312673,0.87263715,2,94,0.019271981,0.99718875,2,114
34,0.00025882624,0.9502243,2,21,0.0017868772,1.0148449,0,41,0.024848793,1.0196004,0,62,0.0065399767,0.9323093,2,82,0.0070493803,0.97218215,2,102,0.05769846,0.84053403,3,122,0.0,0.9680623,3,142,0.0039259223,0.96599233,3,163,0.012650689,0.8474435,2,200
35,0.011214592,1.0452598,2,20,0.012441145,1.0286192,2,48,0.014731006,1.0012484,2,69,0.010610462,1.0115509,2,90,0.018793743,0.9847245,2,110,0.0,0.9405495,2,130,0.0,0.91193926,2,150,0.0,0.8748253,2,170,0.0,0.80189484,2,200
36,0.0011627352,1.040342,2,21,0.024657438,1.1038764,2,42,0.013072969,1.007603,2,62,0.0,1.0327213,2,82,0.0,1.0383215,2,102,0.021366265,0.9797276,2,123,0.0045091533,0.97583693,2,143,0.019483909,1.0195217,2,163,0.006767115,1.0218395,2,200
37,0.0,1.0558717,2,20,0.02597356,0.9316227,2,44,0.0,0.98817235,2,67,0.01701045,0.9913157,2,96,0.007694266,1.0343196,2,116,0.0124835735,1.037753,2,139,0.0058673746,1.0705856,2,159,0.0046193106,0.9359857,2,200
