0,0.0047534932,1.0591573,2,24,0.025445472,0.9876791,2,44,0.019573806,0.94138116,2,64,0.008946811,1.0081455,2,84,0.0024505733,0.99011153,2,108,0.0,1.0146798,2,132,0.0,1.0133367,2,154,0.0,1.0505887,2,174,0.0022288929,1.0244128,0,200
1,0.0,1.0420471,2,23,0.0,1.0910944,2,46,0.0,1.0048491,2,68,0.0,1.0669541,2,89,0.0023103773,0.9966389,2,110,0.00032164546,0.96955603,2,133,0.002235477,0.97869265,2,165,0.0005067495,1.017949,2,200
2,0.008861545,1.0025657,2,20,0.0010430026,0.9671876,2,40,0.02373224,0.90862715,2,62,0.019159611,0.9635502,2,82,0.021675223,0.9682583,2,105,0.059430655,0.93213177,2,133,0.012426762,0.96849936,2,153,0.026566193,0.9722013,2,174,0.013842152,1.0389003,2,200
3,0.003993895,0.9738363,2,20,0.0,0.941584,2,40,0.00051547185,0.8956341,2,62,0.013938687,0.8797163,2,84,0.0,1.0544733,2,105,0.0,0.870969,3,125,0.0,0.8888472,2,145,0.04554286,0.90971166,3,170,0.029328672,0.86052823,0,200
4,0.0074702194,1.0671749,2,20,0.0,1.0533181,2,41,0.0,1.0360603,2,63,0.012055867,0.9693826,2,86,0.003993881,0.98817235,2,106,0.015697077,0.97985315,2,126,0.01177942,1.0461692,2,146,0.012157332,0.9918659,3,167,0.00997011,0.9705732,2,200
5,0.003952801,0.98194027,2,22,0.0,0.9877704,2,42,0.0,0.955955,2,66,0.014149019,0.95382863,2,88,0.0,0.9758157,2,109,0.003550942,0.93214875,2,131,0.018927747,0.9374483,2,159,0.0063253045,0.98119754,2,179,0.0044288635,1.0409732,2,200
6,0.012442458,0.9479601,2,21,0.0057896804,1.0345141,2,41,0.0059041167,0.9963192,2,74,0.019873658,0.9791171,2,95,0.017541556,0.9757167,2,118,0.012510883,0.96374357,2,144,0.0038913125,0.94603914,2,166,0.021930806,0.9602548,2,200
7,0.00020151159,0.9420858,2,21,0.0,0.8705686,2,41,0.022264618,0.77344126,3,61,0.0,0.86495143,2,82,0.011083243,0.88740903,2,110,0.0022580405,0.9265433,0,131,0.006626462,0.83650845,2,152,0.020372666,0.765414,2,172,0.0013305735,0.6434263,1,200
8,0.014127884,0.98202324,2,26,0.028537631,0.90382576,2,46,0.0006529145,0.8420264,0,66,0.021162134,0.90990543,2,86,0.002981767,0.8369425,0,106,0.0022070373,0.81512344,3,126,0.0,0.81698495,3,146,0.012049349,0.73786825,2,167,0.021813257,0.58059007,0,200
9,0.009650184,1.0120516,2,20,0.017294908,1.02886,2,40,0.0,0.98687726,2,61,0.0,1.0136887,2,82,0.0,0.9931755,2,102,0.0,1.0174737,2,123,0.015553985,0.9638676,2,147,0.0035143963,1.0649474,2,168,0.031972326,0.92535496,2,200
10,0.00039209196,0.91596496,2,21,0.007862741,0.9230509,2,41,0.07766396,0.8491261,2,66,0.03755146,0.8801729,2,87,0.0,0.7980818,0,107,0.023934864,0.8582864,2,127,0.015512474,0.7632683,2,150,0.0036755085,0.7991741,2,170,0.010277044,0.89555573,2,200
11,0.0,1.0397396,2,20,0.00517796,1.0060947,2,40,0.010630779,0.9955825,2,71,0.01108898,1.0786427,2,100,0.008392868,1.0899451,2,120,0.009429523,1.0628145,2,140,0.02405746,1.0637547,2,160,0.010627505,1.0169734,2,180,0.0011945413,1.1154007,0,200
12,0.0056938888,0.8984562,2,20,0.019258922,0.888765,2,40,0.0,0.7854098,2,60,0.0030548538,0.68466705,2,80,0.015247221,0.48525348,2,100,0.0005443279,0.6720681,2,120,0.04074234,0.69225526,2,140,0.0065821735,0.8791294,2,162,0.020789182,0.6219072,2,200
13,0.0019342623,0.9934267,2,20,0.003276155,0.96355903,2,40,0.0045273774,0.9504519,2,61,0.016554203,0.969773,2,82,0.034239847,0.88613766,2,102,0.011309961,0.8757635,2,123,0.0030092518,1.0382518,2,143,0.011270127,0.94310427,2,164,0.00789695,0.9374478,2,200
14,0.010399159,0.9703231,2,20,0.010820602,0.9486009,2,48,0.03630569,0.83910376,2,70,0.005576561,0.7593957,2,90,0.0,0.6835406,2,113,0.023532934,0.5216259,2,133,0.0,0.75060284,2,154,0.018055405,0.705818,0,174,0.023493439,0.89510643,0,200
15,0.0,1.0596143,2,20,0.0,1.0614035,2,45,0.012070154,1.0040048,2,66,0.0,1.0597324,2,87,0.00028840383,1.0362158,2,108,0.0,1.0436981,2,134,0.0,1.0709944,2,155,0.0,1.0328441,3,175,0.00010044985,1.0245559,2,200
16,0.0056850263,0.9676935,2,20,0.0057483455,0.9979326,2,40,0.0013695211,1.005556,2,60,0.0012947426,0.97825515,2,80,0.00042180746,0.9407922,2,100,0.00426576,0.9075593,2,120,0.035305478,0.93022394,2,140,0.020323345,1.0068386,2,162,0.0037064282,1.0080659,2,200
17,0.0,1.0435101,2,20,0.0063086264,0.98682344,2,49,0.0047335904,1.0195817,2,73,0.02057151,0.9929651,2,93,0.0007078872,0.99163914,2,115,0.01979654,1.037749,2,135,0.0021916032,0.9593516,2,158,0.007014506,1.0190408,2,200
18,0.0,1.0451581,2,21,0.0,0.9949953,2,42,0.0039236373,0.99772894,2,62,0.0007821,0.95724237,2,82,0.0,1.0138266,2,102,0.006027218,0.9726958,2,127,0.0010259608,0.9659526,2,147,0.011508558,0.9358752,2,169,0.005792517,0.9865832,2,200
19,0.0044950433,0.97672576,2,20,0.0,0.96324146,2,41,0.00031739258,0.9340145,2,61,0.015305293,1.0234885,2,81,0.0070518292,0.98207074,2,102
20,0.0,0.999578,2,21,0.007669325,1.050763,2,41,0.0,1.0231794,2,65,0.016595794,1.0367198,2,88,0.012619896,0.96512735,2,117,0.0149897635,1.0289277,2,139,0.004984062,0.98798716,0,160,0.0086215995,1.0154493,2,200
21,0.0,0.979294,2,24,0.0017736275,0.9931456,2,46,0.00032450233,0.9586088,2,67,0.0078009353,0.96980697,2,88,0.020528348,0.917669,2,108,0.005095717,0.8218896,3,129,0.006562203,0.8461809,2,149,0.02393115,0.8603865,0,169,0.035102822,0.8798232,2,200
22,0.0077127214,0.93094903,2,23,0.0075090895,0.87104607,2,44,0.018824805,0.8787974,2,64,0.00075658865,0.9066812,2,85,0.025992969,0.91813,2,108,0.008200923,0.9753617,2,135,0.01152901,0.9707262,2,155,0.011712343,0.95890796,2,176,0.0067841164,0.9229234,2,200
23,0.005873154,0.97531587,2,20,0.004994184,1.0036023,2,40,0.027631275,0.9493725,2,63,0.018265331,0.98395824,2,85,0.0038273428,0.945592,2,106,0.0,0.8372527,2,127,0.014278189,0.81569153,2,149,0.05851228,0.796581,2,169,0.04560933,0.863391,2,200
24,0.0062812665,0.91058433,2,20,0.020860747,0.8642163,2,43,0.02133304,0.8071908,2,72,0.0,0.74832124,2,92,0.0,0.5845915,0,112,0.01656259,0.32652095,1,134,0.0,0.12923191,1,156,0.0,0.31917062,1,176,0.024788713,0.18259747,1,200
25,0.0,0.96468526,2,20,0.0023955458,1.0114459,2,44,0.012311036,1.0111336,2,65,0.0,0.96963346,2,86,0.014729557,1.0125484,2,108,0.023849795,0.95836055,2,128,0.009260548,0.9840989,2,149,0.02804171,0.9993351,2,169,0.04992557,0.9699692,2,200
26,0.003537052,1.0340893,2,21,0.013100315,0.96128833,2,42,0.024586283,0.8647391,2,63,0.030610973,0.9360231,2,86,0.021745697,0.75511616,2,106,0.0052714413,0.81071436,2,127,0.0,0.76088595,2,151,0.0,0.69613487,0,171,0.0006749133,0.47334456,0,200
27,0.0042614965,0.9933019,2,21,0.013680712,0.9422041,2,43,0.0033659276,0.986951,2,64,0.023696905,0.92469865,2,84,0.021249495,0.9584047,2,109,0.008630427,1.0252918,2,130,0.0002752639,0.9920992,2,152,0.046140254,0.9713818,2,173,0.007890628,0.8905281,2,200
28,0.0034476966,0.96220255,2,20,0.008194798,1.0225369,2,44,0.004214306,0.97540265,2,65,0.002755174,1.0381312,2,85,0.018550621,0.95144796,2,108,0.016830422,0.9539008,2,129,0.016116325,0.9832695,2,154,0.01022887,0.9550392,2,174,0.0037930603,0.99195045,2,200
29,0.014117485,0.99449146,2,20,0.0,0.9742171,2,40,0.016658071,0.99523175,2,60,0.0083961,1.0320777,2,81,0.01051187,0.97749776,2,101,0.0037751999,0.95250934,2,124,0.0,1.0878797,3,144,0.0023282315,1.082642,2,164,0.012485593,1.0390044,2,200
30,0.0,0.9938497,2,22,0.030734446,0.9602884,0,42,0.019417077,0.96162605,2,64,0.0043284534,0.9169753,2,90,0.024653358,0.90477484,0,112,0.016065678,0.93010175,2,133,0.0,0.97221893,2,154,0.021892862,0.9960339,2,175,0.06432999,0.942991,2,200
