0,0.0021741327,0.97580636,2,20,0.0067100287,0.9782289,2,40,0.0,1.0457793,2,60,0.003801012,1.016591,2,83,0.03038627,0.93923026,2,103,0.00624851,1.0258142,2,127,0.012792719,1.0257388,2,147,0.013976048,1.0218909,2,167,0.0,1.0228099,2,200
1,0.0049530254,0.9968721,2,21,0.005437574,1.0156943,2,43,0.0,1.0255568,2,63,0.004557436,0.9574507,2,92,0.0076070996,0.9461997,2,112,0.015779579,0.91114986,2,132,0.024599245,0.8081814,2,152,0.0013450426,0.76417786,2,173,0.0025632305,0.82730156,2,200
2,0.0,1.002316,2,20,0.0025138678,0.98263496,2,41,0.022954792,0.82899284,2,62,0.0,0.81599075,2,82,0.01033474,0.89338803,2,103,0.02064723,0.8848714,2,125,0.0286628,0.91378844,2,145,0.0042113243,0.88446105,3,168,0.032327946,0.8364948,2,200
3,0.005920542,0.95488226,2,20,0.0,0.8225928,2,41,0.0,0.698654,2,62,0.0,0.9160435,2,83,0.008007994,0.85683376,2,103,0.008988535,0.6279804,2,123,0.0,0.6868239,2,143,0.0,0.67578334,2,163,0.035530027,0.7905434,2,200
4,0.0,1.0090425,2,25,0.0057259975,1.0603254,2,46,0.011942259,0.9657322,2,67,0.036741298,0.9458064,2,87,0.0016452303,0.9920399,2,112,0.0031826973,0.95006114,2,132,0.025017343,0.9802022,2,157,0.0035721648,1.0492303,2,178,0.006448622,1.0306807,2,200
5,0.015125541,1.0099306,2,21,0.0011472803,0.9959208,2,43,0.024252173,0.9839982,2,63,0.016394176,1.0222163,2,84,0.0,1.0601565,2,104,0.017470995,1.0283988,2,124,0.018736538,0.97691983,2,144,0.015251292,0.9762203,2,164,0.043419845,0.92479545,0,200
6,0.015240026,0.92876416,2,20,0.053257488,0.7846892,2,43,0.058528107,0.62562233,2,64,0.035469346,0.68833977,0,84,0.0,0.6181413,0,104,0.0,0.36821598,1,124,0.0,0.39148036,0,144,0.0,0.33558762,2,164,0.019835792,0.37072212,1,200
7,0.014339973,0.967784,2,29,0.046223138,0.9353292,2,51,0.014823919,0.8566442,2,72,0.0,0.80560446,0,92,0.020741282,0.5576551,0,124
8,0.009884293,0.9250234,2,20,0.028419051,1.00375,2,46,0.016151207,0.9763463,2,70,0.0022516926,0.98321086,2,106
9,0.006706569,1.0292763,2,26,0.0,1.0067171,2,46,0.0,0.9318988,2,66,0.04008213,0.9534303,2,86,0.040764775,0.9653996,0,106,0.022880519,0.8824388,2,126,0.004525588,0.9254001,2,146,0.012022655,0.96468234,2,167,0.023695642,0.8876008,2,200
10,0.00458273,1.0183008,2,23,0.006977763,0.8898662,2,43,0.0024786342,0.962585,3,63,0.00031455484,1.015774,0,83,0.008608469,0.9465695,2,108,0.0,1.0170907,2,128,0.008830055,0.9533549,2,152,0.0011736171,0.94586885,2,172,0.0014337583,1.0000814,2,200
11,0.008485015,0.96723104,2,21,0.0031663913,0.9880552,2,41,0.016782157,0.93457514,2,63,0.035542868,0.97240704,2,84,0.005215496,0.98139364,2,108,0.00088246196,0.99147177,2,129,0.0,1.0574033,2,149,0.0,1.0878129,2,169,0.0074690375,0.9369511,2,200
12,0.018758684,1.007341,2,20,0.0073148496,0.99456704,2,41,0.0026598424,0.9933599,2,61
13,0.005965457,1.027456,2,22
14,0.0017245552,0.97838503,2,23,0.0031130395,0.995513,2,44,0.017715907,0.9041212,2,64,0.037782602,0.93358785,2,85,0.03986203,0.8629571,2,105,0.024815083,0.91437155,2,127,0.013630653,0.8668067,0,148,0.0011954593,0.88028127,2,168,0.035841085,0.91080034,2,200
15,0.02217721,0.94507074,2,20,0.012050638,0.9275239,2,40,0.002217029,0.80905247,2,60,0.015449606,0.84587896,2,80,0.0,0.89315546,2,100,0.006593949,0.7849199,0,121,0.0,0.79165244,2,141,0.0,0.8999506,2,164,0.018614404,0.7644118,2,200
16,0.0046423255,0.9799057,2,21,0.0026214847,0.9869632,2,43,0.008331175,0.9916608,2,67,8.23197e-05,1.0311834,2,87,0.021536324,1.1271261,2,110,0.0073382324,0.8841178,2,131,0.01291874,1.012757,2,154,0.01120254,0.9771645,2,179,0.0013726482,1.0506532,2,200
17,0.04042217,1.0021604,2,21,0.009916804,1.002476,2,42,0.037401814,0.9156512,2,62,0.0,0.83419997,0,85,0.0,0.3564587,1,107,0.0,0.2889734,1,127,0.0072606383,0.52790743,1,148,0.014051805,0.637086,2,168,0.007746083,0.86916107,2,189
18,0.0022441929,1.0451698,2,23,0.0071433373,0.92609525,2,48,0.005257766,0.9440096,2,70,0.023309808,0.9605921,2,93,0.0,1.0161989,2,113,0.0,1.018059,0,133,0.0043735835,0.9222908,2,153,0.016665323,0.94294876,2,174,0.0,0.9847604,2,200
19,0.0030878736,0.9891774,2,25,0.004072851,1.0132151,2,45,0.005394565,1.0031515,2,69,0.011043832,0.95975924,2,90,0.0017756658,0.95217055,2,110,0.0015518668,0.9759396,2,130,0.0049923933,0.9412805,2,150,0.007115359,0.9717328,2,170,0.012811536,0.98024875,2,200
20,0.04088483,0.98116285,2,20,0.0081728315,0.9203053,2,46,0.016245771,0.88075924,2,66,0.009377852,0.8670322,0,86,0.0,0.80301124,2,107,0.021260124,0.6503875,2,127,0.02996004,0.78470373,2,147,0.009922142,0.5980934,0,167,0.1125906,0.8042644,2,200
21,0.0033714878,1.025658,2,21,0.01972566,0.93218184,2,45,0.0,0.93708384,2,66,0.009777617,1.0004244,3,87,0.014877225,1.0428923,2,107,0.014511772,1.0343542,2,128,0.034407664,1.076144,2,148,0.0,1.04683,2,169,0.006692868,1.0414567,2,200
22,0.011691755,0.96618223,2,34,0.0060447943,1.0110793,2,61,0.009750694,1.0173743,2,82,0.012994884,0.9727825,2,112
23,0.031089734,0.9387207,2,20,0.02200091,1.070677,2,40,0.0,1.0989513,2,64,0.006073264,1.0375204,2,84,0.028244853,1.052236,2,104,0.0007697806,1.0223017,2,125,0.012086508,1.0027674,2,146,0.017430654,1.0118648,2,166,0.01728013,0.9956599,2,200
24,0.0,0.9484806,2,23,0.0013068755,0.9616337,2,44,0.004084542,0.95092934,2,64,0.0067388117,1.0111623,2,85,0.0065652323,1.0710114,2,106,0.0032268933,0.989223,2,127,0.011065936,0.9819371,2,147,0.002215171,1.0140214,2,180,0.005118914,1.0418128,2,200
25,0.004134996,1.0093567,2,20,0.006247159,0.9351392,2,44,0.0023180353,0.8996459,2,65,0.07425328,0.7772177,2,85,0.035416555,0.80765295,2,105,0.031529445,0.8341025,2,126,0.015765231,0.8844387,2,146,0.0021530534,0.7790736,0,167,0.109310985,0.5049081,2,200
26,0.0136140855,0.9910083,2,20,0.0071519753,1.0766351,2,41,0.0,1.022242,0,62,0.005123607,0.98126423,2,83,0.00630673,1.045197,2,105,0.00097140484,0.9970298,2,129,0.015722897,0.9446702,2,149,0.006013179,0.84457904,0,169,0.013321746,0.95720327,2,200
27,0.014709363,0.9704915,2,20,0.021049237,0.9990285,2,44,0.0060668862,0.95615864,2,68,0.012348281,1.0247076,2,89,0.040382333,1.00553,2,109,0.00030874275,0.9709913,2,129,0.0450415,0.9128,2,150,0.011115085,0.88109106,2,172,0.036756344,0.9135572,2,200
