0,0.0066693076,1.0219395,2,20,0.0,0.95871085,2,40,0.0,1.0664718,2,71,0.0,0.89782846,2,91,0.0,0.9440414,2,111,0.021936616,1.0634012,2,132,0.025313815,1.0258251,2,155,0.00067655096,1.0157646,2,175,0.01575328,1.011414,2,200
1,0.0012753471,1.0083756,2,20,0.0017539299,1.0157821,2,43
2,0.014214024,0.92308885,2,20,0.011151245,0.9614068,2,40,0.0118017625,0.88101023,3,60,0.0,1.0305575,2,80,0.0,0.77857184,0,102,0.003195564,0.79785424,2,130
3,0.002067367,1.0359907,2,37,0.0,1.0845962,2,57,0.0016047572,1.0328114,2,78,0.0,1.0594143,2,103,0.0069544613,1.0420061,2,127,0.012930934,1.0009027,2,147,0.013707201,1.0363278,2,167,0.025270808,1.0052599,2,200
4,0.0205363,0.9528248,2,22,0.031186834,0.9941193,2,42,0.02287643,0.98998904,2,67,0.0015080039,1.0357498,2,96,0.036006086,0.970459,2,116,0.019045053,1.0366213,2,136,0.025702154,1.0240705,2,156,0.0,1.016621,2,180,0.0028917417,1.0401837,2,200
5,0.010482102,0.96007156,2,20,0.006999403,0.9695618,2,42,0.004343577,0.91098523,2,64,0.0010787859,0.89413387,2,84,0.0,0.76011026,2,104,0.0053064707,0.86191046,2,127,0.0,0.89328593,2,147,0.0143480925,0.80656517,2,168,0.048411064,0.9244356,2,200
6,0.015695035,0.92363024,2,21,0.014186361,0.9451657,2,46,0.008393163,0.91157913,2,67,0.030700743,0.8042434,2,88,0.10210377,0.74199253,2,111,0.0,0.8097335,2,131,0.0028550797,0.776613,2,167,0.015346614,0.5764426,2,200
7,0.012820078,0.92540807,2,20,0.01211068,0.9440398,2,40,0.0041669384,0.900802,2,68,0.006077154,0.9840534,2,90,0.021103036,0.86646634,2,111,0.031035498,0.93802947,2,131,0.051643193,0.9630102,2,151,0.029079616,0.9330986,3,171,0.06867827,0.8900782,2,200
8,0.011079982,1.0071661,2,20,0.02781049,0.9601461,2,40,0.014457429,0.85726595,2,60,0.0,0.6865059,0,80,0.09277373,0.70390844,2,103,0.027749695,0.734724,2,124,0.0,0.54330456,2,145,0.0,0.4450323,1,167,0.0,0.5279695,1,200
9,0.00084149046,0.9791726,2,20,0.013755216,1.0281303,2,43,0.029579962,1.0204239,2,63,0.0133243,0.98538935,2,86,0.008033375,0.9168207,0,106,0.0,1.0074522,2,126,0.005508435,1.0215546,2,149,0.0,0.9577955,2,169,0.010720045,0.8376487,2,200
10,0.012776291,0.94616187,2,20,0.028002143,0.9716098,2,40,0.016165014,0.84491426,2,60,0.03271787,0.79099756,2,80,0.0,0.653623,2,103,0.17420007,0.5646208,2,124,0.0068866336,0.8452331,0,144,0.0,0.61600864,0,164,0.02937196,0.5058662,2,200
11,0.011973874,0.9203739,2,20,0.0045618108,0.9283234,2,41,0.0,0.9425602,0,62,0.0,0.9618204,2,82,0.021219669,0.90620553,2,102,0.0039908653,0.97029465,3,123,0.0,0.83142585,2,143,0.013327826,0.8637,1,164,0.01611779,0.6761163,2,200
12,0.0003089984,0.9970161,2,20,0.009461859,0.97849196,2,43,0.022546414,0.9022589,2,63,0.023351312,0.8691399,0,88,0.003928286,0.9774275,3,108,0.053676266,0.8982126,2,128,0.050527345,0.93941826,3,149,0.0,1.0693668,3,169,0.0019664823,0.8144735,2,200
13,0.011991762,1.0062997,2,20,0.006847469,1.0581832,2,42,0.006145151,1.0463582,2,73,0.0011262952,1.0616881,2,93,0.022472195,1.0490948,2,120,0.0061964197,1.0255535,2,140,0.008439406,0.9249589,2,161,0.040506285,0.7497402,2,200
14,0.00094743987,1.0115892,2,22,0.0,1.0087767,2,45,0.0067109303,0.9310763,3,68,0.015276049,0.97590446,2,89,0.0097705405,0.95845443,2,109,0.019996986,0.9039675,2,129,0.024827423,0.9237402,2,149,0.053678166,0.9413592,2,170,0.012280149,0.8886868,3,200
15,0.010710453,0.99443406,2,21,0.00025909123,0.99579924,2,41,0.0,1.0423441,2,66,0.0,1.0090135,2,101,0.008810564,1.0721337,2,129,0.008962339,0.9992442,2,149,0.009083114,1.0525963,2,169,0.0052330475,1.0104966,2,200
16,0.0022652703,1.0004314,2,20,0.0050307927,0.991014,2,41,0.0058772992,0.9865271,2,67,0.0,1.0289203,2,87,0.0,0.9574831,2,107,0.0,0.9413614,2,127,0.0019059964,0.98301756,0,149,0.012823383,0.925858,2,169,0.012339952,1.0089979,2,200
17,0.03482733,0.9737568,2,21,0.028231928,0.9820118,3,41,0.0,0.964299,2,61,0.021367034,0.9777557,2,81,0.02393109,0.92518777,2,107
18,0.0032525822,0.9893598,2,23,0.034069616,0.9587334,2,45,0.011450002,0.98108405,2,65,0.01864671,0.95301896,2,85,0.0063304617,0.94662315,2,105,0.018273555,0.9770792,2,125,0.017770309,0.95135844,2,150,0.05363562,1.0088838,3,171,0.059240177,0.9647018,2,200
19,0.0064009493,0.9679296,2,23,0.009262772,0.90436643,2,45,0.009871702,0.8594993,2,65,0.007323398,1.0107852,3,85,0.00044446334,0.9910868,2,108,0.00841845,1.0537887,3,128,0.009325913,1.1112369,2,148,0.012840251,0.9908808,2,168,0.0,0.9866648,0,200
20,0.004133374,1.0218439,2,23,0.0042864042,0.88611573,2,44,0.0,0.92699957,2,65,0.0,0.77931863,2,85,0.0,0.6360444,2,105,0.008570083,0.7743094,2,128,0.008243723,0.86833346,3,148,0.004998097,1.0149945,2,169,0.019864146,1.0044352,2,200
21,0.006123918,0.959778,2,20
22,0.0,0.9402382,2,23,0.034027524,0.82241714,2,44,0.033328,0.78357327,0,64,0.033338793,0.7620564,2,86,0.0,1.0201432,0,107,0.0,0.8613464,0,129,0.0,0.94120294,0,149,0.0,0.85139287,0,170,0.013867973,0.6182446,0,200
23,0.01019645,1.0242504,2,28,0.024841206,0.9503994,2,61,0.011527542,0.9767324,2,81,0.0059020063,0.99943334,2,101,0.01651425,1.0540729,2,121,0.0029502618,1.0140426,2,141,0.0037445389,0.96548843,2,161,0.0084561845,1.0383085,2,200
24,0.0005392366,0.99747676,2,24,0.008397536,1.0295018,2,44,0.000494707,0.9428886,2,64,0.0,0.92821085,2,84,0.0,0.9695595,2,104,0.0039204964,0.90869856,2,129,0.005364937,0.91792405,2,149,0.008559011,0.9395885,2,173,0.023069255,0.95049965,2,200
25,0.0046535474,1.0319144,2,20,0.009994624,0.9785638,2,47,0.0,0.99519014,2,70,0.014331612,1.0114425,2,94,0.001429811,0.9801707,2,115,0.026281837,0.96470183,2,135,0.0070313723,0.9135993,2,155,0.04167635,0.99294376,2,175,0.0034040958,1.0299186,2,200
26,0.001051143,0.99846345,2,23,0.0028025745,0.9995429,2,43,0.004987149,0.9813321,2,64,0.0052648797,1.0052987,2,85,0.008285568,1.0200132,2,116,0.0,1.0334095,2,139,0.0014252809,0.98401576,2,160,0.0067559867,0.8565804,2,200
27,0.004573499,0.94463086,2,22,0.0,0.98265266,2,46,0.01918317,0.8707784,2,66,0.014678493,0.8788719,2,90,0.0,0.92760164,2,113,0.0046108468,0.91335094,2,133,0.0,0.97086036,2,154,0.009904143,0.8685788,2,174,0.0091494825,0.87489086,3,200
28,0.018544093,0.95709425,2,31,0.0,0.9527554,2,54,0.004102645,0.9350015,2,75,0.004635255,0.9198636,2,95,0.0070948508,0.9855899,2,128,0.0,1.0625807,2,152,0.021711184,0.87438977,2,173,0.015702775,0.7300824,2,200
29,0.0018696247,0.9670669,2,23,0.0025171186,1.0431879,2,45,0.01805311,0.9575553,2,65,0.0,0.9755083,3,86,0.0074934536,0.97807896,2,106,0.0,0.89394325,2,131,0.0,0.93007576,2,151,0.012803349,0.9877054,2,171,0.014769205,0.9298538,2,200
30,0.0,0.987327,2,20,0.0,0.96609855,2,42,0.03679115,0.97007143,2,62,0.049345307,0.92247045,2,82,0.032847147,0.85453206,2,102,0.016414272,1.0085409,2,124,0.01845745,0.99390095,2,145,0.0064538145,0.96908396,2,165,0.00645088,0.9732533,2,200
31,0.0,1.0159167,2,21,0.017161487,0.9599878,2,41,0.014514725,0.9342438,2,62,0.008606201,1.0261362,2,82,0.006793587,1.0045701,2,102,0.032835077,0.87424654,2,125,0.0045860927,0.959816,2,146,0.01684772,0.9390961,2,167,0.019677829,0.7705878,2,200
32,0.00021587532,0.9867279,2,22,0.022732612,0.93225306,2,42,0.012492316,0.9442298,2,62,0.0,0.9453427,2,82,0.0009620332,0.960834,2,103,0.0,0.7723687,0,123,0.013280942,0.73233557,1,144,0.023508847,0.91631514,2,166,0.020767674,0.91540676,2,200
