0,0.00014723316,1.0229418,2,20,0.0,0.9441248,2,40,0.0,0.9477636,2,60,0.08087093,0.883146,2,80,0.0223497,0.92726314,2,100,0.022516407,0.8275568,2,129,0.026621625,0.80495435,2,149,0.004117521,0.80700856,2,169,0.044349432,0.73132604,2,200
1,0.000107874905,0.9683534,2,20,0.0013210251,1.017766,0,44,0.013422295,0.9504172,2,64,0.004288583,0.9696868,2,84,0.022296853,0.96740454,2,107,0.0,0.92644465,2,127,0.00046304116,1.0019581,2,161,0.0125796655,0.9471178,2,200
2,0.007281554,1.0162803,2,22,0.012239993,0.98014164,2,42,0.007099489,0.9444747,2,65,0.0045025684,1.0272901,2,85,0.008654416,0.96434796,2,105,0.011837477,0.99327916,2,126,0.002759482,1.0039915,2,149,0.015369302,0.9979435,2,179,0.0,1.0301962,2,200
3,0.0022435167,0.9700843,2,20,0.0020916942,0.9993674,2,40,0.0060921004,0.9442031,2,60,0.020185739,0.93733394,2,80,0.037807554,0.91058016,2,101,0.047053676,0.81633556,0,121,0.006877117,0.88193524,3,141,0.0,0.9935417,2,161,0.004501487,0.8146914,2,200
4,0.0053223455,0.98335004,2,26,0.037556704,0.9389249,2,46,0.021151824,0.95628464,3,67,0.012703492,0.90670574,2,88,0.020799851,0.88504,2,108,0.0027639465,0.9250406,2,128,0.018993799,0.98464763,2,148,0.0,0.8971233,2,170,0.0089012645,0.98330235,2,200
5,0.014557533,0.9949473,2,20,0.0027170978,1.0181898,2,40,0.020316841,0.89753985,2,62,0.029688057,0.948188,2,82,0.0684224,0.9239429,2,103,0.010246047,0.89609593,2,124,0.020591022,0.8560716,2,144,0.0,0.9093574,2,165,0.013607381,0.83515763,0,200
6,0.0,0.9599487,2,20,6.281631e-05,0.9802362,0,40,0.016880475,0.8691087,2,61,0.0153878415,1.0193729,2,85,0.0023090257,0.898281,2,106,0.014142445,0.956865,2,130,0.0,0.86749876,2,150,0.0029040843,0.7047384,0,171,0.0018854606,0.65442,1,200
7,0.0,1.0318376,2,21,0.007534194,1.0642954,2,44,0.005418219,1.0667237,2,65,0.013936584,0.9945628,2,86,0.014442525,0.9721357,2,108,0.0023471063,1.0000976,2,133,0.0,1.0648764,2,156,0.0047796415,1.0124762,2,176,0.0033996038,1.0222353,2,200
8,0.0054924665,0.9671108,2,22,0.024828352,0.973136,2,46,0.019469019,0.98869115,2,66,0.008485712,0.94103634,2,101,0.011068076,0.9953312,2,123,0.045724854,0.88625985,2,143,0.008092381,1.0016654,2,164,0.005613825,0.9940602,2,200
9,0.009243895,1.00192,2,21,0.0047951126,0.99577534,2,47,0.021681476,0.94288313,2,67,0.0,0.92005986,3,87,0.02219164,0.89456826,0,107,0.0,0.8881269,2,128,0.044462495,1.0229405,2,148,0.011891487,0.98116666,3,168,0.022512086,0.832997,2,200
10,0.0,0.9542319,2,20,0.0066507203,0.9770379,2,44,0.0,0.98326075,2,66,0.0002772173,0.9980181,2,86,0.0035144184,1.0672866,2,110,0.0,1.0467564,2,131,0.008359518,1.004084,2,153,0.018906487,0.91178757,2,175,0.0054826606,0.9353318,2,200
11,0.0051644957,1.0127228,2,20,0.0,0.944353,2,41,0.008409918,1.0198966,2,61,0.0,0.9682926,2,81,0.0010390618,0.9938466,2,108,0.013434302,1.0008271,2,130,0.0019171325,1.0674603,2,150,0.00074855424,1.0072515,2,170,0.006685757,1.0145391,2,200
12,0.0027735655,0.98447347,2,27
13,0.01549525,1.0149223,2,31
14,0.0,1.01997,2,22,0.004761999,0.97127306,2,42,0.0,1.017122,2,63,0.0062984033,0.9891035,2,103
15,0.0047147446,0.9940693,2,33,0.012807935,0.9955498,2,59,0.0013283738,0.92966104,2,84,0.0055524893,1.02688,2,105,0.029667702,0.9123688,2,125,0.0045990567,0.8877544,2,147,0.00904758,0.96102077,2,167,0.019361757,0.9509341,2,200
16,0.0,1.0013365,2,27,0.022339134,0.9758975,2,47,0.0011218687,0.97598183,2,68,0.0,1.0016888,2,88,6.4345266e-05,1.0397168,2,108,0.012596267,1.0413305,0,128,0.0,1.0328733,2,150,0.0064252005,1.0771712,0,170,0.00519646,1.0141643,2,200
17,0.0030906596,0.9686519,2,20,0.0,1.040332,2,53,0.007207769,0.9917635,2,73,0.0,1.0731946,2,97,0.005592527,0.98103184,2,119,0.00072056736,1.0299127,2,145,0.0069764475,1.0168735,2,171,0.0021709206,1.0408067,2,200
18,0.03540374,0.96626884,2,21,0.0032438121,1.0517623,2,41,0.02837492,0.998278,2,61,0.0054878667,0.83714086,3,81,0.017513549,0.8466774,3,101,0.0065176124,0.8488914,0,121,0.0008634164,0.89577246,2,142,0.0015479077,0.9534601,0,162,0.037603926,0.96258783,2,200
19,0.0025855491,0.9803063,2,21,0.0075384914,0.9473119,2,41,0.018398972,1.0350496,2,64,0.0,0.9963037,2,84,0.007058372,1.0417428,2,104,0.004704383,1.0319843,2,126,0.021418193,0.99040556,2,147,0.0,1.0650402,2,168,0.0060221464,1.0120101,2,200
20,0.0073299464,0.9965413,2,21,0.0066207205,0.9491882,2,43,0.015314256,0.9405594,2,63,0.0,0.9458624,2,83,0.0038050164,0.94724864,2,103,0.0049628275,0.98232937,2,125,0.041995246,0.9102627,0,145,0.011477843,0.92992306,2,165,0.02471938,0.9689226,2,200
21,0.0,0.9580305,2,20,4.601177e-06,0.98087156,2,41,0.020540392,0.98778915,3,61,0.001109977,1.0571535,3,81,0.0050859614,1.0347688,3,101,0.0056886883,0.86554164,2,121,0.0,0.97188884,2,142,0.0049456344,0.6961383,1,164,0.0,0.73793304,2,200
22,0.0076747173,0.97513026,2,20,0.0025591576,1.0169278,2,43,0.009694895,1.0552411,2,63,0.0153193055,1.0270662,2,95,0.003948707,1.0368978,2,120,0.01006517,0.9249877,2,140,0.013957177,1.044611,2,161,0.0020717052,1.0443659,2,200
23,0.021588901,0.9866675,2,20,0.017479546,1.120767,0,41,0.0,1.0383636,0,61,0.014597334,1.0353423,2,85,0.025773983,0.86276484,2,105,0.03090557,0.71641684,2,125,0.010773367,0.8295722,0,146,0.099349506,0.80342513,0,166,0.046791483,0.8254552,2,200
24,0.008393391,0.9824824,2,21,0.0,0.9657215,2,41,0.016196433,0.9858249,2,61,0.0013248732,0.9427962,2,82,0.0,0.91977954,2,103,0.0037638252,0.94269973,2,123,0.003341747,0.91845876,0,143,0.0,0.97361547,2,164,0.030737218,0.8927363,2,200
25,0.0034269027,0.95409095,2,20,0.0023657572,0.9657726,2,40,0.014189598,0.9584254,2,60,0.0024523698,0.95158464,2,82,0.00818282,0.9394094,2,102,0.0,0.85159475,2,124,0.00045176028,0.9141407,0,144,0.0,1.0107608,2,164,0.0071237483,0.96864104,2,200
26,0.0,0.97626674,2,20,0.016919665,0.97652817,2,44,0.0,1.0357171,2,64,0.027981883,0.9686343,2,84,0.0,1.0003248,2,106,0.0,0.9744544,3,126,0.0,0.971731,2,147,0.0040566684,0.9783666,2,173,0.0,1.005623,2,200
27,0.004274502,1.01201,2,27,0.00651336,1.0253103,2,47,0.0,1.0276251,2,68,0.0,0.9912178,2,90,0.036405504,0.95200783,2,117,0.0183354,1.0068303,2,139,0.019615224,0.988669,2,160,0.0014483469,0.9472324,2,200
