0,0.009230758,1.0410922,2,20,0.003957222,1.0271955,2,45,0.004081186,0.93024933,2,65,0.017190536,0.9632438,2,85,0.0,0.9848507,2,105,0.07872492,0.9402936,2,126,0.017601894,0.9334414,2,148,0.019528905,0.8845501,3,169,0.024415223,0.8421275,2,200
1,0.0027264224,1.0121672,2,26,0.005589581,1.1033729,2,49,0.0104088625,1.0864223,2,75,0.0,1.0056634,2,98,0.0025852956,1.0331402,2,120,0.0,1.0253052,2,145,0.009657742,1.0760958,2,165,0.000996793,1.0780861,2,200
2,0.0039172824,1.0214163,2,20,0.010258536,1.0045142,2,41,0.017907852,0.9613775,2,69,0.010098784,1.0134554,2,89,0.0068226643,0.9858486,2,109,0.004724998,0.98280084,2,129,0.00014771157,0.9978164,2,150,0.0033699102,0.9974472,2,173,0.018301334,0.9989562,2,200
3,0.022681318,0.92864174,2,21,0.016308468,1.0216115,2,41,0.01439744,0.8573583,2,61,0.007940844,0.96303463,2,81,0.0059080743,0.7632864,2,101,0.0,0.606757,2,121,0.0,1.0091121,0,142,0.018274425,0.65344703,0,162,0.120347425,0.4392417,0,200
4,0.0,0.99186295,2,20,0.019764718,0.9781121,2,40,0.0,0.92136204,2,66,0.020338597,0.9597923,0,89,0.024295848,0.8934323,2,109,0.019131782,0.8755633,2,129,0.0,0.905938,3,149,0.0,0.8356377,2,169,0.018561518,0.60850734,2,200
5,0.012955517,1.0193224,2,20,0.026053917,1.022476,2,40,0.0023973808,0.98329633,2,61,0.0,1.029486,2,81,0.02412924,0.9601795,2,103,0.004792258,1.008498,2,126,0.037227757,0.98273146,2,149,0.02639007,0.86997974,2,169,0.03663286,0.9294,2,200
6,0.0,0.9354745,2,20,0.0022414408,0.93961054,2,41,0.0009747641,0.9803508,2,61,0.0016876807,0.95293885,2,81,0.0,0.90027076,2,101,0.01563329,0.8853747,2,122,0.029050339,0.88561964,3,143,0.025484316,0.95811754,3,166,0.02041874,0.7552199,2,200
7,8.761191e-05,1.0237554,2,21,0.0142305195,0.9788712,2,41,0.0142482435,0.95153135,2,62,0.019026248,0.9293874,2,89,0.020712998,0.974658,2,109,0.008463446,0.9776774,2,130,0.004852984,1.086134,3,150,0.020358823,1.0551213,3,172,0.01707789,0.8121599,2,200
8,0.0038010865,0.99735355,2,22,0.00922239,0.9826081,2,43,0.0041498216,0.99404716,2,66,0.009704981,1.0011823,2,99,0.020952022,0.949839,2,119,0.0059854835,0.9960432,2,139,0.003463477,0.9941252,0,159,0.00038473462,0.9653937,2,200
9,0.0057765343,0.9662655,2,20,0.003032502,1.03177,2,40,0.0,1.0175462,2,61,0.009175041,0.94525754,2,82,0.0,0.9846573,2,102,0.012870149,0.9231191,2,123,0.0,0.9593496,2,145,0.0,1.0452029,2,165,0.0030224435,1.0318844,2,200
10,0.0,0.98624104,2,20,0.0027207155,0.977733,2,40,0.05505896,0.921277,2,62,0.0145070255,0.8390627,2,82,0.00929055,0.97138727,2,108,0.019416438,0.87997484,2,128,0.0072119394,0.93686163,2,148,0.01895221,0.9547271,2,171,0.0019727454,0.96357286,2,200
11,0.0061856783,1.0287746,2,25,0.0048577576,0.98061407,2,45,0.02577182,0.958065,2,67,0.0,1.0904224,2,87,0.0049759685,1.0493605,2,110,0.0020325314,0.97365254,2,130,0.0,1.0488335,2,150,0.014575938,1.0613669,2,170,0.012254279,1.0650488,2,200
12,0.0031757436,0.95977175,2,20,0.0,1.0036036,2,40,0.0,1.023309,2,63,0.0,1.0262659,2,87,0.005643732,0.9334012,2,114,0.0028766908,0.9114658,2,134,0.0,0.90411645,2,154,0.0,0.9301472,2,174,0.00042878033,0.9940729,2,200
13,0.017542016,1.0029813,3,20,0.013966929,0.9843916,2,41,0.0,1.0142392,2,62,0.022638192,0.9096251,2,83,0.023863098,0.8991551,2,106,0.0,0.8583505,2,130,0.033648044,0.82730967,0,151,0.00041142743,0.8099515,2,172,0.046806376,0.564238,2,200
14,0.0053659133,0.97966784,2,20,0.023803126,0.98400414,2,40,0.0081010545,0.92745125,2,60,0.016481064,0.94465685,2,89,0.008410657,0.93838054,0,109,0.03637318,0.9363051,2,137,0.0,0.7531055,2,157,0.0,0.7544237,2,177,0.0,0.51232475,1,200
15,0.019262398,0.9602379,2,23,0.0,1.108319,2,44,0.008397545,1.0823381,2,70,0.002055013,1.0204554,2,99,0.025040621,1.0346491,2,123,0.0014894085,0.9450437,2,154,0.0,0.96119183,2,174,0.0,0.895894,2,200
16,0.0,0.984779,2,21,0.0039212476,0.95476234,2,48,0.003249294,0.9693734,2,68,0.011430523,0.9942246,2,93,0.0,0.94990885,2,114,0.0,0.9469597,2,134,0.0,0.93427247,2,154,0.019025669,0.926342,3,174,0.014115538,0.8743154,2,200
17,0.019431155,0.9893142,2,23,0.004900535,0.98006564,2,43,0.0,1.0215882,2,63,0.015235428,1.0172105,2,86,0.037621073,0.96143174,2,108,0.0,1.0399996,2,128,0.026246516,0.90498126,2,149,0.0,0.9476983,2,169,0.0,0.9040896,2,200
18,0.018184382,1.0288177,2,23,0.0029121116,0.9974433,3,43,0.0,1.0399964,2,63,0.013644613,1.071982,2,86,0.0,1.048666,2,109,0.0252258,0.9663358,2,138,0.013198703,1.0078148,2,163,0.008298476,1.0169659,2,200
19,0.0025987588,0.97801924,2,20,0.023904214,1.0212238,2,40,0.02145712,0.95575434,2,63,0.0017129292,0.9875859,2,83,0.000118299045,0.943331,2,105,0.012589106,0.94880563,2,125,0.0,0.8148672,2,145,0.0,0.86561567,2,165,0.0,0.76756704,2,200
20,0.00037544194,1.028399,2,21,0.0066095293,1.0290176,2,41,0.016229054,0.95895374,2,61,0.011567737,1.0039343,2,85,0.0,1.0318105,2,105,0.015052,1.0251987,2,125,0.014592489,1.0278002,2,147,0.0076366914,0.9504284,2,169,0.017945694,1.0210761,2,200
21,0.0040597566,0.9646022,2,20,0.0030629039,1.0857413,3,40,0.020675207,1.001856,2,60,0.0,1.023557,2,81,0.012285633,1.0098126,2,101,0.0,1.0614305,3,123,0.0,1.0446393,2,143,0.0069022947,1.0332786,2,163,0.0052364394,1.0292317,2,200
22,0.0008490495,1.0186635,2,22,0.0030393873,1.0588846,2,46,0.004517776,1.0240479,2,68,0.0024386805,1.0386603,2,88,0.00067952235,0.93662786,2,109,0.016035322,0.9692237,2,129,0.0,1.0518612,2,150,0.02730817,0.9481602,2,170,0.0040950673,0.9602936,2,200
23,0.0075028287,0.9731428,2,20,0.00078997685,1.041624,2,44,0.0133772995,1.0011228,2,64,0.004368304,0.8236073,2,85,0.022803854,0.8247911,2,105,0.00038433075,0.7736648,2,126,0.013072717,0.8546829,2,146,0.0,0.86531955,2,166,0.053767174,0.68646204,2,200
24,0.0018557351,0.94923365,2,22,0.0,1.0240492,2,42,0.0,1.0585382,0,63,0.0022978217,0.9677866,2,83,0.0,1.0795428,2,104,0.010302949,1.0048742,2,124,0.0020375915,1.0231553,2,145,0.020284824,0.96453255,2,165,0.0032333792,0.98903245,2,200
25,0.00023839623,1.04725,2,21,0.0,1.0239035,2,41,0.015226072,0.99830997,2,61,0.0067496067,0.96705645,2,82,0.020399665,0.9703644,2,102,0.02100705,1.0612912,2,123,0.019558894,0.9905413,2,143,0.0026830758,1.1028774,0,163,0.00591558,1.0393763,2,200
26,0.0,1.0320162,2,33,0.016337063,0.9078741,2,53,0.010869109,1.055962,2,73,0.0028801567,0.88558793,2,102,0.0,0.9369744,2,122,0.0,0.8668429,0,143,0.0,0.98400795,2,166,0.0,0.8678495,2,200
27,0.0,1.0538226,2,20,0.011747588,1.0150304,2,40,0.013993448,1.0341251,2,61,0.0058487044,0.99978715,2,81,0.00031417373,0.9336294,2,104,0.0,0.97822964,2,124,0.0015897027,0.9972408,2,145,0.00078337867,0.96308273,2,173,0.0013415132,1.0129422,0,200
28,0.004367075,1.0427009,2,29,0.00040552756,1.0282365,2,54,0.0049387654,1.0130044,2,74,0.0036591708,1.0411015,2,94,0.008326445,0.9556249,2,115,0.0062994217,1.0015541,2,138,0.0,1.0306996,2,158,0.0,0.98136693,3,178,0.007920894,1.0270314,2,200
29,0.0,0.99069494,2,22,0.0028965583,1.0784049,2,44,0.0026548693,1.0493772,2,64,0.0,0.980522,2,84,0.0071235774,0.98935235,2,104,0.014665874,1.048187,2,124,0.0023292315,1.0165994,2,145,0.003412569,0.98807585,2,165,0.007439019,0.95125854,2,200
30,0.009242051,0.9964193,2,29,0.033326007,0.9835947,2,49,0.013069001,0.9405441,2,69,0.0111820325,0.97728664,2,89,0.011657094,1.0021964,2,128
31,0.002755161,0.94294965,2,21,0.022119367,1.0202723,2,41,0.023974383,0.9769732,2,71
32,0.0,1.0010155,2,22,0.0054979236,0.99697196,2,45,0.027773816,0.98682153,2,65,0.0012574386,1.0097271,2,85,0.0024241318,1.0103916,2,107,0.011108798,1.0160927,2,144,0.0096299,1.0112387,2,164,0.0024988134,1.0163075,2,200
