0,0.0022925024,1.0270575,2,21,0.011274408,0.9752854,2,41,0.026632525,0.9321206,2,62,0.018127142,0.9212657,2,85,0.02145275,0.9536638,2,105,0.00790635,1.004354,2,126,0.00051119074,0.8914641,2,146,0.0,0.8834142,2,167,0.0033680552,0.9506518,2,200
1,0.0019701726,1.0232867,2,25
2,0.010669657,0.99811304,2,20
3,0.008647464,0.9654249,2,20,0.003203888,0.956351,2,41,0.026058441,0.7880628,2,61,0.013481134,0.89188045,2,88,0.0019999912,0.96578664,2,108,0.015950803,0.8838665,2,128,0.003177525,0.79370975,2,148,0.024314888,0.82120556,2,170,0.025258534,0.8002874,2,200
4,0.029603913,0.94925994,2,34
5,0.0032696743,0.8711143,2,23,0.020112017,0.96088696,2,43,0.03169877,0.95893127,2,64,0.0076676086,1.0125237,2,84,0.049240883,0.9778335,2,105,0.015608801,0.9224175,2,125,0.01564153,0.81862277,2,145,0.0,0.8231063,2,168,0.01838329,0.8857555,2,200
6,0.005965414,0.9756111,2,26,0.001977395,1.0165524,2,47,0.025348632,0.98367494,2,69,0.0,0.9707629,2,89,4.6070043e-05,0.9558465,2,110,0.004191827,0.9314275,2,130,0.0,1.0122743,2,150,0.0029674133,1.0347329,2,175,0.013779794,1.0071117,2,200
7,0.0003200543,1.0440726,2,20,9.0855734e-05,1.0077213,2,40,0.022498073,1.0536888,2,75,0.0043657823,1.0400463,2,95,0.0,1.0670565,2,115,0.022294775,1.0407097,2,135,0.026098501,1.054493,2,155,0.0,1.073642,2,175,0.018661235,1.0493172,2,200
8,0.0065551745,1.0067828,2,26,0.0015316248,0.9912041,2,48,0.0,0.956525,2,70,0.006133491,0.94320136,2,90,0.0,0.8545264,2,110,0.004788483,0.8515131,2,130,0.015068785,0.8939486,2,157
9,0.0,1.0367334,2,21,0.012552388,0.9661671,2,42,0.017536908,0.98037136,2,74,0.0072714984,0.9562105,2,96,0.0096132625,0.98195875,2,116,0.001476677,1.0732653,0,137,0.0035973033,1.0008043,2,167,0.016185861,1.0350305,0,200
10,0.008111788,0.977265,2,20,0.06259128,0.9288839,2,40,0.017213536,0.93825364,2,62,0.0,0.8741691,2,83,0.0013274155,0.8473961,2,105,0.0,0.93159723,0,128,0.0,0.47570643,2,149,0.06587417,0.7727598,0,169,0.115238525,0.6191595,0,200
11,0.00036895604,1.0339657,2,21,0.008413808,0.9900451,2,42,0.0038962427,0.94941264,2,62,0.0,0.879732,0,82,0.0018998071,0.8036658,3,102,0.018251127,0.9273556,2,126,0.022020018,0.91689974,2,148,1.9813608e-05,0.8553716,2,168,0.06797573,0.8131963,2,200
12,0.0,1.0280904,2,20,0.0015520563,1.0585268,2,40,0.0031009105,0.95268667,2,60,0.0046444214,0.9777769,2,80,0.0,0.9638503,2,100,0.002926011,0.96734667,2,120,0.0041494863,0.98394966,2,142,0.028380778,0.7261002,2,163,0.088333234,0.77533185,2,200
13,0.0037278628,0.95460397,2,22,0.007673016,1.0035266,2,43,0.01314394,0.98538333,2,63,0.004860218,1.0080644,2,88,0.017007438,0.9053327,2,114,0.0,0.9578358,2,135,0.0028611638,0.93339777,2,159,0.015589779,0.9849004,2,180,0.0,0.9239707,2,200
14,0.015735136,1.0018952,2,20,0.0,1.0188526,2,40,0.0055838376,1.084597,2,60,0.0,1.0354849,2,80,0.0020528163,1.0608284,2,100,0.008288647,1.0204666,2,120,0.0073673176,1.0130875,2,140,0.006187371,0.9150089,2,160,0.015493539,0.9533353,2,200
15,0.008050349,0.9869334,2,20,0.0200106,0.9931013,2,42,0.0038655184,0.92365867,2,62,0.007219215,0.9855261,2,82,0.008105905,0.9458529,2,102,0.000764085,1.0294743,2,125,0.0,1.0092982,2,150,0.014214297,1.0988027,2,171,0.012793144,1.0543804,2,200
16,0.0,1.0073774,2,20,0.0040727574,1.0344144,2,52,0.0,1.0199673,2,72,0.0065402957,1.0118859,2,95,0.006415107,1.0161382,2,117,0.0072421404,0.9514847,2,142,0.005059544,1.0220643,2,163,0.007504694,0.9501411,2,200
17,0.014449288,0.9653925,2,23,0.026683081,0.9196406,2,46,0.021060701,0.8651165,2,66,0.016458271,0.9710023,2,86,0.012685403,0.902738,2,106,0.020978346,0.9395546,2,126,0.0028323513,0.9459569,2,147,0.017147643,0.99527967,2,169,0.018255634,0.97180676,2,200
18,0.006709706,0.9610838,2,21,0.06573575,0.9416176,2,41,0.05311654,0.94655544,2,62,0.0,0.93084854,2,83,0.016089033,0.83440286,2,103,0.0,0.6561541,2,123,0.0,0.6872862,2,144,0.008345276,0.89631176,2,164,0.016717084,0.97287124,2,200
19,0.0081417635,1.0183352,2,21,0.009802206,1.0465446,2,41,0.010824808,1.0223893,2,63,0.001768345,1.015304,2,83,0.0,1.0089962,2,105,0.029344436,0.941778,2,125,0.0,0.8973596,2,148,0.0,0.94311756,2,170,0.012988037,1.023331,2,200
20,0.013712432,0.9674216,2,29,0.0080872625,1.080392,2,49,0.016529644,0.89014924,2,75,0.004837869,0.94149697,2,95,0.011010656,0.8687903,2,115,0.021028884,0.87390244,2,135,0.075155005,0.8386005,2,155,0.03369489,0.827802,2,175,0.0,1.0298227,0,200
21,0.010912505,0.9635528,2,20,0.012247694,1.0232351,2,44,0.03682572,0.9785204,2,66,0.03194207,0.9547728,2,88,0.009716057,0.97354645,2,114,0.0,0.94971097,2,134,0.0,0.9209708,2,154,0.015602273,0.70835644,2,174,0.008029127,0.6496508,2,200
22,0.010919073,1.025874,2,25,0.0050077364,1.092497,2,45,0.00015987344,1.0371604,2,65,0.0064605656,1.0770973,2,87,0.0,1.0181226,0,109,0.010310332,1.0300432,2,130,0.008680801,1.056665,0,151,0.00022226344,1.0976845,0,173,0.00337255,1.0150942,2,200
23,0.0005848548,1.0268921,2,23,0.0,1.036701,2,49,0.0,1.0575734,2,72,0.0032552774,0.97895753,2,92,0.0,0.9104742,2,114,0.0,0.9013417,2,141,0.017025588,1.0408252,2,169,0.0062072356,1.0301132,2,200
24,0.01661831,1.0222867,2,20,0.0027554303,0.97922605,2,42,0.031442493,0.9922158,2,62,0.010282701,0.95737433,2,87,0.01756295,0.84529436,2,107,0.035015337,0.9441694,0,127,0.0,0.95047337,3,151,0.0,0.84770143,2,171,0.026465777,0.71261966,2,200
25,0.0030052708,0.9798456,2,21,0.004755542,0.9664637,2,43,0.022158548,0.9702118,2,63,0.0023992609,0.89499366,2,86,0.026566857,0.89677083,2,108,0.0,0.95987093,2,129,0.0,0.9996791,2,152,0.0002935875,1.0605242,2,174,0.0033917692,1.0320786,2,200
26,0.020034257,0.9936717,2,21,0.0011326846,1.0461954,2,42,0.0,1.0024039,2,62,0.008605149,0.92744124,2,85,0.0,0.9584272,2,112,0.012622759,0.9134167,2,132,0.022826761,0.8451378,0,152,0.0,1.0294253,2,172,0.021111498,0.7819959,0,200
27,0.0,1.0342147,2,20,0.0,1.016117,2,41,0.0025222958,1.1038569,2,61,0.02448555,1.0262674,2,81,0.003629313,1.0705462,2,105,0.009765608,0.8932757,2,126,0.0038684788,0.9822878,2,147,0.0,0.9093716,2,168,0.042260878,0.85279375,2,200
28,0.0050038933,0.9953328,2,28,0.005573167,1.0804322,2,50,0.017758612,0.969797,2,70,0.02459453,0.9736088,2,90,0.0040250085,0.93698096,2,114,0.0064857816,0.9833379,2,135,0.00082755834,0.96948946,2,155,0.015435042,0.85202533,2,176,0.0,0.88350576,2,200
29,0.022946183,0.9299079,2,20,0.0066537787,1.039778,2,43,0.021654986,0.924136,2,70,0.0,0.9600771,2,92,0.0,0.9136976,2,112,0.016083613,1.0284944,2,133,0.0055477484,0.9882871,2,162,0.0026355304,0.84086245,2,200
30,0.031123731,0.93083227,2,21,0.017663676,0.85083044,2,42,0.011374949,0.7933662,2,63,0.04097243,0.90703297,2,83,0.009066363,0.896235,2,103,0.0,0.6189107,0,123,0.032619096,1.0399685,3,143,0.0,0.8028687,0,163,0.017892106,0.31070146,0,200
