0,0.05618447,0.9015957,2,20,0.00082135596,0.9104809,2,42,0.04653167,0.84336627,0,62,0.007985752,0.5235609,0,83,0.0013810566,0.6128434,2,104,0.0,0.46663806,0,125,0.09051798,0.5617061,0,145,0.091791436,0.50908196,2,166,0.029977575,0.54920465,2,200
1,0.0054856986,1.0243361,2,20,0.01575533,1.0040264,2,40,0.006466967,1.0467881,2,60,0.0036068456,1.0311948,2,82,0.0,1.0692632,2,103,0.005394968,1.0398766,2,125,0.0045725736,1.0849041,2,145,0.017042173,1.0103722,2,167,0.0013011863,1.0600427,2,200
2,0.0,0.9786691,2,22,0.0,0.9506798,2,46,0.0,0.95230716,2,73,0.02780085,0.9793084,2,96,0.0046286173,0.98300105,2,117,0.0,0.93796533,2,139,0.0051720333,0.94843435,2,160,0.008344135,0.9414207,0,180,0.0069368617,0.9098937,2,200
3,0.0006621632,0.9781085,2,25,0.0041753636,1.0420549,2,46,0.0,0.999158,2,67,0.003867139,0.9958386,2,96,0.0,1.0217255,2,116,0.0063713705,1.0590346,2,137,0.0,1.0124285,2,161,0.0101519255,1.0347513,2,200
4,0.0029061555,0.9907462,2,20,0.013556399,0.9051917,2,41,0.008716538,1.035016,2,61,0.0032451034,0.9228738,2,81,0.029053759,0.90125513,2,101,0.0,0.86791295,2,121,0.008546735,0.8825612,2,144,0.0,0.9023263,2,164,0.0062353867,0.96669936,2,200
5,0.003182367,0.9842379,2,26,0.0,1.0641594,2,49,0.010715829,0.99916613,2,69,0.001285548,0.9634752,2,89,0.0,1.015077,2,109,0.0,1.0366873,2,129,0.0,0.9349338,2,150,0.0,1.0130991,2,171,0.0008596757,0.9907921,0,200
6,0.0,0.983568,2,22,0.0015047484,0.9697033,2,44,0.021491049,0.95941144,2,64,0.011925754,0.92163616,2,86,0.0088131735,0.99812293,2,109,0.009079346,1.0292523,2,129,0.009398618,0.99191684,2,149,0.02146607,0.96199733,2,169,0.0013699536,1.0167705,2,200
7,0.022840597,1.019202,2,20,0.0,1.0078144,2,45,0.007859791,1.0221503,2,66,0.0016127825,1.0688783,2,88,0.0,1.0471625,2,110,0.017738523,1.0405434,2,134,0.006282265,1.0236264,2,165,0.0011191887,1.0836731,2,200
8,0.00014191172,0.9602786,2,22,0.013615387,0.8931037,2,43,0.0,0.9758851,0,63,0.0014706842,0.89943725,2,83,0.0,0.7436843,2,110,0.0,0.74009526,2,150
9,0.0030218028,0.9612905,2,20,0.03467991,0.95721024,2,40,0.0,1.0079361,2,60,0.004772376,0.9932085,2,82,0.0,0.97143084,0,104,0.0,0.90494895,0,126,0.0,0.7558586,2,146,0.011759677,0.89719284,0,166,0.010213401,0.7863137,2,200
10,0.0,1.0472573,2,20,0.006572681,1.0465803,2,41,0.0018243698,1.0003165,2,65,0.007776506,0.9786489,2,88,0.013558991,1.0561235,2,108,0.016063757,0.9998602,2,129,0.00063652836,0.9861147,2,149,0.000855195,0.9567645,2,169,0.0,0.9818623,2,200
11,0.0,0.99508137,2,31,0.0046500303,0.9522986,2,52,0.010635863,0.9993068,2,72,0.007016155,1.085145,2,93,0.003114056,1.0135968,2,113,0.0034768656,0.9463662,2,133,0.016464185,0.9690509,2,153,0.0035701755,0.95078546,2,173,0.019847034,0.9214042,2,200
12,0.0058896444,0.8860213,2,20,0.0,0.81126904,2,41,0.0022591385,0.75787985,2,61,0.00056257297,0.7287554,2,82,0.012572828,0.7059648,2,104,0.0,0.68983686,2,124,0.0,0.7129721,0,148,0.0,0.5233693,1,169,0.015343191,0.6775115,2,200
13,0.014402953,0.9490968,2,21,0.0025451763,1.0006196,2,49,0.0,0.9914913,2,70,0.005863703,0.9719995,2,90,0.0015024666,1.0373534,2,113,0.014841355,0.9752142,2,133,0.020460298,0.90438855,2,153,0.0058458666,0.93890816,2,174,0.013435576,0.88450706,2,200
14,0.0,1.0352356,2,20,0.0019072135,1.0096588,2,41,0.004267699,0.9817131,2,61,0.0,0.967103,2,81,0.0077824644,0.96513784,2,102,0.003065047,1.0278734,2,122,0.017514508,0.96304625,2,151,0.0,1.0745848,2,173,0.0027118828,1.0308329,2,200
15,0.0,1.023778,2,23,0.023487147,0.97748023,2,51,0.0,1.0244677,2,72,0.028636944,0.9853361,2,92,0.008172743,0.96182203,2,113,0.029738395,0.9718956,2,134,0.010670981,0.92267126,2,156,0.0076222015,0.9423838,2,200
16,0.00094782136,0.9757439,2,21,0.009264072,0.97263175,2,41,0.014819636,0.9315418,2,62,0.0,1.0329485,2,83,0.0012893499,0.98241425,2,103,0.013051145,0.95565283,2,123,0.00025915253,1.0391002,2,143,0.0013687117,1.0532843,2,164,0.0135479905,1.0353314,2,200
17,0.0,1.0403063,2,20,0.0,0.98236084,2,44,0.0021791984,0.9627198,2,70,0.0039304807,1.0261338,2,90,0.005219307,0.9513307,2,122,0.0036039534,1.0599607,2,143,0.006093735,0.9435287,2,165,0.030426161,0.9874686,2,199
18,0.0035720202,0.95399183,2,21,0.014385839,1.0069746,2,42,0.011362947,1.0156159,2,71,0.0,0.98400533,2,91,0.003842067,1.0360458,2,111,0.0022181766,0.9998046,2,140,0.025382968,0.9866531,2,161,0.011419536,0.9896427,2,200
19,0.0078589665,1.0136149,2,21,0.037661426,0.9408911,2,41,0.015767287,1.0231692,2,64,0.004504469,1.0295843,2,85,0.0,0.99589956,2,105,0.02762169,0.88452923,2,125,0.0036149076,0.9075364,2,148,0.012863539,0.90099084,0,168,0.009621781,0.943545,0,200
20,0.014982584,1.0074717,2,23,0.0033056673,1.0027914,2,47,0.0,1.0303285,2,68,0.0063582645,0.98803014,2,88,0.0,0.99081135,2,108,0.0,0.9719118,2,128,0.0021205503,0.9678934,2,149,0.013461644,1.004754,2,169,0.01793867,0.96062243,2,200
21,8.6497326e-05,1.0165479,2,20,0.023178434,1.0234668,2,40,0.0036335026,0.865552,2,61,0.013931123,0.95479876,2,83,0.013880627,1.0317366,2,103,0.0152884545,0.80136186,2,123,0.0,0.9664124,2,143,0.011520101,0.92164713,2,166,0.032546908,0.8567388,2,200
22,0.0022486341,1.0106661,2,20,0.009967205,0.9696517,2,45,0.0,0.9831131,2,67,0.0012101408,0.91868085,2,87,0.01516775,0.9735936,2,108,0.0,0.93992996,2,129,0.012677203,0.93857294,2,153,0.0052202544,1.0499568,2,177,0.013137591,0.9235179,2,200
23,0.0,0.9622928,2,20,0.0060514947,1.0115898,2,40,0.014940837,0.95397013,2,60,0.021089131,0.89103967,2,80,0.016602023,0.95192856,2,101,0.024921272,0.8613523,2,121,0.0019290646,0.9526292,2,141,0.0,0.96999514,2,161,0.0017049107,0.6741835,2,200
24,0.020668868,0.90595615,2,20,0.048734974,0.9529212,0,40,0.0,0.89691675,2,60,0.0,0.79025584,0,81,0.0,0.8528651,2,101,0.0,0.8994152,0,121
25,0.008026373,0.9558829,2,26
26,0.01413613,0.9899689,2,21,0.028280806,1.0046477,3,42,0.0043561566,0.9820662,3,63,0.031650275,0.87788296,0,83,0.006956653,0.9079615,2,103,0.0,0.8219986,2,123,0.002260713,0.73609304,2,143,0.0,0.7159758,1,164,0.0057521514,0.8184054,2,200
27,0.0,1.0049038,2,21,0.0071067624,1.0098544,2,42,0.010973024,0.98470926,2,62,0.0073975427,0.95010304,2,84,8.548014e-05,1.0059744,2,109,0.00545174,1.0234765,0,129,0.020622829,0.9926634,2,149,0.016288405,1.0050992,3,169,0.016401818,0.9505219,2,200
28,0.0,1.0391154,2,27,0.0,1.0790641,2,48,0.0,1.0812426,2,68,0.0040220534,1.0135804,2,88,0.0,1.0022678,2,108,0.005616267,1.0391473,2,128,0.0,1.0835444,2,150,0.0004631539,1.0300235,2,171,0.003977036,1.0124915,2,200
29,0.021430317,0.93048906,2,20,0.006068145,0.9170707,2,40,0.0,1.0928675,2,60,0.011036098,0.98811555,2,83,0.0004976044,1.0106629,0,103,0.00023488372,1.0120523,2,124,0.0,1.0401387,2,145,0.00015627984,1.1613244,2,165,0.012792943,0.94561607,2,200
30,0.0033801282,1.0105492,2,23,0.002991302,1.0053256,2,44,0.0042363293,0.9064304,2,64,0.0,1.0911131,2,84,0.025827518,0.9893095,2,104,0.00042995374,0.9576101,2,127,0.0024366858,0.9537309,2,147,0.0,0.9190669,2,168,0.0,0.82115567,2,200
31,0.0,0.96351373,2,20,0.0,0.90665275,2,41,0.0,0.9092591,2,62,0.0,0.77872044,0,82,0.0021344717,0.6188203,2,102,0.0,0.61433744,2,123,0.0,0.5132808,1,145,0.0,0.68129545,2,167,0.016258527,0.5267722,2,200
32,0.002035025,1.01587,2,20,0.00904782,0.96066093,2,45,0.000806915,1.0232311,2,68,0.001824311,0.94551545,2,88,0.0,1.0483135,2,108,0.0038623293,0.9950635,2,129,0.02397627,0.96964884,2,150,0.0010684088,1.0030235,2,170,0.00047800737,1.0560044,2,200
33,0.021253848,1.009539,2,20,0.011086438,0.93073356,2,40,0.014105138,0.9308176,2,60,0.007168452,1.0317981,2,83,0.02005536,0.9673172,2,111,0.01280363,0.969213,2,134,0.010225038,0.89166546,2,154,0.0,0.81424695,2,175,0.0,0.6901338,2,200
34,0.010230929,0.96601504,2,20,0.0,0.97664756,2,42,0.005255857,0.9901088,2,62,0.013117024,1.0465592,2,86,0.018083634,0.92228585,2,106,0.0,0.9293501,2,127,0.0022519596,0.86799884,2,149,0.0104378415,1.1263515,2,169,0.0047551715,1.0338362,2,200
35,0.0011525161,1.0333166,2,22,0.0061096414,1.0367755,2,45,0.0,0.999413,2,66,0.0064558857,0.92487794,2,91,0.0036201547,0.9693725,2,112,0.0071569816,1.0206735,2,132,0.0060963095,0.96110594,2,152,0.08393215,0.88455963,0,172,0.027053403,0.8943348,2,200
36,0.009253823,0.9451065,2,24,0.001676666,0.99817437,2,44,0.01595744,0.97774845,2,66,0.0104804365,1.0130078,2,91,0.014252596,0.982956,2,114,0.0020761646,1.0900912,2,134,0.0053430824,1.0115774,2,155,0.013958766,0.96598846,2,176,0.0,0.9385055,2,200
