0,0.0,1.0220804,2,21,0.0,1.0069573,2,41,0.0047390363,0.98516387,2,65,0.024521256,0.9765786,2,85,0.004982717,0.93595886,2,108,0.010449404,0.9177311,2,133,0.0,0.91427314,2,159,0.002615796,0.9936578,2,200
1,0.0,1.0269136,2,22,0.0029203384,1.0149872,2,42,0.0055639036,0.93525,2,62,0.007888434,0.9461931,2,82,0.011518265,0.9648294,2,103,0.0,0.8533641,3,124,0.005398859,0.9138638,3,145,0.0,0.7706727,0,166,0.03641509,0.81371456,2,200
2,0.017748298,0.9710919,2,20,0.016802687,1.0233221,2,40,0.0,0.96368766,2,64,0.0,0.777686,2,84,0.0,0.8910141,2,104,0.0,0.8807645,2,124,0.0,0.9012612,2,144,0.027275521,0.872643,2,164,0.0024501716,0.8766678,2,200
3,0.0,0.9588027,2,21,0.0067175273,0.96409327,2,43,0.0,0.96056324,2,70,0.0046304506,0.90639406,2,96,0.03233426,0.91828334,2,116,0.00940615,0.98930675,2,136,0.056369454,0.89471453,0,156,0.056620933,0.8166563,2,176,0.01632498,0.8264511,2,200
4,0.013964834,0.97608155,2,20,0.0,0.9071617,2,40,0.009757202,0.9434823,2,60,0.0039917044,0.9830185,2,81,0.0031766256,0.9778609,2,104,0.001038058,0.91234887,2,124,0.0023766817,1.0395516,2,144,0.0016709365,0.9648157,0,168,0.0,0.9802814,0,200
5,0.0033825825,1.0840057,2,21,0.0,1.0731871,2,41,0.0,0.9982268,2,71
6,0.0,0.9742058,2,20,0.0054886816,0.9190609,2,40,0.0030074448,1.0257864,2,60,0.0,1.0064342,2,83,0.029403072,0.9855701,2,103,0.0011034667,0.98702,2,124,0.014891819,1.0090456,2,149,0.002432504,1.0283592,2,175,0.010677874,0.98683256,2,200
7,0.00014163405,1.0668547,2,20,0.0012748425,1.0322882,2,40,0.0019299391,0.90746176,2,63,0.0051910197,0.94997656,2,83,0.0,0.9105856,2,103,0.0,0.96010447,2,123,0.019719537,0.9133375,2,143,0.0,0.96273196,2,171,0.0,0.80374134,2,200
8,0.0,0.97854555,2,23,0.0040306314,0.8418126,2,43,0.023088375,0.89078027,2,63,0.0,0.9500748,2,83,0.03713184,0.9215598,2,104,0.0,1.021005,2,126,0.009949733,0.9839641,2,147,0.008041272,1.0300713,3,167,0.0,0.89513123,3,200
9,0.00032633403,0.97796184,2,20,0.033407938,0.9755979,2,41,0.00020976765,1.0232902,2,68,0.010342301,0.9196655,2,88,0.011792139,0.934341,2,110,0.023065263,0.9046933,2,131,0.018037096,0.93662816,2,152,0.0043501086,0.8363835,0,172,0.042545713,0.83512956,2,200
10,0.020912528,1.0083932,2,26,0.0,1.0485462,2,46,0.011867771,0.9881755,2,66,0.006915259,0.97565895,2,91,0.010059767,1.0311002,2,113
11,0.0023136106,0.97701263,2,23,0.0057205493,0.9543961,2,51,0.009432747,1.046676,2,74,0.0,1.0558902,2,105,0.0043781893,1.0013171,2,135,0.00068371603,0.9946638,2,156,0.0028433194,1.0749177,2,200
12,0.025392372,0.9456506,2,20,0.006921854,1.0090649,2,40,0.004935114,0.92060775,2,60,0.020706404,0.93121547,2,80,0.0,0.9249557,2,110,0.023635434,0.8764752,0,130,0.0,0.57724416,2,150,0.0,0.56161535,1,170,0.016692197,0.5583354,2,200
13,0.002962721,1.0516416,2,20,0.012145077,0.9686807,2,41,0.006194215,0.9567914,2,62,0.0,0.8964519,2,84,0.025004784,0.9536679,2,105,0.02408482,0.8679966,2,127,0.026583796,0.98246634,2,149,0.0052828994,1.2122793,2,170,0.032620456,0.8994505,2,200
14,0.0,0.9793644,2,20,0.0007178557,1.0772425,2,44,0.014323411,1.0165634,2,64,0.0066763903,0.9824943,2,86,0.009737727,0.9105301,0,106,0.0,0.8922474,2,126,0.010264569,1.0575182,3,146,0.0,1.0673902,2,166,0.0010386258,0.97494686,2,200
15,0.0004750425,0.96797687,2,20,0.030323794,0.95429343,2,40,0.0,1.030195,2,60,0.01238126,0.9946348,2,84,0.012712145,0.9457533,2,104,0.0,0.96457833,2,125,0.0047916723,0.93269503,2,148,0.0056246426,0.99473906,2,169,0.033526134,0.89327955,2,200
16,0.0048469175,0.97648025,2,34,0.0,1.016175,2,54,0.010962298,1.0772691,2,74,0.0,0.9998314,2,98,0.010862927,0.938906,2,119,0.01574719,1.0060674,2,146,0.012457882,1.0641066,2,167,0.0003654833,1.0458562,2,200
17,0.0,1.0207578,2,27,0.046788584,1.0185618,2,49,0.023554921,1.0113044,2,69,0.0,0.98849285,2,89,0.0078423815,0.96584034,2,109,0.016709799,0.96583307,2,129,0.01947095,0.95034534,2,150,0.05378139,0.8848316,3,170,0.005642323,0.94597036,2,200
18,0.0016858603,1.0115023,2,20,0.0035577836,1.040237,2,42,0.0034798405,1.0337024,2,63
19,0.0006372389,0.9820496,2,20,0.007038402,0.91275626,2,40,0.035887223,0.8946107,2,60,0.014924084,0.94860923,2,80,0.0014653744,0.9538281,2,101,0.011852811,1.0093788,3,122,0.030643923,0.862397,2,146,0.0,0.74949497,2,166,0.022596737,0.77572906,2,200
20,0.0,1.0049416,2,24,0.0017289281,0.98968095,2,44,0.0067410776,1.0109391,2,64,0.0037011171,0.98047215,2,88,0.0,1.0016102,2,108,0.0011368993,0.9555466,2,129,0.0,1.0606151,2,155,0.0,1.069927,2,175,0.008803766,1.0227709,2,200
21,0.0004056481,1.0251645,2,30,0.008871553,1.0076985,2,50,0.0064576543,1.0186262,2,71,0.006021516,1.0161871,2,95
22,0.0,0.96063995,2,20,0.0012070226,0.962663,2,40,0.013509542,0.99381274,2,60,0.02872233,0.80677986,0,80,0.01097958,0.89566475,0,105,0.026123023,0.8509248,0,125,0.013990434,0.867833,2,145,0.030799959,0.9107464,2,165,0.068281345,0.908383,2,200
23,0.006286632,0.9686706,2,21,0.004940774,0.9698951,2,43,0.010843421,1.0411988,2,65,0.028229177,0.9758253,2,85,0.010714796,0.94910157,0,105,0.00076456735,0.9452733,2,125,0.002617461,0.9748948,2,146,0.013943,0.9719163,2,166,0.030088881,0.9791392,2,200
24,0.024740819,0.9782098,2,20,0.0055755214,0.9350825,2,41,0.005550406,0.9930546,2,62,0.014855178,1.0241264,2,82,0.032208826,0.97742873,2,103,0.0,0.98752177,2,123,0.0054962477,1.0481046,2,144,0.0,0.75917494,2,166,0.0861815,0.7426287,2,200
25,0.0023901355,1.0329385,2,23,0.016197976,1.0095167,2,43,0.0036652968,0.9767199,2,64,0.009792774,0.9450533,2,87,0.031390466,0.971635,2,107,0.021736944,0.944691,2,127,0.012547472,0.9768475,2,148,0.028519481,0.972383,2,168,0.05608215,0.91523844,2,200
26,0.02113748,0.9313401,2,26,0.0,1.0014527,2,52,0.00813512,0.99524504,2,75,0.0,1.0001107,2,95,0.0003453284,0.9749398,2,116,0.0081742285,0.96227205,2,138,0.01129708,0.97168696,2,158,0.0,0.98652077,2,178,0.010713663,1.0033522,0,200
27,0.0,1.023359,2,20,0.013246995,0.969992,2,40,0.021962153,0.93143064,2,62,0.018206988,0.9449866,2,91,0.010337142,1.0000955,2,111,0.0127761075,0.9422039,2,133,0.0056089126,0.8731593,2,153,0.0,0.8015974,2,173,0.011190177,0.84924734,2,200
28,0.015893226,0.9644936,2,24,0.0031128626,0.9148135,2,52,0.0020724782,0.83648247,2,74,0.017619468,0.94521266,2,95,0.030678343,0.9256865,2,120,0.03788222,0.9116875,2,141,0.0,0.9075454,2,161,0.010821257,0.99765915,2,200
29,0.024007775,0.9554984,2,20,0.014802615,1.0411468,2,40,0.008947106,0.9505169,2,60,0.041415498,0.86769503,2,80,0.0,0.930271,2,100,0.004305234,0.813207,2,135
30,0.006707783,0.9586792,2,20,0.0,0.8654774,2,40,0.0,0.75888026,2,60,0.0,0.6284273,1,81,0.0,0.66414076,1,101,0.005007197,0.8192309,2,121,0.0,0.8270384,2,147,0.0,0.6860226,1,169,0.018971885,0.68903387,1,200
31,0.014132773,0.94167346,2,40,0.008834788,0.9797731,2,65,0.0,0.9118204,2,85,0.011423612,0.9740597,2,105,0.0,1.0689653,2,125,0.011555346,1.029694,2,145,0.0,1.0076358,2,165,0.008430617,1.0134923,2,200
32,0.011469851,1.0493214,2,20,0.0037727065,1.0324768,2,41
33,0.023474477,0.9794566,2,21,0.01997022,0.95893526,2,41,0.035883266,1.0152051,2,61,0.0,0.97447515,2,82,0.0,0.96179277,2,102,0.0042987633,0.9476468,2,127
