0,0.0101550175,1.0364736,3,21,0.009268882,0.95808697,2,41,0.0031174826,0.9205942,2,61,0.009218973,0.8086235,2,85,0.0,0.5351255,2,106,0.0,0.42603052,2,128,0.0,0.3428666,1,148,0.0,0.4688355,0,169,0.0141318515,0.47995448,2,200
1,0.0027267216,1.0443269,2,36
2,0.011868883,1.0280316,2,26,0.0,1.0299692,2,49
3,0.024064334,0.9865083,3,27,0.0040188543,1.0005662,2,48,0.024059067,0.95142317,2,68,0.0,0.90795815,2,88,0.0063968725,0.9293863,2,108,0.016588308,0.9078145,2,129,0.012429675,0.91893446,2,149,0.0,0.88006175,2,170,0.002110537,0.83982503,2,200
4,0.016457584,0.9428517,2,20,0.013564524,0.98694265,2,41,0.0,0.990179,2,78,0.004642341,0.98899174,2,100,0.0102732545,0.97546375,2,126,0.010184498,1.0659938,2,147,0.02342243,0.943968,2,171,0.026961781,0.99522775,2,200
5,0.0051953765,0.9697402,2,21,0.010057639,0.9100737,2,43,0.022903612,0.93937355,2,64,0.0,0.97515035,2,85,0.013648267,1.0045258,2,112,0.00043119933,0.97105616,2,133,0.0016906392,0.99284995,2,153,0.015487434,0.9294523,2,173,0.01494761,1.0009357,2,200
6,0.0035129644,1.0189826,2,20,0.009731613,0.92628026,2,41,0.005484268,1.0077491,2,61,0.00958476,1.0425519,2,91,0.0072403834,0.9720338,2,112,0.01587384,0.91246957,2,132,0.0033320019,0.85722613,2,153,0.025304085,0.7053376,2,178,0.010590684,0.7787474,0,200
7,0.022177812,0.9552498,2,27,0.0,1.0543146,2,48
8,0.005281222,0.96632266,2,27,0.036384802,0.95356166,2,47,0.005410487,0.96553147,2,67,0.028525617,0.893206,2,87,0.0,0.97479117,2,107,0.035929263,0.9761695,2,130,0.037918095,0.92288816,2,150,0.03005845,0.9304698,2,170,0.0,0.8963216,2,200
9,0.023936883,0.94992495,2,20,0.0,1.1078812,2,40,0.0,1.0646619,2,60,0.013873786,0.9750451,2,80,0.0085469475,1.0427895,2,102,0.000707905,0.9562292,2,122,0.0,0.9440892,2,143,0.0030865162,0.76561797,2,172,0.038077492,0.896556,2,200
10,0.0009640821,1.0196214,2,24,0.013396755,0.98180723,2,44,0.033494007,0.96994686,2,64,0.015295545,0.99697334,2,84,0.010358962,1.0004106,2,114,0.022756817,0.93535256,2,137,0.0029593515,0.8823716,2,157,0.0,0.66216516,2,177,0.012305895,0.89914274,0,200
11,0.015065298,0.94686055,2,24,0.033729665,0.9172676,2,44,0.00036008193,0.8547173,2,69,0.0,0.80822927,0,89,0.0,0.702345,2,109,0.0,0.69799554,2,129,0.0,0.90349656,0,152,0.0,0.5792993,0,173,0.0031295225,0.49667165,0,200
12,0.0023347286,0.9944147,2,25,0.020399764,0.99265295,2,57,0.006272052,0.9344537,2,79,0.0096648885,0.9105341,2,100,0.007980103,0.92710304,2,125,0.0,0.8915491,2,145,0.012327376,0.8777857,0,167,0.00023560192,0.8564313,2,200
13,0.0015656954,1.0178128,2,20,0.011993883,0.9679111,2,40,0.009375806,1.0452853,2,62,0.0046710013,1.0663394,2,106,0.0,1.0357281,2,127,0.0065502096,1.0033612,2,157,0.018279824,0.9742597,2,177,0.02187368,0.82229525,2,200
14,0.003359916,1.0545691,2,22,0.01788649,0.98238975,2,42,0.00826826,0.935509,2,62,0.0071489126,1.0100071,2,110,0.0006063723,1.0272206,2,139,0.0009242312,0.9660441,2,163,0.0156026045,0.99103844,2,200
15,0.0024338204,1.046054,2,30,0.0112387445,1.0295829,2,50,0.0030666578,1.0263252,2,77,0.004697298,0.94609314,2,98,0.0,1.0208757,2,127,0.0011593277,0.9483416,2,158,0.012583248,0.98273313,2,178,0.008807618,0.9773413,2,200
16,0.0,1.0451189,2,21,0.0018412577,0.98161024,2,42,0.027948996,1.0111392,2,62,0.02035129,1.048523,2,83,0.0138151795,0.96711606,2,103,0.0,1.0026712,2,128,0.0056324126,0.9427186,2,154,0.055701517,0.9542737,2,174,0.0017281311,0.92703146,2,200
17,0.018716108,1.0436556,2,20,0.006373941,1.0331099,2,40,0.0,1.0359218,2,60,0.0023065202,0.9961923,2,81,0.0024361762,1.0353738,2,131,0.0005092318,1.052161,2,157,0.0006017972,1.0480844,2,200
18,0.0029060016,0.9706793,2,20,0.027443245,0.98579717,2,41,0.018126158,0.98202914,2,64,0.022510482,0.96555054,2,87,0.009624355,0.8531144,2,107,0.03629867,1.0098798,3,127,0.034721352,0.94607127,2,148,0.007189801,0.90757,2,169,0.009661472,0.9218501,2,200
19,0.00033361558,0.98461866,2,24,0.010392094,0.97806656,2,44,0.0115605695,0.9124395,2,68,0.0,0.96376187,2,91,0.007064572,0.97990257,2,111,0.0,0.9846883,2,143,0.00380437,0.9420418,2,165,0.014934753,0.95337164,2,200
20,0.004748779,0.97420824,2,20,0.0084257675,0.92700404,2,45,0.0,0.9837942,2,75,0.0,1.0532547,2,95,0.00067322055,1.0698236,2,119,0.0033466402,1.042407,2,139,0.014407426,1.0388311,2,160,0.013818723,1.0209067,2,200
21,0.0,0.9849746,2,21,0.018820966,0.9336184,2,41,0.009534406,0.9889461,2,62,0.013546752,0.9563304,2,85,0.00022243864,1.0182097,2,109,0.0049849753,0.93349415,2,136,0.019834148,0.9284909,2,158,0.044148196,0.9505688,2,178,0.06841441,0.84827036,2,200
22,0.008236853,0.99531794,2,20,0.022540124,0.97940177,2,50,0.0058159214,1.040542,2,73,0.016853562,1.0191466,2,97,0.038296144,1.0136083,2,124,0.00942711,0.97178614,2,144,0.0059276684,1.0423942,2,169,0.0027621915,1.0739875,0,200
