0,0.00046955392,0.98602754,2,20,0.0036031809,1.0408657,2,40,0.01638413,1.0202825,2,62,0.012858583,0.9649763,2,82,0.010003016,0.95822644,2,103,0.0009240933,0.970189,2,123,0.00798601,0.8823641,2,143,0.020411106,0.9507791,2,163,0.0146579305,0.97797465,2,200
1,0.017674102,0.95728993,2,21,0.008277803,1.0067264,2,43,0.011814466,0.9784278,2,66,0.04725995,0.9660253,2,88,0.06797904,0.92369163,2,108,0.058541756,0.85659325,2,128,0.0063570533,1.0426867,2,149,0.0,0.9706957,2,170,0.008799773,0.9322283,2,200
2,0.017297145,0.9282878,2,28,0.0,0.9340871,2,48,0.0,0.870452,0,72,0.005922916,0.77074575,2,92,0.033782646,0.60472816,2,112,0.043325394,0.8478648,0,133,0.024232201,0.7858974,2,158,0.06275937,0.6559774,2,178,0.07216602,0.77752936,2,200
3,0.010999991,0.9904555,2,20,0.027669203,0.97304714,2,41,0.0394643,0.94982004,0,61,0.008406018,1.0028635,2,82,0.00029205834,1.0370927,0,103,0.01184085,0.9485222,0,123,0.016882623,0.8731279,2,144,0.0042648325,0.89399815,0,164,0.008671128,0.9843569,2,200
4,0.012711525,0.9761483,2,20,0.0011938775,0.9930441,2,40,0.013586229,0.9894069,2,91,0.0,0.9839599,2,112,0.014420205,0.96048504,2,134,0.00017121519,1.0156342,0,154,0.0,1.0177623,2,175,0.0031827511,1.0382578,2,200
5,0.0,1.0223751,2,20,0.0,1.0403824,2,40,0.0045582703,0.9542164,2,63,0.008922628,0.9925526,2,86,0.0,1.0099738,2,106,0.0,0.9663538,2,129,0.0,0.9976651,2,150,0.0,1.0175099,2,170,0.007868104,1.0189246,2,200
6,0.021330496,0.96264505,2,24,0.0,1.0702564,2,48,0.0031923994,1.0032336,2,68,0.01838847,1.0124006,2,88,0.010476199,0.96206224,2,108,0.008564688,1.0354599,2,128,0.009171257,1.1068299,2,148,0.0,1.0054843,2,168,0.0015637865,1.044472,2,200
7,0.0040113386,1.0433314,2,36
8,0.0090359645,0.9766722,2,20,0.0,1.0531192,2,40,0.0041680564,1.02408,2,62,0.009705631,1.0034587,2,82,0.02246972,0.9902568,2,102,0.0007469513,1.029167,2,122,0.008431322,0.9581512,2,142,0.0,0.97174186,2,169,0.0063145678,0.9604037,2,200
9,0.0070940824,1.0051795,2,21,0.003069167,0.9873295,2,42,0.0,1.0372012,3,62,0.0017707504,0.9834723,2,83,0.001796193,1.0351831,2,117,0.0101508275,0.9992161,2,140,0.00064756663,0.98682594,2,160,0.0074321283,0.9671982,2,200
10,0.04245303,0.93366146,2,20,0.005312275,1.0090384,2,41,0.0,1.0249597,2,62,0.013288061,1.0410001,2,82,0.014892159,0.8726942,2,102,0.010342827,0.96067905,2,122,0.0,0.9704642,2,142,0.0,0.96250683,2,164,0.04818056,0.80136895,2,200
11,0.0,1.0106925,2,20,0.011785328,0.9405687,2,42,0.006417138,0.9976013,2,67,0.0053683184,0.9795447,2,98,0.017582407,0.9332576,2,118,0.085760646,0.7076663,0,138,0.0,0.7978283,0,158,0.017475475,0.89333105,2,178,0.004628921,0.8600422,2,200
12,0.021963077,0.9059429,2,24,0.018522551,1.0318576,2,52,0.0077858367,0.9604664,3,73,0.025760679,0.8870288,2,96,0.008897667,0.994184,2,116,0.0,0.94722354,2,136,8.257603e-05,0.97138596,2,166,0.00013638347,0.8801599,2,200
13,0.018778859,0.9888146,2,22,0.019117298,1.0473803,2,44,0.0,0.99917877,2,64,0.0,1.0972297,2,85,0.031359065,0.9134196,2,105,0.0,1.0198507,2,125,0.0,0.9815949,2,146,0.0025009548,0.9553429,3,167,0.003538806,0.97181207,2,200
14,0.002022087,1.001046,2,42,0.0007848735,1.0451263,2,69,0.0055270526,0.94100183,2,91,0.0,0.99394935,2,112,0.0,1.0021244,2,136,0.005165232,0.9892856,3,156,0.0051835813,1.0083554,0,177,0.000863976,0.9763409,2,200
15,0.0048898105,0.9340015,2,22,0.0028620814,0.8800364,2,53,0.014236647,0.88309073,2,77,0.04704706,0.83421755,2,97,0.03656461,0.78461236,2,118,0.0050001154,0.5891724,2,138,0.0060787112,0.6765698,2,158,0.023930024,0.67280155,2,178,0.015555209,0.4841202,0,200
16,0.0,0.97662354,2,21,0.0031894166,1.0182725,2,44,0.00070359244,0.9478801,2,64,0.007556027,0.983197,2,86,0.0033475175,1.0639511,2,109,0.0072290897,0.9763228,2,132,0.008655055,0.9875516,2,157,0.0040291804,0.9786727,2,180,0.012473414,1.067453,2,200
17,0.007063697,1.0033187,2,20,0.003788187,1.0029048,2,40,0.005098652,0.9241014,2,65,0.0,0.9617971,2,85,0.00021330873,0.9730514,2,105,0.022989804,0.91232556,2,125,0.006983861,0.9604479,2,153,0.00250609,1.0388285,2,174,0.0,1.0732211,2,200
18,0.003289732,0.923197,2,21,0.0023538184,0.9658761,2,42,0.026655847,0.92381907,2,62,0.003641031,0.9184581,2,83,0.015482288,0.9882,2,108,0.00013820548,0.9628841,2,128,0.008145878,1.014754,2,148,0.0,1.0579414,2,168,0.0036918593,0.89260054,2,200
19,0.0048561646,0.9738302,2,20,0.0037505592,1.0098985,2,41,0.018800456,0.9565638,2,65,0.014317621,1.0033743,2,86,0.009408184,0.9507044,2,106,0.00031990037,1.0158954,2,126,0.012978074,0.98667705,2,146,0.014388953,0.90247506,2,166,0.0,0.968832,2,200
20,0.0027303114,0.99210924,2,33,0.03626235,0.9729699,2,53,0.002839395,0.95586586,2,73,0.0,0.9590967,2,93,0.008213349,0.89828235,2,114,0.009967722,0.9851803,2,136,0.013547158,0.9957893,2,158,0.0,1.023356,2,180,5.90832e-05,1.0202587,2,200
21,0.0024655587,1.0199404,2,23,0.005431486,0.9714372,2,54,0.017379196,1.0200632,2,74,0.007745952,0.9925317,2,101,0.0,0.9605387,2,123,0.0017478692,1.039008,2,143,0.0035100768,1.0546384,2,165,0.0,0.9810439,2,200
22,0.0,1.0085499,2,22,0.0,1.053771,2,42,0.003817315,0.9383246,2,62,0.013916417,1.0449684,2,85,0.008079066,1.0056257,2,106,0.0,1.0435094,2,137,0.0,1.0620404,3,158,0.0,1.0322623,2,178,0.0,1.0164822,2,200
23,0.0,1.0524858,2,27,0.0036060403,0.98152673,2,49,0.011186512,0.99917287,2,69,0.0146200955,1.0115094,2,103,0.00613126,0.9595565,2,125,0.0021350365,1.026602,2,146,0.005683334,0.99526286,2,170,0.013092623,1.0395749,2,200
24,0.0,0.95315063,2,20,0.0054481085,1.0698992,2,41,0.0029124864,1.0065031,3,62,0.021626044,1.0441544,2,87,0.01922304,0.9780129,2,108,0.014140105,0.84870756,2,128,0.005158156,0.9967203,2,148,0.0,0.88379735,2,171,0.06628478,0.76271695,2,200
25,0.0018601663,0.96685946,2,20,0.041143537,0.8968347,2,52
26,0.011937315,1.0130541,2,22,0.008406004,1.0150766,2,42,0.0,0.992741,2,62,0.0006730879,0.9871146,2,82,0.01353385,0.9785879,2,102,0.013315953,1.0277758,2,123,0.0010327781,0.99612164,2,144,0.0005336037,0.99909294,2,164,0.012308282,1.0513314,2,200
