0,0.007961307,1.0399104,2,23,0.0028780769,0.9645304,2,44,0.015557983,1.1116163,2,66,0.00024290348,1.026808,2,93,0.018382004,1.0099046,2,114,0.021496134,1.0798694,2,136,0.0015564361,1.008079,2,165,0.013757698,0.98678,2,200
1,0.0035253337,1.0392518,2,22,0.004153566,0.90401804,2,43,8.5342865e-05,0.9607647,2,63,0.0,1.0015436,3,83,0.009949252,1.01343,2,107,0.009881424,1.0116838,2,127,0.004655965,1.0038184,2,148,0.011262774,1.0498927,2,169,0.015702497,0.99119925,2,200
2,0.01166143,0.98403895,2,21,0.020610502,0.909331,2,41,0.021860193,0.9745595,2,61,0.039052755,0.93320036,2,82,0.02437931,0.8768056,2,102,0.03265452,0.9031277,2,125,0.0035030446,0.90619546,2,150,0.011018563,1.0114664,2,171,0.020323118,0.7659542,2,200
3,0.0015993463,1.0104944,2,20,0.0078116357,0.99107546,2,46
4,0.0,1.0373578,2,30
5,0.020011663,1.0027303,2,22,0.005265048,0.97714996,2,43,0.0023420865,0.9326257,2,64,0.014608574,0.8822627,2,84,0.012736931,0.99930716,2,104,0.0030576026,1.0312028,2,126,0.023294644,0.97715133,2,147,0.0041137203,0.94459116,2,167,0.0055859624,0.9677134,2,200
6,0.01088703,0.97971326,3,22,0.044065032,1.0080359,2,42,0.07660553,0.9696783,2,62,0.075376004,0.90613014,2,83,0.0060008997,0.9301934,2,103,0.016336322,0.94923925,2,123,0.053428464,0.86866724,2,143,0.02236385,0.9514848,2,163,0.02327567,1.0239885,2,200
7,0.0049587893,0.9633687,2,24,0.0058247745,1.0185338,2,68,0.005878454,1.1083125,2,90,0.002890808,1.108937,2,110,0.0089125205,1.0023769,2,130,0.03022228,0.9624789,2,152,0.0011482001,1.0283195,2,200
8,0.005844949,1.0149094,3,20,0.019676805,0.9282761,2,42,0.040429063,0.88505566,2,62,0.030918494,0.9190084,2,82,0.031499635,0.96676517,2,103,0.060829353,0.95032597,0,123,0.0128747765,0.71804583,2,143,0.0,0.9077649,2,163,0.003490432,0.73500264,0,200
9,0.009037742,1.0004936,2,20,0.009604219,1.0057323,2,46,0.0,0.9222059,2,66,0.00040268412,0.96605307,2,97,0.00031680358,1.0001048,2,118,0.0,1.0314758,2,138,0.0,0.8923447,2,159,0.0,0.6750983,2,179,0.0,0.7518014,2,200
10,0.0010684326,0.98275,2,25,0.0021531335,0.95094687,2,50,0.0,0.7881315,2,72,0.0,0.5757101,2,92,0.0011771597,0.6469537,2,113,0.0,0.7585564,2,135,0.017600125,0.7913469,2,157,0.0,0.64101446,3,177,0.005598141,0.77685213,2,200
11,0.005774255,0.9813899,2,20,0.0180321,0.9078109,2,41,0.016448788,0.87526906,2,61,0.02131183,0.88648444,2,81,0.0054842513,0.8143555,2,101,0.02348749,0.9107149,2,121,0.0,0.9598789,2,141,0.0046147136,0.92964983,2,162,0.0008892962,0.38576066,0,200
12,0.0101703005,0.9765007,2,23,0.0032672493,0.9953192,2,62,0.054579783,0.93514085,2,85,0.0054253433,0.97471297,2,108,0.02804743,0.9824581,2,132,0.023780817,0.91832465,2,154,0.0015457819,1.0314182,2,175,0.008240819,1.0191196,2,200
13,0.00792831,1.0740049,2,20,0.0074280575,0.97953385,2,40,0.0055833547,1.0150564,2,60,0.0015079054,0.8975701,2,82,0.0,0.92267674,2,105,0.0,0.9673274,2,125,0.003191223,1.0369935,2,147,0.0025499263,1.0379528,2,170,0.015523557,1.0573539,2,200
14,0.0063182814,1.0506974,2,20,0.0,1.0400366,2,48,0.00495324,1.0213311,2,68,0.0,1.0057851,2,88,0.0,0.9664219,0,110,0.0060733245,1.042473,2,130,0.0345423,0.91033286,2,152,0.022895003,0.9776917,2,174,0.03269642,0.88703305,2,200
15,0.00042209792,0.9952194,2,22,0.013762494,0.9460058,2,55,0.015769435,1.024968,2,76,0.008578709,1.0311835,2,98,0.0019956585,1.0085349,2,129,0.01383423,0.9077209,2,151,0.01739708,0.98917896,2,200
16,0.014707811,1.0430912,2,20,0.0004143665,1.0340314,2,41,0.0052109575,0.87560165,2,61,0.01333348,0.9067546,2,81,0.028091008,0.9753415,2,101,0.0,0.89312756,2,122,0.004836705,0.98279244,2,144,0.0018212459,1.0386424,2,169,0.009066743,1.0213933,2,200
17,0.0,0.96943635,2,21,0.0,0.9573062,2,48
18,0.0,1.057612,2,21,0.0,1.079827,2,42,0.0025293913,0.9996915,2,63,0.0,1.0332875,2,85,0.0,0.94985056,2,105,0.0003973556,1.0028927,2,125,0.00800253,0.9882553,2,160,0.0065115853,1.0497653,2,200
19,0.018156266,0.9896996,2,22,0.01287737,0.98050517,2,42,0.020658415,0.9863572,2,62,0.012209853,0.88659537,2,82,0.009478847,0.8744834,2,102,0.016556779,0.93901527,2,122,0.007379918,0.94866914,3,142,0.056807593,0.9436516,2,164,0.020224014,0.8909539,2,200
20,0.0,1.0322735,2,20,0.050663255,0.9025191,2,40,0.008236972,0.9102068,2,60,0.0006047963,0.90542305,2,81,0.009162374,0.9913885,2,101,0.0,0.9687733,2,123,0.010042576,1.0285856,2,143,0.005820206,1.0352393,2,165,0.0019306266,1.0539192,2,200
21,0.020080056,0.9826487,2,20,0.015142041,0.88917464,2,40,0.024560535,0.9401328,2,60,0.006668671,0.9193762,2,81,0.0075209853,0.9275188,2,104,0.017126996,0.83761865,2,124,0.015475975,0.7916374,2,144,0.019071924,0.86117953,0,164,0.0005814792,0.8012252,2,200
22,0.015158236,1.0385214,2,21,0.028359646,0.9637305,2,41,0.0,0.95697814,2,61,0.00037430605,1.0729611,2,88,0.014469273,0.99056655,2,108,0.010207067,1.0270066,2,129,0.0140786115,1.0267336,2,150,0.008619585,0.98186857,2,170,0.0029586419,1.0086058,2,200
23,0.0059996755,1.034697,2,20,0.0012270624,0.9444543,2,41,0.011794319,0.8975067,2,64,0.029467145,1.0104256,2,84,0.02714161,1.0358233,3,105,0.07128725,0.87707233,2,125,0.03998922,0.8063407,0,145,0.055612504,0.92574215,2,165,0.026478367,0.8906372,2,200
24,0.012338942,1.0040492,2,20,0.011284982,1.0379548,2,40,0.009462645,0.91926825,2,60,0.0,0.92516357,2,80,0.0,1.0122391,2,100,0.01927243,1.0188651,2,120,0.011086325,0.94016284,2,140,0.0,0.8017231,0,160,0.0016453486,0.96158254,2,200
25,0.042715177,0.9640923,2,22,0.033991832,0.91890556,3,42,0.036929555,0.92252874,2,62,0.006122236,1.0195285,2,82,0.0,1.1087563,3,102,0.00031085376,0.90258646,2,122,0.0,0.853825,2,143,0.0,0.76222426,2,163,0.012237626,0.575249,2,200
26,0.0,0.99955213,2,21,0.0015929876,0.758356,2,42,0.010022131,0.8523879,2,62,0.0,0.8629487,2,85,0.0028628116,0.73816067,2,105,0.009035377,0.80658406,2,126,0.014282691,0.9656228,2,146,0.0065512224,0.92956847,2,170,0.00045849627,0.9897698,0,200
27,0.00934322,1.0439737,2,20,0.0,0.99457335,2,42,0.008180576,1.000764,2,71,0.019661393,0.972215,0,91,0.004466175,0.9959849,2,117,0.0,0.8354911,2,139,0.009114848,0.7048338,2,159,0.023184322,0.76625943,2,200
28,0.010509524,0.99822646,2,21,0.00081218354,1.0395938,2,42,0.0,0.9718698,2,62,0.0037359165,1.0263826,2,93,0.0,0.9723015,2,116,0.014500298,1.0008539,2,136,0.008569958,0.92160416,2,156,0.0055702925,0.80967426,2,176,0.05370311,0.89847547,2,200
29,0.003817672,1.0187418,2,21,0.0012237492,0.96622133,2,42,0.007441526,0.9641198,2,62,0.015952382,0.97677755,2,86,0.006991757,1.0248954,2,109,0.0,0.96832323,2,129,0.0,1.017854,2,149,0.0,0.97426087,2,170,0.008496482,1.0213667,2,200
30,0.0016912405,0.9662234,2,20,0.0051718443,0.9336888,2,40,0.03795162,0.98281145,2,60,0.011092922,0.9004372,2,80,0.0047809756,0.91605395,2,100,0.020247003,1.0090743,2,121,0.0034288466,0.79628205,2,141,0.04624775,0.8954479,2,161,0.01811647,0.94337237,2,200
31,0.014462438,0.9983566,2,24,0.014576739,0.95240295,2,45,0.031951386,0.96100426,3,65,0.020650057,0.9516549,2,85,0.02937137,0.9649216,2,106,0.035179466,1.0077226,2,126,0.005372877,0.89895535,2,146,0.0,0.73497075,2,166,0.04948181,0.7036524,2,200
32,0.021328969,0.9101149,2,20,0.015490103,0.9217843,2,40,0.020614143,0.9067577,2,60,0.0014909069,0.9768939,2,81,0.024454828,0.92512286,2,101,0.04938491,0.9192352,2,125,0.0,0.7559376,2,149,0.0,1.0021521,2,170,0.0032098158,0.87817776,2,200
