0,0.014590574,1.0566227,2,21,0.008403252,1.0410889,2,45,0.0027503644,0.9889903,2,65,0.002975107,1.0536562,0,85,0.034642693,0.9370618,2,105,0.012265677,1.0630434,2,128,0.0021953979,1.078973,2,149,0.06326868,0.92770404,2,169,0.02457209,0.7411255,2,200
1,0.023823312,0.97396064,2,25,0.0010483599,0.9523598,2,46,0.0093633495,1.01848,2,66,0.014332896,0.97727364,2,87,0.011212302,1.028363,2,108,0.0105415955,1.0204343,2,128,0.0013278736,1.0133269,2,157,0.013889489,1.0131414,2,177,0.0,1.0157164,2,200
2,0.009780578,0.974409,2,21,0.0037168202,0.94663894,2,41,0.016897034,0.8878745,2,61,0.015038062,0.93542254,2,82,0.0015591844,0.9022827,2,104,0.0,0.9427161,2,124,0.008160107,0.9951585,2,150,0.0075545474,0.96225303,2,172,0.010652682,1.0159466,2,200
3,0.0020838429,0.97151345,2,20,0.0,1.0560082,2,41,0.02407813,1.0748663,2,62,0.0,1.0196204,2,93,0.0019910182,1.039027,2,115,0.007606257,0.9426553,2,137,0.0,1.0529437,2,158,0.008806754,1.0351615,2,200
4,0.007531499,1.0396967,2,21,0.0,1.0024097,2,41,0.0048366226,1.0175035,2,62,0.000796164,0.9565974,2,87,0.006546136,0.9061825,2,111,0.0,0.7388561,0,131,0.0,0.5461945,1,151,0.0,0.44491768,2,171,0.0,0.63122994,1,200
5,0.006343787,1.0026573,2,26,0.021551196,1.0154746,2,47,0.008499049,1.0475465,2,72,0.012550654,0.97340477,2,92,0.0042098314,1.1368996,2,113,0.0005075672,1.0458053,2,133,0.0043559005,1.0118752,2,155,0.010058856,1.0897429,2,175,0.0017427754,1.0462178,2,200
6,0.043570295,0.93898284,2,20,0.008251118,0.992599,2,40,0.003902436,0.95420676,2,65,0.0044437503,1.0125594,2,92,0.010797596,0.99999684,2,112,0.023234803,0.8512386,0,132,0.05003615,1.0120901,2,156,0.014985757,1.0554708,2,176,0.012096449,0.91978264,2,200
7,0.0065927124,0.9628869,2,21,0.0,1.0004888,2,41,0.0,0.7890407,2,61,0.00988689,0.83275735,2,81,0.022590796,0.90809816,2,104,0.0,0.8042954,2,124,0.0,0.7308366,2,145,0.0,0.7670111,2,165,0.027374417,0.8052245,2,200
8,0.00021516178,0.9986706,2,20,0.0,1.0086577,2,40,0.0032522853,0.98059374,2,61,0.0,1.0835402,0,82,0.0039326893,0.94337344,2,103,0.02713695,1.0215421,2,124,0.0,0.9112301,2,144,0.0,0.865777,2,164,0.0052492092,0.9032989,0,200
9,0.012072343,1.0249316,2,21,0.0,1.040826,2,47,0.0020248103,1.0144815,2,70,0.010747265,0.9726346,2,91,0.0,1.0045866,2,111,0.009954849,0.8946004,2,131,0.0,0.9379693,2,151,0.015258159,0.82207,2,172,0.020491024,0.87856025,2,200
10,0.01583029,0.9887168,2,20,0.00479858,0.9167657,2,41,0.020843415,0.94600815,2,63,0.06000896,0.87282944,0,83,0.0,0.9352886,2,103,0.0058105695,0.88134813,2,124,0.0,1.0116754,2,145,0.0030685465,0.9821258,2,168,0.014185399,1.0122571,2,200
11,0.0029013297,0.98650515,2,20,0.014405428,1.0350791,2,46,0.0126539245,0.987429,2,67,0.0045085535,0.9777051,2,87,0.0,0.9656899,0,108,0.008001867,0.9859295,2,128,0.029138546,0.95957905,2,150,0.013872817,1.1036965,2,170,0.006339382,1.0252086,2,200
12,0.003982478,1.0466452,2,20,0.020991465,0.989795,2,43,0.009418238,0.9979334,2,63,0.0,1.0349587,2,83,0.015060805,0.96390706,2,103,0.0040735574,0.98309994,2,125,0.015736798,0.9520103,2,146,0.02476267,0.9797349,2,166,0.0031645074,1.0053037,2,200
13,0.0024767367,1.0445595,2,22,0.0,1.0033791,2,50,0.011745741,1.0263277,2,70,0.0055302833,0.99917156,2,90,0.013967248,0.99316454,2,110,0.018382957,1.0079505,2,130,0.010006312,0.9830351,2,152,0.0043485863,1.0169208,2,175,0.0033039334,0.99205065,2,200
14,0.00187977,1.005803,2,20,0.0019252616,1.0474207,2,41,0.0055669397,1.0188814,2,61,0.0051780534,1.0480025,2,82,0.009202928,0.98176587,2,119,0.008283615,0.84856105,2,141,0.005127626,1.0431381,2,162,0.0029737193,1.07328,2,200
15,0.0026548263,1.0378133,2,21,0.024458053,1.0104481,2,43,0.012246281,1.0175412,2,63,0.008293962,1.0342748,2,83,0.006699439,1.0753746,2,103,0.013137849,1.0610439,2,123,0.0,1.115521,2,144,0.0,1.0454817,0,164,0.010754941,0.9895614,2,200
16,0.0014689465,0.99587446,2,23,0.0019582189,0.95460147,2,46,0.0035392358,1.022042,2,66,0.007460541,1.0083437,0,86,0.036888186,1.0106496,2,106,0.020293128,1.0206158,2,126,0.023408316,1.0364584,2,146,0.015064435,0.9323101,2,166,0.0,1.0385798,2,200
17,0.0,0.97679996,2,20,0.0,1.0289717,2,41,0.00463084,1.0404243,2,63,0.0055650887,1.049792,2,83,0.003978088,1.0096402,2,110,0.009493033,0.9960931,2,131,0.009739252,1.0081009,2,151,0.00048355944,1.0249511,2,172,0.008355488,1.0006479,2,200
18,0.015243034,0.96870744,2,20,0.0038575896,0.98193,2,42,0.0011129826,1.0555258,2,63,0.0,0.9977137,2,83,0.0,1.0043516,2,103,0.017579768,0.9673467,2,128,0.01498467,1.0326598,2,148,0.0,1.0077887,2,169,0.012643343,0.9490398,2,200
19,0.004360553,0.9946059,2,20,0.003851192,0.93265086,2,41,0.024769934,0.9615286,2,62,0.03012609,0.9074778,0,83,0.006388798,0.83911324,2,105,0.0,0.7488707,2,125,0.0016283195,0.79538965,2,145,0.053592455,0.7132009,0,165,0.023656046,0.89760196,2,200
20,0.007211879,0.9857979,2,20,0.02514275,0.9488881,2,41,0.024736919,0.9620484,2,62,0.0072646663,0.9793143,2,82,0.010291172,0.9900412,2,113
21,0.004604952,0.98418164,3,22,0.00052661286,1.0042182,2,44
22,0.0061360826,0.9152622,2,21,0.015103912,0.925218,2,41,0.005570649,0.9568103,2,61,0.009361173,0.9895685,2,83,0.0035743352,1.0053328,2,107,0.0009988626,0.87095964,2,127,0.0,0.9195449,0,147,0.0018582704,0.93111306,2,171,0.011429717,0.9230557,3,200
23,0.0059427894,0.9831694,2,20,0.00025952217,0.97474223,2,40,0.02067628,0.97163296,2,60,0.003639849,0.9200866,2,81,0.012637334,0.8888491,2,101,0.009134304,0.93224144,2,122,0.0013905712,1.0775126,2,147,0.009798666,1.0402448,2,177,0.009740217,0.99416095,2,200
24,0.01707928,0.9799184,2,26,0.007402103,0.9590784,2,48,0.0047655753,0.90383065,2,68,0.0,0.8701992,2,89,0.0,0.87003,2,111,0.0,0.916945,2,131,0.0,0.958716,2,153,0.010546937,0.85006106,2,173,0.005824217,0.67855465,0,200
25,0.01631707,0.9479817,2,20,0.0009412653,0.9824045,0,43,0.02964378,0.9801146,2,63,0.008277297,0.99251705,2,86,0.0007708552,1.0278628,2,107,0.0051483787,1.0306919,2,135,0.003525318,1.0590518,2,155,0.008137462,0.9652783,2,175,0.0050079403,0.99469584,2,200
26,0.0023182628,1.0332782,2,20,0.012996966,1.0113865,2,41,0.0073146494,1.0543681,2,66,0.0,1.0460448,2,86,0.020430302,1.0010283,2,106,0.0071630995,1.0416669,2,128,0.0012995163,1.0211738,2,148,0.004594109,1.0174177,2,169,0.008177009,1.0294319,2,200
27,0.005791673,0.9549674,2,20,0.0,1.0686347,2,40,0.01705437,0.9887934,2,60,0.008240578,0.99679786,2,81,0.01917665,0.9534002,2,111,0.0058573172,1.0600134,0,132,0.002250468,1.0198053,2,152,0.027896062,0.93484265,2,175,0.00734584,0.98387444,2,200
28,0.0041934354,0.98084396,2,32
29,0.0027504393,0.9847332,2,22,0.00809408,1.032432,2,43,0.03016303,1.059543,2,64,0.0012194229,0.96471155,2,84,0.011635211,1.0295628,2,105,0.0113233,0.9523266,2,125,0.007888491,1.0600859,2,152,0.0,0.95612377,0,174,0.0,1.0520866,3,200
30,0.010581787,0.94653404,2,20,0.000597398,0.9695756,3,40,0.005516614,0.9608844,3,60,0.0,0.96934384,2,81,0.0023156917,0.8480188,0,101,0.017598797,0.9831521,3,121,0.014440021,0.9289525,3,141,0.019352803,0.79965,2,161,0.059288952,0.79043347,2,200
31,0.0071755513,0.99571544,2,20,0.008680976,1.0073205,0,42,0.0,0.95439404,2,72,0.0,0.9456995,2,96,0.0102740005,0.91982377,2,116,0.0,1.0172248,2,137,0.008984851,0.9112778,2,157,0.007250608,0.9026721,2,192
32,0.0018470995,0.97760683,2,23,0.004995125,0.8542215,2,48,0.017343927,0.8982484,2,72,0.0,0.89839566,2,93,0.014715696,0.6655795,2,113,0.0,0.7204846,2,135,0.07051654,0.6883362,2,155,0.022990413,0.60255545,1,175,0.0,0.6306145,0,200
33,0.0007346206,0.925699,2,25,0.010222845,0.97692233,2,45,0.011211352,1.0220068,2,65,0.009702016,0.96967053,2,97
34,0.0,1.0143956,2,22,0.0010804855,1.0253637,2,43,0.007274326,0.9549204,2,63,0.0,0.99518317,2,83,0.0037073165,0.9924652,2,103,0.0,0.968528,2,123,0.017444998,0.93473196,2,144,0.03206877,0.9320162,2,164,0.040455516,0.90757823,2,200
35,0.0,1.0731913,2,23,0.0064740153,1.0736506,2,43,0.0,1.061823,2,64,0.0034520586,1.0353353,2,86,0.02748734,1.0590793,2,131,0.0010953019,1.0569471,2,155,0.009457128,0.9995866,2,200
