0,0.017257452,1.0163548,2,20,0.0,0.9918674,2,40,0.010935598,0.9261161,2,61,0.03130078,0.92690754,2,81,0.027507246,0.9722338,3,101,0.0023944287,0.90971524,3,123,0.0,0.9403423,2,143,0.0,0.879889,2,163,0.034064256,0.87330914,2,200
1,0.004734797,0.9913279,2,20,0.0037810928,1.0663568,2,43,0.00951455,1.0803828,2,64,0.0,1.0145105,2,84,0.000351178,1.014716,2,108,0.0,1.0850049,2,128,0.0051072226,1.0561703,2,159,0.0,1.137459,2,179,0.009120873,1.1128896,0,200
2,0.019658266,1.0365909,2,20,0.0,1.0370184,2,40,0.024596402,0.99343973,2,61,0.0,0.98465073,2,81,0.0,1.0060859,2,102,0.0,1.0602738,2,127,0.0003112767,1.0176866,2,147,0.0020779262,1.0452487,2,169,0.016032264,1.0115566,2,200
3,0.007183259,0.93704015,2,20,0.011251543,0.9435727,2,40,0.013166128,0.83053225,2,60,0.0,0.82417125,2,80,0.0022534514,0.87601775,2,102,0.004018748,0.8754153,2,123,0.038960695,0.8344902,0,143,0.010583041,0.77916634,3,164,0.015917806,0.8665128,2,200
4,0.0058422047,1.0268649,2,29,0.0,1.0057881,2,49,0.016431475,1.0204172,2,69,0.0066859373,0.99220276,2,89,0.00047706842,0.99652827,2,114,6.4259635e-05,0.9715866,2,137,0.005454013,0.94625103,2,157,0.013325285,0.8551739,2,179,0.004492103,0.955106,2,200
5,0.0,1.0281144,3,20,0.025477154,0.9617316,2,41,0.0031683494,0.9482046,2,65,0.013499398,0.97315323,2,90,0.0028912812,1.0279562,2,115,0.013273959,0.9532882,2,136,0.02143636,0.94072676,2,157,0.022853259,0.91500825,2,191
6,0.016194303,0.98951906,2,30,0.026200816,0.96024704,2,50,0.027031418,0.9436394,2,70,0.031611998,0.9749564,2,90,0.01985228,0.9005478,2,112,0.0,0.977799,2,133,0.0,0.87083524,0,154,0.0,0.98183286,2,174,0.005288968,0.71275645,2,200
7,0.0,1.0712701,2,21,0.0020058583,1.0514063,2,42,0.0,0.9669135,2,66,0.0040929317,1.0234826,2,87,0.016868094,1.0734541,2,107,0.0055160634,1.0938482,2,132,0.0,1.0438844,2,152,0.029383484,0.95344734,2,173,0.0,0.9595443,2,200
8,0.014361878,0.95917416,2,20,0.0,1.0547259,2,40,0.013298226,0.9407894,2,64,0.0037836991,0.9417251,2,84,0.02164198,0.974452,3,104,0.0,0.8779982,2,124,0.0,0.8327314,2,144,0.015886707,0.6325637,2,166,0.005181239,0.74957407,2,200
9,0.048212256,0.9710094,2,21,0.03444814,0.8379244,2,42,0.010873271,0.8866085,2,87
10,0.019101894,0.998029,2,26,0.0058093956,1.0457695,3,46,0.0037321749,1.016998,2,69,0.02403244,0.90690863,2,89,0.0,1.0124811,2,109,0.003044605,0.99160075,2,134,0.0,0.9923022,2,156,0.0005138447,0.9990408,2,177,0.0,1.0116937,0,200
11,0.0053341263,0.966817,2,21,0.015144733,0.95834076,2,41,0.021389475,1.012021,2,61,0.017812347,0.9846843,2,85,0.0,1.0109317,2,108,0.0033406834,1.0106264,2,129,0.012812237,1.0036774,2,152,0.01653377,1.0242687,2,173,0.020008348,0.97857636,2,200
12,0.001311648,0.9708535,2,24,0.0016516725,0.9731015,2,45,0.021565897,0.9865395,2,67,0.0002922155,0.97616184,2,87,0.0055179037,0.9691318,2,108,0.0,1.0473917,2,129,0.0,1.0907888,2,149,0.0026223462,0.99921805,0,171,0.0,1.0144421,3,200
13,0.010088365,0.9921726,2,27,0.027902525,1.0004537,2,47,0.009988439,0.911181,2,67,0.0017807934,0.9417783,2,88,0.035729248,0.89363945,2,109,0.035638746,0.86941177,3,129,0.0016173391,0.7502584,2,150,0.0,0.7782523,2,170,0.0,0.7806798,2,200
14,0.004235103,1.0244695,2,20,0.0187776,1.050894,2,48,0.008065393,0.94644344,2,69,0.010352247,1.032932,2,91,0.014329192,0.94427633,2,115,0.006141419,0.90906286,2,139,0.0071489997,1.0826604,2,159,0.0016365839,1.0474011,2,200
15,0.01244417,1.0070717,2,20,0.012950375,0.95039254,2,42,0.0,1.0044962,2,64,0.0014623177,0.97930163,2,84,0.016872492,1.0152695,2,104,0.02569797,0.9084946,2,124,0.005174088,0.9924623,2,144,0.0,0.9587198,2,165,0.0084557505,0.9890513,2,200
16,0.00171408,1.0621309,2,21,0.012521957,1.0736183,2,41,0.004034891,1.0199132,2,61,0.0,1.0202066,2,81,0.006543284,0.9495223,2,101,0.0035888357,1.0405774,2,123,0.007148949,0.9355248,2,144,0.0,1.1057429,3,166,0.009424037,0.9824324,2,200
17,0.025048474,1.075544,2,20,0.003946205,1.0183816,2,40,0.015665617,1.0425864,2,62,0.0,0.9812666,2,87,0.0,1.0569558,2,107,0.014350983,0.99243295,2,127,0.0011636438,0.9672205,2,152,0.0060390444,0.8718571,2,174,0.010513661,1.0546128,2,200
18,0.0,1.0210027,2,24,0.007658383,1.0629412,2,45,0.009587518,1.035828,2,65,0.0,1.0411116,2,91,0.014476045,0.9646747,2,113,0.0,0.94130975,2,133,0.0,0.9291484,0,153,0.0,0.9556912,0,173,0.0015830756,0.844383,2,200
19,0.0,1.0404147,2,31,0.03439442,0.9929069,0,51,0.002247131,1.0572623,2,71,0.00024267398,1.0464368,2,91,0.0,1.0615224,2,111,0.01326523,0.97913855,2,135,4.1957665e-05,0.94458276,2,155,0.014239327,0.9530499,2,177,0.00031154798,0.89210826,2,200
20,0.0010935288,1.0145452,2,20,0.00254723,0.9422525,2,40,0.00858907,1.000089,2,61,0.046940032,0.9173232,2,83,0.022617286,0.9839708,2,103,0.009137832,0.96407163,2,124,0.019362122,0.93495333,2,144,0.005533601,0.93500936,3,164,0.015395807,0.9482032,2,200
21,0.0,1.0016866,2,21,0.009536943,0.8700719,0,41,0.04819854,0.7719134,2,61,0.022260683,0.88353807,2,81,0.01753055,0.8108765,2,102,0.0,0.7950114,2,123,0.013793912,0.6763419,2,146,0.0029834888,0.838067,2,169,0.032632433,0.76679146,2,200
22,0.04166441,0.923362,2,21,0.0,0.95500565,2,49,0.00060426013,0.9660304,2,69,0.0019366101,0.98691857,2,89,0.010876225,0.94886774,2,112,0.0,1.0252535,0,132,0.0064407387,0.90207016,0,152,0.0,0.9241858,2,173,0.0,0.6838055,2,200
23,0.0,1.0293137,2,23,0.004673745,1.0534673,2,45,0.0,1.0203401,2,68,0.008163112,1.0594028,2,91,0.0011607432,1.0454941,2,111,0.009597275,1.0227437,2,133,0.012577187,1.0201238,2,165,0.0037814404,0.9424812,2,200
24,0.0125450175,0.9848948,2,26,0.028848853,0.9676129,2,46,0.04317979,0.9249142,2,66,0.008863562,0.89242864,2,87,0.011032141,0.8511027,2,108,0.0,0.74662894,2,128,0.0,0.74751383,2,148,0.0073173605,0.891144,2,169,0.013031165,0.94549745,0,200
25,0.009141682,1.0216608,2,21,0.011095851,0.9519032,2,41,0.006903194,0.986664,2,61,0.0015449108,0.8834089,2,81,0.0,1.003485,2,102,0.0035589752,0.87892354,2,123,0.0,0.8986861,2,143,0.0,0.8430284,2,163,0.028189866,0.7337744,2,200
26,0.017261703,0.9739911,2,20,0.026902128,0.92670536,2,50,0.0,0.96685874,2,70,0.009828907,0.9752532,2,90,0.0100676445,0.91682607,2,111,0.02993089,0.9016155,2,131,0.0063651805,1.0222043,2,153,0.018269345,0.96899843,2,176,0.019259408,1.0308928,2,200
27,0.014233652,0.95074356,2,23,0.013296694,1.0073326,2,43,0.006208179,1.0474436,2,64,0.0,1.0228279,2,85,0.004357426,1.0546408,0,106,0.006640722,1.0104942,2,132,0.0,0.9310299,2,154,0.0041448716,1.0175714,2,177,0.008809772,0.98847264,2,200
28,0.0107019525,0.947299,2,20,0.0038004,0.9053565,2,40,0.013203713,0.93767834,0,60,0.0,0.7910845,0,80,0.0,0.4973523,2,100,0.026572246,0.43379956,0,122,0.08525101,0.47222906,2,143,0.1547033,0.5246798,2,163,0.07924603,0.5401271,2,200
29,0.010352717,0.9583223,2,25,0.015090162,0.9689377,2,47,0.001428328,1.0349332,2,67,0.0012183621,0.9272412,2,87,0.0066105365,1.0130748,2,110,0.010843182,1.0125889,2,132,0.0265894,1.0335146,2,152,0.046906054,0.9900118,2,172,0.002575364,0.9568432,3,200
30,0.020312998,0.9450305,2,20,0.007106419,1.0494082,2,41,0.010703665,1.0333657,2,65,0.0045517418,0.9551576,2,85,0.019383973,1.0529052,2,105,0.015206403,1.0555876,2,127,0.013262798,1.0108589,2,156,0.0024375978,1.0355711,2,177,0.013202181,0.9929693,2,200
31,0.010910489,0.95105535,2,21,0.028423505,0.96050316,0,42,0.013932641,0.8425533,2,62,0.036477,0.821284,2,82,0.03199271,0.9864952,2,102,0.0,1.003719,2,123,0.0,1.1021143,2,143,0.0,0.76788914,0,163,0.026101226,0.5741579,0,200
32,0.0067262333,0.99911094,2,29,0.0,0.99506503,2,50,0.019033412,1.003124,2,70,0.012301301,0.96629095,2,90,0.050815906,0.9735408,2,111,0.09145041,0.94472647,2,131,0.04504334,0.9584405,2,151,0.0,0.8769468,2,171,0.008038559,0.81388223,2,200
33,0.017403556,0.9220562,2,21,0.035687428,1.0060571,2,45,0.0,0.986869,2,65,0.0050736354,0.9127159,2,86,0.0,0.93686295,2,106,0.0057666437,1.0531334,2,129,0.0,0.92093325,2,149,0.036069315,0.8995573,2,170,0.012003066,0.95203763,2,200
34,0.02896413,1.0311357,2,22,0.020149514,0.9962435,2,42,0.003933746,1.037189,2,65,0.018928524,0.9153396,2,85,0.029760888,0.9308503,2,111,0.01586451,1.0436634,2,133,0.00045415116,1.0178201,2,153,0.0048782364,0.94957435,2,173,0.003539426,1.0376772,2,200
35,0.01695634,0.99244976,2,20,0.01793854,1.0042328,2,40,0.0023499941,1.0880735,2,62,0.00018504306,1.0361608,2,83,0.021051174,1.0524282,2,103,0.0037558896,0.9864256,2,126,0.0,1.032627,2,150,0.0,1.0684538,2,174,0.0018303572,1.0041811,2,200
