0,0.02337239,0.90848565,2,27,0.008529663,0.91742945,2,48,0.034160085,0.96959656,2,68,0.03498271,0.9095667,2,89,0.019275634,0.8246767,2,109,0.0035566373,0.85262966,2,131,0.02773565,0.8244735,0,151,0.005843698,0.9231063,2,171,0.021603402,0.9092037,0,200
1,0.0039636525,0.9861147,2,30,0.0,1.0420978,2,51,0.018384472,0.96578866,2,71,0.014785384,1.0221021,2,92,0.010028066,0.96505934,2,118,0.024512798,0.92206526,2,138,0.0,0.86876607,0,159,0.014310634,0.9586584,2,180,0.03057861,0.81073636,0,200
2,0.022364471,1.0452158,2,20,0.000743871,0.98498744,2,40,0.0,0.9387616,2,60,0.0,0.9902605,0,80,0.0,0.98801565,2,105,0.006917677,0.9561375,2,130,0.0,0.85437083,2,151,0.06953993,0.9827822,2,176,0.0065486324,1.043855,2,200
3,0.0055904454,0.99087286,2,20,0.006124428,0.996483,2,40,0.0020082425,1.0508505,2,60,0.004861638,0.9672919,2,82,0.0034534952,0.99303544,2,107,0.004272176,1.0202525,2,132,0.00516301,0.99795187,2,153,0.0,1.0278233,2,175,0.0071335705,1.0138988,2,200
4,0.0013685822,1.0013345,2,27,0.020825095,0.9463709,2,47,0.0042041405,1.0135145,2,68,0.037984665,0.95828605,2,90,0.0022469147,0.9499278,2,110,0.006487572,0.89454615,0,130,0.010515081,0.84435683,2,150,0.011065477,0.9664938,2,170,0.0044484534,0.8739906,2,200
5,0.0032992745,1.0306904,2,25,0.010113171,0.96617067,2,56
6,0.009258551,1.0241404,3,20,0.0,1.0088528,2,41,0.0,0.9362117,2,62,0.012304823,0.94136506,2,82,0.0029697942,0.95809513,2,106,0.012183426,1.0097432,2,126,0.024556585,0.98362046,2,146,0.0010169828,0.8885771,2,166,0.014174903,0.96535444,2,200
7,0.003426919,1.0236845,2,21,0.006596277,0.9987235,2,44,0.0077944356,1.0047628,2,68,0.029510353,0.98502034,2,88,0.02482919,0.93644285,2,113,0.0075535243,1.0300272,2,134,0.0032049841,0.98157465,2,154,0.006552393,0.9570994,2,175,0.0037179028,1.0054884,2,200
8,0.0,1.078699,2,20,0.009376769,1.0520736,2,40,0.016768673,1.0111372,2,63,0.011033533,0.945238,2,84,0.01603219,0.8695004,2,105,0.0,0.9503929,2,129,0.06223215,0.76972526,0,151,0.01563837,0.84353447,2,171,0.02490368,0.47041506,0,200
9,0.010679278,0.99822456,2,20,0.016981075,0.9101631,2,40,0.0,0.89118475,2,62,0.018222904,0.8189171,2,85,0.02226137,0.9093866,2,106,0.020930147,0.98891705,2,126,0.011603162,0.89167935,2,150,0.03401662,0.92484015,2,170,0.020913938,0.9962098,2,200
10,0.011140426,1.0108671,2,22,0.0019384396,0.9820784,2,46,0.025317142,1.0062938,2,77,0.0054837507,1.0596328,2,110,0.026921935,0.99328125,2,135,0.036777433,1.0349048,2,155,0.0016698338,1.0899813,2,175,0.008617692,1.0484368,2,200
11,0.0147147095,0.9343436,2,22,0.030288924,0.88816273,2,43,0.010678272,0.9443579,2,63,0.020431018,0.84663475,2,86,0.011467586,0.8609737,2,106,0.010446857,0.8335873,2,126,0.02783795,0.8316615,2,146,0.0,0.76227194,2,169,0.0,0.53527135,2,200
12,0.0055054273,0.9609108,2,21,0.009879682,1.0096899,3,41,0.0108606145,0.9708365,2,62,0.011398567,0.9355958,2,82,0.00054586655,0.9156208,0,104,0.0,0.6907919,2,124,0.0,0.75872535,2,144,0.0,0.67186856,2,166,0.0025016754,0.69928545,2,200
13,0.0,1.0076116,2,20,0.0012254688,0.9915183,2,41,0.021352481,0.9221436,2,61,0.010728705,0.8641607,2,84,0.0,0.9262114,2,108,0.0,0.851173,2,132,0.02017752,0.7505344,0,152,0.013833435,0.85600054,2,172,0.06480184,0.9307081,2,200
14,0.0048465254,0.95399415,2,20,0.0036416454,0.84298223,2,47,0.0026599274,0.81109065,2,67,0.036801882,0.6734999,2,87,0.0,0.65133643,2,107,0.0,0.5577386,1,128,0.021952407,0.64911354,2,148,0.0019083559,0.69815725,1,169,0.0028835689,0.539783,1,200
15,0.008866114,1.009202,2,20,0.005833204,1.0033202,2,40,0.04476535,0.9560838,2,64,0.0,1.0068456,2,90,0.0041806838,0.97743475,2,110,0.010528337,0.9134811,2,130,0.009799303,0.9038514,2,153,0.0069288835,0.9885074,2,173,0.018671632,0.7788434,2,200
16,0.0,0.9926062,2,23,0.013598594,0.9392749,2,43,0.02721059,0.9871794,2,63,0.0041398145,0.815218,2,83,0.055967916,0.8353874,2,103,0.0,0.92631286,2,128,0.020844847,0.72142977,2,148,0.033488456,0.79125816,2,168,0.0075368416,0.76826566,2,200
17,0.0,1.0310911,2,20,0.0,0.9926137,2,41,0.00026361886,0.9976509,2,61,0.012051214,1.0146558,2,81,0.008819977,0.9792361,2,109,0.026240112,0.97646993,2,133,0.0193148,0.9772445,2,153,0.0045983796,1.0073849,2,177,0.0,0.9722432,2,200
18,0.009680646,1.0462737,2,21,0.0051494353,0.935515,2,46,0.016149996,0.9751089,2,66,0.047415663,0.9654284,2,88,0.037347596,0.9782475,2,108,0.012911493,0.90624744,2,129,0.009714178,0.93322873,2,150,0.031379815,0.97120845,2,170,0.0067242426,0.8636963,2,200
19,0.0,0.957596,2,20,0.009151307,0.96289355,2,41,0.005387119,0.83884555,3,61,0.0,0.83790296,2,86,0.0,0.9130232,2,107,0.0030466912,0.7850034,2,127,0.027022338,0.92824394,2,147,0.029126013,0.9221902,2,167,0.021274284,0.89624375,2,200
20,0.0,1.01306,2,21,0.008467777,1.0321071,2,47,0.014708511,1.0709285,2,69,0.010853914,0.990545,2,89,0.0049502165,0.9411497,2,109,0.014158058,0.78676784,2,129,0.0,0.5754829,0,149,0.0,0.46774006,2,169,0.028640084,0.6183003,2,200
21,0.0,0.9942578,2,23,0.010034906,1.0145664,2,51,0.001047988,0.97667533,2,75,0.0012439438,0.96960294,2,97,0.0038356637,1.0174214,2,118,0.0,0.9943511,2,138,0.017623564,0.9500845,2,159,0.0022265685,0.96682674,2,200
22,0.0,1.0098255,2,22,0.0,1.0270888,2,42,0.013225067,0.9949792,2,66,0.0089315,1.0337392,2,89,0.002862698,1.0643053,0,109,0.008628951,0.96612346,2,129,0.010749637,1.0644063,2,151,0.0,1.0746077,2,171,0.0012335726,1.1183556,2,200
23,0.004902239,0.9779635,2,22,0.0028435395,1.0151222,2,42,0.023771862,0.97506636,2,66,0.007903447,1.0119668,2,86,0.0,1.0140846,2,106,0.0112215215,1.0927271,2,134,0.0026284608,1.0639231,2,156,0.00017360598,1.0376767,2,200
24,0.00043378578,1.0451405,2,26,0.003195579,1.0311222,2,50,0.0,0.9889218,2,80,0.007516201,1.0655482,2,121,0.0,1.0482148,2,141,0.0,1.073405,2,161,0.005476973,1.0450888,2,200
25,0.013038857,0.9676054,2,20,0.0,0.80357254,2,40,0.08939243,0.8304947,2,60,0.0,0.8661343,2,81,0.001613504,0.70687616,2,101,0.0,0.87753713,1,121,0.0,0.3750885,2,141,0.0,0.51640993,1,163,0.01708031,0.43265435,1,200
26,0.0,0.97962886,2,21,0.01979674,0.9849583,2,47,0.0026689335,0.96283215,2,68,0.0,1.0943698,2,88,0.0,0.9787664,2,113,0.02517031,0.9528969,2,135,0.05595051,0.951728,2,155,0.041987166,0.9721133,3,189
27,0.018274505,0.9688609,2,20,0.026996806,0.9402346,2,41,0.0165085,0.9736559,2,64,0.013449902,1.0583818,2,85,0.008231475,1.0339863,2,105,0.004674575,0.96573466,2,127,0.003472786,0.9973403,2,147,0.0,0.8710798,2,167,0.010609394,0.84546304,2,200
28,0.0,0.95571315,2,20,0.012662777,0.92488897,2,41,0.012129721,0.9536089,2,61,0.0031460687,0.9317582,2,81,0.023347583,0.9825004,2,101,0.011707476,0.9682811,2,128,0.003035299,0.99897355,2,148,0.0,0.88432777,2,168,0.07127004,0.7610148,2,200
29,0.0,0.9806774,2,23,0.002791409,1.0053592,2,43,0.009010785,0.9225384,2,64,0.012982546,0.84823877,2,88,0.0,0.9668336,0,109,0.0056495275,0.9642524,0,131,0.040059164,0.80544806,0,151,0.08062196,0.73805314,2,174,0.0,0.7079915,2,200
30,0.010560016,0.9736932,2,24,0.0031801672,1.1171739,2,44,0.009953086,0.9959641,2,71,0.0,1.0674628,2,92,0.0066184634,1.0275316,2,117,0.008273253,0.9811754,2,137,6.0658065e-05,0.9584174,2,157,0.011607676,1.0333158,2,200
31,0.0034575246,1.0210837,2,20,0.007686884,0.93806857,2,40,0.0,0.8595472,2,65,0.0,1.1516701,2,85,0.0018716785,0.92095065,2,111,0.005643078,0.898289,2,132,0.04336238,0.76238185,0,152,0.0,0.91572744,0,172,0.0,0.9787733,2,200
32,0.011573405,1.0198994,2,20,0.00012362465,0.9808601,2,41,0.02369319,0.98912543,2,65,0.0033768883,0.97612447,2,94,0.02029134,1.031035,2,116,0.012401608,0.9444292,2,137,0.016433844,0.975009,2,160,0.008516241,1.0094588,2,200
33,0.021196898,0.9490119,2,20,0.0051818667,1.0015438,2,45
34,0.026528927,0.96029174,2,21,0.0,1.0668064,2,41,0.0066390024,1.0562308,2,61,0.0016418366,1.0436206,2,81,0.012441766,1.0269474,2,101,0.005002265,1.1040132,2,121,0.008992663,1.0892682,0,141,0.018471187,1.0850123,0,161,0.004016572,1.057876,2,200
35,0.033920698,0.9233336,2,22,0.03369882,0.9294224,2,42,0.0,1.0009779,3,62,0.014206921,0.98107356,3,82,0.022601787,0.8793632,2,102,0.027115768,0.7445414,2,122,0.018268976,0.9059415,0,142,0.0012829984,0.9090217,2,163,0.031307336,0.90254575,2,200
