0,0.015403619,0.9837788,2,20,0.005223863,0.99290276,2,43,0.0011803887,0.96611756,2,63,0.0028973576,0.91994506,2,83,0.013811651,1.0005547,2,103,0.0,1.0611292,2,123,0.010014121,0.97181666,2,143,0.015727347,0.95535696,2,163,0.021989204,0.92351747,2,200
1,0.017874181,0.8563387,2,20,0.0,1.0319858,2,43,0.0,1.049358,2,63,0.0,1.0386851,2,84,0.021234015,1.0037246,2,104,0.0032701655,1.0234092,0,124,0.01582537,0.98692185,2,153,0.0,0.99069643,2,173,0.012708248,0.9529525,2,200
2,0.00755597,0.9555248,2,20,0.0054992824,1.0023924,2,47,0.0007787393,0.9930579,2,68,0.0015932239,0.9773364,2,92,0.0074941716,1.0304492,2,112,0.017639812,1.0817546,2,132,0.0043583224,1.0467949,2,158,0.009359774,0.94255686,2,178,0.004789404,1.0335226,2,200
3,0.010692542,0.9933689,2,20,0.0025288658,0.96744937,2,45,0.029485919,0.946644,2,66,0.002530294,0.9834187,2,87,0.035311993,1.0038527,2,107,0.033311583,0.92259866,2,127,0.06489981,0.90325546,2,147,0.038975127,0.78612125,0,168,0.0091308085,0.63379407,2,200
4,0.0,1.0073632,2,21,0.0,1.0638889,2,45,0.017401556,0.9951848,2,65,0.004370704,0.99295115,2,87,0.0019611826,0.96435785,2,116,0.01123816,1.0238277,2,137,0.03754251,0.97221035,2,160,0.020585263,0.9935709,2,200
5,0.02277342,0.9436576,2,24,0.007517228,1.048938,2,50,0.0,1.0300324,2,75,0.0057133045,1.0373276,2,102,0.0,1.0250553,2,128,0.03198226,0.9801494,2,148,0.0,1.001642,2,168,0.001809989,0.9803642,2,200
6,0.0058080307,1.0065005,2,21,0.006536918,0.97184956,2,41,0.0012409975,0.95845324,2,63,0.003922293,0.9630696,2,88,0.0063331015,0.9648541,2,109,0.0032626684,0.97058004,2,150,0.0033029714,0.92917526,3,170,0.006818869,0.94753337,2,200
7,0.004224646,1.0151938,2,35,0.0,0.9700939,2,55,0.0,0.98546183,2,75,0.0,1.0091743,2,97,0.0015871098,0.9964085,2,119,0.037079442,1.0056826,2,141,0.009400078,0.9773272,2,161,0.00094449054,0.9661809,2,200
8,0.0,1.0469618,2,20,0.0,1.0155921,2,40,0.0,1.0932858,2,60,0.0010889585,1.0323323,2,80,0.02516024,0.9936547,2,104,0.0,1.0246321,2,133,0.02158625,0.97460145,2,153,0.0040487926,0.9952064,2,175,0.0139306,0.9803777,2,200
9,0.0013390073,0.9861323,2,20,0.01774667,0.98573416,2,44,0.014993989,0.95545673,2,70,0.085824,0.925813,2,91,0.0049675694,0.9412516,2,111,0.020604111,0.94150317,2,131,0.0,0.6843503,2,151,0.0,0.60038906,1,171,0.0014405857,0.70552945,2,200
10,0.008148266,0.97516644,2,20,0.014387179,0.94929755,2,46,0.02039924,0.87780684,2,66,0.0,0.8635786,2,87,0.0,0.8451373,2,107,0.00022577708,0.5860769,2,127,0.0045745014,0.62787765,2,147,0.0,0.28689194,2,167,0.0076851575,0.5672049,1,200
11,0.0074420627,1.0141777,2,21,0.0061909473,0.98365843,2,41,0.0,0.97757876,2,61,0.007477856,1.0054735,2,81,0.034820598,1.0246224,3,101,0.021964014,0.9680567,0,121,0.007580085,1.0183501,3,141,0.0059314887,0.88064003,3,162,0.0344829,0.8473172,2,196
12,0.027186597,0.983089,2,23,0.011826211,0.99666756,2,43,0.013161235,0.99457896,2,68,0.023772372,0.94255674,2,94,0.0,1.0203094,2,114,0.0,1.038718,2,135,0.002492953,1.0787861,2,171,0.0104194945,0.96399224,2,200
13,0.0025213726,0.9406417,2,25,0.0,0.9423694,2,47,0.0,1.0042336,2,67,0.050407726,0.9531309,2,87,0.008619199,0.88633335,2,107,0.018083408,0.8309625,2,127,0.009168396,0.8612364,2,147,0.0030378802,0.94633615,2,167,0.008240412,0.73318666,2,199
14,0.0,0.9975036,2,20,0.047630526,0.9007811,2,42,0.0,0.9285879,2,70,0.008587899,0.9147603,2,91,0.0295764,0.8866185,2,111,0.0,0.91727513,2,131,0.0,0.99082965,2,151,0.0,0.93939626,0,171,0.0,0.90174574,2,200
15,0.0107180085,0.9874889,2,25,0.0123002995,1.0166513,2,46,0.0,1.0004203,2,66,0.010463961,1.0093919,2,88,0.01077484,0.97856945,2,120,0.03435326,0.91656256,2,140,0.0,0.9542289,2,164,0.0023918313,0.9198438,2,200
16,0.0074607222,0.96568894,2,24,0.012823119,1.0378218,2,45,0.012090769,0.99970317,3,67,0.011170304,0.95880216,2,90,0.05111462,0.99980783,2,110,0.021950986,1.0054623,2,130,0.034193777,1.0161333,2,152,0.020067768,0.9116599,2,172,0.056278232,0.92394596,2,200
17,0.012005893,0.9885643,2,20,0.002561637,1.0390567,2,40,0.009285316,0.9872744,2,65,0.0,0.9887865,2,93,0.0032897557,1.0124627,2,114,0.0,0.9508417,2,136,0.003908195,0.9503543,2,159,0.0098590795,0.920383,2,179,0.015607439,0.91404116,2,200
18,0.0,0.95071447,2,20,0.005415132,0.89577997,2,40,0.012333075,0.8602078,2,62,0.00091406784,0.8519511,3,82,0.00869851,0.8756234,0,102,0.12730196,0.7296782,0,123,0.0,0.83573705,2,143,0.0077632032,0.8640256,2,163,0.0026514619,0.53827614,0,200
19,0.00066342065,0.9329915,2,21,0.013585669,0.9466216,2,44,0.005161071,1.0006511,2,68,0.008355481,0.93493015,2,88,0.0,0.9737031,2,109,0.0122482665,0.8442811,2,129,0.0050426587,0.90261924,2,154,0.0,0.65895134,2,174,0.097376786,0.6200305,2,200
20,0.014184214,0.9794604,2,20,0.013979751,1.0174768,2,40,0.02161162,1.0024484,0,60,0.014796688,0.9361328,2,81,0.0,0.97294426,2,102,0.00398557,0.76528674,0,123,0.102687,0.68446016,2,143,0.005074887,0.4929449,2,163,0.062584266,0.4866699,2,200
21,0.006001245,1.0849983,2,20
22,0.00063390826,1.083157,2,35
23,0.028409775,0.91758764,2,26,0.0063864156,0.91206515,2,46,0.034879126,0.9044512,2,69,0.040102884,0.85862243,2,89,0.0074901013,0.82191974,3,109,0.031977583,0.7564897,0,147
24,0.0022868908,1.0538495,2,20,0.008773327,1.0480522,2,41,0.0,0.9441483,2,62,0.0036866858,0.99654835,2,82,0.00238904,0.97258615,2,106,0.0,0.9003574,2,129,0.024845775,0.9445637,2,149,0.0,0.83600694,2,169,0.019530168,0.9308141,2,200
25,0.007762934,0.98647004,2,20,0.00988673,1.0164319,2,42,0.00028871177,0.99857193,2,64,0.0,1.0207803,2,84,0.0,0.9465666,2,104,0.007662285,1.073245,3,124,0.008003798,0.99722135,2,146,0.0037422448,1.0097944,2,166,0.020926481,0.9087248,2,200
26,0.0078878105,1.0130365,2,20,0.032230284,0.9749565,2,41,0.019155381,0.96612895,2,66,0.011517221,0.958259,2,86,0.01253739,0.9799339,2,106,0.0065607093,0.96341485,2,126,0.019222768,0.8408047,2,148,0.021368107,0.886185,2,168,0.0065681846,0.92995256,2,200
27,0.0010025426,0.98655856,2,21,0.0120481495,0.9671702,2,42,0.0040348577,0.9878936,2,66,0.03321249,0.92595565,2,86,0.02633848,1.0299863,2,110,0.0068747243,1.0414312,2,130,0.0021368882,1.0208033,2,150,0.0,1.083744,2,172,0.018122047,1.0080878,2,200
28,0.00014551953,0.9666499,2,20,0.017390136,0.97505826,2,41,0.011468149,0.98014975,2,61,0.0,0.96902466,2,81,0.00069679203,0.9798554,2,101,0.0021538506,0.8606079,2,123,0.009841574,0.70853263,2,144,0.0,0.54264516,2,164,0.0,0.62765354,1,200
29,0.019258358,0.88731444,2,23,0.046878524,0.96107846,2,43,0.0,0.9235431,2,63,0.0076364577,0.9326709,2,83,0.01817809,0.83883655,2,104,0.002615993,0.8960091,2,125,0.028765738,0.905702,2,148,0.002758006,0.9686142,2,169,0.020661369,0.8423675,2,200
