0,0.0027063321,0.99129367,2,25,0.0,1.0104494,2,46,0.0022761503,1.0011885,2,67,0.030459134,0.9314575,2,88,0.0014155308,0.98936695,2,118,0.0,0.85967636,0,140,0.008108055,0.7847122,2,160,0.0,0.5446797,1,180,0.013754679,0.73151135,2,200
1,0.009834279,0.889606,2,21,0.028202355,0.90505993,2,41,0.0,0.7236532,0,61,0.054730665,0.749619,2,81,0.020047162,0.7238497,2,101,0.02009154,0.9174351,2,124,0.0,0.91552556,3,144,0.011303522,0.86456156,2,165,0.03455383,0.9390502,2,200
2,0.0018649062,1.0030521,2,20
3,0.0055186916,0.9968306,2,22,0.0025507875,0.98984003,2,43,0.008305414,0.9503064,2,66
4,0.007813176,1.0090998,2,22,0.0,1.0170029,2,43,0.01347099,0.98270684,2,63,0.0033667088,1.0295285,2,83,0.0059907464,1.0317712,2,103,0.007661727,1.0072008,2,127,0.021739393,0.9826813,2,147,0.0077877026,0.97427773,2,170,0.0058917683,0.97951275,2,200
5,0.0025508346,1.0246602,2,33
6,0.0,1.0289733,2,22,0.02084136,0.8816201,2,42,0.010516054,0.9532123,2,64
7,0.0003446568,1.0428985,2,20,0.0051085954,1.029747,2,52
8,0.026660668,0.9459763,2,22,0.021061167,0.9769575,2,42,0.05208393,0.8643651,3,62,0.014013442,0.92436796,2,85,0.013464148,0.89199245,2,105,0.08133633,0.73281634,2,125,0.010923253,0.88023317,0,145,0.0,0.80606383,2,165,0.0,0.72995645,0,200
9,0.025696045,1.0020173,2,20,0.0,1.0089848,2,40,0.011481095,0.98155403,2,65,0.003775925,1.0374489,2,85,0.008283803,0.9701323,2,111,0.0,0.996744,2,131,0.004185201,1.0580611,2,151,0.0032100563,1.0345575,2,173,0.0013666056,0.94932324,2,200
10,0.020717079,0.98222953,2,20,0.000187279,1.0488179,2,40,0.0,1.0189424,2,62,0.024916865,0.9595729,2,82,0.0048255543,0.91190875,2,105,0.0,0.85900664,0,128,0.0,0.7543545,2,148,0.0,0.93257684,2,168,0.013785565,0.75587964,0,200
11,0.0020315242,0.9906295,2,20,0.009332797,1.0212117,2,45,0.014209029,1.0000432,2,65,0.011391699,0.9738706,2,88,0.005350266,1.0241257,3,109,0.0,1.0360844,2,130,0.0025049923,1.0539333,2,154,0.014833066,0.9776567,2,174,0.006816345,1.0778848,2,200
12,0.0048256246,1.031446,2,22,0.013473193,1.0112243,2,42,0.0056358534,0.9354225,2,69,0.011057748,0.9727325,2,94,0.0042792764,0.9958475,2,132,0.0030798174,0.9638384,2,154,0.0024772198,1.0152985,2,174,0.00018637226,1.0087072,2,200
13,0.0110162655,0.98262334,2,26
14,0.0,1.0031209,2,25,0.0,0.98403573,2,47,0.0028845617,1.0852767,2,69,0.00039965083,1.0135367,2,90,0.0013770967,0.91621715,2,110,0.007363536,0.96263033,2,131,0.009332672,1.0249064,2,151,0.005118555,1.0524346,0,171,0.00083281595,1.0262128,2,200
15,0.008077977,0.99974394,2,21,0.0,1.0679711,2,42,0.0,1.0285105,2,65,0.0057087014,1.0002283,2,87,0.004453804,1.0248448,2,122,0.0018803438,1.0398602,2,148,0.038627587,0.9592161,2,168,0.0019508776,1.0372366,2,200
16,0.008018294,1.0131384,2,26,0.0,1.0752975,2,46,0.0,1.0636404,2,67,0.0,1.0354428,2,91,0.0037579178,1.0170623,2,120,0.00536534,0.9914741,2,142,0.0030944617,1.0289077,3,163,0.012256535,0.99731827,2,200
17,0.0022057856,0.9654727,2,21,0.005214502,1.0720664,2,41,0.006516077,1.0216671,2,62,0.007551203,1.0187882,2,92,0.0,0.98983455,2,113,0.0,0.9642333,2,143
18,0.003693675,1.0081965,2,24
19,0.021216322,0.9500653,2,20,0.00088428875,0.9798498,2,40,0.0046235616,0.97477293,2,60,0.034047756,0.9182387,2,85,0.028857062,0.93903476,2,106,0.006618566,0.95814717,2,126,0.0,0.95204675,2,146,0.013407412,0.96883774,3,166,0.0071924585,0.89776915,2,200
20,0.005782767,0.9618799,2,20,0.0123380385,1.0353168,2,55,0.0105711995,1.0381867,2,76,0.022156406,0.9834021,2,96,0.0036074005,1.0257192,2,116,0.004077854,1.0311445,2,143,0.00065753865,0.9200891,2,163,0.02176683,0.9311964,2,200
21,0.0,0.8471112,2,23,0.07436441,0.64621484,1,43,0.04909085,0.5964889,2,65,0.0023502628,0.647566,3,85,0.0,0.6259151,0,106,0.0,0.46510175,0,127,0.0025601387,0.3655319,0,147,0.2366821,0.23893005,0,168,0.027477838,0.23962653,0,200
22,0.0073456364,0.9377216,0,20,0.0,1.0100154,2,42
23,0.0,0.939772,2,20,0.008842645,0.99778175,2,41,0.014656219,0.90963954,0,62,9.989981e-05,0.8309642,0,82,0.032421935,0.7843518,2,110
24,0.0013962232,0.9488597,2,21,0.0056272373,1.0146769,2,42,0.016648944,0.962447,2,62,0.0396846,0.95561165,2,83,0.0,0.96383727,2,103,0.0,0.93179476,2,123,0.00037229495,0.9952658,2,147,0.0039607817,1.0035623,2,173,0.002280445,0.918924,2,200
25,0.0051566106,1.0280415,2,22,0.007743869,1.0059096,2,42,0.007182623,1.0144519,2,65,0.010410763,1.0553141,2,89,0.01877343,1.0313115,2,111,0.0,1.0535495,2,131,0.00067428214,1.0738032,2,152,0.011204811,1.0566642,2,172,0.0,1.054641,2,200
26,0.0,0.99884194,3,20,0.0027248487,0.97973573,2,50,0.0,0.9796084,2,82,0.00038325638,0.9759699,2,102,0.0,0.96458465,2,140,0.0,0.95193297,2,165,0.005398258,0.91790086,2,200
27,0.011088447,0.9634889,2,34,0.019182539,0.86411315,2,54,0.004612727,0.9343952,2,74,0.02400551,0.9777478,2,95,0.01096424,1.0402002,2,116,0.023034386,0.95833355,2,143,0.054032326,0.9059669,2,163,0.020251798,0.95109385,2,200
28,0.007687832,0.9791565,2,23,0.0,1.0108439,2,44,0.002907407,1.0074463,2,74,0.012295507,0.98897713,2,94,0.0030943644,0.9659082,2,115,0.004573746,1.0263999,2,149,0.0029746708,0.9800943,2,169,0.00061040866,1.0541116,2,200
29,0.00019486547,1.0374837,2,30
30,0.011024455,1.0388969,2,29
31,0.009820664,1.0483994,2,31
32,0.0,1.0163283,2,22
33,0.008343694,0.9698301,2,22,0.006810054,1.0261844,2,46
34,0.01666915,1.0253752,2,20,0.01678062,0.9868774,2,45,0.014521311,0.94080245,2,68,0.00045721652,0.961864,2,88,0.00558995,0.9351875,2,110,0.0022462655,0.9691757,2,130,0.0,0.996873,0,150,0.009742691,0.999419,2,171,8.863073e-05,1.016206,2,194
35,0.0011889212,0.99416906,2,24,0.022671597,0.8687902,0,45,0.0065220497,0.88613236,2,66,0.0027869097,0.9262005,2,86,0.026128933,0.8869519,2,106,0.006826967,0.9055963,2,131,0.010992437,0.9404904,2,151,0.00826864,0.9384575,2,175,0.0053488314,0.9066446,2,200
36,0.0,0.6051783,2,20,0.027269265,1.0117407,3,40,0.0,0.830645,0,62,0.0,1.1127229,3,82,0.0,0.58041203,3,102,0.0,0.38549075,1,125,0.0,0.50905085,2,145,0.027713072,0.42861423,2,175
37,0.0060142,1.0219058,2,27
38,0.013505943,0.8876344,3,20,0.016434673,0.9267033,2,40,0.013582696,0.8386601,2,63,0.005193033,0.8117361,2,91,0.033386633,0.8459398,2,113
39,0.006849086,1.000817,2,24,0.056097735,0.9369275,2,55
40,0.009598699,1.0232286,2,21,0.0056291004,1.008602,2,42,0.01729674,0.97649187,2,64,0.035225976,0.9920159,2,87,0.012307659,0.95679975,2,109,0.018290397,0.9553321,2,129,0.0014120458,0.934703,2,149,0.0,0.9721386,2,169,0.007958603,0.9536713,2,200
41,0.011179503,1.0061477,2,44,0.02093897,0.934023,2,64,0.0030628503,0.99018824,2,87,0.00846175,1.0246668,2,109,0.0,1.0333991,2,132,0.0,1.0021547,2,153,0.0047452063,0.9734804,2,173,0.0045588994,0.97804374,2,200
42,0.001064984,0.96761376,2,21,0.0,0.842297,2,43,0.0,0.6625479,2,63,0.0043047825,0.4878658,1,84,0.017200042,0.74082804,2,105,0.04526917,0.85234135,0,125,0.0,0.9299284,0,145,0.0,0.82090557,2,165,0.037649278,0.77361405,0,200
43,0.021314755,0.93404037,2,20,0.011883084,1.006397,2,40,0.004797255,0.9340216,2,62,0.0075558526,0.92816293,2,82,0.073653065,0.9354342,2,102,0.048967373,1.0019776,2,123,0.00784786,1.0088216,2,145,0.006169012,0.9071492,2,166,0.0074885916,0.88008845,2,200
44,0.0,1.0017833,2,22,0.0037236642,0.973115,2,45,0.010614457,1.0220392,2,68
45,0.00062093657,0.9967385,2,22,0.0025351816,1.0206978,2,42,0.0,1.0438488,2,64,0.0,1.0224259,2,86,0.0,1.0503215,2,116,0.0,0.99226284,0,136,0.0,1.0345145,2,158,0.005581926,0.98855764,2,200
46,0.0076867593,1.0039886,2,20,0.0008067869,1.0283448,2,40,0.0,1.0115491,2,60,0.006091372,0.96445477,2,80,0.0026804488,0.9725493,2,101,0.0010888926,1.0202165,2,123,0.0026533601,0.9463498,2,143,0.0,1.0090266,2,164,0.004368476,1.0231712,2,200
47,0.004623024,1.0099279,2,20,0.005281702,1.0529959,2,40,0.008936073,1.0162127,2,60,0.0005803491,0.99149746,2,87,0.009354025,1.0138352,2,108,0.0035849712,1.0485094,3,128,0.0028322665,1.0050701,0,149,0.0029232942,1.0340912,2,169,0.0041269697,0.9888218,2,200
48,0.0045283786,1.0095922,2,25,0.009379375,1.0163835,2,45,0.0013784547,1.0052693,2,65
49,0.007361804,1.0057799,2,20,0.005105754,1.0387616,2,44,0.0106606865,0.9946192,2,66,0.0,1.0131979,2,87,0.010560616,1.0068233,2,110,0.0033562768,1.0237684,2,137,0.0015144501,1.0734637,2,157,0.001893466,1.0041702,2,177,0.00590783,1.0508165,2,200
50,0.0076440834,1.0074841,2,41
51,0.009045792,1.0329188,0,20,0.002323685,1.0697271,2,44,0.0,1.0353986,2,65,0.0060244435,1.0309314,2,85,0.0051013883,0.977713,2,107,0.0014305243,0.9535116,2,127,0.0417171,0.92566055,2,149,0.019799346,0.97776115,2,177,0.0036504888,1.0497396,2,200
52,0.010756092,0.9825756,2,22,0.0,1.0255126,2,43,0.014849679,0.9829295,2,64,0.012126841,0.98715174,2,84,0.017234327,0.9642209,2,104,0.0058003645,0.9694655,2,130,0.00037181049,1.0347751,2,151,0.014498167,0.96783334,2,171,0.007834207,0.98255783,2,200
53,0.0003482323,1.064074,2,25,0.0040754504,1.0226325,2,45,0.0036056817,1.0234256,2,65,0.012671021,1.0140702,2,89,0.00672472,1.005865,2,115,0.00719526,0.97884816,2,136,0.0066077085,0.98242867,2,156,5.2814416e-05,1.0521944,2,177,0.007162672,1.0307099,2,200
54,0.007416672,0.8946494,2,21,0.0,0.9772253,3,43,0.0,1.0812654,2,63,0.0,0.8732602,2,83,0.01968687,0.82379615,2,109
55,0.009064989,1.0335038,2,26,0.006170503,1.0256943,2,46,0.0023050231,1.0114367,2,70,0.014614601,1.0414546,2,91,0.0,1.0509143,2,119,0.0,1.0652059,2,141,0.0,0.99028635,2,161,0.009978109,0.9543949,2,200
56,0.019940516,0.51003987,2,20,0.00047066016,1.0999478,2,40,0.0,0.7986739,3,60,0.02229456,0.3554154,2,81,0.4228672,0.12846299,2,101
57,0.0,1.0325172,2,36,0.0017538577,1.0034872,2,56,0.006015934,0.98490846,2,76,0.007192414,0.9269047,2,107,0.021036714,0.9880989,3,127,0.039424185,0.9266674,2,147,0.0,0.9167598,2,183
58,0.016864425,1.0146759,2,20,0.00091381656,1.0593879,2,41,0.012834685,1.0215988,2,62,0.008158815,1.0302473,2,82,0.009539244,1.003292,2,106,0.0,1.0216806,2,131,0.008397387,1.0532373,2,151,0.0,1.0435358,2,172,0.003398096,1.0585964,2,200
59,0.023590794,0.91691893,2,25,0.0057570487,0.9619859,2,51,0.020386264,0.9664234,2,72,0.0049529397,0.981579,2,92,0.01905991,1.0275607,3,114,0.016353913,0.99599504,2,138,0.06988226,0.87742966,2,158,0.0,0.8322772,2,179,0.0,0.8740486,2,200
60,0.00271862,1.0105081,2,23,0.0016622723,1.013056,2,45,0.0013570933,0.98862433,2,68,0.0063912575,0.9951981,2,92,0.0,0.99950933,2,124,0.0036294002,0.9431666,2,151,0.0065753846,1.0174772,2,171,0.013332247,0.956765,2,200
61,0.0006300261,0.9826146,2,22,0.0,0.8143357,2,42,0.00040282233,0.6721894,2,62,0.0,0.81699705,2,83,0.0032203803,0.61024976,2,119
62,0.0,1.0317992,2,20,0.018460246,1.043178,2,41,0.010839738,0.97318286,2,64,0.02126229,0.9909407,2,86,0.041260935,0.93433416,2,109,0.014380475,0.99305946,2,129,0.03789205,0.9773811,2,149,0.0057517393,1.0218551,2,169,0.0005817788,0.9889204,2,200
63,0.0027079482,0.9733674,2,21,0.02102312,0.97304934,2,50,0.0,0.92793405,2,70,0.00041106855,0.86253375,2,90,0.011436248,0.87505704,2,120,0.0,0.7531377,2,140,0.003998861,0.70747924,2,162,0.019899098,0.42597103,0,200
64,0.0021480918,0.8869255,2,20,0.0,0.7419853,2,40,0.0,0.29733723,2,60,0.03123505,0.4363336,3,80,0.0011716628,0.42812538,0,100,0.1115554,0.5042997,2,120,0.03796448,0.48207012,2,140,0.0,0.66966784,2,160,0.0,0.72529715,2,180,0.0,0.20773046,1,200
65,0.010354226,0.9534214,2,22,0.01595463,0.88247347,2,43
66,0.014369045,1.0064315,2,24,0.012402816,0.98098284,2,47,0.010874409,0.9519383,2,67,0.0,0.9495559,2,87,0.017084803,0.98709697,2,107,0.0,0.9783735,2,127,0.0060567623,0.9768293,2,154,0.028586134,0.93256426,2,174,0.03689801,0.9329891,2,200
67,0.0,1.0265449,2,29,0.007506702,1.018018,2,49,0.0009102029,0.97008556,2,72,0.012592581,0.91201806,2,94,0.0033417642,0.8933427,2,114,0.046603017,0.9063199,2,134,0.004888383,0.899805,2,156,0.00012528244,0.69681555,2,176,0.041103672,0.7811305,2,200
68,0.011122601,1.062772,2,20,0.01876691,0.9933905,2,42,0.010630019,0.9622806,2,63,0.015755799,0.90444785,2,84,0.023466844,0.9364584,2,104,0.009126733,0.91631633,2,124,0.0023951929,0.8725562,2,144,0.01603694,0.92316794,2,170,0.013118089,0.9360802,2,200
69,0.0,0.9498266,2,20,0.0,0.77909654,2,40,0.0,0.8501522,2,60,0.0010887377,1.0595013,0,80,0.0,0.9217852,0,100,0.0,0.80672175,0,122,0.023522485,0.8569546,2,144,0.004702062,0.82868886,2,166,0.0032325431,0.9100519,2,200
70,0.00022903782,1.0185096,2,23,0.0036954845,1.0256796,2,45,0.0020534634,1.0168394,2,65,0.010947612,1.0151353,2,86,0.0,1.0074804,2,106,0.0050014667,1.0601836,2,126,0.00301992,1.0538684,2,146,0.011939468,1.0252126,2,166,0.0038443154,1.0033638,2,200
71,0.00844591,1.0288328,2,20,0.000669617,1.0218987,2,40,0.006316021,0.9983688,2,88,0.014115309,0.99920046,2,108,0.008500527,1.0196027,2,139,0.011623688,1.0407509,2,159,0.0005928521,1.0368551,2,179,0.0,1.0356203,2,200
72,0.029684281,0.79729027,2,20,0.0,1.1278756,2,40,0.0,0.90572226,2,60,0.0,0.6982683,2,85
73,0.0076558157,0.9363654,2,20,0.021248782,0.9831305,2,41,0.025440834,0.95952153,3,78
74,0.009453109,1.0258044,2,20,0.00032089022,0.995654,2,41,0.0,0.98443145,2,61,0.012472741,1.032945,2,86,0.0,1.0240656,2,107,0.010385204,1.0324732,2,134,0.00015669325,1.0418562,2,154,0.0,1.0677245,2,175,0.0,1.0269543,2,200
75,0.0030999824,0.9788265,2,20,0.0029487887,0.94359106,2,42,0.0177523,0.8904713,2,64,0.006859391,0.923247,2,84,0.011010859,0.93958664,2,106,0.01499383,0.9316046,2,131,0.017291395,0.9084959,2,151,0.0016370752,0.99163896,2,174,0.009719313,0.953332,2,200
76,0.017633196,0.9388533,2,21,0.0045160013,1.0094103,2,43,0.0056769825,1.0013465,2,68,0.010951642,0.9125991,2,92,0.0,0.95860016,2,112,0.01117233,0.9226219,2,132,0.0013012602,0.983898,2,154,0.0011606301,0.94244313,2,176,0.009203027,0.9923031,2,200
77,0.0,0.9985423,2,32,6.9583766e-05,0.95841515,0,52,0.015584395,0.9190658,2,78
78,0.011011475,0.95604,3,23,0.0,1.0791262,2,49,0.0044562076,0.9112132,2,70,0.01548858,1.0517344,2,92,0.0004714621,1.0554675,2,113,0.0015221729,1.0104141,2,134,0.0,1.0208191,2,160,0.009018946,0.9922916,2,200
79,0.0072402484,1.0164886,2,20,0.0023406313,0.97279704,2,43
80,0.0009641471,1.0218358,2,27,0.004314064,0.9556013,2,55,0.022323463,0.9264261,2,75,0.0047342395,1.0085202,2,98,0.04700894,0.98274314,2,119,0.015298118,0.91192687,2,142,0.04727487,0.8841542,2,165,0.073219135,0.9202286,2,200
81,0.0,0.98180217,2,21,0.00031142094,1.0378431,2,41,0.00238785,1.0388238,2,67,0.0,0.99015343,2,88,0.0028535244,1.0239973,2,119,0.0,1.0584111,2,141,0.0,1.1065966,2,165,0.002238929,1.023719,2,200
82,0.0022972864,1.0175534,2,27
83,0.0046662795,1.0361229,2,21
84,0.0,1.0436655,2,20,0.037252016,0.963105,3,40,0.0,1.0484095,2,60,0.0041579795,0.99106497,2,82,0.0,1.0080965,2,113,0.0070884144,1.0158584,2,134,0.0035906322,1.0033826,2,154,0.021311173,0.9832689,2,174,5.4372045e-05,0.98454225,2,200
85,0.0008473763,0.9906219,2,20,0.006299478,1.0108734,2,42,0.009838771,0.9881222,2,68,0.04068808,0.90519565,2,91,0.0046564564,0.93804663,2,111,0.0042205416,0.95917094,2,136,0.014860297,0.9116874,2,156,0.013918904,0.90596324,2,177,0.0017172017,0.9870779,2,200
86,0.013089578,0.9718162,2,21,0.0,1.0098759,0,41,0.011623861,0.8370402,2,68,0.00859351,0.8946862,2,89,0.0131193865,0.9525682,2,109,0.00486003,0.9066513,2,129,0.020474337,0.92999184,2,149,0.020498356,0.78332186,2,170,0.011375202,0.9238865,2,200
87,0.0062509775,1.0080409,2,29
88,0.0003231598,0.9543803,2,22,0.01144472,0.87696034,2,52
89,0.005457148,1.0077064,2,20,0.0023894496,0.98585135,2,48,0.011468607,0.9926825,2,70,0.02134068,0.96879643,2,90,0.006978731,0.9362013,2,114,0.0006492464,0.9333812,2,134,0.0,0.85874623,2,158,0.0,0.9060814,3,178,0.0,0.8842539,2,200
90,0.009376885,0.9537527,2,20,0.022444252,0.90281206,2,49,0.0,0.8744009,2,77,0.0,0.7416884,2,97,0.047919407,0.7525775,0,121,0.039729528,0.80239016,0,142,0.0,0.69659585,1,162,0.018576633,0.39822692,2,200
91,0.009334234,1.0431473,2,20,0.00422682,1.0425861,2,40,0.005565525,1.0103585,2,78,0.0017698196,1.0385412,3,101,0.00511235,1.0312359,2,125
92,0.007885328,1.0641017,2,22
93,0.015370846,0.97518617,2,22,0.0057682483,1.0075737,2,44,0.009802149,1.0211338,2,69,0.0016625639,1.0170889,2,100
94,0.0,0.96894485,2,25,0.0105296485,1.0480084,2,67
95,0.005901854,1.0004189,2,20,0.007931422,0.9646811,2,41,0.005962991,0.97473055,2,62,0.0047499686,0.9613835,2,82,0.011586625,0.97336704,2,106,0.028976802,0.8951578,2,126,0.0,0.91565883,2,146,0.009635738,0.88909286,2,171,0.003941283,0.9226651,0,200
96,0.009697324,0.99471444,2,20,0.0026307385,0.98896927,2,45
97,0.007671074,0.98654336,2,21,0.0037203357,0.8764741,2,45,0.010924202,0.97655,2,65
98,0.01702644,0.9494346,2,20,0.0,0.9485006,2,41,0.007458157,0.9632906,2,61,0.0038090893,0.9597508,2,87,0.0,0.90949076,2,111,0.00391247,0.9832748,2,132,0.0142202135,0.93612874,2,152,0.038238116,0.92622775,2,174,0.024045287,0.8844272,2,200
99,0.0016839894,0.9295043,2,21,0.0,0.93654096,2,41,0.0018881422,0.9986454,2,61,0.009173336,0.93189394,2,93,0.0,0.8511233,2,115,0.028518654,1.0197235,2,140,0.013677525,0.90308475,0,160,0.0036532704,0.6888051,0,200
100,0.0060620606,0.98651683,2,20,0.0,1.042382,2,73,0.007902169,1.0409043,2,93,0.010745201,0.98614204,2,114,0.0,0.9963921,2,134,0.0,0.9185026,2,155,0.0,0.9183842,2,176,0.0015616281,0.77601117,2,200
101,0.0041309837,1.0009106,2,22,0.0,1.0488431,2,43,0.00091828726,1.0684662,2,74,0.020920271,1.0243251,2,95,0.0027480714,0.9370773,2,116,0.0019820102,0.9648269,2,136,0.023551803,0.86761856,2,158,0.0,0.97607386,2,178,0.069157146,0.9178973,0,200
102,0.01207536,0.8732955,2,20,0.0,0.91438824,2,43,0.0,0.9089249,2,70
103,0.0028881854,0.9781641,2,25,0.0033399856,0.9683032,2,50,0.0,0.8084326,2,90,0.03457198,0.79951465,2,119
104,0.0,0.976656,2,22,0.003728765,0.98580945,2,43,0.0058944416,0.9921726,2,68,0.020320708,0.95176035,2,89,0.011053926,1.0400993,2,113,0.00062507077,1.0078033,2,133,0.0,1.1052058,3,154,0.0,1.1618773,3,175,0.0053092022,1.0733819,2,200
105,0.011446539,0.68178356,2,22,0.0,0.7277907,0,43,0.0,0.33943155,3,63,0.061330635,0.67156106,1,83,0.0026152094,0.59215105,1,104,0.0,0.62605524,2,124,0.0,0.7339945,2,144,0.07265219,0.60595614,2,164,0.0634001,0.2800382,2,200
106,0.025632668,0.9665577,2,20,0.0,0.9418118,2,41,9.017003e-05,0.93042076,2,62,0.0,0.77599514,2,82,0.0,0.6181759,1,103,0.039700918,0.6578546,2,123,0.0,0.85059756,0,143,0.0,0.9759043,2,163,0.005627106,0.6296709,2,194
107,0.008578171,0.9763206,2,22,0.011581891,0.9157376,2,49
108,0.0,1.0448353,3,21,0.004004147,0.995808,2,47
109,0.008751297,0.9838983,2,20,0.008428201,0.95577663,2,44,0.0041297385,0.9566906,2,64,0.025339026,0.96070683,2,84,0.001364555,0.9162813,2,105,0.004273691,1.0009241,2,125,0.059672616,0.98536843,2,146,0.008743824,0.9304172,2,167,0.006130036,0.9686145,2,200
110,0.0031650567,1.0057961,2,22,0.009877222,0.9963181,2,46,0.0117602935,0.9584441,2,70,0.0,0.98208064,2,90,0.022947842,0.9113456,2,110,0.018019807,0.9827243,2,130,0.0028460585,1.0394981,2,150,0.03296944,0.8860871,2,170,0.0026410313,0.9455974,2,200
111,0.005129248,0.9788328,2,30,0.023469064,0.93121487,2,56,0.004173044,0.99581176,2,76,0.021658095,0.9896846,2,96,0.022341479,0.97418785,3,132,0.018748032,0.885809,2,159,0.00977691,0.88782245,2,180,0.017435301,0.93271637,2,200
112,0.0010909088,1.0158435,2,21,0.004269805,0.96183413,2,45,0.029388634,1.0177395,2,66,0.030786812,0.989638,2,86,0.025903424,0.82958096,2,109,0.0,0.98486143,2,134,0.0,0.8705143,2,160,0.020844152,0.8090788,2,200
113,0.0034017598,1.0073771,2,21,0.010978135,0.9233278,2,44,0.0047296314,0.98566806,2,64,0.006975042,0.97583795,2,97,0.010131063,1.028857,2,117,0.0016602748,0.98408264,2,138,0.0017287076,1.0262959,2,158,0.00029656503,1.0374666,2,179,0.0010802913,1.0124267,2,200
114,0.009882704,1.0201811,2,36,0.001181831,1.0091344,2,63,0.013464998,0.99850833,2,92,0.014221227,0.97349256,2,114,0.005314921,0.8507516,2,134,0.011426806,0.9820697,2,154,0.01434944,0.93155897,2,174,0.02858576,0.93998396,0,200
115,0.019776452,1.0439928,2,20,0.0,0.9934883,2,41,0.013135951,0.98836553,2,63,0.01996648,0.94961303,2,84,0.017596701,0.9387398,2,104,0.0074544423,1.0039917,2,125,0.00794643,0.9742172,2,146,0.007222566,0.97612506,2,169,0.00811401,0.9621027,2,200
116,0.006499471,1.0082045,2,23,0.011923948,0.9271744,2,43,0.0,0.8316827,2,64,0.0,0.8724318,2,85,0.0,0.75987166,2,107,0.0006525122,0.6003957,2,128,0.0,0.42660818,0,148,0.0,0.46120864,1,173,0.015109974,0.68563426,0,200
117,0.0036534714,1.0175321,2,29,0.015735203,0.99326134,2,51,0.022353245,1.019535,2,73,0.005013354,0.9753593,2,93,0.00251142,1.0085012,2,141,0.0,0.97828156,2,169,0.0149123175,1.0186919,2,200
118,8.616383e-05,1.0172361,2,21,0.0,0.98016965,2,42,0.0031385808,1.0080234,2,64,0.01456348,1.0245014,2,87
119,0.0030208244,0.98217565,2,21,0.014576453,1.011868,2,45,0.0,1.0220081,2,65,0.0027301922,0.9869742,2,86,0.0003647885,1.050546,2,113,0.01043939,0.96705496,2,138,0.021255966,0.9216097,2,158,0.0042437045,0.89752465,2,180,0.013100232,0.62378085,2,200
120,0.0035585458,0.9631916,2,20,0.0061335005,0.9291981,2,40,0.041466128,0.9583665,2,60,0.0401702,0.959669,2,80,0.037534676,0.9172775,0,100,0.0060936306,0.96370995,2,120,0.0033277508,0.98027325,2,140,0.040821046,0.880488,0,161,0.04566753,0.8539506,2,200
121,0.015249698,0.9839628,2,25,0.0029090545,0.9846046,2,46,0.0070070475,0.962183,2,66,0.008683891,0.9237495,2,89,0.0,0.9409542,2,109,0.021979045,0.9145956,2,131,0.023076443,0.99189585,2,160,0.026023299,0.9066742,3,180,0.03125559,0.9011508,2,200
122,0.03424264,0.880424,2,25
123,0.013516576,0.93860555,2,22,0.0,0.8768081,2,44,0.020167947,0.79311126,2,70,0.04192069,0.8468838,2,92,0.00703797,0.5758007,2,112,0.0,0.49070534,0,132,0.013198616,0.6169115,2,152,0.0025967855,0.40933836,0,186
124,0.0044034244,1.0332811,2,20,0.029362185,0.9470184,2,46,0.0016094635,0.9587742,2,72,0.010574106,0.99125296,2,96,0.020867303,0.9522668,2,116,0.010007444,0.9486933,2,136,0.0,0.9978835,2,157,0.0,0.9054979,2,177,0.0,0.9238033,0,200
125,0.0051705004,0.99400055,2,23,0.0012246988,1.0341516,2,45,0.001553184,0.9898721,2,65,0.0,1.0284445,2,95
126,0.0032436303,1.0144972,2,22,0.0063223285,0.99349105,3,43,0.0026768777,1.0248325,3,63,0.008887368,0.98712796,2,83,0.0064679766,0.96633685,2,104
127,0.0038960527,0.99213487,2,24,0.0,1.0062727,2,45,0.0008360143,1.0162,2,96,0.00042313256,0.9967102,2,123,0.0013564893,1.0476412,2,144,0.0037727978,1.0105038,2,165,0.00375466,1.0468757,2,200
128,0.00016939547,0.9955452,2,22,0.026061753,0.8863492,2,42,0.025275875,0.89531165,2,62,0.017469844,0.9120146,2,82,0.009411119,0.95556563,2,102,0.008388616,1.0024308,2,122,0.009244353,0.98919225,2,143,0.020743515,1.0202926,2,163,0.0073343646,0.98017025,2,200
129,0.011262732,0.9838192,2,20,0.0060375603,1.0371732,2,42,0.0044701,1.0502435,2,62,0.0040734075,0.8716728,2,85
130,0.0005614099,1.0207245,2,34,0.0,1.0266224,2,62,0.0013642883,1.0528616,2,107,0.0005739055,1.0220646,2,138,0.009685377,0.9858926,2,158,0.009871461,0.9338478,2,179,0.03294882,0.96128476,2,200
131,0.0011731865,0.97512406,2,47,0.01637248,0.96985227,2,67,0.0017760635,0.97537965,3,87,0.024300208,0.95504,2,107,0.029071754,0.9758593,2,129,0.02158546,0.9542807,3,152,0.039951455,0.90751517,0,172,0.006731156,0.9420547,2,200
132,0.010834591,0.9136861,2,20,0.016216,1.0191715,3,40,0.003468979,0.88825047,3,74
133,0.006995927,0.9759596,0,22,0.0018569806,0.9908091,2,42,0.034309924,0.9631485,2,74,0.04474562,0.95555496,2,97,0.0024237703,0.95371336,2,118,0.0059399856,0.9151312,2,138,0.021680642,0.88553774,2,161,0.022897488,0.83311385,2,200
134,0.003587912,0.95580137,2,31,0.01272463,0.9626027,2,59,0.026975345,0.9457214,2,80,0.014876716,0.9347702,2,100,0.0,1.0295532,2,120,0.0,1.0534546,2,140,0.0040746564,0.98926,2,160,0.0,0.96640366,3,180,0.0025049155,1.011207,2,200
135,0.013495132,0.99002796,2,22,0.007502403,1.0177891,2,42,0.0065220953,1.0239199,2,64,0.010865463,0.84834003,2,84,0.059799045,0.90682155,2,105,0.024611592,0.9840254,2,127,0.0011112249,0.99370456,2,149,0.006267159,0.95839703,2,170,0.017656146,0.90269315,2,200
136,0.0,0.9680397,2,24,0.009901008,0.8835999,2,44,0.020808544,0.9843238,3,64,0.002082013,0.81578445,2,84,0.0,0.8381268,2,104,0.0,0.75642604,2,126,0.005900877,0.9326037,1,146,0.078969665,0.6679376,2,166,0.0039077583,0.8959869,2,200
137,0.011745089,0.92414606,2,43,0.0,0.9579054,2,63
138,0.0018151418,0.99864674,2,20,0.005920446,0.959166,2,47,0.007967926,0.9002811,2,68,0.008407959,0.96954024,2,100,0.027219469,0.9422729,2,130
139,0.0,1.0596911,2,28,0.006846659,1.026839,2,48,0.0016458271,0.9842482,2,72,0.008686819,0.9914029,2,93,0.006621422,1.0101972,2,118,0.0,0.92694366,2,138,0.04395824,0.94528276,2,158,0.032890912,0.9583327,2,200
140,0.0,1.0467718,2,20,0.004417468,1.0009353,2,40,0.0040738606,0.9812489,2,70
141,0.00095719664,1.0406269,2,22,0.02658746,0.97740465,2,43,0.02790171,0.96900886,2,68,0.040026102,0.9240079,2,88,0.07329324,0.9336451,2,108,0.06327823,0.91569436,2,128,0.016978173,0.9579362,2,155,0.0369604,0.9120261,2,175,0.013266068,0.9114688,2,200
142,0.003982437,1.0088873,2,23,0.0042138644,0.99742013,2,43,0.0039012146,0.9935969,2,64,0.020257767,0.9722974,2,94,0.016434774,0.99211943,2,114,0.009516775,1.0136974,2,134,0.0,1.0093043,2,160,0.0,1.0218905,2,180,0.014533067,0.97084504,2,200
143,0.0,0.8819724,2,23,0.0,0.8264446,2,43,0.0,0.7721752,2,63,0.0,0.85538954,2,84,0.0,0.6915289,2,104,0.025717638,0.6791223,2,125,0.0,0.5731848,1,145,0.0,0.2701313,1,167,0.0044459254,0.2671504,1,200
144,0.0023076395,0.9556813,2,25,0.00775134,0.95738465,2,46,0.010699257,0.9188491,3,79
145,0.013002647,0.96917045,2,21,0.0033284107,0.94163966,2,47,0.0038221302,0.9607931,2,68,0.0,0.93612987,2,89,0.0,0.854733,2,114,0.0045794947,0.79684657,2,152
146,0.0022309425,0.994122,2,23,0.0,1.0104814,2,51,0.0017228235,1.0051806,2,75,0.008813301,1.0214683,2,101,0.012811427,0.97038734,2,121,0.008209339,1.0251644,2,141,0.013953889,1.0412725,2,161,0.004756524,1.0347723,2,200
147,0.006733416,0.99333864,2,25,0.0,0.97827965,2,50,0.0,1.0490332,2,72,0.005331252,1.0754725,2,92,0.0043782117,0.9778873,2,120,0.0056274063,1.0051576,2,140,0.0,0.97664344,2,166,0.010139504,0.9851756,2,200
148,0.002831998,0.98241025,2,20,0.0,0.93571746,2,40,0.0061976044,0.95013714,2,60,0.0,0.90911955,2,81,0.01633879,1.0341192,2,103,0.066616684,0.8730547,2,125,0.04492626,0.8734493,2,145,0.022322042,0.94252276,2,167,0.009029448,0.94275194,2,200
149,9.97521e-05,1.0290517,2,20,0.008409855,0.9560086,2,40,0.049204282,0.89764225,2,60,0.019711055,1.0496969,3,80,0.012587669,1.013801,2,101,0.039079223,0.90339553,2,121,0.048071455,0.84838784,2,144
150,0.013553038,0.9485775,2,40
151,0.0015214898,0.9942843,2,28,0.0053557064,1.0247115,2,62,0.0,1.0246472,2,82,0.0,1.0333614,2,102,0.001211142,1.0376489,2,122,0.0,1.0974634,3,142,0.007484775,1.0866907,0,162,0.006453238,1.0313773,2,200
152,0.010211553,0.90387356,2,21,0.008319516,0.94806516,2,42
153,0.019036384,0.999697,2,24,0.009989369,1.0285288,2,48,0.010476024,0.98764485,2,100
154,0.007963891,1.0379155,2,55,0.0,1.0518354,2,75,0.0033822847,0.9786857,2,96,0.003883684,0.976172,2,125,0.01365128,1.0046998,2,145,0.002251717,1.0160631,2,166,0.0025150815,1.0107917,2,200
155,0.010500291,0.99793124,2,25
156,0.00065473345,0.9829707,2,20,0.0,0.95467734,2,53,0.016262436,0.9456275,2,77,0.006225281,0.97910947,2,97,0.018684613,0.7712222,2,134
157,0.0,0.98750794,2,21,0.009023948,0.8966444,2,41,0.0,0.7578647,2,61,0.0,0.78583384,2,82,0.0,0.95851964,2,109,0.0014681584,0.74964017,0,129,0.02567006,0.8643604,2,155,0.0,0.9196617,2,175,0.009473151,0.9141169,2,200
158,0.0,0.97945213,2,22,0.004667861,0.96688855,2,42,0.012174499,0.9868275,2,62,0.007664227,0.9350764,2,82,0.009568099,0.8881132,2,104,0.019411713,0.9423124,2,125,0.0049921405,0.9524846,2,150,0.0001274428,1.0171639,2,177
159,0.0,0.9332408,2,20,0.0,0.98872215,2,40,0.006052579,1.1026891,2,60,0.0,0.9222079,2,81,0.00068928965,0.83822644,2,101,0.021068547,0.9023698,2,121,0.055939585,0.75987893,2,145,0.092511475,0.6615937,2,165,0.05869161,0.6752842,2,200
160,0.0,1.0108293,2,20,0.024397265,0.940467,2,41,0.0020936653,0.9229029,2,61,0.012408168,0.8864403,2,84,0.0060940487,1.0118346,0,104,0.0,1.0025898,2,128,0.0,0.9350808,0,148,0.0,0.93485624,0,169,0.0,0.7363808,2,200
161,0.0061675515,0.96897143,2,20,0.005220306,1.010651,2,45,0.006210236,1.0151649,2,78,0.003844887,0.98734343,2,98,0.0,1.0592353,2,118,0.0,1.0041449,0,140,0.006462628,0.96988535,2,161,0.003526761,1.0080056,2,200
162,0.0,1.0318148,2,20,0.00016921217,0.9665248,2,41,0.00091047096,0.9636247,2,66,0.00697715,1.002546,2,88,0.015710995,0.9968873,2,108,0.0,0.9671049,2,128,0.0073446766,0.9348526,2,148,0.00681424,0.96903116,2,168,0.016353872,0.97273684,2,200
163,0.0,0.9881084,2,26,0.0031285735,0.93547463,2,49,0.0040775035,0.95974123,2,80,0.006686065,0.9235554,2,110,0.013818314,0.92757046,2,136,0.004312192,0.97155404,2,162,0.00532265,0.9535443,2,200
164,0.0028174256,1.0150856,2,20,0.008113099,0.9835907,2,40,0.009962747,0.95423704,2,62,0.02592588,0.9891203,2,82,0.005173423,0.99467176,2,103,0.0029717514,0.96889734,2,123,0.014224499,1.0014483,2,143,0.0026942284,1.0866606,2,163,0.005417968,1.0299635,2,200
165,0.0054939715,0.9467308,2,20,0.004013649,1.0210575,2,48,0.010120734,0.9251567,2,68,0.00038378817,0.9440079,2,88,0.0,0.9601221,2,108,0.0,0.74652904,2,130,0.0,0.62331086,0,150,0.0,0.5749351,1,176,0.010493652,0.7322133,2,200
166,0.0,0.97648704,2,20,0.045006543,0.98956394,3,40,0.059556387,0.95474863,2,60,0.0058236173,0.9097871,2,81,0.010455655,0.88569176,2,101,0.012235797,0.9313657,2,153
167,0.0,0.99810284,2,20,0.0,1.0495325,3,40,0.0003233148,0.9717701,2,65,0.016784295,0.98900545,2,85,0.013534007,0.89608157,2,105,0.00794648,0.9495171,2,125,0.013629844,0.9568421,2,145,0.007378707,0.9497717,2,168,0.02721724,0.9430967,2,200
168,0.0022484392,0.9734537,2,23,0.002801069,1.0236571,2,43,0.023662796,1.0041143,2,70,0.00709932,0.995021,2,96,0.012810762,1.0047108,2,123,0.005736828,1.0099156,2,143,0.019526755,1.0151001,2,178,0.00067876803,1.0398834,2,200
169,0.0030504856,1.0018388,2,25,9.854756e-05,1.0384836,2,53,0.002074875,1.007885,2,73,0.0058674277,0.9506421,2,93,0.011166743,0.92989975,3,114,0.01844645,0.939077,2,134
170,0.0020381005,0.93260384,2,24,0.0,0.99630386,2,62
171,0.0034598645,1.0102435,2,30
172,0.0020979762,1.0207374,2,20,0.0,1.0216968,2,43,0.011085791,1.0096614,2,63,0.010863816,1.0198941,2,83,0.00052785216,1.0103174,2,108,0.0043867077,1.034733,0,128,0.0,1.0075412,0,148,0.0037146455,0.9833723,2,170,0.0018501753,1.0126688,2,200
173,0.0,0.93911326,2,31,0.0049514393,1.0020925,2,54,0.013023573,0.9341499,2,77,0.0,0.9174205,0,97,0.0,0.9060452,2,118,0.0,0.8666477,2,138,0.0,0.7166412,0,160,0.0062583955,0.6887533,2,200
174,0.0166661,0.9458513,3,20,0.009464587,0.9215385,2,40,0.02404052,0.7852667,2,63,0.0,0.42257214,0,85,0.0,0.4662024,0,105,0.071363546,0.3500817,2,130,0.11225494,0.27633914,0,150,0.040451128,0.4558794,2,177
175,0.001993703,1.0124015,2,24,0.022971584,1.0476401,2,44,0.008156508,1.0262514,2,71,0.008515368,1.0209714,2,91,0.026756955,0.9408563,2,114,0.0012726021,0.922116,2,135,0.0,0.8863945,2,157,0.0,0.96028537,2,177,0.00041786564,1.01869,2,200
176,0.006637252,0.97307193,2,20,0.0046206713,1.0000899,2,47,0.0023537634,0.98702294,2,79
177,0.002725791,0.9848833,2,28,0.0,1.0033354,2,50,0.023956852,1.0104029,2,71,0.0022658214,0.94417846,2,106
178,0.00069314707,0.99160874,2,20,0.0,1.0244741,2,41,0.0006235592,1.0041504,2,74
179,0.0027976367,1.0175024,2,20,0.009996273,1.0164727,2,44,0.017925547,0.9899881,2,66,0.01107602,1.0340223,2,93,0.003847552,1.024583,2,119,0.0025997984,1.0329489,2,141,0.0,1.0324976,2,161,0.0073642316,1.0144327,2,200
180,0.011314023,1.020432,2,21,0.001526101,1.0674489,2,45,0.013331987,0.926809,2,73,0.00956936,0.96474755,2,93,0.022082342,0.98341763,2,114,0.0,0.97044057,2,134,0.0,1.0255154,2,154,0.0,0.86516124,2,174,0.037865695,0.8471358,2,200
181,0.004112361,0.9369825,2,44
182,0.0010690511,1.0054824,2,29,0.00370099,0.913437,2,50,0.019288318,0.8737101,2,72,0.002156731,0.99798644,2,92,0.005872296,0.9870564,2,124,0.0,1.0062304,2,144,0.011705715,0.9904576,2,166,0.0025004705,0.97228163,2,200
183,0.017553987,0.95187366,2,20,0.00727077,1.0057571,2,43,0.0,1.0105659,2,70,0.0,0.993445,2,92,0.014661495,1.0482079,2,116,0.014506986,0.9926184,2,136,0.0081921,0.9542955,2,156,0.0042735618,1.0422418,2,200
184,0.0,1.0389968,2,20,0.0073243002,0.99108577,2,42,0.0,1.0482256,2,62,0.0047148564,1.054742,2,83,0.00088113855,1.0278718,2,103,0.0,1.0328625,2,124,0.0,1.0033028,0,147,0.0075051514,0.98655146,0,169,0.0022804544,1.0196615,2,200
185,0.0064889006,1.0143408,2,20,0.020685581,0.9775647,2,41,0.0048335725,0.99278575,2,61,0.002624929,1.0260756,2,83,0.0006677798,0.99647397,2,103,0.0035071285,1.0147412,2,126,0.00982812,0.9474052,2,149,0.004244608,0.99695605,2,170,0.00021814618,1.0552732,2,200
186,0.0026249492,0.9981145,2,21,0.019868655,1.0095366,2,48,0.008118349,0.92734826,2,73,0.00032105466,0.96881723,2,93,0.0,0.95920545,2,113,0.011056529,1.0192012,2,134,0.0055517806,0.8800653,2,154,0.0,0.97721595,2,176,0.0,0.9574532,2,200
187,0.0,1.0290481,2,20,0.00045157791,1.0318086,2,42,0.0,0.9843342,2,76,0.0084023755,1.0061722,2,96,0.018305447,0.9852265,2,116,0.027898893,0.92871,2,136,0.027716318,0.8912619,2,156,0.026615199,0.93095046,2,177,0.003640785,0.9779097,2,200
188,0.0019857187,1.0030264,2,21,0.0,0.99070346,2,47,0.0,0.9184124,3,67,0.0039093127,0.89989275,2,91,0.0,0.96019906,2,112,0.0,1.0972518,2,133,0.0030491455,1.0381298,2,153,0.0,1.0481131,2,174,0.0,1.0430354,2,200
189,0.006833844,1.0229073,2,49,0.0055885892,1.0026875,2,71,0.0024154836,0.9648101,2,92,0.007119654,0.8985188,2,113,0.005639271,0.9705273,2,134,0.008371498,1.0675228,2,157,0.0036594756,0.9967315,2,200
190,0.0032505116,1.0227119,2,21,0.0049418365,0.95995486,2,48,0.0,1.0296031,2,71,0.004951048,0.982046,2,92,0.011395857,1.0134456,2,118,0.01021371,0.9993302,2,139,0.006534774,1.0041215,2,159,0.004820749,1.03891,2,200
191,0.0016957542,1.0341632,2,25
192,0.010017973,0.96948516,2,20,0.0,0.96207917,2,40,0.030694673,0.9440086,2,61,0.008612834,0.98494494,2,81,0.026807409,0.93399584,2,118
193,0.0,1.0482026,2,23
194,0.004848948,1.0354414,2,23
195,0.0,0.9738948,2,21,0.013646589,1.0191851,2,44,0.0068118093,0.9983134,2,77
196,0.0040637283,1.0533737,2,40
197,0.0077909096,0.946168,2,22,0.0,1.0184027,2,46,0.0011279678,1.047424,2,67,0.0,1.0169408,2,87,0.0086918585,1.0661964,2,107,0.002361798,1.0977244,2,127,0.020506598,1.049171,2,171
198,0.0054285773,0.98010963,2,34,0.0033373386,0.98921794,2,56,0.0130207315,0.93536794,2,76,0.0,0.9687926,2,99,0.007380103,1.0044005,2,120,0.0,1.0017655,0,141,0.003849766,0.94600284,2,174,0.018015029,0.9588946,2,200
199,0.0,1.0223247,2,20,0.006040263,1.0016619,2,54,0.0,0.9608865,2,83,0.0,0.8688044,2,104,0.0013449684,0.8482944,2,124,0.0015123634,0.9419182,2,147,0.02297227,0.8851479,2,167,0.0074863406,0.9089992,2,200
200,0.0,1.026177,2,26,0.015273046,1.0074135,2,47,0.00011656806,0.9991639,2,68,0.0009955291,1.0251389,2,94,0.003386969,0.9648524,2,116,0.016049938,1.0213605,2,142,0.00052898866,0.992772,2,163,0.0005759873,1.0169375,2,200
201,0.0024269514,1.0249608,2,25,0.0057170414,1.0416583,2,49,0.013108854,0.9978405,2,70,0.014313331,0.99957126,2,93,0.009066295,1.0163242,2,113,0.009146562,0.97995675,2,134,0.007969901,0.96718717,2,159,0.0055169994,0.96121657,2,179,0.0080454815,0.97977096,2,200
202,0.0067730765,0.97353196,2,30,0.009870186,0.8876546,2,69,0.0,0.97947985,2,90,0.0046078353,0.9287297,2,110,0.018409433,0.7592651,2,133,0.037290987,0.6594378,2,153,0.006135579,0.51581955,2,173,0.15709911,0.34054348,2,200
203,0.0,0.9719453,2,24,0.0123085985,0.9653185,2,47,0.008865508,0.93605196,2,70,0.025044492,0.976223,2,90,0.009574206,1.0453633,2,112,0.025284385,1.0472778,2,132,0.0071340324,1.0258341,2,166,0.0029896193,1.0262115,2,200
204,0.012804593,0.8636745,2,20,0.0,0.8893803,2,44,0.003553375,0.91002953,2,64,0.0,0.7979432,2,84,0.019876242,0.81681126,0,105,0.0,0.719903,2,125,0.015018443,0.6691335,0,158
205,0.0112491995,1.0043976,2,20,0.0007766558,0.9943344,2,40,0.0,0.9861414,2,60,0.01156679,1.0357214,2,80,0.00067349215,1.0180196,2,101,0.0071939747,1.0224488,2,160,0.007105882,1.0224468,2,200
206,0.006097867,0.9692849,2,20,0.0,0.95495,2,43,0.017424475,1.022648,2,73,0.020782104,0.98135746,3,93,0.0,1.0230423,2,115,0.0034865618,0.90321076,2,138,0.042512827,0.91163033,2,158,0.019136934,0.95608705,3,180,0.006692869,0.8732111,2,200
207,0.0054384717,1.0136149,2,20,0.0014384714,0.96802235,2,40,0.0148607325,0.96239424,2,65,0.0566653,0.94275606,2,87,0.016426126,0.9122831,0,108,0.00736108,0.8769049,0,129,0.029060105,0.9416949,2,150,0.03077362,0.9687044,2,170,0.030906696,0.9345583,2,200
208,0.0,0.88611203,2,20,0.009053125,0.96159565,2,40,0.021740045,0.8966823,2,66,0.032150418,0.8299962,3,86,0.035305098,0.9068462,0,108,0.050900567,0.9010542,3,128,0.044089988,0.83997905,0,148,0.018701885,0.6576078,0,179
209,0.0059925504,0.98500854,2,20,0.0017327826,0.9891506,2,49,0.0,0.98353946,2,70,0.0020894597,0.95659256,2,99,0.014193896,0.9252588,2,123,0.01046339,0.85299516,2,145,0.0032913566,0.84379476,2,169,0.012413058,0.8953666,2,200
210,0.0021643895,0.9655512,2,20,0.0052850633,1.0236713,2,42,0.02752713,0.9602256,2,65,0.025438685,1.0296881,2,85,0.0066720145,0.9923053,2,105,0.0,1.0025996,2,125,0.03511158,0.9009888,2,149,0.001660908,0.92907083,2,169,0.012409733,0.9925897,2,200
211,0.0,0.97991914,2,20,0.0007512275,1.0269979,2,40,0.01687777,0.96426475,2,60,0.006630345,1.0326995,2,82,0.0,1.0032777,2,102,0.008116398,1.0267142,2,124,0.0,0.9770732,2,144,0.0,0.9042865,0,164,0.0053570275,0.89985496,2,200
212,0.021622146,0.9900478,2,20,0.0072423476,1.0127708,2,41,0.0034996034,0.921343,0,61,0.018140027,0.94891155,2,82,0.037360735,0.88995284,0,102,0.0023732502,1.0698707,3,122,0.009234184,1.09479,2,144,0.037913714,0.90577775,3,166,0.024606008,0.9081955,2,199
213,0.012332288,1.0435508,2,24,0.0,0.9884941,2,49,0.017671585,0.9421265,2,70,0.0010571111,0.9514493,2,91,0.0012214985,0.973355,2,112,0.020570701,0.9211094,2,145,0.0,0.9930865,2,165,0.009162477,0.92488307,2,200
214,0.0056362115,1.0005213,3,20,0.0,0.9892814,2,41,0.033712726,0.7907409,2,61,0.0,0.84385866,0,83,0.0,0.6712157,0,103,0.0,0.8021181,0,126,0.031318016,0.6221493,2,147,0.0007727213,0.70149535,0,167,0.009574536,0.5427666,1,200
215,0.027724147,0.9326501,2,21,0.0032806578,0.95714635,2,44,0.0014480748,0.969553,2,64,0.009069261,1.0233668,2,86,0.002612219,0.9904426,2,107,0.0,1.1051801,2,128,0.013145724,1.0724128,2,148,0.012617007,0.85091925,2,168,0.0,0.8234534,2,200
216,0.010693239,0.96487916,2,33,0.0,0.9921851,2,54,0.0,0.9678812,2,90,0.013521325,0.9463055,0,111,0.012038348,0.9772776,2,131,0.07449348,0.97868985,2,151,0.0075446637,0.9863628,2,171,0.009376221,0.96230656,2,200
217,0.004189304,1.0130353,2,27,0.0011957677,0.96827126,2,48,0.02461711,0.9474485,2,71,0.038465243,0.98509973,2,97,0.020947866,0.9361315,2,117,0.07683033,0.9533991,0,139,0.0,0.96377516,0,159,0.0011511698,0.76755875,2,179,0.0035396651,0.9449825,2,200
218,0.009393143,0.99732035,2,20,0.019523043,1.0064719,2,45,0.0,0.99862385,2,65,0.0065576434,0.9476439,2,85,0.0038401438,0.956544,2,107,0.0064602876,0.9594938,0,128,0.014939171,0.9522875,2,148,0.02740922,0.89045984,2,173,0.01981618,0.9541064,2,200
219,0.0013755643,1.0171556,2,31,0.0,1.0217259,2,51,0.0004027584,1.0086874,2,80,0.0083831595,0.9351193,2,100,0.001170931,0.9967034,2,127,0.0,0.9621608,2,149,0.0,0.9884713,0,169,0.0038311526,0.98823345,2,200
220,0.005909792,0.9963747,2,29
221,0.008791818,1.0073841,2,26
222,0.019314578,0.92754894,2,23,0.0030163822,0.9716671,2,43,0.0,0.8922863,2,64,0.012679506,0.956402,2,85,0.004342681,0.94906646,2,110,0.010789952,0.90739274,0,132,0.0045323092,0.82443166,0,156
223,0.004695079,1.0023713,2,20,0.0113641685,0.95860183,2,40,0.003654404,0.96746427,3,62,0.0,0.9435515,2,83,0.0008779076,0.9935039,2,104,0.012799893,0.9748091,2,140,0.0037880156,1.0285908,2,160,0.0,1.0089207,2,183
224,0.004544973,1.0107136,2,35,0.0042143986,0.9864508,2,61,0.006464389,0.9424198,2,81,0.009329063,0.9848133,2,108,0.0032583734,1.0519438,2,131,0.013177266,0.960522,2,156,0.0040972834,1.0057046,2,200
225,0.0031258408,0.90423137,2,20,0.0,0.8848647,2,41,0.0019405526,0.9662371,2,64,0.0,0.9535578,2,88,0.0,0.8598413,0,109,0.061361946,0.49463463,2,129,0.05006188,0.5858282,2,149,0.0,0.67035615,0,170,0.0,0.15243116,0,200
226,0.014978069,0.941263,3,20,0.03460024,0.88633764,2,40,0.021162443,0.9498214,2,65,0.008930881,0.968167,2,94,0.0,1.0012628,2,116,0.01872848,0.9397505,2,137,0.004614943,0.9794989,2,160,0.016938535,1.0055602,2,180,0.0031192016,0.946931,2,200
227,0.0,1.0363673,2,32,0.0,1.0179673,2,52,0.0089764185,0.9528551,2,74,0.0019403576,0.86848086,2,96,0.018039038,0.95738405,2,118,0.008246791,0.91344017,2,144,0.0019110746,0.90852344,2,164,0.013967757,0.78975815,2,200
228,0.022849383,0.7301684,2,20,0.022029556,0.720472,2,40,0.0,0.58712876,2,60,0.0,0.47790554,2,81,0.0,0.5043377,1,101,0.005428611,0.23552018,0,122,0.0,0.14917049,1,144,0.0,0.0561109,1,165,0.068476,0.16229567,1,200
229,0.0,1.0319121,2,27
230,0.014857057,1.0145116,2,20,0.008724973,0.91989803,2,40,0.025607536,0.9708888,3,60,0.05885468,0.8818672,2,81
231,0.013580829,0.9933801,2,22,0.075703956,0.97765476,2,42,0.013816105,0.90449166,2,69,0.027171472,0.9557848,2,89,0.007863677,0.98457,2,120
232,0.0,1.0118215,2,20,0.009179986,0.9793467,2,42,0.008649797,0.9467989,2,64,0.01871497,0.9734313,2,88,0.0028353797,1.0301472,2,111,0.0,0.9844736,2,131,0.017120799,0.96689135,2,173,0.0066370256,0.949254,2,200
233,0.0059901425,0.96238834,2,23,0.02790789,0.9421538,2,43,0.0,0.9309318,2,65,0.04352842,0.7987258,2,93
234,0.0,1.0060285,2,20,0.008594608,1.0184835,2,40,0.027017012,0.96060616,2,61,0.010369192,0.97490627,2,81,0.021706553,1.0138845,2,101,0.003234758,1.0089453,2,128,0.0061156014,1.0146227,2,157,0.0,0.9979145,2,179,0.01136413,0.9903356,2,200
235,0.009306549,0.9746825,2,29,0.0061899135,0.9603353,2,63,0.008715536,0.9648202,2,83,0.00056605524,1.021375,2,106,0.013211225,0.9722729,2,132,0.019642333,0.8567576,0,160,0.045248885,0.9016166,2,180,0.062068164,0.87680626,2,200
236,0.0,1.0242684,2,22
237,0.0027339112,0.989354,2,20,0.0011927586,0.98845845,2,40,0.013388791,0.95849586,2,69
238,0.005749198,0.97680086,2,28
239,0.0048932545,0.98712695,2,23,0.014144114,0.9810451,2,45,0.008816838,0.99004793,2,65,0.022304453,0.89222145,2,85,0.020496886,0.8778656,0,105,0.018405257,0.9476203,3,125,0.000651548,0.9569314,3,145,0.049904242,0.8857435,3,165,0.0134505015,0.89496315,2,200
240,0.009352039,1.0337689,2,29
241,0.030708658,0.87384546,2,23
242,0.0069133225,0.99615365,2,34
243,0.0,0.99997497,2,23,0.009253647,0.98089105,2,47,0.013939887,0.9518906,2,67,0.010617182,0.9766109,2,89,0.0017506279,1.0182445,2,109,0.007161811,0.9976871,2,145,0.0034965852,0.9902319,2,170,0.015919667,0.9372329,2,200
244,0.0,0.96415347,2,21,0.0,1.0333297,2,41,0.0,0.9206307,2,63,0.0,0.8878611,2,84,0.026979035,0.7296792,0,104,0.006732322,0.79358155,2,125
245,0.000865196,0.9715713,2,20,0.0,0.9921106,2,42,0.0,0.9353148,2,62,0.03179013,0.6050094,2,83,0.0,0.5973163,2,103,0.02595092,0.50437653,2,131,0.05275398,0.4771604,2,152,0.14843312,0.40542862,2,173,0.0075019663,0.62514454,2,200
246,0.0,0.9745715,2,20,0.0012445241,0.94563854,2,54,0.03561899,0.94421494,2,77,0.0,1.022332,2,97,0.0,1.0273505,2,119,0.00968541,0.97489643,2,139,0.010047042,1.057213,2,165,0.022406837,0.9791344,2,200
247,0.00124804,0.987858,2,20,0.0036461167,0.94414884,2,40,0.0013999424,1.0105728,2,65,0.0024487267,1.0095164,2,89,0.008597531,1.0044667,2,109,0.004335221,1.0190557,2,129,0.0,1.0025136,2,156,0.0033328973,1.018425,2,200
248,0.0022367653,0.9913104,2,24,0.0019448862,1.00986,2,44,0.0073653045,1.0055157,2,74,0.016414944,1.0002812,2,101,0.0019668543,0.9578253,2,123,0.01481174,0.9733999,2,152,0.008640492,0.9231838,2,172,0.010314426,0.95860004,2,200
249,0.005188145,1.0176313,2,46,0.0070672333,1.0184001,2,75,0.008660364,1.0132524,2,110,0.004618253,1.0193154,2,134,0.005704048,1.0025634,2,156,0.0030411168,1.0308067,2,200
250,0.00077821786,1.027303,2,31
251,0.0,1.0293123,2,20,0.0,1.0447296,2,45
252,0.004006858,1.036491,2,22
253,0.007071316,1.0016803,2,25,0.020678913,0.9670611,2,50,0.008325243,1.0038003,2,76,0.01136012,1.0286651,2,105,0.0019381779,0.9701115,2,151,0.012951004,0.9916918,2,200
254,0.011759234,0.9886815,2,38
255,0.023187267,0.9927907,2,20,0.009917926,0.97449505,2,40,0.006140973,0.9882633,2,72
256,0.0021851964,0.98308736,2,21,0.0050383024,1.0097011,2,41
257,0.0029737009,1.0231394,2,24
258,0.009391748,0.9953658,2,39,0.002699316,0.9125216,2,73
259,0.0043071345,0.97331506,2,20,0.044223875,0.9206252,2,40,0.0,0.97223544,2,67
260,0.0091506615,0.9636569,3,20,0.008943133,0.98125935,3,40
261,0.0,1.0247409,2,26
262,0.0026681006,1.0087312,2,20,0.008366417,1.0127431,2,42
263,0.0,0.9971615,2,20,0.010739736,1.0191463,2,40,0.01824919,1.0159837,2,67,0.0137234675,0.9880195,2,97,0.0046413275,1.0176104,2,117,0.012323798,1.0005652,2,160,0.005409184,0.99655545,2,200
264,0.0023930648,1.005941,2,34,0.0014258871,0.99297345,2,55,0.003229831,1.0282704,2,79,0.006959123,0.9773013,2,99,0.0034842475,0.9286754,2,143
265,0.007530433,0.98258394,2,25
266,0.020827066,0.9783074,2,20,0.0,0.9799153,2,40,0.0012607666,0.95967436,2,61,0.006182157,0.96481204,2,82,0.013580614,0.83700484,2,104,0.046082404,0.97015935,2,124,0.015695617,0.930964,0,144,0.015738856,0.98703223,2,165,0.0125473235,0.88895386,2,200
267,0.007340185,1.0110147,2,24,0.008947034,0.94361675,2,51,0.0,0.9577007,2,71,0.004272373,1.0030104,2,91,0.0013559976,1.0170364,2,115,0.00043322588,0.9821978,2,136,0.004522355,0.9837014,2,156,0.0,0.97275054,2,176,0.029157853,0.89026546,2,200
268,0.0,1.0054319,2,20,0.0,0.971488,2,48,0.0036697746,0.9961486,2,68,0.0,1.0135734,2,90,0.0061665224,1.0424263,2,110,6.2125546e-05,0.9882245,2,130,0.0,1.0200932,2,150,0.010484998,1.0212251,2,171,0.0014486694,1.0247283,2,200
269,0.009381087,0.98280424,2,29,0.0067662024,0.95152783,2,54,0.007252877,0.9056953,2,88
270,0.0029155486,1.0134766,2,20
271,0.0053219055,1.0239228,2,26,0.011735072,1.0162934,2,46,0.008530421,1.0201993,2,81,0.016794553,1.0003347,2,101,0.022334505,0.9797393,2,121,0.002865565,0.99780947,2,143,0.006120691,0.9981287,2,163,0.0018677767,1.0149406,2,200
272,0.005507077,1.0316849,2,42,0.0011570498,1.0039552,2,73,0.011100709,0.9668547,2,103,0.001873567,1.0296595,2,126,0.011843594,0.9875224,2,158,0.004320844,1.0177528,2,178,0.005428494,1.0258682,2,200
273,0.002001101,0.98596597,2,31,0.015580984,0.99228966,0,52,0.0071524987,1.0025022,2,72,0.002247091,0.99342704,2,104,0.01175011,0.9834662,2,126,0.0016854445,0.9808251,2,154,0.008400315,0.9894841,2,176,0.006410172,0.98672014,2,200
274,0.003930995,0.9906377,2,23
275,0.0032645266,0.97473335,2,30,0.0072080167,0.9482975,2,50,0.0018605824,0.94647044,2,109,0.009357382,0.94665384,2,129,0.0,0.91723454,3,149,0.03341649,0.91784716,0,169,0.005660888,0.88918084,2,200
276,0.03568065,0.9356575,2,20,0.015903885,0.94437,2,41,0.0013841281,0.9506197,2,61,0.011890369,1.0470605,2,82,0.0,1.012295,2,108
277,0.0009246791,1.0266336,2,20,0.00074563175,0.97136647,2,43,0.00097654096,1.017568,2,64,0.0005490007,0.91468185,2,91
278,0.0,0.78687555,2,24,0.0,0.5645622,0,44,0.0,0.695007,2,64,0.0,0.5233869,1,85,0.0,0.9365926,2,105,0.0,0.7801528,0,125,0.0024062807,0.54716337,1,145,0.0111228805,0.29176533,1,165,0.017561316,0.40544802,2,200
279,0.0,0.9950777,2,23,0.009682715,1.0449331,2,44,0.011326722,1.023669,2,69,0.006439827,1.0221934,2,91,0.0032323091,1.0363384,2,113,0.0,1.0191785,2,134,0.0056876605,0.9963128,2,160,0.0,1.0340905,2,180,0.004957495,1.0015012,2,200
280,0.0009808252,0.9842044,2,21,0.00408263,1.0246251,2,44,0.015312246,0.9124198,2,72,0.018835403,0.9519928,2,99,0.01573581,0.97458315,2,119,0.007881874,1.004799,2,149,0.010763369,0.94894433,2,200
281,0.0,1.0026793,2,25,0.0017182122,0.99529994,2,46,0.0028519756,0.978541,2,69,0.0,1.0189316,2,89,0.0,1.0119854,2,110,0.013624972,1.0185937,3,130,0.0027061806,0.8965506,2,151,0.009378328,0.93563855,0,171,0.009900085,0.901698,2,200
282,0.0,1.0168467,2,20,0.009276503,0.9608683,2,46,0.005828905,0.9807005,2,66,0.008915707,0.95121354,2,87,0.0023895055,0.9505305,2,116,0.012551453,0.9458126,2,138,0.026469484,0.9870226,2,161,0.014130311,0.9973787,2,200
283,0.016641404,1.0024911,2,20,0.022471355,0.9867622,2,43,0.032598592,0.96315974,2,68,0.0034106881,0.99313974,2,91,0.0005499144,1.0156473,2,121,0.006471446,0.88124835,2,147,0.0094160205,0.7748423,2,168,0.03883721,0.71247685,2,200
284,0.0063587963,0.9400114,2,22,0.011908937,0.9726869,2,54,0.0004478756,0.9857516,2,85
285,0.0028214168,0.9699668,2,27,0.0,0.9492045,2,48,3.0183069e-06,1.0278941,2,82,0.0,0.9818089,2,114
286,0.0,1.0101267,2,24,0.0047222227,1.0147226,2,52
287,0.0,1.0458678,2,23,0.0019442496,1.0206879,2,44,0.00044532726,1.0108298,2,64,0.0031225472,1.0720835,2,91,0.0023644874,1.0332977,2,115,0.0038084136,1.028385,2,137,0.004214268,0.99409235,2,157,0.0055240863,1.0001847,2,177,0.0057610716,0.99891216,2,200
288,0.0036221845,0.9621899,2,35,0.016058752,1.0107108,2,55,0.011181051,0.99194247,2,98,0.00015692235,0.9218531,2,120,0.001188235,0.9945438,2,145,0.0,1.0197432,2,167,0.0050245062,1.0288056,2,200
289,0.018458838,1.0187852,2,20,0.002753222,0.99345183,2,57,0.0068428605,1.0164366,2,77,0.015419153,0.99823415,2,97,0.016294464,0.9795631,2,118,0.019139517,0.95884967,2,139,0.0,1.0156715,2,159,0.005473431,1.0100045,2,179,0.0118499715,0.98514456,2,200
290,0.004919805,0.9450024,2,23,0.040923696,0.9742783,2,61
291,0.0027968604,0.94335854,2,21,0.013900164,0.9862415,2,41,0.0,0.9617754,2,61,0.0,0.9998921,2,81,0.015811535,0.8366882,2,110
292,0.03485123,0.942005,2,20,0.0067480244,0.89588654,2,45,0.025083331,0.9269599,2,66,0.008549696,0.8649618,2,86,0.045893572,0.7215592,2,107,0.019733012,0.44773078,2,145
293,0.0051462585,0.9766903,2,21,0.0115317935,1.0152154,2,57,0.0018833975,1.0244929,2,81,0.0039609824,0.9947296,2,103,2.9689916e-05,1.0076089,2,126,0.015138457,0.9884764,2,148,0.0034921216,1.0333344,2,173,0.0,0.97149193,2,200
294,0.004373931,0.9524564,2,23,0.025750685,1.0399683,2,43,0.023778599,1.0044097,2,63,0.011956602,0.9975737,2,83,0.03077736,0.9257776,2,103,0.016987931,0.9818407,2,126,0.008743526,0.9558555,2,147,0.0031022648,0.8920911,2,167,0.039108932,0.8212609,2,200
295,0.033482555,0.88147116,2,20,0.0,0.95764107,2,42,0.014550257,0.9884661,2,62,0.003997236,1.0184913,2,82,0.00076063426,0.9791206,2,102,0.0,0.995086,2,130,0.0,0.889207,0,150,0.0,0.92290264,2,172,0.0,0.9975757,2,200
296,0.001535451,0.99729997,2,20,0.0013633069,0.9711585,2,40,0.0041228193,0.97828525,2,73,0.015343478,0.9650089,2,93,0.0023326776,0.9865859,2,128,0.0041376473,0.97509295,2,150,0.010536877,0.9472152,2,171,0.01045477,0.95226324,2,200
297,0.00042812395,1.0422621,2,27
298,0.0004128905,1.0242773,2,21,0.035532385,1.0291517,2,42,0.0146346865,1.005002,2,62,0.012260679,0.9107321,2,84,0.016166188,0.8731225,0,104,0.0,0.75125146,2,126
299,0.0014796685,1.0150708,2,22
300,0.012031085,0.97082174,2,20,0.014322747,0.9411729,2,61
301,0.0,1.0328417,2,21
302,0.0021878688,1.0440109,2,27,0.0023190656,1.0065874,2,48,0.006742966,0.97321826,2,78,0.020074831,0.9931467,2,102,0.010368554,0.9667271,2,142,0.0,1.0126867,2,163,0.010297504,0.8591385,2,200
303,0.008889226,1.0008917,2,20,0.008392389,1.0024427,2,59,0.007036933,1.0009751,2,102,0.016474837,1.0113237,2,123,0.0090670055,0.9457247,2,155,0.0,0.96172196,2,200
304,0.010060611,0.98731554,2,20,0.0,0.97940224,2,51,0.005387277,1.0209857,2,71
305,0.014917657,0.95865995,2,30,0.0045266626,1.0098013,2,51,0.0036335993,0.9665041,2,91,3.5996378e-05,1.0143943,2,113,0.015650177,1.0334499,2,136,0.0,0.98798597,2,156,0.0,1.0359579,2,176,0.0010439622,1.0536094,2,200
306,0.0,0.9792708,2,20,0.013089685,0.8743848,2,47,0.049838733,0.7620157,0,67
307,0.0,0.9632116,2,44,0.0067484723,0.9393158,2,64,0.0047332267,0.9825657,2,89
308,0.0015311425,1.0013542,2,21,0.0064955195,0.98659694,2,42,0.021344792,1.0191252,3,62,0.004753564,0.963012,3,83,0.007639575,0.89405286,0,104,0.027230207,0.8161998,3,124,0.028768193,0.8905705,2,144,0.03903287,0.8869833,2,167,0.005633501,0.9689982,2,200
309,0.0,1.0527754,2,20,0.016426543,1.0178719,2,44,0.0053217746,1.0186305,2,64,0.0071788346,1.0125746,2,114,0.014982809,0.9788078,2,141,0.016705843,1.0143484,2,174
310,0.020733818,0.8591858,2,20,0.022603689,0.9215738,2,45,0.019329052,0.8577372,2,65,0.0,0.86139935,2,85,0.0059721894,0.77802783,2,105,0.13187644,0.4650311,2,126,0.1310224,0.34522828,0,160
311,0.010773899,0.93904305,2,20,0.0,0.91865605,2,43,0.010900037,0.89974517,2,63,0.0005982249,0.96357125,2,84,0.0,1.02992,0,104,0.0076090395,0.96647185,2,124,0.0,0.87249357,0,144,0.0,0.59861857,0,166,0.0,0.47168115,0,200
312,0.0025818625,1.0288786,2,25
313,0.00093510904,1.0179613,2,20,0.0080319615,1.007143,2,41
314,0.0027590366,1.0169909,2,27,0.007929093,0.9488443,2,49,0.008580069,0.97184706,2,73,0.0337522,0.9708822,2,100,0.0013702414,0.98013467,2,121,0.0071360683,0.9785539,2,141,0.0049832463,0.95979697,3,163,0.06569107,0.89458734,2,200
315,0.0030068983,0.9808491,2,32,0.0036490336,0.9580124,2,52,0.0,0.9773755,2,72,0.00825283,0.9271173,2,95,0.012295351,0.8908292,2,124,0.036540147,0.8935244,2,150,0.0069890036,0.9544568,2,171,0.056199506,0.98075616,2,200
316,0.0,1.0065472,2,22,0.00052836415,1.0532624,2,46,0.014177312,0.99825627,2,69,0.0020281968,0.96566135,3,89,0.0,1.0732974,2,116,0.0022047441,1.0232599,2,147,0.009461852,1.0027345,2,178,0.020489456,0.9589092,2,200
317,0.0,0.98337805,2,20,0.009661121,1.0043223,2,40,0.003925314,1.0357968,2,65,3.007237e-05,1.0245706,2,117,0.0,0.9767995,2,137,0.0,0.99633825,2,157,0.0012768134,0.91058356,2,200
318,0.0017979676,1.0281482,2,20,0.014885786,0.9877151,2,40,0.001156444,0.9413648,2,61,0.007655424,1.0225865,2,81,7.403945e-05,0.9959229,2,108,0.036218688,0.96102697,2,128,0.0039204,0.94353795,2,150,0.0019235006,1.0602758,2,200
319,0.00028333924,0.97598076,2,32,0.025948143,1.0060569,2,52,0.013239615,0.8944129,2,72,0.011764703,0.9634241,2,100,0.029771294,0.9646068,2,129,0.008434785,0.97741604,2,157,0.017728144,0.9436409,2,177,0.065527655,0.77863586,2,200
