0,0.011990184,0.9688083,2,20,0.017716281,0.9743363,2,40,0.04002962,0.87025696,2,64,0.023676634,0.8866409,2,84,0.0,0.9156154,0,104,0.064669356,0.88796425,2,124,0.0,0.87709713,0,144,0.0,0.78744745,2,164,0.0017019624,0.8377122,2,200
1,0.0010802659,1.0070574,3,22,0.0,1.0059915,2,45
2,0.0,1.0168582,2,21,0.00071240653,1.0255959,2,49
3,0.0,1.0083741,2,28,0.007138225,0.967258,2,49,0.006569882,1.0551997,2,74,0.02203178,1.061424,2,94,0.0063113305,0.944004,2,117,0.0,0.98952544,2,142,0.0,0.9377276,2,164,0.0038892564,0.9800667,2,200
4,0.0,1.0138116,2,21,0.004057307,0.9933998,2,41,0.01672863,0.94128436,2,61,0.0,1.025212,2,81,0.0047717243,0.92271423,2,105,0.0068881838,0.95278394,2,125,0.0,0.94566065,0,146,0.0,0.88694143,2,166,0.0,0.96251094,2,200
5,0.0054523274,0.91396487,2,20,0.0045996383,0.92551947,2,40,0.010054979,0.8255164,3,60,0.0,0.8135622,2,82,0.0,0.8446873,2,102,0.035777092,0.67037517,3,123,0.0020742207,0.9024162,2,143,0.007415629,1.0163543,2,163,0.008955255,0.75228816,0,200
6,0.012185086,0.99394274,2,21,0.0,1.0116636,2,45,0.001358513,1.0261776,2,71,0.0,1.0471555,2,97,0.0057330905,1.0524534,2,118,0.010116248,0.9957242,2,149,0.022420546,1.0375239,2,169,0.0,0.9849722,2,200
7,0.0018449788,1.0300034,2,22,0.028179277,1.0070013,2,42,0.001611062,0.9930475,2,66,0.013837171,0.9824845,2,86,0.0063463533,0.9985665,2,109,0.0065603657,1.0393083,2,129,0.0031252115,0.9473359,2,153,0.050028026,0.9878249,2,173,0.033988293,0.9618524,2,200
8,0.0,0.97197086,2,21,0.09333328,0.89292395,2,41,0.0013461731,0.87677795,0,65,0.0,0.9000038,0,85,0.0,0.94435894,0,105,0.0,0.9564331,0,125,0.0,1.1999047,0,145,0.0,0.7088173,3,168,0.048168465,0.4121229,2,200
9,0.0,1.0403613,2,22
10,0.008144332,0.95674837,2,20,0.0052245874,1.0237739,0,40,0.0050009573,1.035929,2,60,0.002365648,1.0349596,2,80,0.0,1.0418048,0,102,0.0,1.0788077,2,122,0.0062527047,0.9984316,2,164
11,0.0043347217,1.0058715,2,20,0.0062193833,1.0256039,2,43,0.009487024,1.01807,2,63,0.0063527385,1.0092171,2,83,0.004490181,1.0844157,2,114,0.011771855,1.0312363,2,138,0.0,0.99577105,2,158,0.005962328,1.0561348,2,178,0.004886884,1.0776113,2,200
12,0.008060843,0.9612562,2,20,0.0031590757,0.98711354,2,51,0.0048248083,0.9774954,2,73,0.010796605,1.0279199,2,95,0.006064206,1.0260962,2,115,0.011601795,0.9548718,2,138,0.007950335,1.004813,2,165,0.00017303202,0.99201924,2,200
13,0.0,0.9734805,2,26,0.027449286,0.96676314,2,46,0.0074356506,0.84934604,2,66,0.0,0.5519026,2,90,0.017753588,0.7407393,1,117,0.0,0.85700387,2,141,0.0,0.99584323,2,164,0.030509502,0.83337563,2,200
14,0.01034174,0.922183,2,26,0.0,1.0554737,3,47,0.0031253789,1.0185676,3,68,0.0,1.0616424,3,88,0.011551304,0.9208318,2,108,0.0,0.98725957,2,128,0.0048250007,0.97950035,2,150,0.0,0.9283422,2,170,0.0,0.8908903,2,200
15,0.012304166,1.0001559,2,20,0.00525819,1.0026875,2,68,0.015658434,1.0146456,2,88,0.0024499374,1.0152497,2,108,0.0,0.9954197,2,128,0.0017018925,1.020994,2,149,0.0013152475,1.0519025,3,169,0.008598416,1.0403329,2,200
16,0.012840474,0.99985105,2,20,0.019332778,0.9615668,2,41,0.021860514,1.0088489,2,61,0.0,0.96242154,2,81,0.013545814,0.98334295,2,103,0.009842429,1.0456418,3,124,0.022240302,0.9812268,2,145,0.003368641,0.9955047,2,166,0.0050306614,0.97095716,2,200
17,0.0061677196,1.0097125,2,29,0.0020139776,1.0349919,2,52,0.0024589223,1.0419732,2,103,0.0,0.9858104,2,126,0.0,1.0269675,2,151,0.00632333,1.0161572,2,200
18,0.014688007,0.9875337,2,31,0.0049524796,1.0060511,2,55,0.0,0.98804563,2,78,0.011775965,0.9953721,2,117,0.009135419,1.0108126,0,143
19,0.0019410138,1.0437677,2,21,0.0,1.0085152,2,42,0.004671604,1.0023689,2,72,0.0251095,1.019693,2,92,0.00208923,1.0560768,2,112,0.028438661,1.0238923,2,137,0.015930984,0.99209565,2,158,0.0075926953,1.0374178,0,179,0.0,1.045182,2,200
20,0.014448884,0.9935736,2,22,0.008044978,1.0232247,2,42,0.0,0.99947137,2,62,0.004673048,0.9550518,2,89,0.009282957,0.91233534,2,110,0.020144433,0.99260414,2,130,0.008256111,0.90735495,2,153,0.0011269674,0.9535837,2,173,4.4248514e-05,1.0060383,0,200
21,0.016794603,0.9595207,2,20,0.0,1.0355437,2,43,0.0015559744,0.9629832,2,66,0.0013688586,0.9949041,2,94,0.0054817954,1.0005252,2,114,0.013843656,1.0275217,2,139,0.0,0.9847705,2,159,0.006211523,0.93002033,2,200
22,0.005180878,1.0200435,2,34,0.02727669,0.94842875,3,57,0.0,1.0794979,2,77,0.005451634,1.0522915,2,101,0.002113484,1.0878466,2,121,0.0051467572,0.990633,2,141,0.0,1.0509039,2,161,0.0070584277,1.072262,2,200
23,0.01282307,0.9458891,2,26,0.04670607,0.9827964,2,46,0.005755563,0.87255156,2,68,0.014737972,0.79914033,2,90,0.0,0.7563645,3,110,0.016574224,0.9479626,0,130,0.0,0.9591943,2,150,0.0,1.0152148,2,171,0.0054124724,0.9574971,2,200
24,0.006765823,0.94414026,2,20,0.03601996,0.85891736,2,40,0.032504037,0.8715345,3,60,0.0008132433,0.74906003,2,80,0.078767106,0.60027534,0,100,0.0,0.6365848,2,121,0.021596454,0.9188105,2,141,0.005844223,0.8220639,0,161,0.041144356,0.82489854,2,200
25,0.0055064955,0.96149,2,24,0.0030443883,0.9824467,2,47,0.00035033812,0.98968065,2,67,0.0012213817,0.9499717,2,87,0.0033153521,1.0018299,2,113,0.0072294776,1.0452607,2,135,0.00911905,1.0291721,2,157,0.0070010694,1.0097862,2,177,0.0023792551,0.96119124,2,200
26,0.0048500476,0.96424407,2,20,0.0014979424,0.9744171,2,40,0.006757313,0.94476664,2,63,0.038877606,0.9246832,2,86,0.028372394,0.9548917,2,115,0.005852302,0.9626438,2,139,0.032288346,0.92400855,2,159,0.025171071,0.97273606,2,179,0.003016274,0.87393063,2,200
27,0.0024255048,0.96119136,2,20,0.010436636,0.92178285,2,40,0.010670006,0.8831185,2,60,0.019536987,0.91101277,2,80,0.08062699,0.8463599,2,100,0.03016846,0.92138594,2,123,0.019415952,0.90056676,2,144,0.0,0.93045396,2,164,0.04132362,0.80420834,2,200
28,0.001480663,1.0179443,2,20,0.01361792,1.0547339,2,40,0.0060697743,1.009159,2,63,0.0045612296,1.0158194,2,83,0.008840267,1.0248505,2,103
29,0.0062750736,0.98878723,2,27
30,0.00019347914,1.0093964,2,59,0.0049851076,1.0422666,2,96,0.005172621,1.0444723,2,126,0.01795684,0.9869769,2,146,0.0028439653,0.9925721,2,167,0.016946038,0.93843585,2,200
31,0.034457076,0.8738456,3,23,0.0049445364,0.8392058,3,62
32,0.004920272,1.012663,2,27
33,0.0108861765,1.0006436,2,20,8.912716e-05,1.0089054,2,43,0.0025286225,0.9362028,2,67,0.00878917,1.0018728,2,88,0.004026495,1.0419251,2,110,0.0065764557,0.9187689,3,136,0.0,0.91037357,2,157,0.0015405111,0.91296816,2,178,0.0,0.9696587,2,200
34,0.012915595,0.8320471,2,26,0.0062940717,0.5853242,2,46,0.053138435,0.89619,2,66,0.0,0.72473866,3,86,0.019592198,0.9193802,2,107,0.01297524,0.68384194,0,129,0.10032781,0.44897252,2,149,0.085293405,0.2882085,0,172,0.09881342,0.37354422,2,200
35,0.00501267,0.99231106,2,27,0.006943835,0.9614362,2,53,0.0071138404,0.9420133,2,74,0.016797697,0.8956402,2,94,0.013127002,1.023489,2,114,0.011095633,0.8236165,2,137,0.00689144,0.90574497,2,159,0.0033104313,0.9181692,2,180,0.03303303,0.94562674,2,200
36,0.013649301,1.0223318,2,46
37,0.0267663,0.9454421,2,30
38,0.03396839,1.0060165,2,24,0.016725149,0.9361725,2,44,0.017629504,0.94968367,2,64,0.0,1.0110292,2,93,0.0,0.9699025,2,113,0.0025712443,0.9613495,2,133,0.0045977607,1.0443555,2,153,0.001996685,0.9945686,2,175,0.007560799,0.96764725,2,200
39,0.004322929,0.96335286,2,20,0.012779821,0.8501782,2,42,0.037827604,0.88294137,2,65,0.008655717,0.9296927,3,86,0.027995497,0.91834295,2,106,0.0,0.9460205,2,128,0.0,0.8901785,3,149,0.02657983,0.8927776,2,169,0.04871905,0.8906934,2,200
40,0.014698481,0.9610671,2,28,0.007753328,0.97481024,2,51,0.011433816,0.9140043,2,73,0.022261929,0.9757373,2,93,0.037730057,0.9394951,3,114,0.029212093,0.9119895,0,134,0.004884325,0.9471092,2,154,0.0046979464,0.903471,2,174,0.0007709697,0.9736532,2,200
41,0.0,0.9657833,2,20,0.0029401598,0.9543046,2,40,0.021441069,0.9613021,2,60,0.00012571207,1.012486,2,85,0.005642393,0.9600214,2,105,0.019784417,0.9668052,2,127,0.011463935,0.9326318,2,160
42,0.0054301885,0.99266344,2,27
43,0.00067244924,1.0011605,2,36
44,0.024938587,0.9484992,2,20,0.00026663867,0.973973,2,40,0.00013823151,1.008299,2,61,0.0040293233,0.93950766,2,84,0.00044501218,0.9675449,2,106,0.0,0.9280907,2,126,5.1196443e-05,1.0154232,3,151
45,0.009064068,0.93881345,2,25,0.0029031106,1.0019264,2,45,0.0014210353,0.9310295,2,69,0.016768891,1.0109707,2,90,0.018393995,0.888194,2,111,0.008325534,0.91441596,2,131,0.01251233,0.9392609,2,155,0.026871627,0.92819345,2,175,0.015584331,0.97214127,2,200
46,0.0023332273,1.0350474,2,25,0.005188379,1.0404459,2,49,0.038031757,1.020888,2,70,0.00084746437,1.0009781,2,94,0.0,0.9896181,2,114,0.0086700665,1.0024699,2,134,0.018394038,0.9322807,2,154,0.0020567598,0.944599,2,174,0.0053702923,1.0391071,2,200
47,0.013108789,0.9220732,2,23,0.014178281,0.9254773,2,43,0.0018606096,0.93939435,2,63,0.002676823,0.9041296,0,83,0.0,0.8307479,2,104,0.0,0.8719367,0,124,0.0,1.0709867,2,144,0.0,0.9063045,0,164,0.0054828655,0.8847167,2,200
48,0.0013814933,0.9818268,2,22,0.0074558137,0.9717786,2,42,0.018429834,0.958701,2,62,0.0,1.0448139,2,85,0.003569087,0.9966346,2,106,0.00961637,1.0224596,0,126,0.0023656317,0.9417885,2,150,0.0065655657,0.97897065,2,171,0.0,0.9459654,2,200
49,0.003866475,1.0220486,2,24,0.0018346643,1.0466152,2,44,0.006308401,0.9807939,2,65,0.0023007027,0.99775344,2,90,0.009160725,0.96635735,2,111,0.016617924,0.9726901,2,131,0.0,0.9252268,2,157,0.040858738,0.9558276,2,177,0.0048205615,1.027485,2,200
50,0.022762781,0.9697833,2,20,0.05055332,0.8894787,2,41,0.030974532,0.8754174,0,61,0.011020636,0.93289864,2,90
51,0.0,1.013819,2,21,0.018983707,0.9483284,2,41,0.012849029,0.9840901,2,67,0.0053335093,1.0438054,2,87,0.0052706413,1.0149355,2,107,0.016930282,0.95186615,2,127,0.020156134,0.98132116,2,147,0.0,0.9863717,2,167,0.02398544,0.9567093,2,200
52,0.0,1.0064832,2,23,0.0,0.95206743,2,45,0.0014235956,0.96140397,2,66,0.0052857217,1.0071107,2,87,0.0,0.9057782,0,107,0.0,0.84450245,3,127,0.0,0.8241628,2,147,0.0,0.8396801,2,168,0.018465238,0.7277394,2,200
53,0.009995703,0.9698027,2,24,0.0039201304,0.9465385,2,48,0.028809592,0.93038434,2,72
54,0.027019978,0.8530309,3,22,0.0,0.9058782,0,49
55,0.0088894,1.0012134,2,29,0.010420086,0.9679062,2,49,0.006698117,0.9752515,2,75,0.0049233926,1.0207087,2,96,0.017557492,0.97572786,2,116,0.015448233,0.9704892,2,136,0.018042184,0.9121521,0,156,0.020382414,0.91864663,2,178,0.010115064,0.98465884,2,200
56,0.0027415182,0.9762655,2,21,0.052473765,0.94150877,2,41,0.06357503,0.87926745,2,72
57,0.017251683,0.9911624,2,26,0.0057640686,0.980121,2,49,0.0053368686,0.9114489,2,76,0.014663714,0.89432317,2,100,0.02211292,0.91895425,2,138,0.03745017,0.9790876,2,160,0.02626742,0.92438734,2,200
58,0.009166958,0.9599785,2,32
59,0.00983094,0.9989219,2,20,0.0,1.0252008,2,42,0.004016677,0.9706555,2,81
60,0.0,0.9876512,2,23,0.0011971912,1.043041,2,43,0.010670998,0.9622838,2,64,0.01777397,0.9749996,2,86,0.017397752,0.9790643,2,110,0.0,0.95949215,0,132,0.00054114906,0.97092545,2,152,0.00396825,0.88141185,2,172,0.00537695,0.8549762,2,200
61,0.003580366,0.9786234,2,30,0.0041671046,0.95611334,2,50,0.012875454,0.97728354,2,72,0.002011865,1.0315053,2,103,0.010173217,1.003473,2,128,0.030565271,0.9472748,2,148,0.0,0.93827933,2,168,0.005882844,0.94342333,2,200
62,0.0021299422,1.06465,2,27,0.009947825,1.0866241,2,49,0.003344406,1.039667,2,69,0.0,0.98156714,2,91,0.014294009,1.0462132,2,112,0.0,1.0485784,2,137,0.010206028,0.9538601,2,160,0.0036122447,1.0016496,2,190
63,0.017567117,0.9815019,2,20,0.0,1.0000303,2,43,0.00904246,1.0379419,2,63,0.013220445,1.0425804,2,84,0.009098285,1.0220968,2,106,0.013766028,0.99739486,2,126,0.0029033844,1.048764,2,146,0.0,1.0367178,2,167,0.02246446,1.0064536,2,200
64,4.7740155e-05,1.0405095,2,20,0.01243397,1.0268245,2,50,0.010823509,1.0032322,2,70,0.0047954354,1.0218673,2,92,0.0,1.0288535,2,112,0.010076259,1.0270646,2,132,0.0017454273,0.986891,2,153,0.0017250356,0.92163724,2,174,0.0037915318,0.95789284,2,200
65,0.0025954568,1.027491,2,28
66,0.008663778,0.98284286,2,24,0.0,1.0254527,2,46,0.0030524507,1.03619,2,86
67,0.022865746,0.85268486,2,20,0.0,0.9466596,2,41,0.0,0.31556234,3,62,0.00485051,0.3159524,0,85
68,0.01003805,0.93181515,2,20,0.0,0.9315976,2,40,0.005830034,0.9715101,2,60,0.0,0.9490904,2,82,0.009876539,0.90751994,2,103,0.04218396,0.8304489,2,123,0.0059379553,0.8807862,2,152,0.019755397,0.88640535,2,172,0.01663178,0.8677411,2,200
69,0.004684927,1.0236961,2,20,0.014746047,1.0322938,2,46,0.007819174,1.0105382,2,67,0.010896954,1.0258702,2,90,0.005954892,0.9794996,2,113,0.0055340547,0.94877714,2,136,0.029214477,0.97404146,2,160,0.0069115325,0.9927494,2,200
70,0.008645236,0.99752456,2,24,0.021678995,0.92840844,2,44,0.0044126185,0.92489165,2,64,0.0,1.009754,3,84,0.0,0.9654778,3,105,0.006745017,0.87133664,2,126,0.0,0.8321824,0,146,0.0,0.80476195,0,169,0.010484788,0.79221237,2,200
71,0.0,1.0015224,2,21
72,0.004940957,0.9547235,2,20,0.016150668,0.9699249,2,40,0.0037216207,1.0098604,3,61,0.018755255,0.94760895,2,81,0.014566263,0.9605447,2,101,0.0,1.0727684,2,121,0.008458604,1.0624604,2,148,0.0,1.0318285,2,168,0.006515733,0.9901999,2,200
73,0.013778192,0.9820229,2,20,0.007903454,0.94150376,2,45
74,0.0025366177,0.99970806,2,20,0.0031587759,0.9728992,2,50
75,0.0,1.0120392,2,20,0.002311266,1.0596949,2,47,0.011202746,0.97183174,2,71,0.0027289004,0.9677491,2,92,0.018786475,0.9203812,2,112,0.037233423,0.9114989,2,133,0.015373675,0.9007905,2,153,0.010999956,0.96299356,2,200
76,0.011819737,0.9862973,2,25,0.013011995,1.0472721,2,47,0.0066142036,1.0627339,2,70,0.009051885,1.0049887,2,94,0.0083957035,1.0257769,2,119,0.004404589,1.0189843,2,141,0.0012353435,1.0279188,2,161,0.010655547,1.0134404,2,200
77,0.0006943779,1.0197885,2,20,0.013769746,1.0200098,2,40,0.0069803554,1.02534,2,61,0.0,1.0613977,2,81,0.0136840325,1.0491432,2,102,0.0069252853,1.0004178,2,125,8.078029e-05,1.0364765,2,147,0.008000558,1.0498157,2,172,0.011532989,1.003409,2,200
78,0.0,1.0177363,2,29,0.005303997,1.0489098,2,49,0.0134331,0.98651236,2,71,0.0027109014,0.95645916,2,92,0.022859493,0.927737,2,113,0.049965225,0.9330961,0,133,0.019217808,0.9786339,2,154,0.014228302,0.89238006,2,174,0.04001371,0.93032634,2,200
79,0.031908363,0.96928537,2,25,0.0,1.0300374,2,45,0.008836111,1.0093818,2,72,0.013128273,0.9449078,2,92,0.01761623,0.97266066,2,112,0.021208953,0.9688343,2,134,0.0040360685,1.0022094,2,163,0.010589219,1.0115246,2,200
80,0.012414681,1.0275542,2,20,0.0102508785,0.9576541,2,43
81,0.008301245,1.0129739,2,42,0.00882873,0.9242296,2,62,0.0,0.93961793,2,82,0.010813384,0.9379654,2,103,0.0,0.8565092,2,131
82,0.00065281894,0.994852,2,28,0.02244244,1.0292759,2,50,0.007646472,1.0453892,2,87,0.013006162,1.0231421,2,108,0.00404957,1.0010409,2,132,0.010049319,1.0200098,2,152,0.0067275395,0.9646227,2,173,0.014644903,1.0312146,2,200
83,0.008737004,0.97764075,2,41,0.009474213,0.99904406,2,61,0.009676999,0.9567564,2,83,0.008549194,0.9857146,2,103,0.0015222289,0.95170546,2,123,0.0,0.9721433,2,143,0.01871986,0.9392488,2,166,0.010812539,0.97774696,2,200
84,0.017104594,0.91227365,2,24,0.0057579996,0.94175094,2,45,0.012047285,1.0320665,2,67,0.0,1.0445473,2,87,0.010732892,1.0339241,2,108,0.0011546195,1.0001171,2,143
85,0.008762756,1.0240251,2,23
86,0.020054322,0.98940027,2,20,0.025307562,0.99255466,2,46,0.00847147,0.96478474,2,72,0.0,1.0068188,2,92,0.0,1.0256015,2,113,0.0014623918,0.94953305,2,135,0.0061720526,0.90508914,2,160,0.015286794,0.9640333,2,180,0.010277595,1.0318849,2,200
87,0.007265155,0.99931073,2,26,0.0058356896,0.952919,2,46,0.03999824,0.86761874,2,67,0.005738114,0.87189764,2,88,0.032860387,1.0363889,3,108,0.06806417,0.8203039,2,128,0.014582703,0.6025384,0,148,0.043006867,0.56975216,2,186
88,0.009870663,0.90120363,2,20,0.008598558,0.9090021,2,45,0.0,0.75233245,2,65,0.02991568,0.73952544,2,85,0.019900693,0.6420581,2,106,0.031399123,0.42647862,0,126,0.0,0.63244545,0,146,0.068038836,0.6677338,0,169,0.03415071,0.38737935,2,200
89,0.0,0.77381563,2,21,0.0,0.5384365,2,43,0.0,0.45298013,0,64,0.042425852,0.7877925,2,84,0.0,0.5002848,2,104,0.0,0.20724379,1,134,0.0,0.31583115,1,154,0.0,0.38919938,1,176,0.08009537,0.22247331,1,200
90,0.0065424712,1.015748,2,23,0.0,1.0396832,2,49,0.0023264987,0.9892656,2,70,0.002351765,1.0155581,2,90,0.0,0.9906211,2,110,0.0,1.0216341,2,131,0.0024303552,0.97020227,2,151,0.0016572516,0.98104036,2,171,0.011926472,0.9790308,2,200
91,0.0,1.0451151,2,21,0.0029214465,1.0607756,2,49,0.009386328,1.0031227,2,79
92,0.0113454005,0.9477302,2,30
93,0.007923188,1.02279,2,39
94,0.004362809,0.96124446,2,21,0.01722082,1.025942,3,41,0.002077133,1.0292304,2,62,0.0,1.0223513,2,82,0.012464041,0.9920165,2,123,0.0075085186,0.9351478,2,151
95,0.028735857,0.8477615,2,20,0.028854277,0.9227407,2,45,0.009683414,0.90612084,2,74,0.0072165607,0.88857746,2,107
96,0.008846016,0.9368827,2,24
97,0.011046418,1.0020268,2,24,0.01694346,1.016045,2,44,0.0019165539,0.97304964,2,72,0.012351951,0.96712047,2,92,0.0030791666,0.96139985,2,124,0.0065877563,0.9735383,2,149,0.0036066794,0.9490705,2,180,0.009282957,0.9002163,2,200
98,0.0143694,0.92868584,2,20,0.016109776,0.88439333,2,40,0.0072597237,0.9016704,2,65,0.0,0.67427874,3,85,0.020715943,0.66021734,0,105,0.007880213,0.9382386,2,125,0.004800429,0.99305195,2,148,0.0190075,0.86086905,2,168,0.052274544,0.8391057,2,200
99,0.0,0.9651828,2,24,0.012533404,0.88193566,2,45,0.012104027,0.93352914,2,68,0.0115357675,0.8447274,2,91,0.015373899,0.86528766,2,111,0.0064796987,0.75792485,2,135,0.022301404,0.715509,2,156,0.050446313,0.7947499,2,176,0.008768932,0.8409052,2,200
100,0.020397788,0.9951994,2,20,0.002731099,1.0143291,2,44,0.004850842,0.9847996,2,66,0.0074893385,0.9697858,2,86,0.017764173,0.9715557,2,108,0.009384746,0.9998147,2,128,0.0073181796,0.9951588,2,156,0.02039094,1.0358034,2,177,0.002499087,1.0253946,2,200
101,0.0020808855,0.9654573,2,28
102,0.0,0.93572867,2,20,0.0061386204,0.9827175,2,44,0.01541142,1.0074846,2,64,0.0033324729,0.964594,2,85,0.0068505635,0.9236879,2,107,0.0,0.8912343,2,127,0.011186153,0.9729092,2,163,0.025431437,0.9026591,2,200
103,0.01894725,1.0190728,2,20,0.016774794,1.0092691,2,41,0.003970319,0.9745903,2,76,0.008006048,1.0314242,2,97,0.009193981,1.0380478,2,128,0.0024762568,0.99601716,2,148,0.007566162,0.9903768,2,175,0.0068679415,1.010936,2,200
104,0.016136205,0.8478705,2,20,0.015659528,0.79081297,2,44,0.024980286,0.71858466,2,64,0.02447046,0.67015773,0,85,0.0,0.6261331,2,107,0.0046848003,0.26795968,0,128,0.032143284,0.20837677,2,149,0.05998984,0.31134027,0,169,0.1336876,0.33849832,2,200
105,0.006105174,0.8942374,3,20,0.0,1.0462967,0,40,0.0,1.1236947,2,60,0.0,1.1442183,0,80,0.0,0.66368955,2,100,0.0058187423,0.7473817,0,120,0.10683434,0.4448722,0,146
106,0.005035853,1.023054,2,21,0.010889073,0.9899651,2,41,0.0,0.80343217,2,69,0.003532218,0.92276794,2,96,0.017110858,0.9234234,0,116,0.0065438203,0.9985608,2,136,0.01687618,0.90489656,0,156,0.015582075,0.79697,2,176,0.026788294,0.8651364,0,200
107,0.029377839,0.97183347,2,21,0.009394462,0.9425049,2,48,0.0015527057,0.96732765,2,69,0.013188752,0.9872591,2,89,0.0010214532,1.0334853,2,113,0.0027678956,0.9854842,3,137,0.013903623,0.9828038,2,157,0.027467767,0.9856038,2,177,0.018725174,0.9520747,2,200
108,0.010371657,0.9968665,2,27,0.003458448,1.0023869,2,49,0.0046181246,0.9891489,2,69,0.004604881,1.0019399,2,92,0.0021560604,0.987395,2,115,0.001845023,1.0200487,2,135,0.025405196,1.047542,2,156,0.025212208,1.014355,2,176,0.0025176653,1.0455819,2,200
109,0.017169734,0.9033598,2,20,0.040018894,0.9160817,2,40,0.0033525233,0.96956664,3,61,0.016867846,0.95014405,2,91
110,0.036070712,1.01065,2,20,0.021000728,1.0024103,2,41,0.0081562,1.0292469,2,71,0.010626319,1.0459948,2,112,0.00087424106,1.0447769,2,132,0.013562849,0.9549735,2,152,0.006138954,1.0690768,2,179,0.0062332624,1.0418135,2,200
111,0.008437862,0.9647646,2,20,0.0014084581,1.0315084,2,52,0.00031964108,1.0237827,2,85,0.01252756,0.9848943,2,109,0.0007899274,0.9895142,2,138,0.0,1.0055504,2,158,0.005048651,0.9953054,2,178,0.002307617,0.9869728,2,200
112,0.0,1.0168207,2,20,0.0,1.0460078,2,41,0.0,0.99932194,2,73,0.009353487,1.0037711,2,112
113,0.008930128,1.0255,2,27,0.01964596,1.0202295,2,49
114,0.0030880144,1.0008361,2,30
115,0.010846082,0.9825826,2,22,0.02372949,1.0288626,3,44,0.005993638,1.0358701,2,67,0.006399461,1.0102423,2,88,0.0004250722,0.9822012,2,108,0.0054690307,1.050161,2,133,0.004741516,1.0473262,2,156,0.0,0.9900096,0,177,0.0077061835,1.0276338,2,200
116,0.0033937842,1.0412431,2,21,0.009742739,0.99664533,2,43
117,0.0,1.0351963,2,24,0.011238601,1.0448244,2,48
118,0.005472649,0.97661483,2,21,0.01039848,0.9981535,2,43,0.005274538,1.0143509,2,67,0.0029920537,1.0087966,2,88,0.022829037,0.9852009,2,108,0.0015765808,1.0015323,2,131,0.0,0.93145514,2,151,0.001476913,0.99820817,2,171,0.0045290506,0.99752915,2,200
119,0.014637667,1.0181148,2,20,0.0055873706,1.0161728,2,44
120,0.0077102236,1.0083911,2,20,0.00047627994,1.036253,2,40,0.0011122902,0.9691526,2,60,5.2323194e-05,0.97437906,2,80,0.012074387,0.9195127,2,107,0.0006987273,0.8711439,2,129,0.010336553,0.9844969,2,149,0.012722823,0.9192113,2,170,0.030705856,0.88738483,2,200
121,0.0,0.94130754,2,20,0.0,0.9296648,2,40,0.0,0.9241997,3,60,0.0,0.82020867,2,80,0.0060603605,0.81946087,2,100,0.0061723613,0.9371737,3,120,0.010433665,0.9950779,3,140,0.0,0.9745943,3,160,0.010644088,0.78787553,2,200
122,0.0010151363,0.98162806,2,20,0.003681623,0.9931942,2,41,0.014301451,0.9214859,2,62,0.021691209,0.93800324,3,82,0.0017106766,0.9563815,2,113,0.0,0.94047976,0,133,0.007793255,0.8449424,2,153,0.012403356,0.80565035,3,173,0.011197483,0.6807304,2,200
123,0.0030965472,0.9801518,2,21,0.010919518,0.98687106,2,41,0.017003033,1.0335827,2,61,0.012871152,1.0336777,2,84,0.03186342,0.9978622,2,105,0.0,0.97153175,2,125,0.0,0.9581281,2,145,0.017248923,0.9828476,2,168,0.013656495,0.9657414,2,200
124,0.002119269,1.0266867,2,23,0.0021223938,1.0585425,2,46,0.020522175,0.9411486,2,69,0.0069994777,0.891846,2,89,0.049818214,0.9284213,2,110,0.009093168,0.7253876,1,130,0.003306646,0.68483055,2,150,0.028116152,0.8612746,2,170,0.019638946,0.9230501,2,200
125,0.019309461,0.98558027,2,20,0.0028368372,1.0213921,3,40,0.0,1.0717362,2,60,0.0,1.0347999,2,84,0.00016641626,1.0313588,0,107,0.0072902064,0.94018674,2,139
126,0.011824349,0.97726405,2,21,0.007988705,0.96146774,2,41,0.0094943475,0.9742396,2,74
127,0.0,1.0075445,2,20,0.0077636978,0.9639591,2,40,0.0024873472,0.9484962,2,60,0.010165917,0.99257886,3,80,0.005065437,0.95441806,2,101,0.0027175928,0.96765876,2,123,0.0004056443,0.9600623,2,144,0.0,0.98823774,2,165,0.017455848,0.96489114,2,200
128,0.0,0.9193282,2,20,0.02830773,0.9631891,2,42,0.00821018,0.9641856,2,62,0.009943166,0.9926162,2,82,0.0015363996,0.9454933,2,113,0.0,0.96786577,2,133,0.0,0.742385,0,154,0.0,0.8517289,2,175,0.0,0.62351793,2,200
129,0.004445307,1.0060046,2,23,0.012230778,1.023201,2,43,0.008427722,1.0729425,2,63,0.0021965976,1.0698824,2,97,0.006313715,1.0695952,2,122,0.011583629,0.96267056,2,143,0.010274194,0.8789064,2,163,0.025663778,0.94594586,2,200
130,0.0,0.9394324,2,22
131,0.0,0.6874641,2,20,0.03736329,0.70793194,2,41,0.052880947,0.31263566,2,79
132,0.00011913725,0.98792946,2,31,0.0025153733,0.98072064,2,62,0.002794237,0.97867405,2,88,0.0,1.0106493,2,109,0.0,1.0610843,2,131,0.00017945163,1.069593,2,156,0.0063203285,0.9196164,2,176,0.0,0.97808987,2,200
133,0.0050703916,1.0190444,2,33,0.0018019363,0.99973154,2,62,0.010158702,0.9557769,2,86,0.013338784,0.9881226,2,106,0.020016035,0.9283595,2,126,0.008168882,0.9785797,2,149,0.017953066,0.98234177,2,186
134,0.033718422,0.7847516,2,32
135,0.003730284,0.83211505,2,21,0.03778384,0.926559,0,42,0.0,1.0130374,3,63,0.0,1.1271553,0,83,0.0,1.1166829,2,103,0.0023714986,0.7610323,2,123,0.0,0.77206933,0,143,0.0,0.55937165,0,163,0.033145465,0.51102215,0,200
136,0.003290935,1.0157374,2,28,0.001993841,1.0620718,2,49,0.014175673,1.0562407,2,69,0.014257011,1.0259073,2,98
137,0.0033959546,0.98491114,2,38
138,0.0023394963,1.0015656,2,23,0.0044064824,1.0146587,2,52
139,0.013181388,1.0244421,2,28,0.0011132134,0.95318776,2,48,0.031985693,0.9996147,2,69,0.08223893,0.9258156,3,104
140,0.008324848,0.99227375,2,36,0.0028789877,0.98437643,2,56,0.0056098443,1.0078049,2,78,0.0010507912,1.0082548,2,100,0.017687272,0.88919723,2,129,0.0,0.83558273,2,149,0.02917023,0.75326395,2,173,0.02158054,0.77606845,2,200
141,0.0,1.0249271,2,21,0.002000132,1.010914,2,41,0.0031244885,1.0036741,2,72,0.012621309,0.9953468,2,96,0.0037394844,1.0260912,2,116,0.00046437158,1.0044525,2,136,0.0,1.0780659,2,160,0.0024032923,1.0437505,2,180,0.0038339526,1.0290148,2,200
142,0.0008492804,1.037734,2,21,0.0,1.0184779,2,47,0.008272621,1.0076041,2,67,0.001469389,0.99330306,2,89,0.0,1.043751,2,109,0.018200498,0.9733376,2,135,0.0055507184,0.9628535,2,164,0.0035204312,1.0460685,2,200
143,0.016843705,1.0302589,2,20,0.008284601,0.9904027,2,40,0.0043155234,0.9630019,2,66,0.016222611,0.98157865,2,86,0.00068127585,1.0167161,2,129,0.0,0.9952647,2,150,0.014213175,0.97552973,2,175,0.005895279,1.0554066,2,200
144,0.0044639953,0.99324733,2,20,0.001988455,1.0501276,2,41,0.011251604,0.9707769,2,61,0.00341504,0.98284227,2,85,0.013561575,0.99778354,2,106,0.02262908,0.9388496,3,126,0.00059076695,0.9511366,0,146,0.0,0.9420634,0,168,0.006524662,0.9353162,2,200
145,0.0076856045,0.97808933,2,22,0.0,0.9972782,2,42,0.016922615,1.0130637,2,69,0.0093503315,1.0088881,2,103,0.010737369,0.9707773,2,125,0.0035047648,0.91168267,2,156,0.015061672,0.97985727,2,176,0.020846875,0.9436498,2,200
146,0.011259499,0.9007392,2,25,0.021642365,0.790528,2,45,0.0,0.85216475,2,69,0.05086075,0.79850435,0,90,0.0,0.5220091,1,111,0.0,0.38889304,0,131,0.0,0.48933664,1,151,0.043762613,0.5620829,2,174,0.015343118,0.5169423,2,200
147,0.018316021,0.98930234,2,20,0.0026402771,0.9457263,2,40,0.0,0.88781357,2,61,0.025344808,0.771421,2,81,0.062271047,0.86813265,0,103,0.0,0.8404024,2,124,0.0,0.93372834,3,144,0.0,0.8843667,3,165,0.013377964,0.9105634,2,188
148,0.0,0.93249255,2,24,0.0022726697,0.9241576,0,49
149,0.0036375632,0.97119045,2,24,0.01985371,1.0322647,2,55,0.014807375,1.0437948,2,81,0.006399446,1.0127425,2,101,0.0064281523,1.0165955,2,121,0.012329123,1.0119698,2,142,0.0009105899,1.0009139,2,178,0.0033080177,1.0244561,2,200
150,0.0,1.0476378,2,20,0.012665287,0.99077326,2,44,0.0065842774,0.9296506,2,70,0.03476985,0.9778738,2,90,0.001006123,0.94845754,2,111,0.00464059,0.9326009,0,132,0.010939268,0.9752901,2,152,0.0,0.94088495,2,172,0.00856459,0.8924673,2,193
151,0.008053187,0.9704417,2,20,0.01625224,1.0089613,2,47,0.009231691,1.0806668,2,68,0.0147092175,1.0893463,2,88,0.002418465,1.0915529,2,111,0.0,1.0104811,2,131,0.0,1.0384445,2,153,0.024033997,0.8720504,2,173,0.004294282,1.005971,2,200
152,0.0063471184,0.9143063,2,21,0.021605726,1.0140679,2,41,0.025356043,0.9783951,0,61,0.02773929,0.95667535,2,81,0.0,1.0442774,2,101,0.0,0.82958776,0,121,0.0,0.7289994,2,141,0.0,0.9832531,2,161,0.09253507,0.6234685,2,200
153,0.0,0.98881894,2,20,0.016698433,1.0122329,2,42,0.00286414,0.9884402,2,72,0.001385283,1.0234382,2,92,0.003688713,0.9950386,2,112,0.0109356325,0.9734111,2,132,0.018702935,0.96588504,2,152,0.011194965,1.0113941,2,174,0.00083895214,1.0362645,2,200
154,0.003018598,0.94060975,2,22,0.011252988,0.81206644,2,42,0.011146173,0.758756,2,63,0.0,0.5979672,3,84,0.0,0.69970584,2,104,0.0,0.6165379,1,125,0.0,0.3855905,1,146,0.0,0.37306768,1,166,0.017656423,0.53848475,2,200
155,0.0013200962,1.0336448,2,22,0.0,1.0104467,2,42,0.0035206666,1.0105672,2,64,0.00258696,0.98372376,2,84,0.013701563,1.0308024,2,105,0.010466121,0.9750431,2,125,0.0,0.9800501,2,145,0.01639239,0.9992604,2,166,0.0023018247,1.0234451,2,200
156,0.006300345,0.9765107,2,20,0.016636416,0.9950718,2,49,0.0036457416,1.0144924,2,99,0.008022284,1.0070527,2,122,0.022288328,0.95790005,2,146,0.0016032746,0.9420868,2,174,0.024604673,0.9971562,2,198
157,0.0065978966,0.98048884,2,21,0.013973835,0.92398435,2,41,0.029408956,0.8512767,2,61,0.0,0.87652963,2,87,0.0,0.85196036,2,107,0.0,0.75985014,2,128,0.0,0.87368745,2,148,0.0,0.85630697,2,169,0.017529681,0.8734954,2,200
158,0.004467898,1.0323492,2,20,4.8185513e-05,1.0064129,2,40,0.0039014507,1.0034945,2,61,0.004774347,0.99448997,2,81,0.0014016513,0.99748546,2,101,0.012727446,0.99795556,2,130,0.023434548,0.94408166,2,150,0.020424,0.9640287,2,200
159,0.0110959625,0.87869835,2,29
160,0.0055317255,1.0653058,2,22,0.0065656453,1.0302289,2,42,0.015956493,1.023475,2,67,0.0,0.9830631,2,88,0.013138572,1.0574813,2,108,0.0066432,1.0328069,0,128,0.0032941054,0.9873577,2,164
161,0.00877252,0.96898496,0,20,0.0039735115,1.027983,2,41,0.011602329,0.95012516,2,67,0.0,1.0105975,2,88,0.0007026571,1.0078863,2,116
162,0.0074725435,0.9560696,2,23,0.0,1.0639176,2,44,0.0,0.9874312,2,68,0.003596702,0.89322805,2,88,0.0,0.81494224,2,109,0.058478296,0.8508035,0,129,0.0,0.8882111,2,149,0.023509279,0.8821421,2,172,0.03964177,0.7317572,2,200
163,0.0071452186,1.0232192,2,28
164,0.0060672197,1.0035651,2,22,0.006241127,0.9834075,2,42
165,0.0006248151,1.0158935,2,30,0.008461973,1.0026563,2,52,0.0061610886,0.9700143,2,72,0.0,1.0232661,2,92,0.012546491,0.98449457,2,130
166,0.0040587024,0.91644883,2,22,0.019446807,0.9771527,2,52
167,0.005119535,0.98642784,2,21,0.014428049,0.9449104,2,42,0.008112418,0.90587,2,65,0.0002610317,0.94563264,2,86,0.030522283,0.93154085,2,106,0.0,0.90049094,2,144,0.00038801582,0.979175,2,166,0.012964833,0.9405578,2,200
168,0.005665852,0.9579523,2,21,6.662912e-05,0.9984032,2,42,0.0156793,0.94067794,2,62,0.040649347,0.92156535,2,82,0.026489899,0.9355605,2,106,0.019868964,0.9129597,2,128,0.040371515,0.9532815,2,148,0.026982978,0.91389036,2,168,0.050583936,0.9339808,2,200
169,0.00041812685,1.0213157,2,22,0.0014071859,1.0069169,2,42,0.011825217,0.94565135,2,63,0.017443191,1.0387112,2,83,0.02160102,0.99209297,2,106,0.004474814,0.9918795,2,128,0.004200599,1.0043223,2,148,0.00048411655,1.0002729,2,168,0.00083117624,1.0382332,2,200
170,0.03623151,0.9469355,2,21,0.0010015666,0.9472057,2,41,0.0,0.86826974,0,61,0.0,0.8973474,0,83,0.12918346,0.79585236,2,103,0.050201755,0.73428893,2,124,0.0013160082,0.8114155,0,144,0.0,0.4892548,2,164,0.064888716,0.41731057,2,200
171,0.022517538,0.93270963,2,21,0.012817418,0.9418421,2,41,0.0105995415,0.97302353,2,66,0.018610323,0.92984265,2,103
172,0.002215484,0.9951834,2,26,0.0022760015,0.99465066,2,46,0.011103228,0.8962844,2,66,0.022999866,0.902604,2,86,0.02706531,0.80797404,0,107,0.0,0.9262703,2,127,0.0,0.8841345,0,147,0.0,0.68510365,0,168,0.050936148,0.5352225,2,200
173,0.0045786216,1.0264081,2,37
174,0.004474241,0.9949377,2,20,0.0031179674,1.008645,2,44,0.021104077,1.0441177,0,64,0.015400414,1.0097572,0,84,0.0067806663,1.0492877,2,104,0.0,1.0750227,2,127,0.0,1.0715125,0,154,0.0021106503,1.0567187,2,177,0.0022593653,1.0576651,2,200
175,0.0061434642,1.0355426,2,38,0.01941496,0.96071833,2,67,0.006240922,1.0197324,2,99,0.0,1.0541099,2,137
176,0.0029959788,0.9625807,2,24,0.004343142,1.0019438,2,44
177,0.00832196,0.9290534,2,21,0.0024929403,0.9357757,2,43,0.0,0.8968736,2,63,0.003751028,0.8919024,2,84,0.01589103,0.92707694,3,106,0.0,1.0150665,2,126,0.0,1.0538546,2,148,0.0,0.9487177,0,168,0.004155526,0.98817784,2,200
178,0.0076904367,0.99601763,2,23,0.00091920985,1.0351806,2,45,0.0,1.0008101,2,67,0.0,0.9294664,2,88,0.0,0.91179687,2,109,0.017090986,0.8822942,2,129,0.023501998,0.7249103,2,151,0.024897933,0.78873175,2,175,0.034295574,0.73223805,2,200
179,0.005967055,0.93466383,2,22,0.0042282143,0.95290166,2,43
180,0.0,0.9998038,2,29,0.012373047,1.0528758,2,49,0.020839095,0.924147,2,69,0.005569117,0.9727442,2,91,0.02905343,0.9417964,2,111,0.027856741,0.9981901,2,132,0.009047838,0.97646344,2,153,0.03352425,0.9453108,2,173,0.0056112735,0.96036416,2,200
181,0.0025173232,1.008896,2,24,0.010284983,1.0056093,2,44,0.011462595,0.9916271,2,64,0.030115088,1.0144672,2,88,0.0040704296,0.9987846,2,112,0.0041957456,1.061738,2,133,0.0,1.0196282,2,156,0.0011713116,1.026239,2,176,0.0041783336,0.9941446,2,200
182,0.00031662974,1.014369,2,23,0.037029028,0.9484992,2,43,0.0418667,0.9249567,2,63,0.030213386,0.9083021,2,83,0.030315105,0.9766794,0,104,0.0009257323,0.9695481,2,124,0.035862785,0.94093823,2,145,0.01337988,0.9597565,2,166,0.017663741,0.9209583,2,200
183,0.008485264,0.9822885,2,20,0.0,1.0147183,2,40,0.021861171,1.0194083,2,63,0.007950534,1.0283529,2,94,0.010014046,1.0468742,2,116,0.0073395497,1.0486118,2,158,0.0065359296,1.0054443,2,179,0.0012082772,0.9639005,2,200
184,0.013577624,0.9748198,2,23,0.009842821,0.9102548,2,43,0.0474507,0.93896866,2,63,0.022904113,0.90057385,2,83,0.037985068,0.69672483,2,104,0.022554005,0.53993946,2,124,0.0032839107,0.6028045,2,148,0.0,0.6491964,2,168,0.010813028,0.6141428,2,200
185,0.010231262,1.0068804,2,22,0.0035862145,0.9420501,2,54,0.0062426818,0.88753384,2,78,0.0012153907,0.80985886,2,99,0.03503857,0.82363605,2,119,0.0,0.81861836,2,141,0.013567382,0.74072033,2,164,0.02214474,0.76992184,2,200
186,0.00014968574,1.0494751,2,25,0.0,1.035944,2,48,0.0,1.0248353,2,68,0.0,1.0561156,2,91,0.006068623,0.9869382,2,111,0.014134529,1.0019935,2,131,0.0027956972,1.0521443,2,161,0.004345678,1.0549853,2,200
187,0.0054610544,1.0395995,2,26,0.0,0.99741566,2,46,0.014621919,0.9974499,2,66,0.0,0.9765606,2,86,0.0025763465,0.9806798,2,107,0.0,1.0563533,2,128,0.011812289,0.981046,2,148,0.0041176765,0.96196306,2,168,0.0124996565,0.95602727,2,200
188,0.0013212973,0.98044455,2,20,0.0025297329,1.0128349,2,41,0.030933034,0.9883896,2,61,0.017792692,0.932979,2,81,0.01880836,0.93786705,2,101,0.03174068,1.0037129,2,121,0.0006965092,0.99339044,2,141,0.0036127095,0.86717695,2,162,0.0131881,0.8239316,2,200
189,0.0032111427,0.9272725,2,26,0.013534239,0.8735539,2,46,0.0,0.82839763,0,66,0.018542383,0.9648951,2,86,0.0,0.5678034,2,107,0.00024028406,0.5483662,2,128,0.0,0.19953135,1,149,0.0,0.11485928,1,173,0.06833792,0.2365226,1,200
190,0.0,1.0123777,2,23,0.0069881054,0.89786243,2,43,0.008483282,0.9525419,2,65,0.0,0.8935894,2,87,0.03607286,1.0604368,2,108,0.04092282,0.9489254,2,129,0.008897615,0.9562501,2,152,0.00050739717,0.9934556,2,200
191,0.017417101,0.9659769,2,21,0.012037765,0.9768002,2,42,0.0,0.932028,2,62,0.0,0.9722787,3,82,0.0026626214,0.8954984,3,102,0.014897236,0.96374375,2,134,0.009424955,0.894073,2,168
192,0.013285044,0.83140296,0,20,0.0,0.85689676,0,40,0.0065212483,0.77554744,0,60,0.0062496527,0.8903282,2,80,0.0,0.563766,0,101,0.0,0.74777114,0,122,0.066344894,0.573728,2,161
193,0.018913707,0.9359356,2,21,0.0,0.95036155,2,41,0.012486165,0.8131439,2,61,0.0,0.7277876,1,81,0.0,0.6298212,2,102,0.0,0.53692055,2,122,0.0,0.25692937,1,142,0.0006340287,0.46617627,2,176
194,0.014073881,1.0173177,2,23,0.013294429,0.9855486,2,45
195,0.015046992,1.0270361,2,25,0.009198678,0.9867662,2,48,0.020859621,0.97466606,2,69,0.0,1.0617615,2,90,0.019290252,0.96281195,2,110,0.0045553325,1.0395832,2,132,0.0,0.97980887,2,154,0.0021570355,1.0000291,2,200
196,0.0,0.98513746,2,20,0.0036204488,0.9847252,2,44,0.035371497,0.923066,3,81
197,0.0017586935,0.92128396,2,22,0.0,1.0361829,0,44,0.0,0.94300956,2,64,0.0,0.9810233,2,84,0.0,0.9195021,2,105,0.006520856,0.9612424,2,125,0.0,0.88268715,2,146,0.0023502228,0.9257191,2,166,0.0120660085,0.93983227,2,200
198,0.0,1.035427,2,20,0.0,0.9958418,2,44,0.0027541537,0.9875905,2,68,0.0036170967,1.0228306,2,88,0.017540785,0.9730291,2,111,0.019097084,0.93061906,2,139,0.0027853344,1.0204223,2,160,0.008262791,0.96946543,2,200
199,0.0101103885,1.0107783,2,22,0.022472735,0.93684226,2,43,0.008136518,1.0681223,2,71,0.011114892,0.95731103,2,91,0.010144548,1.0407295,2,114,0.0,1.0415101,2,135,0.0043209363,0.9453818,2,156,0.0,0.84751236,2,176,0.011568129,0.6967475,2,200
200,0.017850686,0.9608297,2,21,0.005533498,1.0173578,2,45,0.0055460366,0.9835368,2,68,0.003563168,1.0286193,2,106,0.0,1.0214487,2,126,0.024074012,0.96851254,2,150,0.017932037,0.98764944,2,200
201,0.0023145704,1.0165284,2,31,0.0,0.9541667,2,55,0.04234217,0.95549864,2,77,0.023849042,0.9394749,2,100,0.0015339237,0.98576725,2,120,0.012219682,0.8927201,2,140,0.012593743,0.94177455,2,160,0.015715702,0.9423127,2,200
202,0.0067199166,1.0072721,2,36,0.016858757,1.0387897,2,56,0.0023755692,1.0521349,2,76,0.0076256082,1.0218955,2,100,0.017317103,1.0044444,2,130,0.0,1.0540396,2,151,0.024296068,1.0070213,2,172,0.00227752,1.0547534,2,200
203,0.0,0.9926308,2,24,0.005193641,1.0051043,2,51,0.008606734,0.9756109,2,71,0.0019337343,0.9817793,2,92,0.0,1.0045041,2,118,0.0017377852,1.0182563,2,148,0.004359652,0.9976222,2,168,0.0043586544,0.9907506,2,200
204,0.008163258,0.9294928,2,23,0.0,0.9500788,2,47,0.0007867855,0.963964,2,71,0.008509672,0.95974374,2,104,0.0,1.0116847,2,124,0.0,1.0269309,2,144,0.0020855246,1.0545026,2,169
205,0.0046860375,0.92658585,2,20,0.0063286577,0.91669273,2,48,0.04174619,0.97124803,2,68,0.0,0.9303795,0,90,0.064287655,0.89678675,2,113,0.032269202,0.8823775,0,133,0.008093141,0.8549593,2,153,0.001884996,0.9036666,2,173,0.10599261,0.8085701,3,200
206,0.0,1.0142664,2,20,0.0099822935,0.9772829,2,60
207,0.044265173,0.8563299,2,20,0.0,0.76354027,2,40,0.008742502,0.8747177,1,60,0.0,0.7223606,2,82,0.0055795037,0.57095087,2,102,0.0,0.66941094,0,122,0.0,0.81549823,2,142,0.0041200225,0.8757124,2,162,0.05390257,0.70414335,2,200
208,0.004339183,1.0055375,2,41,0.008381928,0.99673516,2,62,0.0050030705,0.9966332,2,85,0.023492882,0.9896102,2,109,0.009437204,1.0416468,2,131,0.004318093,0.95404434,2,151,0.029273909,0.95843095,2,171,0.008392714,1.0008211,2,200
209,0.0,1.0084054,2,21,0.0,0.982564,2,43,0.020564923,0.9692201,2,64,0.015572186,0.95961607,2,84,0.003912281,0.98868936,2,106,0.0,0.9688093,2,126,0.0,1.0124456,2,151,0.001559032,0.9859511,2,171,0.0054274993,1.0287832,2,200
210,0.006795558,0.9463477,2,31,0.0025641276,0.95976114,2,51,0.019322269,0.9559872,2,83,0.032382075,0.97253674,2,104,0.013603088,0.9933444,2,124,0.025436657,1.0068903,2,145,0.021566177,0.9215026,2,165,0.027931113,0.9321845,2,200
211,0.0050414703,0.92094886,2,20,0.0010570778,0.9151896,2,40,0.0,1.0204805,2,63,0.00266132,0.9971286,2,83,0.009007174,1.0363097,2,116
212,0.00018642517,1.0429444,2,24,0.011692245,1.0276898,2,46,0.011864963,0.9907958,2,69,0.003790198,1.0590054,2,89,0.0,1.0335531,2,124,0.0,1.0103624,2,144,0.0152622955,0.92153996,2,164,0.0059812907,0.93465835,2,200
213,0.0039986284,0.9386662,2,23,0.020747297,0.96674335,2,49
214,0.006696666,1.0213171,2,34
215,0.0,1.0368736,2,20,0.0,0.9766084,2,41,0.029782783,0.9495439,2,63,0.014095828,0.9757536,2,91
216,0.007415804,1.0249108,2,20,0.0,1.0391313,2,51,0.01749505,0.96359533,2,74,0.024911592,1.0055414,2,95,0.004227259,1.0085344,2,115,0.00030285362,1.0180383,2,135,0.005714776,1.0152758,2,168,0.0,1.0503815,2,200
217,0.0025193302,1.0537703,2,20,0.0077358303,1.0095649,2,43,0.010690647,1.008731,2,70,0.0063545243,1.0398723,2,91,0.021535093,1.0011088,2,112,0.0063791145,1.0253582,2,135,0.0060010753,1.0182858,2,155,0.010844737,1.0821044,2,176,0.002766228,1.0106616,2,200
218,0.012776655,0.967898,2,28,0.009049048,1.0308425,2,51,0.0035105043,1.0884463,2,71,0.0,1.045929,2,95
219,0.00660487,0.9809642,2,20,0.0015208987,0.9979403,2,42,0.027706793,0.9363533,2,62,0.0033481484,0.9826872,2,84,0.009096163,0.923532,2,104,0.025184914,0.99812317,2,125,0.017887278,0.97431564,2,145,0.018979277,0.94736654,2,165,0.0067574917,0.9153712,2,200
220,0.00584976,0.9752854,2,20,0.0052656597,1.0082222,2,41,0.03576889,0.96690196,2,63,0.0026348692,1.0152847,2,83,0.0,1.0058247,2,108,0.006762383,1.0116763,2,148
221,0.0,0.9404372,2,20,0.023078652,0.91889524,2,40,0.0003676639,0.87774986,2,61,0.014961077,0.79475117,2,81,0.0,0.9412836,2,104,0.0,0.79168797,0,124,0.0018584796,0.7710319,2,144,0.0,0.8659676,0,164,0.025780715,0.23127685,0,200
222,0.010907888,1.0027181,2,20,0.021074975,0.9442211,2,43,0.02458879,0.77659124,2,64,0.020864857,0.85057133,2,88,0.032283,0.82960236,2,108,0.021171967,0.6880723,0,129,0.0,0.58577406,0,149,0.0073950924,0.6714513,2,170,0.010228469,0.47224778,2,200
223,0.0,0.9717776,2,20
224,0.0034490952,0.97948426,2,28,0.005811776,1.0089271,2,49,0.0,0.9438494,2,70,0.0068950886,0.97688305,2,103,0.010563579,0.95981926,2,125,0.010792047,0.9132551,2,153,0.0014720641,1.0037314,2,180,0.014641462,0.9641779,2,200
225,0.03431581,0.95889616,2,21,0.011053928,1.0027837,2,41,0.021308942,1.017263,2,67
226,0.0021083679,0.974361,2,23,0.018910356,0.99992144,2,45,0.021091275,0.9319353,2,65,0.00949332,1.0307217,2,86,0.0,1.022833,2,106,0.014389868,1.0370966,2,127,0.0,1.0071156,2,147,0.021931527,0.89790374,2,171,0.0059729135,0.95756674,2,200
227,0.0040598386,0.9198116,3,20,0.0050234296,0.9462633,2,40,0.0,0.9608061,2,60,0.0038741573,1.0040324,2,80,0.0006064434,0.9801326,2,100,0.0036079108,1.005657,2,120,0.021007758,0.96669483,2,146,0.0027596704,0.93036574,2,166,0.0,1.0879195,2,200
228,0.0050598406,0.968023,2,25,0.0129171545,0.98770505,2,54,0.0053802365,0.9321454,2,75,0.0,0.89469457,2,99,0.03921733,0.79416084,2,119,0.0,0.770427,2,139,0.002628473,0.8535455,2,159,0.007914303,0.79902804,2,179,0.0017572043,0.85257584,2,200
229,0.0016919412,1.023018,2,25,0.0072220867,0.9169698,2,48,0.00443527,0.9941427,2,68,0.0,1.0167614,2,91,0.0022870468,1.0292748,2,115,0.012150539,1.0178521,2,138,0.016781485,0.87850296,2,159,0.014120415,0.9899604,2,179,0.0,0.97997475,2,200
230,0.008802165,0.994361,2,34,0.0,0.9866338,2,54,0.0052867,0.9866276,2,74,0.016613476,0.9435391,2,101,0.0,1.042083,2,121,0.028659258,0.9402035,2,141,0.008980025,0.93783116,2,162,0.016655589,0.96045786,2,200
231,0.0,1.0290571,2,21,0.026937442,1.0065917,2,42,0.0082751075,0.96242785,2,67,0.0044809985,0.9871241,2,87,0.02205823,0.90794927,3,107,0.01766347,1.0053511,0,128,0.02403145,0.9928651,2,148,0.0007761778,1.020411,2,168,0.00265944,1.0811386,2,200
232,0.0,1.0134752,2,20,3.0498206e-05,0.973444,2,40,0.0,0.94643754,2,61,0.0,0.88109964,2,84,0.009965964,0.89060295,2,104,0.0,0.8152459,2,124,0.009369557,0.8227401,2,144,0.07093133,0.7664248,2,164,0.029224753,0.9155659,2,200
233,0.0036397753,0.95007133,2,31,0.014375681,0.94618416,2,51,0.012687825,0.96759635,2,71,0.0,0.9458499,2,91,0.009754458,0.8806706,2,116,0.0,0.9188714,2,136,0.0,0.82676995,2,156,0.0,0.75716627,1,177,0.0021256749,0.6085269,0,200
234,0.016096583,0.9926488,2,26,0.0009331666,1.0187639,2,46,0.0059076133,1.0499378,2,79,0.0071267835,0.98423666,2,100,0.010130638,0.9931148,2,129,0.043187436,0.9517399,2,154,0.008003133,0.95894,2,174,0.060267907,0.94644684,2,200
235,0.011661296,1.0056013,2,38,0.005157676,1.0284765,2,58,0.0051284353,0.98631036,2,80,0.0042436533,1.0095214,2,117,0.017580243,0.9840473,2,142,0.002893417,1.0326383,2,162,0.0075404556,1.0162339,2,200
236,0.0019885919,0.99886525,2,29,0.007153819,0.9649586,2,56,0.0078073116,0.78171927,2,76,0.0,0.9209393,2,96,0.031922884,0.80255234,3,116,0.025193345,0.82249725,0,136,0.0,0.7274233,2,157,0.10656991,0.38855305,0,177,0.07245296,0.44697845,0,200
237,0.0031858014,0.9776636,2,31
238,0.022487449,0.95161784,2,22,0.0037524756,1.0663621,2,55
239,0.009284222,0.9854338,2,22,0.0029374824,0.9690997,2,45,0.024266485,0.9568884,2,65,0.014305908,0.844199,2,87,0.0052788192,1.0708703,2,107,0.007998316,0.94707847,2,130,0.011450705,0.9904477,2,151,0.03941453,0.86531353,0,171,0.0026925819,0.88421375,0,200
240,0.0029188672,0.98915243,2,21,0.059615925,0.9748847,2,45
241,0.0,0.9909094,2,20,0.006016744,1.0872666,3,40,0.0,1.0257363,2,60,0.0020743776,1.0022886,2,85,0.010575409,0.98651135,2,105,0.010209976,1.0406995,2,125,0.0,0.9870196,2,147,0.020902459,0.95984066,2,167,0.0,0.987184,2,188
242,0.0025138455,0.8767543,2,25
243,0.005333531,0.99433035,2,37
244,0.0,1.0225366,2,20,0.017172383,0.9331322,2,53,0.014625774,1.0417578,2,74,0.04670573,0.9738469,2,95,0.00060922664,0.8663643,2,115,0.0073143933,0.7340326,2,136,0.0,0.68009025,2,156,0.0,0.6156941,2,179,0.0012427272,0.69694,2,200
245,0.0,0.99119055,2,20,0.003873281,1.0011982,2,48,0.018322775,0.95749956,2,70,0.0007003697,0.98550534,2,99,0.0,1.0399399,2,120,0.0035021773,0.98311013,2,148,0.008162584,1.0200293,2,169,0.00024504712,1.0200915,2,200
246,0.005535729,0.9926108,2,20,0.0,1.0262425,2,40,0.0026576614,1.019393,2,71,0.020763788,0.9884529,2,91,0.025039906,0.9679891,2,111,0.04426727,0.9451777,2,131,0.0071185953,0.95452595,2,151,0.019857327,0.949663,2,172,0.012669263,0.9740109,2,200
247,0.00013865026,0.94612676,2,24,0.013933527,0.9653679,2,44,0.004704369,1.0122787,2,66,0.0019791266,0.91052157,2,87,0.010645263,0.8185218,2,112,0.0,0.8293808,2,132,0.0,0.84786683,2,155
248,0.004507091,1.059727,2,20,0.0010579685,1.0484725,2,44
249,0.0020065482,1.0195736,2,20,0.018817687,0.968815,2,42,0.017540146,0.95549774,2,63,0.0064977314,0.9842846,2,88,0.006150042,0.990452,2,109,0.009183503,1.0028287,2,135,0.0,1.0115948,2,159,0.0007598988,1.0005946,2,180,0.021979,0.98148715,2,200
250,0.0,0.958942,2,22
251,0.0035307978,0.98209965,2,32,0.0063120276,1.0164386,2,58,0.003091103,0.98339355,2,81,0.013443279,0.9829368,2,104,0.01443645,0.93719816,2,128,0.029733919,1.0239474,2,149,0.0132042,1.0026187,2,174,0.016486816,0.9815843,2,200
252,0.010003293,0.980895,2,26,0.030369733,0.9347968,2,53,0.0033796977,1.0418528,2,77,0.002653321,1.0258445,2,99,0.0,1.0439715,2,119,0.0,1.0721407,0,140,0.025529003,1.0054448,0,160,0.0,1.0672513,2,180,0.023926437,0.9967165,2,200
253,0.020920629,0.91090906,2,20,0.0038899332,0.9455877,2,42,0.012210387,0.959618,3,62,0.027115764,0.9590239,2,87,0.0014628209,0.8824156,2,115
254,0.005083939,1.0428228,2,21,0.0006636504,1.0493845,2,49
255,0.0,0.9542502,2,20,0.004051508,0.96561694,2,42,0.0010915342,1.0528024,2,63,0.0098778065,1.0099552,2,99
256,0.0008784862,0.9608086,2,20,0.005115993,0.96236205,2,43,0.02050073,0.9719406,2,69,0.011717903,0.9668379,2,106
257,0.0053980234,1.0031494,2,33,0.0,1.0127742,2,53,0.0086178025,0.9593282,2,108,0.0033218,0.91754866,2,131,0.016642729,0.9567058,2,152,0.0032904171,1.001761,2,172,0.057124604,0.9240757,2,200
258,0.0,0.98329365,2,21,0.0068231123,1.0161923,2,41
259,0.0025720778,1.0122788,2,40
260,0.011298783,1.0120782,2,22,0.009330079,1.0151186,2,46,0.005169692,0.9860663,2,74,0.019553179,1.0073229,2,94,0.0027966101,1.0651709,2,114,0.003506476,0.9675035,2,135,0.023513153,1.0179412,2,155,0.0023695412,0.98971194,2,178,0.0031117236,1.0084344,2,200
261,0.0042994474,1.0263495,2,22,0.0028368337,1.020927,2,47,0.00080783525,1.0558317,2,87,0.02261801,1.0214492,2,114,0.0,1.0776939,2,147,0.013854877,0.99347633,2,168,0.0,1.0126321,2,200
262,0.0011011821,1.0103154,2,25,0.007728084,0.9816273,2,55,0.0014558589,0.99065346,2,76,0.0011127508,0.99658436,2,112,0.0013261215,0.99629015,2,136,0.0,1.0193911,2,159,0.022786215,0.98161584,2,179,0.0,0.99374896,2,200
263,0.0014639822,0.9922876,3,25,0.0,0.9903459,2,46,0.025504488,0.9262372,2,66,0.0044486793,0.9715037,2,87,0.0043085855,0.9768775,2,113,0.0,1.0695922,2,133,0.00782984,0.9842758,2,154,0.0032621515,1.0672253,2,174,0.014833412,1.0052081,2,200
264,0.0141846,0.9479526,2,21,0.0041769235,0.9942674,2,47,0.011636161,0.96109504,2,69,0.0015256584,0.99788254,2,89,0.0030937898,1.0440397,2,109,0.0,1.0042686,2,129,0.0,1.0326724,2,155,0.0011156959,1.0614783,2,200
265,0.006386526,1.0378722,2,35
266,0.0034869693,0.955321,2,20,0.018220406,0.9648671,2,40,0.021181624,0.9549233,2,60,0.014970279,0.8165961,0,90
267,0.0,1.0217109,2,24,0.0103784185,0.98106545,2,45,0.007319729,0.9531371,2,65,0.0050038975,1.0156101,2,98,0.0023925526,1.0378186,2,120,0.0049997135,0.9873759,2,141,0.0153463995,0.9904818,2,163,0.014239174,0.9632986,2,200
268,0.000130484,1.0237017,2,32
269,0.01095841,1.0270815,2,21,0.008017368,1.0004853,2,59
270,0.049774952,1.0228941,2,21,0.015234716,0.974542,2,46
271,0.00020280415,1.0296136,2,20,0.025574893,0.96231097,2,40,0.02093346,1.0090194,2,61,0.001871053,1.0024778,2,83,0.004997667,0.9784115,2,103,0.008157233,0.9931462,2,128,0.0,0.9815893,2,148,0.0036252448,0.9676902,2,175,0.0,1.0637103,2,200
272,0.004994779,1.0288426,2,21,0.0069983574,1.0141897,2,43,0.0,1.0137264,2,65,0.016904017,1.0017987,2,85,0.008020813,0.9979088,2,107,0.005838887,1.080565,2,128,0.0028406256,0.9775098,2,151,0.03979382,1.033758,2,171,0.03400265,0.9817632,2,200
273,0.015962297,0.99881774,2,20,0.035653424,0.94383603,2,43,0.020805905,0.9512962,2,64
274,0.018220654,0.97953117,2,20,0.0,1.0255018,2,40,0.0,1.0202777,2,61,0.0014070303,0.9639683,2,81,0.0,1.0193503,2,101
275,0.002044015,1.0432622,2,21
276,0.0008574723,1.0324428,2,20,0.0059775347,0.98845804,2,40,0.0,1.0280778,2,60,0.0038937032,0.97917575,2,81,0.005004092,0.94224167,2,102,0.017000105,1.0127928,2,122,0.008497155,1.0101304,2,144,0.0048092455,0.99250203,2,164,0.011983307,0.95990497,2,200
277,0.0045473827,1.0032563,2,20,0.0015656482,0.9918586,2,40,0.008611352,0.8771949,2,61,0.02197145,0.91708916,2,89,0.0057666115,0.8449672,2,114,0.010924156,0.9466435,2,134,0.013074027,0.89662397,2,157,0.014402681,0.88797593,2,180,0.04436439,0.8424341,2,200
278,0.0055454145,1.011336,2,29,0.027376495,0.96222425,2,50,0.0010464741,1.0468645,2,70,0.003478592,0.9601299,2,94,0.0012133521,0.91999614,2,122,0.005880719,0.8853009,2,144,0.0071389824,1.0120314,2,164,0.0039730165,0.96426326,3,200
279,0.0055934195,0.9856061,2,26,0.007304022,0.93195534,2,51,0.029822135,0.9898147,2,73,0.017002704,0.9866514,2,95,0.007645515,0.9150911,2,116,0.016260605,0.9638435,2,136,0.005312938,0.9460925,0,157,0.031943902,0.95076185,2,200
280,0.0035829265,0.95604855,2,24,0.009382015,0.9117128,2,44,0.0,0.9373746,2,65,0.01254672,0.8575675,2,85,0.0,0.7653286,2,109,0.0,0.7304908,2,129,0.0,0.713441,1,152,0.0,0.39614722,1,173,0.004773318,0.63533175,2,200
281,0.007572563,0.97313505,2,22,0.0,1.0431483,2,43,0.0,0.88501745,2,68,0.006844007,0.94365925,2,97,0.018412974,0.9755167,2,117,0.0,0.9782612,2,139,0.0045786225,0.9419435,2,159,0.0045577837,0.993243,2,200
282,0.006213695,1.0208588,2,20,0.01659557,0.9365553,2,44,0.017426055,0.9383611,2,67,0.007881294,0.95495254,2,87,0.0166054,0.9768888,2,107,0.0,0.9721066,2,127,0.010288523,0.95812,2,148,0.00839515,1.0131782,3,169,0.015889559,0.9232551,2,200
283,0.009856962,1.0178655,2,20,0.011836979,1.0425593,2,42,0.0074175834,0.963844,2,62,0.0035455306,0.9614962,2,82,0.00531668,0.96877146,2,105,0.0039401897,0.92139614,2,125,0.021963349,0.9123934,2,145,0.0,0.9775627,2,165,0.0001870539,0.8969331,2,200
284,0.017390428,0.93784076,2,29,0.01247144,0.76835567,2,53,0.0200443,0.91790247,2,74,0.009481069,0.7844102,2,95,0.05017379,0.4853107,0,115,0.0,0.33403516,0,137,0.0,0.55558324,0,158,0.0,0.5375552,2,179,0.00083108555,0.5226459,0,200
285,0.0100715365,1.0079467,2,20,0.006713283,0.93278235,2,44,0.014816195,0.91430587,2,64,0.0015824611,0.973873,2,84,0.005274594,0.98132354,2,104,0.010015574,0.947508,2,124,0.034790806,0.89036685,2,144,0.004440587,0.8866809,2,164,0.016993685,0.89767224,2,200
286,0.0,1.0590564,2,21,0.0,1.1488461,0,42,0.0,0.89311856,0,62,0.014064317,0.5967412,0,82,0.011975942,0.8138952,0,102,0.0,0.8724452,2,122,0.0,0.9957487,2,144,0.0,0.7870371,2,164,0.003937497,0.8780008,2,200
287,0.005389694,0.9377502,2,23,0.012736968,0.9221652,2,44,0.009405214,0.9595017,2,70,0.008909717,0.98249084,2,90,0.013883507,0.9525761,2,113,0.018168977,0.9834323,2,138,0.00823799,0.9245819,2,160,1.4537014e-05,0.81112987,2,200
288,0.0060188496,1.0117062,2,21,0.016707456,0.93088436,2,41,0.008500148,0.9528967,2,63,0.003913654,0.9176147,2,94,0.008154422,0.7840505,2,115,0.0,0.7066407,2,136,0.0,0.8470942,2,158,0.0,0.7376657,0,178,0.021397648,0.8769197,2,200
289,0.0077762413,1.0030527,2,28
290,0.0041181375,0.9757413,2,27,0.005834824,1.0377473,2,51
291,0.019461105,0.96384275,3,20,0.013690683,0.91862,0,41,0.023176705,0.7962043,2,61,0.0,0.7332314,2,84,0.021556694,0.89890206,2,104,0.0,0.88594913,2,124,0.00024568246,0.8617367,2,153
292,0.0,1.0147598,2,20,0.023969378,1.0231907,2,40,0.0023343312,0.966624,2,65,0.009401613,0.95785,2,99,0.017239125,0.9613444,2,125,0.011402035,1.0269411,2,146,0.0,1.0220158,2,166,0.02097149,0.9088439,2,200
293,0.0022788728,0.8448835,2,22,0.0,0.78383934,2,42,0.009433418,0.73447365,0,63,0.0,0.9547512,2,83,0.0,0.6314171,2,103,0.0,0.76447886,2,125,0.0,1.138735,2,145,0.0,0.42036688,2,166,0.019806132,0.23412775,1,200
294,0.002682989,1.0248737,2,26,0.00079642097,1.0532091,2,47,0.0,1.0370622,2,68,0.014831557,1.0538485,3,90,0.0014412911,1.1188908,3,112,0.0,1.1222626,3,132,0.0,1.0695888,2,154,0.0055853836,1.0272343,0,174,0.00079990306,1.0808336,3,200
295,0.004788441,1.00429,2,21,0.0,1.0336752,2,41,0.0070159556,1.0417027,2,63,0.012699865,1.0416198,2,91,0.0,0.9681058,2,112,0.016053582,0.97935116,2,132,0.0056067384,1.0371487,2,152,0.0,1.0117581,2,172,0.0018269612,0.99204624,2,200
296,0.006454662,0.98799723,3,22,0.0014970079,1.058862,2,44,0.012223026,0.98657453,2,73
297,0.006121761,0.97026795,2,26,0.0,0.9802388,2,46,0.0035410717,0.93447876,2,66,0.0,1.1437721,2,88,0.023005286,0.9392358,2,117
