0,0.00661921,0.9955536,2,20,0.00079516455,1.0219215,2,46,0.0056813965,1.0357958,2,66,0.0047453316,1.0013444,2,86,0.0,1.0273366,2,107,0.008724181,1.0160191,2,127,0.0044867466,1.0240988,3,150,0.0,1.023126,2,171,0.0027873486,1.0250413,2,200
1,0.012449194,0.98735297,2,22,0.003445878,1.0394754,2,43,0.0,1.1541985,3,66,0.0,1.110273,2,92,0.0,1.0545748,2,112,0.0,1.0366005,2,135,0.0,1.0431012,2,155,0.0,1.0942352,0,176,0.0,1.0260676,2,200
2,0.0,1.0127406,2,34
3,0.016744342,1.0378417,2,21,0.0,1.0474373,2,41,0.014387057,1.0452815,2,71,0.00025956167,1.0217532,2,97,0.002480965,0.95850354,2,117,0.00700377,0.9236194,2,137,0.0,0.9966663,2,157,0.014171461,0.94105834,2,177,0.03544978,0.9858807,2,200
4,0.010956467,0.9803119,2,29,0.00020622341,1.0429066,3,49,0.010695141,1.062369,2,73,0.0,1.0848031,2,95,9.920194e-06,1.0411582,2,117,0.0002908699,1.0750877,2,137,0.0049080243,1.1062227,2,158,0.0016792124,1.0630529,2,178,0.0057639536,1.0570899,2,200
5,0.012662942,1.009104,2,20,0.0,1.0335673,2,40,0.0,1.0491214,2,64,0.0051598507,0.9446578,2,85,0.007523723,0.96279055,2,111,0.006937279,0.9554413,2,131,0.010902693,0.8989084,3,154,0.026075816,0.88567483,2,174,0.02377806,0.82737446,2,200
6,0.010122551,0.9650336,2,33,0.03751377,0.95145273,2,56
7,0.0015211428,0.96689993,2,24
8,0.017760204,0.96556616,2,29
9,0.034279063,0.93665713,2,25,0.0015389678,1.0165681,2,55,0.015229431,0.7330982,2,77,0.08443384,0.5848874,2,104
10,0.0033611169,0.9438999,2,22,0.02789987,0.94301575,2,43,0.019587787,0.96719813,2,70,0.019993648,0.9688544,2,94,0.021605894,0.9397179,2,115,0.0022521894,0.95129657,2,136,0.0,0.79213154,2,156,0.025407841,0.7549282,2,176,0.030983167,0.9344375,2,200
11,0.014265507,0.97999626,2,21,0.010284552,1.0482832,2,41,0.0016401417,1.0072035,2,61,0.007965778,0.93826026,2,81,0.005098502,0.9947953,2,101,0.013198104,0.96518797,2,124,0.010421176,0.9066567,2,147,0.0028453642,0.8989544,2,167,0.0063884044,0.95462894,2,200
12,0.0030604056,0.9400469,2,26,0.0034501667,0.9782773,2,47,0.0,0.9917403,2,77,0.0025805351,0.9795535,2,97,0.048405934,0.9434424,2,119,0.0009159975,0.8968493,2,139,0.021388592,0.8291194,2,159,0.03991906,0.81924874,2,200
13,0.0,0.9534176,2,20,0.013296461,1.0019381,2,40,0.0093339225,0.92605627,2,63,0.03246888,0.9231585,2,83,0.030547034,0.9986564,2,103,0.0014569319,1.1036258,3,124,0.036613725,0.99955195,2,144,0.090307035,0.853866,0,164,0.028660126,0.94213283,2,200
14,0.006670799,1.0578032,2,20,0.002588055,0.97212887,2,40,0.017655252,0.96772987,2,68,0.016066585,0.99297476,2,88,0.003019944,0.90100086,2,108,0.020091645,0.81220114,2,128,0.009364427,0.91471696,2,153,0.023897149,0.76152253,2,175,0.021909881,0.75858146,2,200
15,0.02049842,0.95729095,3,20,0.02088027,1.001327,2,41,0.0,0.9822144,2,65,0.013296675,0.9862123,2,95,0.0,0.9614776,2,115,0.005368729,0.98254555,2,136,0.0,0.91702133,2,158,0.02446723,0.91876,2,179,0.0056212237,0.9981625,2,200
16,0.008739917,1.0002935,2,20,0.008554799,0.9973553,2,40,0.00855354,0.99675894,2,60,0.0,0.9855482,2,80,0.018670393,0.9035407,2,104,0.0055656135,0.949344,2,128,0.007991487,0.8772152,2,151,0.043297376,0.9129606,2,172,0.0071329745,0.9314926,2,200
17,0.014096427,0.9273287,2,20,0.0,1.0122414,2,40,0.00512858,1.0460788,2,62,0.0059442017,0.85837865,2,83,0.0,0.9186007,2,103,0.0,0.99235153,2,124,0.057840608,0.9724256,2,144,0.0017875617,0.9894029,2,172
18,0.0016583644,0.99275124,2,32
19,0.011166901,0.99813396,2,20,0.010411989,0.96583194,2,42,0.00979493,0.928682,2,91,0.019161917,1.006874,2,113,0.01362923,0.8878064,2,133,0.0,1.0447209,2,153,0.022528244,0.96043026,2,181
20,0.009260179,1.0105416,2,28
21,0.0,1.0186902,2,20,0.006436213,0.95648587,2,40,0.0022286687,1.0049716,2,66,0.0013378378,0.90919906,2,86,0.0002077144,0.9594543,2,108
22,0.006041538,1.0165558,2,20,0.0066340566,0.9873153,2,51,0.0,1.0333105,2,79,0.015971294,0.97148305,2,100,0.0,0.98323756,2,126,0.012908937,0.9375428,2,146,0.0,0.9308152,2,170,0.0,0.76859665,2,200
23,0.0053953775,0.9959221,2,21,0.0075168377,0.99490684,2,58,0.028084189,0.8809793,2,80,0.0023676394,0.9548522,2,101,0.012901065,0.9781658,2,126,0.0,1.0723598,2,146,0.003910296,0.9426239,2,168,0.0,0.96828043,2,200
24,0.025897488,0.99726194,2,23,0.018449532,0.9492507,2,43,0.011979994,0.9297066,2,63,0.025702039,0.88398755,2,83,0.012790812,0.86846584,2,106,0.02628467,0.9644805,2,126,0.029815035,0.9816136,2,148,0.088416636,0.909721,2,169,0.0037378455,0.9462704,2,200
25,0.005933028,1.0044559,2,21,0.0,0.9735361,2,42,0.0041505406,1.0005311,2,62,0.0,0.9121694,2,83,0.0,0.9632244,2,104,0.006432598,0.9536375,2,127,0.01504519,0.80511934,2,147,0.0032350342,0.8053889,2,167,0.0165893,0.87878346,2,200
26,0.0,0.9461975,2,20,0.037985586,0.9177148,2,40,0.016084429,0.9074823,2,61,0.036103204,0.92713237,2,82,0.0,1.0081167,2,104,0.0028285007,0.9522376,2,124,0.0,0.92710656,2,144,0.0014061591,0.96543044,2,171,0.005241311,0.8878998,3,200
27,0.009946811,1.0137808,2,23,0.007254838,1.0031402,2,44,0.011575251,0.98867345,2,65,0.0,1.0047334,2,89,0.00957516,1.0094148,2,109,0.0005661306,1.030874,2,129,6.481277e-05,0.9996715,2,151,0.0038196093,0.9712462,2,176,0.016900571,0.9594614,2,200
28,0.0013843181,0.9955465,2,37
29,0.008162521,0.9782623,2,20,0.0035328844,0.9727892,3,42,0.010759228,1.0404118,2,63,0.0019671726,0.9877236,2,104
30,0.0039576413,0.9630536,2,23,0.016487788,0.9716247,2,43,0.008901878,1.0293196,2,95,0.0023674977,1.0374563,2,115,0.018088536,1.0416489,2,135,0.0028717422,1.0231193,2,157,0.021460583,1.0145082,2,178,0.0041647526,1.0216924,2,200
31,0.02920535,0.48682883,2,39
32,0.02557624,0.9835908,2,21,0.009508583,0.98592937,2,42,0.012260093,0.94800586,2,64,0.008863035,1.0039382,2,84,0.0059580635,0.9877664,2,104,0.005917613,1.04279,2,128,0.011787946,0.97025454,2,148,0.0024456666,1.0188704,2,169,0.013973015,1.0123962,2,200
33,0.0010321754,0.9719704,2,22,0.0,0.97453946,2,43,0.0040161097,0.8816572,2,71,0.037730064,0.922746,2,92,0.016336218,0.7887408,2,112,0.027702276,0.7351752,0,133,0.0,0.73001826,2,153,0.018231679,0.78506416,0,174,0.0025338228,0.67044353,2,200
34,0.0045648124,0.76279104,2,22,0.039376892,0.513564,2,42,0.005573702,0.45701453,1,63,0.02864846,0.32088315,1,85,0.0458292,0.459238,2,105,0.04572902,0.6942488,0,125,0.0,0.8534628,0,145,0.0,0.74739474,0,169,0.11087573,0.5920628,2,200
35,0.0,0.7846775,2,20,0.0012732594,0.78709155,2,41,0.008665402,0.75378335,2,61,0.013107728,0.66543686,0,82,0.0031748065,0.45095864,3,102,0.0,0.53976977,2,122,0.0,0.58459777,1,142,0.0,0.51404864,1,164
36,0.004266743,0.99036145,2,27
37,0.0,0.9978197,2,21,0.046591666,0.93684816,2,41,0.0,0.9048746,2,61,0.020083582,0.9251813,2,82,0.0,0.496331,2,105,0.0,0.6369761,2,125,0.006882809,0.8463332,2,149,0.0,0.8451325,2,169,0.006182482,0.83273226,2,200
38,0.0,1.0202161,2,20,0.0,0.97072136,2,40,0.0067520733,0.92336315,2,62,0.0027464677,0.88626087,2,88
39,0.028785799,0.9785455,2,21,0.006527462,0.97093195,2,50,0.038380977,0.9323568,2,77
40,0.0011083102,1.0192903,2,28
41,0.0005744106,1.0139122,2,30
42,0.012665091,0.8698168,2,20,0.0,0.911376,2,40,0.01773179,0.64711195,0,67
43,0.0,0.8831145,3,20,0.0,0.7781741,2,41,0.0128089385,0.3987855,0,62
44,0.009472562,0.9476679,2,20,0.0,0.91977197,2,45,0.00066659413,0.98068017,2,65,0.0022854717,0.94305307,2,95,0.020698939,0.907193,2,115,0.0,0.9898442,2,135,0.009851643,0.97287875,2,159,0.013068592,0.9067852,2,179,0.0,0.7980426,2,200
45,0.0014542808,1.031212,2,28
46,0.0138479825,0.93451864,2,23
47,0.0013366052,1.0352964,2,29,0.012922561,0.98793924,2,64
48,0.026970828,0.94032514,2,20,0.006021918,0.99194,2,40,0.0036956302,0.95344484,2,60,0.0,0.95646775,2,80,0.0,0.9124799,2,100,0.0,0.765638,2,120,0.009848793,0.79526204,2,141,0.0,0.78327835,2,161,0.002813309,0.6171779,1,200
49,0.008469749,1.0441939,2,29,0.01329923,0.9971819,2,49,0.016434323,0.96241,2,71,0.00911711,0.9781467,2,99
50,0.0029274926,1.0188887,2,21,0.010420728,1.0455749,2,46,0.011780835,1.0350585,2,69,0.0062287,1.0147488,2,95
51,0.019295985,0.97751504,2,20,0.0011157295,0.9784344,2,40,0.0,0.9576127,2,60,0.019239822,0.96679264,2,83,0.04103381,0.92882466,2,105,0.03405427,0.9807796,2,128,0.049336966,0.9173991,2,148,0.03570099,0.9313267,2,173,0.025750317,0.94609416,2,200
52,0.00669887,1.0283995,2,27,0.010691063,0.94011843,2,47,0.031041432,0.99817187,2,68,0.03262162,0.93356746,2,91,0.009798617,1.030658,2,120,0.0065346737,1.0200427,2,141,0.0,1.0819135,2,163,0.0073596044,1.099281,2,200
53,0.0,0.97018653,3,20,0.00025246327,0.982232,2,41,0.0047474983,0.9438335,2,68,0.02378405,0.7636105,2,89,0.0,0.7432968,2,109,0.0,0.8294792,2,129,0.00010313187,0.7815849,2,151,0.0055755577,0.8059945,2,172,0.012972382,0.55491513,1,200
54,0.0,1.0642817,2,20,0.0,1.0931542,2,40,0.0,1.0911334,2,61,0.011653539,1.0235591,2,81,0.052807305,0.9491774,2,103,0.03669523,0.93679124,2,126,0.009588537,1.0359006,2,148,0.0031816498,0.9642585,2,169,0.004926688,1.0093849,2,200
55,0.0040827813,1.0260828,2,20,0.0,1.0156347,2,43,0.0,1.0329444,2,63,0.002296956,0.96566683,2,93,0.0077073886,0.9731363,2,133
56,0.0004891715,0.9300005,2,20,0.01692591,1.0089587,2,47,0.012481399,0.8809829,2,67,0.0014751371,0.8911228,2,87,0.007876649,0.73052096,2,109
57,0.069860525,0.896618,2,20,0.009925129,0.96209157,2,41,0.012547597,0.9600231,2,63,0.0018796931,0.95878136,2,84,0.0013616462,0.9499342,2,107,0.00045211296,0.9251426,2,127,0.0093078455,0.9483287,2,147,0.0009895632,1.0387671,3,167,0.017779673,0.97600454,2,200
58,0.0059661497,1.0256932,2,20,0.0020271533,1.0014974,2,40,0.002652498,0.9625013,2,72,0.009912424,0.96369594,2,95,0.0,0.90520203,2,116,0.026997393,0.8809094,2,138,0.0041838344,0.7444043,2,159,0.09412718,0.67159575,2,179,0.052087158,0.6903604,0,200
59,0.0,0.95585966,2,20,0.012500093,1.0332541,2,41,0.0054449253,1.0999955,2,65,0.02377705,0.9935435,2,86,0.009927346,0.9448783,2,115,0.002365016,0.975076,2,135,0.020779345,0.8628707,2,155,0.008551151,0.81356734,2,177,0.015458564,0.9312089,2,200
60,0.017320726,0.971457,2,20,0.023199428,0.96321136,2,40,0.0048837783,0.974994,2,60
61,0.009685626,1.0096239,2,22,0.02129131,0.9515807,2,53
62,0.0,1.0414581,2,20,0.019675946,0.99995464,2,55,0.00033236312,1.0355728,2,75,0.003933064,0.9481869,2,103,0.0,0.99824035,2,123,0.0050004935,0.89880306,2,143,0.01785678,0.9233065,2,173,0.025569348,0.9162003,2,200
63,0.0050934358,0.9962457,2,20,0.01797527,0.9246861,2,40,0.0061091306,0.99795,2,62,0.004123648,0.9865693,2,83,0.016727477,0.96045476,2,103,0.028292049,0.96584547,2,123,0.015800893,0.9570248,2,149,0.0016092288,1.0193524,2,169,0.0033491964,0.99648774,2,200
64,0.0018091451,0.9951798,2,20,0.018207045,0.9832503,2,41,0.006405266,0.9706906,2,66,0.005578295,0.95644355,2,89,0.022320725,0.9912043,2,110,0.012016539,1.0177859,2,135,0.03455348,0.9475188,2,159,0.020701105,0.98410714,3,179,0.004345322,0.87531173,2,200
65,0.00030721622,1.0123616,2,20,0.018493084,0.96386856,2,42,0.008242908,1.0350283,2,65,0.0047411663,1.0067388,2,86,0.00024427695,0.9965923,2,108,0.011950297,1.0139279,2,128,0.0008901976,1.0074754,2,148,0.0007771173,0.9736417,2,168,0.0,1.0258546,3,200
66,0.0,1.0016271,2,22,0.04031708,0.9216324,2,42,0.04066532,0.94837606,2,62,0.0055925506,0.68044156,0,83,0.0,0.601253,2,103,0.0,0.61393416,1,123,0.0,0.4035018,1,145,0.0,0.5953621,2,165,0.01831864,0.6637516,2,200
67,0.0013748262,1.0249567,2,21,0.0076954537,0.94267064,2,42,0.005756052,1.0074686,2,62,0.0052897045,0.99165815,2,83,0.013065849,0.9247595,2,103,0.009131152,0.9364621,2,129,0.017484937,0.9339067,2,149,0.014739193,0.95682335,2,170,0.03202109,0.9274723,2,200
68,0.0053416104,0.98902357,2,23,0.0117981415,1.018171,2,43,0.0036851591,0.9732697,2,69,0.0065772156,0.9673906,2,91,0.0,0.8438031,2,111,0.0,0.9118287,2,131,0.009427634,0.91094315,0,154,0.021713044,0.9939683,2,174,0.0022484045,0.92708695,2,200
69,0.0068007596,1.0013934,2,20,0.0045473524,0.98779976,2,43,0.0032235482,0.9660546,2,63,0.0,0.8425398,2,85,0.024474312,0.92472154,2,105,0.0030028156,0.8621306,2,126,0.01663253,0.71399057,2,146,0.0,0.9224912,2,167,0.00539703,0.860117,2,200
70,0.003763096,0.9476906,2,25,0.0018466321,0.94137794,2,50,0.018967342,1.0145528,2,77
71,0.0067586284,1.0218323,2,22
72,0.0,1.0368412,2,20,0.008752626,0.99992424,2,42,0.009773697,0.995727,2,64,0.014819622,0.9792999,2,84,0.0101328995,0.94158715,2,104,0.012706083,0.87274295,2,124,0.0,0.8651311,2,144,0.06299604,0.8836768,2,164,0.03883599,0.93917775,2,200
73,0.004754985,1.0190825,2,20,0.0054796976,0.96004844,2,42,0.0,0.9973835,2,64,0.0,0.97900814,2,86,0.011415799,0.9748115,2,109,0.0,0.9563744,2,136,0.00091661944,1.0172893,2,156,0.00052178674,0.9239202,2,178,0.027058162,0.93164974,2,200
74,0.0012589135,0.98502177,2,20,0.013218987,0.9906767,2,40,0.020293828,1.0649363,2,61,0.007846374,1.002183,2,90,0.0,1.0487812,2,119,0.0,1.026711,2,145,0.01492435,0.9977967,2,166,0.0026798472,0.9716815,2,200
75,0.007939449,0.99396,2,29,0.020073382,1.0004215,2,53,0.023127409,1.0183526,2,75,0.00699141,1.0286541,2,99,0.012039429,1.0223941,2,121,0.002868118,1.0490793,2,155,0.0024322208,1.0186256,2,200
76,0.00732885,1.0088083,2,27,0.006945587,1.0179945,2,49,0.006186219,0.9543342,2,71,0.02577581,0.97632456,2,95,0.020938326,0.92238694,2,115,0.013777433,0.9434354,2,135,0.0,1.0181805,2,160,0.0,0.9604834,2,200
77,0.00017338572,0.9697161,2,20,0.0,0.97527754,2,40,0.018312294,0.95630974,2,65,0.009197755,1.056007,2,85,0.010113568,1.0326747,2,114,0.034712702,1.010519,2,135,0.0031815055,1.05529,2,158,0.002366523,1.0221142,2,200
78,0.0,0.81699735,2,22,0.04138543,0.7332382,2,45,0.0009052094,0.6724675,0,68,0.009622912,0.85640603,0,88,0.09975113,0.47436747,0,123
79,0.0,1.0009798,2,24,0.012320371,0.96342564,2,44,0.0131417,0.9986163,2,65,0.0011698953,0.9713892,2,115,0.0,0.9293346,2,138,0.054581765,0.9529364,2,160,0.043165468,0.94529283,2,180,0.047739398,0.9454092,2,200
80,0.00040295505,1.0430069,2,20,0.0,1.017113,2,42,0.0030697784,0.95533174,2,65,0.017883169,0.94994974,2,85,0.0599866,0.98697406,3,105,0.02804799,0.91516995,0,126,0.0057043904,0.9500616,2,147,0.037812956,0.91970676,2,170,0.016985971,0.9382277,2,200
81,0.006196948,1.0014746,2,22,0.0023878587,1.017504,2,42,0.0108732,0.9581868,2,63,0.017871084,0.9611195,2,87,0.013455488,1.0025378,2,107,0.002875622,0.9969241,2,127,0.0049254745,0.9832117,2,147,0.011779429,1.0427653,2,168,0.0020484147,1.0434372,2,200
82,0.010011797,1.0240672,2,20,0.0025326847,1.046598,2,49,0.012998006,1.0356827,2,70,0.0,1.0670904,2,91,0.0,1.0661514,2,112,0.004141641,1.0557427,2,133,0.023562813,1.0118594,2,153,0.0077858833,1.0378907,2,175,0.004838222,1.0551082,0,200
83,0.0155383255,0.9858065,2,23,0.0,1.0277393,2,45,0.0026549804,1.0293661,2,66,0.0,1.0213565,2,89,0.00092011126,1.0282058,2,111,0.0009378561,1.0022838,2,134,0.03323867,1.0549284,2,158,0.0043688607,1.0723372,2,200
84,0.003542458,1.0135386,2,21,0.0,1.0156363,2,41,0.0027831267,0.9744124,2,62,0.005594212,1.0368105,2,86
85,0.0,1.0415249,2,39
86,0.0046242666,0.993291,2,29
87,0.0074583455,1.0115279,2,25,0.015827468,1.0275171,2,53
88,0.0002549538,1.0156981,2,21,0.008680701,0.96365833,2,58,0.0019135762,0.9959577,2,90,0.011101353,0.94784546,2,119,0.008033263,0.98656386,2,139,0.009496816,0.95640147,2,159,0.015884563,0.9586122,2,200
89,0.01659288,1.0038588,2,20,0.008762947,0.99759597,2,44,0.0022924386,1.0120353,2,64,0.0027985356,1.0087209,2,101,0.0089698,1.0035564,2,123,0.0017545976,1.0306276,2,158,0.02393138,0.96611726,2,178,0.009633274,1.0187621,2,200
90,0.001190783,1.0040604,2,20,0.0,1.0088952,2,45,0.0037735745,0.9832055,2,65,0.01129905,0.97466236,2,88,0.0051805577,0.96068656,2,108,0.0,0.93990564,2,129,0.0,0.8669472,2,149,0.0066802474,0.92441666,2,170,0.00062498177,1.0487872,2,200
91,0.0021832476,1.0303777,2,22,0.0069832616,0.9500114,2,42,0.0,0.98734605,2,64,0.0017748696,0.9943851,2,84,0.0017634237,0.967895,2,119
92,0.0058900407,1.0282285,2,31,0.006907474,0.97747904,2,53,0.0139415255,0.9979952,2,76,0.0030151722,1.0152787,2,96,0.022568718,0.98860466,2,116,0.023165165,0.94162065,2,136,0.004994656,0.9364976,2,158,0.045455594,0.9293828,2,179,0.03416183,0.9249928,2,200
93,0.0037947677,0.9992569,2,20,0.026327908,0.93805057,2,44,0.010098738,1.0322348,2,64,0.0,1.0882099,2,89,0.0027008688,1.0301354,2,112,0.02476982,0.93227834,2,147,0.012871146,0.7899511,2,172,0.009553535,0.6186468,0,200
94,0.018817464,0.95822704,2,20,0.016631678,0.96566516,2,43,0.00072336633,0.93433344,2,66,0.011412943,0.9613744,0,86,0.004328855,0.95734936,2,108,0.020808434,0.9881778,2,132,0.010550462,0.88906276,2,152,0.007157707,0.95939034,2,172,0.04460603,0.9188811,0,200
95,0.011074253,0.9664272,2,20,0.016751163,0.97167826,2,40,0.008042268,0.9749413,2,65,0.0021129462,0.9992774,2,85,0.0,1.0040444,2,105,0.006531337,0.98474085,2,127,0.009593549,0.9999324,2,148,0.011781402,1.0231116,2,168,0.0053979047,0.99335057,2,200
96,0.00083043985,1.009338,2,27,0.012414966,0.9476054,2,49,0.00927686,0.9507319,2,69,0.0027037954,0.98003525,2,90,0.0,0.9696633,2,110,0.0028253505,1.0147578,2,130,0.0,1.0136883,2,156
97,0.012478912,1.0197346,2,20,0.0072110714,1.0164051,2,60
98,0.0054524024,1.031026,2,24,0.0016420886,0.94672525,2,52,0.0031849677,0.9253152,2,83,0.0015306426,1.0003726,2,106,0.014019764,0.96731335,2,139
99,0.0,1.0220938,2,21,0.0,1.0238403,0,41,0.00016525733,1.0649979,2,68,0.009929479,1.0033203,2,88,0.027337898,0.9844943,2,111,0.005405263,0.98831207,2,143,0.0,1.0218625,2,165,0.0012945335,0.99755794,2,200
100,0.0017364409,1.0332675,2,20,0.0147788795,1.0028318,2,40,0.004599482,1.0162282,2,61,0.0017809542,1.0529968,2,85,0.000560229,1.0389684,2,106,0.007201556,1.115111,2,126,0.003950575,1.0761269,2,146,0.008408296,1.0626651,2,167,3.7027523e-06,1.0144384,2,187
101,0.0,0.96883357,2,20,0.043885164,0.8999146,2,40,0.005044167,0.964731,2,69,0.00040315595,0.9682976,2,102,0.0017216175,0.9107829,2,124,0.016071819,0.8798091,3,144,0.022731833,0.8990539,2,171,0.011113806,0.8164509,2,191
102,0.017313186,0.9744616,2,21,0.0,0.996105,2,45,0.010685411,0.93701917,2,70,0.004850645,1.0227823,2,98
103,0.000756298,0.93886614,2,20,0.00015677449,0.89774245,2,44,0.011978487,0.9271099,2,66,0.018628651,0.9601369,2,90,0.016671842,0.90088725,2,111,0.0008371814,0.9414606,2,147
104,0.0046659466,1.0223398,2,21,0.0023439587,1.028272,2,41,0.028377611,0.98108447,2,61,0.015235281,1.0172657,2,81,0.008207143,1.0021299,2,108,0.019654132,0.9144017,2,132,0.03798612,0.8966446,2,152,0.0026409824,0.9370737,2,172,0.00023627354,0.960989,2,200
105,0.00021282397,1.0594587,2,20,0.00087699544,0.99923897,2,40,0.0007521259,0.9902375,2,62,0.0027022383,0.99405825,2,82,0.006227079,0.9833427,2,104,0.0024642549,1.0266292,2,124,0.01171245,0.9454341,2,153,0.023996124,0.98136026,2,200
106,0.0,0.9617484,2,21,0.029508155,0.9469718,2,41,0.019274464,0.9280675,2,61,0.013179984,0.98812336,2,85,0.026974773,0.98216486,2,105,0.019785633,0.94050354,2,126,0.00018407851,0.963247,2,146,0.0070129596,0.95988935,2,167,0.008512876,0.9597084,2,200
107,0.009927154,0.9400625,2,20,0.0028410538,1.0258702,2,40,0.0,0.94161385,2,66,0.001084549,0.99891764,2,89,0.00044703815,0.9268542,2,112,0.0,0.8659082,0,133,0.0,0.8803293,2,154,0.0,0.7601696,2,176,0.0,0.67500335,2,200
108,0.0,1.030938,2,26,0.020431794,0.9570497,2,55,0.012933773,0.98206013,2,75,0.010910745,1.0323939,2,102,0.0052406746,1.029817,2,133,0.0076636584,0.9552185,2,153,0.022073843,0.9823623,2,177,0.010546366,0.99714124,2,200
109,0.035181843,1.0196083,2,20,0.0,0.9513422,2,40,0.040470153,0.92757356,2,63,0.009016821,0.89639,2,85,0.02932636,0.6932345,2,105,0.006715712,0.72843814,2,125,0.016168252,0.909845,3,146,0.0,0.8662775,2,167,0.009949544,0.7408637,2,200
110,0.008766528,0.93129003,2,33,0.0,1.0272045,0,53,0.009290087,0.9692152,2,73,0.0,1.0729811,2,94,0.006751164,0.98599607,2,115,0.016039815,1.0557019,2,135,0.0026449647,1.0377076,2,157,0.016249582,1.000184,2,180,0.01476146,0.99402714,2,200
111,0.005129845,1.0236181,2,20,0.009906543,0.9128495,2,42,0.011610206,0.9900509,2,65,0.016091486,0.9376825,2,85,0.0038769483,0.9976994,2,106,0.0037885315,0.9929225,2,127,0.008740277,0.9707791,2,152,0.013515179,0.9492239,2,172,0.00051195023,0.9854557,2,200
112,0.0,0.98479915,2,26,0.00734575,0.99923724,2,46,0.02769981,0.9271604,2,66,0.014983828,0.80582273,2,86,0.012171525,0.869732,2,119
113,0.002272942,1.0103192,2,24,0.0033355567,1.0146766,2,62,0.014246674,0.97658414,2,83,0.022765692,0.97887963,2,104,0.0,0.93363774,2,124,0.0076614846,0.91875595,2,148,0.033653088,0.8215302,0,168,0.018804785,0.33904207,2,200
114,0.006465595,0.96821433,2,21,0.005604291,1.0042021,2,52,0.006760042,1.0469959,2,72,0.027816525,0.9920322,2,92,0.0097833,0.97341716,2,112,0.013891098,1.0130303,2,134,0.008913218,1.0275607,2,161,0.00601988,0.94286895,2,200
115,0.023080328,0.9782254,2,21,0.0,0.9303749,2,43,0.0059880395,0.9151138,2,63,0.0013214921,1.0465626,2,83,0.0,1.1115739,2,104,0.0,0.98486036,2,125,0.017173814,0.99708825,2,147,0.008753721,0.9753827,2,168,0.0012890882,1.0348254,3,200
116,0.0047227265,0.9803467,2,20,0.0,1.0022484,2,43,0.063525826,0.92980164,2,70,0.03549033,0.856056,2,94,0.004506941,1.0173323,2,114,0.0,0.9279915,2,134,0.008379303,0.91684616,2,154,0.03884972,0.96425045,2,174,0.14251725,0.7878587,2,200
117,0.0,1.0144001,2,20,0.011541516,1.0071698,2,42,0.00755587,0.98834956,2,62,0.0116375685,1.0693911,2,86,0.0,1.0366158,2,108,0.014445537,0.99174917,2,131,0.014889051,1.0134763,2,152,0.010299434,0.97386104,2,178,0.002397556,1.0223515,2,200
118,0.0,1.0359609,2,20,0.0,0.9975268,2,51
119,0.004436912,1.0509657,2,20,0.0039293207,0.9684848,2,43
120,0.0035728975,0.9941808,2,27,0.0,0.9387374,2,47,0.010242695,0.9322295,2,67,0.038421314,0.6856425,2,88,0.0005758866,0.78328764,2,108,0.02138312,0.80156803,2,145
121,0.00077811483,0.98181766,2,24,0.013498911,1.0051917,2,46,0.01963603,0.9757835,2,71,0.00359836,1.0366236,2,95,0.0,1.0351251,2,116,0.01732983,1.0122253,2,136,0.018291287,1.0491499,2,161,0.0114986235,1.0579935,2,200
122,0.01591779,1.0018868,2,20,0.010093122,0.9483384,2,46,0.013539366,0.8345558,2,70,0.02815792,0.88849485,2,90,0.016817236,0.9298793,2,110,0.0,0.94826,2,133,0.009106584,0.93209153,2,153,0.0,0.8196964,2,173,0.020893322,0.7615769,2,200
123,0.0075096814,0.9852436,2,20,0.0025446238,0.9665206,2,58,0.0,1.0334499,2,78,0.015400315,0.9875587,2,98,0.00068744645,1.0176282,2,123,0.02354259,0.83039665,2,146,0.0069644377,0.951338,2,168,0.0066296197,1.0447748,2,200
124,0.00095618836,0.9983594,2,24,0.0020180002,0.9973082,2,53,0.0025108617,0.98257536,2,75,0.02095611,0.90422976,2,95,0.0076487516,1.0017548,2,118,0.020383608,0.91712034,2,138,0.00065762026,0.94250745,2,159,0.0041881176,0.98373157,3,179,0.07422261,0.9196717,2,200
125,0.0,1.0233147,2,20,0.0,1.0071218,2,40,0.0044375844,1.0017587,2,61,0.0,1.0106814,2,81,0.0020382232,0.93487275,2,101,0.0011462052,0.92887664,2,125,0.010710151,0.89244604,2,145,0.0025751404,0.88662547,2,165,0.0005538998,0.94678366,2,200
126,0.020347297,0.9468274,2,31
127,0.0016231207,1.0404336,2,20
128,0.0038598285,0.9667902,2,20,0.0066729346,0.9779973,2,40,0.0,0.9334744,0,61,0.017897664,0.89584786,2,82,0.0,0.8509429,2,102,0.0,0.9083845,2,123,0.0,1.0512712,2,143,0.0,0.7792161,2,163,0.007420221,0.89446133,2,200
129,0.0017374735,0.992771,2,33
130,0.007186477,0.99025995,2,20,0.016758572,0.8656352,2,40,0.0033009169,1.0061169,2,60,0.0016750254,0.9896155,2,90,0.03576005,0.90406466,2,121,0.013722078,1.0588032,2,148,0.004672097,0.98079616,2,171,0.020125424,0.927583,2,200
131,0.004333798,1.0275362,2,20,0.0,1.0067841,2,45,0.0026945092,0.9557695,2,70,0.009025584,0.97910273,2,96,0.0088337995,1.0054255,2,117,0.00768647,1.1143092,2,139,0.005405956,1.0715821,2,159,0.0060382234,1.0888351,2,179,0.002236968,1.1124424,2,200
132,0.005239403,1.004379,2,21,0.0,0.9549529,2,44,0.006800846,0.9988114,2,64,0.0,0.8702464,2,84,0.0,0.98505175,2,104,0.009667483,0.94161135,2,125,0.01161911,0.96709776,2,149,0.0106614465,0.8762685,2,170,0.010871219,0.6161166,2,200
133,0.015195676,0.9729012,2,21,0.005600713,0.99072397,2,41,0.020889634,0.9810028,2,65,0.0,1.0045041,2,85,0.011381306,0.9132605,2,106,0.0,0.78694713,2,127,0.005236858,0.6424896,0,147,0.0,0.6710583,2,167,0.08396592,0.60767335,2,200
134,0.007721659,1.0077386,2,23,0.0008330126,1.0404109,2,51
135,0.004481203,1.0248066,2,30
136,0.0072305473,1.0293183,2,34
137,0.013075271,0.9419681,2,28,0.010272739,0.86627406,2,49,0.010369256,0.84351975,2,71,0.0,0.700602,0,91,0.044986837,0.8714438,2,112,0.0,0.9064417,0,132,0.0,1.0652078,2,152,0.0,0.57043844,1,176,0.0,0.50280315,1,200
138,0.0054225423,0.97515863,2,22,0.0,0.7651613,2,44,0.03583557,0.75133616,2,64,0.08055016,0.8193798,2,92,0.0,0.90744066,2,113,0.015453097,0.6940514,0,133,0.027933883,0.47594422,0,156,0.043654956,0.51938117,0,179,0.0,0.5089955,2,200
139,0.0057708346,0.98151207,2,21,0.0017630622,0.9919181,2,41,0.0017842224,0.99630404,2,73,0.019829014,0.91919535,2,94,0.023361582,0.8963482,2,114,0.010360052,0.92053336,2,138,0.00097016006,1.0025519,2,162,0.04346222,0.9151946,2,200
140,0.009229822,0.9879077,2,20,0.036755096,1.009203,2,40,0.004835899,1.0136393,2,71
141,0.008385154,0.95892984,2,34
142,0.00856873,1.0010971,2,21,0.009154811,1.0460325,2,46,0.0073479363,1.0834777,2,66,0.0013859273,0.9673509,2,91
143,0.0,0.99509335,2,20,0.0,1.0482318,2,40,0.0,1.0149438,2,67
144,0.0015906522,1.0473635,2,21,0.027445493,1.0169632,2,43,0.0070869345,1.0283861,2,66
145,0.0025552618,0.99592936,2,21
146,0.014672302,0.9816551,2,21,0.004035243,0.99477357,2,57,0.0036707688,1.0014173,2,84,0.0030171075,1.0270078,2,104,0.006220346,1.0496309,2,124,0.0016506462,0.9624341,2,154
147,0.008028009,0.98827714,2,21,0.0033613727,1.0439807,2,43
148,0.021454679,0.93196726,3,21,0.0,0.83544034,1,42,0.0,1.0012618,3,63,0.0,0.9210372,2,86,0.0,0.78460324,2,106,0.0632512,0.6803881,2,126,0.0,0.69452965,2,146,0.0,0.682282,1,167,0.037296377,0.37013024,2,200
149,0.03316929,0.94458663,2,20,0.01183025,0.9321764,2,41,0.0011461099,0.9834366,2,65,0.012402749,0.903361,2,91,0.00044683676,0.974296,2,128,0.001304832,0.9294587,2,173,0.014062537,0.935401,2,200
150,0.002777018,0.9484603,2,20,0.015107669,0.9865444,2,47
151,0.0065615275,0.94905996,2,20,0.01725348,0.95608926,2,45,0.0,0.8135352,2,65,0.005990217,0.77589005,2,85,0.0,0.82986903,2,106,0.0,0.8597272,3,126,0.0,0.86405224,2,159,0.0,0.74717873,2,179,0.0,0.91717654,2,200
152,0.014467974,0.8294073,2,21,0.0,0.47239766,2,41,0.012345999,0.79551256,0,61,0.015585994,0.46796975,0,81,0.0,0.25886592,2,103,0.0983615,0.29831085,0,123,0.007188959,0.12836628,2,145,0.28887647,0.22377443,2,165,0.09321313,0.22378123,1,200
153,0.00418866,0.9955582,2,36,0.020717831,0.969931,2,57,0.006459133,0.92336184,2,78,0.007096867,0.9553509,2,98,0.010040141,0.9072229,2,121,0.0,0.9405692,3,141,0.00012979665,0.9009561,2,162,0.007634341,0.9046769,2,200
154,0.0,0.994115,2,20,0.029291522,0.9723385,2,40,0.025519934,0.9029771,2,60,0.0013914715,0.92696446,2,91
155,0.0019385959,1.0191257,2,23,0.0062494106,1.0319673,2,44,0.001396569,1.036657,2,70,0.0,1.0428509,2,98,0.008063779,1.0093359,0,120,0.0054047313,1.0255353,2,150,0.009997632,1.0526792,2,175,0.00856195,1.0112456,2,200
156,0.007726975,0.9679114,3,20,0.0,0.9307709,2,40,0.009755887,0.81575125,0,67,0.0,0.5983803,0,87,0.034389544,0.6412389,0,112,0.013782734,0.695728,2,132,0.0053957375,0.9265402,2,152,0.0,0.9220913,2,172,0.0029395504,0.8589191,0,200
157,0.005202997,0.9936345,2,24,0.0077460166,0.9768751,2,66,0.005775802,1.0010476,2,86,0.0,1.0527015,2,114,0.008494944,1.0003673,2,137,0.005537142,0.9641313,2,160,0.011570596,0.9692871,2,180,0.0,1.0304615,2,200
158,0.0194031,1.0159452,2,20,0.0013970754,1.0261319,2,40,0.015600316,0.95701736,2,61,0.01854054,1.0177279,2,81,0.010619912,0.96154207,2,103,0.01883712,0.953362,2,123,0.0,0.9890574,2,144,0.0037544803,1.0318471,2,167,0.008123885,1.0165373,2,200
159,0.020810898,0.95156753,2,21,0.0,0.977645,2,48
160,0.005156495,1.0084082,2,24,0.008185561,1.0829254,2,45,0.0,0.97665834,2,69,0.022726646,0.99708337,2,90,0.00461965,0.9405484,2,111,0.019743308,0.9433386,2,134,0.012300317,0.9736505,2,158,0.0016438582,0.8777708,2,180,0.04301442,0.95797217,0,200
161,0.0023881572,0.9971942,2,20,0.009308498,1.0017431,2,52,0.0077329883,1.0008925,2,72,0.0076499768,1.0761235,2,92,0.012926664,1.0072565,2,114,0.017016225,1.0036081,2,139,0.023187345,1.0005815,2,159,0.0,0.9692812,2,179,0.0056252778,0.92229116,2,200
162,0.019385222,1.0027363,2,20,0.006110277,1.0133513,2,43,0.01351847,1.02308,2,63,0.0025330007,1.0529234,2,92,0.0073158676,1.0203916,2,118,0.00042563697,1.052462,2,156,0.0,0.99920934,2,179,0.008361705,1.0144507,2,200
163,0.0020461304,0.9891334,2,24
164,0.035303447,0.9453605,2,20,0.041185103,0.8882991,2,40,0.0,0.9758949,2,62,0.0,0.9459111,2,83,0.0,1.1168292,2,103,0.0,1.0082706,2,123,0.0,0.98018235,0,143,0.0,0.5460617,0,163,0.014739858,0.74265176,0,200
165,0.0,1.0185013,2,20,0.0053373333,1.0162963,2,42,0.004062444,0.99469894,2,67,0.00041314928,1.0047615,2,90,0.0023348338,0.9687101,2,110,0.0061480426,0.959657,2,130,0.0054801097,1.0370113,2,150,0.021484382,1.0273988,2,170,0.007921393,0.9771948,2,200
166,0.017868457,0.9691921,2,24,0.0046823225,1.0865546,2,56,0.0014287356,1.1154467,2,76,0.0,0.9764066,2,97,0.0020352355,0.9590475,2,117,0.03410287,0.9586195,2,140,0.0,1.049252,2,169,0.0023451506,0.9700747,3,200
167,0.0,1.0226364,2,20,0.007232511,0.98479205,2,40,0.004058772,0.95746803,2,65,0.005379059,0.9643313,2,85,0.0027896937,1.0277938,2,105,0.0041063353,1.0039386,2,125,0.0008006332,0.98397624,2,145,0.02011012,1.0081637,2,177,0.015660278,1.0388732,2,200
168,0.0023527707,0.9736501,2,26,0.015954353,0.98518145,2,47,0.008756492,1.0352632,0,67,0.0,0.8568364,2,100
169,0.0072385957,0.9997689,2,21,0.0010089255,1.0103034,2,51,0.006174518,1.0052483,2,82
170,0.0,1.0277004,2,20,0.004928629,1.0116941,2,40,0.013723224,0.98787916,2,60,0.0148983225,0.9620401,2,80,0.0010251517,1.0167782,2,106,0.00034675916,1.0176523,2,126,0.009418402,1.0161383,2,146,0.008887152,1.0166804,2,169,0.0051249224,1.0390532,2,200
171,0.013086376,0.982767,2,20,0.0071235686,0.9863717,2,40,0.0,1.0195001,2,61,0.008518021,0.95035464,2,82,0.021496853,0.9645231,2,106,0.01981919,0.9873272,2,126,0.052101843,0.9172901,2,147,0.0,0.8736938,0,169,0.00314703,0.8440004,2,200
172,0.0,0.8616677,2,22,0.0,0.41011882,2,43,0.009910309,0.32360038,1,63,0.0,0.56939405,2,84,0.0008948547,0.6227461,2,106,0.060192607,0.77271634,2,126,0.0,0.66280067,0,146,0.0,0.7042043,0,166,0.00016322195,0.14162062,0,200
173,0.005499458,0.9796901,2,34,0.003879102,1.0019312,0,57,0.004139658,1.017264,2,77,0.0031655012,0.9672965,2,104,0.007848972,0.9614726,2,125,0.0,0.9552332,2,145,0.016747246,0.9887649,3,165,0.026155403,0.91040474,2,200
174,0.0,0.91101897,2,20,0.029845944,0.8718254,2,40,0.0006494733,0.8493325,3,60,0.0,0.7508508,2,81,0.0,0.70540285,1,101,0.0069300453,0.6924888,2,123,0.0,0.8761687,2,144,0.000698715,0.83717716,2,165,0.01083019,0.7244169,2,200
175,0.0,1.0545028,2,21,0.0,0.9940125,2,41,0.004625752,0.99005866,2,63,0.0048985854,1.0182478,2,103
176,0.0012116231,1.0409559,2,21,0.011658263,1.0347371,2,43
177,0.01193731,0.98883,2,29,0.020763934,0.9840617,2,49,0.0,0.9768869,3,69,0.031619918,0.9749081,2,93,0.055502176,0.9800108,3,113,0.020787673,0.9500268,2,133,0.0,0.9488673,2,153,0.016282212,0.917607,2,173,0.015868736,0.88591766,2,200
178,0.0054652877,1.0137551,2,20,0.00464996,1.0408605,2,65,0.0,1.0117335,2,85,0.0,0.9963689,2,105,0.010347439,0.96416193,2,126,0.0026867907,1.0095501,2,146,0.0059024096,0.9238838,2,168,0.002089491,0.9252633,2,200
179,0.007819157,0.98827964,2,20,0.005123322,0.98025304,2,42,0.0046567232,0.9324709,0,62,0.024159368,0.9813881,2,82,0.030290086,0.930164,0,102,0.0024896874,0.98125684,2,122,0.011427274,0.99028,2,142,0.010994904,0.95399517,2,169,0.045801688,0.8594604,2,200
180,0.0013936227,0.98115265,2,32,0.007839834,1.0263481,0,52,0.0023440628,0.93243396,2,91,0.013522533,0.98101,2,115,0.009394429,0.9171943,2,141,0.005792108,0.8933043,2,163,0.005394326,0.9606558,2,200
181,0.05267045,0.9357191,2,21,0.001934835,1.0056506,2,41,0.004294668,0.9826016,2,67
182,0.0010844738,0.96593875,2,20,0.008027474,0.92269504,2,59
183,0.0040549655,0.99291646,2,22,0.00020613868,0.9719852,2,43,0.0,0.93326783,2,66,0.0068054223,1.0232506,2,87,0.0028199877,0.9777374,2,121
184,0.015550798,1.0045067,2,20,0.01314727,0.96948004,2,54,0.0,0.9944596,2,74,3.241104e-05,0.9763188,2,96,0.0,0.9823891,2,116,0.0,1.0269133,2,136,0.0047856634,1.0046321,2,165,0.008985776,0.99658704,2,200
185,0.019517532,0.9377059,2,21,0.008901574,0.91448265,2,50,0.0014895814,1.0163786,2,70,0.0,1.0377173,2,98,0.0,0.88506573,2,119,0.0,0.64070815,2,139,0.0,0.75462824,2,162,0.054171223,0.8336815,2,200
186,0.005223795,0.96303713,2,30,0.0,1.0309073,2,59,0.0002687568,0.9596802,2,79,0.017137466,0.92918897,2,101,0.0010674458,1.0047785,2,121,0.0,1.0027761,2,141,0.041255325,1.0508926,2,161,0.0059382454,0.9937018,2,200
187,0.022730118,1.0228776,2,21,0.0016119328,1.0460881,2,43,0.009530041,1.0153787,2,65,0.0,0.9378557,2,85,0.006281251,1.0521964,2,107,0.013705755,0.98992556,2,128,0.013556435,1.0088627,2,149,0.0032041124,1.0124445,2,169,0.004012588,1.0547737,2,200
188,0.010267065,0.9996052,2,20,0.007522832,1.0048317,2,44,0.001145612,1.034226,3,66,0.012774262,1.027713,3,88,0.0016374759,1.0257971,3,108,0.0074609905,1.0512488,3,128,0.007103192,1.0085185,2,148,0.0,0.81559724,2,168,0.00263477,0.6591398,2,200
189,0.0078109843,0.9851722,2,24,0.009625875,0.96280247,2,46,0.00480068,0.9975858,2,66,0.015571949,0.9210877,2,105
190,0.008170782,1.0084311,2,20,0.04560343,0.73211133,2,40,0.07449683,0.8410187,2,60
191,0.0,0.81979257,2,20,0.0,0.6165265,2,40,0.0,0.4242022,2,60,0.001384065,0.6875398,2,92,0.0,0.2273538,1,120,0.0,0.16308413,3,140,0.0,0.06623538,1,160,0.05620457,0.075821295,1,200
192,0.008588188,1.033811,2,24,0.008980842,0.9842161,2,44,0.017970253,0.98215044,2,64,0.0057424298,0.9357877,2,91,0.0046051345,1.0057002,2,111,0.008450268,0.98391783,2,131,0.0005337176,1.0007006,2,165,0.019350346,0.99280167,2,200
193,0.0005562364,0.9832656,2,20,0.002338292,0.9836709,2,40,0.004940599,0.967826,2,70,0.002382074,0.9864127,2,91,0.029817456,0.9181552,2,111,0.0,0.9621891,2,132,0.0,1.0122157,2,152,0.0,0.96938103,2,172,0.039461527,0.9170695,2,200
194,0.010321392,0.9910039,2,20,0.0055736704,0.9923586,2,57,0.008949968,1.0160633,2,80,0.012407661,1.0045387,2,102,0.0010018466,1.0333624,2,129,0.023878371,1.0388408,2,149,0.0046407357,0.98880184,2,169,0.00568005,1.0274466,2,200
195,0.007050075,1.0048947,2,21,0.0073112925,1.0685319,2,42,0.009435778,1.0046654,2,62,0.008137188,1.004227,2,88,0.0035325363,0.9978533,2,114,0.014132142,0.9919137,2,135,0.012933513,1.0024912,0,155,0.0019799895,1.0327065,2,175,0.0038412267,0.97653633,2,200
196,0.010911328,0.91189665,2,21,0.022526138,0.9607971,2,43,0.01112995,0.96492714,2,70,0.0086887,0.94692004,2,90,0.017300854,0.9314494,2,110,0.016445074,0.8643063,2,130,0.0069073713,0.7983064,0,150,0.008301975,0.83340853,2,170,0.0010871926,0.6020191,1,200
197,0.0020057133,1.0077617,2,32,0.0019187954,0.9773076,2,61,0.013179561,1.0637321,2,81,0.0016134358,1.0143183,2,103,0.0074128443,0.9736393,2,123,0.006119337,0.9812522,2,143,0.010798414,0.9826582,2,171,0.00562053,1.0223399,2,200
198,0.0028545128,0.96655583,2,33
199,0.004296856,0.9805273,2,25,0.015828144,0.9544345,2,45,0.03935078,0.93146056,2,67,0.008500104,0.9193074,2,88,0.009545966,0.92765427,2,108,0.007389616,0.89413583,2,128,0.013203466,0.94128764,2,149,0.01200026,0.9648624,2,171,0.0064230366,0.96523005,2,200
200,0.009707143,0.9452542,2,20,0.0075072735,0.98804843,2,57
201,0.0068772896,0.9970562,2,20,0.006250264,1.0152062,2,46,0.002436445,1.0115523,2,68,0.0039615557,0.96997756,2,88,0.0038416162,0.9658241,2,108,0.02205576,0.9687788,2,128,0.0,0.9632275,2,149,0.013043686,0.92521113,2,171,0.016882453,0.9249529,2,200
202,0.0,0.9898114,2,20,0.008488934,1.0133137,2,40,0.00022129854,1.0129495,0,60,0.0011532783,1.0805559,3,81,0.0,0.98844373,2,103,0.0020335566,0.9541588,2,123,0.013370094,0.94188166,2,143,0.0,1.0319116,2,167,0.001764751,1.041894,2,200
203,0.017346274,1.0059156,2,20,0.025968587,0.9544676,2,40,0.016423859,0.9601879,2,66,0.0035129676,1.0296072,2,96,0.014720002,1.0240556,2,116,0.00065394986,1.0488187,2,140,0.005802801,1.0231508,2,161,0.010475472,1.0051829,2,200
204,0.0034865781,0.9017379,2,41
205,0.009361308,0.9636299,2,31,0.012207423,0.96281797,2,52,0.010918293,0.9428389,2,74,0.0088685425,0.95517516,2,96,0.0052250186,0.9994562,2,117,0.001822454,0.8686237,2,142,0.0014785645,0.89597493,2,163,0.014794478,0.9833738,2,200
206,0.010071053,1.0033616,2,20,0.0023192605,1.0819755,0,41,0.0,1.0412897,2,61,0.0077169887,0.960613,2,91,0.018202033,0.97267824,2,112,0.008793025,0.9815303,2,135,0.012623064,0.98383,2,155,0.0017369777,0.95198554,2,175,0.0026296093,0.95013326,2,200
207,0.0017113267,0.9915568,2,20,0.0,1.0144222,2,47,0.0060133375,0.97191507,2,71,0.0005787071,1.0487711,2,92,0.017755244,0.97804517,2,112,0.003319525,0.9443703,2,135,0.02338629,0.92198896,2,160,0.022571227,0.9011472,2,200
208,0.0,0.98033017,2,20,0.00863088,0.9664969,2,49,0.0145221315,0.9821463,2,71,0.0064342646,0.9872739,2,91,0.013083827,0.93011266,2,113,0.010419495,0.9447473,2,136,0.0,0.95704335,2,156,0.007607392,1.0041467,2,177,0.011850751,0.9390644,2,200
209,0.0035511872,0.9184981,2,21,0.00020394626,1.011385,2,42,0.0022401446,0.88720876,2,64,0.004831972,0.9270004,2,84,0.004295144,0.98542434,2,104,0.008425924,0.95367384,2,127,0.009780083,1.0003471,2,147,0.003332284,0.9812126,2,167,0.01567519,0.9683813,2,200
210,0.008593784,1.0294286,2,22,0.0077562784,0.96910524,2,45,0.0064072064,0.96072865,2,65,0.003082205,1.0409199,2,86,0.0,1.0194482,2,127
211,0.0,0.9655253,2,20,0.003771348,1.00669,2,47,0.016994363,1.0045147,2,69,0.009245916,1.0121323,2,95,0.00035516795,1.0073156,2,118,0.005933421,0.994017,2,143,0.01685438,0.9731223,2,170,0.007150455,0.8437442,2,200
212,0.0,1.0050377,3,20,0.009715872,0.9591322,2,40,0.02080987,0.9926486,2,60,0.0,0.9590933,2,82,0.018927205,0.9446718,2,102,0.0089308,0.97452945,2,123,0.0025461088,0.9465005,2,143,0.0071552107,1.0306089,2,163,0.017606812,0.98608893,2,200
213,0.003503882,0.9832226,2,20,0.00714003,0.9667662,2,45,0.0020606872,0.8903888,2,66,0.0014686605,0.95374614,2,87,0.0,0.92081374,2,115,0.0,0.9763486,2,135,0.007812229,1.0203522,2,169,0.0034815401,1.0709214,2,200
214,0.0122976815,0.97126925,2,22,0.013640022,1.030974,2,42,0.0072532655,0.9972374,2,62,0.001172374,0.99995387,2,88,0.0,1.0511491,2,108,0.0,1.0275408,2,141,0.0,1.0018638,2,162,0.003463635,1.0338793,2,200
215,0.0,1.054976,2,20,0.016654437,1.0040157,2,45,0.00737705,0.93124616,2,65,0.0,0.99195707,2,86,0.00818593,0.9481552,2,110,0.030028602,0.93679416,2,130,0.021726256,0.9351233,2,150,0.033602353,0.94953364,2,172,0.0060832878,0.98891157,2,200
216,0.000452748,1.0006884,2,25,0.010636996,0.9680112,2,48,0.017334191,0.95761335,2,68,0.0064576855,1.022563,2,89,0.005427563,1.0041655,2,111,0.0022676461,0.99316907,2,136,0.014669167,0.9792274,2,159,0.0009511816,1.0407068,2,180,0.012690857,1.009558,2,200
217,0.0011283201,0.9912293,2,22,0.00034287348,1.0336356,2,42,0.008759995,1.010421,2,73,0.006802309,0.98282164,2,97,0.03525382,0.9458415,2,126,0.02281863,0.89624035,2,146,0.023788253,0.95634675,2,173,0.020908011,0.9915804,2,200
218,0.0,0.9945567,2,20,0.0,0.90640324,0,40,0.017825434,0.82249755,2,60,0.004950073,0.9843687,2,82,0.047020145,0.97674024,0,102,0.008409905,0.8666523,0,122,0.013758442,0.8368891,2,143,0.0040348046,1.0032107,0,164,0.019212151,0.9102802,3,200
219,0.015978817,1.0047433,2,20,0.0,0.9984026,2,42,0.005315621,0.9141109,2,64,0.015277941,0.99295443,2,85,0.006647949,0.9961109,2,105,0.005879167,0.9481724,2,125,0.0040640035,0.9749211,2,148,0.0011365053,1.0076169,2,176,0.006699798,0.9948904,2,200
220,0.0022459822,0.9881447,2,32
221,0.0011918497,0.98136246,2,20,0.03555109,0.9971833,2,40,0.0005811903,0.9708518,2,61,0.0,0.9677221,2,82,0.010435259,1.0261204,3,102,0.0018756201,0.99340457,2,122,0.004533733,0.9637944,2,142,0.008445939,0.96478516,2,163,0.0,0.9582567,2,200
222,0.002959619,0.85822994,2,24,0.014692356,0.87833595,2,44,0.056223165,1.0163614,3,64,0.0320107,0.91859484,2,84,0.0034391475,0.7981909,2,104,0.009772469,0.7713484,2,125,0.0,0.8564414,1,145,0.008836671,0.5289492,1,165,0.007987477,0.7469962,2,200
223,0.0023279737,1.0071915,2,23,0.0009269386,1.0007049,2,45
224,0.0,1.0619872,2,23
225,0.0029652633,0.98043746,2,22,0.005956945,1.0116867,2,49,0.0,0.9965973,2,70,0.017420014,0.94352096,2,97,0.015638331,0.94469607,2,117,0.03313192,0.93389386,2,137,0.021886425,0.88702464,2,159,0.017203286,0.91065633,2,180,0.018136205,0.88945305,2,200
226,0.0,1.0131478,2,21,0.010350354,0.9531039,2,42,0.00035527768,0.9756993,2,62,0.0060166405,0.99398106,2,82,0.0,0.9776249,2,107,0.0,1.046722,2,129,0.0,0.92283964,2,149,0.0,0.96825457,0,169,0.0,0.96600366,2,200
227,0.019095508,1.0293673,2,23,0.008138639,1.0123404,2,46,0.009879363,1.0188981,2,66,0.0041300165,1.0190923,2,138,0.016435906,0.99269533,2,163,0.004540664,1.0111817,2,200
228,0.003078882,0.97221774,2,31,0.0,0.91815364,3,52,0.008639675,0.8582984,2,72,0.006268324,0.9326132,2,94,0.08328774,0.85587615,2,114,0.0,0.8034071,2,134,0.0,0.80485713,2,154,0.0,0.87467176,2,176,0.019477626,0.50953245,0,200
229,0.008505288,0.935712,0,21,0.0008649989,0.9421538,3,41,0.008318292,0.93137515,2,62,0.050028507,0.95131963,2,88,0.02289903,0.90615654,2,122
230,0.0,1.0055238,2,31,0.0099099185,1.0012416,2,51,0.0,1.0072751,2,74,0.021239296,0.9860843,2,94,0.0,0.93221056,2,115,0.025428127,0.98486197,2,135,0.0113905,0.9630465,2,156,0.020590302,0.98268753,2,177,0.0049584024,0.935904,2,200
231,0.006105335,1.0211446,2,22
232,0.0048624,1.0246155,2,29,0.027420096,0.9704094,2,52,0.025083976,0.90781695,2,77,0.008313455,0.9403515,2,99,0.002848715,0.9136316,0,120,0.0077702575,0.9305059,2,140,0.0131464815,0.9397917,2,162,0.027791293,0.9158984,2,200
233,0.0062371786,0.9810241,2,35,0.0,1.0471848,2,61,0.012714009,1.0009211,2,81,0.0013312929,1.0133045,2,101,0.0062375674,1.0257318,2,122,0.020574601,1.014872,2,148,0.010555547,1.0156739,2,200
234,0.0014009989,1.0013497,2,20,0.0048759915,1.006609,2,40,0.00041213687,0.97235954,2,63,0.007410517,0.94518924,2,84,0.019966219,0.8751379,2,104,0.014353859,0.9907751,2,128,0.019598711,0.9397176,2,149,0.0,0.982489,3,169,0.023546016,0.92475677,2,200
235,0.0039830334,1.0246599,2,30,0.0019068152,0.9903495,2,50,0.010530663,0.94052917,2,74,0.009534003,0.9851869,2,105,0.0,0.9969002,2,125,0.0,1.0557866,2,145,0.0043888525,1.0272888,2,165,0.029378721,0.94279957,2,200
236,0.020215884,0.9527414,2,25,0.0,1.0029013,2,45,0.0072035836,0.99491173,2,71,0.009991323,0.97511446,2,91,0.0024264585,0.97284013,2,111,0.022475855,0.93486464,2,133,0.012173717,0.91244096,2,158,0.014898568,0.62235695,2,178,0.007502852,0.6929135,2,200
237,0.0091018155,1.015834,2,21,0.0,1.0496527,2,45
238,0.0,1.04825,2,21,0.02442524,1.0395622,2,55
239,0.015185872,0.9897723,2,20,0.00373987,0.98652977,2,47,0.007407649,0.98851645,2,87,0.0,1.0272728,2,109,0.007233304,1.0539386,2,135,0.00037560848,0.9841861,2,157,0.0,0.9660532,2,177,0.008616124,1.0169374,2,200
240,0.0021194946,0.9273387,2,21,0.019906571,0.9296318,2,41,0.0005735766,0.8130929,2,61,0.0,0.7201764,2,83,0.0,0.6829634,2,103,0.0,0.8844078,3,123,0.007824028,0.780536,2,151
241,0.0044681197,0.94123614,2,20,0.014704498,0.93609345,2,40,0.004412389,0.9616452,2,71,0.018651763,0.9635382,2,92,0.024186285,0.8885356,2,127
242,0.0,1.0047271,2,22,0.003933525,1.0287775,2,65,0.0,1.0178416,2,97,0.0,1.001646,2,117,0.0010824003,1.0485792,2,140,0.01214624,1.0147718,2,160,0.0057082037,0.98113614,2,200
243,0.0016634224,0.9653766,2,21,0.03090928,0.9258774,2,41,0.004210713,0.9800019,2,62,0.0050801025,0.97401655,2,87,0.016841097,0.77977026,2,109,0.0,0.8474268,2,129,0.0,0.8839685,0,149,0.002375144,0.7801474,0,169,8.820872e-05,0.62013525,2,192
244,0.0032473318,1.0070722,2,20,0.0035849593,0.9966947,2,40,0.000330868,0.9591864,2,60,0.009372809,1.0268292,2,89,0.0193989,0.9868714,2,109,0.008978924,0.9796058,2,132,0.0014486007,0.9099695,2,152,0.0,0.81674904,2,173,0.010389988,0.9319905,2,200
245,0.0044653444,0.98949945,2,20,0.0038139555,0.95927685,2,47,0.0033392936,0.9793024,2,67,0.014822366,0.9073059,2,87,0.004673149,0.9668698,2,109,0.0,0.99502116,2,129,0.0134233935,1.0361611,2,149,0.004070038,0.9398292,2,173,0.0061756526,1.0225446,2,200
246,0.042528007,0.9162927,2,22,0.012891094,0.884398,2,43,0.040527113,0.8982686,2,64,0.0,0.77957976,0,84,0.01629337,0.6229805,0,104,0.011809887,0.5335899,2,125,0.052072514,0.2836366,0,148,0.03405074,0.5991012,0,168,0.09946051,0.32028532,0,200
247,0.00913789,1.0205873,2,20,0.006107492,0.97820276,2,44,0.014287835,0.988067,2,75,0.0029410636,0.9323533,2,102,0.0058678393,0.9470872,2,127,0.0038634303,0.9243887,2,147,0.008503915,0.89403707,2,167,0.011371478,0.96057326,2,200
248,0.011628233,0.9201959,2,20,0.0,0.99720556,2,40,0.009764343,0.99295986,2,60
249,0.0060242447,0.99494195,2,35,0.0048296433,1.0106035,2,55,0.0035444656,0.94812524,2,88,0.010262075,0.9433328,2,108,0.0416976,0.92782277,2,129,0.0045529976,0.94050264,2,149,0.016637648,0.89130265,2,176,0.0067701214,0.9105075,2,200
250,0.01309762,1.017668,2,38
251,0.010517313,0.822595,3,22,0.0,0.7743575,0,52
252,0.02156588,0.9081607,2,20,0.0,0.7497589,2,40,0.053255387,0.65597266,0,60,0.009244914,1.4139293,0,81,0.090964474,0.7500522,0,101,0.0,0.7329768,2,121,0.0012957221,0.5011892,1,141,0.0,0.54456246,2,165,0.027350526,0.49658018,1,200
253,0.0,0.99506766,2,23,0.019560121,0.98616886,2,43,0.00070396514,0.9890052,2,63,0.0074043823,0.96903384,2,83,0.008214125,0.95970345,2,105,0.004923944,0.97902757,2,129,0.004011407,0.9419309,2,150,0.0,0.96049565,2,170,0.012797828,0.99418277,2,200
254,0.020019203,0.97335905,2,21,0.0069781495,0.99915564,2,41,0.0019021236,1.0261757,2,64,0.0293361,0.9087071,2,87,0.00932387,0.9196065,2,108,0.0067964615,0.9720435,3,128,0.00860877,0.99970835,0,148,0.0005809711,0.85116893,3,168,0.023635594,0.8949333,2,200
255,0.019379746,0.9282096,2,21,0.0,0.9532315,2,41,0.0021149844,0.87690043,2,62,0.006256315,0.82810754,2,83,0.012127367,0.6438947,0,103,0.05271231,0.7952909,2,123,0.0,0.6006984,2,143,0.0,0.7221509,2,163,0.0,0.58886606,2,200
256,0.0077038077,0.95595837,2,22,0.0,1.0539843,2,42,0.0052750483,0.89781326,2,64,0.01421746,0.96746683,2,88,0.0,0.97511595,2,108,0.020630034,1.000779,0,130,0.013451763,0.95355225,2,151,0.028298954,0.9421465,2,171,0.028529132,0.7592628,2,200
257,0.0024369082,1.0265132,2,22,0.0016342973,1.0310183,2,43,0.0021528506,1.0200647,2,80
258,0.0041711456,0.9823451,2,21,0.015986616,1.0006349,2,41,0.016625056,0.916306,2,64,0.0082017165,0.8887538,2,84,0.014260058,0.9026464,2,104,0.012874888,0.8712611,2,124,0.013561127,0.93734694,2,145,0.01440683,0.94989556,2,165,0.024980674,0.9805381,2,200
259,0.009182098,0.99338114,2,20,0.0,1.0479248,2,40,0.0040997975,1.0242927,2,60,0.0,0.99484783,2,84,0.0,1.0011606,2,104,0.0022544276,1.0039397,2,132,0.0,1.0252451,2,153,0.02798351,0.98160636,2,173,0.006386576,0.96077466,2,200
260,0.0073295794,1.0157558,2,31,0.0077115665,0.9587572,2,52,0.010988493,0.99288905,2,73,0.015731383,0.9654177,2,93,0.009190442,1.0138204,3,113
261,0.0,1.034556,2,22,0.001689542,0.9917267,2,51,0.0,0.99395025,2,71,0.0038778456,0.9875202,2,93,0.01728184,0.98741055,2,113,0.0,1.0189427,2,133,0.0033115682,1.0014404,0,153,0.024284562,0.9058545,2,174,0.030141728,0.9430141,2,200
262,0.0017700446,1.0059175,2,30,0.009889716,0.9995109,2,50,0.0138480095,0.9594064,2,78,0.0,1.0368527,2,105,0.0016309087,1.0042508,2,126,0.0105839465,0.95535296,2,147,0.0043313364,0.9963648,2,167,0.0005228987,0.97595805,2,200
263,0.00049356755,1.0172995,2,25
264,2.3020431e-05,1.0137355,2,29
265,0.005246264,1.019032,2,20
266,0.0018826027,0.9729145,2,22,0.014595108,0.93756753,2,50,0.018519845,0.97401416,2,70,0.023044223,1.0126021,2,91,0.03191539,1.0023849,3,111,0.0,1.0416542,0,136,0.0,0.8305712,0,156,0.0,0.7888312,0,177,0.0,0.84446186,2,200
267,0.00085989496,0.99031085,2,20,0.009669937,0.96894306,2,43,0.009194791,0.94022936,2,66,0.02561397,0.95970047,2,86,0.003571742,0.95988226,2,110,0.035046816,0.9490755,2,133,0.0039062956,0.8631374,2,158,0.07294461,0.9435758,2,179,0.068705164,0.97399986,2,200
268,0.006234515,0.9652039,2,20,0.0,0.8853159,2,40,0.0,0.85083133,2,60,0.007242261,0.8134483,2,80,0.0,1.0792913,3,100,0.0017334213,0.9523718,3,121,0.0073219687,0.98831195,3,141,0.0,0.5655166,2,161,0.0313073,0.80709755,2,200
269,0.016371777,0.9918567,2,21,0.0075460775,0.8926579,2,41,0.010254033,0.97901225,2,62,0.007925125,0.9746657,2,89,0.01038011,0.9489705,2,110,0.0,0.98808557,2,130,0.00590328,1.0410999,2,152,0.006702263,1.002696,2,176,0.009867997,0.9557691,2,200
270,9.3987306e-05,1.024521,2,20,0.010812336,0.98863846,2,41,0.026292725,0.98659277,2,62,0.014145775,0.9572941,2,82,0.035103373,0.9782553,2,102,0.013356125,1.0227234,2,122,0.0111243455,0.97101367,2,142,0.0083088735,1.0123612,2,165,0.009531422,1.023983,2,200
271,0.011186987,1.0352137,2,20
272,0.0022973334,1.023848,2,24,0.0,1.0042226,2,45,0.0021046805,1.0145617,2,66,0.0064095585,0.97774106,2,87,0.00015232163,0.98923373,2,123,0.0063163526,0.94940174,2,143,0.014923412,0.9758239,2,164,0.0058696107,0.97262996,2,200
273,0.007835049,0.9667656,2,27,0.0009367198,0.935047,2,49,0.0063965106,0.9933479,2,70,0.0,0.9606178,2,92,0.046128392,0.9718429,2,112,0.029458145,0.90945506,0,133,0.0,0.86360073,2,153,0.005744444,0.5115281,2,177,0.03050896,0.5130959,2,200
274,0.00014039027,0.9996995,2,20,0.0058809067,0.994902,2,47,0.0,1.0089298,2,68,0.0,0.99110156,2,89,0.0,1.0027175,2,111,0.0076895813,0.9435544,2,140,0.0,0.9471609,2,160,0.007841117,0.9097058,2,180,0.000400903,1.0568832,2,200
275,0.004664814,1.0326091,2,20,0.00326644,0.945049,2,48
276,0.014245649,0.87456733,2,21,0.00024143327,0.8949772,2,41,0.0,0.666743,2,61,0.0,0.5944729,1,84
277,0.0029637755,0.96577644,2,24,0.003201548,0.9746191,2,48,0.0012902718,0.9135657,2,71,0.035271592,0.974747,2,91,0.00072437234,0.9690525,2,111,0.0055650016,0.98911196,2,138,0.005105232,0.9397796,2,169,0.003036216,0.99000055,3,200
278,0.0056812568,0.9805088,2,20,0.01369758,0.9983375,2,53,0.0049547697,0.99593806,2,105,0.004558173,0.97828203,2,135,0.0035567551,0.96000373,2,155,0.0,0.9927449,2,175,0.026404202,0.9437077,2,200
279,0.0,1.0142426,2,24,0.009765516,1.0357909,2,45,0.016952682,0.9606093,2,65,0.0050490308,1.0305861,2,89,0.01404042,1.0020368,2,133,0.0004899764,0.9992484,2,153,0.00015852059,1.0486435,2,175,0.0,1.0498462,2,200
280,0.0016494651,1.0181546,2,20,0.001914281,0.99321795,2,40,0.015243891,0.9745638,2,63,0.0002613042,1.0122775,2,84,0.006931388,0.93734366,2,107,0.004499183,0.97202826,2,127,0.0,0.99679726,2,152,0.0040172613,1.0041487,2,192
281,0.0,0.98958385,2,20,0.013412195,0.9928671,2,40,0.0,0.9408305,2,60,0.013502315,0.97440356,2,80,0.0037547485,0.99313796,2,100,0.0,0.9442095,2,121,0.011665326,0.9860443,2,141,0.0,0.94863003,2,161,0.0030346632,0.8263724,2,200
282,0.010335819,0.9843027,2,22,0.005521717,1.0330836,2,42,0.0022212204,0.96780676,2,66,0.0,0.9594316,2,87,0.0,0.9593327,2,108,0.013624959,0.92975736,2,133,0.04694492,0.8677356,2,157,0.01521227,0.74998546,2,177,0.0050551877,0.8023733,2,200
283,0.00403367,1.0128629,2,21,0.0024502394,1.0139998,2,41,0.014966942,0.9561636,2,61,0.008436371,1.00248,2,87,0.0016137925,1.0031115,2,111,0.002688468,0.98167706,2,131,0.009548781,1.0135175,2,157,0.012336671,1.0388645,2,180,0.007694283,1.0665872,2,200
284,0.002787434,1.0051281,2,65,0.006845376,0.98459643,2,85,0.0041372674,1.0339113,2,117,0.004174637,1.0382426,2,137,0.0,1.0351433,2,175,0.0015141075,1.0319175,2,200
285,0.016357603,0.98562926,2,20,0.0035807483,0.95860636,2,40,0.0004264477,0.9040093,2,62,0.0018015567,1.017681,2,88,0.012463267,1.0508181,2,108,0.034445584,0.987607,2,128,0.0068393224,0.91477615,2,148,0.016784284,0.99249583,2,168,0.0067294757,0.9442686,2,200
286,0.01824528,0.9126812,2,20,0.021104552,0.8500958,2,46,0.060754012,0.65139,2,66,0.02458831,0.90322876,2,86,0.0018646484,0.897243,2,106,0.0,0.9314115,2,128,0.0,1.0876192,2,149,0.0,0.9544962,2,169,0.0242887,0.9508901,2,200
287,0.018750291,0.9849148,2,20,0.020885732,0.9707624,2,40,0.01630577,0.9868045,2,60,0.0058036996,1.0588307,2,80,0.009832047,0.97072387,2,103,0.005253767,0.9825746,2,124,0.03023942,0.98177886,2,150,0.0,1.0018932,2,172,0.012708024,1.0119675,2,200
