0,0.029359747,0.9515507,2,22,0.02031304,1.0069535,2,43,0.020788005,1.0081661,2,68,0.005093767,0.94136995,2,93,0.0,0.96625537,2,122,0.0072141057,0.9417457,2,145,0.0,0.88560265,2,165,0.0035341957,0.98013896,2,200
1,0.0,0.9804864,2,21,0.0006861323,0.97366935,2,49,0.00433014,1.0352123,2,72,0.012446903,1.0100557,2,97,0.0,0.9833182,2,117,0.0041855644,1.0037034,2,137,0.0034808584,0.90609026,2,158,0.0,0.75408304,2,178,0.0,0.8493491,2,200
2,0.00025038337,1.0187122,2,22,0.004565193,0.98358995,2,47,0.022114927,0.9589465,2,72,0.0051032677,0.9769103,2,98,0.0009469177,1.01343,2,125,0.010327986,0.9821992,2,145,0.019654136,0.9205175,0,182
3,0.004962431,1.0148885,2,20,0.0004977248,0.99183136,2,42,0.0,1.0429215,2,62,0.006916925,0.9970806,2,86,0.008860788,1.0014102,2,106,0.009650444,1.0237572,2,126,0.0085748425,1.0057613,2,148,0.0049222745,0.9745997,2,168,0.017376501,0.9638537,2,200
4,0.0033528493,1.0185739,2,21,0.009527699,0.996195,2,45,0.0016619895,0.9750951,2,65,0.022933895,0.8031633,2,87,0.011887317,0.78961456,2,108,0.0,0.6298022,0,128,0.0,0.84005654,2,148,0.011476824,0.618202,2,171,0.0,0.8849653,2,200
5,0.010307789,1.012875,2,20,0.0,0.9817275,2,40,0.040135942,0.9983884,2,60,0.016233684,0.9588846,2,83,0.008010485,1.0444343,2,103,0.0017023596,1.0538081,2,123,0.004109461,0.9397594,2,143,0.00013222318,0.95505863,2,166
6,0.008436299,1.0443918,2,33
7,0.008800986,1.0288949,2,24
8,0.0060250494,0.94074684,2,26,0.008190148,1.0217091,2,55,0.016249785,0.9880903,2,80,0.014288431,0.98168975,2,100,0.0018615316,0.9578102,2,120,0.0028604039,1.0331368,2,141,0.0083903605,0.9655097,2,161,0.0017128116,0.87755847,2,200
9,0.0072568976,0.9630023,2,20,0.06902547,0.86136293,3,40,0.0006471774,0.8470354,0,79
10,0.0,1.0896149,2,20,0.00058469246,1.0143083,2,44,0.011655792,0.9771277,2,66,0.032690708,1.0069257,2,89,0.0,0.97424173,2,109,0.010730254,0.90330267,3,130,0.0040592975,0.99537736,2,155,0.09119156,0.92500573,2,175,0.070789404,1.0047051,2,200
11,0.0058310735,1.0537208,2,22,0.0036748764,1.0310885,2,53
12,0.015874717,0.9938763,2,22,0.0051549887,0.959063,2,49,0.0028110384,0.97623396,2,82,0.020074317,1.0060123,2,114,0.0,0.9671208,2,135,0.010077261,0.9781178,2,163,0.0029510448,1.025787,2,200
13,0.001458472,1.0179816,2,22,0.00036673268,1.0150818,2,51,0.0072555463,1.0143031,2,72,0.0,1.0539507,2,97,0.0014752737,1.0393008,2,117,0.010250992,1.027149,2,137,0.0055288556,0.9561353,2,160,0.008757141,0.9698242,2,180,0.0092107365,1.0213721,2,200
14,0.020635098,0.98359424,2,24,0.0075254296,1.0196148,2,47,0.012449555,0.98543787,2,70,0.014199137,0.9813469,2,94,0.007851286,0.9656641,2,114,0.0058354223,1.0313368,2,134,0.0,0.95025456,3,154,0.0,1.032417,2,174,0.0,0.98397374,2,200
15,0.004499608,1.0536753,2,20,0.0037446888,1.0045872,2,47
16,0.0,0.9381145,2,20,0.010084753,0.8529443,2,50
17,0.005919452,0.9132609,2,28,0.049628314,0.88062364,2,51,0.016562674,0.9229423,2,71,0.024452088,0.946999,2,93,0.009359012,0.93397427,2,115,0.0,0.9677518,2,135,0.0065983264,0.9625606,2,158,0.0,0.87771034,2,178,0.004031392,0.9475024,2,200
18,0.0,1.0341578,2,34
19,0.006456016,1.013465,2,30
20,0.0,1.0395858,2,22,0.0005256125,1.0606388,2,42,0.012673928,1.0483571,2,69,0.011283652,1.0117258,2,96,0.0020224347,1.0076544,2,116,0.01840951,1.0540047,2,139,0.021241114,1.048434,2,162,0.008141653,1.0618494,2,200
21,0.0016437644,1.0403197,2,31
22,0.0013506757,1.0456542,2,23,0.0049889223,1.0355572,2,47,0.01530565,0.98656577,2,67,0.0046118367,1.0323739,2,89,0.016609766,0.96807736,2,113,0.0,1.0250403,2,137,0.013789479,0.9230291,2,159,0.0,1.0081757,2,179,0.010803526,1.0318537,2,200
23,0.0046078465,1.0184221,0,20,0.007784598,1.0221336,2,43
24,0.0035478864,1.0499415,2,34
25,0.05899342,0.9596795,3,20,0.028528798,0.83158094,2,40,0.0,0.8420511,0,62,0.039435197,0.525998,2,82,0.06849268,0.4865925,2,118
26,0.017643532,0.9961917,2,21,0.0,0.9659897,2,43,0.0119186025,0.9328906,2,63,0.0053496184,1.0060023,2,83,0.023526669,0.9526912,2,103,0.03830754,0.9833549,2,123,0.04336477,0.87368494,2,152
27,0.015133786,1.0133883,2,24,0.007574667,1.014607,2,55,0.0055911303,1.0431259,2,78,0.003455862,0.99631584,2,105,0.00018159742,1.0164983,2,145,0.0,1.0236568,2,165,0.009007057,1.0186515,2,200
28,0.008397439,0.99128896,2,22,0.008247677,0.9466434,2,58
29,0.0,0.9669768,2,24,0.0143283345,0.923366,2,51,0.0034898352,0.93624663,2,74,0.0,1.0158801,2,94,0.0,0.936988,3,119
30,0.0069142086,1.0324843,2,20,0.022566166,0.91118157,2,41,0.017378945,0.968456,2,62,0.037992384,0.93790066,2,82,0.008528474,0.98777515,2,102,0.025830463,1.0123007,2,125,0.018952657,0.97072893,0,147,0.0016926881,0.93104684,3,167,0.0,0.8137827,2,200
31,0.007953051,1.0110497,2,20,0.01988214,0.999543,2,42,0.0041656736,0.97048503,2,63,0.0048097125,0.98630935,2,83,0.009997076,1.0208666,2,106,0.01903363,0.96565485,2,127,0.01541915,1.0035515,2,147,0.0037951537,0.9822156,2,167,0.0055482397,0.9964056,2,200
32,0.007164692,1.0021355,2,20,0.010209756,0.97180384,2,45,0.0,0.9318805,2,65,0.0017717399,0.9360345,2,85,0.024594627,0.9403366,2,106,0.0,0.8484272,3,127,0.00092956604,1.053719,2,152,0.06361256,0.82400304,2,172,0.033914607,0.84890234,2,200
33,0.022540292,0.88539857,2,21,0.0029352962,0.87240756,2,44,0.00062895106,0.92304146,2,64,0.06434321,0.987052,0,85,0.0,0.8493366,3,106,0.0005414498,0.84486437,2,126,0.030524269,0.6744137,0,146,0.045579806,0.5261021,2,171,0.06391649,0.41304862,2,200
34,0.00028129324,1.0023323,3,20,0.0,1.1021616,3,40,0.0,1.0489217,0,63,0.005824862,0.64082336,0,90
35,0.015496837,0.96117747,0,21,0.003783411,0.9914509,2,47,0.0,1.0287082,2,68,0.0,1.0146631,2,92,0.0014994404,1.0009538,2,117,0.0,1.0942416,0,140,0.0,1.0637472,0,162,0.0043825153,0.99382764,2,200
36,0.00021855906,0.9602689,2,25,0.02525182,0.95285004,2,46,0.0,0.930604,2,68,0.0,0.92961603,2,106
37,0.0,1.0127397,2,22,0.02299734,0.99992925,2,46,0.0198727,0.9272839,2,66,0.014424925,1.0009892,2,86,0.009349672,0.9636466,2,106,0.005343498,0.98825103,2,130,0.0042024925,0.9993535,2,151,0.006417284,0.992275,2,173,0.019935532,0.98814136,2,200
38,0.0,1.0195518,2,25,0.0002815312,0.9575132,2,45,0.011168139,0.99955827,2,83
39,0.0074565173,0.9831383,2,22,0.01300053,1.0652031,2,42,0.00948071,1.0537741,2,62,0.009113471,1.0163125,2,88
40,0.0058642924,0.98917466,2,22,0.013670669,1.0325549,2,48,0.010110075,1.0509353,2,68,0.011826458,1.0335737,2,93,0.0036271168,0.9327411,2,120,0.0,1.0663941,2,141,0.0010824534,0.94384193,2,167,0.0085798465,0.94398516,2,200
41,0.0011542086,1.0035882,2,51,0.0064283907,0.955676,2,83,0.01549779,0.9796789,2,104,0.0016994067,1.0082928,2,124,6.3131134e-05,0.9489765,2,150,0.018559415,0.97623765,2,170,0.0068129897,0.9347693,2,200
42,0.0066614547,0.9693724,2,20,0.014640075,0.99892604,2,40,0.0,0.98515016,2,60,0.007894486,0.9895992,2,96,0.010664973,1.0346808,2,117,0.0025564707,1.0556556,2,140,0.0016495481,1.0163643,2,163,0.0068426,1.01485,2,200
43,0.002521928,0.9603898,2,21,0.0024281428,1.0315223,2,41,0.0,1.0124177,2,69,0.012676938,0.9333793,2,94,0.0,1.0122782,2,115,0.00928288,0.9408892,2,137,0.003920309,1.01072,2,161,0.0061922125,0.9908313,2,200
44,0.0008270107,0.95008326,3,20,0.05721923,0.7152096,2,40,0.0,0.64930576,2,60,0.012987226,0.7819806,0,80,0.0,0.86080354,0,102,0.0,0.82249224,2,122,0.01603354,0.883686,2,145,0.015419503,0.80669326,2,165,0.006252815,0.97256404,3,200
45,0.0053469217,1.0092791,2,37,0.0020099522,0.99976754,2,59,0.00382288,0.99046797,2,80,0.0040564677,0.99613494,2,100,0.014027171,0.8726704,2,129,0.007851288,0.84345937,2,172,0.052866857,0.63727903,2,200
46,0.0017658075,0.96074086,2,20,0.016115734,1.0022714,2,41,0.039563056,0.9516141,2,61,0.007330451,0.8505748,2,85,0.019209076,0.7547432,2,105,0.046917252,0.71349055,2,125,0.002757873,0.72717345,2,145,0.014964923,0.89826334,2,165,0.007469687,0.88790697,2,200
47,0.008067696,0.97966,2,23,0.014913017,0.9715238,2,44,0.018633036,0.9010495,0,65,0.016968565,0.84967965,2,86,0.004678557,1.0544468,2,106,0.00017871949,0.9426726,2,126,0.0,1.0806892,2,147,0.0409364,0.9459518,3,167,0.010658949,0.9045808,0,200
48,0.0010912876,0.994901,2,28
49,0.004277322,0.9444693,2,21,0.0,0.9933475,2,41,0.0,1.1652973,2,61,0.075411186,0.650619,2,82,0.1281498,0.26459673,0,103,0.14026423,0.5490297,0,123,0.0,0.6464201,0,143,0.037605576,0.7539581,2,163,0.028589915,0.6917691,2,200
50,0.013445678,0.9879714,2,20,0.02495846,0.98623496,2,41,0.029757926,0.93668866,2,67,0.0,0.9796412,2,89,0.016595837,0.88493615,2,109,0.016430741,0.9225682,2,129,0.0,0.8154215,2,151,0.017474808,0.8738887,2,171,0.03020364,0.8922273,2,200
51,0.0027621877,0.96655303,2,20,0.0021825016,0.95403904,2,44,0.0019957274,1.0148517,2,71,0.004555696,0.95625925,2,94,0.0065539177,0.9628544,2,117,0.013691166,0.9281869,2,149,0.0008573551,0.964688,2,172,0.005487129,1.0209812,2,200
52,0.008240265,1.0157182,2,35
53,0.0061515705,1.0205165,2,20,0.015039748,0.9521045,2,42,0.026989924,0.95378953,2,65,0.015013051,0.9463118,2,85,0.013936704,0.9596796,2,105,0.003269767,0.8762455,2,125,0.0,0.88873434,2,146,0.0,0.9337679,2,168,0.07429182,0.87637746,2,200
54,0.02482825,0.9940189,2,21,0.00073272135,1.0243355,2,41,0.0,1.0620458,2,62,0.0,1.0883107,2,87,0.0,1.1103694,2,110,0.0044974084,1.0605428,2,132,0.014053787,1.0304945,2,152,0.00076286093,1.0706471,2,172,0.0,1.0947125,2,200
55,0.0006013925,1.0362239,2,36,0.0,0.9980944,2,56,0.0,1.0517786,2,78,0.0022924196,1.0379605,2,98,0.016418263,1.0054656,2,123,0.0021307704,1.0303929,2,143,0.004055585,1.0230772,2,164,0.003686237,1.0041622,2,200
56,0.0063887434,1.054652,2,28,0.0004485311,0.9906645,2,52,0.027285844,0.9713774,2,72,0.0005640049,0.8738486,2,92,0.0056286175,0.8844695,2,116,0.0,0.8530591,2,136,0.001717745,0.883803,0,156,0.030779205,0.9656899,0,178,0.012275815,0.95926136,2,200
57,0.0034874137,0.9910054,2,28,0.0015244489,0.9729292,2,48,0.0,0.9114682,2,68,0.0,0.7576326,2,88,0.0,0.7877349,2,108,0.0,0.9158797,2,129,0.007168968,0.69955343,2,154,0.07504779,0.962874,3,175,0.0,0.72488207,0,200
58,0.0059811124,0.96320325,2,20,0.0,1.0304203,2,43,0.02245653,0.98856807,2,64,0.002083003,0.9544544,2,84,0.004240298,0.98650795,2,105,0.0,1.0380965,2,135,0.0054380307,1.0624263,2,155,0.0014115314,0.9646354,2,200
59,0.0056184395,1.0213432,2,24,0.0042121257,1.0002458,2,47,0.0007618306,0.99068916,2,70,0.016401721,0.990575,2,90,0.0042781485,0.8767605,2,110,0.004725071,0.85239124,2,130,0.0,0.74382734,2,150,0.0,0.67796445,2,170,0.008293739,0.6705235,2,200
60,0.003407671,0.9973968,2,22,0.014369336,0.97042483,2,51,0.013422844,0.91044486,2,71,0.0149907535,0.8767061,2,99,0.00079182413,0.66853297,2,119,0.006607367,0.8797252,2,141,0.00092966575,0.9656881,2,161,0.009298243,0.8448242,0,200
61,0.0,1.0301931,2,21
62,0.006869281,0.9456272,2,20,0.0011467144,0.953283,2,41,0.0,0.9134262,2,61,0.0,0.6876217,2,81,0.011287425,0.62728894,2,107
63,0.032411486,0.92278135,2,20,0.0,0.98446333,2,40,0.017838672,0.8354365,2,61,0.019329756,0.8665637,0,81,0.0,0.63780296,0,101,0.0,0.58489037,0,121,0.0,0.8825208,2,141,0.005424042,0.7135509,2,170
64,0.0034694173,0.99692994,2,20,0.005593698,1.0570557,2,41,0.0058322577,1.0263678,2,66,0.009496479,0.9822246,2,91,0.030620655,0.99828416,2,111,0.021422083,1.0457503,2,131,0.0062667388,1.052876,2,173,0.0026007807,0.98554456,2,200
65,0.004759784,1.0205477,2,23,0.00046424931,1.0192878,2,43,0.011662103,1.0320185,2,80,0.0022063085,1.0323989,2,108
66,0.0013022813,1.0393038,2,27
67,0.0,1.0168844,2,20,0.0070296363,0.97853416,2,41,0.0106706815,1.048327,2,77,0.0,0.994714,2,98,0.009158776,1.0324618,2,118,0.0006938306,1.0184977,2,140,0.02021475,1.0325382,2,168,0.023730222,0.91265285,0,200
68,0.04283476,0.923686,2,20,0.0,0.9276267,2,40,0.0,0.84856427,2,61,0.0,0.8308833,2,81,0.0,0.82604295,0,108,0.015773151,1.104781,0,129,0.0,1.1060952,2,149,0.0,0.9029649,2,169,0.038783234,0.92526096,0,200
69,0.003272969,0.95122546,2,21,0.015883015,1.0516379,2,41,0.015882244,1.0017551,2,65,0.0062513244,0.9705403,2,86,0.00590166,0.95479107,2,106,0.007787601,0.96395046,2,126,0.02152574,0.9415772,2,148,0.039919455,0.8799079,2,169,0.01622596,0.9528755,2,200
70,0.0020533544,1.0199971,2,20,0.0037480574,0.9628534,2,45,0.0024015873,1.0319877,2,65,0.0032889487,1.0298783,2,96,0.0,1.0650648,2,117,0.0,1.0420985,2,138,0.0028903822,1.0146459,2,163,0.0028485425,1.0196283,2,200
71,0.020622699,0.99308395,2,27,0.0,0.92095363,2,47,0.05303543,0.87252665,2,68,0.0069677257,0.7643739,2,88,0.0,0.83740807,2,108,0.0,0.8659034,2,128,0.0108332485,0.985762,2,148,0.0,0.68170625,2,168,0.0709853,0.7286657,0,200
72,0.0022367854,1.0446315,2,28
73,0.00024825448,1.0203377,2,38
74,0.016266003,0.95859605,2,23,0.008675785,0.97055644,2,43,0.025044605,0.9144338,2,63,0.041036688,0.8294485,0,83,0.03524666,0.71644694,2,103,0.0037989363,0.5711213,2,123,0.0,0.5152232,2,143,0.08585306,0.3670343,2,164,0.057340503,0.40225747,2,200
75,0.0056329714,0.99668354,2,22,0.026961545,0.9881775,2,51,0.014498568,1.003543,2,73,0.0,0.9803329,2,106,0.014441793,0.9918717,2,131,0.0068685003,1.0368406,2,152,0.0021532737,1.0419589,2,172,0.0035898697,1.0236533,2,200
76,0.006421052,0.9722761,2,20,0.0,0.97354984,2,40,0.0075462773,1.0105981,2,61,0.012382449,0.8822206,3,81,0.0,0.87904525,2,103,0.008330288,0.87599516,2,127,0.0,0.8589719,2,148,0.0,0.9060642,2,168,0.016071675,0.902467,2,200
77,0.009660811,0.9907139,2,20,0.048316296,0.9769766,2,40,0.0055144387,0.9270994,2,60,0.0,0.8716186,2,81,0.021971047,0.85312897,2,102,0.0,0.85472596,2,122,0.050078552,0.66907287,2,142,0.0,0.35366768,1,163,0.0171849,0.394873,0,200
78,0.0071001267,1.0093915,2,20,0.0,1.0326222,2,41,0.00630312,0.95846546,2,67,0.021839527,0.94731754,2,89,0.0,1.0149802,2,109,0.008441497,0.95081055,2,130,0.024453234,0.98558694,2,150,0.016974242,0.9391977,2,171,0.007867814,0.9734403,2,200
79,0.0013910007,1.0289615,2,21,0.0,1.0091815,2,41,0.0,0.98884517,2,61,0.0017604048,0.9590424,2,81,0.018454779,0.9150664,2,104,0.018051725,0.9617995,2,124,0.006455981,0.89367044,2,144,0.0,0.8950082,2,164,0.043119755,0.8192854,2,200
80,0.008129442,0.9338192,2,20,0.011799762,0.9484852,2,45
81,0.028671212,0.9437849,3,25,0.0011521433,0.88137615,2,45,0.045183208,0.69498104,2,84
82,0.0023615167,1.0087363,2,28,0.010594519,1.0202153,0,48,0.006985842,0.9541823,2,68,0.005420727,1.0034473,2,99,0.0006812743,0.9702924,2,120,0.016670873,0.9669796,2,141,0.0,0.9145881,2,161,0.013976438,0.9932514,2,200
83,0.008906521,0.9784234,2,20,0.009797552,0.84594,2,51,0.0,0.6010925,2,72,0.0,0.6618,2,92,0.0,0.49441102,2,113,0.0,0.10054268,1,133,0.0,0.24746504,1,154,0.0,0.492316,1,174,0.009360243,0.54759365,2,200
84,0.0067790155,1.0140443,2,24,0.010939204,1.0025123,2,68
85,0.010089135,1.0357577,2,20,0.01085601,1.0472962,2,43,0.0,1.0750059,2,63,0.020771122,0.98721725,2,83,0.010252152,0.91723776,2,103,0.022245597,0.8855824,3,125
86,0.0121752415,0.96166396,2,30,0.0,0.9856695,2,53,0.02457541,0.8636428,2,76,0.007984345,0.90637654,2,96,0.0,0.9418495,2,116,0.0043158093,0.9658659,2,136,0.0,1.0280025,2,157,0.0030095403,1.0199478,2,177,0.0058541084,1.0503517,2,200
87,0.009440198,0.8919465,2,21,0.006039834,0.8407218,2,41,0.026933353,0.9516713,2,61,0.0035931244,0.9249811,2,81,0.005606655,0.89722216,2,104
88,0.0030094364,1.0233294,2,21
89,0.013123057,1.0225412,2,30,0.006554204,0.9442236,2,50,0.00331027,1.0225763,2,70,0.0039587757,1.0179874,2,98,0.0007613011,0.9952299,2,123,0.0039676954,1.0537817,2,144,0.009191703,1.0229242,0,165,0.0020232042,0.9696374,2,200
90,0.0046999212,0.9946891,2,20,0.009594053,0.97726524,2,50,0.0,1.0096117,2,71,0.006762161,0.9796809,2,92,0.013490267,0.97063184,2,113,0.0,0.9201646,2,133,0.0024032625,0.97228706,2,156,0.0,0.9063958,2,176,0.025678197,0.9071829,2,200
91,0.009558362,1.0415434,2,20,0.002404908,1.0386416,2,42,0.0,0.9960294,2,73
92,0.0012884937,1.0271298,2,21,0.022305092,0.98415846,2,44,0.0017684689,0.9864209,2,67,0.008788764,1.0044014,2,96,0.0009805643,0.95608306,2,122,0.0008378074,0.95000887,2,143,0.0143688135,0.9760373,2,174,0.022835668,0.9427289,2,200
93,0.0034918839,0.99573463,2,21,0.004482225,1.0382127,2,43,0.004166079,0.9778141,2,66,0.025143892,1.0041544,2,86,0.0050657294,0.9202777,2,106,0.0,0.97004634,2,127,0.022900278,0.8837612,2,149,0.013918039,0.8788288,2,169,0.00494513,0.9502474,2,200
94,8.4887724e-05,1.0120233,2,20,0.010828705,0.9747698,2,43,0.018212968,0.9503975,2,63,0.015270047,0.94872797,2,83,0.009801666,0.8670342,3,104,0.011569293,0.8577655,2,125,0.010887009,0.93691355,2,150,0.022616124,0.9608058,2,170,0.009810931,0.9366179,2,200
95,0.00413432,1.004636,2,29,0.0009938357,1.0732149,2,54,0.0,0.9844726,2,75,0.0,0.99598986,3,98,0.021015553,0.9899583,2,122,0.0,0.97491574,2,154,0.0072303065,0.9891263,2,174,0.00089722406,0.94174165,2,200
96,0.019718532,0.95748216,2,20,0.0058749253,1.0343759,2,43,0.004391554,1.0216168,2,77
97,0.02840374,0.9932879,2,20,0.00080620917,1.0304023,2,59
98,0.020334374,0.8342968,2,21,0.03578329,0.8429719,2,48,0.049519055,0.49690986,0,80
99,0.03643176,0.9522122,0,20,0.0,1.1933011,2,40,0.055351213,0.51634187,0,61,0.0,1.0995368,2,81,0.0,0.78335947,3,104,0.0,0.56445754,1,127,0.0,0.85294706,1,149,0.011237541,0.67044896,3,171,0.022444539,0.5250967,2,200
100,0.0,0.8141144,2,20,0.024924304,0.601755,2,41,0.008121976,0.4176646,0,61,0.0110402135,0.68611115,2,81,0.0,0.22151816,1,110,0.0,0.1212649,2,130,0.0,0.16299634,1,151,0.02514048,0.17862605,1,178
101,0.0005018309,0.9977997,2,20,0.003398334,0.9630174,2,48,0.007783834,0.9256945,2,69,0.014946475,0.9193144,2,93,0.01215977,0.9544114,2,116,0.029100183,0.846681,2,151
102,0.015914012,0.9623278,2,21,0.0,0.99871254,2,41,0.0,0.88538504,2,66,0.0,0.8964866,2,86,0.0,0.7495104,2,106,0.0,0.7452519,2,131,0.0,0.8360984,0,155,0.0,0.92627203,2,175,0.0,0.9815612,2,200
103,0.025175953,0.9710883,2,20,0.013290648,0.99179494,2,47
104,0.0003036798,0.96943426,2,20,0.0,0.98700416,2,53
105,0.008776333,0.95039696,2,26,0.027166892,0.93961084,2,46,0.010962642,0.9775672,2,67,0.00078943965,0.9701044,2,87,0.00043341517,0.90727377,2,108,0.0074758567,1.0152825,2,131,0.009065956,1.0517224,2,152,0.0,0.97799945,2,173,0.0058014304,0.953404,2,200
106,0.0021482909,1.0238901,2,21,0.0,1.0232058,2,46,0.005949064,1.004244,2,103,0.0052201115,1.0241545,2,131,0.0017498559,0.990007,2,153,0.009272503,1.0068243,2,179,0.0018597471,0.9983422,2,200
107,0.015020138,0.9783923,2,21,0.02070997,0.9461285,2,48,0.014445486,0.98091215,2,69,0.011571032,0.9402086,2,89,0.010129232,1.0088471,2,110
108,0.012156001,0.9843833,2,20,0.002678634,1.0089042,2,57
109,0.0017769798,0.95368886,2,26,0.0,1.0409598,2,47,0.018343225,0.98903835,2,67,0.019708319,0.97788554,2,91,0.013747171,0.9907427,2,111,0.0032987609,0.9694622,2,134,0.011940968,0.8850084,2,156,0.027648136,0.91234213,2,179,0.013516386,0.9193067,2,200
110,0.0051625962,0.99564356,2,23,0.00057052216,1.0306246,2,43,0.005854598,1.004346,2,63,0.0,0.9127431,2,87,0.009089013,1.0001729,2,111,0.007593307,0.85242337,2,134,0.0,0.6526611,2,156,0.026979923,0.7902109,2,180,0.03230805,0.77445984,2,200
111,0.0,0.91630286,3,22,0.0,0.95485044,2,44,0.0,0.9436201,2,67,0.0101233255,0.94271135,2,87,0.021367114,0.8689393,2,107,0.0,0.9049751,0,127,0.0,0.81933385,0,147,0.0015043408,0.8711478,2,167,0.0,0.79480255,2,200
112,0.019699799,0.92007726,2,22,0.00591958,1.0324868,2,44,0.015483696,1.0170697,2,85
113,0.011372663,0.9940546,2,29,0.015362891,0.98823553,2,58,0.0,1.0296946,2,78,0.0,0.9577468,2,98,0.009939042,1.0348479,2,121,0.014755945,1.029642,2,142,0.00044489707,0.96905774,2,162,0.011844037,0.9536965,2,200
114,0.0,1.012913,2,40
115,0.019679349,1.0178828,2,25,0.00018803736,1.0043898,2,49
116,0.0139482375,0.98819387,2,20,0.0,1.0533631,2,40,0.008142149,1.0480397,2,76,0.007917766,0.9924542,2,96,0.0,1.0246762,2,117,0.023983091,0.92295647,2,137,0.013530466,0.8902815,2,157,0.010160961,0.9601428,3,178,0.0011692023,0.7565088,0,200
117,0.0,0.9818694,2,20,0.059288636,0.92037904,2,45,0.00393499,0.9630479,2,67,0.009629303,0.9305721,2,91,0.007886973,0.988198,3,111,0.020828193,0.95936024,2,132,0.022873517,0.92228156,2,152,0.010712219,0.93761986,2,177,0.002770376,1.0552046,2,200
118,0.0049627405,0.9588578,2,21,0.0,1.0341718,2,41,0.0055018202,1.0140992,2,65,0.0,1.0117025,2,85,0.0,0.9975788,2,105,0.0026404425,0.96336806,2,125,0.009458861,1.0309477,2,167,0.0013799826,0.97885525,2,200
119,0.014265099,0.9838173,2,22,0.010202655,0.9497065,2,44,0.0120301675,0.96835226,2,65,0.010727982,0.9929721,2,85,0.0054917526,0.95301497,2,110,0.009852363,0.96601444,2,133,0.009794869,1.0084846,2,158,0.012425842,0.954207,2,200
120,9.233868e-05,1.0048487,2,21,0.00976903,0.9800114,2,57,0.011847986,0.9632329,2,78,0.0089214565,0.9994483,2,102,0.0030536898,1.0128621,2,125,0.0020479907,1.0170901,2,145,0.0023597209,0.95671254,2,169,0.00018135368,0.9810574,2,200
121,0.0,1.0359273,2,20,0.022745008,0.94758576,2,40,0.0017097874,0.9394577,2,60,0.0,1.0684202,2,80,0.0058950414,1.0420347,2,101,0.018238712,0.9522887,2,122,0.007344567,1.0082009,2,142,0.015350699,0.9380892,2,162,0.008032844,0.90593,2,200
122,0.007620178,0.9890637,2,37
123,0.0,0.99112135,2,22,0.0,0.978327,2,42,0.0,0.96554977,2,67,0.012172239,1.0034509,2,88,0.0033724168,1.005649,2,112,0.012242285,0.981571,2,132,0.016213205,1.0054132,2,154,0.0052295136,0.98923177,2,175,0.0011566847,1.0333239,2,200
124,0.0005583927,1.0125072,2,25
125,0.0032100237,1.0473897,2,20,0.01615653,0.9607832,2,50
126,0.01239552,0.94228095,2,22,0.0035349454,0.9637178,2,42,0.0,0.6985909,2,65,0.0,0.7449045,2,87,0.0,0.789353,3,110,0.005614939,0.9140624,3,131,0.012609479,0.9325012,3,151,0.0062001096,0.806828,1,171,0.109373465,0.5491399,2,200
127,0.0070541403,0.97809184,2,21,0.01872368,0.9317289,2,43
128,0.0068349466,0.98745936,2,20,0.011551235,0.9789225,2,40,0.0015937666,0.9641767,2,61,0.016846385,0.983985,2,83,0.018598098,1.0108795,2,108,0.0012493626,0.96318406,2,132,5.583716e-05,1.048113,2,155,0.007572879,0.9969843,2,175,0.0,0.9849582,2,200
129,0.014844462,1.00681,2,20,0.0070298137,0.95478964,2,41,0.0027524612,1.0259956,2,63,0.012284225,0.998864,2,83,0.021832164,0.9946593,2,103,0.043448508,0.9268018,2,123,0.0,1.0387368,2,143,0.008798639,1.0490502,2,163,0.008531357,0.9942594,2,200
130,0.0013780239,1.0053055,2,20,0.01103786,0.9958269,2,42,0.0052049616,1.0011363,2,62,0.0,1.0608189,2,83,0.0,1.0950707,2,110,0.003030703,1.063298,2,137,0.004665756,1.1059709,0,157,0.0136573585,1.0609738,2,177,0.002620933,1.0315814,2,200
131,0.009623305,1.0052676,2,20,0.010825841,0.9779407,2,41,0.024705784,0.95302343,2,65,0.0020269998,0.9682999,2,87,0.005148071,0.99706,2,107,0.0010888238,1.0213114,2,133,9.9319295e-05,0.98417205,2,172,0.0035501805,0.9837796,2,200
132,0.005749248,0.9894568,2,20,0.012429092,1.0315721,3,42,0.0035965145,0.9955931,2,62,0.001971344,1.0762701,2,82,0.0044484665,0.93566906,2,103,0.024379106,0.8485568,2,127,0.0192008,0.7599796,2,147,0.05829082,0.6747738,2,167,0.0967313,0.7556575,2,200
133,0.0023010622,1.0140452,2,25
134,0.007979056,0.96245086,2,20,0.010628874,0.9611232,2,41,0.008943731,1.0131892,2,86,0.0004270327,1.0507513,2,121,0.00078925304,0.9817271,2,153
135,0.0035998002,0.9483932,2,28,0.022099817,1.0012114,2,48,0.025491055,0.92994225,2,69,0.024051253,0.9763198,2,89,0.0023489015,0.9790795,2,111,0.0,0.91928846,2,131,0.016936522,0.82030743,2,152,0.010498175,0.88710827,2,174,0.006313384,0.90623885,2,200
136,0.010876184,0.9929248,2,21,0.012597414,0.98793316,2,41,0.036749974,0.9375806,2,61,0.000880635,1.0397913,3,81,0.018375188,0.98216623,2,105,0.020757506,0.84018743,0,125,0.024215918,0.8357932,0,145,0.0,0.79333615,2,166,0.0036141824,0.6118198,2,200
137,0.025100606,0.99672395,2,22,0.0067276913,0.9501438,0,44,0.072471306,0.9113108,0,64,0.010538936,0.79557717,2,84,0.008690913,0.8878492,2,104,0.0,0.85973775,3,124,0.0,0.7285727,0,145,0.0,0.84494,2,166,0.0010948934,0.79830647,2,200
138,0.001545166,1.0128058,2,21
139,4.976375e-05,1.0320052,2,24
140,0.0,1.0095389,2,22
141,0.018259445,0.9794232,2,26,0.012486337,1.0182179,2,46,0.013305537,1.0137631,2,66,0.0,0.9554359,2,86,0.0,1.0782949,2,109,0.041898817,0.975927,2,132,0.006577839,0.9382599,2,152,0.012675392,0.9852564,2,172,0.047061358,0.8728423,2,200
142,0.013827659,0.9403543,2,21,0.005628679,0.9876549,2,42,0.0031372763,0.9507377,2,63,0.0030319903,0.96400803,2,83,0.016350782,0.9753386,2,108,0.010977493,0.9994994,2,131,0.03031238,0.9466216,2,151,0.0027709245,0.9416021,2,171,0.027113454,0.9597655,2,200
143,0.0085608475,1.0241246,2,26,0.0,1.0071263,2,47,0.0039754254,1.0167084,2,74,0.0014973425,1.0119897,2,94,0.00029281675,1.0385958,2,118,0.0004209367,0.99612516,2,139,0.012110915,1.0225023,2,159,0.011334525,1.0127665,2,179,0.00096848037,1.0124372,2,200
144,0.002378855,0.9957827,2,20,0.008062084,1.0006807,2,41,0.0,0.97258055,2,61,0.018755253,0.954007,2,81,0.021186477,0.9522713,2,112,0.010358962,0.9378775,2,134,0.007547032,0.990028,2,155,0.01478215,0.9671601,2,176,0.022571236,0.9592088,2,200
145,0.0,0.9833383,2,22,0.0018962363,1.0309856,2,42,0.020343525,0.96319366,2,64,0.0021205002,0.94884753,2,85,0.005606474,0.9743782,2,105,0.014112423,0.9468359,2,125,0.0,0.9743107,2,145,0.017595313,0.9374537,2,166,0.011794615,0.91600484,0,195
146,0.008379836,1.0070788,2,26
147,0.010410549,0.9571081,2,22,0.0,0.9933686,2,42,0.004208603,0.9590477,2,62,0.0037340797,1.0001695,2,82,0.023049003,0.9503585,2,102,0.022104243,0.85196483,2,123,0.044120125,1.0862294,3,143,0.0,0.96568143,2,164,0.016191911,0.5030798,0,200
148,0.0049318536,0.9969499,2,32,0.010084166,1.0051937,2,53,0.008968533,0.98916036,2,73,0.03225489,0.9766303,2,95,0.020827938,0.9852157,2,117,0.005835373,0.9796826,2,138,0.0037042964,0.95867175,2,161,0.006362584,0.9542889,2,200
149,0.0070701283,0.97907376,2,22,0.011962153,0.9434217,2,42,0.006648784,0.86841404,2,62,0.0,0.7482729,2,88,0.0,0.77659774,2,111,0.0,0.76758343,2,135,0.0012433871,0.7202298,2,156,0.0,0.64324164,2,177,0.038203206,0.64899874,2,200
150,0.0077328905,0.949001,2,20,0.025143843,0.9385909,2,40,0.0021294972,0.8955262,2,65,0.04024419,0.7859334,3,93
151,0.011018043,0.9388469,2,21,0.0,0.96388334,2,44,0.017446278,0.79758096,2,67,0.0,1.0293506,2,87,0.0,0.8159555,2,107,0.015533219,0.74691427,0,135
152,0.007637147,0.9837699,2,31,0.005586187,0.9839056,2,51,0.0021287657,1.0212573,2,72,0.0,0.9841136,2,93,0.0,0.9967863,2,116,0.0015516267,0.9107353,2,136,0.0,0.9125555,2,157,0.0,0.8714816,2,177,0.014098035,0.9388743,2,200
153,0.012178656,0.95078725,2,20,0.00819412,1.0279417,2,40,0.019206263,1.0010086,2,72
154,0.006694813,0.9836193,2,29
155,0.00888721,1.023928,2,22,0.012461722,1.0046886,2,42,0.0032101185,0.9637641,2,81
156,0.0013538324,0.9950163,2,57,0.0,1.0286744,2,77,0.0075101205,0.9483678,2,97,0.015136644,0.9523588,2,119,0.02139842,0.98287976,2,139,0.027018802,1.002462,2,165,0.024591355,0.9210761,2,200
157,0.0041094054,0.96313626,2,27,0.020045899,0.919723,2,48,0.012817457,0.9219882,2,68,0.050440814,0.8831444,2,92
158,0.0003840085,1.0269053,2,27
159,0.025070196,0.9468871,2,21,0.0033667455,0.97521245,0,42
160,0.0023945689,0.80981684,3,20,0.014396317,0.60193604,0,44
161,0.014417488,0.97694904,2,21,0.0039234958,0.96737987,2,42,0.015654128,1.0071349,2,62,0.0075230733,0.9091647,2,82,0.01044309,0.9434288,2,102,0.008575678,0.94218147,2,122,0.021231461,0.94369674,2,149,0.00696042,0.9446488,2,171,0.012474189,0.9568482,2,200
162,0.002795521,0.974416,2,25,0.03657639,0.984371,2,45,0.0022709398,1.0567346,2,67,0.0033300126,0.96185243,2,89,0.0051912363,0.93407214,2,112,0.017082164,0.84303564,2,133,0.0,0.85352576,2,153,0.0,0.9319781,2,174,0.0,0.9596042,0,200
163,0.0,0.993832,2,40,0.0030196004,1.037544,2,62,0.006312512,0.99727917,2,86
164,0.017357485,0.93656474,2,24,0.019717844,0.8181626,2,44,0.046422005,0.4891624,2,64,0.11783816,0.6018666,0,84,0.0,0.72150147,2,104,0.1595869,0.63132036,2,124,0.0883794,0.5121284,0,144,0.0014412692,0.7040058,1,164,0.02323132,0.4039183,1,200
165,0.010599383,0.9868264,2,24,0.04107078,0.95942783,2,44,0.0,0.97885543,2,64,0.0,0.96780765,2,84,0.0027263751,1.0126187,2,121,0.0,0.992386,2,141,0.008891078,0.94084704,2,162,0.0052932207,1.0165005,2,200
166,0.0064970255,0.9891418,2,25,0.00095250004,1.0036677,2,50,0.0063524614,0.968827,2,71,0.004297106,0.97070765,2,95,0.0017096773,0.9606472,2,115,0.0007000529,0.9710112,2,146,0.0,0.90317005,2,168,0.02031789,0.93744326,2,200
167,0.00492541,1.0235734,2,24,0.005017202,1.0314873,2,57,0.0,1.0194998,2,77,0.0013863796,0.98608506,2,97,0.004580933,1.0043856,2,124,0.005944265,1.0196651,2,146,0.0060817115,0.9430504,3,166,0.02415034,0.87287617,2,200
168,0.0,1.0156845,2,20,0.023057602,0.9886114,2,40,0.0063016713,0.9522754,2,60,0.026345924,0.9385374,2,80,0.009706515,0.9360834,2,105,0.014876297,0.8894191,2,125,0.013211629,0.9545966,2,147,0.040230997,0.8796768,2,167,0.014776617,0.932478,2,200
169,0.018103164,1.0135839,2,20,0.00528421,0.9661967,2,40,0.0024022076,0.9973977,2,60,0.019418204,0.9678104,2,85,0.005797085,0.9417831,2,106,0.0025946426,0.9469649,2,130,0.0105349915,1.0057501,2,151,0.026445506,0.9406225,2,176,0.009672135,0.93092674,2,200
170,0.022745207,0.9904529,2,21,0.009163661,0.96379995,2,41,0.0,0.9806931,2,62,0.0,0.98717517,2,82,0.0,0.96765065,2,103,0.0349356,0.9263773,2,123,0.009645885,0.89905536,2,143,0.0027511013,0.99095327,2,163,0.0067915223,0.97072583,2,200
171,0.006457451,0.9835517,2,20,0.007651625,1.0087315,2,44,0.0,1.0210592,2,74,0.0022257385,1.0436355,2,110,6.9700254e-05,1.0003814,2,135,0.0015862711,1.0155529,2,164,0.017302377,1.0217338,2,200
172,0.02711252,0.9696224,2,22,0.009580436,0.9847372,2,44,0.007878204,1.0210596,2,81
173,0.008223758,1.0257219,2,35
174,0.0,1.0367444,2,21
175,0.0069788964,1.0175892,2,20,0.015587434,1.0091679,2,40,0.001671811,1.0062453,3,60,0.0,1.0504751,0,89
176,0.016875835,0.95369077,2,39
177,0.008807218,0.9843658,2,25,0.013042442,1.0170494,2,54,0.022632543,0.98307526,2,75,0.0057589742,0.9445408,2,99,0.0135415085,0.98970246,2,121,0.009669361,0.94840586,2,146,0.0016045397,1.0859575,2,166,0.0060790293,1.0058688,2,200
178,0.003022661,0.9971384,2,20,0.0005325526,0.94881916,2,40,0.017004129,0.93232983,2,61,0.010816526,0.9956906,2,88,0.017598107,1.0016044,2,113,0.014700183,0.9637595,2,134,0.0,1.0273088,2,155,0.0,0.9229917,2,176,0.009161,0.8094633,2,200
179,0.011329366,1.0064547,2,20,0.0061087557,1.0112603,2,61
180,0.0004948871,1.0307581,2,20,0.0030079498,1.0308568,2,50
181,0.0,1.0368341,2,28
182,0.006718638,0.9566882,2,28
183,0.0,0.77062374,0,20,0.0096825175,0.77820855,2,42,0.031822402,0.60727525,2,63,0.00032740788,0.73724365,0,85,0.0,0.3451702,0,105,0.026198274,0.25400868,2,125,0.08165522,0.3366356,2,157
184,0.0061328113,1.014525,2,26,0.011977065,0.97977304,2,55
185,0.0066069444,1.0010034,2,27
186,0.0,0.9797285,3,23,0.0067272643,1.0091891,2,43,0.015893163,0.953828,2,63,0.0,0.9986492,2,86,0.010156197,0.9093057,2,106,0.046910476,0.9085537,2,127,0.009253588,0.97217476,2,147,0.009212344,0.94278467,2,169,0.02947978,1.0251004,2,200
187,0.009341093,0.9978755,0,20,0.009720726,1.002711,2,41,0.010539068,0.9731582,0,61,0.0,0.9878095,2,81,0.0006964571,0.93444425,2,111
188,0.013271597,1.0400416,2,23,0.0010960087,0.9859851,2,51,0.0022148704,1.0323721,2,72
189,0.011899264,1.007796,2,20,0.008074236,0.899405,2,40,0.03082582,0.9006427,2,60,0.0,0.88049823,2,81,0.019331861,0.9402704,2,101,0.006893536,0.92772543,2,123,0.049029086,0.90724707,2,146,0.038490973,0.8065907,2,168,0.0011248365,0.71040386,2,200
190,0.004678225,0.99128634,2,24,0.006409494,1.0090103,2,56,0.0,1.1001637,2,76,0.0,1.0659308,2,101
191,0.00094380305,1.0355599,2,20,0.0005361203,1.0067607,2,43,0.010839662,0.9641483,2,64,0.006979664,1.017735,2,84,0.007869039,0.9767389,2,106,0.0,0.9634732,0,126,0.0120541025,0.993106,2,151,0.020986933,0.91850036,2,173,0.00878578,0.96180236,2,200
192,0.017493524,0.98852855,2,20,0.0030118844,0.9610771,2,40,0.0010292415,1.0329515,2,70
193,0.0122770285,0.96086603,0,21,0.011088954,0.95228004,2,42,0.0,1.0640558,2,63,0.019254064,1.0182714,2,85,0.009586717,1.0170205,2,111
194,0.00085132924,0.9309474,2,20,0.0276007,1.0008628,2,40,0.001773623,0.99783623,2,60,0.040958364,0.9838554,2,83,0.015483832,0.99963826,2,103,0.008021556,0.9823626,3,123,0.011764785,1.109738,3,143,0.0033218227,0.8379998,2,163,0.041499533,0.6618868,0,200
195,0.0065078125,0.9769167,2,22,0.00077588623,1.068093,2,42,0.0012093924,0.9775192,2,62,0.005123333,1.0188086,2,82,0.007245484,0.9639363,2,102,0.015838914,0.91690046,2,125,0.0,0.9403318,0,145,0.010520948,0.9853094,2,165,0.0020464594,1.0272759,2,200
196,0.0,0.9686473,2,21,0.0,0.9722445,2,45,0.0019989628,0.9910203,2,65,0.00015884514,1.0166949,2,89,0.0043053194,1.0242189,2,113,0.009466914,0.97364604,2,149,0.014601039,1.022918,2,172,0.003930045,1.0000502,2,200
197,0.0,1.06012,2,20,0.0,1.0330867,2,48
198,0.024202438,0.9681411,2,20,0.010512743,1.0213895,2,42,0.008768363,1.0023592,2,63,0.00943657,0.9976193,2,83,0.0005001938,1.0461365,2,106,0.012199359,1.0078471,2,136
199,0.0008929585,1.0309945,2,23,0.005854319,0.95976263,2,49,0.0,0.9804708,2,69,0.009752701,0.982237,2,90,0.016908923,1.0332882,2,110,0.0041435296,1.0284414,2,133,0.0041277623,1.0019662,2,154,0.010028595,0.98823166,2,174,0.0038582007,1.0199596,0,200
200,0.013000496,0.968484,2,27,0.0073510436,0.9805169,2,58,0.0067481752,1.0600346,2,85
201,0.00032075192,0.9608191,2,21,0.0015499366,0.96341515,2,41,0.0,0.85442823,2,62,0.014029968,0.77460146,2,82,0.00060346775,0.7184973,2,102,0.07194828,0.7899408,2,122,0.0,0.80889946,2,152,0.024993522,0.74929345,2,172,0.03129735,0.56709737,2,200
202,0.0022646966,1.0167848,2,33,0.021828968,0.94095147,2,54,0.002982521,1.022352,2,74,0.036099106,1.0032374,2,94,0.031629767,0.98925954,2,114,0.02726521,1.0123522,2,134,0.004395014,0.97798496,0,156,0.0,0.9402043,2,176,0.023030126,0.8747654,2,200
203,0.0016408617,0.975679,2,23,0.009675081,0.94213045,2,43,0.0031384763,0.97568285,2,64,0.022280708,0.8466012,2,85,0.0073906854,0.9135688,2,105,0.024299137,0.9435972,2,125,0.0,1.0341196,2,148,0.028987318,0.7310528,2,168,0.004208831,0.85479367,2,200
204,0.009650884,0.9771954,2,23,0.014493587,0.9486866,2,43,0.08035592,0.9143106,2,64,0.025595972,0.9942552,0,85,0.0075922296,0.98181254,2,106,0.014949012,0.9560732,2,128,0.026624236,0.95554495,2,149,0.012218773,0.9069098,2,170,0.0035087378,0.95549583,2,200
205,0.011533536,0.9748026,2,41
206,0.005199906,0.9959353,2,27,0.0010833676,0.9601176,2,53,0.002645998,0.8918991,2,73,0.02454442,0.79260164,2,96,0.025447028,0.92580825,2,117,0.033702817,0.9828402,2,137,0.0057193097,1.0106759,2,158,0.004239535,0.9223512,3,178,0.0,0.7391396,2,200
207,0.0,0.9769609,2,23,0.0060688434,0.96075994,2,43,0.009258508,1.032951,2,63,0.026498571,0.928651,2,84,0.033833135,0.9377261,2,108,0.009633103,0.8942626,2,128,0.030068567,0.9574464,2,148,0.0,1.0269864,2,168,0.0,0.95407116,2,200
208,0.0,1.0176867,2,23,0.0012770072,0.94830745,2,59
209,0.010009225,0.9777238,2,36
210,0.0073683397,1.0112649,2,20,0.022871131,0.9609121,2,42,0.0033637937,1.0938962,2,62,0.014288692,0.92970896,2,82,0.00052273076,0.8843377,2,103,0.0037329532,0.66064286,2,123,0.0,0.8277131,2,145,0.0,0.77111405,2,165,0.0042032595,0.8960722,2,200
211,0.0020849095,1.045198,2,25,0.012089243,0.9516035,2,51,0.00073506404,0.9481113,2,73,0.0036541962,0.9010793,2,94,0.0055054007,0.9477539,2,120,0.0,1.0126785,2,143,0.0062371967,0.8633971,2,163,0.054056212,0.7139584,2,200
212,0.0007343726,1.0197121,2,20,0.0038580447,1.0332475,2,44,0.007598697,1.0569705,2,74,0.008759946,1.003539,2,95,0.0068824254,1.0054437,2,137,0.0020499104,0.96793216,2,160,0.0,0.905173,2,180,0.033547442,0.9922676,2,200
213,0.01604779,1.0166113,2,21,0.0054160086,0.96243423,2,42,0.0179711,0.9739604,2,63,0.0031995624,0.9631039,2,85,0.0,0.9065083,2,105,0.00070172147,0.93984187,0,127,0.026664048,0.9849593,2,147,0.0037617697,0.894205,2,167,0.0,0.90858716,2,200
214,0.030962536,0.9616319,2,21,0.008562923,1.0288944,2,41,0.014120798,0.8930893,2,81
215,0.011290585,1.0156443,2,28
216,0.016053656,1.0063512,2,20,0.0005682413,1.0043544,2,43
217,0.0017304147,1.0377338,2,33,0.014771706,1.0135647,2,65
218,0.045966756,0.8533134,2,22,0.09019254,0.80709684,2,42,0.0,0.84557045,0,62,0.0,0.8271139,2,82,0.0,0.5818421,1,102,0.0,0.35045153,1,122,0.0,0.6298304,2,142,0.0,0.8662946,1,164,0.0059129116,0.42566407,2,200
219,0.010099089,1.0061814,2,23,0.012859266,0.9326378,2,44,0.0009950607,0.9457153,2,64,0.03131798,0.95164716,2,87,0.066003755,0.86827964,3,107,0.011400471,0.89597464,2,128,0.0,0.93139,2,148,0.0,0.8816894,2,169,0.0026173294,0.8515165,2,200
220,0.0037146464,1.0217966,2,25,0.022394534,0.989154,2,46,0.0043632113,1.0254835,2,66,0.005445872,1.0018249,2,87,0.022043101,1.0003235,2,107,0.004805187,1.0230644,3,128,0.012584634,0.97320664,2,148,0.014092216,0.99732053,2,168,0.0015577765,0.9740974,2,200
221,0.02539837,0.9697738,2,29,0.0,0.9583248,2,50,0.011356212,1.023197,2,93,0.009338055,0.9880609,2,161
222,0.011223452,0.9018354,2,23,0.017845875,0.8889025,2,43,0.014761569,0.8220171,2,63,0.034480866,0.7985259,0,83,0.010926297,0.9349324,2,103,0.092748195,0.856267,2,123,0.0023652068,1.2093996,2,143,0.005864311,0.90278727,1,168,0.0,0.47495833,0,200
223,0.01062014,0.99491674,2,21,0.0049076355,0.9739218,2,43,0.032725412,0.9679244,2,64,0.017302202,0.98896194,2,86,0.0,0.99031305,2,106,0.01537576,0.96115077,0,129,0.0,0.85467863,2,150,0.0,0.99211437,0,171,0.0010262367,0.8939246,2,200
224,0.0,0.9940997,2,28,0.0060845255,0.99516594,2,48,0.0,1.0259452,2,102,0.0017347344,0.9957878,2,140,0.0126412185,0.9447626,2,160,0.014696102,0.8988868,2,200
225,0.004257682,1.003076,2,30,0.00027162582,0.9747976,2,50,0.0043076067,1.0441675,2,70,0.0041079875,1.0280056,2,96,0.0029339534,1.0255815,2,116,0.0022735372,1.038773,2,154,0.003095837,1.0441638,2,174,0.002129602,1.0435989,2,200
226,0.0,1.0129007,2,22,0.0046362025,1.0048549,2,44,0.0,1.0242202,2,74,0.022809686,0.98814154,2,95,0.0,0.9621794,2,126,0.009014222,0.95858836,2,150,0.014799028,0.9265509,2,172,0.0035101364,0.9833027,2,200
227,6.984401e-05,1.0311942,2,23,0.0,1.0134,2,54,0.0,1.027183,2,76,0.0034425806,0.96366173,2,97,0.020494398,0.924173,2,118,0.00555337,0.9158967,2,139,0.0,0.8967544,2,160,0.010052265,0.7582363,0,180,0.014922382,0.87628615,2,200
228,0.00391368,0.990263,2,20,0.0,1.0769091,2,41,0.0032727732,0.99984014,2,64,0.023388315,0.9131255,2,84,0.022009663,0.9843766,2,104,0.0015350981,0.99642736,0,125,0.0033084154,0.9414207,2,145,0.03812472,0.84056187,2,165,0.029823357,0.9156586,2,200
229,0.0045014606,0.9943186,2,20,0.018250784,0.9644867,3,40,0.018824918,0.9759983,2,68,0.0074734427,0.9894178,2,91,0.011435519,1.0453784,2,112,0.0026738765,1.046798,2,134,0.0071659153,0.9880606,2,154,0.00096597004,1.0263115,2,178,0.024733605,0.9296102,2,200
230,0.006411387,1.0207105,2,24,0.0031990549,1.001505,2,47,0.006120937,1.0431346,2,67,0.0,1.0479155,2,94,0.0,1.025501,2,116,0.0063636885,1.0030094,2,136,0.0,0.90727425,2,156,0.022213003,0.9296949,2,180,0.012285656,1.004541,2,200
231,0.015837885,1.0124185,2,30,0.014567646,0.9739904,0,52,0.017682435,0.98409367,2,72,0.00035395642,1.0128973,2,92,0.023454592,0.9227082,2,116,0.00062587054,0.896525,2,136,0.028350601,0.86174095,2,156,0.039217744,0.6786423,2,177,0.052855,0.83157766,2,200
232,0.0017088908,1.017171,2,24,0.0,1.0668032,2,44,0.0,0.9305032,2,68,0.0045036064,1.0013824,2,90,0.0038737734,0.9073061,2,110,0.006424453,0.89994955,2,130,0.004089403,1.0228982,2,150,0.0071338145,1.0328262,2,170,0.004844414,1.0023246,2,200
233,0.0,1.0044738,2,20,0.007783262,0.9746849,2,54
234,0.0010288343,1.0289384,2,24,0.0033485882,1.0065479,2,62,0.0,1.0497032,2,82,0.005184988,1.0326321,2,108,0.022615299,1.0058982,2,131,0.0,1.0383513,2,153,0.0012704667,1.0191395,2,179,0.0051537296,1.029216,2,200
235,0.012926557,1.0105994,2,26,0.00037779676,0.9964917,2,48,0.005281895,1.0133312,2,68,0.0013502727,1.0547639,2,88,0.006242156,1.0550852,2,108,0.0040516765,0.99204886,2,128,0.014067457,1.0052589,2,150,0.0018993426,0.9945758,2,170,0.0,0.9687332,2,200
236,0.0009305853,1.0230641,2,20
237,0.011115392,1.0417247,2,26,0.0045427936,1.0416714,2,47,0.011179296,0.9848619,2,68,0.015321317,1.0220358,2,90,0.010091153,0.99401605,2,110,0.0042229886,1.0388606,2,135,0.001334084,1.1227239,2,156,0.0074374815,1.0290442,2,177
238,0.0002522897,0.97650605,2,20,0.00027161234,0.98444813,2,46,0.011707483,0.98423845,2,86
239,0.002651212,1.0104781,2,28
240,0.004172279,1.0342662,2,28
241,0.0027054842,1.024175,2,39,0.014098333,0.9947505,2,71,0.012275996,0.9833821,2,91,0.0097811995,0.9917608,2,112,0.007655996,0.99836004,2,139,0.00485484,0.9996416,2,164,0.02039786,1.0077373,2,200
242,0.007125405,0.9125032,2,24,0.0,0.7478016,2,45,0.0,0.53988093,0,67,0.014224281,0.6772687,2,88,0.0,0.7370125,2,108,0.0,0.5279885,2,128,0.0,0.4745686,1,153,0.0,0.12840725,1,178,0.05374955,0.41203287,1,200
243,0.0050324085,1.0094407,2,23,0.017273113,0.9492886,2,44,0.0027304427,0.99594843,2,64,0.018239086,0.91497934,2,84,0.031729694,0.94776636,2,107,0.00704978,0.9584555,2,132,0.0010620457,0.98924536,2,153,0.0,1.0164727,2,200
244,0.020922273,0.9855283,2,40
245,0.007208516,0.9578396,2,46,0.0,0.94912827,2,67,0.0,0.99523056,2,87,0.0018245535,1.0197797,2,111,0.0110449735,0.93113303,2,136
246,0.003835252,1.0157619,2,20,0.0035376246,0.96653914,2,49,0.0,1.0002421,2,69,0.0023625502,1.0095464,2,89,0.006379366,0.98165685,2,110,0.0012564944,1.0149386,2,131,0.0,0.9389966,2,152,0.014238332,0.7984786,2,172,0.008375176,0.4872606,0,200
247,0.0029866046,0.97877216,2,22,0.0050897053,0.9843944,2,42,0.007524036,0.9819677,2,66,0.008442481,0.9080216,2,90,0.00045582242,0.9465389,3,110,0.0,0.8179585,0,130,0.01571486,0.9465637,2,152,0.007001482,0.8658845,2,200
248,0.005567073,0.98014295,2,20,0.0040028356,0.9740992,2,41,0.0,0.98357123,2,61,0.0087777525,0.94490397,2,82,0.0025414636,1.0089625,2,112,0.0012704427,1.0035452,2,146,0.0,1.0136988,2,167,0.0034177504,1.0109344,2,200
249,0.0,1.0321215,2,20,0.0,0.9929007,2,46,0.0042500487,0.9813836,2,66,0.0007125861,0.9956856,3,86,0.008233645,1.0218368,2,111,0.0,1.0318923,2,139,0.0,1.0132774,2,159,0.0,0.99251664,3,179,0.0,1.0250176,2,200
250,0.0036584951,0.9027322,2,20,0.0,0.9468843,2,50,0.0,0.9710288,0,70,0.024209827,0.9509894,0,90,0.01280297,0.62919956,2,114,0.043891106,0.26043463,2,134,0.0017929645,0.1911268,2,154,0.14568453,0.3255436,2,200
251,0.0033525818,0.76564384,2,20,0.14069775,0.7218371,2,40,0.17853203,0.63213074,3,60,0.01884118,1.106719,2,80,0.0,0.740665,0,101,0.0051144157,0.7699526,2,122,0.0,0.9616721,0,143,0.0,0.67948735,0,163,0.0054099443,0.52072614,0,200
252,0.0064344057,0.98625296,2,20,0.0049156533,1.0107332,2,48,0.018996786,1.0114186,2,68,0.0,1.0248435,3,88,0.00091696484,1.0340077,2,111,0.0,1.0116761,2,131,0.0,1.0497099,2,160,0.00915596,1.0053496,2,200
253,0.0037162716,0.96685606,2,25,0.013710041,0.91617066,2,46,0.030799842,0.897226,2,66,0.015196098,0.83159125,2,86,0.007913498,0.96547604,2,110,0.02560166,0.9523652,2,134,5.0376355e-05,0.98624575,2,154,0.011403803,0.9860763,2,177,0.0093365135,1.0028327,2,200
254,0.0047586807,1.0162901,2,20,0.0055853613,1.0412437,3,41,0.0012707934,0.97574705,2,63,0.0035543882,0.96587676,2,83,0.001924991,0.9540187,2,103,0.0039581424,1.0021348,2,124,0.0,0.98507226,2,145,0.023944238,0.9679408,2,165,0.0022283413,0.98396313,2,200
255,0.01744035,0.9521499,2,23,0.0010866575,1.029712,2,51,0.015348146,0.99703616,2,71,0.03188017,0.92462087,2,92,0.0046588723,0.9538656,2,113,0.0,1.0036281,2,133,0.0,1.0174005,2,153,0.011148527,0.969612,2,173,0.020287903,0.9333981,2,200
256,0.0,0.95430976,2,20,0.00096431666,1.0050733,2,40,0.0033370045,0.9052409,0,60,0.017677225,0.902763,2,82,0.0,0.9429969,2,107,0.008921516,0.7238661,2,127,0.06967195,0.62792426,2,148,0.0,0.54100215,2,168,0.08889954,0.42691746,0,200
257,0.006501457,1.0167453,2,25,0.00032133973,0.9756624,2,48,0.0041228556,0.9559704,2,68,0.009459904,1.0337154,0,88,0.0,1.0593641,0,111,0.0,1.0543555,2,137,0.013302375,1.0057409,2,158,0.005505424,0.975355,2,178,0.0006346732,1.0158889,2,200
258,0.00511793,0.9565364,2,31,0.007448236,0.9534134,2,58,0.005217533,0.94580775,2,85,0.0023139247,0.8604454,2,107,0.00074478786,0.9637382,2,133,0.016137814,0.9514048,2,164,0.0055822534,0.99819577,2,200
259,0.013078839,0.95576215,2,33,0.0009293497,0.9978896,2,54,0.0062469104,0.9788446,2,80,0.022240886,0.92820436,2,100,0.0,1.0319774,2,120,0.0029926414,0.9192311,2,154
260,0.008202182,0.99006516,2,21,0.006497834,0.9593377,2,44,0.0054144394,0.9952011,2,81,0.018547801,0.91897887,2,101,0.031596005,0.96640503,2,122,0.011273889,0.955949,2,142,0.0039670044,0.9819013,2,162,0.01412537,0.933484,2,200
261,0.0013963189,1.0454966,2,20,0.008770706,1.0062732,2,46,0.00017804492,0.986398,3,67,0.007691115,1.013185,2,88,0.0,0.9777527,2,108,0.0,0.9986129,2,129,0.0004162714,0.991552,2,154,0.0,0.96253604,2,174,0.009618192,0.98745215,2,200
262,0.002961147,1.0166731,2,20,0.00069868646,1.0228399,2,40,0.009055124,1.0654013,2,61,0.03050597,0.98675805,2,81,0.00017799977,0.9882878,2,101,0.0073194383,0.96238905,2,123,0.032934774,0.9432883,2,143,0.0063658296,0.9627859,3,165,0.021587504,0.9802078,3,200
263,0.00024557597,1.002438,2,20,0.0035742715,1.013112,2,44,0.0076407576,1.0207565,2,64,0.01969461,0.9568243,2,84,0.0,0.9992976,2,108,0.026615318,0.9090481,2,128,0.0,0.92886,2,149,0.0046826927,0.77198696,0,169,0.017138135,0.9295033,2,200
264,0.01919574,0.98163533,2,26,0.011229893,1.0013983,2,46,0.033119597,0.97745,2,66,0.010803094,0.9596341,2,87,0.028646007,0.9518202,2,107,0.013461385,0.95291275,2,129,0.0,0.9442878,2,149,0.00092309376,0.9452902,2,169,0.009033584,0.9343954,2,200
265,0.0065230643,0.95598215,2,25,0.018718485,0.9212133,2,46,0.00468666,1.0162576,2,80,0.015648715,0.9749237,2,102,0.009509799,0.8798382,0,124,0.0,0.95766693,2,146,0.0,0.9464701,2,169,0.006811865,0.9351127,2,200
266,0.0068038753,0.99723285,2,27,0.013604678,1.0529867,2,47,0.013536557,0.9483825,3,70,0.001996971,0.95549065,2,91,0.00377242,0.9877809,2,114,0.0041235005,0.9894456,2,135,0.08361839,0.9612626,2,155
267,0.0016066143,1.0367473,2,21,0.0011474327,1.0399505,2,41,0.019150434,0.97559863,2,65,0.02186509,0.9560472,2,86,0.004880614,0.97856843,2,111,0.007475008,0.97007555,2,144,0.013869452,0.97992706,2,164,0.007248817,0.9667139,2,200
268,0.0027786992,1.0284251,2,23,0.008951447,0.97562104,2,43,0.009404246,0.96732813,2,64,0.010789441,1.0103961,2,84,0.0048808716,1.0050997,2,105,0.025463255,1.0247948,2,127,0.0056070383,1.0078874,2,154,0.014396827,0.93778765,0,174,0.069863535,0.9562609,2,200
269,0.013102731,1.0012295,2,20,0.007617481,1.0163968,2,40,0.00208854,1.0297419,2,60,0.0075243586,1.0168531,2,88,0.00019398543,1.0351691,2,111,0.0,1.0410767,2,131,0.00075960846,1.0178504,2,157,0.0,1.034139,2,180,0.0,1.0854762,2,200
270,0.0,1.0333622,2,20,0.0069466704,1.0213714,2,40,0.0015289969,1.0244527,2,60,0.0,0.94178915,2,85,0.03230204,0.87932605,2,106,0.012639287,0.8557111,3,127,0.0,0.66941774,3,147,0.022500766,0.78963745,0,167,0.002208363,0.6998937,2,200
271,0.0058530467,0.96031463,2,20,0.0,0.98329705,2,41,0.0,1.2972215,2,63,0.0,0.9304499,3,84,0.0,0.7692337,2,104,0.0,0.5912031,0,125,0.0,0.7250097,0,145,0.0,0.9942486,2,167,0.00040946432,0.8574909,2,200
272,0.0052247643,0.9967575,2,25,0.0092442315,1.0274516,2,45,0.00057544495,1.0334902,2,67,0.0,0.9971526,2,87,0.02057035,1.0249808,2,108,0.001317684,0.997519,0,128,0.0,1.056738,2,148,0.011131423,0.9980402,2,168,0.02659046,0.8635773,2,200
273,0.004931603,0.9659723,2,29,0.022267222,0.9332449,2,52,0.006527475,0.86294585,2,73,0.008548582,0.87821233,2,93,0.008667032,0.8928303,2,116,0.010698932,0.8702144,2,138,0.005188479,0.8474227,2,158,0.00022068238,0.68244606,2,178,0.0,0.8486407,2,200
274,0.024743756,0.8974431,2,20,0.007057124,1.0361344,2,40,0.0,0.9337983,2,60,0.011239056,0.91250736,2,84,0.0046602124,0.8260602,3,104,0.014894818,0.96676415,2,129
275,0.0035955887,1.0279666,2,31,0.0015748945,0.95862216,2,52,0.028884703,0.89512634,2,72,0.0,0.96866137,2,100,0.020849817,0.90510243,2,120,0.042146213,0.8937366,2,141,0.003445243,0.88244975,2,161,0.004707124,0.9989264,2,200
276,0.0008226665,1.036922,2,27,0.023675049,0.97100973,2,67
277,0.0,0.97460425,2,22,0.0058493665,0.746506,3,55
278,0.005786792,0.9872153,2,25,0.032592148,0.9612651,2,46,0.016241146,0.8911244,2,66,0.0095745325,0.9159447,2,87,0.0065434882,0.9559247,2,107,0.0,0.95054924,3,128,0.004555013,0.9684089,2,148,0.021352433,0.93308073,2,170,9.847569e-05,0.664839,2,200
279,0.0020666965,1.0073241,2,25,0.008732114,0.97317463,2,48,0.011883684,0.9764954,2,69,0.022469714,0.9617033,2,89,0.043810315,0.9953037,2,111,0.018627703,0.9179098,2,131,0.005098013,0.9485338,2,153,0.02179509,0.97255325,2,173,0.010105429,0.9344175,2,200
280,0.010555382,0.9462492,2,20,0.0020708283,1.0590259,2,42,0.0,1.0707381,2,63,0.028893566,0.910987,2,83,0.009873949,0.9466869,2,112,0.0,0.8385085,2,133,0.014648264,0.74394643,2,153,0.014197592,0.7127583,0,182
281,0.0002994556,0.95445514,2,21,0.027616015,0.91941243,2,41,0.024928352,0.8848492,2,61,0.008440138,0.94715625,2,87,0.0014273045,0.89212185,2,109,0.0,0.80635816,2,129,0.02412223,0.82964236,2,153,0.0,0.67879856,2,173,0.016380752,0.69439775,0,200
282,0.004688599,0.976947,2,20,0.002882515,0.95910585,2,40,0.036095213,0.9668295,2,68
283,0.007036174,0.9820945,2,21,0.014492279,1.0110848,2,55
284,0.0049091782,1.0193334,2,57
285,0.0019222207,0.98947096,2,20,0.015784774,0.9494063,2,47,0.0025267184,0.92360497,2,76,0.002253642,0.86880136,2,101,0.0,0.9227031,2,148,6.36673e-05,0.8827433,2,173,0.04743646,0.9094455,2,200
286,0.00582846,0.9825023,2,24,0.019243946,0.97736156,2,44,0.01016849,1.008985,2,76
287,0.0017492065,0.99737465,2,30
288,0.0042690057,0.9869676,2,25,0.0046600527,1.013422,2,53,0.011662585,1.0040106,2,75,0.0013469709,1.0055279,2,98,0.0,0.97713464,2,129,0.0006447436,1.0405905,2,168,0.0016555439,1.0220867,2,200
289,0.013368088,0.9956585,2,20,9.358479e-05,1.017326,2,41,0.015144544,0.9701139,2,61,0.010064868,1.0295662,2,88,0.0017933246,0.9853401,2,108,0.0,1.0054848,2,128,0.00912963,0.985758,2,148,0.0,0.96687984,2,168,0.014851341,1.0289998,2,200
290,0.007809484,1.0243784,2,25,0.0,1.0141939,2,51
291,0.0084877275,0.97377867,2,25,0.0,1.0278729,2,45,0.0020086295,0.97107226,2,76,0.015166854,0.99323064,2,97,0.015811902,0.9106655,2,117,0.0011318675,0.9466759,2,139,0.015099081,0.9374711,2,163,0.027115084,0.97493535,2,200
292,0.009571423,0.9856586,2,23,0.009515051,0.9386504,2,43,0.0083359545,0.9483117,2,63,0.0,1.155771,2,83,0.0,0.66930974,2,103,0.015560081,0.41287413,1,123,0.0,0.36858982,1,143,0.0,0.35517642,1,167,0.048100457,0.30553943,2,200
293,0.00025311625,1.027701,2,20,0.0005826687,1.0144206,2,44,0.0034661344,1.0451275,2,64,0.002046732,1.0370576,2,98,0.015934918,1.0013176,2,134,0.0010596239,1.0698106,2,161,0.0013575125,1.0355297,2,200
294,0.0039562704,1.0191804,2,20,0.0110607045,0.99371284,2,41,0.0074055498,1.0086879,2,86
295,0.030538728,0.9650136,2,20,0.009398966,1.049775,2,42,0.0,1.0183432,2,62,0.0,1.0208374,2,83,0.0020995552,1.003121,2,104,0.062243972,0.93642336,2,125,0.008376333,0.923754,2,150,0.014414946,1.0446508,2,170,0.0,1.0007827,2,200
296,0.0035998307,0.97152,2,22,0.0027689524,0.9893463,2,42,0.0,0.9548686,2,62,0.010274457,1.0304744,2,82,0.0041419333,0.9988231,2,105,0.0,0.9901751,2,126,0.010444546,0.9620811,2,146,0.008031724,0.8669781,2,168
297,0.0045396076,0.9918473,2,22,0.0065324577,1.0092665,2,42,0.014874198,0.9654611,2,62,0.02878438,0.97121465,2,82,0.006756728,0.97684306,2,102,0.0,0.9972065,2,124,0.0,0.97852355,2,144,0.036248825,0.9670452,2,166,0.021918325,0.9653347,2,200
298,0.0058600386,1.0147165,2,28
299,0.0027033272,0.93089235,2,20,0.0,0.9845668,2,40,0.0090900855,0.99905515,2,61,0.0,1.0035671,2,87,0.0,0.8979138,3,107,0.0038224324,0.9270638,3,127,0.0,0.9101092,3,147,0.0,0.7811116,3,168,0.0,0.833657,2,200
300,0.0069775903,1.0125576,2,20,0.0,0.99696374,2,45,6.995657e-05,1.0790956,2,65,0.0035688344,1.0441083,2,86,0.0041940627,0.94819427,2,108,0.000886371,1.0231313,2,128,0.007992616,1.010943,2,148,0.0,1.0986667,0,168,0.0026584945,1.0459574,2,200
301,0.0057023684,1.021408,2,24,0.0,0.9248481,2,44,0.010436418,0.9439108,2,64,0.0010252432,1.0365193,2,84,0.0079786,0.9307206,3,104,0.0,0.92461634,0,124,0.0,0.9423769,2,145,0.003803396,0.9092128,2,166,0.0,0.711288,0,200
302,0.016294157,0.96955615,2,20,0.006974654,1.0564777,2,50
303,0.0043905224,1.0067708,2,27,0.0065170303,1.0303168,2,47,0.014196476,1.0021408,2,70,0.020079767,1.0115794,2,90,0.00054830516,1.0366281,2,117,0.0,1.0538073,2,137,0.008453251,1.0705568,2,163,0.0044906233,1.0275642,2,200
304,0.0,0.8917812,0,21,0.02131321,0.90865266,2,41,0.0,1.0766556,2,61,0.0,0.5069235,1,81,0.013090411,0.38535938,0,118
305,0.004161568,0.97777146,2,28,0.00972926,0.9931268,2,51,0.02000617,0.90767705,2,72,0.020648213,0.9128577,2,92,0.053621154,0.8927156,2,113,0.017314244,0.92715055,2,133,0.010886231,0.9624195,0,153,0.02079201,0.9467201,2,175,0.024032544,0.9691358,2,200
306,0.006880153,0.9778408,2,34,0.002726394,0.9988294,2,55,0.008429886,1.0049981,2,80
307,0.0052794907,0.9588442,2,24,0.0037659057,1.0177642,2,53
308,0.00345275,1.0091026,2,20,0.0039740433,1.0320601,2,46,0.011644056,0.97308576,2,71,0.031911004,0.8976797,2,93,0.03783236,0.90901095,2,117,0.001979452,0.9383148,2,137,0.00439979,0.9413665,2,157,0.026810916,0.92878866,3,178,0.012201125,0.87645286,2,200
309,0.0041569043,0.98783684,2,24,0.0,1.0108579,2,47,5.2887714e-05,1.0173817,2,79,0.009043528,0.96175563,2,99,0.0,0.9540681,2,122,0.007792794,1.0069689,2,149,0.010250297,1.0102078,2,200
