0,0.009565215,0.9950975,2,20,0.04706683,0.9137972,2,41,0.0,0.99776614,2,61,0.012070165,1.0002617,2,82,0.0038783425,0.98280036,0,102,0.00036367693,0.9845303,0,127,0.002566264,0.9723629,2,153,0.0013330881,0.9821531,2,175,0.012278869,0.9963707,2,200
1,0.0024664775,0.99288255,2,24,0.006449342,0.9818982,2,45,0.011024087,0.9460909,0,65,0.010444516,0.9436822,2,85,0.008357649,1.0181956,2,105,0.0122743985,0.98146325,2,125,0.018521054,0.98525906,2,145,0.0033610258,0.9176819,2,168,0.01775775,0.9139253,2,200
2,0.0,1.0379323,2,28,0.0063932743,1.0144643,2,57,0.0033601946,1.052619,2,77,0.005447793,1.0158967,2,97,0.008591095,1.0377088,2,122,0.009232428,1.0091583,2,148,0.0041570216,1.011876,2,185
3,0.015521461,0.98374736,2,32,0.009693352,0.9973902,2,61
4,0.0021189393,0.9991146,2,22,0.0070980964,1.0058869,2,44,0.0026581327,0.93963975,2,65,0.01013284,0.9318597,2,86,0.0,0.9652654,2,106,0.009263176,0.9702565,2,126,0.011659689,0.9914255,2,146,0.0,0.9731359,2,170,0.018664112,0.9458406,2,200
5,0.01373149,1.0597603,2,20,0.0069153467,0.9612568,2,40,0.001418276,0.9657239,2,60,0.018048963,0.9799122,2,84,0.0049003456,0.97825646,2,119,0.007838198,0.9658542,2,163
6,0.001075877,0.9791448,2,22,0.0010643711,0.99705106,2,47
7,0.0008920865,0.9922913,2,34
8,0.010982536,1.0176215,0,20,0.004243787,1.0249959,2,42,0.008615429,1.0814995,2,67,0.005817944,1.0456597,2,120,0.0016052844,1.036678,2,145,0.009855091,1.0447723,2,165,0.003589107,1.0127983,2,200
9,0.0052993703,0.9444816,2,25,0.004031456,0.8161652,2,46,0.0,0.8179228,2,66,0.011680268,0.7762484,2,87,0.0036153388,0.87628084,2,115,0.0,0.81362486,0,135,0.029857144,0.678645,0,155,0.042164285,0.49954388,2,176,0.11527286,0.2789606,0,200
10,0.0015162402,1.0162321,2,35,0.0,0.9918006,2,55,0.0,1.1160529,2,77,0.0,1.1047926,3,97,0.0,1.0750564,2,117,0.0,1.0289418,2,137,0.007080297,1.0712279,2,157,0.00022520917,1.0369177,2,177,0.010449048,0.9510392,2,200
11,0.0027970113,1.0541872,2,21,0.012929653,1.0351973,2,42,0.004197288,1.0134026,2,64,0.016547902,0.99032277,2,91,0.004905299,1.0215747,2,124,0.011054876,0.98979133,2,145,0.0052815927,1.0026107,2,168,0.0014028675,0.9945842,2,200
12,0.008012681,1.015365,2,20,0.0036455798,0.95350295,2,53,0.0145178605,0.94526196,3,81
13,0.0,1.0752844,2,20,0.000274077,1.0302776,2,51
14,0.0,0.986726,2,20,0.0,0.91872376,2,41,0.007791096,0.9791672,2,65,0.0,0.9844869,2,85,0.0050798403,1.0210587,2,113,0.0029439093,1.0597894,2,135,0.0,1.0175292,2,156,0.017394455,0.9764816,2,178,0.0,0.9788774,2,200
15,0.003762078,1.001459,2,26,0.0452738,0.9786066,2,52
16,0.049067758,0.9114472,2,20,0.038686987,0.6875076,2,51
17,0.008182397,0.90576935,2,20,0.008800331,0.843538,3,40,0.04881622,0.7289818,0,64
18,0.0049479865,0.98265195,2,29,0.0048953155,0.94971186,2,50,0.0045106765,0.9765382,2,82,0.0006792576,1.0021455,2,102,0.017531488,0.9800116,2,122,0.0,0.98299235,2,142,0.01323913,1.0847901,2,162,0.009756826,1.0102394,2,200
19,0.012673837,1.005823,2,20,0.0029051513,0.9529146,2,42,0.0091571305,1.0282032,2,68,0.004268422,1.000518,2,88,0.0,0.93252885,2,108,0.014208171,0.9953834,2,128,0.005140656,0.939318,2,153,0.029807663,0.9337503,2,173,0.031157073,0.9588724,2,200
20,0.0,0.9733392,2,21,0.011095876,0.96840155,2,41,0.024374187,0.8974153,3,62,0.0,0.9303756,2,82,0.0,0.9036986,2,102,0.007671603,0.87473,2,122,0.0038585956,0.9050622,2,142,0.03228995,0.8844183,2,162,0.019629586,0.8905571,2,200
21,0.0052903397,1.0359347,2,20,0.0009772921,0.9951102,2,76,0.0,1.0495334,2,96,0.0,0.953988,2,117,0.0012670611,0.7144175,1,138,0.0074357195,0.75072443,0,158,0.0,0.71754736,2,179,0.00976301,0.63673806,0,200
22,0.009426676,0.9966092,2,24,0.00045659373,1.0247115,2,52,0.0,0.98357916,2,73,0.0053666,1.0783125,2,93,0.019357054,1.0032364,0,114,0.00080918503,1.0297406,2,134,0.005937804,1.0502251,2,156,0.0,1.0295476,3,176,0.0149793625,0.98282796,2,200
23,0.0023839104,1.0284202,2,25,0.0076683885,0.9518232,2,51,0.005745245,1.041258,2,73,0.013583616,0.99437296,2,94,0.0028159353,1.0123471,2,116,0.009150665,1.0024016,2,136,0.0127483895,0.9154137,2,158,0.019489657,0.89284426,2,180,0.0456735,1.0031754,2,200
24,0.0,0.9644321,2,21
25,0.057023983,0.8605157,2,20,0.02002196,0.92038274,2,42,0.0,1.1427699,2,62,0.0,0.6469715,1,82,0.02100974,0.61352366,1,105
26,0.0153204,0.8772092,2,20,0.011100693,0.74154365,2,40,0.03265296,0.66579324,2,61,0.010981765,0.57828104,0,81,0.011124168,0.54201746,2,102,0.0,0.40682507,2,124,0.037633393,0.33215365,1,146,0.002378111,0.21254084,2,167,0.0092346715,0.31840947,0,200
27,0.015936766,0.90485626,0,21,0.0,0.86890984,2,42,0.0,0.9917308,2,62,0.0,1.2713776,2,83,0.0,0.78754807,2,104,0.038303383,0.25975353,0,124,0.0,0.39751342,0,153,0.0,0.3642355,2,175,0.049910933,0.5379837,2,200
28,0.0029358186,1.041337,2,23,0.02497815,0.99811614,2,63
29,0.0015867004,0.9619361,2,21,0.0,1.0151569,2,41,0.041525066,0.77877426,2,61,0.01771426,0.8945618,2,83
30,0.002317712,1.019565,2,25,0.0039482727,1.006701,2,50,0.0020909465,0.9838557,0,70,0.0098735085,1.0196697,2,92,0.0008187496,0.9912708,2,118,0.0021690298,1.0725591,2,138,0.0,1.0203966,2,158,0.0014536089,1.0449156,2,178,0.0,1.0789905,2,200
31,0.015896294,0.94362164,2,20,0.014401135,0.9130851,2,41,0.0137229655,0.93697226,3,61,0.030925289,0.96979105,2,82,0.029934071,0.9597896,3,103,0.10977914,0.95075864,2,123,0.029270653,0.89877796,2,143,0.014265177,0.93180794,2,168,0.00048109627,1.0261965,2,190
32,0.027240109,0.99087226,2,20,0.00078413804,1.0317076,2,40,0.00050332415,0.9256637,2,61,0.0,1.027971,2,81,0.006128065,1.0418135,2,102,0.027503991,1.0299442,2,122,0.013966571,0.91846627,2,142,0.0,1.0383534,2,166,0.0027513604,0.9762497,2,200
33,0.014071059,0.9964467,2,20,0.012020256,1.0501069,2,40,0.0027480891,1.0547234,2,68,0.007460804,1.0022548,2,89,0.00035631875,1.0048852,2,118,0.0015440579,0.9965781,2,138,0.0060958676,0.9853802,2,158,0.008362408,1.0217588,2,200
34,0.003562787,1.0007322,2,20,0.00031186463,0.9193086,2,41,0.0,0.984223,2,64,0.0,0.941533,2,88,0.0,0.99716794,2,110,0.0058434815,1.0094922,0,130,0.010491794,1.0044348,2,150,0.016815905,0.9789418,2,171,0.0059030037,1.0363694,2,200
35,0.0045937262,1.0124601,2,21,0.00084836537,0.974408,2,43,0.0006389958,0.9647623,2,64
36,0.009065576,1.0501802,2,20,0.006107788,1.0486001,2,42,0.004631343,1.0081391,2,70,0.018728763,1.033098,2,93,0.003407517,0.99334306,2,113,0.025381992,0.9874837,2,133,0.0,1.0004894,2,154,0.008862464,0.9777878,2,174,0.013705158,0.97597015,0,200
37,0.0025144764,0.99990577,2,23,0.015495524,1.0298721,2,43,0.014146288,1.0445209,2,69,0.013792073,1.0087707,0,89,0.02308325,1.0231066,2,109,0.023072913,1.0440383,2,130,0.011652157,1.0252548,2,167,0.0047705513,1.0897734,2,191
38,0.0,1.0023267,2,20,0.005527831,0.9726457,2,41,0.0074803284,0.9535174,2,62,0.0065853177,0.92901427,2,85,0.014519016,0.9593289,2,106,0.0,0.9601834,2,127,0.015151966,0.95325106,2,148,0.000117222815,0.94793504,2,173,0.0,1.0041758,2,200
39,0.0,1.0444449,2,20,0.0,0.97161967,2,41,0.0,0.97492737,2,62,0.0,1.0040295,2,94,0.016696308,0.96866405,2,114,0.034653973,0.9892982,3,134,0.046145022,0.95326906,2,155,0.09369552,0.9159135,2,176,0.06787615,0.9030139,2,200
40,0.0058669588,1.0047557,2,38,0.000596644,1.035014,2,59,0.008119907,1.0023868,2,84,0.0039886623,0.9661681,2,104,0.00065329106,0.97321,2,127,0.0060880287,0.99924564,2,147,0.013117687,1.02102,2,169,0.0049556317,0.9566972,2,200
41,0.017226271,0.78333604,2,22
42,0.015738277,0.9426899,2,20,0.0,0.79294,2,40,0.0,0.7764428,2,60,0.026550252,0.8768412,2,80,0.0,0.72599083,2,100,0.029764589,0.6169178,0,120,0.0,0.70156956,2,142,0.019137917,0.7146129,1,164,0.0037644978,0.43543327,2,200
43,0.010667217,0.95478207,2,22,0.0,1.0787963,2,43,0.007919542,1.0276293,2,64,0.005673645,1.0155672,2,98,0.0,1.0346946,2,118,0.0,1.0100777,2,138,0.008382997,0.91550183,2,159,0.006930914,0.97715634,3,179,0.043797962,0.84480256,2,200
44,0.0,0.99401927,2,21,0.006771015,1.0283468,2,50,0.0,0.9930008,2,72,0.007570848,0.9977889,2,92,0.001012719,0.98524845,2,130,0.0,0.9998028,3,151,0.028711325,0.996346,2,172,0.015049301,0.91788924,2,200
45,0.00025876975,1.0567095,2,20,0.0,1.0337375,2,40,0.0,1.0079507,2,60,0.0010533592,1.0652719,2,82,0.00018093779,1.0331919,2,103,0.008226894,1.0429196,2,126,0.00442876,1.0278097,2,146,0.0033956745,0.9885791,2,176,0.0024269035,1.0057212,2,200
46,0.018923257,0.9650281,2,20,0.014942146,0.9337553,2,42,0.0026173803,1.0019317,2,62,0.008455482,0.9813832,2,94,0.0057751476,0.93387586,2,117,0.028489724,0.9592004,2,138
47,0.0034481375,0.9861003,2,20,0.007080868,0.97409964,2,44,0.00783631,0.9743886,2,64,0.0,0.9586873,2,84,0.00071632327,1.0046012,2,110,0.020799702,0.86123323,2,135
48,0.0,1.0077425,2,23,0.036806583,1.0261902,2,43,0.052667093,0.9838114,2,63,0.015257789,0.94646627,2,83,0.0153564215,0.8925174,2,103,0.020462142,0.8987035,2,124,0.015778968,0.89081275,2,144,0.000503842,0.9404417,2,167,0.0054898607,0.9210788,2,200
49,0.004666182,0.99842775,2,20,0.0,0.96281165,2,40,0.0062959753,0.9808796,2,67,0.0015241631,1.020835,2,98,0.0058206916,0.98253113,2,119,0.007395106,0.9942082,2,139,0.012536409,0.98452395,2,161,0.0046438444,0.97648424,2,200
50,0.028327469,0.8544939,2,20,0.018781085,0.91163653,2,40,0.042420782,0.7298213,2,60,0.02368496,0.71155155,2,80,0.006241462,0.21297881,0,108
51,0.003262979,0.9643369,2,33,0.007912992,0.91547674,2,54,0.004514646,0.942632,2,82,0.0010797763,0.94735515,2,103,0.004747738,0.7580255,0,123,0.0,0.52755135,2,143,0.0,0.44130751,1,172,0.0119391205,0.5529697,2,200
52,0.0035139634,1.017517,2,21,0.0073169023,1.067533,2,45,0.021029027,1.0441593,2,66,0.015460641,1.0230434,2,89,0.013323356,0.98294294,2,128,0.013328138,1.0306674,2,148,0.010284079,0.94121087,2,168,0.01459863,0.9530884,2,200
53,0.02949252,0.9038301,2,21,0.026337314,0.7757925,2,41,0.011918724,0.8752907,2,64,0.03876377,1.0678099,0,88,0.0,1.3021798,0,108,0.015909744,0.8261015,2,128,0.006363091,0.70620835,2,148,0.0,0.79616666,2,168,0.038595323,0.8880157,0,200
54,0.011273056,1.0192593,2,22,0.0010569334,0.98176336,2,42,0.018267814,0.92957485,2,62,0.0,0.94502324,2,82,0.012826133,0.96649456,2,102,0.011159411,0.9836887,2,122,0.019200558,0.9457768,2,142,0.015861614,0.8574137,2,163,0.024908181,0.8163657,2,200
55,0.0,1.0270995,2,20,0.009083498,0.97080356,2,41,0.009287618,0.9636267,2,61,0.017372852,0.95584756,2,84,0.018715546,0.9540508,2,105,0.011558335,0.965295,2,130,0.0016241379,0.96874726,2,150,9.7016804e-05,1.0050586,2,172,0.0,1.0396816,2,200
56,0.0023481073,0.9881059,2,35
57,0.0155935595,1.0057192,2,24,0.032151476,1.0176847,2,50,0.0,1.0386732,0,70,0.012145704,1.0646064,2,91,0.0,1.0246651,2,111,0.011725542,0.9921201,2,135,0.012339852,1.0238925,2,157,0.0,1.0162565,2,180,0.0,0.9645668,2,200
58,0.008663717,0.98768485,2,20,0.005011255,1.0118806,2,47,0.027202357,1.0535709,2,68,0.0,1.0177592,2,91,0.0016204488,1.0419825,2,111,0.0,1.0472229,3,131,0.0,1.0484424,2,153,0.0,1.069742,2,200
59,0.0067214943,0.9665893,2,20,0.008510195,1.0706083,2,41,0.00020001715,1.0517466,0,64,0.0,1.0495718,2,100
60,0.010547044,1.0011171,2,20,0.0064646336,1.0280143,2,44,0.019279797,1.0062369,2,65,0.018987084,1.0132171,2,85,0.0073293364,0.9367792,2,106,0.010639337,1.027704,2,127,0.006716858,1.0151054,2,149,0.021982979,1.0537007,2,172,0.0019838961,1.0352532,2,200
61,0.0,0.9563367,2,20,0.0015411566,0.9184845,2,40,0.0034007225,0.83242065,2,78
62,0.0015009048,0.9544296,2,20,0.001683248,0.94697875,2,47
63,0.0041873953,1.0164858,2,21,0.0026036056,1.0102377,2,48,0.0,0.98758686,2,68,0.014250845,0.9651074,2,90,0.02695385,0.9382089,2,110,0.0,0.9850177,2,133,0.013818635,0.9693756,2,153,0.0022116664,0.9861593,0,173,0.0052276165,0.9914572,3,200
64,0.0040540523,0.96670794,2,21,0.01115902,1.0156988,2,42,0.0,1.025193,2,62,0.0,1.0274279,2,83,0.00091677887,0.99657327,2,103,0.023332443,0.9805743,2,123,0.0241983,0.94859254,2,145,0.06489504,0.91677004,2,167,0.023768429,0.96183294,2,200
65,0.0,1.0124749,2,30,0.004830341,1.0141627,2,53,0.003582105,1.0246712,2,78,0.0011982968,1.0309026,2,103,0.003375484,1.026961,2,126,0.004671944,1.1255492,2,150,4.5428318e-05,1.1360581,2,171,0.009074814,1.0936233,2,200
66,0.00855111,0.95182586,2,23,0.0048198816,0.99211466,2,45,0.0,0.9966242,2,68,0.0,1.0090973,2,89,0.010086141,1.0658561,3,111,0.005456141,1.1118594,2,134,0.0,1.10763,2,154,0.0,1.1085131,2,174,0.0,1.0624652,2,200
67,0.0071657235,0.7749544,2,21,0.02118745,0.8204066,2,41,0.0,0.56173676,0,65,0.002809326,0.49209845,0,86,0.008413891,0.5655533,0,118
68,0.00587852,0.98988825,2,23,0.054688454,0.93096286,2,44,0.014337223,0.9342686,2,66,0.014390715,0.9291278,2,87,0.029263925,0.9130481,2,112,0.016262937,0.9713311,2,132,0.019473948,0.9774961,2,154,0.020930188,0.91667175,2,175,0.013362864,0.97316587,2,200
69,0.0068906,0.97926015,2,20,0.0079809455,1.054667,2,58,0.006160908,1.0281994,2,78,0.0103159025,0.93262774,2,112
70,0.010736516,0.97604966,2,74,0.006343084,1.0863256,3,100,0.0022458914,1.0379525,2,123,0.008093008,1.0161617,2,157,0.014290947,0.9619521,2,177,0.01074082,0.97154915,2,200
71,0.009461252,0.9949249,2,20,0.026282772,0.956546,2,40,0.0033176513,0.84629834,0,61,0.0052171936,0.9442379,2,81,0.0,1.0151824,2,101,0.0,0.86015826,2,122,0.0,0.74362,2,146,0.0011330855,0.6765246,2,170,0.08338301,0.9066819,2,200
72,0.0017562907,1.0436792,2,22,0.0,1.017966,2,49,0.013147715,1.0268923,2,83,0.0007926269,1.0565172,2,103,0.0043419907,1.0420893,2,124,0.0,1.014666,2,148,0.0024252706,1.0373648,2,168,0.0037527075,1.0583506,2,200
73,0.0066137235,1.0270289,2,22,0.0,0.9755246,2,42,0.0,0.98164606,2,62,0.010778634,0.9633199,2,82,0.001821243,1.0523016,2,110,0.015726393,0.9383358,2,130,0.011992034,0.89735454,2,163,0.081122875,0.76291037,2,200
74,0.0230074,0.9939725,2,20,0.0024075517,1.0007936,2,40,0.003177702,1.0091628,2,60,0.0,0.98818475,2,80,0.0,0.960073,2,103,0.0,0.9118584,2,127,0.009424968,0.9102661,2,156,0.0,1.018527,2,177,0.0053563463,0.9315208,2,200
75,0.005886141,0.9722823,2,20,0.025664603,0.9155795,2,40,0.0,0.94452167,2,72,0.0,1.0038886,2,92,0.0070602633,1.0010844,2,115,0.034737326,0.91824615,2,136,0.0025438138,0.94686157,2,156,0.014745062,0.99921834,3,178,0.01344395,0.85073376,3,200
76,0.00025823465,1.0538691,2,21,0.0014116615,0.9736066,2,41,0.0064090034,1.0006627,2,61,0.0,1.0050231,2,81,0.0,1.0539628,2,113,0.0,1.0131843,2,136,0.018641423,0.9908102,2,156,0.015738161,0.9792957,2,180,0.013067486,0.97633505,2,200
77,0.022428203,0.9354201,2,26,0.012454502,0.9733516,2,46,0.013780748,0.9905017,2,70
78,0.030199451,0.97012615,2,33,0.0015184315,0.95298165,2,54,0.014562907,0.8344872,2,85
79,0.0063352,1.0182201,2,28,0.022276307,1.0579088,2,50,0.0,1.0170991,2,71,0.0013629334,1.0284946,3,91,0.0,1.1061051,2,111,0.00043605073,1.0513399,2,132,0.0004471383,1.0052946,2,152,0.0020557314,1.0857223,2,200
80,0.0,1.000844,2,20,0.0039434736,1.0450407,2,44,0.014816685,0.99612916,2,65,0.008049477,0.95959735,2,86,0.02172012,0.97140247,2,106,0.022568403,0.95412546,2,129,0.0124030765,0.930936,2,149,0.023140041,0.91514367,2,170,0.031321336,0.9464068,2,200
81,0.008163012,1.0437047,2,31
82,0.0046821213,0.99789613,2,22,0.0,0.96412814,2,47,0.0,0.9568186,2,67,0.0,0.7978931,2,89,0.012112677,0.6178073,2,119,0.047658544,0.8059044,2,152
83,0.0,1.0592107,2,21,0.0,1.0141644,2,49,0.002493447,1.0636413,2,81
84,0.0010240114,1.0133313,2,20,0.014088575,0.97383064,2,42
85,0.0,0.91223437,3,21,0.0,1.1103818,2,42,0.0,1.0039617,0,62,0.0,0.7924148,0,82,0.0,1.0115983,2,102,0.0,0.59149903,0,122,0.0033958473,0.6226528,2,142,0.0,0.60262084,0,162,0.08373321,0.49679312,2,192
86,0.0027036362,0.915907,2,20,0.018393356,0.9821012,2,49,0.0,0.8819791,2,69,0.0,0.7941097,2,92,0.006415277,0.7132295,2,112,0.0,0.7336135,2,133,0.0,0.6620002,2,158,0.0,0.69056803,2,178,0.045593563,0.9117305,2,200
87,0.0028168468,1.0168695,2,23,0.03810065,0.9622071,2,44,0.00993996,0.9186955,2,78
88,0.0014161875,1.0110298,2,21,0.005774399,0.9415377,2,41,0.008650767,1.0296155,2,61,8.397177e-05,0.99147636,2,85,0.005171564,1.0139507,2,108,0.0029403449,1.0183917,2,132,0.0029542337,0.9847091,0,152,0.012597896,0.9877348,2,200
89,0.016155217,0.8814865,2,23
90,0.010244951,1.0096661,2,20,0.0069535943,0.96818537,2,45,0.012871777,0.93772686,2,66,0.043623988,0.9730484,2,88,0.0,0.97580224,2,108,0.055040054,1.0035957,3,128,0.039358925,0.869141,3,148,0.00882526,0.93996954,2,168,0.02691137,0.86766243,2,200
91,0.008100389,1.0088886,2,23,0.01936754,1.0020437,2,47,0.009159221,1.0040032,2,67,0.0060899816,1.0112879,2,99,0.0064552017,1.0075089,2,120,0.0019888107,1.062298,2,140,0.01284749,1.0284024,2,166,0.009778698,0.986939,2,200
92,0.010265918,0.9638217,2,27,0.003002699,1.0049334,2,48,0.020509522,0.95898837,0,68,0.0,0.89581585,3,88,0.020268247,0.87620753,0,109,0.033770148,0.9023016,2,133,0.009924834,0.9460953,2,153,0.0017520734,1.0376265,2,174,0.0053581973,0.9222637,2,200
93,0.0,1.0281701,2,25
94,0.005349471,0.9565684,2,21,0.019789737,0.894971,2,41,0.005158031,0.9721006,2,61,0.024081491,0.84866875,2,87,0.009109958,1.0512016,2,107,0.048741933,0.7019759,2,127,0.030026028,0.70848817,2,148,0.008006533,0.78155756,2,171,0.023322558,0.48946208,0,200
95,0.0019092326,0.9913229,2,22,0.015781317,0.96804637,2,42,0.017951507,0.886087,2,72
96,0.00062735,0.9344714,2,21,0.011332984,0.92908615,2,48,0.0017067067,1.0295166,2,68,0.004999972,0.99968755,2,89,0.0,1.0344238,2,113,0.0064316303,0.9860096,2,133,0.00092767534,1.0264564,2,153,0.0055993637,1.020071,2,173,0.0010784997,1.0064771,2,200
97,0.017460989,0.9956991,2,20,0.041286845,0.95676154,2,44,0.030448351,0.9517075,2,65,0.0064074257,0.929385,2,85,0.020160861,0.9341141,2,105,0.027375048,0.92019624,2,125,0.0057671284,0.93238497,2,146,0.02677309,0.9310428,2,166,0.02102237,0.94435006,2,200
98,0.00038944025,0.9795543,2,21,0.009222574,0.9665638,2,53,0.0049131876,1.0164168,2,73,0.0060996288,1.0405581,2,93,0.003791038,1.0053836,2,113,0.0011821596,1.0367807,2,136,0.008021789,1.0114633,2,157,0.0022442497,1.056366,2,200
99,0.0,0.980132,2,20,0.0031349822,1.0182986,2,51,0.0,0.9663547,2,71,0.020842705,0.9827251,2,94,0.00053781224,0.9752332,2,115,0.0,0.94715774,2,135,0.0,1.0472423,2,155,0.019229848,0.94478196,2,176,0.0071000303,0.97236633,2,200
100,0.0060008685,0.97911865,2,20,0.008986314,1.0221112,2,42,0.006810144,1.016834,2,64,0.00890183,0.99972475,2,84,0.0006753729,0.99460346,2,104,0.009632009,0.97310436,2,124,0.0055745374,1.0179802,2,149,0.022102844,1.0293211,2,170,0.015491397,1.0313994,2,200
101,0.0017193429,0.9874315,2,22,0.010372083,0.958735,2,51,0.0,0.8804827,2,71,0.0,1.0325685,2,92,0.0,0.9094814,2,112,0.042069487,0.9555421,0,132,0.040645823,0.94516003,3,153,0.04985289,0.9431858,2,173,0.038470797,0.9114244,2,200
102,0.00052424596,1.0507312,2,20,0.0047984137,0.9979688,2,41,0.006117427,0.96003854,2,67,0.023331963,0.96191746,2,96,0.014997208,0.95518845,2,120,0.01163718,0.92137,2,147,0.015875204,0.9613334,2,167,0.03768266,0.9583006,2,200
103,0.0015927027,0.97719574,2,22,0.007812894,1.0064286,2,42,0.0,0.99480855,2,63,0.0021254956,0.9273753,2,83,0.0061311205,0.92580646,2,106,0.0032230392,0.9365776,2,128,0.0,1.018293,2,150,0.0155952275,0.92343795,2,170,0.013222505,0.82574725,2,200
104,0.011946349,0.9573657,2,20
105,0.0,1.0594455,2,25,0.002993627,1.0227191,2,48,0.0065506003,0.99780065,2,72,0.00966551,1.0676305,2,92,0.009496943,1.1031849,2,115,0.0,1.018533,2,135,0.017410906,1.0073891,2,160,0.0119798165,1.0141404,2,200
106,0.011265933,1.0179712,2,22,0.0074544186,1.0188336,2,42,0.010911007,0.9512034,2,65,0.021704122,0.9167493,2,85,0.0,0.980885,2,105,0.0,0.9658577,2,125,0.007562003,0.99209124,2,146,0.0,0.95414656,2,166,0.015522315,0.9140975,2,200
107,0.0134289265,1.0347478,2,20,0.015312733,0.9954847,2,50,0.0,1.0230091,2,70,0.016982893,0.9982868,2,92,0.0,1.0334183,2,120,0.007964779,1.0638347,2,140,0.013416293,1.0134933,2,160,0.0076521663,1.0201029,2,200
108,0.012564892,0.951608,2,20,0.004637259,1.0419612,2,40,0.008340732,0.9876554,2,62,0.0004694702,1.0068198,2,97,0.017960621,0.9751314,2,125
109,0.030792305,0.9374927,2,21,0.018108241,0.8484603,2,46,0.012122488,0.8309846,2,66,0.032172155,0.9344778,2,86,0.0,0.92551696,2,106,0.0059926542,0.7363829,2,128,0.0109206755,0.955624,0,148,0.008573333,0.9653928,2,170,0.048046075,0.78389496,2,200
110,0.006999051,0.9548864,2,22,0.0031227316,0.9673837,2,42,0.018980453,0.95631856,2,62,0.022981187,0.9077435,2,85,0.0061613414,0.95380515,2,107,0.0,1.0357411,2,127,0.0,0.99587536,2,147,0.0,1.0295923,2,168,0.034816682,0.89008373,2,200
111,0.003351814,1.0058072,2,25,0.009886598,0.97051394,2,45,0.0,1.0378644,2,66,0.0037749165,0.9966216,2,87,0.0012318295,0.94559896,2,108,0.025600445,0.99471605,2,128,0.0016705716,1.0349779,2,148,0.0035693157,1.0401223,2,168,0.013115242,1.0424774,2,200
112,0.0037027628,1.0028161,2,20,0.014008311,0.9629635,2,49,0.0,0.9752717,2,69,0.029058557,0.9255196,2,94,0.0043697227,0.984548,2,131,0.006995575,0.93244666,2,151,0.0,1.055836,2,172,0.0034387372,1.021314,2,200
113,0.01885644,0.9985552,2,20,0.00041904868,0.90675217,2,41,0.0019382897,0.9269587,0,61,0.0003412653,0.8481517,3,81,0.0,0.6330159,3,104,0.0,0.7825508,2,124,0.0,0.6241978,2,146,0.0,0.6551038,2,166,0.010404073,0.7889634,2,200
114,0.00086512195,1.0280449,2,20,0.011822188,1.01739,2,40,0.0098784,1.0348002,2,64
115,0.005196861,1.0345613,2,21
116,0.009790469,0.91505593,2,20,0.0,1.0034865,2,42,0.0,0.9926602,2,66,0.000107977816,0.9241931,0,86,0.030316196,0.9643189,2,107,0.0,0.7246787,2,128,0.0,0.73203117,2,148,0.0,0.6466576,1,169,0.0,0.48214036,1,200
117,0.011811018,0.995895,2,20,0.008667205,1.0186148,2,40,0.03096216,0.95226425,2,61,0.0067114215,0.940132,2,88,0.021932041,0.9641693,2,108,0.0,1.0231521,2,128,0.010319662,0.9681615,2,150,0.009716159,0.98612523,2,180,0.008534315,1.0545214,2,200
118,0.0065401033,0.9784382,2,23,0.009937132,1.0106077,2,44,0.00050882227,1.0098641,2,66,0.0046824194,0.9889013,2,86,0.0008583662,1.0295169,2,106,0.0014910337,0.9997621,2,128,0.019264359,0.99323684,2,148,0.0,0.9782924,2,171,0.02189515,0.9600703,2,200
119,0.0127418265,0.98693496,2,27,0.005534751,0.9584466,2,69,0.009803717,1.011092,2,89,0.012606382,0.99201185,2,110,0.003960937,0.9821092,2,137,0.008281019,1.0057243,2,162,0.0047867047,0.97794634,2,200
120,0.0015393557,1.015564,2,20,0.0041604266,0.99279207,2,45,0.00029718605,1.0068699,2,65,0.016883323,1.0280207,2,86,0.008058957,1.0507855,2,106,0.0014211971,0.9911372,2,126,0.0033743868,1.0348302,2,157,0.0,1.0676787,0,177,0.0020649203,0.9778531,2,200
121,0.0,1.0211112,2,20,0.0046831938,1.0429282,2,42,0.0059978627,0.9515298,2,63,0.0110480245,0.9034115,2,83,0.033102863,0.98250693,0,103,0.008698628,0.9405041,2,123,0.024524009,0.9793528,2,146,0.0022951742,1.0272965,2,169,0.011693419,0.9994425,2,200
122,0.0,1.0461243,2,23
123,0.009764402,0.9570326,2,22,0.0,1.0174731,2,44,0.00021290255,0.9297981,2,65
124,0.0046503567,0.9487816,2,22,0.009012289,0.9725361,3,43,0.017693628,1.0195729,2,63,0.015925914,0.9371403,2,83,0.031389028,0.93018734,2,103,0.017426789,0.93762654,3,123,0.016234677,0.9559595,2,145,0.031899035,0.9510287,2,165,0.04336514,0.9596877,2,200
125,0.0,1.0271357,2,23,0.017818801,0.9592101,2,43,0.030824447,0.9016713,2,68,0.0042774333,0.9501336,2,88,0.007376355,0.9888384,2,108,0.0055034948,0.9822852,2,129,0.003048581,0.9759437,2,149,0.00025440444,1.005176,2,169,0.0004851138,1.0162001,2,200
126,0.00438238,1.0252669,2,31,0.016755065,0.9104175,2,54,0.014324488,0.83480567,2,74
127,0.0007927966,0.9951278,2,21,0.009580166,0.9757819,2,46,0.020975208,0.95018893,2,66,0.010604234,0.97998416,2,105
128,0.026153885,0.9770761,2,29
129,0.008109214,1.0215992,2,20,0.0070814025,0.9476384,2,46,0.0035696141,0.98518217,2,66,0.0,1.0030047,2,86,0.009751648,0.9750487,2,106,0.007641235,0.9665004,2,126,0.0025574432,0.9334028,2,155,0.010345073,0.97284156,2,175,0.006009149,1.057035,2,200
130,0.016288348,0.93356895,3,20,0.084237814,0.8595383,3,42,0.0010322494,0.9759425,2,62,0.0,0.87865746,3,82,0.00016227251,0.8287828,2,105
131,0.00428849,0.9790102,2,20,0.0049682963,1.0059332,2,40,0.010186072,1.0235955,2,71
132,7.299414e-05,0.99747795,2,21,0.0024819456,1.0506096,2,43,0.0029581722,1.0066268,2,68,0.0,1.0479503,2,88,0.01021693,1.0159802,2,122
133,0.0015010493,1.0096976,2,36
134,0.0007669829,1.0371124,2,39
135,0.0011116995,0.98563135,2,23,0.0074206544,0.974971,2,43,0.01811555,0.9777665,2,63,0.012008637,0.96163344,2,89,0.00034651376,1.0444214,2,109,0.0064841313,1.0820242,2,129,0.009826528,1.0841595,2,161,0.0043889917,1.0469564,2,200
136,0.015705409,0.96404195,2,21,0.007382813,0.9434351,2,44,0.03621044,0.86981976,2,64,0.012544033,0.94557524,2,85,0.009217517,0.88219136,2,105,0.0012194386,0.8275523,2,125,0.00915278,0.91147256,2,148,0.0,0.61324793,2,168,0.0,0.7143108,0,200
137,0.00064735726,1.0256718,2,21,0.0068441657,0.9962942,2,42,0.0063892384,1.0363798,2,63,0.00047997702,1.0008436,2,83,0.005942792,0.99554586,2,107,0.0009072379,0.99480575,2,128,0.02797405,0.95114094,2,150,0.0,0.96293133,2,178,0.005536654,1.0359012,3,200
138,0.0038051177,1.000011,2,21,0.0049898503,1.0241325,0,44,0.0080448985,0.9692432,2,64,0.015802808,0.9583049,2,102
139,0.0,1.0442536,2,28
140,0.008775031,1.0040141,2,21,0.0,1.0192997,2,42,0.009851096,0.9969131,2,62,0.013084385,0.9964827,2,84,0.0065663583,1.0012404,2,112,0.006232885,1.010607,2,133,0.006627771,1.0433985,2,153,0.0063279974,1.0137162,2,175,0.011151468,1.0620527,2,200
141,0.0,1.017175,2,20,0.003007588,1.0364771,2,47,0.0028906555,1.0213121,2,74
142,0.010290618,0.9942567,2,21
143,0.015524084,0.99456877,2,25,0.012874271,1.0130684,2,45,0.007457681,0.9642573,2,77,0.010862109,0.98584884,2,102,0.0039225523,1.002798,2,125,0.0054653296,0.9702887,2,147,0.010103062,0.9797196,2,188
144,0.01210949,0.97418797,2,20,0.022029672,0.900818,2,41,0.0048934165,0.96437216,0,62,0.008512083,0.93736804,2,83,0.006446049,0.93898284,2,111
145,0.017220635,1.0235045,2,20,0.009945273,1.0048497,2,42,0.0074478164,0.99025834,2,62,0.008576153,0.8988963,2,83,0.011185004,0.8151419,2,106,0.010913074,0.96759707,2,127,0.004826297,0.9375507,2,152,0.024978084,0.9196846,2,172,0.018802166,0.91439563,2,200
146,0.00031916559,1.0344766,2,21,0.0026033395,1.0414078,2,41,0.008241033,0.97673136,2,62,0.006058629,0.9725415,3,83,0.042186767,0.95718557,2,107,0.014665594,0.9850831,2,127,0.011470188,0.9182724,2,148,0.013369163,1.0417924,2,172,0.011363896,1.0064051,2,200
147,0.006634632,0.93087506,2,26,0.0026433095,0.8929723,2,46,0.0,0.99530125,0,66,0.0,0.9322405,0,86,0.03563971,0.65807366,2,106,0.0,0.50924313,0,126,0.004988428,0.14730252,2,149,0.09308739,0.1775805,2,169,0.21962175,0.24551103,2,200
148,0.0094209295,0.99620646,2,20,0.0,0.85678303,2,41,0.0,0.9398492,3,61,0.0,0.9182639,3,81,0.0020265756,0.87492484,2,101,0.0,0.8880836,2,122,0.0,0.8902356,2,143,0.0106511,1.0017155,3,165,0.017492587,0.9566207,0,188
149,0.0031283463,1.0148342,2,25,0.0034756896,0.9620748,2,70,0.0155782355,1.0277983,2,94,0.020110067,0.9683878,2,127
150,0.0013006164,1.0680218,2,33
151,0.019998213,1.0227959,2,21,0.0,1.0538633,2,42,0.0,1.1954799,3,62,0.0,1.1619056,3,82,0.0012776997,1.0435071,2,105,0.015874332,0.94481766,2,125,0.0,0.96904415,2,164
152,0.010487663,0.9774125,2,35
153,0.0,0.9487343,2,21,0.0,0.95034695,0,41,0.04946484,0.7648423,2,62,0.024531515,0.80838,2,82,0.0,0.78683734,2,102,0.0,0.75655884,1,123,0.0,0.7457523,2,144,0.0,0.5665603,0,167,0.057496633,0.225729,2,200
154,0.011488903,0.9230269,2,20,0.0,0.93820494,2,45,0.008610075,0.902111,2,71,0.010110373,0.9299455,2,93,0.0393578,1.0265775,3,113,0.0026640317,1.0602856,3,134,0.0,0.8411478,2,156,0.004661716,0.87487876,2,177,0.021810584,0.9122127,2,200
155,0.008660448,1.0108544,2,23,0.0069843517,0.9211434,2,44,0.06405338,0.9151028,2,64,0.019013545,0.897824,2,84,0.0063034296,0.9996092,2,105,0.0069217095,0.9809486,2,125,0.013211781,0.95682603,2,145,0.011454338,0.9064253,2,166,0.011893385,0.9945985,2,200
156,0.0035876767,0.9924369,2,20,0.017504303,0.99856704,2,47,0.01851205,0.9593226,2,67,0.0057605794,0.94537145,2,88,0.0026447177,1.0055383,2,108,0.0013381793,0.9816084,2,128,0.026199883,0.9380911,2,149,0.031980757,1.0258265,0,174,0.010556821,1.0020237,2,200
157,0.01462415,0.8292226,2,37
158,0.013073593,0.98629415,2,40
159,0.045586348,0.83176327,3,20,0.0,0.919116,2,40,0.0,0.8329822,2,60,0.0,0.80552065,2,80,0.035984598,0.8421729,0,100,0.010402951,0.81539977,2,123
160,0.037244752,0.9944231,2,21,0.0,0.9850129,2,41,0.012074331,0.9538888,2,61,0.0,0.8330861,2,84,0.0,0.9606703,0,108,0.0,0.9333415,2,132,0.0,0.7560329,0,154,0.0,0.9165477,0,176,0.0012390842,0.7478621,0,200
161,0.009347126,0.99874705,2,20,0.0049289726,1.0226077,2,40,0.0,1.0490836,2,64,0.0008159655,1.0475538,2,84,0.0,1.0228307,2,104,0.0,1.0165095,2,124,0.0025050063,1.054258,2,162,0.0010598075,1.0546517,2,200
162,0.0030016466,0.93709534,2,21,0.00077285484,1.047365,2,42,0.00708551,1.0013732,2,66,0.001141951,1.047193,2,88,0.0041647484,1.0087985,2,108,0.0,1.0483354,2,128,0.003891303,1.0213218,2,148,0.038189925,0.97489583,2,176,0.040555816,0.98138267,2,200
163,0.0,0.98523253,2,24
164,0.014251823,0.988506,2,20,0.00961477,0.9825689,2,41,0.009546245,1.0135888,2,69,0.01453322,0.96319944,2,89,0.008975672,1.0127873,2,115,0.007608845,0.981604,2,135,0.014789474,0.89597833,2,155,0.03668914,1.000118,2,175,0.014341091,0.97512984,2,200
165,0.0060099894,0.9569518,2,21,0.010427025,1.0040324,2,41,0.0,0.98572123,2,66,0.008817112,0.8926366,2,87,0.009955217,0.9118001,2,111,0.012073314,0.94145036,2,144,0.026411971,0.7803656,2,164,0.024793454,0.7751615,2,200
166,0.0024421636,1.0588661,2,29
167,0.0,0.9673464,2,21,0.015466837,0.96546066,2,41,0.01460955,0.6415256,2,79
168,0.005884575,0.9832878,2,20,0.0049227267,0.9493224,2,40,0.009964978,0.94350225,2,60,0.0,0.9601353,2,93,0.0,0.79705673,2,115,0.0,0.7337773,2,135,0.0,0.78517973,2,160,0.0,0.78206146,2,200
169,0.0,0.991682,2,22,0.031305082,0.933675,2,42,0.014380208,0.9907145,2,64,0.011734946,0.9534208,2,85,0.0,0.8838956,2,105,0.0,0.85769176,2,127,0.0,0.8547255,2,147,0.0,0.82948834,2,178,0.010470639,0.909312,2,200
170,0.0017127731,0.9514937,2,25,0.0,0.8198204,2,46,0.025881533,0.9388418,2,66,0.020284487,0.68426627,2,87,0.0,0.57413113,2,107,0.0,0.24651721,1,127,0.0,0.4571484,3,147,0.0,0.43292513,0,168,0.031311974,0.3696419,1,200
171,0.019416392,1.0455904,2,21,0.008914845,1.0231527,2,41,0.0050093695,0.9900569,0,61,0.0063717947,0.99603695,2,83,0.005271725,0.9926658,2,122
172,0.006322435,1.0264249,2,21,0.006590896,1.0098755,2,45,0.011235605,1.0420032,2,67,0.0,1.0196475,2,87,0.0064176996,0.93336296,2,118,0.0,1.0161167,2,141,0.0,0.99288124,2,162,0.0120592015,1.0318134,2,200
173,0.00225921,1.0154151,2,22,0.0053397114,0.9435729,2,42,0.009873109,0.94867975,2,62,0.009483007,0.96765065,2,87,0.013246104,0.9976162,2,109,0.02882578,0.97551477,3,129,0.026112491,0.91081053,2,152,0.008843715,0.9290719,2,172,0.01654374,0.965468,2,200
174,0.009837547,0.97648656,2,20,0.005165782,0.94140613,2,41,0.003059893,0.8396104,2,61,0.028033286,0.8867527,2,81,0.013002983,0.6830563,2,103,0.002449461,0.6474089,2,124,0.0007771213,0.6223388,2,144,0.02070181,0.8109558,2,167,0.022408012,0.9311622,2,200
175,0.002142667,0.9775623,2,22,0.024728663,0.997433,2,42,0.0019000251,0.985261,2,65,0.0,0.978467,3,85,0.0006813824,1.0256679,2,105,0.011524539,1.0218829,2,125,0.009641492,1.0139703,2,146,0.017214557,0.97696114,2,168,0.007279892,0.8989529,2,200
176,0.004666526,0.97359514,2,20,0.001766746,1.025544,2,44,0.0019922035,1.0413878,2,70
177,0.01831853,0.99829197,2,20,0.027473317,0.92891985,2,42,0.012052534,0.9176187,2,80
178,0.009881662,0.9664761,2,20,0.0,1.0188906,2,41,0.004864763,0.9836918,2,62,0.009310968,1.0344865,3,83,0.0,1.0793105,2,103,0.0066216723,1.0045879,2,143
179,0.020588458,0.9968053,0,20,0.01567443,0.9314929,2,40,0.009300777,0.9645276,2,60,0.01455428,0.9137224,2,80,0.009063477,1.0581532,2,105,0.0,1.0027609,2,125,0.0,1.0594579,0,146,0.0,1.0532057,3,167,0.0,1.1023054,2,200
180,0.023436803,0.9966257,2,22,0.0029626486,0.965005,2,44
181,0.020153504,0.97469074,2,20,0.0,0.92411107,2,40,0.0,0.9773284,2,63,0.0,0.9077904,2,84,0.0036767956,0.9247261,0,104,0.0,0.99354446,2,124,0.008785923,0.99011004,2,147,0.055423997,0.9070237,2,167,0.0007236382,0.9646513,2,200
182,0.03058461,0.81001234,2,20,0.017475978,0.69073606,0,41,0.02412452,0.53031546,2,63,0.050073583,0.6441316,2,83,0.020281319,0.49524292,2,103,0.0,0.5145735,2,123,0.0,0.24500938,1,143,0.008883068,0.3974107,2,163,0.1467975,0.24045655,0,200
183,0.0032863368,1.0666646,2,21,0.001347777,0.98131096,2,57
184,0.020368487,0.8969733,2,28,0.005701266,0.95571214,2,48,0.013198857,0.87981766,2,69,0.0,0.7844974,0,89,0.0,0.7890417,0,109,0.0,0.7928268,2,129,0.014576484,0.8376002,0,158
185,0.0031560312,0.98083496,2,24,0.01224456,0.92729896,2,45,0.004753992,0.9351214,2,66,0.031357866,0.95508635,2,86,0.056953944,0.95005894,2,106,0.0023807362,0.95980346,2,129,0.025034204,0.95369476,2,150,0.0040287003,0.9476738,3,170,0.014923399,0.9634164,2,200
186,0.0067314073,1.0302299,2,23,0.005147299,1.035328,2,44,0.0051862444,0.9822397,2,66,0.011067786,0.98803234,2,88,0.0049541667,0.9842813,2,114,0.0062080324,0.9897061,2,136,0.009400002,0.9875032,2,157,0.00018234293,0.97857213,2,178,0.017702756,1.0282832,2,200
187,0.01636737,0.9708002,2,21,0.054890793,0.98968244,2,47,0.020861018,0.74237514,2,67,0.060963154,0.781781,0,87,0.009511995,0.8572051,2,107,0.0,0.8962983,2,127,0.0,1.061706,2,147,0.0,0.86359245,2,167,0.066112876,0.7904917,2,200
188,0.0076531363,0.9870935,2,21,0.005763379,0.9529853,2,41,0.017941607,0.9824404,2,62,0.00969135,0.9173605,2,85,0.03330986,1.0078015,2,105,0.055380233,0.9501352,2,126,0.07097189,0.9543995,2,148,0.050093945,0.96699333,2,174
189,0.016997918,1.0489581,2,20,0.008080105,0.95179546,2,40,0.0,0.9575607,2,62
190,0.01620271,1.0208923,2,25,0.01618695,0.9590519,2,48,0.014745479,0.9664829,2,69,0.0012784016,0.98635453,0,89,0.0038212817,1.0290341,2,113
191,0.0,1.0660964,2,21,0.0,1.0255857,2,42,0.0076588094,0.9559661,2,78
192,0.007913408,0.9874985,2,30,0.036117334,0.98647517,2,55,0.025234712,0.998022,2,77,0.022004839,1.0118921,2,97,0.0037345765,1.0202651,2,118
193,0.0029391707,1.026398,2,20,0.0052983514,1.0264099,2,40,0.009815435,1.0218257,2,60,0.003168197,1.0194857,2,89,0.0002650979,1.0218186,2,109,0.011381787,1.0101019,2,129,0.0,1.0134124,2,152,0.0075420425,1.006622,2,175
194,0.002201473,1.0589659,2,26,0.0,0.98693407,2,46,0.011190575,1.0109216,2,68,0.018724458,0.96661496,2,100
195,0.0012756768,0.9419883,2,20,0.015540677,0.9338163,3,40,0.0008689454,0.8841133,0,60,0.024164163,0.9034282,2,89
196,0.011687344,0.9804639,2,28,0.012764448,0.9667532,2,48,0.00028703595,0.9943039,2,68,0.0016800136,1.0087167,2,96,0.005392924,1.0072976,2,118,0.0,1.0731131,2,140,0.018795805,1.004724,2,162,0.0026411582,1.0288628,2,200
197,0.0019914743,1.0166321,2,21,0.0046130456,0.9450189,2,50,0.011257692,0.91846585,2,72,0.0011166765,0.83721936,2,92,0.019279936,0.9172858,2,112,0.03636814,0.8558505,2,132,0.045356415,0.88978493,2,152,0.0,0.6452992,2,172,0.03204893,0.33952647,2,200
198,0.0,1.0263749,2,22,0.0047444724,1.0385239,2,43,0.018159505,1.0014257,2,63,0.009735255,0.9337994,2,89,0.016619502,0.9774966,2,109,0.010013717,0.9862765,2,129,0.012437711,0.92877257,2,151,0.0,0.9830617,2,172,0.00490725,0.90596277,2,200
199,0.0,0.9665642,2,20,0.013411718,0.9567709,0,40,0.021824723,0.8909211,2,64,0.020879148,0.97962695,2,92,0.01136196,0.935657,2,112,0.0,0.81422544,2,134,0.036762036,0.8030677,2,170
200,0.0,1.0149434,2,20,0.0,1.000847,2,53,0.010977541,0.9649146,2,73,0.023763062,0.94456047,2,94,0.0,1.0073239,2,114,0.0,1.0486349,2,134,0.0,0.9833282,2,156,0.01689217,0.93836325,2,176,0.0017466903,0.9155167,2,200
201,0.002577396,1.0542715,2,21,0.0057708733,0.99077326,2,42,0.0,1.0042317,2,62,0.0,0.98838425,2,82,0.0012033017,0.9328496,2,103,0.0044207927,0.9287132,2,123,0.002329483,0.99121726,2,143,0.02958069,0.96232235,2,164,0.004976625,1.0174483,2,200
202,0.03400524,0.9861313,2,20,0.005282212,0.92812014,2,40,0.008965301,0.9463182,2,65,0.018789124,0.9517296,2,85,0.0022351295,1.0224239,3,105,0.012779439,0.9370676,0,125,0.006245196,0.92867124,2,145,0.035672843,0.89436215,2,165,0.025735429,0.986745,2,200
203,0.0062622433,0.9859686,2,28,0.0046975515,1.0289177,2,48,0.0026024065,0.9887317,2,72,0.0034722672,0.90161455,3,92,0.0,0.97335863,2,112,0.0003855669,0.97437495,2,135,0.0,0.9469327,2,155,0.02746256,1.0122393,2,175,0.005087035,1.0137941,2,200
204,0.02467208,0.91741943,2,20,0.0064686197,0.9570673,2,42,0.017586455,0.9539668,2,65,0.0071446057,0.88322467,2,86,0.016467633,0.93567175,2,107,0.0,0.9828285,2,127,0.0,0.97106934,2,147,0.0030321635,1.0245906,2,170,0.008094667,1.0252633,2,200
205,0.037294313,0.9323839,2,26,0.004534381,0.9486347,2,61,0.0012323217,0.9043565,2,82,0.008245446,0.96851796,2,103,0.012247094,0.9527939,2,128,0.011726902,0.9809587,2,153,6.292978e-05,1.033373,2,177,0.011999848,0.86993265,2,200
206,0.0,0.98791665,2,20,0.0065142666,1.0099294,2,49
207,0.0040338812,0.97085434,2,21,0.0074197203,1.0356641,2,57
208,0.004785208,0.9415871,2,34
209,0.0053344634,0.9766735,2,23,0.026731526,0.9794563,2,43,0.023243228,0.9810256,2,64,0.013254175,0.9644147,2,84,0.01278319,1.030256,2,104,0.019193107,1.0067207,2,126,0.011083336,0.9859971,2,149,0.01646347,0.9227065,2,169,0.0020701515,1.0048509,2,200
210,0.0017507053,0.984804,2,22,0.014759565,1.0004798,2,44,0.0009738306,0.9697378,2,64,0.0020106505,1.0159549,0,85,0.0,0.9585416,2,106,0.022471245,0.93596905,2,126,0.0023250754,0.95131046,2,156,0.0077627366,0.91368544,2,179,0.0026226316,1.0310107,2,200
211,0.004310054,0.9978422,2,22,0.02372889,0.9413524,2,49,0.0055905655,0.99760705,2,71,0.0034144577,0.96409595,2,92,0.008493442,1.0922115,2,112,0.0,1.2085582,0,132,0.001079615,1.0737394,2,153,0.0041894005,1.0507934,2,173,0.005680277,0.95555764,2,200
212,0.0,1.0129024,2,20,0.012887699,0.9531189,2,40,0.022665868,0.94307935,2,61,0.0,0.9307333,2,81,0.0,0.8335331,2,101,0.0,0.9531062,2,122,0.008731842,0.90920085,2,146,0.007063984,0.92172456,2,175,0.036894727,0.9115661,2,199
213,0.01666622,0.9408449,2,28,0.0,0.99357885,2,49,0.008361991,0.9672038,2,83,0.014817824,0.9930781,2,104,0.008046774,0.98079795,2,124,0.009840581,1.021818,2,157,0.0,0.95228946,2,177,0.0012992559,0.94745976,2,200
214,0.008994872,0.9844716,2,20,0.0,1.0208294,2,40,0.0,1.0650076,2,61,0.0031934646,1.0740813,3,86,0.0061981934,1.0012558,2,108,0.004434689,1.0236396,2,134,0.02450685,0.95189154,2,156,0.013950115,1.0012106,2,179,0.0,1.0023,2,200
215,0.0027556787,0.9884867,2,22,0.0040516136,1.0339799,2,42,0.002156082,0.97624934,2,62,0.011107977,1.017738,2,90,0.0,1.0276916,2,110,0.01871167,0.9926475,2,132,0.00013070772,1.0340188,2,155,0.0161003,0.9596038,2,179,0.006313025,0.99803764,2,200
216,0.0034848999,0.9794208,2,39,0.0064139925,0.9831502,2,63,0.0,0.93972605,3,83,0.0,0.99339,2,112,0.0034616508,0.9838444,2,134,0.013503134,0.95106953,3,155,0.0,0.9973802,2,176,0.020390162,0.9573795,2,200
217,0.0,1.0012875,2,20,0.0014148524,0.9877802,2,40,0.01947463,1.0084376,2,61,0.027187275,0.9638586,2,89,0.00028774497,0.89866656,2,111,0.012774333,0.9310055,0,131,0.00082137727,0.9170161,2,157,0.01907097,0.8918036,2,177,0.011842704,0.9642416,2,200
218,0.0,1.036501,2,21,0.0,1.0333234,2,43,0.00094036944,1.0175203,2,63,0.018586852,1.0065174,2,85,0.0,1.0149618,2,107,0.008574419,0.9880397,2,139,0.0177352,0.9341728,2,162,0.0053629884,0.9901239,2,200
219,0.007983017,0.99645597,2,37
220,0.00024831528,1.0318869,2,36
221,0.006701756,0.9774639,2,22,0.021559782,0.972137,2,46,0.0029944472,1.0262035,2,67,0.0026585874,1.0687478,2,88,0.013268,0.9703422,2,111,0.011382361,0.9730095,2,157,0.0,0.8952796,2,177,0.015522318,0.93442476,0,200
222,0.018514177,0.8713843,2,21,0.025589516,0.85860795,2,41,0.02575323,0.6965391,0,61,0.03679604,0.7917036,2,81,0.03722276,0.77839154,0,101,0.039655965,0.4394206,2,130,0.023453789,0.53561926,0,151,0.052809227,0.49021506,0,171,0.21741123,0.33177313,2,200
223,0.0048053926,0.99536055,2,25
224,0.0,1.0082418,2,28,0.003342098,1.0021123,2,57,0.02349919,0.949827,2,77,0.011335963,0.9946577,2,98,0.029880494,0.8998805,2,118,0.011060291,0.989991,2,138,0.007935086,0.98928106,2,161,0.007608749,0.9622301,2,200
225,0.007841648,1.069805,2,20,0.0029897005,0.9500783,2,43,0.0024270052,0.98063284,2,65,0.028244937,1.0062354,2,85,0.005975662,0.9878792,2,109,0.0021042326,0.92653227,2,129,0.0,0.9168782,2,150,0.0071416353,0.7806931,2,173,0.07089677,0.79965186,2,200
226,0.001269652,0.9619757,2,32,0.005198424,1.0041823,2,54,0.0044857403,1.0129181,2,75,0.00055471325,0.9396747,2,95,0.0,0.9618613,3,115,0.0053585647,0.85499007,2,137,0.012668419,0.88876164,2,157,0.0,0.8986972,2,177,0.0,0.9978998,2,200
227,0.00623804,0.9756714,2,20,0.002862484,0.9902204,2,60,0.0,0.9498436,2,90,0.02451036,0.8575594,3,110,0.0,0.7576725,3,134,0.0,0.5896305,2,155,0.0,0.5931673,2,175,0.004513557,0.78717667,2,200
228,0.011032044,0.9684114,2,31
229,0.008541945,1.01953,2,23
230,0.011332084,0.937153,2,20,0.0063220784,0.95809555,2,40,0.02697609,0.8463308,2,62,0.003221374,0.98814595,2,82,0.0,0.880144,0,103,0.0,1.0090761,0,124,0.0,0.83080834,2,144,0.0,0.78679574,2,164,0.046566397,0.7086983,2,200
231,0.012615171,0.9264293,3,21,0.0,1.0381036,2,41,0.0,0.9870431,2,61,0.0,0.8932327,3,81,0.09931256,0.883361,0,109,0.030507645,0.86624986,2,132
232,0.0,1.0262281,2,20,0.0035024248,1.0441983,2,40,0.008802764,1.049469,2,61,0.0060230005,0.9145056,2,89,0.019747848,0.9501979,3,126
233,0.007849714,1.0104215,2,37
234,0.018731609,0.65894914,0,21,0.0,0.5554117,0,41,0.0,0.41268784,0,61,0.0,0.76043296,3,82,0.0,0.39719447,3,102,0.0,0.7473894,2,122,0.0,0.92908794,2,142,0.0,0.3761018,1,162,0.0112109035,0.2780611,2,197
235,0.0,1.0009191,2,30,0.010511437,1.0351411,2,50,0.010592958,1.0539863,2,78,0.0,1.0141982,2,99,0.0052252216,0.981835,2,128,0.010257111,0.9174995,2,150,0.042278234,0.84933096,2,178,0.046573058,0.906399,2,200
236,0.0,0.9078453,3,20,0.0,0.9643034,0,42,0.0,0.75320184,2,64,0.0133733945,0.7458628,2,84,0.0,0.93211997,2,104,0.0,0.8383487,2,125,0.0,0.8208386,2,147,0.0,1.0198551,2,167,0.0054736314,0.8286914,2,200
237,0.0046296334,1.0266213,2,22,0.011778677,1.0119265,2,44,0.0038087447,1.0141295,2,65,0.008824039,0.9821061,2,93,0.0072301123,1.017346,2,127,0.0051694424,1.0024092,2,161,0.0037592512,1.0504495,2,200
238,0.030014863,0.9932197,2,20,0.006537051,1.0219096,2,55,0.0,0.99069005,2,75,0.000951026,0.9761836,2,95,0.004176137,1.0210254,2,118,0.0037527299,0.97843796,2,154,0.009642506,1.0313096,2,175,0.0016785793,1.0226496,2,200
239,0.0,1.0196221,2,20,0.0102071455,0.99257696,2,40,0.012869908,0.9658633,2,61,0.012368658,0.9091672,2,81,0.010875652,0.81816274,2,101,0.0,0.7566906,0,121,0.0,0.5897163,2,141,0.0,0.57304883,1,163,0.0055125277,0.61356086,2,200
240,0.0028886471,0.9804989,2,20,0.0038779886,0.97562295,2,40,0.0032272665,0.988258,2,61,0.00018811952,0.96219456,2,81,3.0732714e-05,0.99568796,2,101,0.0,0.86247236,2,129
241,0.00063394377,1.0272548,2,27,0.0012596347,1.0432763,2,47,0.0,1.0287908,2,67,0.0041086925,1.0014725,2,88,0.0,1.0023661,2,119,0.0008695113,0.9960726,2,139,0.0023174586,0.99059504,2,159,0.009241474,0.96406657,2,200
242,0.0012472136,1.0322996,2,24,0.0066984845,0.9977434,2,44,0.0,0.9999534,2,74,0.0025473281,1.0107038,2,101,0.018269347,0.97279817,2,121,0.0058856914,0.9328345,2,142,0.016520102,1.0135987,2,164,0.007007258,1.0281245,2,200
243,0.0029473763,1.0364969,2,20,0.019310396,1.0009332,2,40,0.00697108,0.9799336,2,67
244,0.02258399,0.9814615,2,20,0.027701873,0.9839552,2,40,0.018399026,0.95229834,2,73
245,0.012777565,1.0120604,2,26,0.0073733646,0.9393022,2,53,0.019984744,0.9813765,2,73,0.0,0.9507806,2,94,0.012251333,0.9314048,2,116,0.004193911,0.99909896,2,136,0.009526232,0.9168914,2,156,0.005661097,0.95592386,2,178,0.00039980662,0.92423785,0,200
246,0.006463399,1.0326301,2,24,0.0004666716,1.0246218,2,53,0.0,1.0350434,2,73,0.00027160137,1.0188583,2,96,0.013620743,0.98794687,2,125,0.008000516,1.0026481,2,149,0.0032682396,1.0217694,2,175,0.0040886775,1.030413,2,200
247,0.00018510353,0.96483564,2,20,0.004258482,1.0266935,2,70,0.007270145,0.97865075,2,100,0.026450772,0.9782244,2,120,0.0,0.8322319,2,143,0.007029726,0.8453144,2,164,0.113264374,0.75399786,2,200
248,0.0,1.0143547,2,21,0.0,1.0552241,2,42,0.0054066367,1.0229269,2,69,0.0034417764,1.0006384,2,106,0.0,1.0605261,2,126,0.011509703,1.0116737,2,155,0.023003757,0.99628085,2,177,0.008288584,1.0356404,2,200
249,0.023915803,0.94689703,2,28,0.0012005464,1.053371,2,59,0.013940245,0.9997633,2,83,0.028682925,0.9899212,2,104,0.0,0.9956814,2,124,0.0,0.99085474,2,148,0.016257234,0.9482964,2,171,0.019188479,0.9242744,2,200
250,0.004428518,0.98089445,2,22,0.008006082,1.0437964,2,47,0.007924005,1.0108253,2,70,0.012571245,0.9404719,2,97,0.008481563,0.9354829,2,118,0.00088434044,0.97506404,2,145,0.0059964047,1.0019515,2,166,0.017674487,1.0384524,2,200
251,0.0013518365,0.96441674,2,25,0.006018718,0.9798477,2,45,0.0,0.9803237,2,66,0.0,0.99467915,2,86,0.005615036,0.9805454,2,106,0.028384745,0.98451984,2,126,0.0034396525,0.9753019,2,146,0.0092464825,0.9634561,2,167,0.0029289366,0.95033634,2,200
252,0.010710962,0.987075,2,21,0.010690881,1.0412381,2,42,0.0030225716,0.97772455,2,62,0.0044060308,1.0190874,2,83,0.007839538,1.0151833,0,103,0.034659576,1.0307322,2,126,0.029826552,1.0289506,2,148,0.017683435,1.0178627,2,172,0.004861146,1.0250691,2,200
253,0.0065506063,1.008301,2,25,0.023773467,0.9552952,2,45,0.028224392,0.88517624,2,66,0.084870294,0.8096696,2,86,0.0063214987,0.88325155,2,106,0.0,0.96855515,2,130,0.008120641,0.9454032,2,151,0.004045915,0.9274885,2,171,0.0037111444,0.9082487,2,200
254,0.0,0.8949032,2,22,0.03211183,0.90849954,2,44,0.05056958,0.9497506,2,65,0.0,0.944005,2,85,0.0039854515,0.904614,2,105,0.0151354745,0.9602151,2,126,0.023971854,0.9425684,2,149,0.0017425754,0.92173463,2,174
255,0.009543076,0.9585368,2,21,0.008217134,0.9694281,2,45,0.0021368754,0.96408045,2,65,0.010509256,0.94112873,2,87,0.0022530276,0.9537838,2,121,0.009047316,1.0422795,2,141,0.0,0.9429509,2,161,0.0020714272,1.0101643,2,200
256,0.00045826798,0.9909569,2,20,0.0,1.040378,2,41,0.005872243,1.0355365,2,61,5.0817966e-05,0.98781544,2,93,0.00085050275,1.0145074,2,121,0.007457296,1.0038992,2,141,0.0074343598,1.047663,2,164,0.004138858,1.015919,2,200
257,0.00173273,0.97191423,2,26,0.0011951654,1.0143363,2,46,0.003455198,0.9437185,2,74
258,0.03074934,0.9727246,2,20,0.0,0.8611205,2,40,0.019032018,0.7068123,2,63,0.0,0.5561793,1,94
259,0.0,0.9887031,2,21,0.019267118,0.9613286,2,41,0.0,0.97658217,2,64,4.6896934e-05,1.0258234,2,84,0.003083491,0.97768956,2,116,0.004132214,0.8851037,2,139,0.0043548825,0.88038206,2,159,0.011998028,0.9106428,2,179,0.011259865,0.9066278,2,200
260,0.015370739,1.000738,2,20,0.017530426,1.0250914,2,40,0.008233999,1.0216606,2,60,0.0,1.0128357,2,80,0.0024375513,1.0118754,2,100,0.005381175,0.99912214,2,120,0.002713666,1.0185555,2,141,0.04952068,0.9622245,2,162,0.0058143926,0.971601,2,200
261,0.002947833,0.96337175,2,20,0.0016541828,0.99708474,2,40,0.028304486,0.9163282,2,62,0.011222501,0.9369131,2,84,0.01713734,0.9432175,3,108,0.0021586006,1.0236994,3,130,0.00465196,0.9732345,2,155,0.00855316,0.9181054,2,175,0.007006911,0.91723096,2,200
262,0.012235399,0.9846382,2,33,0.02093781,0.9686745,2,53,0.016473657,0.93790495,2,73,0.01465177,0.877312,2,93,0.0022519305,0.9162529,2,113,0.011418654,0.9513172,2,133,0.0,0.8345269,2,153,0.14803605,0.9614013,3,174,0.04263077,0.83190715,2,200
263,0.007274302,1.016646,2,24,0.02571166,0.95311606,2,44,0.0,0.93440664,2,65,0.0010031383,1.0034333,2,85,0.003940893,0.9933459,2,124
264,0.0046819546,0.9820815,2,21,0.005792837,0.94606143,2,41
265,0.01368331,0.969906,2,20,0.027778842,0.952662,2,53,0.002793105,0.98730344,2,73,0.0,0.8260635,2,93,0.033608764,0.8850362,2,113,0.016991599,0.7764312,2,133,0.0,0.87977296,2,155,0.0,0.7305894,2,176,0.03212023,0.7098891,2,200
266,0.0,0.963581,2,22,0.0,1.0456268,2,43,0.00055928045,0.9433052,2,65,0.0,0.99747604,2,92,0.007806727,0.97569966,2,114,0.0,0.91958046,2,134,0.0,0.9608301,2,154,0.008400698,0.9831267,2,175,0.0012956565,0.9630287,2,200
267,0.017925048,0.9728867,2,20,0.0011995975,1.0165192,2,43,0.0028929315,1.0366956,2,64,0.0024355592,1.0154159,2,103
268,0.005506865,1.0155993,2,21,0.0010581308,1.0641165,2,56
269,0.0094469655,0.9717013,2,20,0.002217343,0.95983785,2,45,0.021063901,0.96527356,2,72,0.024791468,0.9559029,2,92,0.021991815,0.9001199,0,112,0.020310381,0.8921587,2,136,0.033936642,0.9322699,2,156,0.019902557,0.85356045,2,176,0.010544722,0.9131768,2,200
270,0.00029550603,0.96071625,2,20,0.014292389,0.95910215,2,43,0.055114742,0.9546854,2,65,0.024406243,0.9572822,2,85,0.00042980592,0.9319483,2,105,0.0,0.94642895,2,125,0.033902925,0.93163407,0,145,0.001361333,0.9722608,2,165,0.0050354884,0.8983144,2,200
271,0.010186104,0.98384345,2,20,0.002478424,1.0162593,2,54,0.0044407654,0.9781807,2,76,0.008907939,0.9198247,2,96,0.0,0.8987736,2,120,0.025129844,0.8755353,2,140,0.013376283,0.87472755,0,160,0.050047357,0.8390959,2,200
272,0.0031250766,1.0015517,2,20,0.009818187,0.993412,2,40,0.0017274503,0.97173613,2,60,0.012500325,1.0322664,2,80,0.010239448,1.0241274,2,101,0.0055442797,1.0138596,2,130,0.001649831,1.0346379,2,156,0.006726895,1.0501724,2,200
273,0.006427096,1.0360163,2,31
274,5.8432615e-05,1.0607729,2,35
275,0.00080543174,1.0155704,2,26,0.006985072,1.0223991,2,49,0.024294544,0.95490164,2,74,0.016666275,0.96809465,2,94,0.016775489,0.97177595,2,115,0.021440133,0.9309714,2,138,0.015883418,0.9362012,2,158,0.029468969,0.9409521,2,179,0.016397882,0.9894115,2,200
276,0.010210485,1.0078353,2,27,0.0005462085,1.0438626,2,48,0.0133072855,1.059082,2,68,0.004980457,1.0090618,2,90,0.0031162894,1.0195346,2,112,0.010585945,0.9725421,2,132,0.012750432,0.9942876,0,152,0.0069289794,0.9828708,2,173,0.019680416,0.9649028,0,200
277,0.0045770085,1.0054759,2,20,0.0075110765,1.0184629,2,40,0.0038761455,0.9077899,0,61,0.008533362,0.9276542,2,86,0.013594832,0.887214,2,116,0.044740338,0.9641365,2,136,0.015508508,0.95368546,2,156,0.009577552,1.0110036,2,177,0.005152705,1.0202363,2,200
278,0.007869831,0.9525848,2,23,0.022016352,0.9712697,2,57,0.0027923204,1.0250952,2,78,0.0054125683,1.0650637,2,98,0.014756137,1.016465,2,134
279,0.050384235,0.69463736,0,23,0.06894162,0.5268452,2,45,0.005744229,0.47411817,2,71,0.0,0.20252086,1,103
280,0.013459004,0.97094834,2,20,0.025971219,0.951444,2,40,0.0,1.0035061,2,60,0.007989589,0.9955365,2,84,0.0,1.0214286,2,105,0.012861091,0.9524902,2,133,0.010584289,0.9068997,2,163,0.011792776,0.9835841,2,200
281,0.016134033,0.9164008,3,20,0.012848642,0.99862266,2,46,0.021760069,0.9304111,2,67,0.0,0.99823326,2,92,0.011310364,0.97760284,2,131,0.038521707,0.9691857,2,152,0.0035677538,0.9418791,2,175,0.0,0.9254984,2,200
282,0.0073785083,1.016766,2,20,0.012645006,0.8483499,2,42,0.0,0.81187487,2,76
283,0.0027504356,1.0199175,2,20,0.0031598269,0.9953926,2,44,0.0072193397,0.992064,2,64,0.00976019,1.0264723,2,89,0.0,0.98915696,2,112,0.0009811198,0.9826688,2,138,0.0058834953,1.0241281,2,158,0.0036910425,1.0326071,2,200
284,0.0,1.0436987,2,20
285,0.006276495,0.9423203,2,27,0.004354154,0.9303085,2,61
286,0.0076129735,0.9488069,2,21,0.020218216,0.8508899,2,42,0.0,0.9218968,3,65,0.0,0.858408,3,85,0.036077626,0.9067875,2,105,0.054470014,0.8224263,2,125,0.0,0.8711602,3,150,0.0,0.6845763,0,170,0.04028112,0.70494324,2,200
287,0.008344419,0.99105376,2,22,0.002231981,0.9604203,2,46,0.003957653,0.9591737,2,89,0.0,0.9661476,2,109,0.0,0.89767903,2,129,0.0,0.99683464,2,149,0.0,0.89090365,2,169,0.0,0.8543106,2,200
288,0.005735538,1.0396745,2,20,0.039291058,1.0014148,2,42,0.03232585,0.965065,2,71,0.026251238,0.92730856,2,91,0.03228684,0.94631034,2,112,0.029007424,0.85657054,2,132,0.034889724,0.83699095,2,152,0.024521196,0.6890275,0,172,0.031084854,0.76315606,2,200
289,0.021725431,1.033252,0,20,0.020840934,0.9427412,3,60
290,0.017335959,0.9912574,2,36
291,0.0,0.88315886,3,20,0.011017653,0.59635866,0,43
292,0.0031202734,1.0290186,2,29
293,0.0015144611,1.0170141,2,20
294,0.0,1.0428268,2,22
295,0.01749217,0.9818641,2,32,0.012135335,0.94942683,2,52,0.015042754,1.006279,2,91
296,0.00032042802,1.0238113,2,25,0.0025119155,0.9062977,2,50,0.0,0.9779176,2,73,0.008259003,0.99417335,2,94,0.0060950206,0.97462755,2,117,0.010223754,0.96370906,2,140,0.0036337443,0.936944,2,160,0.0,0.8668345,0,180,0.0,0.9513132,2,200
297,0.00038484595,0.9851092,2,27,0.03412396,0.96933764,2,48,0.008572152,0.99184227,2,71,0.0,0.9642442,3,92,0.0,1.0449388,2,112,0.0,0.9407713,2,132,0.0,0.9949363,2,153,0.0,1.2970078,2,173,0.0041688182,0.70853335,2,200
298,0.0029699379,1.0038193,2,20,0.0033412545,1.0346261,2,40,0.017654534,1.0242579,2,68,0.0021104494,1.0430008,2,89,0.004053173,1.0609725,2,109,0.0048314035,1.0314698,2,135,0.005181721,1.0129544,2,155,0.0055587427,0.9674005,2,179,0.0030204104,0.9821219,2,200
299,0.0086915465,0.9534911,2,20,0.0,0.9759761,2,43,0.025389541,0.9802284,2,65,0.009106032,0.9617994,2,87,0.04759299,0.924198,2,107,0.021373788,0.9370286,2,127,0.0050315103,0.9221929,2,147,0.017192338,0.93188953,2,167,0.002608529,0.94449735,2,200
300,0.0078239525,1.0162213,2,37,0.015683567,1.0458797,2,57,0.01607179,0.95298386,2,85,0.009488015,0.96063143,2,106,0.010752849,0.9482799,2,138,0.0050842213,0.8685521,2,164,0.0,1.0060511,2,200
301,0.022157762,0.98815155,2,20,0.010868505,1.0056666,2,56,0.0032972258,0.94782495,2,77,0.013659843,0.86432195,2,98,0.016542312,0.99098194,2,118,0.014650082,0.957722,2,143,0.028031366,0.84432703,2,164,0.0002830977,0.79095125,2,200
302,0.00879776,0.98080635,2,21,0.00274976,1.0199484,2,42,0.006907375,1.0276212,2,62,0.0,1.0810709,2,83,0.0062447293,1.0602301,3,103,0.0022225336,1.0120064,2,137
303,0.0034329337,1.0611303,2,39
304,0.0060039447,1.0036817,2,20,0.0073298323,0.9806048,2,47,0.002486803,1.0391686,2,75,0.0,0.9734098,2,95,0.0023818312,0.9033117,2,117,0.0053814463,0.96458256,2,137,0.046590574,0.93190783,2,157,0.049358748,1.0161198,2,179,0.0,0.9547449,2,200
305,0.0049768835,0.9889175,2,20,0.013827427,0.93440944,2,43,0.0021170196,0.9558272,2,64,0.03248217,0.9116664,2,84,0.0074864803,0.9448124,2,104,0.017920524,0.6720922,1,124,0.0,0.7592365,2,145,0.0,0.62944883,1,165,0.0058653234,0.5937852,2,200
306,0.0016148359,1.0002246,2,28,0.0017398089,0.98303187,2,48,0.0,1.0024936,2,68,0.0,0.9885461,2,88,0.014968822,0.97750753,2,110,0.032343823,0.9834765,2,130,0.008096578,0.9726461,2,153,0.018196315,0.9671523,2,173,0.016222946,0.957616,2,200
307,0.0014954188,1.0033009,2,23
308,0.014441701,1.0245073,2,32,0.007889121,1.0144519,2,52,0.010140721,0.9948687,2,76,0.011919356,0.9572983,2,96,0.050214946,0.98692304,0,116,0.009477781,1.0346994,2,136,0.007824269,1.0375655,2,156,0.003663463,1.0488986,2,176,0.0,0.9990813,2,200
309,0.0034193967,0.9771681,2,24,0.0114702135,0.9748943,2,45,0.009445035,0.9408,2,65,0.0024327424,0.9475272,2,85,0.0057844114,0.9496862,2,105,0.010043484,0.9695606,0,127,0.009202597,0.9839357,2,147,0.029064193,0.97269917,2,167,0.017143125,0.97737527,2,200
310,0.009453312,0.98731726,2,20,0.0,1.031098,2,41,0.0020748645,0.9774151,2,63,0.0,1.0032134,2,83,0.0028697303,1.0001862,2,104,0.0,1.05878,2,126,0.0,1.1163701,2,146,0.0058956183,0.9906228,2,182
311,0.013463519,1.029923,2,22,0.0018914032,1.0106254,2,48,0.0075310008,1.0267595,2,72,0.021906406,0.9444517,2,94,0.023530962,0.9421848,2,114,0.01975112,0.94489324,2,140,0.0019678609,0.9992118,2,161,0.005227696,0.9759668,2,192
312,0.0029984186,1.0003345,2,21,0.0051509663,0.9826517,2,43,0.00296333,1.0016459,2,67,0.0058314614,1.0306978,2,105,0.0063079097,0.97083485,2,126,0.0053076628,1.0238631,2,154,0.017238233,1.023074,2,180,0.0077324444,1.0511814,2,200
313,0.015826812,0.9923102,2,20,0.0091999695,0.97345746,2,40,0.016200263,1.0004735,2,60,0.026292766,1.0439147,2,83,0.0018712766,1.0037695,2,104,0.0063808137,0.97899693,2,124,0.009437349,1.0566791,2,144,0.0016263046,1.0351803,2,165,0.011254807,1.007699,2,200
314,0.00083996134,0.9802234,2,21,0.016021553,0.9860384,2,41,0.016245311,0.98366153,2,61,0.033779904,0.9293886,2,82,0.013768204,0.90995157,2,120
315,0.006039216,1.0097995,2,33
316,0.0,0.8131214,2,26,0.008651463,0.5178708,2,46,0.02281624,0.5672393,2,66,0.0,0.6699994,2,90,0.0,0.2666224,2,112,0.06445328,0.24446864,1,132,0.03377078,0.3299173,1,152,0.029446825,0.31944317,2,172,0.02132297,0.30616096,1,200
317,0.00319843,0.99738854,2,20,0.024069931,1.0185671,2,40,0.0015729121,1.0416868,2,79,0.019819904,0.99089503,2,123,0.010069084,1.0257921,2,146,0.0051281652,1.015327,2,173,0.011093308,0.95178044,2,200
318,0.013429083,1.0117424,2,25,0.00788515,1.0349753,2,45,0.0,1.0160974,2,67,0.0,0.94519126,2,90,0.0009534239,0.9624513,2,110,0.0,0.9948181,2,135,0.00139905,0.9916302,2,160,0.0028341596,0.91687024,2,200
319,0.008378477,1.010041,2,20,0.0,1.0246298,2,40,0.00077701104,1.0541663,2,62,0.008632802,1.0028231,2,82,0.008308818,1.0015409,2,102,0.015397873,0.9630287,2,127,0.011168788,1.0314729,2,150,0.00047812655,0.99167794,2,171,0.0029163284,0.99745595,2,200
320,0.011817424,0.92910224,2,20,0.0029632065,0.98604333,2,40,0.02460218,0.97878027,2,61,0.0015877569,1.0280066,2,82,0.00834719,1.0339674,2,102,0.01573493,0.92761534,2,122,0.0,0.93033516,2,143,0.0009903889,0.9388539,2,163,0.011324079,0.9449808,2,200
321,0.005063836,0.9963602,2,38
322,0.0,0.96427757,2,20,0.0045633367,0.93418545,2,48,0.0,0.96501076,2,68,0.010838831,0.9604557,2,93
323,0.017280005,0.9969845,2,30,0.01351251,0.988416,2,50,0.016750697,1.0127194,2,73,0.003782142,0.97369033,2,93,0.0,0.93337023,2,115,0.014888394,1.0340908,2,135,0.0048250435,1.0212291,2,155,0.0019244999,1.0363644,2,179,0.0024061457,1.022581,2,200
324,0.004741641,1.0140445,2,20,0.00035692911,1.0430847,2,42,0.002677861,0.9821931,2,62,0.0,1.0523722,2,82,0.00601158,1.0867693,3,102,0.015178306,1.0839884,3,122,0.0,1.097492,2,142,0.0,1.0470716,2,163,0.0055402843,0.99980205,2,200
