0,0.0026468425,0.9755152,2,20,0.0,0.91217583,2,41,0.0,0.7289794,0,61,0.011665949,0.81053126,2,82,0.002282727,0.748262,2,102,0.04052885,0.7535696,0,123,0.0,0.62897724,2,143,0.0,0.4859591,1,170,0.0318379,0.38853553,2,200
1,0.0,1.0017381,2,20,0.0,0.98445445,2,40,0.0,0.9749796,2,61,0.0,1.0187447,2,81,0.0070808586,0.97265035,2,103,0.00864933,0.87305367,2,124,0.0075305603,0.917624,2,144,0.007952154,0.9011175,2,164,0.007240124,0.8223452,2,200
2,0.0077638254,0.9630977,2,20,0.0,0.84940374,2,40,0.060155794,0.81146395,2,62,0.017516814,0.67783594,2,83,0.0,1.0473202,2,103,0.0,1.2429566,0,123,0.0,0.61981094,2,143,0.0041248985,0.37386155,0,163,0.11972942,0.45246685,3,190
3,0.0012770923,0.97816914,2,21,0.0133476695,0.99861586,2,43,0.007933546,1.0180867,2,64,0.0039248494,0.9666743,2,84,0.014857081,1.0145252,2,104,0.0,0.9474904,2,124,0.0,0.93222135,2,145,0.00875053,0.95032704,2,173,0.011794914,0.9806895,2,200
4,0.010090044,0.9795307,2,20,0.00489107,1.0489072,2,44,0.0,1.0055597,2,64,0.001895294,0.90444434,2,86,0.0001674556,0.95581764,2,110,0.0021925883,0.89348984,2,130,0.013722325,0.9330303,3,150,0.040312167,0.811503,0,171,0.009418642,0.87783813,2,200
5,0.0050526643,0.97310346,2,21,0.0,0.94869745,3,41,0.014284373,0.9896088,2,88
6,0.0,0.9592174,3,20,0.007034237,1.0078827,3,40,0.022634322,0.9430229,2,63,0.0,0.80003273,2,83,0.0,0.6367593,2,103,0.0,0.8500905,1,123,0.0,0.73583823,2,144,0.0,0.9486927,2,164,0.027790006,0.94140095,2,200
7,0.00070616096,0.8606647,2,22,0.012365395,0.92819005,2,42,0.020743484,0.8811004,2,63,0.0,0.9103292,2,83,0.0,0.8035165,2,103,0.000990967,0.79874015,2,123,0.001987458,0.688365,3,144,0.0,0.69081587,2,164,0.048261777,0.6244971,2,200
8,0.010126848,0.9540956,2,26,0.019250304,0.9357624,2,48,0.042500913,0.9124634,2,81,0.013140599,0.8924071,2,101,0.0071702977,0.9521244,2,124,0.015029226,0.8951578,0,144,0.011099621,0.9281974,2,164,0.02237757,0.9426159,2,200
9,0.014949223,0.9548482,2,23,0.010248469,0.92123145,2,43,0.0,0.89154714,2,66,0.0,0.97954386,3,86,0.0057882834,0.93874055,3,126
10,0.020116556,0.94397104,2,22,0.015057147,0.8695423,2,42,0.0044636517,0.8517796,2,62,0.013160294,0.6342658,2,82,0.13628791,0.70163757,2,103,0.0,0.5950753,2,123,0.054615498,0.31016332,0,143,0.04503299,0.5931016,2,163,0.14552356,0.47595513,1,200
11,0.018111521,0.96257305,2,24,0.01880745,0.9954794,2,45,0.0,0.9856163,2,65,0.0012931075,1.0096034,2,86,0.0010590251,1.0017145,2,108,0.016931757,0.9789413,2,128,0.01282645,0.9720228,2,161,0.0014801404,1.0156242,2,200
12,0.01131912,1.0069369,2,20,0.002692078,1.0099403,2,40,0.011884438,0.9939936,2,60,0.0,1.0671754,2,80,0.0031173653,1.0343256,2,105,0.0017212144,1.094779,0,127,0.007935519,0.98972595,2,153,0.0057765907,1.0389272,2,176,0.006967598,1.0695808,2,200
13,0.004102713,1.0477357,2,21,0.008470922,1.0203565,2,43,0.011193319,1.022958,2,81,0.009273623,0.9950915,2,102,0.002929101,1.0126088,2,122,0.010604653,0.9904181,2,144,0.0102362605,0.9464263,2,164,0.012375655,0.95440537,2,200
14,0.00096878485,1.0266662,2,22,0.0042037903,0.9903547,2,42,0.01489061,0.9886894,2,66,0.0072928322,0.9946164,2,86,0.00095963,0.96034896,2,106,0.0,1.0198312,0,126,0.0019398268,1.0239469,2,147,0.005226138,0.9901758,2,180,0.0058404705,1.0709722,2,200
15,0.016096247,0.85194016,2,22,0.014586404,0.90597826,2,48,0.0031022073,0.5105613,0,71,0.004169162,0.29527944,0,91,0.0,0.40986958,0,114,0.0,0.43821174,0,134,0.029877625,0.56424356,2,155
16,0.0037427999,1.0340725,2,21,0.013246208,1.023662,2,41,0.00964965,0.9834663,2,63,0.014865708,0.9947836,2,84,0.008348013,1.0420055,2,105,0.0,1.0224066,2,127,0.0,1.0578372,2,153,0.0,1.0192484,2,173,0.010739446,1.0343354,2,200
17,0.0,1.0177836,2,22,0.029166998,0.9727159,2,44,0.0,1.0037661,3,64,0.0041956184,0.98970956,2,85,0.015756436,1.0320954,2,110,0.0,0.97098565,2,132,0.008913171,1.051002,2,166,0.075093165,0.90459687,2,200
18,0.0,0.9817335,2,20,0.0102193765,0.8712382,2,42,0.002109375,0.90172726,2,65,0.0073113306,0.8248774,2,85,0.0,0.9531541,2,106,0.0,0.883571,0,126,0.0,0.93969953,3,146,0.010897314,0.7899125,0,167,0.017812641,0.7847333,3,200
19,0.00032236072,0.97397333,2,21,0.004611739,1.0441957,2,41,0.010398746,1.0023853,2,63,0.0014810035,0.98507094,2,93,0.0023901025,0.89566195,2,113,0.010243459,0.9972016,2,138,0.0,1.0232939,2,161,0.008109247,0.9254127,2,200
20,0.0025031178,0.9931854,2,20,8.284766e-05,1.01639,2,42,0.0,1.0815396,2,62,0.006713289,1.0346148,2,85,0.011844786,0.99736875,2,106,0.019429874,1.0347972,2,126,0.014208111,1.0293075,2,150,0.0,0.98602265,2,170,0.00607744,1.0223225,2,200
21,0.0011771842,0.9732874,2,20,0.0,1.051496,2,40,0.0050201663,0.9947664,2,60,0.002123506,1.0175867,2,107,0.005368826,1.014324,2,137,0.0018341469,0.9895732,2,157,0.0,0.9942887,2,179,0.016511118,0.84357524,0,200
22,0.01800672,0.9836682,2,21,0.051624887,1.0003865,2,41,0.0025908037,1.0681478,2,62,0.0,1.0302422,2,92,0.0049138367,1.0180285,2,112,0.015437054,0.9360308,2,134,0.0047313496,0.85999525,2,154,0.0050722677,0.81441766,0,197
23,0.0,1.0475203,2,20,0.00044589984,1.012927,2,40,0.0063817482,1.0291195,2,71
24,0.024305375,1.0084687,2,22,0.009875784,1.0310005,2,42,0.0141675975,0.9929139,2,80
25,0.014906894,0.9753942,2,21,0.0015837246,0.8963248,3,41,0.0,0.9813821,2,61,0.013911374,0.8786642,2,81,0.024319205,1.0267513,0,101,0.06376048,0.71997154,2,121,0.006884417,0.8818389,0,141,0.0005157905,0.8922466,0,161,0.05230345,0.26677057,0,200
26,0.0013774685,0.98818624,2,22,0.0043339906,0.9937837,2,45,0.045918472,0.8963477,2,66,0.065412834,0.85227597,2,86,0.014748206,0.98041695,2,106,0.03537622,0.9618322,2,126,0.013248933,0.96495783,3,146,0.0,0.8639904,2,166,0.019466113,0.87675637,2,200
27,0.0012762195,0.9738757,2,21,0.010500988,0.9593247,2,42,0.0030568903,0.79089904,0,65,0.009860235,0.92044497,2,85,0.009017428,0.9667824,2,105,0.024072243,0.83320177,2,125,0.00659922,0.8366739,2,145,0.004970336,0.8585536,2,165,0.005100017,0.6232292,2,200
28,0.0075031747,1.0019293,2,21,0.015308272,0.9791531,2,48,0.010354566,1.023334,2,73,0.0062488588,0.9975608,2,94,0.0215294,1.0108275,2,116,0.002569161,0.9995346,0,136,0.0,1.0064932,2,157,0.0013666208,1.0368495,3,177,0.0,1.0525364,2,200
29,0.0006811151,0.99743557,2,20,0.0020196552,1.0158552,2,45,0.0002965364,0.99153477,2,67,0.0023630054,0.9669703,2,93,0.0028650023,1.0360054,2,113,0.013800786,0.98361874,2,137,0.0026639968,0.9289263,2,159,0.0013441651,0.98116845,2,179,0.0029159952,0.9564821,2,200
30,0.008334947,0.94283503,2,38
31,0.006850584,0.97033757,2,21,0.0,1.0106032,2,41,0.0050845994,1.0025337,2,81
32,0.009352413,0.9306268,2,33,0.018772462,0.87496454,2,56,0.012844753,0.9440762,2,76,0.01432805,0.93544847,2,100,0.0032067143,0.94716036,2,120,0.014624016,0.9553491,2,156,0.046290677,0.9746224,2,180,0.0057359836,0.9595186,2,200
33,0.0033697032,1.0147034,2,23,0.0035077527,1.0025693,2,50,0.015240829,0.9073814,2,71,0.004738613,0.9616397,2,91,0.016589174,0.9152424,2,111,0.006120459,0.85730934,2,131,0.004456465,0.9080337,2,151,0.00986028,0.94627136,2,173,0.0055951644,0.9709661,2,200
34,0.0,0.9889857,2,21,0.007906519,1.0182363,2,42,0.0,0.9619472,2,64,0.0024836904,0.902701,2,84,0.0,0.7793645,0,104,0.012029957,0.76007235,0,124,0.0,0.94334346,3,144,0.0,1.0004029,2,165,0.03669502,0.8434194,2,200
35,0.001212759,0.94536984,2,35
36,0.0093655335,0.99766237,2,35
37,0.0052829557,0.9690129,2,21,0.00585025,1.035573,2,55,0.0,1.0153102,2,75,0.008762311,0.99879867,2,110
38,0.0046988195,0.98923457,2,21,0.0,0.99743617,2,44,0.010057546,0.9238105,2,73,0.013416353,0.89191896,2,93,0.0,0.9823331,2,114,0.0048410487,0.98999196,2,158,0.0,0.9095206,2,178,0.0076562716,0.70897955,2,200
39,0.0024672686,1.0220304,2,28,0.0074303723,0.9592299,2,49,0.0035215663,1.0172877,2,70,0.00060845236,1.0082508,2,92,0.0068614325,1.0141748,2,120,0.007372911,0.9411409,2,143,0.0,1.0607295,2,163,0.0029502665,1.0129535,2,200
40,0.0074776537,0.9079572,2,20,0.009267925,0.8762573,2,40,0.00438738,0.9855097,2,60,0.009278537,1.0146319,2,88,0.008631269,0.94509214,2,114,0.008341489,0.9636468,2,135,0.0,0.99287844,2,156,0.012879607,0.95559824,2,200
41,0.006629893,0.9911615,2,24,0.00042359275,0.95752716,2,45,0.0,1.010187,2,67,0.0,0.92890185,2,87,0.020571593,0.9926499,2,113,0.0,1.0509741,2,133,0.0074736867,0.9733424,2,157,0.019920172,0.9487386,2,177,0.06140367,0.9149178,2,200
42,0.006510859,1.0381823,2,20,0.0019028801,1.0182924,2,44
43,0.01042681,1.019998,2,20,0.0052237846,1.053509,2,40,0.009478791,1.0031173,2,60,0.013071293,1.0550523,2,80,0.0013352672,1.0314094,2,106
44,0.0008214783,1.0269612,2,25,0.0,0.9858604,2,47,0.008310214,0.9738067,2,80,0.0056417244,0.96310645,2,100,0.008090055,0.9701791,2,123,0.0052523776,0.98834485,2,144,0.024698991,0.9568246,2,164,0.0061124605,0.9745068,2,200
45,7.351963e-05,0.9928093,2,20,0.0040089167,1.0376458,2,40,0.013640211,0.9790247,2,63,0.004208963,0.9802969,2,84,0.012250508,0.957342,2,105,0.0,1.0082139,2,125,0.0005342959,0.96951884,3,145,0.025923317,0.92343587,2,165,0.0030663847,0.9778134,2,200
46,0.010189061,1.0048969,2,20,0.0023050592,1.0519307,2,53,0.0008361166,0.9666759,2,76,0.0033492264,0.99388975,2,99,0.0,1.0279793,2,120,0.004224717,1.0081288,2,148,0.042263653,0.9728251,2,200
47,0.0062377127,0.99510795,2,21,0.011577565,0.9999506,2,41,0.0,1.0068369,3,64,0.0,1.0314142,2,85,0.0,1.0332786,2,107,0.005871786,0.9955519,2,129,0.0017683867,0.98119897,2,149,0.00059434667,1.0507569,2,171,0.00059878605,1.0501188,2,200
48,0.009326528,1.0141373,2,20,0.007839928,1.0460594,2,40,0.0073679,0.9526958,2,62,0.01120429,1.0122198,2,83,0.0069446317,1.0019829,2,103,0.016195107,0.923351,2,123,0.0066678026,0.9711574,2,143,0.014791879,0.95400894,2,163,0.0067782346,1.0402639,2,200
49,0.008577313,1.0186666,2,22,0.01090968,0.9999908,2,42,0.036404133,0.98294,2,62,0.011508348,1.0395457,2,83,0.0097718565,0.9881335,2,121,0.00016889775,0.97711766,2,142,0.004746295,0.95767486,2,167,0.0073556313,0.9506284,2,200
50,0.015359665,0.9889219,2,30,0.010544427,0.9746248,2,54,0.0059797997,0.9814628,2,74,0.005315828,0.9595295,2,96,0.022267248,0.93206096,2,117,0.001629265,0.9227449,2,145,0.027494611,1.0024354,2,168,0.0036034063,1.0466993,2,200
51,0.0,1.0197499,3,20,0.015473259,1.0252937,2,40,0.0037211983,1.0666853,2,63,9.981636e-06,1.0850546,2,83,0.0046263575,1.0258168,2,117,0.0,1.0542042,2,139,0.004293446,1.0700767,2,160,0.008387945,1.023815,2,180,0.0,1.0085131,2,200
52,0.0,1.0608916,2,20,0.023898462,0.947247,2,44,0.01946654,0.9625983,3,64,0.008498048,0.97923434,2,90,0.0,1.0186728,2,111,0.0,1.023528,2,131,0.0,1.0421811,2,161,0.0033010691,0.9490033,2,200
53,0.0,1.06154,2,20,0.0075645517,0.97253007,2,45,0.004846479,0.9008058,2,76
54,0.0020162542,0.9805551,3,21,0.011950814,0.96055305,2,41,0.015656231,0.8350722,2,65
55,0.005277802,1.0049038,2,28
56,0.0030625507,1.0293331,2,24,0.016619151,1.0073504,2,52
57,0.0021587724,1.0158525,2,21,0.0,1.0486811,2,41,0.010703491,1.0320175,2,61,0.0044271625,1.0053275,2,81,0.010820675,1.0280378,2,101,0.0022698322,0.99003863,2,123,0.0023161878,0.99602365,2,146,0.023831818,0.9984748,2,166,0.015006742,1.0257102,2,200
58,0.008563921,1.0447575,2,33
59,0.017701754,0.9963975,2,21,0.018450033,0.8941991,2,42,0.028247619,0.929815,2,62,0.021167148,0.8591895,0,82,0.0,0.83521414,2,102,0.053934973,0.6142438,2,123,0.0,0.2860321,2,151,0.07515196,0.25263703,2,172,0.17218404,0.3840817,2,200
60,0.00017707115,1.0049628,2,20,0.005271605,0.94286186,2,40,0.0,0.85923165,2,60,0.001142784,0.85097575,2,82,0.0,0.9042617,2,102,0.0,1.0039577,0,123,0.0,0.7628015,0,143,0.0,0.75435734,2,163,0.018067721,0.7378864,0,200
61,0.0061940257,1.0055044,2,34
62,0.0040628593,1.0103238,2,25
63,0.086933024,0.6626259,2,21,0.13866334,0.53721565,0,41,0.0,0.509771,2,64,0.0,0.49950385,0,84,0.019909438,0.51655906,2,111
64,0.0046066903,0.96021104,3,23,0.005768727,0.9041181,2,44,0.029873395,0.89615643,2,64,0.004560489,0.90114486,2,84,0.0046491646,0.91721594,3,104,0.0,0.5177679,1,128,0.0,0.48213497,1,152,0.013817653,0.76532596,2,174,0.0,0.84173137,0,200
65,0.010806645,1.0073231,2,24,0.0024458617,1.0131574,2,44,0.043818664,0.9760399,2,64,0.0050223535,1.0192535,2,84,0.004329573,1.0347682,2,105,0.002582448,1.0282959,2,125,0.0102492515,1.0905851,2,145,0.017334973,1.0891142,2,167,0.017913237,1.0283861,2,200
66,0.0086826915,0.9906986,2,30,0.0015045729,0.99116105,2,65,0.0051716617,0.90452826,2,85,0.008454809,0.9829694,0,105,0.065089755,0.8150592,0,125,0.0,0.86223984,0,145,0.023175938,0.8716901,2,166,0.00056751515,0.70997924,0,200
67,0.0,1.0720385,2,22,0.006786755,0.97561646,2,62
68,0.008395039,0.9520868,2,20
69,0.012179407,1.0319685,2,20,0.0044485605,1.0525086,2,41,0.015835345,0.966207,2,61,0.008583258,1.0361524,2,91,0.0061358064,1.0034815,2,116,0.015158398,1.0010054,2,136,0.012819833,1.0356576,2,159,0.0056215255,1.04371,2,179,0.0,1.0395128,2,200
70,0.01782856,0.9658054,2,20,0.0035755336,1.0081599,2,40,0.022815678,0.95517,2,60,0.012170324,0.9498884,2,80,0.034511782,0.97695386,2,100,0.008666545,1.0381385,2,120,0.020823758,1.0017648,2,140,0.032447644,0.9955897,2,161,0.002789002,0.8539134,2,200
71,0.005023554,0.9197594,3,20,0.039403968,0.927678,2,40,0.0,0.8447381,2,60,0.01460765,0.79052454,2,80,0.006425865,0.9168293,2,100,0.03168569,0.8144417,2,120,0.005923976,0.7484258,2,157
72,0.0,1.0580503,2,21,0.0013515813,1.0306681,2,42
73,0.009822907,0.9784422,2,20,0.011907158,0.95694095,2,41,0.0,0.8203762,2,61,0.0,0.85808975,0,81,0.0,0.67629445,1,101,0.00079135795,0.6734065,2,122,0.0,0.82981503,2,142,0.0013675764,0.88447416,3,165,0.027182478,0.848881,2,200
74,0.0028886336,0.9299471,2,20,0.0031332725,0.84744173,2,41,0.037543423,0.928991,0,62,0.008586684,0.9131519,2,82,0.05683712,0.69335145,2,104,0.018884275,0.6864392,2,124,0.012941226,0.7511945,0,144,0.0266209,0.513429,0,164,0.09583282,0.5179409,2,194
75,0.02281803,0.9868101,2,25,0.0016916787,0.9768965,2,47,0.00852583,0.98183364,2,72,0.0036251657,0.89556444,2,92,0.06588884,1.0417348,2,112,0.011215108,0.92783666,2,139,0.0024545619,1.0007015,2,164,0.0015984064,1.0488068,2,200
76,0.008139981,0.994841,2,21,0.0,1.0123335,2,42,0.007994471,0.92663693,2,63,0.008160315,0.99110335,2,87
77,0.0,0.9055306,2,30,0.0,0.78640497,2,50,0.0,0.823726,2,70,0.03292553,0.926341,2,92,0.0,0.84638155,2,112,0.0,0.7465199,2,132,0.0,0.95936006,2,155,0.0,0.7699221,1,177,0.009566549,0.6322064,2,200
78,0.0,0.79590225,2,22,0.022537267,0.85956705,2,42,0.0016755682,0.8478583,2,62,0.0,0.9415728,2,82,0.014402843,0.58457845,2,104,0.0,0.75325835,1,130
79,0.0011794575,0.9871128,2,29,0.0,0.85992324,2,49,0.0013002091,0.77568907,2,71,0.0,0.73405904,2,91,0.0,0.71603954,2,111,0.0,0.600486,0,134,0.0,0.7160477,0,154,0.00028092368,0.6651739,2,174,0.054809567,0.82090485,2,200
80,0.00087170384,0.995112,2,25,0.015145652,1.0198393,2,50,0.010491612,1.0071359,2,79,0.0007800518,1.0023183,2,102,0.025875723,0.9757825,2,122,0.013274377,1.0120388,2,162,0.0071133925,1.0809487,2,200
81,0.0,1.043409,2,20,0.0045586536,0.98277456,2,40,0.008216622,1.004697,2,60,0.0,1.0142093,2,81,0.0077883075,0.98450327,2,110,0.0,0.977825,2,130,0.01006805,1.0124011,2,171
82,0.0017456713,1.0149517,2,20
83,0.014471799,1.0443431,2,24,0.008210393,0.9800952,2,44,0.025127675,0.9995502,2,64,0.033534013,1.0124462,2,87,0.0015947977,1.0650847,2,107
84,0.02897304,1.0002518,2,26,0.0008401378,0.9918371,2,51,0.0046865963,0.9642384,2,73,0.0031239786,0.9832488,2,99,0.0,1.0143527,2,119,0.007273311,0.9733703,2,141,0.016597738,0.96507275,2,161,0.011833453,1.0208231,2,200
85,0.009638698,1.0097592,2,27
86,0.011022861,0.99655867,2,20,0.008748937,0.94923186,2,45,0.0063724024,0.91796553,2,68,0.0,0.8547913,2,90,0.005036977,0.80105793,2,110,0.0,0.7337017,0,132,0.0,0.65265816,2,152,0.0022769414,0.672148,1,172,0.0,0.64956063,2,200
87,0.003938757,1.0389212,2,26
88,0.0018915748,0.9213626,2,31
89,0.0025869233,0.8892897,2,22,0.011338206,0.9921088,2,43,0.010739656,0.9251498,2,63,0.044493187,0.8494254,2,84,0.013330971,0.95802844,2,104,0.042165477,0.9091828,2,128,0.045491826,0.93778664,2,150,0.0076377606,0.96350557,2,170,0.022284953,0.9427994,2,200
90,0.02897602,1.0010719,2,21,0.0051211016,0.97146434,2,41,0.0030114735,1.0504053,2,61,0.014980957,0.9710933,2,81,0.001736775,1.0471531,2,101,0.022108886,1.0196613,2,124,0.011877581,0.9601859,2,152,0.0064765476,1.0008558,2,175,0.008210166,1.0013925,2,200
91,0.009014961,1.0237577,2,20,0.006226129,1.0297717,2,45,0.0059994347,1.0656594,2,87,0.0067388425,1.0027962,2,108,0.013163776,1.0398809,2,133,0.021393904,1.0349951,2,156,0.0107881585,1.0555152,2,177,0.0028172252,1.0503571,2,200
92,0.0005160164,0.9938524,2,23,0.0019324331,0.9193867,2,50,0.0,0.9374358,0,70,0.0,0.80495816,2,92,0.0030742441,0.8904406,2,112,0.0010025149,0.7738345,2,132,0.0,0.856042,2,153,0.023392526,0.93080693,2,176,0.036620263,0.8833005,2,200
93,0.002480033,1.0214603,2,20,0.01636021,0.9216629,2,40,0.010409867,1.0072871,2,60,0.0069244653,0.95007676,2,80,0.010235048,0.8775386,2,103,0.013705874,0.91662264,2,124,0.003658489,0.91752386,2,149,0.0,0.9519926,2,171,0.010713123,0.7519032,0,200
94,0.01013345,0.90369135,2,21,0.014183634,1.0397539,2,43,0.012003099,0.9359897,2,63,0.013610586,0.9443985,2,89,0.0074858316,0.969705,2,109,0.006338702,0.9828453,2,129,0.0,0.9852131,2,151,0.00074347056,0.91713846,2,171,0.003113999,0.8653878,2,200
95,0.0015844073,1.0020645,2,20,0.012605946,1.0375594,2,40,0.014168795,1.0341954,2,62,0.003258445,1.0134321,2,82,0.011536985,1.0233973,2,109,0.005283413,0.97755176,2,133,0.0012021805,0.9808844,2,164,0.0051505193,0.9778953,2,200
96,0.001548508,1.0244855,2,20,0.0024391084,0.9580628,2,44,0.0063367276,0.97684145,2,68,0.0,0.996288,2,88,0.009172353,0.9462358,2,108,0.0095611345,0.95422065,2,128,0.020218147,0.9195244,2,155,0.00450968,0.860628,0,175,0.0,0.87196106,0,200
97,0.0022075172,1.0176476,2,20,0.029441739,0.99532145,2,40,0.025816852,0.9491173,2,62,0.018454207,1.0159725,2,84,0.016623694,0.9969077,2,121,0.0070912973,1.0105972,2,141,0.019627647,1.0073109,2,161,0.0021070857,0.8714807,2,200
98,0.0043522636,0.99001664,2,20,0.023485292,0.957337,2,42,0.004641711,0.9806694,2,62,0.01371864,0.97469026,2,82,0.0025464892,0.922586,2,110,0.010091218,0.98259985,2,141,0.0030251038,0.97665757,2,161,0.010711899,0.90594333,2,200
99,0.009922134,0.99689287,2,26,0.013322966,0.9861129,2,47,0.02098097,0.9896113,2,68,0.0028091834,0.9426799,2,96,0.023699338,0.9922407,2,119,0.0,1.047797,2,139,0.0,1.1133844,3,162,0.011637495,0.97511876,2,200
100,0.03577458,0.9091986,2,20,0.0038174253,0.88688135,2,40,0.0045258394,0.83796126,2,65,0.023208395,0.8769338,2,97
101,0.0053329347,1.0330244,2,27,0.0011808075,1.0541029,2,54,0.0,1.0359042,2,75,0.0,0.9668512,2,97,0.0064188214,1.0483533,2,119,0.0067661414,1.0455369,2,153,0.0076714633,1.0912637,2,173,0.005181727,1.0506833,2,200
102,0.0062192,0.96824545,2,23,0.04627636,0.8954803,0,43,0.011152099,0.9071721,2,64,0.06226643,0.858644,2,92,0.016769212,0.88866603,2,120,0.03221139,0.9107969,2,142,0.016202657,0.93630946,2,162,0.0,0.9275915,2,200
103,0.041241746,1.0034143,2,20,0.0061455513,1.0119829,2,45
104,0.0043553086,1.0188124,2,22,0.002789327,0.9186725,2,46,0.00874121,0.97305787,2,71,0.0005546352,0.9674425,2,91,0.0,1.0388396,0,111,0.005174582,1.0367063,2,150
105,0.009395421,0.9130117,2,20,0.003781051,1.0220869,2,47,0.0,0.94570214,2,69,0.0016172212,0.9763931,2,89,0.0154888835,0.903924,2,109,0.05162742,0.75575435,3,129,0.0,0.64471084,3,153,0.0,0.64575154,2,173,0.0075896005,0.6112634,0,200
106,0.012992616,1.0303973,2,21,0.01103515,1.0006759,2,41,0.0022443908,0.9713189,2,69,0.031029727,0.9071148,2,89,0.0,0.9632146,2,109,0.007991208,0.9405499,2,134,0.0,0.7779434,2,156,0.0032372333,1.0262685,2,177,0.059631,0.90026426,2,200
107,0.0012598961,0.9760898,2,21,0.00993287,0.9606004,2,41,0.03926178,1.0057347,2,63,0.002896899,1.0017594,2,83,0.02855872,1.017572,2,105,0.008383308,0.9962942,2,125,0.009340459,0.95243454,2,145,0.018779825,0.89593434,2,167,0.009563992,0.7497533,2,200
108,0.0048354673,0.9820382,2,21,0.010795421,1.0332513,2,41,0.0024729096,1.0367887,2,80,0.025989866,0.9684988,2,102,0.011750037,1.0192729,2,122,0.0035146289,0.98813075,2,142,0.0008868298,1.0428298,2,165,0.0,1.0221988,2,200
109,0.022756722,0.9574389,2,28,0.0013917012,0.925122,2,50,0.015954131,0.92868716,2,74,0.021463031,0.9143591,2,96,0.04714098,0.8942761,2,119,0.026399795,0.92928594,2,140,0.025964428,0.9188879,2,160,0.01276885,0.9037296,2,180,0.029842615,0.9371926,3,200
110,0.009274039,0.96146965,2,22,0.0038173858,0.95530796,2,42,0.033669814,0.93528974,2,64,0.0656711,0.96176445,2,85,0.04776724,0.94980055,2,108,0.04227575,0.96884984,2,131,0.06769675,1.0138956,2,152,0.07372131,0.9003056,2,175,0.030357933,0.9474647,2,200
111,0.0038221553,1.0031224,2,26,0.0032355208,1.0128593,2,50,0.0,0.94718915,2,71,0.008716994,0.95989954,2,93
112,0.00531801,1.0387115,2,20,0.0,1.0758632,2,43,7.19703e-05,1.0102115,2,64,0.019930294,1.0282731,2,84,0.009902124,0.99694693,2,104,0.00618271,1.0108659,2,125,0.006706403,1.0257688,2,145,0.015849806,1.0142714,2,167,0.024297902,0.9867791,2,200
113,0.0017878218,0.8737136,2,21,0.0019140069,0.73627484,2,41,0.0013109321,0.6725272,2,62,0.0,0.5851233,0,82,0.08612418,0.61312914,2,102,0.0,0.8214334,2,122,0.006113344,0.72438693,2,148,0.0,0.8080062,3,171,0.000118640346,0.9046596,2,200
114,0.0,1.0410635,2,20,0.0,0.99827564,2,40,0.006140647,0.9147802,2,61,0.01854464,0.9093396,2,81,0.014559127,0.99841654,3,101,0.0,1.0215224,2,127,0.0038267195,0.9474889,0,147,0.023985868,1.0718241,2,167,0.0020800105,0.99036777,2,200
115,0.010768962,1.0410193,2,20,0.010029583,0.99258834,2,41,0.020300347,0.99799025,2,61,0.009672001,1.017992,2,86,0.01760323,0.9984884,2,106,0.0033254602,0.9778531,2,127,0.0,0.98290956,2,147,0.0033128501,0.9823352,2,170,0.010672151,0.62913954,2,200
116,0.007771442,1.02958,2,20,0.011432887,1.0119978,2,44,0.0,1.0123608,2,64,0.0,1.0269502,2,85,0.005144773,0.9471574,2,105,0.0058709322,1.0114446,2,126,0.016244715,0.97288644,2,146,0.0054789023,0.9110858,2,167,0.0021882546,0.94392127,2,200
117,0.04073709,0.8882197,2,20,0.0,0.88277054,2,40,0.0039472445,0.8985632,2,63,0.0064499155,0.94775945,2,83,0.020820448,0.787427,2,103,0.0,1.0392373,2,123,0.0,0.87612295,0,143,0.008031646,0.73945594,0,163,0.029681683,0.5214911,0,200
118,0.006413854,0.9821224,2,21,0.0023551018,1.0132318,2,56,0.0029492278,1.0256745,2,76,0.0029695623,1.049367,2,97,0.0066815526,1.0093046,2,117,0.0,0.94083023,2,137,0.0,1.0611335,2,159,0.009786057,1.1105418,2,180,0.018179016,0.97512376,0,200
119,0.0071316143,0.93177074,2,22,0.06449975,0.61945045,2,43,0.028190443,0.59665316,2,63,0.010895489,0.6494729,2,84,0.032313578,0.44817188,2,105,0.003978211,0.60370564,0,126,0.04259974,0.59063715,2,148,0.0710951,0.5088833,2,169,0.025888123,0.71827734,2,200
120,0.000118063486,1.0209038,2,20,0.0025807247,1.0048784,2,43,0.0,1.0287794,2,63,0.00046577342,1.0052075,2,83,0.006666179,1.0502832,2,103,0.0,1.0107208,2,123,0.0025533638,1.0551773,3,143,0.0,1.1320825,2,164,0.0011281504,1.0859085,2,200
121,0.017945524,0.917875,2,21,0.010932974,0.9391392,2,41,0.0,0.92917454,2,61,0.0,0.88849354,2,81,0.0,0.79709166,2,105,0.035152476,0.8624929,2,125,0.011340632,0.55856425,1,147,0.0,0.6223556,1,167,0.015009895,0.58391273,2,187
122,0.027263055,1.0041316,2,20,0.008368785,0.9800998,2,40,0.015443142,1.0294241,2,60,0.0,1.037096,2,80,0.0,0.9572609,2,100,0.0005103961,0.9001784,2,130,0.0,1.0196509,2,154,0.0,0.95145434,2,174,0.011967657,0.88035274,2,200
123,0.0026696539,0.84112597,2,21,0.0,0.6989204,2,41,0.0072083296,0.6703104,0,64,0.0,0.9520615,2,84,0.0,0.39324185,0,104,0.0,0.32230067,0,124,0.0,0.36929378,1,146,0.0,0.47204217,1,166,0.013001261,0.4973563,1,200
124,0.00463827,0.9952363,2,20,0.018715473,0.9604121,2,43,0.0033918596,1.0025941,2,63,0.003770201,1.126942,3,83,0.0033831212,1.059592,3,104,0.0,1.0427113,2,127,0.011020669,1.0986619,2,158,0.008719264,1.0190161,2,200
125,0.010432863,0.9580134,2,20,0.0023605402,1.0191529,2,50,0.0135071,1.0610657,2,70,0.0061395904,1.0287291,2,91,0.0032866388,1.0638433,2,118,0.022826571,1.0632825,2,138,0.02365964,0.91315573,2,158,0.0026206144,0.9617527,2,180,0.0012789157,0.96635085,2,200
126,0.00053064805,0.9950479,2,20,0.018766502,0.92222196,2,42,0.0066727637,0.9059704,3,62,0.0043711825,0.9871372,2,82,0.008042414,0.9588803,2,103,0.046509404,0.86759007,2,123,0.018978061,0.95434487,2,150,0.014440995,0.846539,2,171,0.0017542534,0.95315576,2,200
127,0.0,0.94007075,2,21,0.0,1.0279403,2,42,0.0,1.0421875,2,68,0.0,0.94317967,2,98,0.037000272,0.8915926,2,118,0.0,0.870043,2,138,0.0,1.0566465,2,160,0.019796204,0.7679162,2,200
128,0.041244894,0.9208764,2,20,0.0038731822,0.84170246,0,42,0.028139153,0.8904177,2,62,0.0004561579,0.9400035,2,82,0.0031380933,0.97661763,2,105,0.0,1.0483354,2,133,0.012352311,0.97052824,2,155
129,0.010528262,0.98585796,2,20,0.007627439,0.9272047,2,42,0.037171446,0.97263575,2,62,0.011210642,0.91996413,2,87,0.0100262705,0.95588493,2,110,0.0090680355,0.80846846,2,132,0.0349894,0.69945747,2,153,0.0,0.51669943,1,173,0.029154727,0.40618262,2,200
130,0.0007204671,1.0208205,2,21,0.010443391,1.0103174,2,41,0.002533035,1.0173001,2,61,0.0,1.0339552,2,81,0.004641986,1.0483861,2,101,0.011166215,0.9730568,2,121,0.0054257708,1.023612,2,141,0.043857347,0.97575366,2,161,0.012324794,0.9686551,2,200
131,0.005284112,0.99180394,2,20,0.002228599,0.95440763,2,42,0.011485707,0.9086541,2,63,0.0026876673,0.8964645,2,83,0.0022449575,0.9437325,0,105,0.016282344,1.0217779,0,125,0.0,0.87330544,3,145,0.0,0.84782124,2,165,0.0020190186,0.84505117,2,200
132,0.003147626,1.0075966,2,24
133,0.020977208,0.9549166,2,30
134,0.0030790034,0.9641684,2,20,0.0036053187,0.9785883,2,40,0.0033721463,1.0210079,2,60,0.0046182475,1.0236589,2,81,0.0011499925,0.958501,2,104,0.015653597,1.0014855,2,125,0.01845055,0.9980778,2,148,0.0,1.0441941,2,174,0.009894109,0.95674545,2,200
135,0.008572543,0.9188159,0,20,0.009447938,0.9976325,2,40,0.009696117,0.95880353,2,60,0.015249943,1.0053608,2,110
136,0.013468087,1.0799713,2,21,0.0018356199,0.93828034,2,44
137,0.017722711,0.84398913,2,36
138,0.01271721,0.98830545,2,20,0.007925348,1.0055575,2,40,0.022313934,0.9964888,2,65,0.0070738173,1.0532877,2,85,0.0072615827,1.0280004,2,110,0.0110707,1.0620167,2,130,0.0016377727,1.08019,2,155,0.0029872889,1.0317155,2,178,0.0019918305,1.0283288,3,200
139,0.0017915121,0.91968256,2,22,0.0,0.977413,2,44,0.009212754,1.0256721,2,66,0.0,0.9301261,2,86,0.0,1.190105,2,107,0.022026656,1.0969582,2,127,0.0,0.5441334,0,147,0.0,1.0410964,0,167,0.04726154,0.53473514,2,200
140,0.028346261,0.95948654,2,21,0.024221353,0.91966677,2,44,0.024002552,0.94495535,2,65,0.05533237,0.8538497,3,85,0.07116205,0.95968264,3,105,0.02984352,0.9110529,2,125,0.029226365,0.93760645,2,150,0.010375783,0.9363793,2,170,0.030761778,0.9142605,2,200
141,0.025718695,1.0049948,2,20,0.015340802,1.0180498,2,40,0.0065243402,1.0382298,2,60,0.0018029263,0.9914921,2,80,0.0015392135,0.93015677,2,103,0.015866207,1.0981185,2,123,0.0,1.0044965,2,143,0.0039779926,1.0135705,2,163,0.008634578,0.9419228,2,196
142,0.008727758,1.0172503,2,28,0.0027220903,1.0216318,2,48,0.0030583292,1.0681789,2,75,0.008204261,1.0339965,2,97,0.005928432,1.0486535,2,117,0.009048515,1.0464809,2,137,0.006717739,1.0385764,2,169,0.010383885,1.0416781,2,200
143,0.0008104281,1.0040518,2,29,0.009157388,0.9866846,2,49,0.034633685,0.9928501,2,69,0.0080875615,0.96924484,2,89,0.016124947,0.6430537,2,129
144,0.0,1.0127065,2,21,0.0,1.0073931,2,41,0.0015780966,1.0013027,2,63
145,0.0,1.0490762,2,20,0.009051062,1.0244642,3,41,0.002010794,1.0022548,2,61,0.0074405707,0.985079,2,81,0.009502732,1.0234236,2,101,0.014756704,1.0172762,2,121,0.0,1.0098675,2,142,0.0,1.0039306,2,162,0.011033281,1.0061369,2,200
146,0.04414863,0.98057497,2,20,0.0022178763,1.04006,2,52
147,0.00019294971,1.0513754,2,24
148,0.0048648976,1.0102854,2,34,0.029103238,1.0054854,2,54,0.012280946,0.9790357,2,81,0.0007345085,0.9499841,2,104,0.0,0.90034467,2,125,0.0001792393,0.8801973,2,147,0.0,0.8740308,2,169,0.020792969,1.010186,2,200
149,0.020944396,0.9945531,2,24,0.006334629,1.0381149,2,44,0.0125422655,0.9664147,2,66,0.00412693,1.001233,2,90,0.008653261,0.9738287,2,110,0.022759074,0.9854576,0,130,0.0035632192,0.91920984,2,150,0.0,0.97947425,2,170,0.0,0.92697126,2,200
150,0.01180531,1.0059019,2,20,0.0064702802,1.0098983,2,51,0.0,1.0084808,2,73,0.0060232347,1.0095303,2,93,0.02115656,0.9906597,2,115,0.005856042,1.0355985,2,143,0.0035295729,1.0096071,2,164,0.007822712,0.9994264,2,200
151,0.0,1.0505186,2,24,0.0035902273,1.0339086,2,44,0.0076406826,0.974654,2,67,0.012761488,0.98923784,2,88,0.0076984083,1.0169103,2,108,0.0015234227,1.0254536,2,135,0.007140643,0.988128,2,161,0.0055523277,1.0062716,2,200
152,0.0043445528,1.0084925,2,22,0.019192059,1.0641515,2,42,0.0069877817,0.99844015,2,62,0.006177872,1.0138308,2,105,5.3496566e-05,0.9964687,2,125,0.01685457,0.9613137,2,145,0.0023422136,0.95006835,2,165,0.008707495,1.0023841,2,200
153,0.0014704225,0.9414073,2,23,0.023129504,0.8966672,2,43,0.006174992,0.9332909,2,66,0.0,0.9804802,2,88,0.022977872,0.9652006,2,110,0.018578365,0.93425226,2,131,0.00031977362,0.95652187,2,151,0.01926187,0.94828075,2,173,0.001616162,0.9653076,3,200
154,0.004361388,1.028858,2,36
155,0.002682295,0.98854303,2,20,0.009035733,1.0036703,2,40,0.028827425,1.0209816,2,60,0.014179571,1.0110477,2,80,0.0,0.98161954,2,100,0.018719254,0.99479806,2,122,0.011825003,0.9641255,2,142,0.021178598,0.9871726,2,162,0.027865529,0.95078146,2,200
156,0.0011251554,1.0509218,2,21,0.0036582386,1.044582,2,42,0.005779202,1.0193057,2,64,0.0018727621,1.0532213,2,84,0.020278126,0.971392,2,104,0.0,1.017474,2,126,0.033121638,0.9443989,2,150,0.009770657,0.9267855,2,173,0.002752037,1.0105371,2,200
157,0.017529735,0.98755085,2,20,0.014722263,1.0067831,2,41,0.0147298835,0.9760024,2,64,0.011097521,0.9221265,2,84,0.0,0.9782485,2,104,0.028165067,0.91656536,2,135,0.0,1.0525469,2,156,0.00049819687,1.0803838,2,200
158,0.027158607,0.9421315,2,20,0.004039022,0.90625924,2,45,0.0,0.95854396,2,65,0.0054879957,0.9424166,2,90,0.0,0.8526166,2,110,0.051082052,0.82893246,2,130,0.0005926865,0.76382285,2,151,0.04232724,0.7730921,2,172,0.0056433226,0.90672374,2,198
159,0.0020381557,0.9947755,2,24
160,0.007685557,1.0231975,2,20
161,0.029721368,0.82109505,2,22,0.009655262,0.86248827,2,43,0.0032554588,1.025132,0,84
162,0.008414037,0.98964465,2,35
163,0.018989615,0.9957955,2,29,0.0043070624,1.0381715,2,49,0.009136264,1.0255451,2,72,0.02100118,1.0188878,2,92,0.014731446,1.046114,2,112,0.00071425736,1.0018098,2,134,0.019074477,1.0072496,2,155,0.0047401106,1.0040565,2,175,0.007339175,1.0316342,2,200
164,0.006727146,1.0032105,2,23,0.00864491,1.0017606,2,59
165,0.017944463,0.9804365,2,33,0.011834246,1.0190761,2,54,0.02162248,1.0070393,2,76,0.006477494,1.0141693,2,99,0.0,0.9951949,2,123,0.0,0.96931535,2,143,0.014098644,1.0000644,2,166,0.0027958066,0.9902873,2,200
166,0.008422793,0.9827253,2,24,0.016798746,1.0183222,2,44,0.008161156,1.073016,2,66,0.0031358858,1.0271869,2,88,0.0070655197,1.0135952,2,108,0.0025224811,1.0608863,2,130,0.0043993806,1.0735333,2,150,0.0017559651,1.0678748,2,172,0.009933286,1.0368525,2,200
167,0.005335946,0.94018584,2,21,0.021204654,0.9284803,2,49
168,0.017870065,0.87220937,2,20,0.0,0.82373935,2,40,0.0016615841,0.92213094,2,60,0.0677228,0.7338388,2,80,0.0109145865,0.85479814,2,100,0.0,0.85613453,2,120,0.005154916,0.5035577,2,140,0.012727849,0.22768076,0,161,0.12649003,0.24563068,0,200
169,0.0,1.0125011,2,20,0.0056017167,0.94376564,2,41,0.02070013,0.98617506,2,61,0.0,1.0458057,2,81,0.0,1.0139765,2,101,0.016923452,0.9635252,2,124,0.00032684376,1.0032375,2,144,0.013111686,0.9979078,2,166,0.007319829,0.94430566,2,200
170,0.010060949,0.99514395,2,31
171,0.009546308,0.9567195,2,20,0.0,0.95595366,2,43,0.0,0.99185866,2,63,0.008446464,1.006173,2,83,0.011500838,0.95341915,2,106,0.0,0.88060987,2,126,0.022561956,0.81454486,2,146,0.015714616,0.92193836,2,168,0.014903233,0.91730934,2,200
172,0.012666049,0.97563124,2,20,0.0007993956,0.8936206,2,41,0.047329586,0.96741915,2,61,0.011554454,0.97632116,2,85,0.0056187487,1.0535781,2,105,0.00085187936,0.97429836,2,139,0.0,1.0044641,2,159,0.041909363,0.87077826,2,179,0.090017065,0.8832252,2,200
173,0.0,0.9340398,2,21,0.0,1.0505722,2,44,0.0,0.93687147,2,65,0.0,0.78678113,2,88,0.009133158,0.7180237,2,109,0.0,0.998531,2,130,0.078973114,0.70070475,2,150,0.07935041,0.69192886,2,170,0.046454016,0.7294529,2,191
174,0.006452978,0.9915796,2,24,0.005673312,0.9747798,2,45,0.0,1.0381311,2,67,0.012951083,0.9503162,2,99,0.0041306163,0.9812912,2,121,0.0,1.0102861,2,142,0.020324597,0.99092406,2,162,0.009334582,0.98692244,2,200
175,0.0020225039,0.9431839,2,20,0.014228805,0.9030372,2,43,0.011245541,0.9323627,0,66
176,0.011537071,0.95346814,2,24,0.027833868,0.93820745,2,45,0.0049301255,0.92412037,2,97,0.07929845,0.85499716,2,117,0.020219387,0.90220094,2,158,0.01621129,0.9066559,2,185
177,0.008594176,0.9494709,2,20,0.0058880253,0.9075373,2,40,0.008316105,0.9115855,2,61,0.011377633,0.96711934,3,87
178,0.010683502,1.0109996,2,26,0.0050141015,1.0100282,2,48,0.018771585,0.93784535,2,75,0.025784811,0.8993551,2,98,0.038216908,0.8626934,2,118,0.017166056,0.8176787,2,140,0.013907099,0.9006993,2,160,0.017160635,0.9132042,2,200
179,0.0040048934,1.0004716,2,20,0.00441878,0.9808338,2,43,0.009743298,0.96615934,3,63,0.0024308816,0.9809801,2,83,0.0054385043,0.968984,2,103,0.015569623,0.97996867,2,124,0.013468449,1.0177875,2,148,0.0077044205,0.9908564,2,172,0.0,1.0282856,2,200
180,0.011291551,0.9914259,2,20,0.010158989,1.0116684,2,41,0.0082865385,0.9014524,2,63,0.023269145,0.9874386,2,85,0.0016725846,1.0192145,2,105,0.00023808116,1.0284365,3,125,0.004421997,1.0091833,2,165
181,0.014799444,1.0075506,2,33,0.010781866,0.94658375,2,55,0.0,0.946928,2,76,0.009445074,0.9663912,2,96,0.026703391,0.9175606,2,116,0.015381765,0.9474705,2,146,0.038251955,0.96936387,2,167,0.026436951,0.8631188,2,200
182,0.009397458,0.9581865,2,20,0.0071784244,0.96032214,2,41,0.008951341,0.9427033,2,69,0.055662613,0.977815,2,90,0.0540364,0.8990525,2,110,0.01876766,0.9626351,2,132,0.054715578,0.8985095,2,153,0.0,0.860658,2,176,0.027614167,0.9296277,2,200
183,0.0121131325,1.0113297,2,20,0.0021089567,0.9619478,2,42,0.001271053,0.953043,2,62,0.0145931365,0.94735867,2,100,0.015290173,0.9990738,3,120,0.019255811,0.9491972,2,140,0.0049596755,1.0075071,3,161,0.016308561,0.99517155,2,200
184,0.008603873,0.9611791,2,21,0.015492451,0.95269996,2,45,0.0043772473,1.001851,2,69,0.013587142,0.95739853,2,90,0.010566717,0.97445834,2,110,0.0,0.8993209,2,130,0.024388278,0.88984984,2,150,0.014148809,1.0254912,3,171,0.018611887,0.8289508,3,200
185,0.0010342724,1.0225654,2,22,0.0008347173,1.0587434,2,57,0.0010616991,1.0118382,2,83,0.0011178209,0.9868909,2,104,0.00019482183,0.95597917,2,127,0.012660221,1.005315,2,152,0.002067879,1.0367335,2,200
186,0.0,1.0422826,2,20,0.005080897,0.9811237,2,41,0.0027699838,0.91033846,2,62,0.0,1.0275913,2,82,0.004952578,0.979586,2,103,0.003825971,0.9539188,2,126,0.0046409825,0.9132833,0,147,0.005412503,0.9137913,2,167,0.005434242,0.9215538,2,200
187,0.028536301,0.94101435,2,23,0.014578574,0.886838,2,45,0.006898427,0.8785677,2,65,0.0,0.8500153,2,85,0.0,0.8982589,2,106,0.0,0.88680136,3,126,0.0014473848,0.9728179,0,146,0.0,0.7006669,0,166,0.047410734,0.68311465,0,200
188,0.0051141772,0.9622911,2,20,0.004092446,0.96896994,2,40,0.01605773,0.9807493,2,61,0.006810991,0.94938505,2,84,0.01417087,0.97464246,2,110,0.022920495,0.9947847,2,139
189,0.011721197,1.0163689,2,21,0.0,0.9956318,2,42,0.014420653,0.9621895,2,64,0.00022670394,0.97441196,2,84,0.004639057,0.9798378,2,114,0.0041276985,1.018171,2,134,0.0,0.91929317,2,159,0.017732875,0.91066045,2,195
190,0.004548552,0.9632482,2,21,0.0,1.0306058,2,44,0.0031111513,1.0177246,2,72,0.000668851,0.97944766,2,92,0.0007564474,1.024646,2,112,0.0061296322,0.99977,2,132,0.0010728186,1.0284956,2,154,0.0008687187,1.0381876,2,174,0.024217788,0.90956944,2,200
191,0.036177605,0.8284214,2,22,0.0,0.5129374,2,43,0.031665903,0.4296588,2,64,0.046633873,0.6402009,2,84,0.0,0.30632013,1,104,0.0,0.47349954,2,124,0.071568735,0.48638007,3,145,0.0,0.6120672,2,166,0.007898546,0.47733936,2,200
192,0.012042133,1.0137303,2,20,0.0042378823,0.97513634,2,44,0.0068598757,0.9544627,2,70,0.0054291086,0.91645247,2,96,0.0002987978,0.9439622,3,116,0.0045641223,0.97025424,2,136,0.0,0.9629855,2,156,0.08475047,0.8558421,2,176,0.006795122,0.99020797,2,200
193,0.009965678,0.9581224,2,20,0.00975664,0.99416745,2,40,0.027149547,0.8969785,2,60,0.008020689,0.79438686,2,80,0.031372555,0.7416791,2,100,0.0,0.49071735,0,123,0.0,0.35212162,1,144,0.03649965,0.32060334,1,165,0.0030347633,0.7811879,0,200
194,0.00030322606,0.94720423,2,20,0.010356084,0.97225887,2,43,0.017930398,0.9862049,2,63,0.041015953,0.9831618,2,83,0.0072732246,0.9891206,3,103,0.00097383425,0.9132541,2,124,0.018701475,0.81122655,2,144,0.040890284,0.7670218,2,167,0.02613298,0.6833582,2,200
195,0.0105717145,1.0018713,2,20,0.016804926,0.9992439,2,44,0.007570718,1.0097011,2,68,0.00073824346,1.0171311,2,88,0.002742849,0.97105914,2,121
196,0.0039206315,1.0408316,2,25
197,0.006988087,0.8629196,2,20,0.0,0.8403012,0,41,0.011318604,0.6049871,1,62,0.0,0.7114763,2,82,0.037000887,0.6732885,2,104,0.0,0.565708,2,125,0.0,0.14500631,0,145,0.0,0.4701508,0,166,0.0067783706,0.34987766,1,200
198,0.010106277,0.9739461,2,21,0.009440915,1.0341464,2,41,0.0032605657,0.9770189,2,77,0.0058915354,0.9856384,2,106,0.021104744,0.9353768,2,126,0.023503996,1.0021585,2,150,0.0,1.0317681,2,175,0.0,1.0219,2,200
199,0.0,1.0287431,2,20,0.014964537,1.0671074,2,42,0.0025563168,1.0516379,2,71,0.008229104,1.00383,2,91,0.00012840788,1.0268924,2,111,0.0,1.0693183,2,133,0.011551848,1.0126603,2,165
200,0.003607112,1.045216,2,22
201,0.00012337085,0.9726844,2,23,0.025579276,0.8595377,2,45,0.014976784,0.99562883,2,68
202,0.0025911308,0.9723444,2,20,0.015054003,0.9739005,2,41,0.0011949025,0.92068243,2,61,0.0116192615,0.9754113,2,81,0.0,1.0297688,2,101,0.0025173607,1.0373797,2,128,0.00043392266,1.0898706,2,150,0.004380666,0.99362093,2,174,0.008904576,1.0272411,0,200
203,0.007656941,0.97823757,2,26,0.019703675,1.0414069,2,47,0.0041547255,1.0300351,2,70,0.0074293045,1.0112202,2,96,0.0013994828,1.0195104,2,119,0.004005155,1.0205431,2,144,0.007101536,0.9643798,2,165,0.025358822,0.9774478,2,200
204,0.0,0.9860828,2,22,0.0,0.94199896,2,47,0.0,0.80093056,2,69,0.008056721,0.83343714,2,89,0.0019684178,0.80659115,2,110,0.02818281,0.7640817,0,130,0.034473203,0.9348475,2,156
205,0.012139196,0.9522341,2,23,7.768525e-05,1.0521626,3,43,0.023280056,1.0269893,2,63,0.00044139184,1.0432324,2,89,0.0034564002,0.9554233,2,111,0.015309585,0.9844843,2,131,0.016044505,0.9907193,2,151,0.0006409754,0.97433174,2,171,0.016972857,1.0645909,2,200
206,0.0,0.9880638,2,20,0.0074357972,1.0051258,2,40,0.0038389624,1.0157198,2,62,0.00016489839,1.0509974,2,82,0.024407366,0.975283,2,102,0.019411756,0.99698126,2,124,0.010836577,0.9921577,2,146,0.006815995,1.0495805,2,168,0.001281311,0.9728654,2,200
207,0.007148589,0.9755087,2,20,0.0,1.0588286,3,41,0.0,1.0555599,3,62,0.0046263593,0.970318,2,99
208,0.0032262064,0.99737644,2,20,0.0,1.0156851,2,40,0.01543729,1.0229828,2,60,0.008564378,1.0395458,3,81,0.01742706,0.80361605,2,101,0.014193186,0.93283725,2,122,0.0,0.86478937,2,144,0.0,0.8125098,0,166,0.0,0.849649,0,200
209,0.009856481,0.93789595,2,22,0.008290781,0.8967792,2,42,0.023844784,0.7980767,2,62,0.02401123,0.85093564,0,82,0.00047774985,0.8846612,2,102,0.01405866,0.8805736,2,123,0.1103817,0.7081007,2,143,0.02760468,0.7744607,0,163,0.024042508,0.33338967,0,200
210,0.0078098252,1.0094602,2,24
211,0.0059438064,0.9212028,2,20,0.0013811844,0.94920605,2,41,0.060604107,0.9945551,2,61,0.00174202,1.0392925,2,87,0.02057574,1.0264006,2,117
212,0.0,1.0062473,3,20,0.00521832,0.9177608,2,42,0.0010362149,0.9449643,2,63,0.025471747,1.0300045,2,85,0.0027770782,0.9639261,2,121,0.01323325,0.943874,2,142,0.0,1.0400867,2,162,0.014471973,0.8844078,2,200
213,0.0,1.0265386,2,20,0.003980176,1.0149815,2,40,0.0028108435,0.9392706,2,63,0.0052884608,0.9661973,2,83,0.025264781,0.96911496,2,103,0.011887581,0.97990435,2,161,0.0042713652,0.9669005,2,200
214,0.0014537141,1.039047,2,20,0.009419567,0.9928566,2,43,0.012664652,0.9957296,2,65,0.0067128493,0.9789056,2,104,0.0015387883,1.0257475,2,124,0.012439391,0.9828514,2,146,0.0015044693,1.0401196,2,170,0.023599057,1.0025163,2,200
215,0.0,1.0180486,2,20,0.013764792,0.9887759,2,46,0.0023653228,0.99583906,2,71,0.014206312,1.0039479,2,96,0.022087697,1.0394521,2,117,0.005776403,1.0518136,2,137,0.003041692,1.0591657,2,157,0.01020277,0.95269585,2,179,0.0019820733,1.0058066,2,200
216,0.01674501,1.0275214,2,26,0.0066337585,0.9884124,2,47,0.00078324403,0.9014331,2,67,0.010569967,0.94637537,2,88,0.0064114095,0.969179,2,108,0.011875698,0.968252,2,128,0.01885091,0.9734828,2,149,0.0,1.0464449,2,170,0.018745612,1.0174034,2,200
217,0.001100047,1.0138584,2,20,0.0,1.0245904,2,47,0.0015639581,1.0141807,2,69,0.0019547222,1.0423793,0,91,0.0014061609,1.0202055,2,112,0.020910291,1.0317777,2,132,0.008836832,1.049791,2,152,0.0,1.0565991,2,175,0.0,1.0347708,2,200
218,0.0,1.056132,2,22,0.000155624,1.0349483,2,48,0.006843102,0.9676105,2,69,0.009964012,1.0355836,2,89,0.010034174,1.0270267,2,110,0.01687369,1.0148152,2,138,0.005078587,1.00551,2,164,0.0068438626,1.0494386,2,200
219,0.0,1.0379306,2,23,0.0054979837,1.0075753,2,53,0.0056540645,0.9732085,2,81,0.00020340837,0.9809065,2,105,0.013198401,1.000516,2,125,0.05767905,0.95158607,2,146,0.031065688,0.92404956,2,171,0.039996926,0.91301143,2,200
220,0.009380913,1.0163167,2,29
221,0.0071532167,1.0094453,2,40
222,0.0025719502,1.0225925,2,25
223,0.002579573,0.9836031,2,20,0.010650652,0.94405746,2,40,0.014058784,0.8908812,2,60,0.012303944,1.005501,2,80,0.0037326342,1.0010934,2,100,0.015868276,1.0026568,2,122,0.017905647,0.98970616,2,142,0.026072893,1.0134952,2,162,0.021734906,0.96458554,2,200
224,0.0008483688,1.0215992,2,27,0.0,1.0315183,2,54,0.012134349,0.98594856,2,74,0.016568918,1.0272882,2,114,0.0018863112,1.028015,2,136,0.0,1.0280089,2,157,0.006441621,1.0262421,2,200
225,0.0011169492,1.007359,2,20,0.00527732,0.99284154,2,41,0.0,0.9865758,2,62,0.048225634,1.0126107,2,82,0.01614992,0.94680816,2,102,0.0,0.9136864,2,127,0.0,0.98434,2,147,0.0,0.92452186,2,168,0.06412314,0.86694217,2,200
226,0.0,1.0184919,2,22,0.0,1.0083014,2,43,0.0,1.0326439,2,68,0.0022049833,0.99111193,2,93,0.0054798075,0.98300767,2,119,0.007749253,0.9911312,2,142,0.009042208,0.95744145,2,162,0.005498162,1.010183,2,200
227,0.0079008695,0.99022084,2,33,0.007433565,0.99349177,2,53,0.0026094706,0.9896962,2,94
228,0.008897858,1.0147448,2,20,0.015308835,0.8892451,2,41,0.022135094,0.9271487,2,62,0.0040021045,1.0195032,2,86,0.004057595,0.9941018,2,106,0.0,1.0346819,2,127,0.007205056,0.94822705,2,153,0.011471223,1.0137773,2,200
229,0.0,0.77199,0,20,0.0,0.6948847,2,40,0.08582053,0.32171062,1,67
230,0.0,0.85765445,2,21,0.021764839,0.814453,2,41,0.0,0.8777932,2,61,0.006995627,0.82312685,3,92
231,0.0031389978,0.97592956,2,28,0.0013993946,0.9857359,2,52,0.020343624,0.97458977,2,78,0.0,0.8868945,2,98,0.012013904,0.91351026,2,119,0.00024911808,0.96895504,2,139,0.0,0.95862246,2,159,0.0016274917,0.9019857,2,180,0.0,0.9910194,2,200
232,0.008691361,1.0352288,2,21,0.0050209463,1.0668921,2,55,0.0068625375,0.9880984,2,78,0.0024412188,1.0253865,2,106,0.0077294614,0.9880255,2,138,0.0,0.982328,2,165,0.008208466,1.0377526,2,200
233,0.041233692,0.9038861,2,27
234,0.008133078,1.0194141,2,20,0.0062096873,1.0031974,2,56,0.0105368765,0.9548405,2,80,0.009059661,1.0050982,2,102,0.005418344,1.0192778,2,122,0.001490424,1.0236372,2,142,0.0053868843,0.9881469,2,162,0.003492011,1.0118513,2,200
235,0.015708333,0.96170926,2,21,0.0021605617,1.0239651,2,41,0.0,0.9241511,2,61,0.008898674,0.98651683,2,88,0.005064591,1.0237935,2,108,0.013263623,0.99394256,2,132,0.023889964,1.0072793,3,152,0.00826532,1.0213847,2,187
236,0.007598424,0.97486866,2,20,0.005286666,0.86784494,2,40,0.03310003,0.91173583,2,60,0.003178358,0.95490664,2,83,0.0,0.986314,2,106,0.0,0.87388676,2,132,0.0028535123,0.6749612,2,152,0.039666787,0.53047675,2,172,0.02835977,0.4802321,2,200
237,0.006101993,1.0201477,2,21,0.00574553,0.9694978,2,41,0.0,0.9926762,2,63,0.017969951,0.9602083,2,107,0.020554077,0.94210654,2,138,0.0020903058,0.9885715,2,158,0.0039782915,0.98400754,2,178,0.01619892,0.9799516,2,200
238,0.005320059,1.0126971,2,20,0.0,0.9685013,2,41,0.008388037,0.9912718,2,66,0.032520287,0.9361323,2,86,0.0,0.9603522,2,109,0.0,1.0759525,0,130,0.0,1.1008762,2,151,0.014975963,1.052569,2,171,0.0046546445,0.9925134,3,200
239,0.01700703,0.99950993,2,29,0.011185731,0.9694492,2,51,0.017355356,0.98471296,2,71,0.005577129,0.8988397,2,100,0.0014135956,0.9469597,2,120,0.0,0.8998257,2,141,0.0060748174,0.95067376,2,162,0.0032842911,0.9159361,2,200
240,0.0,1.0405005,2,20,0.0,1.018778,2,46,0.004173334,1.0343734,2,71,0.0036772166,0.98108405,2,91,0.0065117734,1.0195236,2,127,0.0,1.0393039,0,147,0.008316858,1.0145389,2,167,0.012096994,1.0114776,2,190
241,0.010106212,0.9972553,2,20,0.0,0.9909564,2,40,0.018642988,1.0182533,2,63,0.004019622,1.0221697,2,95,0.010926412,1.0268762,2,116,0.008602186,1.0239851,2,137,0.017985726,0.98562175,2,157,0.011448211,1.0379764,2,178,0.005264007,0.9960216,2,200
242,0.005804159,0.9691686,2,34,0.011851712,0.97797704,2,55,0.0036815351,0.94173956,2,76,0.0194715,0.8582083,2,96,0.017543573,1.0168754,2,117,0.031674676,0.7982899,2,137,0.0,0.78926694,2,157,0.062387973,0.68506855,2,177,0.059524324,0.6380229,2,200
243,0.0,0.9953652,2,26
244,0.0,0.9808765,2,24,0.011574654,0.98506135,2,45,0.0074251764,0.9897761,2,80
245,0.008878168,0.98721373,2,37
246,0.0013205742,0.8883904,2,20,0.003127269,0.8959215,2,40,0.030118357,0.90242976,0,60,0.0,0.7697491,2,80,0.0,0.6502148,2,100,0.038829975,0.72518057,2,120,0.04733106,0.8041537,2,146
247,0.018873041,0.9959993,2,47
248,0.0034523695,1.0231044,2,25,0.00965361,0.99525493,2,47,0.013532866,0.92351866,2,74,0.015956704,0.99051654,2,94,0.009570549,0.96053714,0,115,0.008293684,0.99929565,2,136,0.0024170342,0.9622692,2,157,0.007857879,0.9622791,2,179,0.014018633,0.9072499,2,200
249,0.0,1.0269397,2,21,0.0043187966,1.0472928,2,46,0.018494807,1.0329845,2,66,0.0022941132,1.0074257,2,103,0.026379365,1.0467457,2,123,0.007332134,1.0299207,2,145,0.0042306585,0.96991175,2,170,0.0027601211,1.0218612,2,200
250,0.0037683975,1.0334394,2,21,0.017762661,1.010601,2,41,0.0034506768,1.0328001,2,63,0.0027111836,1.0259997,2,86,0.0041902917,1.057519,2,107,0.0,1.0430402,2,127,0.0035362886,1.0429254,0,149,0.013930393,1.0588111,2,170,0.019584427,1.029207,2,200
251,0.0027651635,0.98782974,2,27
252,0.007544003,1.0007666,2,31
253,0.00020629646,0.99944335,2,21,0.007888708,0.981702,2,45,0.019507801,1.0454614,2,65,0.0,1.0223455,2,89,0.03583774,0.99144727,2,111,0.007750671,0.98987865,2,133,0.001685114,0.9973691,2,153,0.008070675,0.9960086,2,181
254,0.0,1.0327876,2,20,0.0019950853,0.9966593,2,40,0.0005255509,1.0118408,2,60,0.008055848,1.0026486,2,80,0.010791442,0.96746296,2,102,0.0031019463,0.99452937,2,124,0.0042318883,1.041441,2,146,0.011745041,1.0556442,2,166,0.010015496,1.0400562,2,200
255,0.020368043,1.0417688,2,20,0.005801976,1.0362539,2,45,0.0,1.0193547,2,67,0.023453306,1.0235814,2,99,0.008268377,1.0481882,2,119,0.007620841,0.9918008,2,143,0.007005355,0.9784632,2,163,0.0048072306,0.9774039,2,200
256,0.0,0.93031275,2,21,0.0041068513,1.0124644,2,41,0.017178224,0.95007247,2,69,0.0036219656,1.0421605,2,89,0.0052584684,1.0083011,0,110,0.0025096827,1.0424845,2,149
257,0.0049470267,1.0682412,2,20,0.005442318,1.0706542,2,44,0.005859195,1.014791,2,66,0.012189438,0.9795437,2,87,0.00026688157,1.0240307,2,107,0.0010744205,1.057956,2,127,0.0044507068,1.0473685,2,159,0.005478184,1.0311685,2,200
258,0.030578662,1.0588012,0,20,0.0,1.0979908,2,43,0.0022538176,1.1081141,2,73,0.003034694,1.0438261,2,102,0.0,1.0909402,2,129,0.0,1.0147039,2,150,0.049694158,0.86920035,2,170,0.0023853297,0.7424692,2,200
259,0.006138114,0.9314257,2,20,0.003055591,0.8887526,0,42,0.011763621,0.8228137,0,62,0.026104297,0.8359351,2,83,0.0,0.50801533,1,103,0.026213607,0.76054525,2,124,0.0,0.69828844,2,144,0.021759411,0.8278387,2,164,0.0,0.6742207,2,200
260,0.019181,0.97707826,2,24,0.027969778,1.0354481,2,48,0.0014056821,0.9778749,2,69,0.022051783,0.9717949,2,89,0.005046465,1.020666,2,111,0.0042949193,0.97067183,2,131,0.037168305,0.857615,2,152,0.06094321,0.94545394,2,172,0.024758443,0.88324624,2,200
261,0.0,0.8851983,2,20,0.0,0.52573806,2,40,0.027593104,0.8355725,2,61,0.005604478,0.82525843,0,81,0.0031514694,0.8917605,0,102,0.007323992,0.9280235,0,125,0.0,0.92471397,3,145,0.0,0.65415025,1,165,0.0,0.46755525,1,196
262,0.0050358633,1.0141659,2,20,0.028098397,0.92708325,2,50,0.0055460427,0.96701574,2,71,0.009887363,0.9474721,2,91,0.0,0.96598125,2,129,0.004656335,0.9173027,2,159,0.010280184,0.8783,2,180,0.0034657023,0.89889777,2,200
263,0.0023715773,1.0084358,2,27,0.0032298823,1.0348978,2,52,0.019845968,0.9738121,2,72,0.0036033827,0.9769033,2,92,0.0051866877,0.9696452,2,113,0.011907336,0.9909403,2,133,0.0012570103,1.0201186,2,160,3.419444e-06,0.99360216,2,180,0.005407233,0.9930005,2,200
264,0.016253214,0.98268676,2,24,0.0,1.0070174,2,46,0.004958719,0.9742872,2,75
265,0.00787139,0.975021,2,21,0.0052669877,1.0431178,2,41,0.010008483,0.9628106,2,63,0.0121553475,0.9366676,2,83,0.0,0.95883936,2,110,0.0081286775,0.95396686,2,131,0.00391326,0.94561315,0,152,0.0,0.93764323,3,172,0.007638032,0.8203621,2,193
266,0.11920718,0.7227265,2,20,0.0,0.62739646,2,40,0.0011954178,0.9260766,2,61,0.0,0.78924906,2,82,0.0,1.0062075,2,102,0.0,0.8698785,0,122,0.0,0.8352765,0,143,0.0,0.96692085,2,164,0.0020904203,0.8501178,0,192
267,0.00086182996,1.0477357,2,36
268,0.008520652,0.95644784,2,22,6.3597596e-05,1.0184579,2,42,0.012597387,0.94803536,2,62,0.002238242,0.9992497,2,83,0.0059987777,1.0073451,2,103,0.023320373,0.95798445,3,123,0.0,0.9690984,2,144
269,0.0,1.0228511,2,21,0.013516152,1.019194,2,51,0.0,1.0369687,2,71,0.01648254,0.97079355,2,91,0.011791752,1.0144541,2,111,0.011024241,0.9832665,2,131,0.01712886,1.0132405,2,161,0.000605481,1.0175185,2,200
270,0.0,0.9956936,2,36,0.011251674,0.95515704,2,58,0.01670464,0.9102192,2,78,0.010842392,0.91151345,2,98,0.023844752,0.92884827,2,118,0.032350477,0.944382,2,142,0.03191839,0.9717619,2,164,0.021726366,0.94183373,2,198
271,0.014224142,1.0276947,2,20,0.014409214,0.9490401,2,41,0.0033724783,0.98714596,2,74
272,0.012315496,0.97088397,2,21,0.0063877553,1.0118065,2,41
273,0.0078770155,0.97700566,2,29,0.015018208,0.89590484,2,49,0.012454284,0.9261812,2,72,0.00102847,0.963325,2,92,0.0,0.93070275,2,126,0.020557882,0.8953982,2,149,0.05413841,0.8381465,2,174,0.025608856,0.9666265,2,200
274,0.004655352,1.0008994,2,24,0.0,1.0905974,2,45,0.002384865,1.0718118,2,73
