0,0.08694844,0.70123565,2,20,0.0298567,0.63788056,2,40,0.0,0.46888623,2,60,0.0,0.30609724,2,80,0.02167452,0.4012042,0,101
1,0.0,1.031066,2,20,0.0054982305,0.98664945,2,41,0.008680385,0.9606505,2,64,0.013114758,0.9792341,2,101,0.0045154244,1.0105418,2,142,0.0,0.9699323,2,167,0.013357196,0.9797227,2,200
2,0.00040460244,0.9928499,2,21,0.0036128655,0.97912896,2,41,0.011605035,0.90605086,2,64,0.0066001727,0.9823427,2,88,0.0,1.0045295,2,117,0.0027394174,0.9168889,2,143,0.02602788,0.9254192,2,168,0.0,0.89627886,2,200
3,0.0,1.0342674,2,23,0.0,1.0594081,2,45,0.0,1.0305176,2,77
4,0.016021134,1.0350653,2,27,0.030677954,1.0070255,2,48,0.017126111,1.0081884,2,70,0.011317103,1.0150063,2,92,0.0021270742,0.9980501,2,120,0.00790154,1.0069625,2,140,0.0049170204,1.0075634,2,161,0.009770117,1.0268204,2,200
5,0.004501366,0.9925601,2,21,0.005717271,0.9615753,2,50,0.010129496,0.9905388,2,70,0.0025412256,1.0314997,2,98,0.0,0.98303306,2,118,0.011323828,0.98192525,2,140,0.01018332,0.9554611,2,162,0.0067694923,0.9839918,2,200
6,0.006392486,1.0221028,2,25,0.0046372307,0.991021,2,47,0.037644126,0.93155336,2,71,0.00993471,0.95691967,2,91,0.009161154,0.92785394,2,126,0.008396806,0.9244446,2,156,0.0,0.9306754,2,176,0.0025425535,0.9746344,2,200
7,0.0061031883,1.0096288,2,32
8,0.029332662,0.9389242,2,20,0.0038046993,0.96867424,2,41
9,0.0,1.0316342,2,41,0.019439004,0.96739894,2,61,0.00066629075,1.0533615,2,81,0.0019461561,1.0071725,2,107,0.0018103409,1.0343074,2,136,0.015639506,1.012385,2,156,0.0088613555,1.0541253,2,178,0.019541202,1.0225573,2,200
10,0.010116108,0.99944806,2,21,0.002110196,1.0277767,2,48,0.0,0.97451997,2,70,0.0055559864,0.9542441,2,96,0.0066642095,0.98608553,2,122,0.015475437,0.9262449,2,162,0.0045938934,0.9841668,2,200
11,0.0062826285,1.0034441,2,20,0.022281008,0.98716223,2,40,0.008309658,0.9971289,2,61,0.0011742408,0.98837775,2,83,0.0,1.0360084,2,112,0.007576793,0.9680586,2,136,0.0026053602,0.98914754,2,156,0.013938308,0.98205847,2,177,0.005291743,0.9854489,2,200
12,0.004648293,1.0131632,2,21,0.0,0.93410623,2,43,0.02335527,0.96660626,2,63,0.0,1.0170678,2,83,0.0009510686,0.91441727,2,103,0.026345974,0.94842374,2,123,0.008074658,0.95123994,2,143,0.009290364,0.8607417,2,164,0.0,0.78540134,2,200
13,0.009067044,0.8814222,2,20,0.0,0.976174,2,42,0.0058216294,0.8674464,2,62,0.08354911,0.82641727,2,83,0.0070448965,0.91300637,2,104,0.010878006,0.82843673,0,125,0.049668048,0.84296167,0,147,0.0,0.95840734,3,172,0.03947511,0.92918783,3,200
14,0.0043701674,0.95499563,2,23,0.003833555,0.97874254,2,49,0.0034802572,0.95771974,2,72,0.00010698223,1.0263355,2,92,0.0,1.0525087,3,112,0.0,1.0581594,2,132,0.0,1.232022,2,152,0.0,1.0985895,2,173,0.015448849,0.82595277,2,200
15,0.0075894073,1.0138102,2,20,0.0037794728,0.9944163,2,43,0.0028348702,0.84700114,2,79
16,0.0022049013,1.0379666,2,24
17,0.013056131,1.0216781,2,26
18,0.02326482,0.868481,2,20,0.06463806,0.90583277,2,40,0.028310895,0.8193858,2,60,0.005541481,0.85226905,2,80,0.0,0.57391334,2,100,0.0,0.5050037,0,122,0.038022943,0.24850675,2,142,0.016752781,0.33713567,0,163,0.19376977,0.13798656,2,197
19,0.0034282398,0.99298495,2,28,0.0021364891,0.9562344,2,54,0.0,0.8445732,2,74,0.0025762117,0.8954149,2,95,0.08440018,0.83446676,2,115,0.0104101645,0.8524168,2,135,0.002625782,0.7613462,0,155,0.0,0.6049302,2,176,0.0061103334,0.3633823,0,200
20,0.005356811,1.0204667,2,33,0.0,0.99343985,2,60,0.001114168,0.9914264,2,93,0.005426011,0.96228474,2,114,0.005601714,0.9983444,2,146,0.0030034399,0.98532504,2,168,0.000697991,1.0180899,2,200
21,0.0033074962,0.9846057,2,22
22,0.0,1.0148867,2,20,0.0017530066,1.0239016,2,44
23,0.009655785,0.9781123,2,22,0.008716402,0.9902734,2,43
24,0.0039102337,1.0003947,2,20,0.0009440862,1.0015571,2,40,0.03157941,1.0144405,2,60,0.004510337,0.9961812,2,88,0.004518083,1.0454006,2,111,0.0017783748,1.0015136,2,144,0.0,0.977573,2,179,0.008875555,1.0223258,2,200
25,4.0683615e-05,0.992379,2,20,0.010854805,0.9908616,2,55,0.020551763,0.9680311,2,75,0.0021214942,0.91511536,2,101,0.005075399,0.91277456,3,121,0.010501946,0.8135702,0,143,0.033859685,0.7155198,0,163,0.0035454233,0.90772414,2,200
26,0.00255045,0.9904627,2,25,0.0011596062,0.94212407,2,45,0.00083061156,0.9504461,2,67,0.025648959,0.9200149,2,90,0.0,1.0203229,2,110,0.0067125373,0.9514957,2,134,0.00893047,0.9692911,2,157,0.01079662,1.00683,2,177,0.009610039,0.93008506,2,200
27,0.0005638885,1.0118557,2,26,0.0002420709,1.0784662,2,49,0.009702331,0.98244834,2,72,0.0032666787,1.0220251,2,99,0.0045260773,1.0102091,2,120,0.011645855,1.0152293,2,157,0.0049161874,1.0171126,2,200
28,0.0,0.8479325,2,20,0.0,0.5654755,2,42,0.004601943,0.4541232,2,62,0.0,0.50851524,2,82,0.0,0.41624913,2,102,0.02781226,0.13046601,0,124,0.01855421,0.053957485,0,146,0.0,0.1522331,1,167,0.031220397,0.20253634,1,200
29,0.010113724,0.93053126,2,21,0.0039824424,0.9251769,2,52,0.0,1.0278165,2,73,0.026819903,0.8304979,2,93,0.009922164,0.8759322,2,113,0.017987432,0.8950483,2,133,0.0,1.1365882,2,153,0.0061067464,0.86782134,0,173,0.0072695916,0.78638947,0,200
30,0.009469945,1.0019382,2,30,0.02576949,0.93888795,2,50,0.0043606935,1.000673,2,80,0.0,0.8779495,2,101,0.0,0.79606694,2,121,0.016198311,0.8001697,2,142,0.011565569,0.75809234,2,163,0.009596734,0.9127012,3,200
31,0.019553067,0.88820106,2,24,0.0028281922,0.87468284,2,46,0.0,0.876122,2,66
32,0.007175663,1.0079997,2,20,0.00866377,0.9531211,2,53,0.016160335,0.98110545,2,85,0.00053088705,0.9794228,2,106,0.0021904055,1.0005596,2,127,0.0009861821,0.9731585,2,147,0.010459142,0.9745259,0,168,0.002702408,1.0300996,2,200
33,2.1455216e-05,0.9986988,2,22,0.0005629393,1.0342982,2,48,0.0,1.0237527,2,72,0.0028768452,1.018841,2,94,0.009598686,1.0167876,2,118,0.000105141386,0.9686945,2,138,0.0044490257,1.0279104,2,158,0.006175568,1.0049865,2,178,0.0,1.0207391,2,200
34,0.0,1.0235815,2,20,0.015060425,1.0269201,2,41,0.0036280185,1.0471485,2,61,0.0,1.0240064,2,83,0.021631913,1.0128832,2,104,0.0024531086,1.0198659,2,124,0.0065127322,0.981411,2,144,0.0,1.0309443,2,165,0.0037774737,1.0247351,2,200
35,0.0019726674,0.9440784,2,22,0.0,0.9722153,2,42,0.023481185,1.040419,0,62,0.0,1.0744125,3,82,0.007566026,0.9843809,0,102,0.0,0.9750031,3,122,0.025212798,0.9449933,2,142,0.05318325,0.82557935,0,162,0.014593468,0.8732819,2,200
36,0.0011124309,0.98419935,2,20,0.027127882,0.9028769,2,44,0.0007507069,0.92853576,2,64,0.013777885,0.9608608,2,86,0.014344688,0.95473754,2,106,0.005213847,0.9886673,2,126,0.012570006,0.98202956,2,146,0.008317648,0.9463301,2,166,0.00729614,0.9395363,2,200
37,0.0021636954,1.0275791,2,20,0.004060455,1.0507729,2,47,0.0164962,1.034365,2,67,0.006384688,1.0041095,2,87,0.009808992,1.0145186,2,121,0.00376867,1.0012727,2,144,0.008917031,1.0070136,2,164,0.0,1.0143429,2,200
38,6.8157446e-05,0.9497875,2,20,0.010436224,0.9939154,3,41,0.008879511,0.8132299,2,72
39,0.014695951,0.96524495,2,21,0.008809574,0.95371467,2,41,0.014030561,0.94979304,2,65,0.032224663,0.9174523,2,87,0.0057881013,0.98532873,2,109,0.0,0.96368015,2,129,0.0024216182,0.98479515,2,150,0.010832507,0.9750908,2,177,0.023260433,0.9664265,2,200
40,0.0056935227,0.98435456,2,31
41,0.009494874,1.0217361,2,20,0.001263218,1.026361,2,48,0.0008950384,1.0378301,2,71,0.020274848,1.0366819,2,92,0.0,1.0222818,2,117,0.00061564223,1.0035399,2,140,0.0,1.1273364,2,161,0.007939226,1.0287074,2,200
42,0.0,1.0042633,2,25,0.014961541,0.95007354,2,50,0.0,0.9766072,2,70,0.0,1.0420282,2,91,0.003612268,0.9405122,0,111,0.010884569,0.9682104,2,133,0.001239077,0.9899316,2,153,0.013084074,1.007538,2,179,0.0037749817,0.9993673,2,200
43,0.014271059,0.99959224,2,39,0.006343833,1.0078813,2,78,0.0012485714,1.0042263,2,98,0.0042831167,0.9991499,2,118,0.0,0.9940913,2,148,0.0047573457,1.0415976,2,169,0.006900485,1.0020909,2,200
44,0.008647832,0.9692445,2,21,0.004748138,1.0082883,2,42,0.0061204643,1.0171456,2,67,0.014931773,0.9881646,2,94,0.0074291998,0.99639267,2,120,0.00035731765,0.9683264,2,140,0.01008353,0.95770556,2,164,0.007446761,0.91418755,2,200
45,0.0005182334,1.0058391,2,39,0.0063346922,0.9714981,2,62,0.006545787,0.92562985,2,83,0.013674319,0.97456896,2,103,0.01162736,0.9291673,2,123,0.015427808,0.97319394,2,144,0.011359013,0.97899216,2,164,0.017130375,0.95411885,2,200
46,0.0,1.0265958,2,20,0.0030136672,1.0096831,2,47,0.0022387472,1.0195029,2,67,0.0001719912,0.9962297,2,94,0.010691984,0.9887492,2,114,0.0070670196,1.0157944,2,134,0.0041225036,1.0486705,0,156,0.008045034,1.1200553,2,177,0.00046940293,1.06775,2,200
47,0.002129674,0.97091997,2,20,0.0043886886,0.97470975,2,45,0.005883887,0.97424746,2,66,0.006954874,1.0495245,2,86,0.020148927,1.0702535,2,106,0.002686391,1.0076903,2,129,0.0,1.0185039,3,150,0.0023974054,1.05637,2,170,0.007060319,1.048967,2,200
48,0.0023566575,1.0114514,2,28,0.0,0.9982153,2,48,0.00053418556,1.01915,2,81,0.0,1.0197852,3,101,0.0040409584,0.95061725,2,125,0.0003308477,1.030415,2,149,0.02636593,0.9365266,3,169,0.0033517946,0.98669636,2,200
49,0.0009514639,1.030937,2,24
50,0.009837768,0.99868405,2,20,0.033934128,0.95224434,2,44
51,0.0,0.9954548,2,28
52,0.008256015,1.0217047,2,23
53,0.02636728,0.9394969,2,21,0.04057965,0.74822927,0,42,0.038201366,0.83902854,2,67,0.023734797,0.8422272,2,88,0.01009245,1.0180819,0,108,0.0,0.8802357,0,130,0.0,1.0659881,2,151,0.0,0.9800814,2,175,0.0026465792,0.7745427,2,200
54,0.003588181,0.9690527,3,20,0.035103876,0.6744418,0,60
55,0.0009646384,1.0032012,2,20,0.00914228,0.9976604,2,41,0.012882157,1.0034053,2,64,0.009316338,1.0090905,2,84,0.025721213,1.0074313,2,104,0.00486835,1.0192459,2,133,0.012844175,0.99762297,2,154,0.0078217955,0.9821928,2,174,0.0019166782,1.023762,2,200
56,0.0,1.0629331,2,29
57,0.012631769,0.9659052,2,37
58,0.005199825,0.97894764,2,20,0.0019559856,0.98146737,2,43,0.01618208,0.9622369,2,63,0.01732121,0.8651261,2,86,0.060888417,0.7913579,2,107,0.048981704,0.9166256,3,127,0.0022635828,0.9886454,0,147,0.003642727,0.85866266,0,168,0.061217196,0.86300796,2,200
59,0.029421428,1.0375625,2,20,0.010062313,1.0367886,2,45,0.018750938,0.9591762,2,76,0.0026387207,0.9957157,2,104,0.0066146813,0.9877265,3,128,0.0,1.0068262,2,150,0.0028403103,1.0016007,2,174,0.0053939153,0.99627155,2,200
60,0.0,0.98751503,2,21,0.004399224,0.9624929,2,58,0.004368522,1.0312008,2,78,0.02788603,0.98105544,2,98,0.0,1.016437,2,134,0.010569806,0.9631683,2,154,0.014091164,0.9270832,2,174,0.023792397,0.8955298,2,200
61,0.0070907464,0.99204206,2,20,0.020005364,0.9744524,2,40,0.010650818,0.8665829,2,60,0.055979263,0.91214514,2,80,0.011612567,0.93571216,2,104,0.0,0.84881645,2,125,0.0,0.97739357,2,146,0.0,0.94534653,2,167,0.006306393,0.92478675,3,200
62,0.0,0.9986575,2,20,0.0028363494,1.0010059,2,40,0.0,0.97411704,2,62,0.017504035,0.9666354,2,90,0.0136434715,1.0176528,2,110,0.00020366679,1.0169331,2,132,0.012242646,1.0035895,2,163,0.018905027,1.0200233,2,200
63,0.0031574059,0.9653875,2,25,0.01670244,1.0032523,0,45,0.0016452454,1.0161585,2,65,0.009642468,1.0052747,2,87,0.0031772938,1.02527,2,107,0.016443616,0.972354,2,128,0.0073582893,1.0242579,2,161,0.009349489,1.016647,2,200
64,0.0,0.98124045,2,25,0.018449835,0.9617418,2,45,0.0012077619,1.0452586,3,65,0.0,0.86390007,2,86,0.025432045,0.9141865,2,106,0.0,1.1107448,2,127,0.0,0.887753,2,148,0.0,0.85255927,2,168,0.004863244,0.8716426,2,200
65,0.0,0.95497024,2,21,0.0,0.85053545,2,42,0.0048344536,0.9065052,2,64,0.033370245,0.85403556,2,84,0.019243551,0.9181619,2,106,0.005349851,0.8394311,2,126,0.023593346,0.9249778,2,146,0.003709823,0.954916,2,168,0.0342817,0.9516803,2,200
66,0.00071450364,0.9932193,2,22,0.0063364464,1.0139205,2,47,0.01247288,1.0469431,2,74,0.009826548,1.0037133,2,94,3.5357239e-06,1.0139813,2,116,0.0062562325,0.9886727,2,140,0.00017809898,1.0317842,2,164,0.0032132943,1.0541425,2,200
67,0.0,0.93395156,2,20,0.0,0.8328084,2,40,0.0,0.86051625,2,60,0.002130088,0.7752501,2,80,0.0013677687,0.8519322,2,100,0.0007149122,0.88747054,2,120,0.0017133994,1.0434027,2,140,0.00592969,1.0351228,2,160,0.0,0.82596767,0,180,0.0,0.8638765,2,200
68,0.0014769634,0.9407543,2,20,0.0049074073,0.9495204,2,41,0.0,1.1054333,2,63,0.0,0.98486215,2,83,0.025093177,0.76112884,0,104,0.0019393936,0.61803216,0,125,0.07981114,0.53556484,2,145,0.021459416,0.688708,2,165,0.06949654,0.6260559,2,200
69,0.010037601,0.93464303,3,36
70,0.0,0.99940187,2,20,0.0,1.05899,2,41,0.0,1.0585346,2,79
71,0.0,0.99300176,2,20,0.011349943,0.96910393,2,40,0.0,0.82468414,2,60,0.044688057,0.8621098,2,80,0.0,0.86931074,2,102,0.0,0.90335536,2,123,0.0025766094,0.803868,0,143,0.0,0.715382,0,163,0.04083858,0.8222616,0,200
72,0.009579312,0.9322163,2,21,0.044655442,0.6778067,2,41,0.06706215,0.5693686,2,68
73,0.0007875942,1.0421269,2,20,0.007801024,1.0022869,2,57,0.012232239,0.9681929,2,78,0.0,0.9829802,2,103,0.0,1.003766,2,123,0.020687018,1.0263953,2,144,0.012492826,0.98716104,2,167,0.00012793025,0.97339725,2,200
74,0.0015427264,1.0044265,2,22,0.008773501,0.99169755,2,45,0.0,0.972041,2,66,0.0044068126,0.980585,2,87,0.010870561,0.99784696,2,108,0.016554795,1.0354711,3,130,0.007788107,1.0077392,2,150,0.0,0.9829474,2,172,0.0020905642,0.97690916,2,200
75,0.0,1.0006615,2,21,0.0056133615,1.0051652,2,43,0.003947552,0.9772158,2,65,0.006113449,1.0454834,2,85,0.0,1.0145133,2,105,0.0,1.0139052,2,127,0.011126898,1.0314636,2,154,0.017806234,1.0255706,2,174,0.014535948,1.0021943,2,200
76,0.008090892,0.974796,2,20,0.0,0.92334074,2,41,0.018046815,0.94629127,2,61,0.015842231,0.9495874,2,95,0.007664308,0.9383739,2,121,0.011831902,1.0064148,2,141,0.006563998,1.0088965,2,161,0.031783253,0.9273132,2,200
77,0.00303984,0.99928474,2,23,0.012873164,1.0452236,2,44,0.0,1.0363634,2,64,0.0,1.0099745,2,98,0.0066665024,1.0311512,2,127,0.00018304904,1.0504279,2,147,0.0014055946,1.0520842,2,200
78,0.008107971,0.9142383,2,21,0.0,0.91897964,3,41,0.0,0.8542069,2,61,0.0,0.9296029,2,81,0.0,0.97614324,2,102,0.0,0.8838221,0,122,0.0,0.7851507,0,145,0.0,0.80245227,0,165,0.00019135907,0.8046108,2,200
79,0.0067336024,1.0130773,2,20,0.00050892204,0.9742282,2,40,0.0,0.9911172,2,60,0.010702344,1.0201966,2,86,0.011806777,0.9939532,2,106,0.0059089973,0.9845443,2,127,0.0,1.0351835,2,148,0.0059033623,0.9697687,2,168,0.030847955,0.9407244,0,200
80,0.0043978384,1.0058044,2,21
81,0.0,1.0196779,2,20,0.040718764,0.983259,2,40,0.022307137,0.969016,3,61,0.036677916,0.8847761,2,83
82,0.01347489,0.9782508,2,21,0.011152096,0.9878399,2,44,0.00763755,0.91536623,2,66,0.01845387,0.9274538,2,86,0.0,0.9393194,2,110,0.011632794,0.9592712,2,132,0.0,0.9607892,2,153,0.0,0.6760607,2,173,0.0,0.86897886,2,200
83,0.0,1.012616,2,24,0.005792887,0.9834307,2,44,0.025657026,0.93451524,2,66,0.01866469,0.93874836,2,86,0.008357515,0.95281047,2,107,0.0038387214,0.9628779,2,128,0.0,0.98908937,2,148,0.00082064356,1.0144861,2,200
84,0.0013186809,1.0500692,2,22,0.0,1.0301036,2,42,0.0,0.9821111,2,63,0.009179828,1.02078,2,107,0.008363032,0.9839825,2,129,0.0026562265,0.9610096,2,149,0.017177181,0.9843011,2,170,0.016981233,0.98643684,2,200
85,0.005484811,0.97142005,2,30,0.025904747,0.9526295,2,52,0.008147534,0.98913705,2,72,0.12660137,0.96080655,2,92,0.01909839,1.0355412,0,112,0.04112228,0.8650484,2,132,0.016667817,0.93627584,2,152,0.058904443,0.94126236,2,173,0.019756367,0.9337341,2,200
86,0.0,0.9981117,2,21,0.002491025,1.0155482,2,49,0.011211494,1.0200504,2,72,0.01522041,0.9866365,2,98,0.01234655,0.99837494,2,118,0.0068790885,1.0210096,2,138,0.0,0.99679565,2,158,0.008435592,0.99870634,2,200
87,0.0,0.97625625,2,21,0.0050650896,1.015331,2,57,0.0,1.0348567,2,77,0.010199191,0.97419566,2,97,0.0,0.95027876,2,117,0.015594845,0.963462,2,138,0.0,0.9646379,3,158,0.02356923,0.96896756,2,200
88,0.0014204689,0.99756026,2,30
89,0.0055443277,0.94510734,2,21
90,0.0,0.9974122,2,20,0.0032814753,0.96773946,2,40,0.010027068,0.9066904,2,63,0.0068253954,0.9905426,2,87,0.006491963,0.9586603,2,107,0.0026062946,1.0066001,2,127,0.016578853,1.0320491,2,147,0.0008471017,1.0192943,2,167,0.012465479,0.9393826,2,200
91,0.0,1.0126195,2,21
92,0.0034406125,1.0344884,2,22
93,1.0532048e-05,1.013146,2,20,0.0058212504,0.9922392,0,40,0.0018781789,1.0326197,2,61,0.00972525,1.0685498,2,82,0.0008069027,1.132417,3,102,0.007533005,1.0599174,0,122,0.0033170825,1.017916,2,147,0.012711043,0.9826866,2,169,0.005455232,0.99007964,2,200
94,0.0,0.96184635,2,20,0.0,0.9919096,2,40,0.007949046,1.004022,2,62,0.0012574776,1.018447,2,88,0.006804438,1.0240283,2,113,0.0,0.99160117,2,133,0.0021641192,1.0155838,2,158,0.008964703,1.0094986,2,180,0.010293045,1.0393188,2,200
95,0.008682175,1.043231,2,20,0.0,0.97558767,2,44,0.025369579,1.0036842,2,66,0.030223351,0.9473505,2,86,0.014497633,0.963449,2,106,0.014958279,0.9704147,2,129,0.0019341296,0.93848836,2,154,0.021305734,0.99891806,2,178,0.0018432412,1.0017018,2,200
96,0.007685975,0.991356,2,20,0.0,1.0195091,2,41,0.0011957476,0.9978964,2,62,0.010655018,1.0136826,2,82,0.009353975,1.0075197,2,102,0.01715402,0.979334,2,122,0.0075566564,1.1126252,3,144,0.02191398,1.0528905,2,165,0.0,1.0119699,3,200
97,0.0071855355,0.99312866,2,27,0.005010312,1.05322,2,47,0.0,1.0127056,2,67,0.007987948,0.9813838,2,87,0.0070681577,1.0108745,2,109,0.017059786,0.96231735,2,134,0.0,1.0068499,2,164,0.007837093,1.0001674,2,200
98,0.006580578,1.0158349,2,22,0.003483421,1.05626,2,42,0.0038499571,1.0470841,2,62,0.0,1.0255527,2,82,0.0003384088,1.056619,2,114,0.0062168376,1.0147274,2,139,0.0015924904,1.0253063,2,163,0.010020187,1.0209599,2,200
99,0.0,0.98300076,2,20,0.0016078546,1.0025489,2,40,0.0047855126,0.9774252,2,60,0.0,0.9719842,2,80,0.0015177436,0.99729836,2,101,0.008802277,0.9978272,2,121,0.014495099,0.99557245,2,143,0.0137449475,0.9819109,2,163,0.008268132,1.0010049,2,200
100,0.0,0.97829163,2,20,0.027400998,1.0102416,2,42,0.0,1.0672133,2,62,0.00704089,1.0395464,2,92,0.015870232,0.9270527,2,112,0.006925638,0.9858322,2,132,0.020045,1.0030191,2,153,0.0015362132,0.9943085,2,177,0.0,0.92430574,2,200
101,0.0037004268,1.0143993,2,34
102,0.016592285,0.98602986,2,24,0.011969641,0.96778595,2,44,0.0061260667,1.0476085,3,79
103,0.0,1.0060856,2,20,0.0008616332,1.035294,2,40,0.0,1.0360405,2,60,0.006609423,1.0397515,2,90,0.014501728,0.92774725,2,111,0.0090979,0.89840823,2,131,0.004426612,1.0447489,2,164,0.0064966846,1.077257,2,200
104,0.0052445703,0.98416394,2,52,0.012959878,0.9785862,2,76,0.021700615,0.9934513,2,96,0.007854692,0.9813331,2,116,0.010445375,1.0154619,2,140,0.018950386,0.903218,2,160,0.0096606705,1.0036228,2,200
105,0.009175484,1.0118833,2,20,0.003994129,0.96772355,2,50,0.022314979,0.9617162,2,71,0.0034843355,1.0097222,2,91,0.0048724306,1.0079708,2,126
106,0.0,0.99679095,2,22,0.007412308,1.0537504,2,51
107,0.0,1.0027213,2,20,0.025158364,0.95669955,2,49,0.00927457,1.0161332,2,70,0.0,1.0206795,2,93,0.0,0.96277535,2,114,0.00055868673,0.99463755,2,135,0.00495698,0.9336608,2,170
108,0.004943087,1.0275782,2,24,0.017075032,1.0338745,2,44,0.009313266,1.0044752,2,64,0.0,0.9532394,2,87,0.0,0.9605484,3,108,0.0,0.8841075,2,128,0.0,0.78915775,2,165
109,0.0,0.99009645,2,23,0.00865335,0.96588886,2,43,0.0032322991,0.94302845,2,67,0.011666745,0.89398515,2,89,0.002593791,0.96214396,0,110,0.024780301,0.87194633,2,131,0.001869142,0.8860761,2,151,0.003695339,0.9087173,2,174,0.03781376,0.80542815,2,200
110,0.00036439538,1.0124036,2,21,0.0036771137,0.9944524,2,62,0.0029553904,0.97258234,2,82,0.010997821,1.0061827,2,107,0.033198606,0.9782621,3,127,0.02573908,0.98592794,2,149,0.007276498,0.91483927,2,169,0.050181773,0.9047441,2,200
111,0.026401702,0.98441505,2,21,0.0,0.8371736,2,41,0.0,0.9431439,2,63,0.009150703,0.8627237,2,83,0.0031977803,0.66534793,2,103,0.020497808,0.7390049,0,124,0.0239087,0.75647104,3,144,0.0,0.58340716,2,164,0.027882662,0.65589726,1,200
112,0.0029590863,1.0206478,2,21,0.013089022,0.9310973,2,41,0.0017111188,1.0144343,2,64,0.006366656,0.9686449,2,84,0.007847117,1.0111133,2,104,0.033403855,0.9307152,2,130,0.0143824825,0.9818929,2,159,0.0,1.017596,2,180,0.010367945,1.0014583,2,200
113,0.0,0.801372,2,21,0.008556612,0.49002925,3,41,0.0,0.30160767,2,61,0.013660634,0.36392528,0,82,0.0,0.21900667,1,103,0.0,0.27401286,1,123,0.03199055,0.457234,1,143,0.0,0.2984247,2,164,0.0,0.45418155,1,200
114,0.020448685,0.9463794,2,21,0.0,0.9128545,2,41,0.0,0.84108365,2,61,0.010698942,0.7852235,2,81,0.0,0.8623254,2,101,0.0,0.8358196,2,124,0.0,0.77978504,2,144,0.0,0.7255395,1,165,0.046776723,0.5854567,1,200
115,0.012314458,0.8735479,2,20,0.0773915,0.7808927,0,40,0.0,0.7778703,3,60,0.0031968704,0.9024572,0,83,0.0,0.88136566,2,103,0.046364985,0.90343136,3,129
116,0.0011695196,1.0344553,2,21,0.00396143,1.0193061,2,42,0.004326019,0.99295074,2,73,0.0044637807,1.0235201,2,93,0.0027821257,0.93961066,2,113,0.0037211145,0.98462576,2,134,0.007433743,0.98562205,2,160,0.008636253,0.9437281,2,180,0.00088777876,1.0799227,2,200
117,0.005292314,0.94732475,2,21,0.014329382,0.9754034,2,43,0.0032249293,0.97958165,2,63,0.0026743656,1.0100684,2,87,0.0,1.0534749,2,107,0.018555323,1.0037671,2,135
118,0.0,1.027966,2,21
119,0.0080813905,1.0088123,2,24,0.053834014,0.91466546,2,60
120,0.010954367,1.006811,2,23,0.006480532,1.0102096,2,51,0.0012152462,1.0205477,2,71,0.003335918,1.0236287,2,91,0.0051046335,0.97635746,2,119,0.006711549,0.98766464,2,149,0.015733173,1.0235096,2,169,0.0116401985,1.0313566,2,200
121,0.005279097,0.9815321,3,20,0.0,1.0194132,2,40,0.012889548,1.0003483,2,63,0.0,0.969708,2,85,0.0010078916,0.9644085,2,105,0.0033585257,0.9709258,3,125,0.017002229,0.8354211,2,145,0.006770901,0.73464024,2,166,0.007657938,0.6177648,2,200
122,0.0044050715,0.9552498,2,20,0.012272372,1.0060594,2,41,0.006027022,0.937104,2,63,0.006164187,1.0377476,2,86,0.0029006372,1.018787,2,107,0.0,1.0170141,2,128,0.008092522,0.98804617,2,149,0.0139042195,0.9647389,2,172,0.0046170363,0.97409385,2,200
123,0.00937285,0.8698953,2,24,0.005681134,0.82397854,2,44,0.020610917,0.6057143,0,64,0.006915245,0.83203226,0,85,0.0,0.52595335,1,107,0.0,0.35223114,1,129,0.0,0.48857993,0,149,0.0,0.24581884,1,171,0.030627973,0.21624482,1,200
124,0.016294772,0.953979,2,24,0.007404372,1.0181729,2,44,0.022739597,1.0033293,2,66,0.005103798,1.0018532,2,86,0.019076863,1.0363364,2,106,0.010877022,1.043556,2,131
125,0.0049049584,0.9749725,2,32,0.015255672,0.97504556,2,55,0.0127524985,1.0380298,2,75,0.0,0.96148527,2,100,0.0,1.0273827,2,121,0.0022936775,1.018984,2,148,0.0,0.99938565,2,169,0.0040806374,0.99624944,2,200
126,0.00445991,0.96071184,2,30,0.003311438,0.88589895,2,50,0.021393735,0.9533938,0,70,0.0026362177,1.001845,3,90,0.028832033,0.9495786,2,110,0.0,0.8427944,2,130,0.0,0.69899005,2,153,0.0,0.30301443,1,173,0.0,0.58112884,2,200
127,0.002363595,0.97394764,2,21,0.018900814,1.0074977,2,44,0.008766247,0.9986891,2,89,0.005925208,0.99584514,2,110,0.0021211244,1.0285642,2,130,0.0061493386,1.0560849,2,153,0.004602681,1.0261825,2,173,0.015066259,0.98677737,2,200
128,0.002055856,0.99935335,2,46,0.011371622,0.9761591,2,66,0.019573942,1.0076966,2,99,0.0050534736,0.9131897,2,121,0.0035120277,0.799864,2,163
129,0.0050814273,0.95159584,2,22,0.0004590421,0.9674222,2,42,0.007593892,0.99210614,2,66,0.015274712,0.9396085,2,88,0.0,0.90311944,2,110,0.025405038,0.93534803,2,130,0.0,1.2635822,3,150,0.0,0.94768524,0,172,0.0028490734,0.49914917,0,200
130,0.009910172,0.97976416,2,34,0.016612606,0.9758663,2,60,0.0,0.90959424,3,81,0.0035721355,0.95024174,2,101,0.0059464118,0.87732565,2,121,0.0,1.0014346,2,141,0.014959549,0.95605403,2,162,0.009410359,0.9466849,2,200
131,0.0035070165,0.9557277,2,36,0.022602677,0.9120877,2,57,0.028659374,0.86868477,2,77,0.021100571,0.8954793,2,97,0.0,1.0135835,2,119,0.0022136124,0.9893769,2,147,0.00085197494,0.9665829,2,168,0.0027468821,0.901756,2,200
132,0.0023431475,0.9795696,0,20,0.01507459,0.91853553,2,40,0.00662263,0.9061465,2,60,0.0061642695,0.9849883,2,87,0.047555294,0.8714757,2,108,0.029874068,0.8547689,2,128,0.02951446,0.7939111,2,149,0.010062043,0.7610497,2,169,0.06630065,0.37259862,0,200
133,0.0,1.0694925,2,29
134,0.0016885588,0.9701473,2,20,0.0027648925,1.0084304,0,40,0.0028568697,1.0396281,2,69
135,0.0,0.99504596,2,20,0.0019982841,1.0616928,2,60
136,0.0,0.9514879,2,20,0.0078292955,1.0273366,2,50,0.011067494,1.1099108,2,71,0.0034211106,1.0747902,0,91,0.002704391,1.0427669,2,113,0.009816868,0.97706574,2,134,0.022395853,0.9628138,2,155,0.0017320698,0.9820093,2,200
137,0.0045464053,1.0262321,2,48,6.9286674e-05,0.9661102,2,70,0.0004049264,0.9302559,2,90,0.005522047,0.964068,2,112,0.008654197,1.033149,2,132,0.0062627415,1.0166713,2,154,0.0,1.0253603,2,175,0.013696389,0.98725665,2,200
138,0.012511352,0.9248129,2,20,0.01314642,0.98027354,2,43,0.02091198,0.9536971,2,69,0.015555387,0.95536566,2,89,0.0,0.9301589,2,109,0.0030327123,0.96563625,0,133
139,0.023916483,0.9549854,2,21,0.010414235,0.99505603,2,58
140,0.0,0.9252653,2,20,0.04173933,0.8880371,2,40,0.09614703,0.78267974,0,64
141,0.0052398457,0.91722375,2,24
142,0.0073299846,0.9858407,2,20,0.027196137,1.0223727,2,41,0.037207294,1.0118881,2,61,0.01201928,0.989953,2,111,0.003438591,0.97300607,2,135,0.0077453475,1.0141894,2,168,0.030286644,1.0216203,2,200
143,0.006342101,0.9963145,2,20,0.0,0.9928436,2,41,0.017738078,0.98146695,2,61,0.020161487,1.0111277,2,81,0.011919714,1.0167925,2,103,0.00028810892,1.0574076,2,123,1.9473108e-08,0.9948,2,145,0.011169971,0.9825722,2,166,0.0020015002,1.0579036,2,200
144,0.0,0.792751,2,20,0.034901135,0.64924103,0,40,0.009042552,0.589439,2,61,0.0,0.28082722,2,81,0.0,0.38902977,0,105,0.10951127,0.37565547,2,125,0.010737716,0.54855907,2,152
145,0.0041115205,1.0223103,2,20,0.0,0.98723453,2,42,0.000415901,0.96353817,2,82
146,0.0019126685,0.98637545,2,27,0.028608907,0.9571582,2,47,0.0026369225,0.8194563,2,67,0.01510123,0.80144703,3,88,0.0,0.9172412,2,109,0.017496077,0.5915747,1,132,0.037032686,0.780083,2,152,0.013290339,0.6806011,2,174,0.05701214,0.74492425,2,200
147,0.00644793,0.95344365,2,20,0.020321442,0.9862347,2,42,0.010123756,0.98438805,2,62,0.015178335,0.95755225,2,82,0.008791002,0.8608171,2,102,0.0042460156,0.6962672,2,124,0.0032444496,0.5301227,2,148
148,0.0,1.0906769,2,20,0.0031475842,1.029784,3,43,0.0037590608,0.98631704,2,76,0.0063381223,1.0005075,2,103,0.0021300379,0.95776105,2,124,0.00837341,0.96276623,2,146,0.018920505,0.95288026,2,168,0.004301149,0.99763083,2,200
149,0.0,0.9755889,2,21,0.0,1.0489357,2,49,0.0025854402,1.0531503,2,81,0.0,1.019739,2,101,0.0,1.017333,2,122,0.007784242,0.97339046,2,143,0.0,0.9802515,2,163,0.050152197,0.7698534,2,200
150,0.01295616,0.9861342,2,22,0.007640072,0.9778718,2,43,0.031256415,0.93114877,2,66,0.011559415,0.7598398,2,91,0.005488371,0.7824293,2,121,0.0022522085,0.876658,2,143,0.01863191,0.92633045,2,163,0.016913705,0.9430442,2,200
151,0.016182305,0.9984741,2,21,0.034454077,0.9526878,2,43,0.02807871,0.99027455,2,63,0.0037838633,1.0127394,2,89,0.0024791404,0.9635177,2,112,0.0075453767,1.0028307,2,132,0.007939144,1.0148975,2,156,0.012709225,1.0014862,2,176,0.0,0.9364736,2,200
152,0.00757279,0.99782085,2,33,0.022242183,1.0292622,0,57,0.0141232405,0.9777791,0,77,0.0054779225,1.0336456,2,98,0.012160353,1.04446,2,118,0.015806636,0.9962517,2,139,0.004104429,0.9934762,2,163,0.0025264698,1.0251371,2,200
153,0.009494793,0.96280605,2,34,0.00028044288,1.0625631,2,58,0.002257663,0.96663165,2,80,0.013992627,0.8329215,2,101,0.021583723,0.7353938,2,121,0.0013665414,0.78026915,2,142,0.011148309,0.7413049,2,165,0.043523632,0.6378865,2,200
154,0.0,1.0081861,2,21,0.013693327,0.9541847,2,41,0.009140077,0.9911747,2,65,0.012067357,0.98690623,2,85,0.0056931605,0.9975132,2,105,0.0,0.95580864,2,126,0.0048840865,0.9720961,2,146,0.0,0.7850129,0,166,0.011635266,0.8055846,0,200
155,0.01817387,0.9637744,2,37
156,0.0040420485,1.0149939,2,21,0.007234247,1.0341212,2,42,0.014320039,1.00586,2,64,0.0059160744,1.0232552,2,86,0.0007622231,1.0183965,2,109,0.008504813,1.0473047,2,137,0.006074764,0.98872167,2,157,0.0007648582,1.020319,2,200
157,0.0029593084,1.0803266,2,20,0.012184181,0.98015153,2,40,0.011064348,0.9718192,2,61,0.010715846,0.99792415,2,82,0.012757128,0.9930931,2,104,0.010200282,0.9983034,2,136,0.010423085,1.0148207,2,158,0.006993168,0.99293673,2,200
158,0.0058149067,0.9872111,2,31,0.0033488965,0.9759809,2,59,0.015254149,0.95671,2,79,0.0069441525,0.95911455,2,104,0.014038926,0.9235185,2,125,0.02665079,0.8927287,2,146,0.015153579,0.96741384,2,171,0.0011742439,1.0087211,2,200
159,0.0012546366,1.0247598,2,22,0.014376389,1.0248921,2,42,4.5068384e-05,1.0012919,2,63,0.0,0.9418372,2,83
160,0.0011486475,0.9963648,2,24,0.0,1.0140218,2,44,0.0016485924,1.0216477,2,78,0.0025020991,1.0153087,2,98,0.004413278,1.0360292,2,118,0.017279118,1.0161259,2,143,0.02874682,1.021859,2,163,0.00608526,1.0443386,2,200
161,0.0,0.9501998,2,20,0.094031334,0.695588,2,45
162,0.0025075998,1.008386,3,20,0.011517412,0.9678748,2,41,0.0,0.93277204,2,61,0.0,0.9672925,2,82,0.0,1.0146524,2,106,0.00024173297,0.9492139,2,131,0.0,0.91411936,0,151,0.011397648,0.79394364,2,181
163,0.011916116,0.9717738,2,20,0.0044510635,1.0030894,2,41,0.01695725,0.98788786,2,61,0.0025408803,1.0228935,2,89,0.016840704,0.99239624,2,118
164,0.0094437925,0.98074,2,24,0.019747067,0.99098176,2,48
165,0.006297884,0.955633,2,20,0.011469445,0.9831936,2,60
166,0.001970711,1.0350646,2,41
167,0.008596904,0.9467901,2,23,0.0013866813,0.9588893,2,43,0.0,0.928897,2,64,0.018330289,0.86657333,2,86,0.00563303,1.0088167,3,106,0.008152108,0.57383627,0,134
168,0.004617938,0.97406834,2,36,0.005330678,1.0115415,2,63,0.008315684,1.0310817,2,83,8.148234e-06,1.0943179,0,103,0.020014206,1.0408295,2,123,0.021999896,0.9993122,2,143,0.0,1.0354291,2,164,0.00072786346,1.0185581,2,200
169,0.04092666,0.87861997,2,21,0.0043801772,0.9331915,2,42,0.020545376,0.93045336,2,77,0.02596543,0.89657146,2,98,0.0417829,0.964674,2,120,0.004558553,0.9516782,2,146,0.022414587,1.0140529,2,167,0.008999374,0.9908705,2,200
170,0.0058788755,0.9614433,2,28,0.004561745,0.9540598,3,49,0.03275595,0.97707975,2,69,0.052003715,0.9595825,2,97,0.069819316,0.94465077,2,126,0.003786809,0.9749537,0,157
171,0.019993603,0.9318546,2,21,0.0,1.0248972,2,42,0.0,1.0006295,2,62,0.022925168,0.8847849,2,82,0.009781888,0.94330263,2,102,0.0,0.9618273,2,122,0.0045044753,0.9096382,2,145,0.0,0.9859478,2,165,0.015406374,0.89498085,2,200
172,0.004704592,1.0078048,2,20,0.00672884,1.0234578,2,42,0.008661538,0.9988062,3,62,0.00046264502,1.0624384,2,82,0.0,0.96079415,2,102,0.0030464847,0.9910197,2,130,0.003736734,1.0293915,2,163,0.005560228,1.0184947,2,200
173,0.0014492738,0.9628387,2,27,0.031749703,0.9050835,2,47,0.013617508,0.8822252,0,67,0.0,0.8127521,0,89,0.02825101,0.8092495,2,109,0.013288474,1.0015498,2,131,0.035240714,0.71114117,2,154,0.0829887,0.8472834,2,175,0.046763852,0.72860444,2,200
174,0.0,1.0153096,2,20
175,0.004173491,0.9629677,2,20,0.030218016,0.8722735,2,41,0.0,0.77922386,2,69,0.004903242,0.7324273,2,94,0.055435997,0.84311986,2,115,0.0,0.8269621,2,135,0.0,0.8496712,2,155,0.0,1.1000329,0,175,0.03593933,0.7501744,2,200
176,0.018484116,0.93919116,2,20,0.02901932,0.966567,2,51
177,0.011357621,0.9930564,2,27,0.009648096,0.96376675,2,60
178,0.005381143,0.9743289,2,20,0.007132012,0.9683223,2,58
179,0.022262003,0.79794836,2,20,0.0024029047,0.6602287,2,41,0.0,0.9681387,2,61,0.0,0.9870163,2,81,0.0,0.62407005,0,102,0.0,1.0588553,0,123,0.0,0.76720846,0,143,0.0,0.84966075,2,163,0.0069981883,0.4430058,0,184
180,0.009870979,1.010177,2,22,0.0,1.0337586,2,43,0.007827194,1.0477334,2,69,0.030271113,0.9902846,2,89,0.008935251,1.0350078,2,110,0.0045398963,1.0262738,2,130,0.0060795653,0.9830305,2,158,0.000180791,1.0139427,2,179,0.009322807,1.0192696,2,200
181,0.0031641333,0.9460707,2,22,0.0004216902,1.1036571,2,50,0.0,1.1050882,2,70,0.0,1.0758792,2,97,0.0065176417,0.9877725,2,121,0.006856116,1.0000334,2,142,0.004440629,1.0275729,2,169,0.00018964324,1.0356761,2,200
182,0.0046635712,0.9769717,2,22,0.002019089,1.0117254,2,43,0.012453316,0.9793433,2,63,0.0077854865,0.98472565,2,83,0.010757601,0.99398434,2,103,0.027646359,0.9715351,2,124
183,0.0016606515,1.0127198,2,25
184,0.0,1.0675272,2,27
185,0.014770754,1.0174825,2,20,0.009734543,0.9907111,2,40,0.014110828,0.90627724,2,61,0.008515299,1.0081836,2,85,0.00068218965,1.1244408,2,106,0.0,1.0571402,2,126,0.013001897,1.03854,2,148,0.012909824,0.92146266,2,168,0.001975534,0.9799868,2,200
186,0.0,0.83736455,2,21,0.023920324,0.89604557,0,41,0.0,0.94488174,2,61,0.023130279,0.93992007,0,81,0.007854182,0.8192509,0,109
187,0.016437454,0.8057984,2,23,0.023409162,0.6200787,2,52
188,0.0007489407,0.98562795,2,20,0.018184215,0.9661217,2,44,0.008591088,1.0166265,2,64,0.004929005,0.99674165,2,102,0.0012744395,1.0986356,2,123,0.0034749238,1.0213556,2,144,0.0031112626,1.0528404,2,164,0.0,1.0068703,2,200
189,0.0075285067,0.9992922,2,22,0.0019554368,0.99041194,2,43,0.0077875666,0.9692968,2,81
190,0.0,1.0052205,2,22,0.001888864,1.0114783,2,42,0.0015898978,0.9735715,2,82,0.002932915,0.9965762,2,103,0.01283811,0.93389493,2,123,0.0053799674,0.96452975,2,144,0.004839273,0.99981135,2,167,0.015746092,0.8749583,2,200
191,0.009255048,1.0169683,2,27
192,0.04986963,0.8304491,2,26,0.023836927,0.9155773,2,46,0.029494498,0.785689,2,69,0.0,0.71723163,0,98
193,0.0017568475,0.98583466,2,21,0.0,1.1199895,2,45,0.0,1.0681968,2,69,0.0041951155,1.0133789,2,92,0.026463032,0.8927082,2,115,0.0751243,0.6776298,2,135,0.0020010776,0.78993315,2,158,0.0073392023,0.8009996,2,179,0.0022978524,0.8069059,2,200
194,0.014847917,0.9869568,2,22,0.0,1.0271639,2,44,0.00879612,0.9834447,2,64,0.0011694573,0.9121331,2,87,0.010022237,0.9131511,2,107,0.0015686718,1.0199327,2,144
195,0.005656705,0.98492724,2,22,0.0014293115,1.0216528,2,47
196,0.0,1.0419227,2,22,0.0004364879,1.0257553,2,42,0.0063604945,1.0061932,2,62,0.0,1.005971,2,95,0.0,1.0124623,2,122,0.0,1.023289,2,142,0.0,1.0392839,2,162,0.0018273527,1.0470833,2,200
197,0.0085588265,1.0280975,2,25,0.002766256,1.0369304,2,52,0.023492062,0.97567356,2,72,0.0067829075,1.0240076,2,96,0.01073278,1.035909,2,116,0.008118099,1.0317324,2,138,0.0078273155,0.98046935,2,160,0.00036784916,1.0224607,2,200
198,0.0,1.02323,2,21
199,0.0,1.0566149,2,21,0.020212056,1.0170702,2,49
200,0.0,1.0248424,2,24
201,0.024260916,0.94085854,2,21,0.012059824,0.9450731,2,43,0.008430344,0.91411865,2,63,0.027352223,0.8075924,2,83,0.0121636465,0.9601685,2,118,0.0013055636,0.92328554,2,145,0.0,0.91168547,2,168,0.0013993597,0.7969383,2,200
202,0.0013577971,0.95194805,2,41,0.01611278,0.9644469,2,61,0.004486736,1.0430784,2,82,0.003043438,0.99626136,2,106,0.0039779022,0.9524891,2,130,0.008206754,0.9363456,2,157,0.013858834,1.0020313,2,197
203,0.0038808256,0.9702738,2,20,0.004141748,1.0091598,2,40,0.0019256735,0.954258,2,66,0.04426999,0.92373127,2,88,0.0,0.9125892,2,108,0.0031381014,1.0049903,3,128,0.004830134,0.9408298,2,150,0.0058824094,0.97266465,2,170,0.00069225684,0.870727,0,200
204,0.013044372,1.0068444,2,24,0.011659181,1.0180281,2,49,0.0034218852,0.9968201,2,79,0.0013759944,1.0238873,2,99,0.00021457257,1.0328841,2,130,0.0,0.98482376,2,152,0.0015399653,1.0273937,2,173,0.010239818,1.0342641,2,200
205,0.016324777,0.9863046,2,30
206,0.0007444816,1.034791,2,33,0.011006423,1.0252281,2,54,0.0074381083,1.040296,2,75,0.008817396,1.0147161,2,96,0.0,0.94324595,2,118,0.004030471,0.966467,2,138,0.0003982912,0.96488506,2,158,0.00351405,1.0179737,2,200
207,0.0,1.036084,2,36
208,0.00037165667,1.004023,3,20,0.0087830955,0.8585954,3,40,0.03998938,0.85763127,2,77
209,0.0050973096,0.92759025,2,21,0.035753068,0.95251864,2,43,0.06348429,0.9486567,2,63,0.022488706,0.9582369,0,83,0.015841298,0.9610086,2,105,0.0007950752,1.0262223,2,125,0.0023789848,0.96823454,2,145,0.010926558,1.0065334,2,165,0.011647733,0.9826613,2,200
210,0.0072825565,0.990317,2,29,0.011006792,0.9739585,2,52,0.016039345,1.0223856,2,72,0.0024940649,1.0232655,2,92,0.016786546,1.038882,2,112,0.013524016,0.98315734,2,132,0.018145826,0.9572325,2,152,0.008166473,1.0323874,3,173,0.0043313894,1.0019454,2,200
211,0.01868486,0.96712023,2,26,0.005383468,0.9874822,2,46,0.007724537,1.0151995,2,66,0.017113443,0.9446765,3,86,0.032804344,0.90921986,0,106,0.027346447,0.8636813,2,131,0.024046307,0.95601726,2,152,0.006323515,0.86644644,3,173,0.033192396,0.905463,2,200
212,0.003827624,1.0043553,2,28,0.037534583,0.95070386,2,49,0.010225702,0.96203107,2,70,0.01745941,0.9694266,2,92,0.03149967,0.9810487,2,113,0.001040783,1.0328349,2,133,0.030977938,0.8447967,2,156,0.0049012466,0.9412589,2,177,0.042091124,0.93707806,2,200
213,0.0,1.0351163,2,21,0.0,0.98124033,2,42,0.00746403,1.0050325,2,62,0.013605488,1.0069047,2,83,0.043161117,0.9161059,2,103,0.028454041,0.87721205,2,128,0.013227769,0.96955967,2,150,0.01971635,0.98461866,2,170,0.008123521,0.97603315,2,200
214,0.0011645742,1.0324619,2,27
215,0.00125149,1.0307921,2,23
216,0.0015144179,1.0261707,2,20,0.0,1.0216441,2,40,0.0056537767,1.0000706,2,66,0.0005192408,0.9389206,2,87,0.002134879,0.91171825,2,121
217,0.03015963,0.9895145,2,25,0.0141287865,0.91953117,2,45,0.008392273,0.9553693,2,65,0.0,0.9117608,3,88,0.09281627,0.7612496,2,108,0.02756769,0.73869604,2,128,0.0,0.65456146,0,148,0.015559544,0.7785802,0,169,0.04395956,0.479539,0,200
218,0.019168865,0.9726909,3,21,0.0,0.9258628,2,42,0.026379924,0.7778592,2,62
219,0.016659604,0.97813195,2,24,0.06356965,0.9258599,2,44,0.06960764,0.88557976,2,64,0.008519245,0.9727294,2,84,0.008537216,0.9563767,2,111,0.0,0.93535656,2,134,0.004225954,0.90425324,2,156,0.012118795,0.95677966,2,177,0.0015192635,0.97764593,3,200
220,0.004498512,0.9638089,2,21,0.01602196,0.937346,2,42,0.0,0.88715523,2,63,0.0,1.0074828,2,84,0.023422316,0.9867476,3,104,0.0023435915,1.0319858,2,130,0.0,1.0184814,3,150,0.050024074,0.94973546,3,171,0.011239103,0.8835161,3,200
221,0.0011656452,0.95189124,3,20,0.0,1.1800096,2,40,0.0,0.83427274,0,62,0.0,0.7804541,0,83,0.01452101,0.7304536,2,103,0.0,0.63237727,2,123,0.0,0.95440876,2,143,0.0049961708,0.8043369,2,177
222,0.0231154,0.97870743,2,21,0.0082777385,0.92789805,2,48,0.002992189,0.952514,2,75,0.0059035392,0.98462504,2,107,0.0068927123,0.95314604,2,137,0.011422699,0.9657587,2,163,0.0,1.03847,2,200
223,0.015335332,1.0050992,2,20,0.018691843,1.0043881,2,40,0.0,0.9627434,2,60,0.027301148,0.9762613,2,80,0.01751699,0.96090513,2,103,0.008967582,1.0002093,2,125,0.0,0.9842295,2,149,0.0012076485,0.99768364,2,169,0.0056681563,1.0207292,2,200
224,0.000389257,0.99460506,2,26,0.0,1.0247802,2,50,0.0011928352,1.0343648,2,71,0.046217073,0.9045302,2,91,0.015547757,0.97235036,2,132,0.015336416,1.0130116,2,153,0.0033876263,0.95402586,2,173,0.0034822023,0.8071021,2,200
225,0.008719065,0.9330161,2,21,0.0010440415,1.0425729,2,47,0.0,1.0198666,2,68,0.0016876144,0.9680087,0,89,0.0,0.9927977,0,110,0.005798495,1.0013769,2,130,0.02582057,0.92590034,2,156,0.0032013222,0.996976,3,191
226,0.0050850585,1.0126209,2,22,0.0082359025,0.94765717,2,43,0.0209878,0.95083475,2,64,0.039454307,0.9754573,2,85,0.017695174,0.8181925,2,105,0.017450871,0.90483904,0,125,0.0055787945,1.0055006,2,145,0.0,0.7488208,1,165,0.042653,0.5991108,2,200
227,0.0025610353,0.9983422,2,36,0.0062055686,0.9479213,0,56,0.0036338333,0.9863786,2,77,0.013369197,0.9975174,2,105,0.009947607,1.0316033,2,130,0.0018989899,0.9573019,2,152,0.00034005576,0.97786283,2,173,0.008782199,0.9300031,2,200
228,0.0074513257,0.9693437,2,22,0.009020189,0.91225123,2,44,0.0,0.99091357,2,65,0.032739215,0.9911874,2,85,0.0059026517,0.9926857,2,110,0.016398203,0.958001,0,130,0.025782984,0.90612286,2,150,0.0,1.0146209,2,173,0.021953292,0.91003525,2,200
229,0.0024832636,0.9730874,2,27,0.016648205,0.9281212,2,48,0.0163482,0.94415486,2,68,0.02691106,1.0040357,2,88,0.0021890241,0.9325742,2,109,0.0,0.8697922,2,131,0.0045159063,0.7491617,2,151,0.0,0.6691397,3,171,0.029234048,0.7862179,2,200
230,0.010306849,0.969861,2,38,0.0,0.9372743,2,58,0.007978658,0.8799893,2,78,0.018251391,0.9567692,2,100,0.001580293,0.9397585,2,120,0.0,1.0489274,2,140,0.0066578747,0.9525065,2,162,0.05685861,0.7702873,2,199
231,0.009443213,0.9912308,2,29,0.031938788,0.9418923,2,49,0.01627726,0.93915737,2,70,0.019986678,0.8561071,2,98,0.0,0.6886479,2,125,0.0,0.67528677,2,148,0.06545313,0.73681563,2,168,0.023730094,0.48904222,2,200
232,0.022009462,1.0015069,3,20,0.0,1.0806265,2,40,0.0,1.0997411,2,60,0.0,1.0271993,2,96,0.0,0.92962545,2,119,0.0051927073,1.0433333,0,139,0.0,0.9850106,0,159,0.0,1.0022471,2,179,0.0010647083,0.9108252,2,200
233,0.021597283,0.97203904,2,30,0.0102335,0.9223598,2,50,0.0,0.9960698,2,70,0.0012046676,0.9307804,2,92,0.00662724,0.8674011,2,112,0.0,0.64553237,2,132,0.0,0.6350205,1,153,0.014458123,0.6790462,2,175,0.0,0.7446811,2,200
234,0.008748256,1.0816488,2,20,0.001919882,1.0459716,2,40,0.002165381,1.0027475,2,60,0.002733717,1.0655373,2,82,0.00018444107,1.0405056,2,102,0.011862811,1.0062294,2,122,0.0028989718,1.0053318,2,142,0.0026129787,0.9997374,2,162,0.001763138,0.9500332,2,200
235,0.0024111276,1.0004578,2,22,0.029893752,0.99089736,2,42,0.0075104763,0.95087945,2,77,0.07315001,0.9170961,3,98,0.013135992,0.95748484,3,118,0.0049919966,0.99254096,3,140,0.030433321,1.0051764,2,160,0.032599963,0.8868946,2,200
236,0.03019715,0.94529974,2,20,0.005705784,1.0471392,2,58,0.012921391,1.0019484,2,89,0.022427294,1.0285835,2,109,0.0066481936,1.035781,2,130,0.041914515,1.005608,2,153,0.0055144336,1.029067,2,200
237,0.016278427,1.0570768,2,20,0.006358034,1.0224168,2,40,0.008976078,0.9315645,2,62,0.013730121,0.89712775,2,82,0.0009119565,0.9694963,2,103,0.0,1.0376847,2,126,0.00034866447,1.0559387,2,147,0.0,1.0102605,2,167,0.026098868,0.9396879,2,200
238,0.008117217,1.0086867,2,28,0.014066759,0.971316,2,50,0.010396732,0.9220028,2,70,0.0011297358,0.92581224,2,91,0.048667353,0.98436713,2,114,0.00025846818,0.981338,2,135,0.037541583,0.9391547,2,157,0.022300433,0.9231533,2,177,0.029362673,0.90923876,2,200
239,0.0073550995,1.0100992,2,27,0.0,1.0392525,2,50,0.0042622914,0.95154434,2,72,0.005295783,0.92131996,2,104,0.011775063,1.0480195,2,131,0.0021984726,0.9778508,2,151,0.03118312,0.9637353,2,177,0.016786244,0.91844195,2,200
240,0.040744275,0.83371466,2,20,0.03596625,0.82523555,0,40,0.0,0.93979055,3,60,0.004669436,0.6502151,2,98
241,0.0050446726,1.0056775,2,27,0.002357488,0.94731313,2,47,0.019958194,0.92329043,2,67,0.0,0.9125153,2,87,0.0017911639,0.79151046,2,107,0.0,0.676072,2,132,0.0,0.31961486,2,154,0.037557606,0.29731545,2,185
242,0.015676003,0.9169564,2,20,0.033431698,0.88807666,2,40,0.098735385,0.5860979,2,63,0.029439313,0.84549797,0,84,0.012564625,0.6421558,0,105,0.023638388,0.6979043,2,125,0.0,0.85543585,2,149,0.0,0.8844325,3,169,0.0,0.76052016,2,200
243,0.0023166775,1.001431,2,30,0.0,1.0357704,2,54,0.01704492,0.9344498,2,74,0.009186249,0.9565024,2,95,0.008875666,1.0318897,0,116,0.009280039,1.0167615,2,136,0.0043101576,1.0585407,2,160,0.0051495843,1.0394697,2,180,0.0026823778,1.0505315,2,200
244,0.011954947,1.0084857,2,20,0.0009227816,1.0311981,2,43,0.007605451,1.0322793,2,63,0.0049527525,1.0396335,2,83,0.0,1.0416839,2,104,0.0,1.0557802,2,124,0.0,1.131046,2,144,0.0029517866,1.0679061,2,167,0.01756605,1.0236707,2,200
245,0.007150906,1.0190456,2,20,0.008795962,0.9917908,2,44,0.020886146,1.0295709,2,65,0.0030008531,1.004652,2,85,0.0039341943,0.99232465,2,114,0.0004569252,1.0314728,2,134,0.020259764,1.0147928,2,155,0.002001604,1.0985438,2,176,0.0014643966,1.0864242,2,200
246,0.0026458602,0.96914625,2,21,0.0040375763,0.96623486,2,42,0.046281528,1.005987,2,64,0.027345445,1.0292797,2,84,0.017805636,1.0355309,2,105,0.0,1.0453234,2,125,0.0023940883,1.0443797,2,145,0.010166371,1.0060078,2,165,0.008429288,1.0468266,2,200
247,0.007790256,1.0125053,2,28,0.034733027,0.9450997,2,48,0.021646235,0.9710541,2,68,0.0040269643,0.99514943,2,90,0.0,1.0427563,2,113,0.01813584,1.0093006,2,133,0.00057165127,0.99206394,2,160,0.0063992077,1.00548,2,180,0.009029261,1.0479177,2,200
248,0.019821623,1.0204418,2,20,0.006431101,1.0124905,2,42,0.013363682,0.92137784,2,63,0.00027235056,0.9292405,2,84,0.002389863,0.9490993,2,106,0.0,0.91315997,0,126,0.06684159,0.8888594,2,146,0.011384326,0.842295,2,166,0.012209188,0.75687355,2,200
249,0.026912328,0.98233443,2,28,0.0,0.90725803,2,48,0.0,0.98050195,2,68,0.0004801225,0.976274,2,88,0.0,1.0036305,2,108,0.0,0.68520427,0,130,0.02128086,0.67156154,0,151,0.0,0.8632845,0,172,0.004737208,0.83889055,2,200
250,0.010292319,0.9987561,2,31,0.036924757,0.9446429,2,51,0.013180757,0.9680813,2,71,0.00032698616,0.9327066,2,93,0.0,0.8076255,2,113,0.030636597,0.7079452,2,133,0.018741708,0.87792,2,153,0.0,0.9062212,0,174,0.0013535301,0.75273144,0,200
251,0.016456336,0.9759047,2,24,0.007093837,0.95350224,2,51,0.006481222,0.9774052,2,74
252,0.0031304676,1.0542594,2,23
253,9.7953525e-05,1.0428909,2,20
254,0.009027689,0.90348464,2,20,0.0,0.83369887,2,40,0.014279959,0.90933627,2,60,0.023709513,0.92087144,2,81,0.04653592,0.98514014,2,102,0.062794246,0.9546925,2,122,0.07038717,0.9237499,2,143,0.010800583,0.90649956,2,178,0.0055587473,1.004392,2,200
255,0.03279001,1.0302374,2,20,0.004327502,1.0254587,2,61
256,0.008471739,1.0082994,2,22,0.033385463,1.0025321,2,46,0.017449439,1.006355,2,66,0.020222317,1.0477192,2,96,0.0,1.0117165,2,124,0.009422596,1.0105364,2,144,0.016581222,1.0036836,2,170,0.017415453,0.9071375,2,200
257,0.013870224,1.0253364,2,24,0.01625887,0.9992318,2,45,0.008090963,0.96060383,2,65,0.011981437,1.012398,2,85,0.0048580025,0.9823765,2,124
258,0.0056362,1.0196803,2,20,0.0018918986,1.0421344,2,41,0.008938389,1.0220764,2,70
259,0.011348525,0.9895924,2,20,0.013289742,0.81171197,0,41,0.0,0.68996954,0,62,0.020194862,0.6633962,2,83,0.0022928396,0.89950854,0,104,0.06645669,0.70116085,2,127,0.030447062,0.8143406,2,163
260,0.020587955,0.9605899,2,20,0.0,1.0529355,2,40,0.0041514193,0.9885691,2,78
261,0.0025800508,1.0542077,2,35
262,0.0015124045,1.0549138,2,28
263,0.02125768,1.0465845,0,21,0.0006784504,1.068067,2,56
264,0.008105497,0.98307663,2,21,0.025740044,0.9270442,0,42,0.011404332,0.95238984,2,62,0.0150713995,0.96993965,2,87,0.008972162,0.89620066,2,119,0.0,0.8507218,2,141,0.0,0.52539545,1,161,0.0049793865,0.4680825,1,200
265,0.0007288001,1.0261261,2,20,0.0024107997,1.0191175,2,41,0.0015758071,1.0955956,2,61,0.0022773023,1.0282406,0,82,0.003781711,1.002925,2,106,0.03540805,1.0449034,2,126,0.010666626,1.0622065,2,146,0.0106115695,1.1598127,3,166,0.0017202509,1.0571122,0,200
266,0.0010970165,1.0595567,2,20,0.0,1.0425427,2,40,0.0012585225,1.0494962,2,60,0.0,1.0348945,2,92,0.009367769,0.99315864,2,113,0.022227865,0.9872681,2,133,0.002162849,0.9918897,2,157,0.005976527,1.0441027,2,178,0.029067136,0.9764545,2,200
267,0.028873498,0.9524488,2,31,0.044589084,0.9090363,2,59,0.0063698725,0.91915756,2,81,0.0,0.9001206,2,101,0.0030698078,0.6928476,0,123,0.0,0.85082006,2,143,0.0046554906,0.7902839,2,164,0.008386183,0.8483815,2,200
268,0.004782606,0.94173753,2,20,0.0,0.97155035,2,41,0.003287885,1.0124497,3,62,0.0021841296,0.91986465,0,83,0.0397664,0.8650452,2,125
269,0.0,0.9866673,3,43
270,0.0,0.99903756,2,20,0.0,0.9533968,2,40,0.033440232,0.9778454,2,60,0.05643951,0.9366187,2,81,0.046296183,0.9115497,2,101,0.028770404,0.8928012,2,123,0.024020698,0.9426085,2,143,0.016598927,0.9044536,2,167,0.010290522,0.9178495,2,200
271,0.0054553817,0.9947007,2,25,0.009803926,0.95943904,2,46,0.0023679493,0.94155556,2,68,0.014114688,0.9683772,2,97,0.0,0.93537694,2,117,0.020238899,0.7856449,2,137,0.00082643295,0.78493214,2,157,0.0,0.27185076,1,177,0.0,0.4181954,2,200
272,0.0033046398,0.95490384,2,21,0.01572431,0.95031565,2,58
273,0.039113045,0.88907796,3,20,0.0,0.9344809,2,52
274,0.00521717,1.0035495,2,20,0.00083568227,1.008889,2,40,0.0007715368,0.99437875,2,87,0.013134683,0.92767334,2,116,0.011166012,0.93112904,2,145,0.027910287,0.938969,2,166,0.019644644,0.9647152,2,200
275,0.0,0.99604464,2,20,0.009308311,0.9939087,2,40,0.013998549,0.9178636,2,62,0.024285635,0.98386025,2,85,0.040550563,0.9880149,2,120,0.0065813633,1.0053394,2,141,0.009586386,1.0208527,2,164,0.01070581,0.9525415,2,200
276,0.0030158656,1.0183562,2,25,0.009925196,0.9981246,2,45,0.0,1.1067557,2,69,0.0,1.0876617,3,90,0.0,1.0507673,2,112,0.005221555,1.1218972,3,132,0.0065981485,0.96079254,2,153,0.0047329324,1.0134883,2,175,0.04124929,0.9045036,2,200
277,0.0,1.0433686,2,23,0.010563234,0.9746253,2,43,0.0079354895,0.9965172,2,70,0.015545306,0.9606101,2,90,0.030453596,0.9760231,2,110,0.005422485,0.96180946,2,130,0.0029670284,1.0242995,3,150,0.024040481,0.9402157,3,171,0.004070641,0.9288879,2,200
278,0.0008477134,0.9916852,2,24,0.014355819,0.93718797,2,44,0.045689367,0.8537884,2,65
279,0.013628429,0.9841472,2,20
280,0.0012197025,0.97250473,2,20,0.017630367,1.0017035,2,40,0.0048807547,0.9915048,2,61,0.015617768,0.99177134,2,81,0.004910045,1.0452036,2,102,0.008355841,1.032329,2,123,0.007953794,0.9900319,2,147,0.0,1.1039317,2,169,0.005521777,1.0434695,2,200
281,0.0,0.987708,2,20,0.0052233418,1.0210282,2,41,0.015860636,1.0163255,2,68,0.058248185,0.86321294,2,88,0.0062811584,1.0005932,2,117,0.0131417075,0.9741955,2,138,0.023809029,0.9342279,2,159,0.0035897798,0.97950226,2,180,0.022544261,0.919522,2,200
282,0.0,0.9750959,2,24,0.009687173,0.92346823,2,46,0.013931152,0.9240984,2,66,0.0,0.9528925,0,86,0.000933329,0.89602715,2,121
283,0.003029728,0.9994639,2,20,0.003752157,1.0021948,2,41,0.0,0.98359156,2,61,0.0022650028,1.0187925,2,83,0.0006428957,1.0374799,2,108,0.0,1.0403216,2,135,0.0,1.0044882,2,155,0.0,1.0322751,2,175,0.00020971887,1.0349675,2,200
284,0.01032795,1.0105485,2,26
285,0.033444755,0.9714532,2,20,0.018405505,0.9966324,2,42,0.011309632,1.0932176,2,62,0.0081086075,0.8769731,2,84,0.022954924,0.84149396,2,104,0.12228385,0.7281898,0,124,0.033659615,0.47992277,2,144,6.0930197e-05,0.57438016,0,164,0.034812815,0.75692964,2,200
286,0.0022232567,1.0531168,2,21,0.022666361,0.9410075,2,42,0.020731598,0.97146225,2,64,0.0075543476,0.90623426,2,84,0.006812884,0.87502855,2,106,0.0,0.9417198,2,127,0.0,0.71332157,0,147,0.0,0.8472608,2,167,0.0036238523,0.74569994,2,200
287,0.0037170635,0.9766544,2,20,0.009031538,0.9449511,2,43,0.018584827,0.6235197,2,67,0.008126409,0.6451927,2,91,0.055392586,0.94667053,2,111,0.0044287536,0.87071264,2,132,0.005012183,0.97617364,2,155,0.008442003,0.92869836,2,177,0.013595329,0.94913244,2,200
288,0.0015568798,1.0417842,2,31
289,0.0,0.9472413,2,32,0.020913878,0.97255915,2,52,0.023815932,0.91740453,3,72,0.049684323,0.89417744,2,92,0.00012127133,0.9315791,2,112,0.0019099211,1.028262,2,135,0.0035056807,1.1150663,2,171,0.022411805,0.97655845,2,200
290,0.012787311,0.99992746,2,23,0.0008909387,0.9666629,2,43,0.005341104,0.9812665,2,63,0.0008456198,1.008715,2,83,0.0,1.0193955,2,104,0.0037610894,0.9868028,2,129,0.083967194,1.0077857,0,149,0.038314346,0.9343031,2,172,0.0033427426,0.9353941,2,200
291,0.0014712709,0.9852889,2,20,0.005587091,0.98327035,2,41,0.012627982,0.90715265,2,62,0.024594216,0.9262115,2,83,0.015675379,0.9333275,2,103,0.0016720898,0.96346265,2,123,0.030590454,0.9345172,0,144,0.0,0.872983,2,164,0.03259092,0.42535585,0,200
