0,0.0004201023,0.95005184,2,27,0.0060003344,0.96938944,2,52,0.003577999,0.96221817,2,72,0.0029401083,0.91858476,2,95,0.0028129662,0.8043723,2,115,0.077813126,0.8034941,2,135,0.0,0.7672611,2,157
1,0.0,0.99448293,2,21,0.008264439,1.0184499,2,52,0.0034251935,1.0189683,2,72,0.0032774832,1.007826,2,96,0.025865274,0.9319755,3,117,0.017093385,0.97696406,2,144,0.0040109325,0.92206573,2,175,0.026553173,0.97818285,2,200
2,0.0,1.0359491,2,21,0.00019267411,1.0283275,2,45
3,0.007936531,0.99025226,2,32,0.0068408176,1.0082676,2,52,0.0071316333,0.8672843,0,73,0.0,0.6707311,0,93,0.0,0.8002935,2,114,0.0,0.8335908,2,134,0.0,0.9583112,0,154,0.0,0.87832916,0,174,0.040483937,0.80442244,2,200
4,0.014367027,1.0218875,3,25,0.008171761,1.0004814,3,55
5,0.022888005,0.936376,2,20,0.029999956,0.86417025,2,45,0.020452294,0.9303101,2,73,0.014336696,0.8822366,2,93,0.08938459,0.73852366,0,114,0.007138445,0.9165195,0,134,0.0074297115,0.9468487,0,154,0.0,0.8303089,2,175,0.04848226,0.5544715,2,200
6,0.0045277383,0.9861155,2,21,0.005839108,1.0013984,2,49,0.014904273,1.0039936,2,74,0.0012457019,1.0199205,2,109,0.00041076253,1.0130415,2,131,0.008010111,1.0172372,2,161,0.0040990794,1.015947,2,200
7,0.00032958126,0.95803577,2,20,0.0,0.8449286,0,40,0.0,0.575821,0,60,0.031974122,0.6901163,2,81,0.0,0.657049,2,102,0.0,0.3091985,1,122,0.0046176193,0.3256977,1,143,0.015153621,0.667494,2,164,0.038909435,0.6432409,2,200
8,0.009566164,0.96448654,2,22,0.012706461,1.0015448,2,47,0.018270124,0.9711116,2,67,0.0,1.0517774,2,87,0.0039456375,0.9749473,2,107,0.010367804,0.9116472,2,127,0.0045019872,0.9762064,2,147,0.0,1.0293275,2,169,0.0037008317,0.98443276,2,200
9,0.0,1.0402365,2,21
10,0.011153918,0.99646175,2,20,0.043137897,0.99422693,2,40,0.018637652,0.94520193,2,72
11,0.0070099416,1.0058414,2,22,0.0,1.0613171,2,42,0.0,0.9734924,2,67,0.0070304903,1.0069848,2,94,0.016983783,0.976861,2,114,0.012915486,1.0191612,2,159,0.0030677908,1.0133798,2,180,0.011945503,1.0124614,2,200
12,0.0013103302,1.0221951,2,20,0.015599099,0.9983879,2,43,0.008028543,1.0006825,2,67,0.011655749,1.0116475,2,87,0.011130044,0.97395813,2,107,0.006048197,0.984572,2,128,0.006136095,0.99682707,2,150,0.015488713,0.972729,2,175,0.014435074,0.9792551,2,200
13,0.00647388,0.8401202,2,21,0.0,0.9058129,2,45
14,0.0003586416,1.0148752,3,20,0.00998196,0.9923433,2,40,0.025265079,0.9738094,3,60,0.026522877,0.85404485,0,82,0.033207823,0.85485125,2,102,0.0072504166,0.98571485,2,125
15,0.004278221,1.0199758,2,35,0.019920582,0.98457104,2,57,0.005078079,0.969736,2,91,0.0068337307,1.0107683,2,129,0.02805238,0.97235,2,156,0.0,0.9311904,2,177,0.00892257,0.97107804,2,200
16,0.0013695844,0.9131583,2,20,0.016920337,0.97587746,2,41,0.0,1.0100095,2,70,0.0,0.9405645,2,90,0.008865958,0.9677242,2,123
17,0.006205798,0.9878057,2,26,0.016647827,1.0135648,2,46,0.0012062786,0.949419,2,69,0.006855952,0.91895473,2,89,0.013353459,0.9779387,2,110,0.0,0.8924991,0,130,0.0,0.7928525,2,150,0.0,0.8194197,2,170,0.007791901,0.80491626,2,200
18,0.0,1.0120978,2,20,0.002919566,0.98419905,2,44,0.0036959574,0.9771416,2,71,0.0038418858,1.0061635,2,91,0.011001937,0.9476183,2,115,0.007109922,0.9747933,2,141,0.008961286,0.94321954,2,163,0.012294402,1.0031948,2,200
19,0.017279526,0.93420357,2,21,0.019630007,0.93948096,3,41,0.014736625,0.97077256,2,64,0.0,0.8813735,0,85,0.0021911724,0.7998813,2,105,0.0,0.90740937,0,126,0.0,1.0566993,2,149,0.0,1.0703652,2,169,0.0132885715,0.6481836,0,200
20,0.0,0.98979706,2,21,0.012722647,1.0022874,2,43,0.011637779,1.0213706,2,63,0.008805802,1.0311803,2,85,0.013480452,0.96721363,2,117,0.0011153305,1.035229,2,138,0.017577766,1.0273753,2,159,0.009095077,1.0130699,2,200
21,0.0,1.0557923,2,22,0.006005209,1.030792,2,43,0.0,0.98456776,2,63,0.010159656,1.0168501,2,103,0.015780214,1.0278093,2,123,0.008722245,0.99091697,2,159,0.020963836,0.9794857,2,179,0.009298399,1.0235015,2,200
22,0.011404441,0.98747265,2,20,0.0,1.0398778,2,41,0.0,1.0043814,2,61,0.00030211883,0.9992892,2,93,0.0,1.0653673,2,114,0.0,1.020859,2,134,0.005374206,0.935962,2,157,0.0,1.0546395,2,178,0.0041929963,1.0492662,2,200
23,0.0052646496,1.0489694,2,20,0.007033993,1.0359247,2,42,0.02375966,0.96990293,2,63,0.007369251,1.0521109,2,83,0.006129233,0.9973383,2,123,0.00074073236,1.0034424,2,143,0.0018327442,1.0235914,2,169,0.010650697,1.0424441,2,200
24,0.013937242,1.0443513,2,21,0.00015450784,1.0243791,2,51,0.0,1.0312015,2,72,0.00024420992,1.0131452,2,92,0.0,0.99260503,2,112,0.0173021,0.96601546,2,132,0.022175826,0.94400185,2,153,0.008044922,1.0370295,2,200
25,0.0077082478,0.943789,2,23,0.04363177,0.90703094,2,46,0.007625793,0.73764753,0,66,0.0,0.8762123,2,88,0.0,0.9495229,2,109,0.015968757,0.58907485,0,130,0.0,0.7983966,2,150,0.0,0.60389054,0,171,0.112228446,0.59327406,2,200
26,0.0,1.035688,2,53,0.0,1.041642,2,73,0.0011260475,0.96443796,2,93,0.013868608,1.0328298,2,114,0.022627525,1.0476035,2,136,0.01211566,1.0102863,2,157,0.0,1.0229524,2,178,0.011838596,0.96688104,2,200
27,0.010132706,1.0154144,2,21
28,0.0,0.9943107,2,35,0.016495211,0.981309,2,56,0.010655765,1.0151306,2,78,0.0047964184,1.0443517,2,105,0.0119595025,0.9654284,2,130,0.005465945,0.9873206,2,150,0.00985325,0.977498,2,174,0.0037207545,1.0095106,2,200
29,0.004927761,1.0097948,2,20,0.00846557,0.985886,2,40,0.007056063,0.97017986,2,64,0.028966775,1.0077862,2,84,0.006289932,1.009914,2,117,0.0048032496,0.945827,2,142,0.018374661,0.9711193,2,163,0.02939712,0.92031056,2,200
30,0.004807218,1.018627,2,20,0.0066567576,0.9937278,2,45,0.0086552845,1.0075995,2,66,0.020766973,0.9659235,2,88,0.013665977,1.0167308,2,111,0.0151154185,0.9865571,2,132,0.015042184,0.85372704,2,152,0.03542253,0.9140318,2,172,0.017180664,0.940042,2,200
31,0.0,0.9756936,2,20,0.0,1.0555992,2,40,0.04564621,0.95232564,2,60,0.0,1.0344427,2,82,0.0,0.97487193,2,103,0.0,0.9426434,0,124,0.0,0.99366444,2,145,0.014023823,0.8728954,2,168,0.06571989,0.80818737,2,200
32,0.0010560157,1.0437772,2,37
33,0.001188984,1.01976,2,20,0.00025220698,1.0122132,2,52
34,0.0054458934,0.9884033,2,22,0.03205983,0.91862965,2,42,0.019701859,0.92593604,2,63,0.0063952487,1.0421056,2,94,0.012780778,1.065458,2,114,0.0,0.9292809,2,135,0.0,1.0044414,2,155,0.0,0.94763213,2,175,0.0072540855,0.92468554,2,200
35,0.0008267894,1.0139039,2,20,0.014633437,0.95711344,2,41,0.02783958,0.9246049,2,62,0.0112432055,0.9459658,2,89,0.019270437,0.9974168,2,112,0.015058336,0.94800335,2,134,0.005105441,0.998101,2,155,0.045850385,0.91915023,2,175,0.029864566,0.68811643,2,200
36,0.00076044066,1.0154177,2,30,0.0023252596,1.01157,2,51,0.008784288,0.9682382,2,75,0.0023558477,0.9974753,2,96,0.0,1.0140557,2,116,0.005612808,1.0061166,2,142,0.002149391,1.0203099,2,162,0.0043865154,1.015978,2,200
37,0.0,1.0170777,2,31,0.002965476,1.0072476,2,52,0.0025464671,0.92322123,2,74,0.010818221,0.9246966,2,94,0.0026035472,0.9430418,2,116,0.006812298,0.98737967,2,136,0.019294288,0.99327385,2,156,0.0039010416,0.98574984,2,176,0.004728575,1.0265337,2,200
38,0.009660808,1.0181801,2,20,0.0,1.0144384,2,40,0.006827587,1.0038614,2,73,0.0012939082,1.0073736,2,94,0.0004314693,1.0023073,2,116,0.024787841,0.97753644,0,143,0.0,1.0360472,0,163,0.00500648,0.98843175,0,200
39,0.0072256476,0.99602395,2,20,0.0,0.98441523,2,40,0.00651109,0.9950961,2,60,0.0084768925,0.9833332,2,88,0.015666323,1.0054146,2,109,0.012407867,1.0066862,2,129,0.0031843968,0.9975155,2,149,0.004484866,0.9852247,2,169,0.0,1.0048895,2,200
40,0.012558279,1.0051432,2,20,0.025570408,0.96698827,0,40
41,0.010495445,0.99942523,2,21,0.0060678674,1.0296088,2,53
42,0.00092433876,1.0131282,2,32
43,0.001996107,1.0243722,2,21,0.00024734272,0.97856295,2,58
44,0.0017371661,1.0338397,2,41
45,0.00701024,0.9726105,2,21,0.0038811923,1.0349054,2,60,0.021037985,0.99097914,2,85,0.023223503,0.9410159,2,106,0.027569095,0.9207193,2,126,0.0080740135,0.96541834,2,153,0.015158917,1.007405,2,174,0.014806131,0.9880194,2,200
46,0.011948857,1.0511252,2,20,0.00048541118,1.0508901,2,41,0.0,1.0376885,2,61,0.001910253,1.0138731,2,85,0.018412808,1.0739834,2,105,0.0007448124,0.9987079,2,132,0.0,0.99422044,2,152,0.0029107102,1.0492674,2,180,0.009684418,1.0477539,2,200
47,0.00032919258,1.0093758,2,28,0.019492298,1.0104355,2,52,0.011987421,0.9452671,2,77,0.0058750995,0.9714775,2,97,0.009152475,1.057616,2,117,0.021778313,1.0304376,2,139,0.009079752,0.96110094,2,179
48,0.0022953227,0.9840846,2,20,0.0055006742,0.91740656,2,41,0.00027250676,0.92932856,2,61,0.017245712,0.93474704,2,84
49,0.006605367,0.9786544,2,40,0.014864838,0.98873895,2,68,0.017160691,1.0096972,2,88,0.019804453,0.97697836,2,111,0.009373264,0.99854755,2,131,0.01721663,0.9223883,2,163,0.009478314,0.9285887,2,200
50,0.008199171,1.0369456,2,29,0.007958523,1.0545737,2,53,0.0012693177,1.0001724,2,73,0.013728083,0.98538566,2,102,4.454553e-05,1.0223296,2,122,0.014730804,1.0245724,2,161,0.0,1.060756,2,200
51,0.002291249,1.0450602,2,21,0.015241837,1.0485091,2,41,0.002164685,1.0046375,2,76,0.0,1.0371788,2,99,0.0,0.983565,3,119,0.0,1.0137701,2,140,0.007919991,0.9592985,2,165,0.0072150845,0.9839583,2,200
52,0.0015431218,1.0295515,2,33
53,0.017169967,1.0254766,2,32
54,0.0032772466,1.0152247,2,20,0.0023090285,0.97545296,2,41,0.0064217215,0.95228297,2,62,0.015505597,0.91846627,2,82,0.036662303,0.90122974,2,102,0.0080293715,0.9337303,2,122,0.0002894097,0.92374545,2,142,0.006670274,1.0313439,2,172,0.005649496,1.081401,2,200
55,0.0041632354,1.0248108,2,20,0.013691774,1.0107915,2,40,0.0025086275,0.9875723,2,65,0.003170115,1.050464,2,103,0.0060702343,0.99958086,2,128,0.001072007,1.0297753,2,148,0.012226014,0.9560053,3,168,0.0011097817,1.0159583,2,200
56,0.0006217918,0.9795928,2,20,0.0,0.99497163,2,40,0.0003385796,0.9122182,2,66,0.0,0.79484224,2,87,0.0,0.915698,2,108,0.0,0.8583206,2,133
57,0.0062472243,1.0186142,2,23,0.012314457,0.98752093,2,49,0.0,0.98266435,2,83,0.0033315807,0.9414545,2,103,0.048412196,0.90726995,2,137
58,0.0030988476,0.99088895,2,28,0.005376231,1.0092461,2,51,0.020245586,0.92975724,2,79
59,0.013462295,1.0024915,2,21,0.015345822,1.0080565,2,66,0.022050425,1.0134872,0,87,0.0,1.0330774,2,108,0.034613382,1.0182595,2,133,0.004811324,1.0456641,2,154,0.0030969295,1.0473739,2,193
60,0.0,1.0349928,2,21,0.0011610585,1.0210592,2,62,0.008224715,1.0595524,2,85,0.018677834,0.94048655,2,106,0.017098673,0.9857246,2,141,0.004460466,1.0107647,2,161,0.019387554,0.92081326,2,200
61,0.0005201386,0.91148174,2,21,0.012219443,0.6412104,2,41,0.12928003,0.3244509,3,61,0.00016170039,0.8572878,1,82,0.0,0.6584641,2,102,0.0,0.42424822,1,122,0.07673398,0.044623848,0,143,0.0,0.08366691,1,166,0.05567071,0.115361296,1,200
62,0.006503028,0.9904181,2,20,0.016603652,0.9645668,2,40,0.0,0.98571396,0,60,0.005774893,0.9660762,2,80,0.0040388713,0.8786532,2,100,0.0,0.88695526,2,121,0.014161929,0.92810416,2,147,0.023127398,0.95817757,2,167,0.018459763,1.0131092,2,200
63,0.001917266,1.0460442,2,20,0.0039941315,0.98816144,2,57,0.010791799,1.0052468,2,82,0.01304066,0.9993149,2,108,0.0068493816,0.97160727,2,130,0.0071681677,1.0642134,2,152,0.01036111,1.0095905,2,200
64,0.0058804173,1.0209427,2,20,0.0,1.0335648,2,40,0.0023938252,1.0003736,0,60,0.004048116,0.99567485,2,102,0.005033795,0.9509975,0,122,0.0,1.0326985,2,143,0.0053017563,0.9755038,2,164,0.027733697,0.85192007,2,200
65,0.0038137252,1.0466269,2,28,0.0127978325,1.0520208,2,48,0.009351384,0.989909,2,68,0.010967648,1.0136185,2,89,0.00982211,1.0116918,2,114,0.004905253,1.0226072,2,145,0.006323663,1.0455078,2,166,0.005048897,1.0128638,2,200
66,0.025422031,1.031325,2,23,0.002645313,1.0271703,2,43,0.0,1.0139687,2,68,0.0037815808,1.037044,2,88,0.007322792,1.0130261,2,112,0.011409378,1.0060756,3,132,0.00993497,0.9685038,2,169
67,0.0080947755,0.96306163,2,21,0.0064338595,1.026257,2,42,0.0023170633,1.0560081,2,64,0.008294492,1.0328825,2,90,0.012979925,0.959206,2,110,0.0054902486,0.9790898,2,133,0.014422153,0.9855927,2,153,0.005889607,0.972229,2,173,0.020410609,0.94069487,2,200
68,0.0006710272,0.9874725,2,25,0.008479912,1.0521458,2,47,0.0050723786,1.0147995,2,67,0.014894441,0.9680095,2,87,0.0,0.9656822,2,107,0.020358529,1.0211202,2,132,0.0,1.0329673,2,152,0.0050103944,0.97397023,0,172,0.006572589,0.9863978,2,200
69,0.0041644606,0.98594993,2,24,0.0065270234,1.0293654,2,49,0.01221835,1.0638788,2,69,0.0016109019,0.9831438,2,91,0.0085969,1.0272615,2,120,0.0032898823,1.038945,2,143,0.0,1.0712589,2,165,0.0014598565,1.015563,2,200
70,0.017837495,0.8756477,2,20,0.055932783,0.940288,0,41,0.0,1.0283287,3,73
71,0.0,1.0462987,2,21,0.008611214,0.9958616,2,42,0.0,1.0512041,2,62,0.0037233748,1.0467203,2,82,0.0010521474,1.0305649,2,102
72,0.00025762583,1.0283986,2,22,0.009526597,0.98607236,2,50,0.022686055,0.9649095,2,71,0.040458377,0.91452444,2,91,0.012677079,0.92759496,2,111,0.021920357,0.9494721,0,131,0.0504769,0.88742113,2,159,0.02363098,0.92928517,2,179,0.017767591,0.9217007,2,200
73,0.0022488036,0.9129263,2,20,0.0,0.89032394,2,40,0.0,0.7859951,2,60,0.0,0.53924,2,80,0.043411493,0.45092672,1,101,0.0,0.68027514,2,122,0.0,0.7122712,2,143,0.0,0.71432203,2,163,0.0028663455,0.64166886,2,196
74,0.0,1.0182536,2,20,0.019770628,0.98176634,2,40,0.007322165,0.99684453,2,71,0.014916533,0.99695957,2,97,0.0107288575,1.034931,2,117,0.0013907881,0.99246854,2,143,0.0044875704,0.9874012,2,163,0.010004344,0.97815466,2,200
75,0.002578792,0.9821313,2,23,0.009551103,0.9708899,2,44,0.03500139,0.97369206,0,64,0.05123042,0.99321806,2,84,0.026710534,0.97191787,2,106,0.022063863,0.9596094,2,126,0.00025531035,1.0211853,2,150,0.0013344901,1.0121725,2,173,0.0065939017,0.9999974,2,200
76,0.008862625,0.90888166,2,20,0.018053198,0.97129816,2,43,0.009092344,0.96549344,2,70,0.022300066,0.9446122,2,91,0.0047727474,0.9614456,2,111,0.030623406,1.0297848,2,131,0.0037168122,0.95998967,2,152,0.015052068,0.93912786,2,176,0.02774089,0.8120709,2,200
77,0.0,0.9427049,2,22,0.007985811,0.9986344,2,46,0.0053984006,1.0079418,2,69,0.0019249024,1.0311515,2,89,0.0059947837,0.98290426,2,119,0.0013708102,0.993847,2,140,0.004144077,1.0219465,2,178
78,0.0025723753,1.0106975,2,22,0.0027279744,1.054469,2,51,0.008620933,1.0084467,2,71,0.012193568,0.99704885,2,92,0.003594782,1.0349543,2,115,0.0,0.97957087,2,135,0.0,1.0375711,0,155,0.00083116477,1.0582898,2,200
79,0.010015218,1.0097315,2,21,0.0020601214,0.90271944,2,49,0.0023253134,0.9554097,2,76,0.016367944,0.9620692,2,96,0.0035341075,0.7804525,2,125,0.010877315,0.8043343,0,145,0.050448883,0.94760615,3,166,0.0,0.880712,2,200
80,0.011251647,0.9751923,2,25,0.009465026,1.0018177,2,46,0.0077475873,1.0005856,2,69,0.020305404,0.9195855,2,89,0.014304204,0.9252973,2,117,0.0,0.777015,2,138,0.012073531,0.8686674,2,161,0.0027408074,0.8771689,2,200
81,0.0,1.0134014,2,24,0.008743859,1.0387375,2,44,0.0,1.0076791,2,67,0.0,1.0516638,2,88,0.026269425,0.97545683,2,108,0.0054547046,0.9949726,2,135,0.01022168,1.0153183,2,163,0.015064352,0.9757973,2,200
82,0.007062888,0.9653442,2,21,0.0036355876,0.9868615,2,41,0.016485328,0.96040255,2,62,0.0,0.946141,3,84,0.0097608175,0.87110597,3,104,0.058193207,0.9491006,3,125,0.024532992,0.8786739,2,145,0.025691357,0.86952144,0,165,0.037002645,0.86007684,2,200
83,0.012774509,0.9799147,2,27,0.012236736,1.0089713,2,47,0.02505701,0.9659644,2,69,0.027160287,0.96810454,0,89,0.0,0.9937847,2,109,0.029466387,0.9751942,2,136,0.027904011,0.95607656,2,163,0.033176836,0.91769916,2,200
84,0.026126975,0.90489537,2,23,0.060089376,0.7661547,2,45,0.010357061,0.840433,0,65,0.012425421,0.69140744,2,85,0.0,0.7578405,0,105,0.0,0.4253848,2,126,0.0,0.9119183,2,147,0.0,0.4416534,2,167,0.0048918515,0.40478817,2,200
85,0.00661465,0.9701697,2,20,0.009461796,0.95750797,3,55
86,0.0,0.9313801,0,20,0.0,0.8152331,2,40,0.019801259,0.74544364,2,60,0.017872237,0.3152424,0,87
87,0.00020821375,0.9464737,2,22,0.019967899,0.9352224,2,45,0.010089856,0.94167984,2,65,0.0031104495,0.849402,2,91,0.0,0.889901,2,111,0.0,0.7517681,2,131,0.0,0.6555482,1,154,0.02605443,0.43080902,1,187
88,0.009604455,1.00763,2,20,0.010543286,1.0232173,2,47,0.0034734658,0.9765563,2,67,0.002159626,1.0520906,2,91,0.008554828,1.0015764,2,112,0.018446047,1.013706,2,134,0.0,1.0399507,2,155,0.0,1.0483465,2,175,0.0035058868,1.0119976,2,200
89,0.005037758,1.0305862,2,22,0.002621445,1.0297167,2,42,0.005362679,1.0038105,2,64,0.007291402,1.0252646,2,88,0.003871632,1.0052872,2,108,0.011528942,1.0116267,2,139,0.0004537793,0.99580956,2,159,0.037255812,0.949008,2,179,0.0028048197,0.95673436,2,200
90,0.0,0.9850315,2,21,0.01117986,1.0458097,2,42,0.005198491,1.0232632,2,65,0.014334236,0.9571174,2,89,0.00617587,0.9436873,2,110,0.0,1.0251108,3,130,0.01514429,1.0076467,2,150,0.016271448,1.0510728,2,170,0.007985394,0.9856983,2,200
91,0.0,1.0461718,2,20,0.003636559,1.0503845,2,42,0.020861993,1.0187625,2,64,0.008248906,1.0204393,2,92,0.0107573215,1.0510991,2,112,0.0027233032,1.0223264,2,140
92,0.026908165,0.99948364,2,22,0.0060242186,1.0208493,2,55
93,0.0004999537,0.99541044,2,20,6.0420625e-06,1.0397025,2,46,0.0012090579,0.99595845,2,91,0.0070857396,0.9014633,2,111,0.007287181,0.91834325,2,134,0.0,0.85222864,2,155,0.0004902533,0.7897047,2,178,0.0,0.5563071,0,200
94,0.004996426,0.9915882,2,23,0.016050793,0.99663526,2,44,0.012522752,1.0298979,2,64,0.0,1.0198244,2,90,0.009863538,1.0244126,2,111,0.014787904,0.9744157,2,132,0.012720279,1.014714,2,152,0.020021109,0.9571093,2,173,0.034984924,0.90635043,2,200
95,0.008218679,0.9867756,2,22,0.0042071166,0.9994974,2,42,0.0,0.97969633,2,65,0.008337001,0.9720635,2,93,0.008084446,1.0064149,2,115,0.0104984,0.98681915,2,135,0.0,1.0265062,2,155,0.009277947,1.0002177,2,176,0.012698588,1.0144197,2,200
96,0.01654772,0.921178,2,26,0.0,0.9132484,2,55,0.022912478,0.9325897,0,75,0.0,0.7800116,0,96,0.05526633,0.5424074,0,116,0.040288754,0.8188351,2,136,0.0,1.030885,0,158,0.0,0.9905725,2,179,0.007320526,0.9712632,2,200
97,0.00088515226,1.0105202,2,20,0.0008414291,0.98353314,2,46,0.0,1.0209852,2,67,0.01169757,0.922888,0,87,0.038828373,0.98104715,2,108,0.040200032,0.9934641,3,130,0.0072663487,0.95051956,2,150,0.012334625,1.0581338,2,170,0.012928526,0.934386,2,200
98,0.009061454,1.0102623,2,20,0.011573966,1.0213342,2,44,0.005052948,1.0320418,2,64,0.007196989,1.0236292,2,85,0.016409254,0.98492175,2,105,0.008351166,1.0177015,2,126,0.00038289386,1.0470272,2,147,0.0012362052,0.9935012,2,172,0.0109231705,1.0204898,2,200
99,0.011439001,0.90601504,2,21,0.0,0.7348055,2,41,0.0,1.1288971,2,61,0.0,0.9551759,0,81,0.0,0.95820236,0,101,0.0,1.0010964,3,121,0.0,0.95654666,0,141,0.0,0.69917995,0,162,0.086134836,0.3235306,0,200
100,0.023687353,0.9283743,2,20,0.029873276,0.978989,2,45,0.056855094,0.93225586,3,65,0.002713046,0.9093211,0,86,0.02750196,0.9010671,2,106,0.011060521,0.9546446,2,128,0.025110012,0.93907326,2,149
101,0.008711762,0.9741334,2,20,0.0057415618,0.9974542,3,42,0.018112566,0.9684031,2,65,0.007339913,0.96064204,2,88,0.028621096,0.86848485,2,108,0.0,0.9546605,2,133,0.0010798525,1.0563313,2,153,0.007258004,1.0766995,2,173,0.00012295866,1.075717,2,200
102,0.015665887,0.97895277,2,20,0.0017550888,1.0276595,2,47,0.0,1.1040328,2,68,0.008129775,0.9550451,2,96,0.0,1.0251439,2,116,0.0004651973,1.0492523,2,136,0.0,1.0764757,2,157,0.0,1.0976762,0,177,0.011846205,1.1067386,2,200
103,0.0062363194,1.022899,2,22,0.015346172,1.0225273,2,42,0.001671678,0.962858,2,66,0.01013412,0.98908293,2,88,0.019609144,0.95461965,2,109,0.0064830473,0.9805477,2,129,0.0073552383,1.0412236,0,149,0.0019552002,0.97585636,2,177,0.002906123,1.0293872,2,200
104,0.0,1.0253363,2,25,0.008912943,0.9975192,2,45,0.008214208,0.999108,2,68,0.0078038657,0.9949748,2,89,0.0,1.0366583,2,115,0.0,1.0817077,3,135,0.011829652,1.0109262,2,156,0.0,1.0878206,2,176,0.0005850025,1.0305232,2,200
105,0.0,1.0054637,2,21,0.008168822,1.0290508,2,41,0.004346255,1.0557852,2,61,0.0,0.985291,2,84,0.0010212667,0.99390715,2,104,0.015584685,0.97563964,2,125,0.039417367,0.9194946,2,145,0.025869584,0.9327022,2,165,0.0032999169,0.97706515,2,200
106,0.0,0.97071445,2,21,0.021900566,0.9267835,2,46,0.015628992,0.9332123,2,66,0.03817833,0.96359396,0,87,0.04889258,0.95684326,2,107,0.014730907,0.9080217,2,129,0.0066920477,0.9575511,2,156,0.0,0.9610182,2,178,0.015555102,0.8282463,2,200
107,0.0011904108,1.0276623,2,24,0.0063712494,0.9797084,2,57,0.0035343312,1.0521207,2,78,0.015890379,0.9679162,2,102,0.0,0.9868579,2,122,0.0026504728,1.0743659,0,142,0.0,1.0932627,2,163,0.0024271258,1.0872171,2,200
108,0.002783944,0.95769656,2,22,0.013464583,0.95357466,2,45,0.012750298,0.949667,2,70,0.007824095,0.859669,2,90,0.0034965225,0.7945427,2,110,0.0,0.7385436,0,130,0.0,0.84343183,2,153,0.036270678,0.9887066,3,174,0.0,0.55320054,0,200
109,0.020558411,0.9584111,2,20,0.013298854,0.95821625,2,65,0.0085530905,1.0120785,2,85,0.0,1.0691394,2,106,0.004252606,1.0553716,2,126,0.008610475,1.034909,2,152,0.0,1.0627174,2,173,0.003993707,1.0594559,2,200
110,0.003377682,0.997183,2,20,0.019083215,0.9386376,2,40,0.012987444,0.97339344,2,62,0.009936202,0.98215806,2,82,0.043235127,0.9823513,2,102,0.00554902,0.9249112,2,123,0.003654573,0.8861376,0,143,0.0,0.9394293,2,163,0.0017214937,1.0215985,2,200
111,0.023779783,0.9531784,2,21,0.0080558,0.9354458,2,42,0.003573985,1.005691,2,62,0.01183801,1.0011544,2,93,0.011054404,0.98112947,2,121,0.009705194,0.9901945,2,143,0.017017504,1.0223193,3,164,0.030193368,0.9406342,2,200
112,0.004878322,0.9288212,2,20,0.0,1.0598137,2,42,0.008386781,1.0966405,2,62,0.0033408126,1.0487771,2,88,0.018141624,0.9485683,2,127
113,0.011248582,1.007125,2,22,0.0010054839,0.97509336,2,43,0.0035478522,0.95967495,2,64,0.015208413,0.9055016,2,85,0.0,0.9627905,2,105,0.0068196193,0.98717594,2,125,0.0,0.8890072,2,145,0.0314732,0.84588313,2,181
114,0.013131166,1.0319949,2,23,0.009458451,0.97102803,2,57,0.014658701,1.0227586,2,78,0.018873729,1.0007296,2,98,0.0,1.006394,2,122,0.00648423,1.0430205,2,142,0.0052075153,1.0181361,2,169,0.016912077,0.99415296,2,200
115,0.004277157,0.93782055,2,35,0.0008171905,0.7968496,2,55,0.0137446625,0.8923222,2,75,0.044536114,0.90040016,2,97,0.08709411,0.8344059,2,117,0.041873533,0.882796,2,140,0.00053151307,0.55609334,2,161,0.038675267,0.29092377,0,200
116,0.009864337,1.0139296,2,25,0.051807575,0.96842146,2,45,0.033325378,0.96910983,2,66,0.027384171,0.93689233,2,86,0.010458563,0.94116354,2,110,0.0016684555,0.9243214,2,131,0.0,0.91930354,2,151,0.0,0.7054292,3,171,0.0037547904,0.5999647,2,200
117,0.004873708,0.9732192,2,21,0.012400139,0.93567544,2,41,0.023260856,0.9338941,2,71,0.05134179,0.9396121,2,91,0.07575088,0.95592946,0,111,0.03390643,0.9175267,2,132,0.011159061,0.9546497,2,153,0.013271624,0.916739,2,173,0.017813893,0.8600349,2,200
118,0.0018211531,0.9761214,2,20,0.0024807057,1.0167483,2,42
119,0.0069773355,1.0246068,2,27,0.0031518557,1.0266501,2,62,0.00012325197,1.0015686,2,82,0.0011417047,1.0057044,2,105,0.008966173,0.9750968,2,125,0.0,0.9491062,2,147,0.0,1.0484434,2,167,0.007043352,0.9942548,2,200
120,0.008610317,1.0128775,2,29,0.0,1.0289365,2,50,0.0,1.0066755,2,71,0.0061425213,1.0055679,2,100,0.02439036,0.9431398,2,139
121,0.007005798,0.9891468,2,20,0.0,1.0275105,2,40,0.011560938,0.9556763,2,67,0.033853456,1.0048552,2,92,0.013184733,1.0164161,2,114,0.0043998687,1.0862966,2,136,0.0,1.0679466,2,156,0.012127511,1.0834725,2,176,0.0113242,1.0161676,2,200
122,0.00033654802,1.0233934,2,20,0.0,1.0009876,2,52,0.0013716116,0.9272938,2,72,0.003885012,0.95831305,2,101,0.0,0.9465688,0,121,0.009347717,0.9490713,2,141,0.00029716577,0.90467817,2,161,0.017698782,0.8402318,2,200
123,0.015512796,0.9822009,2,39,0.0038322806,1.0415107,2,59,0.00038986365,0.9795086,2,79,0.00844803,0.98945326,2,107,0.0,0.98251295,2,130,0.010930659,0.96710235,2,151,0.0013203971,0.9909901,2,173,8.642142e-05,1.033145,2,200
124,0.008863732,1.0362198,2,20,0.009746757,0.9470928,2,45
125,0.0076675448,1.0123277,2,24,0.011775682,1.0322727,2,44,0.011647979,0.9960064,2,66,0.00952892,0.94115347,2,88,0.0,0.9105919,2,113,0.0018719338,0.9209206,2,150
126,0.06326574,0.78845185,2,20,0.0,0.8854823,2,43,0.0,0.6026311,2,64,0.0,0.51916593,1,84,0.0,0.81953084,2,104,0.0,0.81690437,2,125,0.0,0.7762181,2,145,0.07880347,0.54443735,2,177
127,0.020168874,0.95926565,2,21,0.011379822,0.86793613,2,41,0.011051382,0.74950945,2,61,0.014730988,0.66954404,2,81,0.0021379392,0.7575587,2,101,0.0,0.7190623,2,124,0.0,0.8566965,2,144,0.011221992,0.9597251,2,165,0.020124814,0.8834573,2,200
128,0.0020478978,1.0238484,2,28,0.0,1.0203161,2,51,0.0014315452,1.0122725,2,72,0.017068692,1.0578306,2,98,0.0031992705,1.0558378,2,120
129,0.004386233,1.0521936,2,33
130,0.0065382146,1.0325612,2,34
131,0.0062772483,1.0151385,2,20,0.011621185,0.9841921,2,44,0.0,0.8680044,2,71
132,0.011322212,0.9664203,2,21,0.04461602,0.99032056,0,41,0.03735404,0.89451873,2,62
133,0.0036299229,0.9800843,2,23
134,0.0010214009,0.9780959,2,26,0.0014682903,1.0179696,2,46,0.013722053,1.0401539,2,83
135,0.0,1.0335015,2,21,0.0,1.0034366,2,52
136,0.005204691,0.9548564,2,23,0.010094943,1.0444455,2,43,0.00051595696,1.041071,2,71
137,0.01196563,0.94615525,2,21,0.0,0.99701846,3,41,0.0,0.92741334,2,61,0.0,0.8856379,2,83,0.0057703536,0.78942007,2,110,0.0,0.8142859,2,130,0.0,0.7167815,2,150,0.0,0.47568974,1,171,0.030811854,0.5927129,2,200
138,0.0043563377,0.9756568,2,24,0.0017516545,0.95123357,2,47,0.009513571,0.98484963,2,67,0.015341717,0.96982545,2,87,0.0056421263,0.9626901,2,110,0.0028316984,1.0384834,2,133,0.01220032,1.0221461,0,153,0.00022940851,1.0218008,2,178,0.008682465,1.0108103,2,200
139,0.028434535,0.89471555,2,21,0.0111693125,0.71463567,2,41,0.019305272,0.6534775,2,61,0.0,0.5682195,2,81,0.039420366,0.5427932,2,103,0.00050910516,0.3643751,2,123,0.03930397,0.27743104,2,143,0.12551187,0.2834013,2,171
140,0.014591518,1.0272079,2,20,0.00011871224,0.98055,2,40,0.0021635373,1.0435879,2,61,0.005036556,1.0917747,2,81,0.040897425,1.0102423,2,105,0.0,0.97406614,2,125,0.00029911465,0.9645031,2,145,0.0017285864,1.0303856,2,167,0.020806529,1.0109148,2,200
141,0.014425938,0.97008705,2,26,0.0,0.8836323,2,46,0.000417486,1.0436542,0,66,0.022132793,0.9676342,0,87,0.0,1.0260062,0,107,0.0,0.8363445,3,128,0.009540518,0.76889867,2,148,0.0,0.66337556,3,170,0.019376026,0.7798406,2,200
142,0.0049627246,0.99900925,2,20,0.008331196,0.98528206,2,43,0.007986311,1.0035633,2,64,0.008028418,0.983889,2,84,0.0039263773,1.028064,2,106,0.008255089,1.0376437,2,127,0.001765604,0.96798164,2,152,0.0066827075,0.9729022,2,172,0.0067129997,1.0060015,2,200
143,0.009291923,0.95454216,2,23,0.0,1.0309291,2,47,0.007999324,0.98476726,2,68,0.005842994,1.0424604,2,89,0.007673042,0.99291617,2,112,0.0029857084,1.007086,2,144,0.02645745,1.00286,2,164,0.010674696,1.0077355,2,200
144,0.015958393,1.0004648,2,21,0.003473665,0.99505234,2,44,0.010345125,0.9530474,2,64,0.008496615,0.97998655,2,89,0.0,1.0250947,2,110,0.0041055004,1.006329,2,135,0.035759166,0.97394884,2,157
145,0.0025605047,0.9466657,2,22,0.0073603103,0.9177877,2,42,0.009853497,0.81727564,2,63,0.0,0.93937474,2,83,0.0,0.71448743,2,106,0.0109354,0.6918778,2,128,0.012374544,0.61003006,1,148,0.0,0.64894956,2,168,0.008221583,0.4348089,1,200
146,0.0065665506,1.0324465,2,29,0.0026328606,0.99546915,2,56,0.008797191,1.0169544,2,76,0.0044638743,1.0093895,2,96,0.00020945646,1.0556802,2,122,0.02804484,1.0077837,2,143,0.0,1.0396463,2,164,0.018977571,1.0221922,2,200
147,0.012286681,0.92947847,0,22,0.0029464012,0.95188975,2,44,0.024369532,0.8821498,2,64,0.0,0.91911334,0,84,0.0,0.87398326,2,110,0.009622961,0.7664741,0,130,0.014167306,0.72086096,2,151,0.0,0.7780596,2,171,0.034704193,0.853225,2,200
148,0.0002260588,1.0075856,2,23,0.015694154,0.97923017,2,44,0.01079598,0.97718674,2,68,0.004178332,0.9189629,2,106,0.0,0.94955206,2,126,0.0009695436,0.9119519,2,154,0.0,0.83264333,0,174,0.0,0.73453623,2,200
149,0.0058181174,0.97836524,2,25,0.0097251665,0.96134305,2,51,0.008512136,1.0523603,2,71,0.00690928,1.0499268,2,91,0.0,0.95827407,2,111,0.0,0.9500472,2,132,0.00556608,0.96325845,2,152,0.03723325,0.9265172,2,172,0.020709071,0.71608245,0,200
150,0.023020571,0.95400137,2,21,0.0091241235,0.97149086,2,57
151,0.0,1.0168068,2,25,0.018546795,0.99489284,2,58,0.005346004,1.0518649,2,83,0.0005030022,1.0378487,2,103,0.0021935296,1.0190418,2,123,0.0,1.0687058,2,144,0.02841204,1.0259004,2,165,0.016674368,0.9262549,2,200
152,0.010769747,0.9753733,2,21,0.010651553,0.95634425,2,41,0.004134145,0.9774521,2,61,0.006374156,0.9073293,2,83,0.017599499,0.95950097,2,103,0.012056143,0.9980377,2,125,0.0066166697,0.9746198,2,159,0.029495845,0.94106805,2,179,0.010022851,0.99026,2,200
153,0.0023671426,1.0235401,2,23,0.024968613,0.96174115,2,43,0.0065167528,0.91585267,2,72
154,0.008891265,1.0582334,2,31
155,0.009351792,0.97652036,2,31
156,0.017920628,1.0284117,2,21,0.0035279016,1.0071551,2,41,0.00730009,1.0344652,2,61,0.012314171,1.0159692,2,98,0.0,1.0535883,2,119,0.010264224,1.0304476,2,140,7.482104e-05,1.0454584,2,161,0.0059066834,1.0635375,2,200
157,0.003692822,1.0284685,2,23,0.000489715,1.0257292,2,44,0.0,0.9933244,2,64,0.00400184,1.0353116,2,95,0.011576419,1.025829,2,119,0.0,1.0321096,2,139,0.0,1.0012842,2,160,0.0038756754,0.9388176,2,180,0.032052666,0.9860977,2,200
158,0.0123779345,0.9994661,2,20,0.019846674,0.9612118,2,40,0.008299245,0.9693643,2,68,0.007453798,0.89215183,2,88,0.0,0.9322438,2,116,0.0026196407,0.96926796,2,148,0.0038590594,0.94743675,2,169,0.016832031,1.0370314,2,200
159,0.001834631,1.0012501,2,24,0.014746353,1.0322794,2,44,0.011813457,0.9939067,2,68,0.0071463655,1.0046343,2,96,0.0,1.0325412,2,116,0.0,1.0695002,2,137,0.0,1.0571105,2,159,0.0014367101,0.9930768,2,179,0.0029856584,0.99550086,2,200
160,0.011192279,1.0088087,2,53,0.0047534243,1.0570934,2,74,0.0,1.1106088,3,95,0.0,0.9844475,3,115,0.012647174,0.9286703,0,135,0.0,0.998033,2,156,0.0007225936,0.86021405,2,200
161,0.0,0.9963516,2,21
162,0.004586133,1.0065802,2,25,0.0,0.99779636,2,45,0.0,0.9333662,2,67,0.011963351,0.95976335,2,92,0.021129463,0.958475,2,112,0.0050121257,0.94629747,2,132,0.003623698,0.98235905,0,152,0.0,0.9667783,2,172,0.0,1.0450927,0,200
163,0.0,1.0224495,2,23,0.0152630275,0.96896154,2,51,0.011178098,1.011013,2,71,0.014543815,0.8753587,2,91,0.07304865,0.9032447,2,118
164,0.0045991093,0.9948609,2,25
165,0.0033081805,1.0375566,2,21,0.035851847,1.0088619,2,41,0.022449939,0.96520686,2,66,0.00047250447,0.98732585,2,87,0.0073547065,0.9674806,2,110,0.010305646,1.0209466,2,133,0.010929413,1.0108935,2,154,0.0,0.9952413,2,175,0.0015406639,0.9911867,2,200
166,0.01388036,0.9515829,2,20,0.003686749,0.9040162,2,48,0.06895956,0.934325,2,69,0.011092928,0.99524915,2,92,0.007973623,0.9906337,2,116,0.008432195,0.85034454,0,136,0.028295962,0.685241,0,157,0.0,0.7186731,3,177,0.054657403,0.7551672,2,200
167,0.018167866,0.9821723,2,21,0.040465277,0.9430833,2,41,0.021999583,0.9257233,2,66,0.0,1.0025061,2,86,0.0,0.8842783,2,108,0.033276625,0.9528475,2,128,0.0022512723,0.92283183,0,149,0.029331792,0.9164157,2,169,0.0071145715,0.919614,2,200
168,0.0025911331,1.0211345,2,36
169,0.015121858,0.98962367,2,31
170,0.0,1.0461226,2,21,0.0,1.0276381,3,43,0.0018503862,1.0148002,2,67,0.013940773,0.9847826,2,89,0.0052073686,0.9998325,2,119,0.0035156047,1.0066551,2,170,0.010401189,1.0480838,2,200
171,0.041112594,0.9620674,2,20,0.013039345,0.69196236,2,40,0.014065807,0.87563014,2,66,0.0,0.7826154,2,88,0.0,0.7747248,2,109,0.0,0.6863823,0,132,0.0,0.45045966,2,153,0.0,0.58593047,2,174,0.10739334,0.44749367,2,200
172,0.0,1.0065547,2,22,0.01327767,1.0161581,2,42,0.024667881,0.947477,2,63,0.019030271,0.97313964,2,86,0.016449437,1.0289881,0,107,0.0006005171,0.99897486,2,134
173,0.0072682295,0.9639941,2,21
174,0.019207641,0.9953066,2,40,0.023154486,0.9768223,2,85
175,0.002081774,0.99012154,2,24,0.0080701485,1.0434346,2,56,0.0,1.0242959,2,79
176,0.0,1.0135292,2,21,0.004784463,1.010154,2,45,0.005329799,1.030936,2,86
177,0.0,0.8926486,2,26,0.0034680597,0.7620362,2,46,0.010934365,0.6639527,2,66,0.0,0.7311281,2,86,0.0006079153,0.41244617,1,107,0.01001723,0.18307078,1,130,0.0,0.24690516,1,151,0.07771677,0.3986636,1,183
178,0.017981002,0.92496806,2,24,0.014419254,0.88423675,2,46,0.0033022393,0.9809278,2,66,0.0,1.0172735,2,86,0.0,0.97169393,2,108,0.022950854,0.9743763,3,128,0.030029008,0.93887043,2,148,0.00041941478,0.9422897,2,168,0.037547134,0.9071194,2,200
179,0.0,1.0017785,2,30,0.00987797,0.9625637,2,50,0.0066409064,0.98533946,2,78,0.0040064817,1.036445,2,99,0.0,0.9939841,2,119,0.0,0.96920365,2,143,0.02628158,0.91708183,2,163,0.03810824,0.93962,2,200
180,0.022428034,0.99695814,2,20,0.0070266277,0.93514127,2,40,0.031248791,1.0351652,2,61,0.017974503,0.99714816,2,84,0.010769034,0.93175673,2,107,0.0070105814,0.9234856,2,127,0.0119687915,0.93717694,2,151
181,0.0016154546,0.99619967,2,25
182,0.0,0.9847758,2,23,0.009551785,0.9986641,2,43,0.0,1.0067807,2,70,0.004091162,0.91741294,2,94,0.0,0.9444321,2,114,0.0,0.93705,2,134,0.0,1.0597165,2,154,0.0,0.99167454,2,174,0.0,1.0037214,2,200
183,0.0,0.9962765,2,29,0.0062212474,0.96816415,2,55,0.0044418164,0.98397046,2,80,0.03551575,0.9422243,2,100,0.007402853,0.9770702,2,120,0.03419362,0.9456083,2,140,0.030503139,0.86295897,2,165,0.0014746932,0.9372213,2,200
184,0.00264841,1.0302831,2,23,0.0030304675,0.96155703,2,44,0.002819222,0.97699356,2,64,0.012689924,0.94314176,2,84,0.033396617,0.89310133,2,104,0.0018566472,0.96579564,2,124,0.0,1.0145416,2,147,0.013330071,1.0127654,2,171,0.024406493,0.949939,2,200
185,0.0,1.0251726,2,20,0.013288138,0.98908967,2,40,0.01697846,0.9650111,2,67,0.025568753,0.8145594,3,89,0.0006202697,0.8735547,0,110,0.008044933,0.9334759,2,132,0.0,0.9591309,2,152,0.0072981403,1.0153376,2,172,0.0,0.9427926,2,200
186,0.006034279,0.9974998,2,25,0.0,0.9981092,2,47
187,0.0,0.9886812,2,25,2.4444113e-05,0.9512096,2,49,0.0066111884,1.0130059,0,86
188,0.0006101657,1.0051875,2,22,0.010818313,1.0202138,2,57
189,0.022281814,0.9644855,2,23,0.010795627,0.9754158,2,43,0.0054997257,1.0411351,2,63,0.0,1.0008601,2,84,0.0120784575,0.98056227,2,111,0.0027038848,0.9992718,2,142
190,0.0,0.90988255,2,22,0.012248273,0.8377062,2,52
191,0.005451863,1.0299498,2,24,0.0050238557,1.0432374,2,45,0.009650098,0.99424285,2,65,0.025825322,1.0007707,2,90,0.0129882125,1.0232599,2,111,0.008537392,0.98987055,2,138,0.006516892,1.0275066,2,161,0.009204282,0.98826367,2,200
192,0.0072219465,1.0062952,2,21,0.0045229625,1.0100176,2,53,0.0023391382,1.0143023,2,78,0.014060522,0.95996505,2,98,0.005914227,0.9368161,2,118,0.011558528,0.9705572,2,142,0.0025561275,0.99617755,2,178,0.006058499,0.9853246,2,200
193,0.0011451591,1.0411594,2,20,0.014780909,1.0013974,2,40,0.008910894,0.9828901,2,73
194,0.0025594526,1.053721,2,23
195,0.005310468,0.98982936,2,29,0.016457116,0.98209774,2,49,0.010310184,0.9483342,2,70,0.02058446,0.93894035,2,90,0.016989848,1.0132473,2,110,0.0,1.0544295,2,132,0.0,1.0982387,2,152,0.0010855941,0.9737171,2,175,0.030398645,0.95984155,2,200
196,0.016354475,0.9721002,2,22,0.004689776,0.9684269,2,62,0.015999854,0.8991782,2,82,0.0041215555,1.0749774,3,102,0.0014861305,1.0545247,2,127
197,0.0,1.0097628,2,21,0.023110515,0.9807776,2,41,0.016365599,0.90216,2,61,0.0015071617,1.0716724,2,86,0.008213568,1.0452073,2,106,0.00041899606,1.0405378,2,130,0.026140891,0.9989577,2,155,0.017440867,0.9139587,2,175,0.028715482,0.8603138,2,200
198,0.006182681,0.98146784,2,20,0.0,1.0217186,2,40,0.0072596963,1.0286703,2,65
199,0.0019639344,1.0126039,2,31,0.00101616,0.9986806,2,73,0.0006629862,1.0246576,2,97,0.003565514,0.9655478,2,134
200,0.0045694825,0.9872715,2,22,0.017465208,1.0191085,2,42,0.018669503,0.98040545,2,62,0.02820772,0.9555404,2,84,0.020275425,0.93492824,2,104,0.008778547,1.0332599,2,130,0.0029493533,1.0628227,2,150,0.012212708,0.9989381,2,175,0.020953909,0.99891174,2,200
201,0.0302247,0.8891608,2,20,0.030449947,0.9562771,2,40,0.051463485,0.8549428,2,63,0.015183958,0.6041801,2,83,0.020082675,0.52251095,0,103,0.0,0.4641017,2,123,0.07586358,0.22840631,2,143,0.27235895,0.19003646,2,164,0.10213406,0.28451785,2,200
202,0.012530772,1.0079225,2,21,0.011017296,0.9591997,2,45,0.0055079646,0.9454556,2,77,0.008906194,0.9992118,2,102,0.005368706,0.94817525,2,126,0.00796563,0.8935379,2,148,0.023334578,0.90292346,2,169,0.0073189116,0.9715242,2,200
203,0.011748639,0.9372467,3,21,0.0017030948,0.78112435,2,44
204,0.006963818,0.9905762,2,22,0.0,1.0164285,2,45,0.0062117698,1.0292917,2,75
205,8.659774e-05,0.9899793,2,26
206,0.0,1.0079606,2,20,0.0,1.0196216,2,40,0.0056291544,1.0502856,2,61,0.010103077,0.96140736,2,85,0.009454827,0.94774354,2,105,0.0,0.8990797,2,125,0.01564644,0.5665343,2,153
207,0.0,0.98771924,2,21,0.011177071,0.99656534,2,41,0.004807971,0.9770127,2,64,0.004948612,0.97065157,2,96,0.021722255,1.0030797,2,116,0.009492486,1.0355393,2,138,0.000617444,1.0446154,2,158,0.0027093438,1.0556917,2,178,0.00015576133,0.99499124,2,200
208,0.00968143,0.96852547,2,22,0.035946637,0.9409957,2,42,0.034261454,0.86561483,2,66
209,0.0047595147,0.9976078,2,20,0.0024536867,0.98730487,2,40,0.013517903,1.0018581,2,63,0.0,0.9458276,2,93,0.0056317793,0.90301913,2,113,0.00043268158,0.96433324,2,133,0.0018110385,0.8920797,2,153,0.0029595029,0.95394063,3,174,0.0,0.8188975,2,200
210,0.0012503259,1.0048952,2,20,0.011792901,1.000993,2,43,0.0015685038,0.97245634,2,65,0.0037073798,1.0843834,2,85,0.0,1.0109293,2,105,0.08470789,0.9136192,3,125,0.009957917,1.0331566,2,145,0.0,1.0195435,0,169,0.06725122,0.8458134,0,200
211,0.0,1.0198828,2,20,0.00026491712,1.0203199,2,40,0.0,1.0414883,2,60,0.0028821216,1.0138443,2,80,0.00037997987,0.99322724,2,132,0.0043057967,0.988453,2,155,0.0072646276,1.0010341,2,180,0.012572663,1.0310069,2,200
212,0.003513007,0.9869923,2,31,0.0,1.0257114,2,57,0.0034658958,1.0298927,2,78,0.0,1.0245849,2,99,0.0,1.0533786,2,123,0.0069624423,0.9955532,2,143,0.0,1.0326792,2,164,0.0010994993,1.0114487,2,200
213,0.008975098,1.0097233,2,20,0.010781498,1.0462257,2,48,0.0075229118,1.0038935,2,77,0.0043790936,1.0281353,2,99,0.0030463205,0.9756926,2,121,0.0,1.0154572,2,148,0.013489023,1.0152773,2,172,0.002910306,1.0669221,2,200
214,0.0073734024,1.0043108,2,21,0.0,1.0017859,2,45,0.0,1.068374,2,70,0.00041443834,0.9991479,2,102,0.0,0.93362665,2,122,0.024032291,0.8900455,2,142,0.0,0.91105384,2,162,0.011381067,0.71876264,2,200
215,0.0073730834,1.0323074,2,37
216,0.007940136,0.99752146,2,23,0.010084059,0.99942464,2,53,0.0,1.055708,2,75,0.0018993447,1.0386776,2,102,0.0006917524,1.0156902,2,122,0.0121881645,1.0172827,2,142,0.0019772658,0.9888699,2,178,0.0,1.0055246,2,200
217,0.009307077,0.9430851,2,21,0.03527755,1.0051254,2,42,0.056710113,0.95353127,2,64,0.0010306389,0.95628995,2,96,0.0,0.945162,2,126,0.030322943,0.86192834,2,146,0.056315724,0.81870544,2,167,0.04499319,0.9047473,2,200
218,0.0032981362,1.0161835,2,29,0.003826715,1.032366,3,49,0.010120927,0.994711,2,72,0.0078064455,1.0285168,2,97
219,0.0065436973,1.0169433,2,23,0.0,1.0299233,2,46
220,0.0047659874,0.9942554,2,32,0.0029858644,0.98474777,2,53,0.0062563964,1.0095295,2,81,0.0,1.0361683,2,101,0.009270703,0.98864555,2,123,0.0,1.0179973,2,143,0.015335671,0.9569554,2,165,0.014139831,0.9765546,2,200
221,0.021078631,0.96215785,2,20,0.013699132,0.9131506,2,40,0.005492375,0.8322538,2,62,0.030030185,0.82372063,2,82,0.006372053,0.79822314,2,102,0.0,0.9320401,2,122,0.0,0.9153867,0,142,0.0,0.6613168,2,162,0.1102504,0.59922934,1,200
222,0.0019140806,1.0162079,2,20,0.0,1.0712155,2,40,0.006221589,0.9416895,2,73,0.0005715485,1.0078993,2,93,0.017988745,0.9226324,2,113,0.015075516,0.9447398,2,134,0.044076182,0.94250476,2,155,0.017984495,0.9571217,2,175,0.059686903,0.8820422,2,200
223,0.0027417615,1.0192511,2,20,0.0025708321,1.0316212,2,40,0.008623241,1.0147548,0,60,0.0029360135,0.99763817,2,101,0.017780256,0.9873923,2,121,0.018710118,0.99419117,2,141,0.005366165,1.0199771,3,161,0.012200134,1.0033171,2,200
224,0.007085689,1.0104402,2,35,2.9378012e-05,1.0141977,2,55,0.0024156289,1.0151798,2,77,0.014037961,0.9898716,2,97,0.004916325,0.9277989,2,118,0.024706066,0.96524715,2,140,0.0043487856,0.9473449,2,161,0.0010571813,1.0106258,2,200
225,0.016208561,0.99071515,2,20,0.0011606936,1.0132824,2,40,0.008089567,1.0098108,2,62,0.011638039,0.98676276,2,89,0.00423854,0.98481935,2,111,0.008524813,1.0102121,2,142,0.0039972975,0.993084,2,165,0.006601525,0.95744115,2,200
226,0.011016056,0.997484,2,20,0.0073359804,0.9742019,2,42,0.002726277,0.9847853,2,67,0.0022073747,0.96413535,2,87,0.01751421,0.8717878,2,109,0.0058841775,0.98635286,3,131,0.0,0.94228196,2,154,0.008251218,1.0146682,2,174,0.006838895,0.82818085,0,200
227,0.0,0.8401721,2,20,0.0,0.8109444,2,43,0.0,0.58360153,2,63,0.025819678,0.46724075,0,83,0.021342698,0.42585367,0,104,0.002358134,0.5144612,2,125,0.0,0.47596157,1,158
228,0.0061105145,1.0054145,2,30,0.0059025013,0.94727784,2,58,0.023513729,0.9282147,2,78,0.0,0.8779866,2,99,0.0,0.67399585,2,119,0.0,0.6952453,2,139,0.0,0.75365853,2,159,0.0012531031,0.9015428,2,179,0.0,0.8697184,2,200
229,0.0075662583,1.0013417,2,20,0.0,1.0233667,2,40,0.01693794,0.9620014,2,66,0.0012266637,0.9569908,2,89,0.0021954367,0.9422164,2,118,0.006530945,0.9342284,2,138,0.002556456,0.9352001,2,158,0.029078161,0.9920538,2,178,0.033108033,0.98675066,2,200
230,0.0,1.0440227,2,20,0.0037555369,0.9542513,2,46,0.012073228,1.0152856,2,71,0.005958413,0.9823553,2,91
231,0.0075576133,1.0207722,2,26
232,0.008939105,0.997124,2,24,0.017495964,0.99691546,2,44,0.012334689,0.9695788,2,66,0.027568784,0.9035213,2,87,0.011824084,0.9576663,2,107,0.017591551,0.89941823,2,127,0.010272735,0.8922912,2,147,0.0017584434,0.92284447,2,174,0.0,0.9356378,2,200
233,0.002035058,1.0022184,2,20,0.0048266663,0.9625205,2,41,0.008979476,0.9613325,2,61,0.026764665,0.9350564,2,82,0.0033405458,0.9509704,2,111,0.010779095,0.8777201,0,133,0.02243267,0.8482753,2,153,0.0046911603,0.84267646,0,173,0.0,0.81891125,2,200
234,0.0016304858,0.9769915,2,20,0.0144857075,0.98997205,2,46,0.00742405,0.9940038,2,66,0.010750205,0.9607958,2,88,0.0013941729,0.9598295,2,113,0.0024162377,0.9916811,2,145,0.0,1.0173846,2,166,0.024563083,0.94656485,2,200
235,0.008151192,1.0092502,2,25,0.0,1.0321693,2,49,0.006262359,1.0259597,2,77,0.0,1.0234696,2,102,0.005823041,1.0028956,2,122,0.008556769,1.0124149,2,143,0.007925307,0.97949755,2,163,0.0042850957,1.0110439,2,200
236,0.009677755,0.9806935,2,21,0.019731894,0.95768607,2,41,0.010209738,0.9531817,0,62,0.03861962,0.91707486,2,83,0.0065912763,0.9784854,2,104,0.0,0.91123855,3,127,0.0,0.7969192,2,149,0.0,0.60198516,2,173,0.0048659565,0.71975297,2,200
237,0.007868475,1.0224599,2,21,0.0021360014,0.91512585,2,41,0.0,0.9232643,2,61,0.00011059738,0.9817132,2,90,0.0036031473,0.971091,2,113,0.0073481253,0.98766065,2,134,0.0036563422,0.95628136,0,154,1.2185201e-05,0.99916124,2,179,0.0039987927,1.020994,2,200
238,0.0031359366,0.9684405,2,27,0.011381874,0.93031335,2,49,0.0009329712,0.97364706,2,71,0.008346318,0.9581621,2,95,0.026166087,0.9165968,2,115,0.022154827,0.9318767,2,137,0.014612116,0.96207714,2,161,0.012867329,0.6806554,2,200
239,0.0,0.62436473,0,20,0.0,0.43609318,0,40,0.0,0.3997058,2,60,0.0,0.27637807,1,80,0.0,0.12360405,1,105,0.0,0.23085867,1,127,0.0257135,0.18678126,1,155
240,0.0029611145,1.0088806,2,20,0.012690559,0.9895789,2,40,0.014224375,0.922873,2,60,0.015805993,0.9652994,2,80,0.027715271,0.9307255,2,102,0.019199174,0.96393335,2,122,0.013444137,0.9832223,2,143,0.0,1.0161633,2,163,0.0051292935,1.0229183,2,200
241,0.020730022,0.98743,2,20,0.0,0.89744467,2,41,0.026968557,0.9249548,0,61,0.0,0.9299202,2,81,0.0,0.9497819,2,102,0.028644431,0.66880727,2,122,5.743634e-05,0.66187704,0,142,0.0032418855,0.5378691,0,162,0.049821083,0.50440586,0,200
242,0.0024255645,1.002127,2,20,0.0009119548,0.99710435,2,55,0.002381064,0.9996447,2,83,0.01976514,0.9776036,2,104,0.017497243,1.0158327,2,134,0.0026428306,1.0342379,2,163,0.006479984,0.9915456,2,200
243,0.018834984,0.98452693,2,20,0.0,0.9981414,2,41,0.0011476675,0.91237676,2,63,0.0,0.8824115,2,84,0.01116287,0.7746203,2,106,0.0012404949,0.681969,2,127,0.0,0.507939,0,147,0.0034124444,0.48062107,2,169,0.0010199696,0.30122417,2,200
244,0.0005769474,1.0265797,2,22,0.004454432,1.043019,2,44,0.0051530935,1.0297587,2,64,0.00074249273,1.0126595,2,84,0.0,1.0612719,2,105,0.0,1.0230165,2,130,0.00034385742,1.0967731,2,152,0.0,1.1410984,2,172,0.0032854367,1.0332998,2,200
245,0.0043958733,0.9609771,2,20,0.0,1.0722563,2,40,0.0,1.0188452,2,60,0.007700703,0.9051756,2,81,0.01502389,0.91585344,2,103,0.006385715,0.86174685,2,131,0.010840756,0.80280316,2,151,0.014638501,0.8787075,3,171,0.009537587,0.77849615,0,200
246,0.0,1.037527,2,22
247,0.0,1.0364685,2,21,0.00216022,1.0213838,2,41,0.0037528127,1.0149573,2,67
248,0.003577861,1.0048779,2,21,0.019954113,0.98835665,2,47
249,0.0,1.0305899,2,20,0.0019240687,1.0149747,2,44,5.671382e-06,1.0175025,2,64,0.0,1.003472,2,85,0.0,1.0268829,2,105,0.0006387313,0.93262446,2,126,0.00017680945,1.0819105,2,146,0.025289437,1.0935752,3,166,0.004608615,0.99375826,3,200
250,0.002034997,1.0184348,2,22,0.00605822,1.0142896,2,42,0.013255892,0.9679097,2,63,0.00013510362,1.0191838,2,83,0.0010379794,0.9887842,2,114,0.0007440483,0.9861609,2,134,0.003939936,0.9967889,2,156,0.012601325,0.98071,2,176,0.0066643804,1.0177284,2,200
251,0.0013860657,1.0589521,2,20
252,0.00937171,1.0056775,2,20,0.009521792,1.014849,2,43,0.0029795074,1.0014756,2,83,0.017356522,1.013205,2,110,0.0061623543,0.93248993,2,137,0.0,0.9319148,2,157,0.011148071,0.9008985,3,178,0.010110917,0.8220206,2,200
253,0.0,0.99940175,2,20,0.0045960154,1.0340582,2,53,0.0,0.99511194,2,73,0.0033329695,1.0025948,2,97,0.006396241,0.9810446,2,120,0.0093891835,0.93226016,2,140,0.019959377,0.93119633,2,167,0.0,0.96716744,2,200
254,0.007810096,0.9957153,2,20,0.0108680865,1.0083987,2,42,0.005253129,0.9859102,2,67,0.0036833151,1.0038141,2,97,0.0032553903,0.985597,2,117,0.0,1.0675316,2,137,0.0019921088,1.0162969,0,158,0.011361734,0.99698627,0,179,0.0,1.014526,2,200
255,0.0072951918,0.96062297,2,28,0.016468678,0.9557354,2,48,0.013194489,0.9003137,2,68,0.00079843873,0.9201057,0,89,0.001821673,0.87903094,2,110,0.031089205,0.85026276,2,133,0.00234813,0.828756,2,153,0.028250715,0.8421653,2,173,0.034163587,0.9250377,2,200
256,0.020632707,0.999222,2,41
257,0.0,1.0013653,2,33,0.002438472,1.0296857,2,53,0.00090666895,1.0526944,2,75,0.0069138203,0.9741941,2,97
258,0.0,0.7785092,2,22,0.010964529,1.1348227,2,44,0.004450268,1.0734828,3,64,0.0,0.97747165,0,84,0.00028692198,0.7323842,2,113
259,0.003956551,1.0253512,2,20,0.00021190259,1.0109152,2,53
260,0.0,1.039641,2,20,0.0029484723,1.0233321,2,58
261,0.0,1.0184768,2,23
262,0.011823254,0.9749526,2,20,0.003458352,0.9686392,2,44,0.010150976,0.99892616,2,66,0.002935164,0.9942736,2,94,0.0,0.99658775,2,116,0.0071139643,1.0264164,2,136,0.011726421,0.99562895,2,173
263,0.018060207,1.0330576,2,21,0.016162397,0.97199464,2,43,0.015762437,1.0063194,2,64,0.016705861,0.9179541,2,84,0.007253146,0.9321286,2,105,0.0,0.81237936,2,125,0.027688349,0.9188448,2,145,0.014223275,0.99544895,2,166,0.0,0.9324193,2,200
264,0.0052680164,1.0054622,2,23,0.013651046,0.842126,2,43,0.009155672,0.9545019,2,64,0.0014714433,0.9794757,2,84,0.0005655402,1.0602587,2,104,0.0,0.92062134,2,126,0.0,0.9086504,0,146,0.010213408,0.93500644,2,170,0.013981167,0.95722836,2,200
265,0.007597764,0.7228888,2,20,0.0,0.80401766,0,40,0.0,0.9787202,2,61,0.0,1.2206929,0,81,0.0,1.0300144,3,101,0.0,0.7287933,0,122,0.0,0.7996437,3,142,0.0,0.33562693,3,162,0.25994888,0.4006524,2,186
266,0.00256751,1.014979,2,23,0.0049251937,1.0759969,2,43,0.00048810474,1.0493517,2,64,0.0020911067,1.0372741,2,84,0.006779231,1.0181384,2,106,0.0,1.1313627,0,126,0.007032308,1.0244828,2,149,0.005969955,0.97574717,2,171,0.014209669,0.9392215,2,200
267,0.0056084674,1.0162629,2,30,0.013816002,1.0108982,2,51,0.010563626,1.0271653,2,73,0.004891347,1.0134771,2,93,0.00095386105,1.0132493,2,116,0.0040034084,1.0648797,2,136,0.0025827154,1.0322247,2,157,0.0,1.0477527,0,177,0.004876573,0.9876073,2,200
268,0.006871401,0.98790395,2,40,0.03833312,1.0051364,2,65,0.0,1.0302547,2,93,0.007521121,0.9922578,2,129,0.0054697,0.9780286,2,149,0.006322649,1.0304476,2,175,0.02003401,0.97148824,2,200
269,0.0029121144,0.9336699,2,21,0.005457531,0.93837726,2,42,0.019678714,0.9692745,2,66,0.0,0.98546934,2,86,0.0030853532,0.9419893,2,106,0.0,0.9516956,2,126,0.0,0.9243263,0,146,0.0038097973,0.88244694,2,166,0.0,1.011457,2,200
270,0.0,0.98891526,2,20,0.0071664206,1.0210407,2,40,0.032513414,0.9878314,2,61,0.003194573,1.023118,0,85,0.001937444,1.0163972,2,105,0.0,1.0535201,2,125,0.0,1.0406463,0,146,0.0,1.0929421,2,169,0.0056988574,1.0577585,0,200
