0,0.0,0.96969366,2,20,0.0,0.96927595,2,41,0.010779056,0.9361356,2,61,0.0,0.95404255,2,81,0.00062641955,0.96454394,2,101,0.008468112,0.859972,2,121,0.0,0.7767494,2,141,0.030437896,0.8594575,2,161,0.022638233,0.9099439,2,200
1,0.008534045,0.97081727,2,30,0.010431121,0.93387014,2,54,0.051434595,0.8606728,0,74,0.019857705,0.988439,2,95,0.009157812,0.9548566,2,115,0.015791629,0.9273418,2,135,0.018453963,0.9350149,2,158,0.020980535,0.9455736,2,179,0.05601641,0.88491124,2,200
2,0.034481842,1.0112072,2,21,0.0035258909,0.9804845,2,41,0.014206723,1.0231043,2,78
3,0.013961619,1.0071003,2,32,0.009804072,1.0267284,2,53,0.018591857,0.97702956,2,76,0.0,0.99181354,2,96,0.0034041896,0.97889745,2,116,0.007866547,0.99448204,2,139,0.0070136287,0.9641611,2,159,0.004622524,0.99017435,2,200
4,0.05001803,0.9157669,2,39
5,0.02700781,0.9529982,3,25,0.0,1.0092763,2,47,0.0,0.9030169,2,67,0.0,1.0284888,3,88,0.06631261,0.530007,2,108
6,7.741619e-05,0.9693534,2,24,0.014645427,0.9738034,3,44,0.014125912,0.8506731,2,70,0.04768333,0.839639,2,91,0.0,0.69908345,2,111,0.0,0.81763095,2,131,0.0,0.36637008,2,155,0.038525064,0.22578335,0,175,0.31916347,0.30518493,2,200
7,0.0071699945,0.9625233,2,20,0.0038947198,0.9729812,2,45,0.0027932469,1.0533949,2,67,0.0011180011,1.066119,2,90,0.0,1.0671198,2,113,0.014789634,1.0284208,2,141,0.0055246507,0.9857525,3,163,0.0,0.9926101,2,200
8,0.0040613892,1.0565224,2,23,0.0,1.0484135,2,46
9,0.0022514674,0.6693825,2,26,0.047857907,0.644271,0,46,0.0,1.334656,3,66,0.0,0.99434006,2,86,0.033424478,0.5307229,0,119
10,0.0031101364,1.0101521,2,20,0.0,0.9901072,2,40,0.0,1.0871279,2,65,0.015930207,1.0280172,2,89,0.0080717495,1.1230505,2,111,7.390119e-05,1.0750916,3,131,0.0,1.0430129,2,152,0.0,1.017923,2,172,0.0022776122,0.9864122,2,200
11,0.011047957,0.9769948,2,21,0.0,1.0262681,2,41,0.021750452,0.98314023,2,63,0.0,1.05731,2,88,0.0,1.0450811,2,111,0.003631398,1.0292071,2,131,0.0063662142,0.9811039,2,154,0.0073733465,0.9447762,2,174,0.0062095546,0.890636,3,200
12,0.0010201383,0.9809758,2,38,0.0019491467,1.0078553,2,63,0.0040604267,0.9830492,2,85,0.027069688,0.8937515,2,105,0.011250909,0.94355917,2,126,0.012051841,0.95667255,2,146,0.00484525,1.0147083,2,178,0.0057868455,0.9938683,2,200
13,0.0,0.9703425,2,20,0.021864602,0.95793027,2,40,0.0060275886,1.0095199,2,61,0.028843598,0.8849658,2,82,0.016731909,0.93397367,2,117
14,0.0029545848,1.0029976,2,20,0.005879497,1.0619264,2,42,0.0,1.0504385,2,65,0.0053121066,1.0014797,2,90,0.017630527,1.0318066,2,111,0.010687924,1.0193374,2,135,0.003452399,1.0342613,2,159,0.01233514,1.0754597,2,180,0.0,1.0360147,2,200
15,0.00434104,1.0271211,2,21,0.007851417,0.9437154,2,42,0.008918567,0.9728552,2,62,0.0,0.93939424,2,84,0.0058271894,0.98376095,2,104,0.0059542465,0.9303656,2,129,0.011451699,0.8881232,2,150,0.004677357,0.8304048,2,175,0.025448611,0.8627837,2,200
16,0.0054353727,0.9927877,2,22,0.0020498792,0.9681753,2,44,0.0079055205,0.95575637,2,78
17,0.013299796,0.98797476,2,20,0.010819199,1.0380942,2,40,0.0028697927,1.0439562,2,60,0.0,0.9829661,3,80,0.0,1.0138208,3,104,0.0,0.96447676,2,124,0.0,0.9516259,2,146,0.0,0.9819097,2,171,0.0,0.9513986,2,200
18,0.01442554,0.97035915,2,35,0.028506022,1.0325841,2,57,0.016623426,0.9404989,2,79,0.0,0.90952444,2,99,0.012572152,0.7129199,2,119,0.0656216,0.7652118,2,139,0.027887326,0.9935031,2,162,0.031572323,0.8959238,2,200
19,0.027434368,1.001143,2,22,0.0048400066,1.0271741,2,48,0.004145372,1.044027,2,72
20,0.0,1.0319637,2,22,0.0,1.0189584,2,42,0.00431553,0.9801978,2,82,0.0,1.0020274,2,105,0.00809145,0.993887,2,128,0.0142244585,0.9320169,3,149,0.01678039,0.97101784,2,169,0.02860513,0.9482822,2,200
21,0.0018924895,0.98281693,2,25
22,0.008508396,1.0581496,2,20,0.010830226,1.008699,2,44,0.016116105,1.0202183,2,65,0.0040610596,1.0251851,2,85,0.0,0.99816495,2,107,0.0070168874,0.98026514,2,131,0.004465019,1.0607383,2,151,0.0012280546,1.0003226,2,172,0.0009147652,1.0289413,2,200
23,0.010635103,0.98844117,2,24,0.02055858,0.9266947,2,45,0.01971226,1.0177404,2,70,0.0149686355,0.9983524,2,96,0.0,0.94794846,2,117,0.0374928,0.97271806,3,137,0.01657415,0.8922215,2,167,0.023116458,0.9802021,2,200
24,0.008207285,0.9884906,2,24,0.039487273,0.9410795,2,44,0.025516951,0.9813664,2,68,0.009874422,0.98675513,2,94,0.008663805,1.0059769,2,118,0.00495316,1.0700126,2,138,0.0,1.028561,3,160,0.0,1.0513108,2,200
25,0.0012324989,1.0376016,2,20,0.0,0.95955724,2,40,0.0,0.93387413,2,61,0.0062581683,0.9191808,2,88,0.0,0.97756296,2,111,0.0,1.0295712,2,132,0.0065327026,0.9732249,2,157,0.0713714,0.9339795,2,178,0.019499267,0.90530455,2,200
26,0.05353115,1.0069394,0,21,0.0,1.0557986,2,49
27,0.027995378,0.95367014,2,20,0.014960907,0.9337475,2,49,0.0022467899,0.97744304,2,69,0.009880932,0.9426465,2,94,0.0066966745,0.89129084,2,132
28,0.0021387967,1.0628735,2,24,0.0014915993,1.0189496,2,47,0.01200597,0.97589785,2,71,0.02211434,0.9970007,2,91,0.013489312,0.94445544,2,111,0.042465795,0.905962,2,131,0.0071360385,0.9388671,2,151,0.028837452,0.93451595,2,171,0.10956358,0.9242532,3,200
29,0.0,0.93451476,2,22,0.032364406,1.0054991,3,42,0.0,1.0068194,2,62,0.0,0.99734,2,82,0.00046922444,0.94466,2,102,0.01829973,0.962307,2,122,0.0044696652,0.93662184,2,142,0.026189547,0.93600446,2,162,0.0009808852,1.0224682,2,200
30,0.0050964192,0.95981026,2,23,0.0,1.0023844,2,44,0.027192533,0.9155598,2,66,0.0008342929,0.9818594,2,86,0.02741975,0.95191383,2,106,0.0012387242,1.0155096,2,132,0.014814892,0.8436484,2,153,0.024659544,0.8783224,2,173,0.006366447,0.9311347,2,200
31,0.0024265735,1.0086784,2,20,0.0015312177,1.0270905,2,45,0.03051045,0.9901824,2,65,0.0047870446,0.96595865,2,87,0.0,1.0299295,2,114,0.02761824,0.97689825,0,136,0.00921615,1.03875,2,157,0.018393027,0.99850667,2,200
32,0.015045312,1.0019631,2,24,0.0018947439,1.0727909,2,47,0.0025020824,1.0392222,2,70,0.0,0.98221624,2,92,0.020453123,1.0071682,2,121,0.016872618,0.99529076,2,141,0.0033380017,1.0012151,2,161,0.0003198524,1.0050204,2,200
33,0.011225901,0.9454307,2,22,0.00865223,0.8947741,2,42,0.0,0.8398409,2,62,0.0007157693,0.7948599,2,82,0.0,0.69161755,2,102,0.0,0.78708327,2,122,0.007271523,0.71724224,2,142,0.0,0.53763777,2,175
34,0.011551183,1.0342201,2,20,0.0,1.0104856,2,40,0.013682588,0.99717253,2,67,0.0012900413,0.9990326,2,87,0.008564025,0.99453104,2,109,0.003867878,0.95336586,2,130,0.0053256145,1.0169196,2,152,0.0,0.9737293,3,172,0.008525535,0.9021419,0,200
35,0.04747406,0.9088796,3,20,0.017719774,0.9017097,2,41,0.0,0.70309585,0,61,0.0,0.97062296,2,83,0.0,0.76814973,2,103,0.007038003,0.7911314,2,125,0.0,0.6699059,0,145,0.0,0.34655163,0,165,0.0,0.33428153,0,200
36,0.009370737,0.9033606,2,23,0.014039183,0.88533366,2,43,0.010090283,0.60216457,2,65,0.0,0.6264466,0,85,0.02066493,0.689536,0,105,0.060235083,0.9386883,2,125,0.07352678,0.86827344,2,145,0.005097747,0.8562603,2,181
37,0.00053733535,1.0331075,2,27,0.003017507,1.0017871,2,56,0.0078417575,0.9777688,2,83,0.0,1.0361775,2,107,0.0064698383,1.0638218,2,127,0.0,1.1484468,3,147,0.0,1.0946083,2,168,0.00065734616,1.0248812,2,200
38,0.005106452,0.94967216,2,22,0.016363857,0.9809037,2,48,0.0044348952,0.9265641,2,68,0.023657072,0.96045476,0,88,0.0024692784,0.7213741,0,108,0.017871238,0.77101225,0,128,0.0,0.65339506,2,148,0.0,0.327788,1,175,0.0,0.551099,2,200
39,0.00011044505,0.9733949,2,34,0.0,1.0026454,2,79
40,0.0022656915,1.0503275,2,20,0.0,1.047445,2,47,0.010657904,1.0299178,2,71,0.0066609113,0.99863535,2,104,0.0,1.0300175,2,124,0.012205027,1.0069654,2,144,0.016428385,0.9879302,2,164,0.014663158,0.9896982,2,200
41,0.0,0.99097806,2,22,0.013647026,0.9747885,2,45,0.0071814926,0.91351783,2,65,0.013352376,0.93766224,2,85,0.043463923,0.91749144,2,108,0.035317585,0.89224607,2,131,0.019731637,0.91795,2,152,0.033822186,0.8936059,2,172,0.05188076,0.87151283,2,200
42,0.0015025048,1.0201044,2,40,0.009381111,1.011286,2,60,0.009383608,1.0061507,2,82,0.034048542,0.9725429,2,102,0.015327832,0.9895671,2,122,0.017919406,0.9460212,2,142,0.018510431,0.9602849,2,162,0.013514397,0.9457405,2,200
43,0.0062947087,0.9652541,2,21,0.053807475,0.88789046,0,41,0.011615249,0.9267807,2,61,0.014699866,0.8864406,2,81,0.020137874,0.7845155,2,102,0.0,1.0791796,2,124,0.0118443305,0.9713311,2,144,0.01363892,0.9198923,2,180,0.017776517,0.92866623,2,200
44,0.017283179,1.0029249,2,20,0.007735153,0.97990596,2,41,0.016879318,0.9278858,2,63,0.0064299293,1.010707,2,83,0.0,0.9601906,2,103,0.0,1.0030296,2,123,0.0,0.97781676,2,143,0.000280108,1.0046831,2,163,0.005649772,1.0023129,2,200
45,0.01819075,0.9662763,2,20,0.0,0.98128545,2,40,0.0023011516,0.9263371,2,63,0.026327807,0.93416864,2,83,0.035868775,0.88675785,0,103,0.016881302,0.9643692,2,123,0.00018679984,0.9871501,2,143,0.007270968,0.9670186,0,163,0.05225652,0.90568686,2,200
46,0.0,1.0520588,2,23
47,0.015020666,1.0256195,2,20,0.022213142,0.98526525,2,40,0.0032661278,1.0041424,2,60,0.008141689,0.902261,2,85,0.028886227,0.9809571,2,129
48,0.0050505092,1.0463783,2,28,0.0057235556,1.0528553,2,57
49,0.0,0.9950329,2,30
50,0.0,0.94559014,2,20,0.040871833,0.9270798,2,40,0.02366598,0.93902636,2,63
51,0.026174651,0.98844033,2,22,0.0036605194,0.9525016,2,42,0.0146955475,0.99908626,2,62,0.017970394,0.91505677,2,98
52,0.002762231,0.9564336,2,21,0.015556881,0.9260081,2,41,0.009896568,0.94221276,3,61,0.017358998,0.946401,2,81,0.024406554,0.93704003,2,101,0.0018926369,0.9380199,2,121,0.012757772,0.88042617,2,143,0.02000383,0.9605426,2,175,0.014172491,0.9946545,2,200
53,0.017649077,0.98238677,3,22,0.005450338,0.9890469,2,42,0.0,1.0200863,2,62,0.0,1.0280398,2,82,0.0,0.9347908,2,102,0.0,0.87947047,0,122,0.0023382164,0.69275385,2,144,0.0065501407,0.5986475,2,164,0.029510094,0.36190334,2,200
54,0.008857031,1.0170287,2,21,0.0,0.986522,2,47,0.0043399534,0.973827,2,93,0.0,0.7321814,0,113,0.0,0.52575004,0,133,0.084842525,0.7392232,0,153,0.0056506386,0.93976796,2,174,0.01884497,0.94494635,2,200
55,0.015785646,0.93128806,2,20,0.00021371822,0.9067572,2,41,0.022369612,0.6903189,2,64,0.0069688237,0.9545457,2,84,0.008891075,0.50428164,2,104,0.0,0.45187232,2,129,0.0,0.41793576,2,149,0.026194822,0.5667844,2,169,0.019792845,0.5959608,2,200
56,0.017608732,1.0114161,2,20,0.02216256,0.95884,2,40,0.0060749347,1.0101299,2,64,0.02432134,0.99087805,2,85,0.015584045,0.9686694,2,132,0.026440576,0.9964935,2,152,0.025364375,0.9514571,2,174,0.03388878,0.95209813,2,200
57,0.012381778,0.9677769,2,30,0.017976986,0.9193775,2,58,0.013804031,0.9328051,2,83,0.0042708153,0.9552218,2,103,0.012678234,0.9675412,2,124,0.056340504,0.9371111,2,148,0.03881317,0.93754315,2,170,0.030969921,0.87692946,2,200
58,0.020549057,0.9876505,2,20,0.0033591236,1.0348581,2,40,0.0030457298,0.9758923,2,61,0.0013817145,1.0328681,2,96,0.0045426013,1.0050327,2,116,0.006262106,1.0238582,2,137
59,0.0077599483,0.8920706,2,22,0.004779676,0.8356309,2,43,0.0126563255,0.7252526,2,64,0.0,0.89000845,2,84,0.0,0.6090776,1,104,0.0,0.55681694,2,124,0.0,0.40511003,1,145,0.0,0.45053247,1,168,0.0,0.5204121,1,200
60,0.014477444,0.9281926,2,20,0.0,1.0584828,0,41,0.0,0.9954611,0,61,0.0,0.98331225,2,83,0.0,0.94435036,2,103,0.013963565,0.959782,2,123,0.0043348526,0.9683685,2,146,0.0,1.043633,2,166,0.009446047,0.92820925,2,200
61,0.005128656,0.9993187,2,26,0.033384867,0.9777914,2,46,0.0013922976,0.91031724,2,66,0.015944041,0.8815761,2,92,0.001378837,0.88436,2,112,0.007850662,0.9155302,2,138,0.0,0.9514495,0,159,0.0,0.7359194,0,179,0.00057584647,0.41280988,0,200
62,0.003968368,0.9954468,2,37
63,0.0069635184,0.9825915,2,20,0.004985767,0.9472396,2,46,0.003394232,1.0725173,2,66,0.018039277,0.98172516,2,87,0.0062537217,0.9833189,2,107,0.0018220933,0.97081345,2,127,0.0009907406,1.0045804,2,147,0.013407595,0.9220409,2,171,0.008358853,0.9898796,2,200
64,0.000654153,1.0595965,2,21,0.009265823,0.9795343,2,42,0.00779287,0.9667419,2,63
65,0.0074746744,0.9653405,2,20,0.007564815,0.9099776,2,40,0.02257923,0.75091916,2,62,0.0,0.82976544,2,83,0.0054547363,0.78722334,2,110,0.012817346,0.9839743,2,131,0.14754084,0.7868764,2,151,0.066553995,0.7399739,0,172,0.11737571,0.6315643,2,200
66,0.003767367,0.94939345,2,20,0.0063342834,0.9658266,2,41,0.005450134,0.96986175,2,63,0.005243112,0.86154884,2,87,0.0,0.9214002,3,107,0.03601954,0.8575175,2,129,0.00029089046,0.9169345,2,153,0.0,0.9203984,2,174,0.005777604,0.9490589,2,200
67,0.0019903404,1.0551401,2,28,0.02400336,1.0353091,2,48,0.010814059,1.0326762,2,68,0.00507421,1.02093,2,91,0.008289722,1.0182477,2,111,0.014221612,0.97975016,2,140,0.0,1.008446,2,160,0.0,1.031273,2,180,0.004924342,0.9771975,2,200
68,0.008068533,1.0172743,2,20,0.0017077146,0.90450436,2,55,0.0,0.861075,2,76,0.003169994,0.912272,2,96,0.022271408,0.82251865,0,116,0.021740047,0.89892495,2,146,0.0076531633,0.9934923,2,169,0.011142309,0.8869029,2,200
69,0.005514748,1.0207115,2,21,0.0040076254,1.016475,2,44,0.016368551,0.9434919,2,65,0.011458174,0.9916056,2,85,0.016677432,0.91887474,2,109,0.0036853005,0.92421645,2,129,0.010593748,0.926387,2,149,0.0,0.91062814,0,171,0.002458476,1.0015267,2,200
70,0.0018057898,1.0083327,2,20,0.04193209,0.9518402,2,40,0.002461532,0.9456703,2,63,0.006921842,0.985145,2,85,0.009581337,0.973949,2,115,0.010179162,0.9753917,2,136,0.008522043,0.9125698,2,163,0.006815477,0.96500736,2,200
71,0.00192999,0.9775661,2,23,0.0059452504,1.0455996,2,43,0.007635193,1.0587186,2,68,4.085321e-05,1.0119025,2,88,0.0029846416,0.9609242,2,111,0.0,0.926654,2,132,0.00031273457,0.89815885,2,153,0.011550926,0.8793383,2,174,0.06445375,0.8340159,2,200
72,0.0046632513,1.0256712,2,20,0.015502438,0.9871141,2,40,0.013499768,0.9840825,2,60,0.0051840656,1.0090253,2,80,0.011927931,1.0325333,2,101,0.0070928824,0.9963802,2,133,0.01190598,0.9838647,2,155,0.01318606,0.94726926,2,175,0.010656186,1.0159364,2,200
73,0.0061435183,0.9736722,2,23,0.0029040072,0.8778731,2,43,0.0,1.0000706,3,63,0.011932211,0.9425802,3,91
74,0.00963091,0.8740946,2,23,0.018167315,0.9212681,2,44,0.018319733,0.7562309,2,64,0.031892065,0.60237473,0,85,0.017622946,0.7690832,0,108
75,0.0017760847,1.0201244,2,20,0.01408843,1.0010637,2,50,0.0044076354,0.99598217,2,83,0.029086763,0.9208179,2,115,0.019483382,0.9658905,2,136,0.007975145,0.9574722,2,158,0.019508073,0.9645405,2,178,0.0,0.96839213,2,200
76,0.0,1.0655789,2,29,0.0,0.99248487,2,52,0.0032504885,1.0057459,2,74,0.016589027,0.9897243,2,94,0.020094074,0.9486826,2,115,0.007357272,1.0005496,2,135,0.002715,0.9942535,2,157,0.009964173,1.0351471,2,177,0.0,0.99725527,2,200
77,0.001842735,1.0461214,2,28
78,0.009723017,0.9864719,2,21,0.034939516,0.9477894,2,41,0.013454397,0.9377443,0,61,0.022437999,0.8991797,2,95
79,0.00081916404,1.0038974,2,30
80,0.0019003253,1.0115916,2,20,0.015521067,0.9965485,2,40,0.0019482537,0.9135602,2,67,0.016555067,0.9732083,2,88
81,0.0,1.0319808,2,32
82,0.006998441,0.9858028,2,40,0.011148888,0.96364176,2,60,0.0,0.9672311,2,80,0.0,0.9444598,3,100,0.0,0.986596,2,120,0.026200924,0.9508621,2,140,0.0048753177,0.98411965,2,162,0.010513131,0.9439116,2,200
83,0.004571834,0.9858041,2,20,0.0063861185,0.9818796,2,40,0.0,1.0139372,2,61,0.00565373,1.0352092,2,81,0.008646863,0.9810924,2,107,0.0027036117,0.6745599,2,134
84,0.017796708,1.015829,2,21,0.027341606,0.98802894,2,64
85,0.0,0.8343207,2,20,0.043920774,0.6536898,2,40,0.0137749035,0.8128893,2,60,0.0156086385,0.96658075,2,80,0.0,0.6967741,2,100,0.025659874,0.25828812,0,132
86,0.0014407568,0.96624446,2,21,0.024549104,0.98479027,2,42,0.039850138,1.0785182,2,62,0.0039624525,0.8964761,2,83
87,0.00042659286,1.0176946,2,20
88,0.005749855,1.0414246,2,20,0.0038828247,1.0227093,2,40,0.0043271417,1.0570955,3,61,0.0051698624,0.97858477,2,81
89,0.009041658,0.998261,2,20,0.0,0.9647253,2,40,0.0,0.9690446,2,66,0.0,0.9796201,2,86,0.0,0.9358587,2,106,0.01662748,0.98422825,2,126,0.036786515,0.94306576,2,147,0.01563092,0.93483925,2,167,0.025310539,0.9432996,2,200
90,0.0029267222,0.9902834,2,31,0.005563931,0.9880858,2,62,0.015923128,0.9227154,2,89,0.0012102262,0.9341182,2,114,0.0244516,0.88887405,2,134,0.011690536,0.9601008,2,155,0.0,0.98512346,2,175,0.0,1.026836,2,197
91,0.0,0.99743783,2,30,0.01217289,0.9759038,2,54,0.0063817366,0.9924402,2,76,0.0004717683,0.9377934,2,97,0.024946216,0.9005315,2,117,0.0013263667,0.9346208,2,140,0.0,1.0411681,2,160,0.0,1.1037197,2,180,0.0033674855,0.9567157,2,200
92,0.011365317,1.0096668,2,34
93,0.0,0.9904369,3,21,0.011046919,0.9291857,2,44,0.0,0.8883406,2,64,0.0,0.90493363,2,88,0.0,0.9343091,2,114,0.0,0.94496423,2,134,0.0,1.0263281,2,155,0.0,0.8451904,2,175,0.020552479,0.6784964,2,200
94,0.0,0.93633187,2,20,0.0,0.8782197,2,40,0.0,0.7849601,2,61,0.0,0.7089388,2,81,0.0,0.6056302,2,102,0.0,0.73861676,2,123,0.0,0.79485524,2,143,0.0,0.7562063,1,164,0.0051823487,0.5832632,1,200
95,0.0038437473,0.98358035,2,25,0.009848641,0.9950631,2,45,0.030090872,1.0251484,2,66,0.002421606,1.0309236,2,103,0.011659013,1.014148,2,126,0.0058644195,0.9927831,2,147,0.00868994,1.056002,2,169,0.015634973,1.0748364,2,200
96,0.0,1.0325296,2,23,0.010514369,0.9500864,2,44,0.025433552,0.94994164,2,64,0.014947842,0.96167296,2,84,0.0091210175,0.8941315,2,104,0.0024170037,0.9401494,2,124,0.026963541,0.94937277,2,144,0.009157069,0.8743792,2,165,0.022538666,0.93095094,2,200
97,0.0,1.0262117,2,21,0.010571106,1.058483,2,44,0.00550684,1.0060989,2,91,0.00074255536,1.0132338,2,118,0.019756507,1.005906,2,138,0.00025542415,0.9886552,2,158,0.018348763,0.98120207,2,200
98,0.020545227,1.0348215,2,22,0.00078788586,1.0259651,2,59,0.0013495379,1.0404642,2,79,0.019103343,0.97762907,2,102,0.027095301,1.0318016,2,124,0.007942872,0.99655724,2,145,0.0007124588,1.0524814,2,175,0.010584934,1.0100598,2,200
99,0.0,1.0438354,2,28
100,0.021888718,0.93150425,2,20,0.01670903,0.96927917,2,40,0.029519409,0.921607,2,60,0.01239141,0.98143494,2,80,0.003900611,1.0109271,2,100,0.0038075922,1.0167894,2,121,0.004655989,0.97490335,2,157
101,0.03331673,0.93686587,2,23
102,0.01530648,0.9129027,2,21,0.009269555,0.94369364,2,42,0.0069948025,0.87470084,2,63,0.04022477,0.89664125,2,83,0.017359454,0.80940604,0,108,0.07941577,0.7871074,2,137
103,0.0,1.0079608,2,20,0.008252731,1.0203658,2,40,0.0021892525,0.9766339,2,72,0.0024545123,0.9825812,2,96,0.026302446,0.9488702,2,117,0.0,1.0380408,3,137,0.0091693755,1.0443766,2,157,0.012994366,0.9775826,2,178,0.013111796,0.8309288,2,200
104,0.011626292,0.9827529,2,21,0.0018441223,0.9588667,2,41,0.006430404,1.0057989,2,62,0.001969431,1.008308,2,82,0.004477939,0.93081796,2,102,0.043154143,0.95323277,2,122,0.0076683,1.0297488,2,145,0.0,1.002506,2,165,0.004672541,1.0380899,2,200
105,0.0,1.0205982,2,20,0.029046962,1.0218006,2,40,0.0016954639,0.9851018,2,72
106,0.0034535965,1.0375879,2,32,0.0012402604,1.0484138,2,64
107,0.015663214,1.0307974,2,20,0.0,0.9854764,2,45,0.0007648897,1.0270201,2,78,0.021263564,0.9621357,2,98,0.0043809824,0.9728565,2,119,0.0018446121,0.9786592,2,140,0.020085929,0.99003834,2,164,0.0029610507,1.0383466,2,200
108,0.019915078,0.988846,2,23,0.0,1.0004014,2,43,0.0,0.9737717,2,64,0.0019264094,0.8350476,2,84,0.0,0.8593318,0,105,0.0,0.7629509,2,131,0.013394193,0.704696,2,152,0.005481083,0.77435607,2,172,0.0,0.735297,1,200
109,0.0,1.0227009,2,20,0.0007974927,1.0025828,2,41
110,0.008872686,0.9867102,2,20,0.009350644,0.98156524,2,44
111,0.0010694455,0.9968239,2,21,0.03697457,0.9639858,2,41,0.009478079,0.991145,2,61,0.0,1.0196404,2,85,0.018081946,1.0082655,2,107,0.007681175,1.015576,2,128,0.007889068,0.9976389,2,151,0.001501083,1.0386707,2,173,0.007574707,1.0925201,0,200
112,0.0,0.97620994,2,24
113,0.010979214,1.0268421,2,35
114,0.0,0.94068044,2,22,0.012301823,0.9639968,2,45,0.02359187,0.9729997,2,65,0.0066488674,0.9281247,2,86,0.0,0.93101656,2,107,0.013513928,0.9119878,2,130,0.0,0.94948035,2,150,0.014733911,0.82590544,2,172,0.028247153,0.92078143,2,200
115,0.009688786,0.97468114,2,36
116,0.010247894,0.9680406,2,21,0.020759013,1.0086589,2,42,0.002264525,1.031337,2,62,0.0,1.0832101,3,82,0.013313365,1.1082668,3,104,0.0,1.0599489,2,127,0.007997194,1.0350937,0,151,0.0025554416,1.0381896,2,172,0.0,1.0509512,2,200
117,0.000674123,0.9840845,2,25,0.0,0.9020463,2,45,0.013456427,0.8254119,2,66,0.01575474,0.8908415,2,88,0.004435167,0.9288009,2,108,0.030508602,1.0207705,3,130,0.015061216,0.8815182,2,153,0.02794037,0.9251492,2,175,0.05058551,0.91929555,2,200
118,0.0,1.0166506,2,21,0.019952808,0.9360944,2,41,0.0057611545,0.97637403,2,61,0.0034066075,0.9971403,2,86,0.00014481499,1.035436,2,107,0.0,0.9335645,2,127,0.0,0.9054621,2,147
119,0.0125290565,0.96323735,2,29,0.0035422607,0.89136773,2,49,0.03371622,0.92306346,2,69,0.020530028,0.9312933,2,90,0.0039149933,0.95836717,2,110,0.0017975119,0.96313196,2,131,0.0,0.77558625,2,151,0.0068103834,0.78910905,2,173,0.02421343,0.7825789,2,200
120,0.0,1.0567851,2,44
121,0.09376419,0.84741735,2,38
122,0.005739048,0.96444577,2,39
123,0.0,1.0107353,2,20,0.0004623848,1.001426,2,40,0.013784421,1.0210744,2,60,0.02297688,0.97028303,2,80,0.0034904599,1.0306901,2,100,0.0013630366,1.0300227,2,124,0.0,1.0484048,2,147,0.021457037,1.0493623,2,168,0.0021224036,1.0096685,2,200
124,0.021391217,0.72873634,2,20,0.0,0.82691,2,40,0.0,0.4407388,2,62,0.0,0.66352725,0,83,0.007805243,0.84328794,2,103,0.13219109,0.33884022,0,123,0.0,0.49498874,2,149,0.0,0.62370634,0,170,0.083825946,0.35896423,2,200
125,0.001652649,0.9947307,2,25,0.0018795037,1.0149252,2,46,0.004954384,1.0292299,2,66,0.0013308305,1.0411618,2,86,0.00025408482,1.0447041,2,110,0.0213484,1.0239415,2,130,0.014443556,0.9896139,2,150,0.008848311,1.0009813,2,171,0.014861735,0.9313475,2,200
126,0.002392115,0.9534975,2,20,0.0041859695,0.9915935,2,40,0.0,0.9258982,2,60,0.009039687,0.89877665,2,80,0.0,0.95327777,2,102,0.0093525555,0.9358292,2,124,0.020815907,0.95071477,2,148,0.029078139,0.94348377,2,170,0.009363781,0.99819005,2,200
127,0.0032637643,1.0104405,2,22,0.0,1.0565642,2,45,0.007149114,1.0703621,2,80,0.002639315,1.0059425,2,102,0.0,0.9876784,2,128,0.0015343189,0.9963128,2,148,0.02424322,0.8042716,2,168,0.026975073,0.75190103,0,200
128,0.0,1.015236,2,23,0.00060475816,1.0688528,2,56,0.010200786,1.0107081,2,79,0.0020177665,1.0420221,2,106,0.0076169646,0.9962676,2,127,0.0045910515,1.0312921,2,147,0.01968102,0.9721574,2,169,0.013154189,1.0064622,2,200
129,0.005296427,0.93317425,0,21,0.0009390725,0.91547376,2,43,0.00075883255,0.9581866,2,67,9.307331e-05,0.87833786,2,87,0.0,1.0048704,2,110,0.0,0.83437616,0,130,0.011462237,0.79009455,0,154,0.09061606,0.617357,2,174,0.024100887,0.5330447,0,200
130,0.019197458,0.95494753,2,23,0.00048076658,0.93682617,2,45,0.024550986,0.83134043,3,65,0.0047855326,0.77022636,2,86,0.0,0.8221289,2,106,0.008693403,0.87682647,2,128,0.0,0.6363087,1,150,0.0,0.46256453,1,171,0.0003465075,0.47228438,1,200
131,0.01764571,0.97299117,2,20,0.0044652238,0.9889908,3,40,0.015979838,1.0315137,2,60,0.008638309,0.96827376,2,93
132,0.0020115653,1.0621701,2,22
133,0.0,1.0359195,2,25,0.0,1.0552441,2,46,0.019005576,1.0089004,2,67,0.033919897,0.948741,2,93,0.0029689972,0.9654771,3,113,0.008430876,0.93519324,2,133,0.0,0.81139976,2,154,0.0,0.7198484,1,174,0.021708475,0.57232624,1,200
134,0.008261232,0.99437875,2,33,0.011612099,1.0326033,2,54,0.006008118,1.0243461,2,88,0.001744095,1.0207453,2,109,0.014208573,0.9757538,2,132,0.0072384235,1.0065311,2,154,0.021608192,0.9880898,2,180,0.008436887,0.99775076,2,200
135,0.0,0.95786995,2,21,0.015607397,0.9618342,2,53
136,0.0,0.9476589,2,20,0.012068952,0.9710372,2,40,0.0042683156,0.96745455,2,61,0.0012690882,0.9295701,2,81,0.0047252206,0.9665208,2,101,0.0,0.9267456,2,121,0.0,0.84666383,2,141
137,0.01496696,0.99119884,2,21,0.006980134,1.02591,2,46,0.002736153,1.1380577,2,71,0.017596744,0.93871635,2,92,0.009807623,0.9373339,2,112,0.004678034,0.9384451,2,134,0.0,0.90696335,2,154,0.0019659018,0.91125995,2,200
138,0.004984938,0.9682187,2,21
139,0.015681416,1.0329245,2,24,0.061369397,0.93658817,2,44,0.010723166,0.99558216,2,67,0.06859841,0.88490087,2,89,0.0020197146,0.9191432,2,109,0.016093235,0.8669586,2,129,0.0090338215,0.8404498,2,163
140,0.0008494456,1.0069417,2,31,0.017306957,0.981487,2,52,0.005140907,0.99358743,2,77,0.0038545488,0.99571145,2,100,0.0,1.044065,2,133,0.0,0.9303624,2,153,0.00962904,1.0168202,2,200
141,0.021767903,0.9886466,2,21,0.021179546,0.91467685,2,41,0.027810525,1.0114704,2,61,0.008965257,0.80877435,0,81,0.0116812615,0.9874568,3,106,0.02957667,0.88988173,2,126,0.0024677287,0.90742695,2,147,0.012744528,0.97875905,2,200
142,0.0,0.9979462,2,22,0.0,1.0334734,2,43,0.0,0.97747624,2,64,0.0,1.0634973,2,87,0.0074019567,0.94743794,2,107,0.00027564302,1.0501442,2,132,0.0,0.99965006,2,154,0.0,0.96815264,2,177,0.0016925662,0.9443216,2,200
143,0.0020290574,0.97094256,2,21,0.007818123,1.0954101,2,49,0.0,1.0443286,2,74,0.0,1.0121369,2,96,0.0022856493,1.0127321,2,116,0.0040946784,0.9843701,2,139,0.012732536,0.8848768,0,163
144,0.0055777566,0.9559784,2,22,0.041755125,0.7196653,2,48,0.0,0.8849661,2,68,0.0011382382,0.96779406,2,89,0.0,0.854946,2,109,0.0,0.8519358,0,131,0.0,0.95008457,2,151,0.0,0.9878162,0,171,0.049460992,0.78741676,2,197
145,0.0,0.9683729,2,22,0.004779233,0.9702535,2,44,0.0,1.0467432,2,64,0.031996682,0.9635251,3,84,0.0,0.94567186,2,109,0.03771194,0.89916265,2,129,0.011731339,0.8755146,2,151,0.06665281,0.8622599,2,172,0.07019283,0.96461093,2,200
146,0.008596662,0.9930626,2,20,0.0,0.899265,2,40,0.01575986,0.96823156,2,60,0.017730776,0.8916176,2,83,0.016318308,0.96016675,2,104,0.0,0.942568,2,124,0.0034307702,0.87642825,2,145
147,0.0019802507,0.97541827,2,22,0.014311594,0.99288017,2,42,0.0,0.9342869,2,62,0.011215927,0.80653924,2,82,0.0059031537,0.76901937,2,102,0.0,0.8367052,2,122,0.0,1.0672816,2,143,0.038739063,0.9628548,2,165,0.007670006,0.9595909,2,200
148,0.00079554005,0.9746839,2,20,0.011534515,0.9446045,2,41,0.006242071,0.98849446,2,63,0.032534707,0.7605322,0,83,0.06247441,0.6856091,2,104,0.0532987,0.5397772,2,124,0.07095228,0.5176312,2,144,0.24032164,0.4219109,2,165,0.051168393,0.44420347,2,200
149,0.0039600017,1.0394868,2,22,0.003910853,1.0183237,2,42,0.012531189,0.9687682,2,63,0.003357344,1.0456158,2,83,0.0,0.9701823,2,110,0.031353023,0.947424,2,132,0.007928692,0.9622508,2,152,0.022930047,0.95443153,2,176,0.027970495,0.9529485,2,200
150,0.028890524,0.96614885,2,20,0.0077347085,0.97958434,2,48,0.008499624,0.94114894,2,68,0.0,1.0030828,2,88,0.00032970947,0.90336484,2,112,0.0,0.92393386,2,132,0.019397048,0.9262798,2,153,0.008142936,0.9698173,2,176,0.019233467,0.82617754,0,200
151,0.00057715585,0.9962671,2,23,0.016600171,1.057772,2,44,0.0142068695,1.0752885,2,65,0.005206056,1.0102884,2,87,0.0033248707,0.9843432,2,117,0.0,1.0945085,2,138,0.0,1.1433214,2,159,0.0,1.1229727,2,179,0.0,1.0928061,2,200
152,0.0,0.85934293,3,20,0.02803358,0.794847,2,40,0.02194447,0.5538909,2,63,0.004527779,0.4807818,2,83,0.03458478,0.38213614,2,118
153,0.014149936,1.0296524,2,28
154,0.0004837104,1.0427109,2,20,0.010293549,0.97964007,2,41,0.00949665,0.9456271,2,61,0.026718426,0.9271509,2,81,0.038564213,0.94077694,2,101,0.033047397,0.98199356,2,122,0.002279153,0.9557103,2,147,0.014195712,0.9480394,2,167,0.013968121,0.9494757,2,200
155,0.011589748,1.046245,2,20,0.0009838134,0.98357373,2,40,0.029071249,0.935425,2,61,0.013817069,0.9533901,2,84,0.011823409,0.94371235,2,105,0.00044602872,0.9601706,2,125,0.01323115,0.95424104,2,147,0.003084281,0.92717886,2,167,0.008261305,0.942525,2,200
156,0.003832483,1.0125841,2,25,0.011928301,0.9767793,2,45,0.007923347,0.98219264,2,65,0.002170205,1.0034968,2,85,0.016272344,0.9710777,2,107,0.0033771018,1.002567,2,139,0.00608464,0.94540083,2,164,0.010159352,0.97537476,2,200
157,0.0061267978,1.023951,2,20,0.0034195615,1.0392827,2,46,0.005018836,1.0410883,2,66,0.016798068,1.0079627,2,86,0.01324173,1.0359198,2,111,0.0,1.0763482,2,133,0.0,1.0130249,2,157,0.0,1.0585396,2,178,0.006585051,1.0201484,2,200
158,0.010445803,0.97263193,2,24,0.0027625056,1.0708998,0,48,0.0,1.0251986,2,68,0.009221265,1.0365711,2,88,0.0043870816,0.9778733,2,125,0.016239287,0.9091242,2,160,0.0,1.0024812,2,200
159,0.0064762556,0.9739408,2,24,0.012077227,0.9232439,2,44,0.0006556567,0.98656493,2,64,0.009566963,1.015853,2,86,0.0,1.1467706,2,106,0.0,1.1642697,3,126,0.0,1.0352181,2,148,0.0,1.099997,2,168,0.00017530832,1.023505,2,200
160,0.0,1.0121682,2,20
161,0.0030723363,0.9952499,2,20,0.0,1.0815176,2,55,0.0022100003,1.0335835,2,96,0.0101934215,1.0684109,2,116,0.00059703656,0.9961982,2,136,0.0,1.0458276,2,156,0.010346769,1.051007,2,176,0.0066116345,1.0234969,2,200
162,0.01094094,1.0158312,2,23,0.009664838,1.0442468,2,44,0.013913912,0.93496686,2,64,0.0095907375,1.0186033,2,85,0.016444173,0.9424918,2,105,0.0065175593,1.0039161,2,125,0.002413257,1.0038277,2,145,0.0062263263,0.98306704,2,165,0.011364535,0.99835706,2,200
163,0.0,1.0150853,2,23,0.0153919235,0.97082156,2,44,0.0037107307,0.93494153,2,68,0.012767563,0.85036075,0,88,0.0,0.95589316,3,108,0.029532481,0.8435685,2,128,0.015226586,0.93169725,2,148,0.052771643,0.9226095,2,169,0.0025660868,0.917293,2,200
164,0.0207967,1.0040663,2,22,0.005663422,1.0486479,2,45,0.0033754362,1.0271534,2,76,0.002411708,1.0306224,2,106,0.015238738,1.0416304,0,126,0.0002764551,1.0103947,2,146,0.0,1.0361967,2,170,0.0,0.98551625,2,200
165,0.009498028,0.9210666,2,20,0.026602933,0.94951,2,40,0.044060912,1.0295035,2,61,0.035492197,0.90375054,2,81,0.026781807,0.95288885,2,101,0.0021181847,0.8914835,2,121,0.0,0.96104205,2,141,0.034814887,0.99423885,2,161,0.029595532,0.9315778,2,200
166,0.0,0.98109466,2,20,0.0073404983,1.0390403,2,40,2.0520422e-06,1.0648195,2,62,0.020269925,1.0471408,2,91,0.0067975954,1.042315,0,114
167,0.00433337,1.0044826,3,21,0.01244904,1.0380826,2,43,0.010895795,0.98485637,2,64,0.0010718287,0.9980848,2,111,0.009667088,1.0285329,2,140,0.0014978758,1.0095583,2,162,0.0128371455,1.0095278,2,200
168,0.012874304,0.990832,2,22,0.0,0.9591722,2,43,0.00060926145,0.9892866,2,64,0.0,0.970167,2,84,0.0,0.96736944,2,105,0.0059693106,0.85982734,2,125,0.00876862,0.86467165,2,147,0.0,1.1281488,2,168,0.00040039222,0.9850638,2,200
169,0.021639021,0.81721115,0,20,0.024275826,0.9365513,2,42,0.03399177,0.7779864,2,63,0.0,0.8743049,2,83,0.0130377235,0.9220358,2,103,0.0,0.944969,3,124
170,0.015421962,0.9769806,2,22,0.009274682,0.9481734,2,43,0.0004703205,1.0046287,2,69,0.0029696706,1.0238628,2,108,0.007746482,1.0186065,2,128,0.019659238,0.9700246,2,152,0.0,0.96798736,2,172,0.0065347673,0.9137791,2,200
171,0.0045072287,1.0022849,2,20,0.0141365845,0.9558328,2,41,0.010547375,0.88199615,2,61,0.032055374,0.9141819,2,85,0.0003042628,0.96155167,2,105,0.0029273469,1.0686628,2,133,0.003156483,1.0825472,2,157,0.0,0.96379936,2,178,0.05948596,0.87134457,2,200
172,0.011083195,0.90860844,2,20,0.003308229,0.9358305,2,43,0.0,0.86463815,0,65,0.0,0.7131221,2,87,0.0035981492,0.8673037,2,107,0.0,0.9428239,2,127,0.0072259717,0.9837275,2,172
173,0.005132373,0.96866083,2,29,0.0,0.9835747,2,51,0.0018949863,0.98506445,2,84,0.006046701,0.913224,2,105,0.04843741,0.9252017,2,125,0.0075229835,0.97715944,2,148,0.020383487,0.88727295,2,169,0.009194187,0.88016886,2,200
174,0.0,1.0176967,2,20,0.0,0.9631535,2,42,0.09131581,0.8241936,2,76
175,0.0063256226,0.99072635,2,20,0.0,1.0199213,3,45
176,0.0023620068,1.0153904,2,21,0.0013422667,1.0278503,2,44,0.019271942,1.0101191,2,72,0.004088997,0.9925321,2,108,0.004037429,1.0162123,2,134,0.016252825,0.986452,2,154,0.005177242,0.98516935,2,175,0.009829144,0.9934557,2,200
177,0.0003290033,1.0335313,2,24,0.0069098435,1.059796,2,44,0.0074120555,1.0380632,2,66,0.021789923,1.0104898,2,90,0.0027256038,1.0562911,2,117,0.005421535,1.0142691,2,137,0.012454558,1.0656018,2,158,0.00433808,0.9896098,2,179,0.0,1.0550898,2,200
178,0.016954357,1.0048996,2,20,0.0,0.9425115,2,44,0.0528194,0.87938374,3,64,0.017845206,0.8669392,2,86,0.024776291,0.8013376,2,106,0.0972162,0.87350404,2,126
179,0.014337178,1.0222086,2,27,0.0074420474,1.0269353,2,47,0.008434834,1.0162191,2,67,0.0007129366,1.0034758,2,88,0.0,1.0121396,2,115,0.0075625656,0.99744207,2,135,0.009138109,0.98153937,2,155,0.017379185,0.9367212,2,200
180,0.003764004,1.0341896,2,34
181,0.02009947,0.94533104,2,21,0.024207901,0.8903214,2,41,0.0,0.9160107,2,61,0.0,0.89231545,2,83,0.0,0.91604966,2,103,0.005958218,0.850882,2,126,0.0,0.8823157,2,151,0.0,0.9310833,2,173,0.0,0.9207305,2,200
182,0.008101559,1.0154555,2,20,0.0,0.9572045,2,44,0.028928544,0.9138306,2,64,0.018207934,0.897696,2,84,0.007503475,0.95788515,3,104,0.04581564,0.94798565,2,124,0.008242546,0.9841304,2,144,0.002920394,0.9092891,2,165,0.03328953,0.93538904,2,200
183,0.030732235,0.8384501,2,20,0.020006498,0.7783316,2,40,0.021453729,0.78719807,2,60,0.0,0.8863671,0,81,0.0048422157,0.89613307,2,101,0.0,1.0169233,0,123,0.0,0.6107165,0,143,0.0,0.14566717,0,163,0.06270531,0.48332816,0,200
184,0.0092600295,0.9574674,2,23,0.048758358,0.90405494,2,44,0.011719101,0.92716223,2,66,0.0,0.8431736,2,89,0.0,0.5368325,0,109,0.029852133,0.521662,2,131,0.0,0.7272474,2,151,0.0068459786,0.9323972,0,172,0.024060229,0.7135506,2,200
185,0.005153305,1.023772,2,20,0.002608494,1.0038851,2,65,0.0,0.9875008,2,85,0.0069143074,1.0351881,2,108,0.008831927,1.0071616,2,132,0.002553558,0.98460895,2,152,0.004917871,0.9631162,2,173,0.0016948617,1.0034543,2,200
186,0.0022101803,1.0118225,2,23,0.038087964,0.8526085,2,43,0.0,0.9668071,2,70
187,0.00632636,0.82792884,2,21,0.0,0.7048749,2,41,0.026879601,0.77795887,2,63,0.033418447,1.1301837,0,84,0.0,0.70452064,2,104,0.0,0.4570567,0,126,0.0,0.49098942,2,147,0.014093846,0.31779447,2,168,0.040475965,0.49184534,2,199
188,0.030249726,1.0124698,2,20,0.0139525,1.0187688,2,42
189,0.001159722,0.9951622,2,23,0.0031302553,0.9679277,2,48,0.024671212,1.0317726,2,72,0.0,0.8597769,2,93,0.0,0.7651176,2,115,0.0,0.7632223,0,136,0.0,0.72349375,2,158,0.0,0.91917264,2,178,0.0,0.76219743,2,200
190,0.004786277,1.0016562,2,21,0.0005918896,1.0001569,2,42,0.01095287,1.0953447,2,62,0.0052154376,0.9419151,2,84,0.02720117,0.97407347,2,114,0.00079540577,0.9861397,2,140,0.0052641374,0.94299626,2,161,0.05227452,0.86469376,2,200
191,0.0,1.051145,2,20,0.009637474,1.0287727,2,42,0.009193395,1.0340923,2,62,0.007995463,1.027924,2,90,0.00048752522,1.0431364,2,114,0.0036812858,1.0473256,2,134,0.010201342,0.99875563,2,154,0.007212682,1.1017576,2,178,0.015220631,1.0287756,2,200
192,0.01125331,1.0223209,2,20,0.025088025,0.9864909,2,43,0.0011286491,1.0028574,2,72,0.002197828,1.0164342,0,93,0.0,1.0287081,2,113,0.004340685,1.0353373,2,133,0.034561023,1.0486802,2,155,0.014759695,1.0206482,2,177,0.0017992423,1.0687181,2,200
193,0.0,1.0303167,2,20,0.008540846,0.9988009,2,45,0.004329906,1.0107679,2,66,0.007791877,1.0012356,2,92,0.013080939,1.0278041,2,115,0.00014129771,1.0641843,2,137,0.013482605,0.9688239,2,161,0.006457133,0.9707402,2,200
194,0.014517869,1.0221765,2,24,0.0149346795,0.9759383,2,44,0.0014701182,0.96549636,2,64,0.010169609,0.94837785,2,86,0.0,0.9630686,2,117,0.0066319904,0.9918917,2,141,0.03619844,0.8994811,2,166,0.018852346,0.9166605,2,200
195,0.0,0.9527331,2,21,0.0,0.88075477,2,41,0.009372808,0.8432188,2,61,0.0040315553,0.6933824,2,81,0.0060235444,0.78531724,2,105,0.0072621377,0.8578938,2,125,0.0,0.9066768,2,147,0.010839947,0.7156883,2,168,0.017790625,0.81561184,2,200
196,0.007757952,0.9773267,2,23,0.0,1.0009286,2,45,0.0057980856,0.962824,2,65,0.012464092,0.93577737,2,92,0.022980198,0.9113863,2,116,0.020201376,0.8693525,0,136,0.024604015,0.7714481,2,156,0.0,0.4931446,1,176,0.01703312,0.69087046,2,200
197,0.00989388,1.0210683,2,20,0.0019784688,1.0297102,2,42,0.010568121,1.0095309,2,62,0.012997134,1.0095092,2,82,0.007474111,1.0489105,2,102,0.0,1.0240412,2,122,0.0,1.0657699,2,142,0.0028310316,1.0440433,2,163,0.005985683,0.9996606,2,200
198,0.00069399044,0.9586581,2,20,0.010280283,0.9813822,2,40,0.018822877,0.9543638,2,62,0.0,0.9636876,3,82,0.028051829,0.951184,3,102,0.0,0.99213946,2,125,0.0,1.0088729,2,145,0.0,1.024207,2,172,0.0,1.0327443,2,200
199,0.0,0.9994361,2,21,0.00018347906,1.0587046,2,42,0.0,1.039619,2,77,0.009007922,1.00217,2,113
200,0.00076750835,0.9990773,2,25,0.002476214,0.95615596,2,47,0.027877782,0.96224535,2,67,0.0131298,0.9968484,2,90,0.019956648,0.92103565,2,110,0.022568945,0.8899118,2,137,0.0012130812,0.9940828,2,157,0.001009355,0.9951644,2,178,0.003683141,0.94575465,2,200
201,0.026642997,0.9393075,2,20,0.016200703,1.0199405,2,40,0.011008434,1.0219476,2,60,0.0,0.989777,2,89,0.015910413,1.0357164,2,110,0.024252515,0.9772271,2,133,0.0,0.99720246,2,155,0.009634508,0.94966596,2,176,0.0015050549,1.0346032,2,200
202,0.011645168,0.95051557,2,21,0.014091059,0.94754994,2,59,0.039448492,0.8673595,2,79,0.0,0.9812053,2,99,0.01620469,0.9353528,2,119,0.0054809423,0.98492366,3,139,0.012199047,0.75714743,2,175
203,0.0065202285,1.0096961,2,24
204,8.837885e-05,1.0605006,2,28
205,0.014280066,0.9465758,2,20,0.0,1.102447,2,40,0.00016831522,1.0945795,2,60,0.004271577,0.9524233,2,81,0.011654868,0.9311982,2,112
206,0.0069775083,0.95931035,2,20,0.0032271983,0.89583945,2,54
207,0.017942345,1.0413995,2,20,7.158859e-05,0.9509196,2,44,0.016156292,1.0026252,2,64,0.016639668,0.9451066,2,90,0.0011068729,1.0405211,2,110,0.007168575,0.9888796,2,140,0.0,1.0718058,2,160,0.014840819,1.0892208,2,180,0.0,1.0720307,0,200
208,0.0042740125,0.9634335,2,25,0.031199265,0.9615303,2,45,0.0016591608,0.9361995,2,65,0.0,0.8863141,2,85,0.020536141,0.92104185,2,105,0.038827375,0.8801539,2,136
209,0.015836217,0.9150385,0,21,0.03751742,0.82761705,2,41,0.005220382,0.8941167,2,61,0.031453855,0.7469619,2,96
210,0.0,1.0252,2,25,0.008279145,1.0322572,2,49,0.012022965,1.034023,2,69,0.0061636996,1.018259,2,110,0.012048075,1.0535669,2,139,0.011780467,1.0241538,2,160,0.008228276,1.052948,2,200
211,0.01300351,0.7783367,2,20,0.0059953514,0.64651674,0,48
212,0.0011130059,0.9644167,2,20,0.0061253887,0.9674275,2,52,0.0,0.9988817,2,72,0.0009234789,0.99439055,2,94,0.010162706,0.9626498,2,114,0.0,0.9268333,2,134,0.0035122968,0.8775549,2,154,0.0,0.90607727,2,174,0.0,0.8178993,0,200
213,0.0,1.0527766,2,22,0.003667802,0.9896453,2,48,0.014075737,0.96303487,2,70,0.002992217,0.9816371,2,90,0.0062281312,0.98979026,2,110,0.0013334553,0.96974695,2,151
214,0.0147166345,0.9576678,0,20,0.0,0.9774468,2,42,0.0,1.1684517,2,62,0.0,1.0099676,2,82,0.0,0.93876487,2,102,0.0016177812,0.65819824,2,123,0.0051173754,0.84561837,2,143,0.00285959,0.8261015,2,168,0.07331906,0.8802975,2,200
215,0.0010175114,1.0388968,2,21,0.0,1.0502589,2,42,0.008200453,1.0177935,2,72,0.0,1.0162743,2,92,0.01160187,0.98521084,2,116,0.014983856,1.0030464,2,139,0.010983698,1.0713956,2,163,0.0005331259,1.0498444,2,200
216,0.00773604,0.9521805,2,20,0.013391035,0.9618519,3,40,0.0,0.99021983,2,61,0.0,1.0464935,2,81,0.0,0.9811926,2,103,0.012374985,1.0150139,2,123,0.004153079,0.95223105,2,145,0.019076237,0.98193985,2,166,0.024077632,0.94905245,2,200
217,0.021730457,0.9889022,2,21,0.017651115,0.98507273,2,46,0.020227052,0.9487487,2,72,0.0,0.99515206,2,96,0.0011387994,0.90631855,2,122,0.0,0.8045972,2,143,0.0057830606,0.8626434,2,167,0.016957453,0.9602926,2,200
218,0.017402196,0.9675199,2,20,0.00077304034,0.92265415,2,40,0.0050299843,0.7950702,2,63,0.0,0.8205463,2,87,0.018099468,0.78746843,0,121
219,0.011749835,0.9167304,0,20,0.004401367,0.9798213,3,41,0.0916314,0.759344,2,61,0.05264681,0.9006208,2,81,0.0015071929,0.8618355,2,101,0.0,0.7765788,2,121,0.0,0.79046,2,144,0.02123711,0.71934974,2,164,0.010082795,0.5394897,1,200
220,0.00705541,0.9836511,2,30,0.0035267256,1.0411848,2,50,0.0,1.0849471,2,70,0.0007462675,0.89791983,2,90,0.0,1.0057008,0,110,0.0058282185,1.0319759,2,132,0.06586976,0.95106983,2,152,0.019283617,0.96971524,2,172,0.0029650803,1.0882323,0,200
221,0.006206861,0.96206325,2,31
222,0.008235896,0.9751563,2,20,0.0,0.8927029,2,40,0.0053747604,0.86912423,2,60,0.0028803248,0.91262454,0,81,0.0134323295,0.9285892,2,101,0.0,0.82584286,2,121,0.0074297804,1.0224798,2,143,0.00904775,0.94687235,2,168,0.0020502969,0.91546357,2,200
223,0.0070000347,1.0213984,2,21,0.00410678,1.0126944,2,42,0.004763542,0.9970474,2,65
224,0.01855706,1.0395709,2,20,0.007205114,0.9956592,2,56,0.0,1.0161717,2,76,0.0,1.0240843,2,96,0.005738146,1.0017383,2,118,0.0067031058,0.9931726,2,143,0.00082632573,0.9514861,2,163,0.011009223,0.97656804,2,200
225,0.0,0.9716703,2,21,0.00023336169,0.95920384,2,41,0.0071284487,0.989373,2,64,0.0,0.9904054,2,84,0.0,0.9366831,2,105,0.016006997,0.8942126,2,125,0.028238917,0.7635946,2,145,0.034375403,0.78258336,0,166,0.0,0.7262678,2,200
226,0.0,0.94481117,2,20,0.0022708278,0.9233132,2,42,0.027452923,0.96732384,2,64,0.029955987,0.93113977,2,92
227,0.0050981753,0.98701924,2,29,0.00093057565,1.0567704,2,49,0.0009900577,1.0136943,2,72,0.024386508,0.99128985,2,93,0.009518593,1.0132904,2,115,0.0,1.0689154,2,136,0.00336635,0.97516537,2,156,0.0036169242,0.959199,2,180,0.011088125,1.0046746,2,200
228,0.0037576505,1.0005531,2,20,0.0025883534,0.9959083,2,42,0.0064137564,1.0043621,2,64,0.0,1.0124278,2,85,0.0,1.0607779,2,105,0.0061786226,1.0089655,2,125,0.0044331606,1.0426558,2,154,0.033452038,0.9304678,2,177,0.0,1.0166496,2,200
229,0.0,1.0093266,2,21,0.015056618,0.9733259,2,42,0.0069000735,0.9709853,2,62,0.003280478,1.0295278,2,82,0.0294688,0.916948,2,102,0.005003116,0.9861671,2,127,0.010741769,0.9407325,2,148,0.013597267,0.9260173,2,169,0.0016727782,1.1248615,2,200
230,0.0060524894,1.013584,2,20,0.017367888,0.89944494,3,40,0.024589559,0.92712766,2,61,0.016630284,0.9459291,2,88,0.004061007,0.98295605,2,108,0.038497385,0.8775468,2,128,0.032646872,0.9103712,2,148,0.0051833494,0.9740836,2,168,0.017385699,0.91750693,2,200
231,0.0,0.91021955,0,20,0.0,0.9002706,2,40,0.01717625,0.74802077,2,60,0.029699733,0.72875625,2,81,0.0,0.5871033,2,101,0.030114258,0.24242613,1,121,0.18160899,0.30873847,2,142
232,0.004577716,0.999022,2,20,0.0063528223,0.9772646,2,40,0.007141453,0.9882556,3,61,0.0016506063,0.9203666,2,82,0.025501207,0.96464545,2,106,0.04860515,0.9724327,2,133,0.0,0.9836302,2,153,0.017178847,1.0162795,2,200
233,0.009826696,1.0104692,2,21,0.0,1.0754677,2,41,0.0040425938,1.0271083,2,61,0.0,1.1607736,2,82,0.0,1.097193,2,102,0.0,1.1725214,3,122,0.00021632548,1.0982041,3,143,0.0,1.0207212,0,163,0.0025673034,1.0716405,2,200
234,0.003926627,0.9605438,2,23,0.032237303,0.737939,2,44,0.033042897,0.51551974,0,66,0.019017277,0.6159255,2,86,0.0,0.7753604,2,107,0.014661053,0.86979926,2,127,0.0,0.78374124,2,149,0.0,1.169043,2,169,0.0,0.92755324,2,200
235,0.0033409433,0.9628016,2,23,0.0016748809,0.88405216,2,43,0.0,0.83251876,2,63,0.028085519,0.90745795,2,83,0.032964014,0.85776126,0,103,0.0,0.9763278,2,124,0.020191284,0.9532291,2,144,0.036794126,0.9128772,2,164,0.0065263077,1.0174298,2,200
236,0.0064766845,0.93932784,2,20,0.0,0.9893645,2,41,0.0022666422,0.9073094,2,62,0.024532326,0.9128608,2,85,0.0114611685,0.95620996,2,108,0.0,0.9075329,2,128,0.05915558,0.93105936,0,152,0.015124966,0.80567986,2,173,0.026964782,0.45797879,2,200
237,0.012738287,0.9807937,2,21,0.041036643,0.96390426,2,44
238,0.0,1.0375092,2,45
239,0.008317452,1.010999,2,36
240,0.015212936,1.005428,2,21,0.011585292,1.0653491,2,42,0.0015748836,1.0074776,2,65,0.0067338687,0.95525587,2,87,0.004560821,1.0000372,2,109,0.0,0.99280983,2,134,0.0064674094,1.006863,2,154,0.016032172,0.9875812,2,176,0.003144427,0.9916208,2,200
241,0.014779863,0.9841031,2,20,0.005456683,0.9947925,2,42,0.0079676015,0.91410846,2,62,0.014163548,0.97539943,2,84,0.009774243,0.9034384,2,104,0.012257976,0.9420021,2,144
242,0.032132637,1.0077322,2,21,0.016030354,1.008762,2,55
243,0.0,0.931418,2,25,0.024745129,0.94868433,2,51,0.011358074,0.91620445,2,72
244,8.400209e-05,0.99342895,2,29
245,0.0058550644,1.0457814,2,20,0.0,1.0248868,2,40,0.019610824,1.0126745,2,63,0.00013840834,1.0020603,2,87,0.0,1.019899,2,112,0.020924717,1.0255084,2,132,0.0073165707,0.96224195,2,152,0.0047180965,1.0260751,2,176,0.00127186,1.0065893,2,200
246,0.008868243,0.92682475,2,20,0.0,0.8756672,2,46,0.0034067866,0.9217822,2,70,0.0,0.9605971,2,92,0.002593187,0.9343024,2,113,0.00027417685,0.93213314,2,139
247,0.0,0.93624896,2,20,0.04741339,0.8938254,2,40,0.011350539,0.95298064,2,63,0.07003258,0.98208183,2,85,0.0196642,0.9191104,2,108
248,0.00946916,0.93281573,3,20,0.0,0.9955748,3,40,0.00971034,1.0540819,2,61,0.005284028,0.9005401,2,88,0.0040682387,0.99261093,2,109,0.0,1.0368272,2,129,0.0,1.0759699,2,150,0.0056380215,1.0422426,2,172,0.0114966035,1.0766852,2,200
249,0.0,0.97817534,2,23,0.0044000368,0.9832933,2,47,0.013027606,0.9280039,2,70,0.015393576,0.9174231,2,90,0.027215596,0.90874374,2,110,0.026311079,0.9426108,2,131,0.0136191845,0.81483376,2,152,0.012574571,0.9415891,2,174,0.06054302,0.85941,0,200
250,0.0,0.97683746,2,24,0.017835049,0.89039165,2,45,0.023772765,0.9606592,3,65,0.009855786,0.86736315,2,86,0.0,0.91307706,2,106,0.017468082,0.98869383,0,126,0.0,0.7217215,0,157
251,0.008464277,1.0121462,2,22
252,0.0,1.0412347,2,21
253,0.00010418035,1.021783,2,20
254,0.013295939,0.97145015,2,20,0.0006321614,0.9139571,2,41,0.013482112,0.9716696,0,63,0.0,0.9889147,2,96
255,0.01269717,0.9512989,2,20,0.0016133089,1.007664,2,40,0.07612032,0.7586785,2,60,0.04622129,0.87286884,2,91
256,0.01927512,0.94650716,2,20,0.0055229208,0.9492886,2,53,0.0,0.8189357,0,73,0.0,0.6253623,1,93,0.0,0.7912808,2,115,0.0,0.844266,2,136,0.0020571272,0.74919266,2,156,0.0,0.49198285,0,176,0.0029442217,0.56832653,2,200
257,0.030898381,0.9763414,2,20,0.013909703,1.0224503,2,43,0.014425012,1.0113506,2,63,0.0076699033,1.0295768,2,85,0.014980167,1.0435078,2,105,0.01316986,0.98671377,2,125,0.0,1.0576707,2,146,0.0012052411,1.0530868,2,167,0.0078584105,1.0414075,2,200
258,0.0057429452,1.033105,2,27,0.008214043,1.0203297,2,55,0.024007568,1.037371,2,75,0.0059595876,0.9786457,2,100,0.01984885,0.9936886,2,120,0.009747361,0.94614094,2,144,0.02619882,0.95494014,2,200
259,0.0050667385,0.98779553,2,20,0.020567814,0.99123544,2,44,0.00026329918,0.9427195,2,71,0.015621761,0.89098805,2,91,0.0,0.9404589,2,111,0.023765465,0.9457162,2,132,0.029099533,0.96731156,2,153,0.00429081,0.9121854,2,174,0.0,0.9797448,2,200
260,0.0,1.0262456,2,21,0.006196895,1.0135146,2,44,0.005912414,1.0151396,2,65,0.0,1.0653943,2,85,0.007349843,1.0089968,2,111,0.017768472,1.0100685,2,132,0.006990999,0.9662301,2,152,0.019906519,0.9840985,2,177,0.008678227,1.0430206,2,200
261,0.0,0.95527893,2,21,0.0075892927,0.96289843,2,41,0.0035869502,0.9244102,2,66,0.015969763,0.9505194,2,90,0.0140022,1.0295835,2,112,0.0073113153,0.89294213,2,132,0.0,0.8539542,0,152,0.0,0.8555753,0,175,0.02803926,0.48611754,0,200
262,0.0034398916,0.9796666,2,29
263,0.013671215,0.8252902,0,20,0.0,0.8010443,0,41,0.014667195,0.6506934,0,68
264,0.002689614,0.9750846,2,21,0.0,1.0553854,2,42,0.0035831104,1.0614647,2,63,0.007829575,0.9500745,2,83,0.0,1.0828753,2,103,0.0017939135,1.0892031,2,123,0.0,1.0750971,2,146,0.0036923036,1.026069,2,166,0.0091585545,1.0870336,2,200
265,0.0029579045,0.9713764,2,26
266,0.0027417121,1.0060946,2,21
267,0.011639983,0.9726531,2,34
268,0.01044243,1.0041362,2,20,0.011029442,1.0655118,2,50,0.009979458,1.0243331,2,74,0.0,1.0280854,2,97,0.0026425535,0.9954308,2,120,0.0023100341,0.9640749,2,145,0.0011222118,1.0224688,2,165,0.008849119,0.94199973,2,200
269,0.014090286,0.9289778,2,21,0.00535331,0.8075747,2,42,0.0,0.5926171,2,64,0.0,0.7359488,2,86,0.0,0.6015233,2,106,0.0,0.5538516,1,126,0.0,0.20342806,1,146,0.0,0.74813753,2,166,0.0,0.3412664,0,200
270,0.012930616,1.0265244,2,21,0.013629356,0.9937409,2,41,0.007183782,0.9908191,2,61,0.0,0.9988416,2,81,0.025140595,0.91334087,2,102,0.0,0.88355654,0,122,0.0029340936,0.8102943,2,148,0.020117156,0.7580797,0,171,0.13012904,0.74293876,2,200
271,0.0076835696,1.0080818,2,21,0.0,1.0541452,2,61,0.0047067376,0.97978914,2,81,0.0076212385,0.99533004,2,101,0.0006510997,1.0628767,2,121,0.0,1.0691639,2,141,0.0038264156,1.0534879,2,161,0.0073536313,1.027198,2,200
272,0.0,1.0225929,2,20,0.003915543,1.0085522,2,41,0.00044269004,1.0136887,2,61,0.0,1.0881933,2,83,0.0,1.1022891,2,103,0.0,1.0701051,2,123,0.0,1.0060407,2,146,0.0,1.057731,2,170,0.000739026,0.9854149,0,200
273,0.0005163047,0.9550316,2,25,0.01056433,0.98214245,2,45,0.022739068,0.9785945,0,66,0.05003968,0.9350902,2,86,0.04396507,0.8564369,2,109,0.011142136,0.924062,2,136,0.027338177,0.93530095,2,156,0.0048900875,0.9599853,2,192
274,0.0,1.0381944,2,21
275,0.00065413467,1.0096731,2,45,0.0031552159,1.0190266,2,65,0.00978401,0.97450995,2,88,0.023037288,0.9570662,2,108,0.0,1.0236889,2,132,0.0069676302,0.9637704,2,152,0.0052723377,0.9650352,2,200
276,0.0017393682,1.0207255,2,29,0.0037356669,1.015393,2,63,0.0066738864,0.99282354,2,104,0.0035369778,1.0083776,2,126,0.002876778,1.0043964,2,159,0.025413623,1.0028832,2,179,0.008941712,1.05019,2,200
277,0.00066272076,1.0263025,2,28,0.0054447134,0.99167985,2,49,0.005273295,0.9601259,2,69,0.002319137,0.9662116,2,94,0.003414164,0.97861946,2,115,0.0025262707,0.96902037,2,135,0.0,0.83698255,2,155,0.045533907,0.82724875,2,177,0.00659767,0.90991807,2,200
278,0.0,0.8715167,2,20,0.08789443,0.6162837,2,40,0.0,0.5556308,1,60,0.0,0.54601204,0,81,0.06752534,0.27320307,2,101,0.0,0.44823754,2,126,0.048791524,0.3248475,2,151,0.5200872,0.1746686,2,171,0.29358226,0.29676017,2,200
279,0.005102435,0.9789247,2,26,0.015614846,0.9839446,2,50,0.016142672,0.85915977,2,70,0.007708325,0.97539055,2,91,0.0068539702,0.8785826,2,111,0.0028990514,0.9262522,2,132,0.006747819,0.9362812,0,154,0.00406785,0.9207285,3,175,0.008145602,0.91183275,2,200
280,0.00864854,0.98086184,2,21,0.011955476,0.970631,2,43,0.0043625333,0.98642516,2,72,0.0018405931,0.9828107,2,93,0.0089683095,1.0087396,2,122,0.021498317,0.98075587,2,144,0.003307613,1.0013915,2,164,0.004360802,0.9958458,2,200
281,0.018259037,1.0434744,2,20,0.0027656301,0.99342114,2,43,0.004547549,0.9707419,2,82
282,0.0,1.0082523,2,29,0.0,0.9941175,2,55
283,0.006827289,1.0154307,2,20,0.0,1.0122193,2,45
284,0.0,1.011109,2,20
285,0.0,1.0297172,2,46
286,0.0043814415,1.0256422,2,20,0.02252963,0.94112295,2,43,0.03023961,0.91128534,2,65
287,0.011497163,0.96120286,2,23,0.0,1.0222775,2,49,0.003544606,1.0266992,2,71,0.0012346214,1.11209,2,91,0.0022407174,1.1408592,3,111,0.0,1.0770779,3,132,0.0,1.090362,3,153,0.0025576232,1.004302,2,174,0.010311649,1.046405,0,200
