0,0.011014172,0.98515856,2,21,0.0,0.9944107,2,41,0.0,1.0340573,2,62,0.0227563,1.0130198,2,83,0.0057992935,0.9895392,2,104,0.0068984907,0.9762405,2,149,0.022472182,0.9846996,2,169,0.02306764,0.9364438,2,200
1,0.0010144493,1.015921,2,20,0.0020808794,1.0585078,2,40,0.012906356,0.9911086,2,60,0.008644018,1.0330764,2,104,0.0,1.0356116,2,126,0.0,1.0273973,2,152,0.008971635,0.9784364,2,200
2,0.0036268195,0.9968866,2,26,0.020002278,0.9787167,2,50,0.011726698,1.0101827,2,71,0.0027346774,1.0056366,3,105
3,0.0,0.9116658,2,20,0.0,0.90254545,2,40,0.011640042,0.87761205,0,64,0.0,0.95398873,0,84,0.017295893,0.68317604,1,116
4,0.0059503736,0.8810587,2,22,0.009885339,0.8655548,0,43,0.07352241,0.6219761,0,63,0.0006534015,0.62523174,1,84,0.0013448603,0.27034217,0,104,0.21957913,0.22677283,2,124,0.0,0.11231241,0,146,0.027167955,0.35757723,2,169,0.13940702,0.28383785,2,200
5,0.004599406,1.0148971,2,21,0.009931707,0.99666065,2,44,0.0063565923,0.9064907,2,66,0.018630926,0.86911404,2,87,0.021331666,0.965987,2,114,0.013463004,0.9174873,2,134,0.022410326,0.9603464,2,155,0.0011904265,0.9514743,2,176,0.012550771,0.86428255,0,200
6,0.0,1.0131371,2,20,0.02024517,0.96640366,2,45,0.0,0.75512946,2,68,0.0016744056,0.94534814,2,88,0.0232963,0.94342864,2,108,0.011932295,0.95110995,2,130,0.0,0.9556177,2,152,0.015939826,0.93707293,2,173,0.0034205334,0.97903675,2,200
7,0.007615777,0.9622671,2,20,0.023726115,0.9501372,2,41,0.00803305,0.9370556,2,62,0.014095976,0.9340203,2,87
8,0.0,1.0267043,2,26,0.031206906,0.9521909,2,46,0.008372778,0.9533982,2,66,0.023534264,0.98149383,2,94,0.020141473,1.0517876,2,114,0.007678192,1.0242279,2,134,0.010097283,1.015949,2,169,0.010869013,1.0108,2,200
9,0.017251454,0.9300618,2,21,0.0,0.86754155,2,42,0.0,0.6951456,2,62,0.0,0.6831049,1,82,0.0,0.69710314,2,102,0.004654152,0.78726286,2,123,0.037295084,0.914466,2,143,0.017993642,0.9588974,0,163,0.008890272,0.91033924,2,200
10,0.0010621103,0.9857884,2,30
11,0.0048858295,0.9754811,2,22,0.00050230656,1.0523322,2,50
12,0.0062128133,1.0072434,2,35,0.008039335,0.9700106,2,56,0.015004264,0.9235934,2,82,0.0010590105,1.0052762,2,102,0.019476885,0.9131049,2,122,0.0069553712,0.84058416,2,142,7.036304e-05,0.8536991,2,165,0.031204626,0.70215106,0,200
13,0.0014886799,0.9480469,2,21,0.0,1.0137584,2,41,0.0,0.95833075,3,61,0.01784085,0.9339511,2,81,0.0,1.012886,0,106,0.023466576,0.99071014,2,126,0.0,0.96685374,2,146,0.0,0.94301605,0,166,0.018314913,0.6928709,2,200
14,0.014894613,1.0454683,2,25,0.006559096,1.0434358,2,51,0.0,1.0369296,2,71,0.0,1.0268726,0,92,0.014681507,0.9968662,2,113,0.009664396,0.99449843,0,133,0.0037918382,1.0087608,2,154,0.00613524,0.97401637,2,175,0.0,1.0161753,2,200
15,0.0071463734,0.93121946,2,27,0.048375543,0.8758871,2,48,0.0,0.7177823,2,82,0.0599956,0.49757528,2,102,0.07490876,0.50441784,2,132
16,0.019704714,0.9551794,2,25
17,0.0012228378,0.71735924,2,35
18,0.023373298,0.9109987,2,20,0.0,1.0492816,3,40,0.0,1.0838604,2,60,0.018380621,0.9555316,2,80,0.0016842795,0.9639598,3,101,0.0,1.0662748,2,121,0.001084042,0.93648434,2,141,0.0,0.9730665,0,161,0.022924472,0.84211034,2,200
19,0.017045306,0.9730912,2,24,0.0,1.010813,2,44,0.0,0.9083867,2,64,0.008674235,1.0752281,2,87,0.00032814694,0.91074723,3,107,0.0,1.100419,2,130,0.0065941177,0.9147499,2,150,0.0,0.98872805,2,171,0.012018066,0.9335391,2,200
20,0.0057157525,0.98884845,2,21,0.0076813796,0.97384316,2,48,0.00882087,0.9411728,2,70,0.0,0.98333186,2,90,0.0,1.0092324,2,116,0.0032756664,0.9863927,2,136,0.0,0.97038573,2,156,0.011381282,0.9300529,2,177,0.06304124,0.95556724,2,200
21,0.009117648,0.9664313,2,35,0.012333337,0.8842965,2,57,0.0250913,0.83276606,2,78,0.0,0.7569524,2,99,0.0,0.715598,0,119,0.0,0.51261127,3,139,0.0069446177,0.5487162,0,159
22,0.012880528,1.0033679,2,20,0.00903693,1.0689466,3,40,0.009012839,1.0448904,2,60,0.0,0.9996149,2,91,0.00091854925,1.0868205,2,112,0.0026324822,1.062538,2,143
23,0.0029607958,0.97776824,2,20,0.023019915,0.97110313,2,41,0.005309422,1.0175785,2,62,0.0,0.94855136,2,82,0.019244803,0.97717273,2,103,0.017952487,0.99057543,2,126,0.0,1.04107,2,146,0.008474339,1.1057154,2,166,0.007834097,0.97389257,2,200
24,0.004708444,1.0204624,2,39
25,0.009734625,1.0393546,2,23,0.007764432,1.0070412,2,49,0.006715073,1.0176876,2,69,0.008871904,1.0344251,2,99,0.0007588885,1.0441862,2,124,0.00092028704,1.0066661,2,145,0.034273103,1.0207113,2,165,0.011643048,0.9703766,2,200
26,0.0,1.0460217,2,21,0.020598851,1.0113996,2,42,0.013071261,1.0173407,2,63,0.023651892,0.93883616,2,85,0.0019210872,1.0238054,0,105,0.021336326,0.9284045,2,126,0.016503919,1.0028801,2,149,0.025272738,0.88284,2,169,0.06484151,0.92445284,2,200
27,0.0063893846,0.968123,2,21,0.034093644,0.85796046,2,42,0.048783828,0.8230611,2,62,0.025604403,0.87500876,2,82,0.0,0.7675547,0,102,0.015334422,0.79897577,2,124,0.013837511,0.9454607,0,144,0.0,0.7038439,0,167,0.01459922,0.5262894,0,200
28,0.0051046135,1.0288967,2,24,0.006773878,0.9611207,2,44,0.01440679,0.9238785,2,64,0.012248374,0.9250968,2,84,0.013811126,0.9727267,2,104,0.0728657,1.0414226,2,124,0.017955529,0.9767565,2,146,0.0,0.9414214,2,167,0.022858161,0.92222005,3,200
29,0.0,1.0152858,2,20,0.0028460862,1.0344722,2,41,0.0,1.0092118,2,61,0.0024145786,0.95620227,2,82,0.0134598315,0.95988727,2,104,0.008785186,0.9524409,2,124,0.01134082,0.96414244,2,144,0.0031143776,0.9319204,2,164,0.012318897,0.89359856,2,200
30,0.0,0.9771846,2,20,0.039042234,0.9356878,2,56
31,0.005961418,0.9942277,2,34
32,0.005142377,0.9813445,2,20,0.009632842,0.87588453,2,41
33,0.01740012,0.95480174,2,20,0.030656205,0.92635995,2,42,0.024082964,0.94645196,3,62,0.017465701,0.9400462,2,83
34,0.031351082,0.93325484,2,25,0.015782591,0.84570205,2,59
35,0.01608107,0.98518664,2,38
36,0.046805553,1.0201652,2,20,0.010018846,1.0198003,2,40,0.021994136,1.0246376,2,78
37,0.005874084,1.0356096,2,20
38,0.0,0.9731692,2,21,0.003906594,0.9507596,2,41,0.023599783,0.9298073,2,61,0.015748674,1.0151346,2,82,0.012665203,1.0287273,2,102,0.017229674,1.0091705,2,122,0.010827726,1.0567063,2,143,0.0,1.0209712,2,163,0.0020470123,1.0088848,2,200
39,0.011847238,0.94900054,2,24,0.009668341,0.8851769,2,65,0.0,0.8549755,2,88,0.023176933,0.8638391,2,130,0.021024713,0.9168954,2,154,0.005550263,0.8990564,2,175,0.014016149,1.0177864,2,200
40,0.0034352273,0.9850469,2,22,0.016328452,0.93451387,2,44,0.014229573,0.9813321,2,65,0.013193678,0.9957562,2,89,0.02426685,0.9745243,0,109,0.0,0.9142889,2,129,0.0064192703,0.5853827,2,149,0.0,0.50639755,1,169,0.025666324,0.588245,2,192
41,0.025980018,0.9713466,2,31
42,0.00525226,0.83567554,2,20,0.0053454572,0.7453151,2,40,0.00947408,0.761748,0,61,0.0045289597,0.88405037,2,82,0.0,0.535423,2,102,0.0,0.63265973,2,122,0.0,0.8486883,1,142,0.0,0.71907663,2,162,0.011218026,0.6589055,2,200
43,0.0,0.68982756,0,20,0.02545785,0.5903418,2,40,0.0,0.7742013,2,60,0.0,0.70104337,2,80,0.0,0.81039095,2,100,0.0,0.60339123,2,124,0.0,0.54054636,1,144,0.046616092,0.6743119,1,169
44,0.018190265,1.0068567,2,21,0.00037443673,0.9663057,2,47,0.022621693,1.0457675,2,67,0.019280255,0.9349172,2,90,0.018222794,1.0089954,2,111,0.016623784,0.90953356,2,132,0.043143917,0.92911375,2,152,0.027826052,0.9678439,3,172,0.0464023,0.9462366,2,200
45,0.01029054,0.93134105,2,21,0.012102208,0.93885726,2,46,0.0040859524,1.0168638,2,66,0.0062197987,0.9539358,2,88,0.0023683417,0.94313586,2,114,0.0,0.9310476,2,138,0.0,0.79033315,2,161,0.0046818196,0.7185934,0,185
46,0.0011920967,1.03325,2,20,0.005095679,0.9884595,2,42,0.0,1.022609,2,62,0.025138231,0.94299465,2,85,0.014029714,0.90066844,2,106,0.025568897,0.90832156,2,126,0.014304322,0.99755496,2,151,0.008295194,0.96528876,2,173,0.012373227,0.9386259,2,200
47,0.020133713,0.9559454,2,28,0.0010093733,0.9078415,2,58,0.031754762,0.88673294,2,79,0.014950824,0.96397763,2,103,0.01813137,0.9135344,2,127,0.00082254206,0.93169034,2,147,0.0044168853,1.0495033,2,167,0.0010915269,1.008388,2,200
48,0.0117969755,1.0270374,2,39,0.004448849,0.9123624,2,62,0.012773271,0.8947154,2,83,0.022488166,0.99343854,2,105,0.03786776,0.9463457,2,125
49,0.0033430103,1.0414435,2,20,0.00426791,1.0166171,2,40,0.0077556446,1.0121224,2,60,0.01594858,0.99048394,2,86,0.014061151,0.9652357,2,106,0.0,0.94286376,2,131,0.025672069,1.0037749,2,151,0.007266153,1.0057858,2,173,0.00836096,1.0296804,2,200
50,0.006270265,1.0423898,2,24
51,0.004188691,1.0566137,2,33
52,0.019737026,0.9999856,2,30
53,0.002544893,0.93852186,2,20,0.013063341,0.91249686,2,40,0.0,1.0030674,0,60,0.0,0.67923445,0,83,0.015809577,0.7224715,0,103,0.035190675,0.8608309,2,125,0.011698937,0.65314436,2,150,0.051235676,0.69218636,2,170,0.03786927,0.6624056,2,200
54,0.01221907,0.9732896,2,33,0.008311708,0.9064864,2,54,0.024814636,0.80863297,2,74,0.10466514,0.7969563,0,94,0.03224237,0.78411114,0,114,0.11775325,0.66363084,0,134,0.013433683,0.46807328,0,154,0.03463517,0.6073572,0,174,0.0,0.39355075,2,200
55,0.0,1.0143819,2,23,0.0043419925,1.06095,2,43,0.0,1.0148683,2,79
56,0.0,1.055584,2,20
57,0.00897158,0.9871657,2,34,0.0031328655,0.96918064,2,58,0.0,0.8535926,2,82,0.0,0.78362817,2,109,0.08722623,0.7995225,2,129,0.049611937,0.75419486,2,151,0.0,0.6812793,1,172,0.0,0.303785,0,200
58,0.00045750616,1.0291882,2,20,0.0067319637,0.9972104,2,40,0.012986025,0.9788004,2,69,0.00623858,0.9710736,2,92,0.0,1.0511011,2,112,0.0033718513,1.019793,2,147,0.021256234,0.9707676,2,168,0.0069589424,0.9805682,2,200
59,0.012661974,0.97842896,2,20,0.013313805,0.99716187,2,41,0.016611129,0.9963468,2,61,0.013862138,0.87701935,2,82,0.008971237,0.92317325,2,102,0.0,0.98115546,2,125,0.007864932,0.9064064,2,145,0.022331657,0.9291367,2,173,0.0,1.0053941,2,200
60,0.0054400074,1.0234603,2,21,0.0038573653,1.021752,2,48,0.009902507,0.947275,2,73,0.0010418504,0.97793025,2,95,0.0,1.0439931,2,118,0.0,1.0462573,2,138,0.0042833504,1.0114919,2,161,0.0036182813,1.0199325,2,200
61,0.014499333,1.0060483,2,27,0.008956458,1.0146949,2,47,0.00630938,0.9743064,2,85
62,0.023547584,1.032781,2,21,0.01160892,1.0120575,2,41,0.001468918,1.0693346,2,62,0.0137416925,0.9691364,2,84,0.028822536,0.92905134,2,106,0.015919048,0.9851816,2,126,0.0049120784,1.0114989,2,146,0.0,1.0151843,2,166,0.008893814,0.94242144,2,200
63,0.0,0.9135307,2,20,0.0,0.94082564,2,40,0.0696368,0.83152187,2,60,0.030939624,0.7331265,2,80,0.0,0.78275126,0,103,0.0,0.44270334,2,124,0.0,0.27192235,0,144,0.095433496,0.2570859,0,164,0.12647788,0.304848,2,200
64,0.007414168,1.0474403,2,22,0.0068100328,0.98012686,2,45,0.0,0.93582714,2,65,0.008478249,0.96082836,2,92,0.012846378,0.9270614,2,112,0.0,0.93500364,2,135,0.0,0.9518833,2,158,0.0,0.9039965,2,180,0.01079913,0.96878797,2,200
65,0.0041885325,0.9837909,2,21,0.0,0.9787555,2,42,0.016249305,0.9851201,2,62,0.0057078786,0.9923328,2,83,0.03751382,0.9079583,2,103,0.027642956,0.8965265,2,124,0.006883023,0.8954643,2,144,0.0042335643,0.85314304,2,164,0.058892947,0.72308135,2,200
66,0.011103713,1.0312794,2,27,0.0035150487,1.0683272,2,47,0.018118272,1.0389894,2,68,0.018563127,1.0897001,3,88,0.0055548516,1.0903221,3,108,0.0,1.063314,2,129,0.012624301,1.020599,2,149,0.015831422,1.0124762,2,169,0.021072628,0.94700515,2,200
67,0.004481344,1.0092126,2,22,0.0010195615,1.0437715,2,42,5.439967e-05,1.0671227,2,62,0.0045737554,1.0119213,2,91,0.008690057,1.0054773,2,111,0.007775843,1.024551,2,133,0.008611219,1.022471,2,154,0.0028961794,1.0686921,2,174,0.0,1.0196866,2,200
68,0.00019015667,1.0311695,2,24,0.024137763,0.92927635,2,44,0.00017036959,0.9788911,2,69,0.0,0.9818369,3,91,0.0015923163,0.90330553,2,111,0.04253525,0.95327187,2,135,0.017458111,0.9818809,2,157,0.05887248,0.94452506,2,177,0.055764902,0.88809353,2,200
69,0.012420199,1.0260651,2,20,0.018640544,0.96376324,2,57
70,0.0,1.0247079,2,23
71,0.008141889,1.0345753,2,22,0.017139424,0.87132156,2,43,0.010050745,0.91545695,2,63,0.015813997,0.9394488,2,84,0.01062812,0.9314775,2,105,0.014128377,0.99409544,2,128,0.0015878262,0.9848111,2,149,0.0,0.7617319,1,173,0.00082003576,0.76209456,2,200
72,0.009318897,1.0255927,2,21,0.013624427,0.98617035,2,43,0.0053085373,1.051247,2,63,0.0,1.0589077,2,83,0.0,0.9611279,2,106,0.0014890387,1.0669736,2,128,0.011454633,1.0393945,2,150,0.0019454291,0.99155396,2,175,0.0021465123,1.0634451,3,200
73,0.0027414563,1.0185702,2,20,0.048412368,0.87828684,2,44,0.009505803,1.0081053,2,67,0.006024787,0.8796661,2,89,0.027490268,1.0312183,3,110,0.0028431385,0.78462285,2,133,0.0,0.7679578,0,153,0.0,0.86678874,2,173,0.028596343,0.79902774,2,200
74,0.0006692467,1.0282222,2,20,0.025655704,0.953663,2,59,0.04864442,0.9138462,2,79,0.03450339,0.9318768,2,99,0.0052700564,0.90498555,2,125,0.017733457,0.94913507,2,157,0.0,0.90946245,2,177,0.018340912,0.9505088,2,200
75,0.007201353,1.021582,2,22,0.00032781763,0.9765352,0,42,0.066355705,0.94779485,2,63,0.01600039,0.9438195,2,84,0.0008503946,1.0562205,2,113,0.0026938473,1.052391,2,134,0.0059103617,1.0356005,2,157,0.011129115,1.0337989,2,177,0.0007151355,1.0112424,2,200
76,0.0,0.94697464,2,20,0.028850317,0.8857023,2,40,0.01663961,0.88312024,0,60,0.026796358,0.7762211,2,90,0.03781251,0.7690927,2,110,0.01891416,0.6294774,2,148
77,0.017407505,0.98846036,2,24,0.033830483,0.9316288,2,45,0.0075993147,1.0437058,2,66,0.0,1.0857575,2,89,0.020664347,0.9760206,2,111,0.0245886,0.98759675,2,135
78,0.005051492,1.0035669,2,24,0.015556879,0.95237124,2,44,0.010765224,1.0411196,2,69,0.001912931,0.97341985,2,89,0.00078155653,1.0073067,2,119,0.0025959734,1.0194893,2,139,0.013635945,0.9620968,2,172,0.029820208,0.9360461,2,200
79,0.017072152,0.9391837,2,21,0.0,1.0265152,2,41,0.0038690493,1.0458443,2,61,0.00028833243,1.0760481,2,81,0.012907203,1.0206996,2,105
80,0.018004358,0.9841285,2,27,0.01686584,0.9856271,2,66
81,0.0,0.8991167,0,20,0.015541655,0.75443035,2,40,0.014255515,0.85719246,2,62,0.0,0.6071118,2,82,0.0,0.65414417,1,105,0.0,0.5766226,1,125,0.0,0.37937182,1,145,0.06946041,0.45170566,2,167
82,0.0046030553,0.996676,2,36,0.007573094,1.0238271,2,60,0.040079705,1.0135074,2,82,0.043235756,0.9988097,2,102,0.012313777,1.0079947,2,140,0.0043389653,1.0205479,2,164,0.0040241424,1.0370064,2,200
83,0.0012422724,0.983931,2,23,0.007282141,1.0094873,2,49,0.00061688916,1.0381693,2,69,0.006176275,1.0010663,2,89,0.026571779,0.9879847,2,111,0.00019632826,0.93078196,2,138,0.04192197,0.9163666,2,163,0.037424527,0.9077349,0,200
84,0.014200111,1.0034624,2,28,0.00616352,1.0392606,2,48,0.016407967,0.96728563,2,80,0.0035095848,1.0200922,2,100,0.024321903,1.0026801,2,120,0.010270473,1.0077428,2,142,0.0028261244,1.0338314,2,162,0.011770265,1.0127846,2,200
85,0.012010865,0.9982603,2,24,0.00877844,0.99797845,2,47,0.014054243,1.039178,2,77,0.030060848,0.9218478,0,98,6.618843e-05,0.95101637,2,129,0.01842606,0.9487769,2,158,0.014913711,0.90954435,2,178,0.008569426,0.6517776,0,200
86,0.007930212,1.0081406,2,39
87,0.005849231,1.0436374,2,39
88,0.009645505,0.96601963,2,20,0.0,0.9133659,2,43,0.026636688,0.96503645,2,65,0.016948486,0.9627223,2,86,0.0,1.0069827,0,114
89,0.0025480967,0.8084658,2,21,0.0102441255,0.74560595,2,49
90,0.0071997126,1.0397054,2,22,0.012770103,1.0101331,2,43,0.0006489314,0.98434246,2,77
91,0.012432538,1.0007169,2,21,0.0,0.95342857,2,41,0.020601798,0.9422341,2,64,0.028521333,0.99261135,2,91,0.0038977177,1.032597,2,111,0.0045491797,1.0422902,2,135,0.00045660857,1.0527362,2,164,0.010309759,1.0266227,2,200
92,0.0048004417,0.9781246,2,20,0.013829598,1.003281,2,42,0.005534257,0.9476333,2,64,0.006484715,0.95477366,2,85,0.015360236,0.99538773,2,105,0.004461673,1.0011744,2,127,0.0,1.103567,0,148,0.0067351377,1.0998324,0,176,0.0,1.0484614,2,200
93,0.005226383,0.9921579,2,22,0.02364309,1.0137391,2,44,0.0054224515,1.0307877,2,65,0.018205587,1.0049955,2,85,0.0055795144,0.95772344,2,105,0.00316779,1.0057685,2,133,0.017470384,1.0300052,2,155,0.0,1.049321,2,175,0.011726917,1.0114039,2,200
94,0.0045264913,0.9950182,2,20,0.011019796,1.028079,2,51,0.008929806,1.0446893,2,72,0.007556681,1.03186,2,93,0.010732776,0.9806793,3,115,0.0037318966,1.0775964,2,135,0.008604678,1.0919936,2,163,0.0,1.0423566,2,200
95,0.0032773225,1.0029476,2,26,0.0011669068,0.984692,2,53,0.007822191,1.0200081,2,80,0.0,1.0420843,2,100,0.012647267,1.0607468,2,125,0.0044547357,1.0242764,2,148,0.0021884546,1.0208284,2,171,0.003244868,1.0341818,2,200
96,0.003381872,0.9183694,2,20,0.011880947,0.9374815,2,40,0.0,1.0632504,2,61,0.0,0.88945645,0,81,0.0,1.0284141,2,101,0.0048598116,0.95512664,2,121,0.017520677,0.98358124,2,141,0.05769024,0.54884523,0,161,0.023977846,0.62614435,2,200
97,0.010830923,1.0018599,2,27,0.0,0.93945867,3,47,0.00058436213,0.9975896,2,81
98,0.009912707,0.98937035,2,23,0.016545665,0.9994148,2,43,0.01804801,0.94745713,2,63,0.011378545,0.9356642,2,83,0.029579598,0.9805062,2,105,0.049967825,0.9299498,2,127,0.008826077,0.8429788,2,147,0.0,0.5484992,0,167,0.033631865,0.812582,2,200
99,0.0,0.9726822,2,20,0.013660397,1.0037442,2,49,0.002466531,1.024836,0,69,0.0140626,0.968521,2,90,0.03156682,1.0008981,2,110,0.023212653,0.92468417,2,130,0.0003103938,0.98416615,2,162,0.0072826305,0.99106205,2,200
100,0.0,1.0391154,2,38,0.0088327555,1.0117428,2,58,0.00030697763,0.9858202,2,83,2.5542005e-05,1.0195445,2,108,0.0069093825,0.9980136,3,128,0.006222834,0.99599206,2,150,0.005062194,0.97549456,2,172,0.00543486,0.99642515,2,200
101,0.006724208,0.9822592,2,33,0.0036716212,1.0137155,2,61,0.0,1.0012028,3,81,0.0056028767,1.0412992,2,104,0.0,1.0214926,2,124,0.014563849,0.94253844,2,144,0.0,1.075092,2,164,0.005993282,1.0393558,2,200
102,0.0,1.001739,2,20,0.011495428,0.9306472,2,40,0.018904466,0.9807501,2,60,0.0013075258,1.0383064,0,86,0.0,1.1300395,2,107,0.001297645,1.045521,0,128,0.0045438833,1.0562397,2,148,0.016616607,1.056748,2,175,0.007829395,0.9744443,2,200
103,0.015867248,0.9802374,2,21,0.003210663,1.0175195,2,42,0.014770091,0.85261124,2,62,0.005682462,0.8680631,0,82,0.0,0.9090222,2,112,0.0,0.9525676,2,132,0.0,0.9292702,2,155,0.0,0.95919955,2,176,0.0,0.8083916,2,200
104,0.0105105685,1.0373281,2,20,0.0,1.0312668,2,44,0.0024203204,1.0273443,0,64,0.0,1.0320998,2,97,0.019640729,1.0099247,2,117,0.0,1.0679463,2,137,0.00092530565,1.0554018,2,157,0.0,1.0163609,2,177,0.0,0.9936485,2,200
105,0.0031199188,0.92793894,2,20,0.005678539,0.88909036,2,40,0.0014586918,0.7465836,2,60,0.015040576,0.6301702,0,80,0.020469327,0.50945604,1,100,0.0,0.51863027,0,122,0.0,0.62619674,2,142,0.0,0.36577457,0,162,0.0060537676,0.4213276,0,200
106,0.0068049217,1.0373633,2,25,0.03122985,0.9737011,2,45,0.014099248,0.9649217,2,69,0.0,0.95874333,2,100,0.0049443254,1.0767301,2,120,0.004862794,0.98432803,2,142,0.006729184,0.945848,2,163,0.003696024,0.90301144,2,200
107,0.018535217,1.0087131,2,23,0.0185116,0.9156917,2,44,0.007827936,0.95548946,0,64,0.022406798,0.91410387,0,84,0.0,0.88254595,2,107,0.006799308,0.8802126,2,131,0.011089246,0.9114442,2,151,0.0016500732,0.9957948,2,171,0.0038216417,0.9503543,2,200
108,0.0082762465,0.9127244,2,35
109,0.0,0.9961796,2,20
110,0.0022870163,0.9972832,2,21,0.01242731,1.0006166,3,41,0.011400805,0.9093076,2,61,0.008644882,1.0202867,2,82,0.020657925,0.9737799,2,111,0.023411399,0.9159899,2,133,0.011643,0.9762717,2,154,0.019246552,0.9347914,2,200
111,0.013272912,1.0078998,2,25,0.0,1.0183429,0,46,0.0015440626,1.0097029,2,66,0.0048568095,0.9872554,2,90,0.011088113,1.028036,2,124
112,0.0,1.0289702,2,22,0.01513541,0.98471755,2,60
113,0.0,0.97562534,2,21,0.005477274,1.0390946,2,48,0.00988418,0.9839519,2,78,0.0,0.9792941,2,98,0.0022749037,1.0278121,2,121,0.02663542,0.9378421,2,141,0.015830947,0.9155269,2,164,0.032020856,0.9365101,2,200
114,0.010883592,0.9990538,2,24,0.012009117,1.0148467,2,45,0.0056220265,1.0198777,2,68
115,0.0042145117,1.0372103,2,22
116,0.003057951,0.9935586,2,20,0.010478668,1.0173618,2,40,0.0,1.0308683,2,62,0.010067934,0.9901398,2,102
117,0.0061024223,1.0249825,2,21,0.00047796936,0.9611908,2,41,0.0123574175,0.93285334,2,70
118,0.014344082,1.0326449,2,21,0.00022119642,0.87427825,2,59
119,0.0,0.97501916,2,21
120,0.018311115,0.9697832,2,22,0.0065831444,0.983848,2,62,0.021303099,1.018248,2,85,0.003524387,0.99981093,2,111,0.0071635405,0.9957636,2,131,0.006230194,1.0045142,2,151,0.0065220455,1.0355624,2,200
121,0.007933866,0.97165334,2,32,0.0023274147,1.0210068,0,52,0.0,1.0261586,2,72,0.0018651094,1.0393395,2,94,0.0053482875,1.0247953,0,114,0.0,0.9974813,2,138,0.0045317654,1.0172145,2,164,0.0028093185,1.0205369,2,200
122,0.006857555,1.0320952,2,44
123,0.014251376,1.0560012,2,23,0.012163538,1.0148615,2,48,0.0019817331,1.0674077,0,68,0.0,1.0626062,2,88,0.01197176,1.0589707,2,123
124,0.055074956,0.93482244,2,22,0.0,0.97538435,2,42,0.0042854343,0.7685143,0,64,0.01513315,0.7263184,0,84,0.024866164,0.831478,2,104,0.19547471,0.6717778,2,132
125,0.0011745001,0.9944383,2,21
126,0.0064151725,0.9931448,2,21,0.0053491294,1.0539871,2,44,0.0076952106,1.056812,2,69,0.011354905,1.003607,2,90,0.01603414,1.0153247,2,121,0.0070097772,1.0078019,2,141,0.0062397895,1.0484786,2,173,0.00069148804,1.0461304,2,200
127,0.001779092,1.034988,2,25,0.003544151,1.0041326,2,49,0.011046614,0.94400007,2,69,0.026599038,1.0413749,2,89,0.0,0.96849,2,109,0.014349517,0.96090966,2,132,0.0037016205,1.0361053,2,152,0.017896552,0.98470587,2,175,0.012183866,1.0130099,2,200
128,0.0,0.9929724,2,20,0.0062389476,1.0061752,2,40,0.0,1.041203,2,62,0.0,1.0788177,2,95,0.0,1.1009969,2,115,0.0,1.0182654,2,136,0.006830463,1.0595878,2,157,0.0037681956,0.96791875,2,178,0.010950557,0.9989194,2,200
129,0.014158562,0.9740635,2,20,0.0,0.98126376,2,42,0.0028125905,1.032775,2,62,0.0,1.0019513,2,90,0.006446231,0.9936698,2,110,0.017438687,1.0097289,2,135,0.0,0.8459616,2,159,0.0,0.93279314,2,179,0.0,0.92272794,2,200
130,0.0018890202,0.990503,2,25,0.010793387,0.9653836,2,47,0.08124351,0.9208459,0,68,0.04963261,0.963234,2,94,0.006766096,0.9117756,2,116,0.00087033265,0.8146293,0,137,0.0,0.84724534,3,160,0.0,0.69612545,2,180,0.013429722,0.73781097,2,200
131,0.00073519064,0.9394735,2,25,0.023814218,0.9448985,2,46,0.03308655,0.89358,2,70,0.0027633745,0.9680697,2,90,0.017865866,0.9122486,2,110,0.0,0.89681995,2,131,0.0,1.0071698,0,155,0.0,0.8498163,0,179,0.03828071,0.6157215,0,200
132,0.0,0.90110534,2,21,0.013180414,0.88753444,2,41,0.024740268,0.8750888,2,61,0.0,0.49104252,0,81,0.043663926,0.32246667,0,101,0.025055006,0.7975219,0,121,0.016445167,0.8612463,3,141,0.009473391,0.88939536,2,161,0.0,0.9636966,2,200
133,0.018538414,0.90876466,2,20,0.0025965981,0.78911966,2,40,0.013232188,0.8360197,2,60,0.0,0.9205845,2,80,0.0015172587,0.80974597,0,100,0.015651869,0.584194,2,124
134,0.013393514,1.0404241,2,20,0.027748834,0.98955715,2,40,0.05038802,0.93990886,2,61,0.03081883,0.92413646,3,81,0.0,0.9216891,2,102,0.025798969,0.8954765,2,126,0.0,0.8380188,2,146,0.0,0.6057379,2,166,0.009523466,0.7751544,2,200
135,0.021250192,1.0174618,2,20,0.0022754523,0.98437685,2,45,0.006736062,0.98023504,0,66,0.013784572,0.9775563,2,94,0.0,1.0240993,2,114,0.0,1.0067035,2,135,0.0076700845,0.992006,2,161,0.009043316,1.0054365,2,200
136,0.0,0.99591804,2,22,0.0010864313,0.9636837,2,44,0.021177527,0.9622968,2,65,0.012434556,0.97185564,2,94,0.019055534,1.0493273,2,116,0.005021521,1.0083265,2,167,0.0060391403,0.9666597,2,200
137,0.0,0.99329114,2,25,0.00046329125,0.9862326,2,47,0.0,0.9612648,2,69,0.016002081,0.9734517,2,98,0.0,0.7311357,2,120,0.0,0.6543483,0,140,0.0,0.7174068,2,163,0.008411441,0.75284207,2,200
138,0.023143206,0.9717714,2,20,0.013554362,1.0482458,2,42,0.0064935517,1.0293775,2,69,0.0020062868,1.057155,2,104,0.0026559872,0.9918933,2,125,0.0,1.0221177,2,148,0.0041448823,1.0198511,2,168,0.0063994583,1.0453007,2,200
139,0.015258863,1.0376109,2,26,0.038091,0.9392544,2,49,0.0023763697,0.93890715,2,70,0.0071038604,0.90517926,2,92,0.023353359,0.8549579,2,112,0.0,0.8719858,2,132,0.00035816123,0.8772499,2,152,0.052226108,0.74200034,2,175,0.0029894973,0.678927,2,200
140,0.00018093387,1.0160073,2,22,0.0,1.0423881,2,46,0.005099169,1.0161278,0,70
141,0.0046608862,1.011889,2,20,0.00069226115,1.0609094,2,43,0.0,1.0218477,2,63,0.0057940404,1.0186677,0,85,0.0,0.9919756,2,108,0.01076273,0.97678673,2,133,0.013968453,0.8560486,2,153,0.024953716,0.9106833,2,176,0.013742428,0.9404767,2,200
142,0.0,1.0735121,2,20,0.0,1.0177705,2,46,0.0,1.003665,2,66,0.0066403872,1.0125995,2,109,0.019898618,1.0116168,2,143
143,0.0046204925,0.9981542,2,34
144,0.00049805566,0.9887265,2,23,0.0051089777,0.9172147,2,44,0.00026282924,0.90892774,2,65,0.0004415039,0.8855054,2,85,0.012679045,0.8041468,2,124
145,0.0,1.0725353,2,20,0.0,1.0546019,2,41,0.00026949073,1.0535862,2,63,0.006993372,1.01664,2,84,0.0042748908,1.0142959,2,104,0.006793656,0.9788279,2,140,0.011881044,0.95605314,2,160,0.0010243721,0.99672806,2,180,0.01151893,1.0162847,2,200
146,0.034792244,0.9858049,2,20,0.0095924605,0.9805978,2,40,0.020849822,0.9700021,2,62,0.0058903163,1.0122311,2,93,0.007847503,0.9823101,2,113,0.008456613,1.0100178,2,133,0.00017233314,1.0036424,2,156,0.039293144,0.8971303,2,176,0.004523693,0.9456663,2,200
147,0.022407213,0.96078897,2,24,0.0031881575,0.9049396,2,49,0.0,0.9252613,2,69,0.0,0.88398296,2,89,0.0,0.9210352,2,112,0.0,0.8686498,2,132,0.0,0.67402244,2,153,0.008090955,0.76896924,1,173,0.0047467016,0.71259755,2,200
148,0.0,0.9807892,2,20,0.010470171,1.0442492,2,44,0.0,1.0328028,2,65,0.00037017855,0.9855565,2,85,0.002280588,1.0273226,2,106,0.006994104,0.99675465,2,139
149,0.0,1.0234983,2,20,0.024758285,0.931445,0,41,0.0064288257,0.9403586,2,66,0.0028393948,1.0049108,2,88,0.0,0.8907905,2,110,0.020729952,0.8280857,2,133,0.0,0.94149446,2,153,0.019988079,0.825013,0,175,0.03455381,0.83846,2,200
150,0.00056887587,0.99871445,2,20,0.0019476275,1.0040601,2,41,0.02228418,0.9865838,2,61,0.008347198,1.0018513,2,81,0.009564228,1.0268848,2,113,0.0,1.0712093,2,133,0.005537874,0.9925271,2,160,0.0024615766,1.022444,2,200
151,0.0,0.9536176,2,21,0.01658676,0.89987487,2,41,0.0070888423,0.9218433,2,62,0.0059218355,0.8296711,2,82,0.0,0.93410385,2,102,0.03366463,0.866598,2,122,0.00015077698,0.7871252,2,144,0.021132346,0.7850652,0,164,0.0011552271,0.3600924,2,200
152,0.0,0.98568743,2,21,0.0113491025,1.0053108,2,41,0.011030529,1.0156615,2,72,1.179686e-05,1.034538,2,95,0.004063554,1.0064056,2,116,0.009565177,0.994848,2,139,0.0026271732,1.0331429,2,162,0.006628286,1.057083,2,200
153,0.0035240182,1.0100712,2,22,0.0024461283,1.0405596,2,42,0.0072915414,0.9776193,2,62,0.011795191,0.85045385,2,83,0.0003694223,0.9101123,2,105,0.017223438,0.9350316,2,125,0.033738602,0.8506388,2,146,0.0,0.81799364,3,166,0.004570935,0.90983576,2,200
154,0.0020232566,1.0383998,3,22,0.0,1.0020266,2,43
155,0.0076221256,0.9950664,2,25
156,0.0,1.0195513,2,20,0.0,1.0305605,2,40,0.010958842,0.9708251,2,67,0.0,1.0826653,2,95,0.0036393804,1.0067567,2,116,0.002403825,0.98980796,2,136,0.0060766283,0.94554275,2,157,0.0075662676,0.96102357,3,179,0.017808687,0.80083954,0,200
157,0.006507225,1.0193988,2,25,0.003988762,1.0577971,2,45,0.018831827,1.017291,2,66,0.0,0.9903251,2,86,0.0033183817,1.0033659,2,109,0.0,0.98708284,2,129,0.0,1.0332971,2,150,0.0,0.99531174,2,173,0.0,1.020037,2,200
158,0.010539833,0.99023336,2,23,0.008326553,0.99257904,2,44,0.0024276709,0.94147253,2,75,0.0,0.9588833,2,97,0.0,0.9083925,2,118,0.0072418354,0.99507475,2,145,0.0009263715,0.9751356,2,169,0.012953841,0.9545059,2,200
159,0.00025695283,0.9247413,2,22,0.016296703,0.95326126,2,42,0.03156074,0.9681846,0,62,0.025130192,0.93797636,2,85,0.02135392,0.94038737,2,105,0.0032142827,0.9995951,2,126,0.024897095,0.96141917,2,147,0.02257828,1.005668,2,167,0.0071488735,0.9950014,2,200
160,0.0061063995,0.98701614,2,33,0.008412721,0.9226662,2,54,0.006257989,0.92991906,2,78,0.030227618,0.9352441,2,102,0.03185167,0.8655468,0,122,0.004502347,0.83041734,2,142,0.0,0.82030714,2,162,0.0035462442,0.9244115,2,200
161,0.0,1.0112369,2,20,0.0,0.96496284,2,40,0.0058989604,0.9754335,2,69,0.021316005,1.0164931,2,97,0.0043985136,1.0300246,2,125,0.014019115,0.94240415,2,145,0.0,0.98667365,2,166,0.0067028403,1.015606,2,200
162,0.0,0.9954363,2,22,0.045548916,0.9596802,2,44,0.0038471818,0.96552384,2,64,0.003782124,1.0023507,2,84,0.0030277988,0.97545946,2,104,0.0,0.96068156,2,125,0.0,1.0004101,2,148,0.04721992,0.9089772,2,168,0.014575541,0.7401153,2,200
163,0.0,1.0156839,2,20,0.0,1.027277,2,54,0.007098312,0.97158283,2,102
164,0.0067038652,1.0067872,2,22
165,0.005630889,0.99280584,2,27,0.027420776,0.89702696,2,49,0.0006354661,0.9192582,2,81,0.01346455,0.82795954,2,101,0.00084982236,0.98306525,2,121,0.0,0.8239573,2,141,0.0,1.0143565,2,162,0.0050389124,0.8902405,2,200
166,0.0016816363,0.95722663,2,20,0.008744967,0.92100346,2,40,0.016140686,0.95499897,2,60,0.0030344457,0.97662115,3,94
167,0.004655551,1.0419538,2,27,0.0014185949,1.0563983,2,55,0.0,1.0183722,2,75,0.0051622163,0.9936031,0,97,0.02459066,0.9579196,2,117,0.003042525,0.9305999,2,143,0.020891067,0.9408673,0,163,0.023456234,0.9653914,2,200
168,0.0039019403,1.0309824,2,28
169,0.0015812332,1.0428389,2,30
170,0.004436715,0.9163346,2,20
171,0.00216021,0.93405306,2,28
172,0.014998985,0.99773324,2,25,0.0010252078,1.0434177,2,47,0.00035967937,1.0051033,2,70,0.025361633,0.9933807,2,92,0.00088642933,0.97966295,2,122,0.028762748,0.92136574,2,142,0.00085815025,0.99243516,2,163,0.0153792435,1.0105418,2,191
173,0.0043219556,0.9795587,2,29,0.017379332,0.95986617,2,51,9.425916e-05,0.96262944,2,71,0.0070553483,0.89941996,2,91,0.012845543,0.91767466,2,111,0.0,0.8398484,2,131,0.001834282,0.8001407,2,151,0.0,0.5209,2,172
174,0.0,1.020492,2,21,0.0054742224,1.0535129,2,41,0.0010175151,0.9404997,2,66,0.018225411,0.9809811,2,98,0.010270304,0.91874254,2,118,0.0,0.8544452,0,139,0.015571537,0.8673598,0,159,0.0,0.8922871,2,200
175,0.005849939,0.9946121,2,20,0.0030112416,0.9945521,2,45,0.00035291287,1.0827963,2,65,0.00135265,1.0341697,2,86,0.0,1.0894561,2,107,0.0042461464,1.0164509,2,127,0.007831912,1.0133479,2,147,0.0012064737,0.9881191,2,191
176,0.0023742337,1.0121763,2,43,0.0,1.0309217,2,66,0.019231848,0.95477974,2,93,0.01401293,1.0060017,2,115,0.045878183,0.97348976,2,135,0.023692498,0.97999084,2,155,0.017167786,0.9719646,2,200
177,0.0057957955,1.0271382,2,20,0.0,1.0068605,2,40,0.0,0.9630745,2,60,0.012591102,0.99990815,2,85
178,0.0,1.0221071,2,34,0.0034150525,1.0631844,2,54,0.00025849653,1.0048124,2,77,0.002061118,0.9804913,2,98,0.0123875365,0.9896755,2,119,0.0019537765,1.0310493,2,139,0.0063733472,1.0416152,2,161,0.002115791,0.97327226,2,200
179,0.013356552,0.9977761,2,25,0.0074918363,0.95099616,2,51,0.003905141,0.94907266,2,71,0.0023033046,0.92945737,2,91,0.0027071254,0.9391353,2,117,0.0153986085,1.0069692,2,137,0.009637603,0.8800556,2,157,0.03755801,0.94585305,2,177,0.0,0.8759137,0,200
180,0.015768856,0.9378052,2,20,0.0076115043,0.96605796,2,40,0.02111888,0.9432144,2,77
181,0.011434439,0.9826914,3,22,0.021536896,1.0410082,2,43,0.0,0.9499672,2,66,0.0,0.9633463,2,87,0.0,0.9690002,2,117,0.0,0.9829934,2,146,0.0,0.8949658,0,166,0.0032282174,0.9051027,2,200
182,0.009707679,0.7118965,2,20,0.05293683,0.7675186,2,40,0.0,0.7807808,0,60,0.0059249243,0.78159523,2,80,0.0,0.7010159,0,102,0.11909722,0.54638433,0,123,0.0054198895,0.33649197,0,143,0.031646237,0.5018258,2,177
183,0.0,0.9453814,2,22,0.020864174,0.9563898,2,42,0.0037943537,0.918563,2,74
184,0.0055474862,0.96540034,2,22,0.037537705,0.92042506,2,47,0.048214234,0.882835,2,69,0.0,0.9513938,2,92,0.0,0.8144533,2,113,0.0002049637,1.0181507,0,134,0.010883788,1.1924237,0,154,0.0,0.90764415,0,175,0.049527094,0.538689,0,200
185,0.0021673844,0.99306726,2,20,0.009574116,1.024557,2,47,0.0053052288,1.045546,2,69,0.0008798785,1.0533397,2,106,0.0,1.006071,2,126,0.0053982986,1.006623,2,148,0.003535144,1.0331345,2,172,0.01550506,1.0558474,2,200
186,0.004525956,0.999215,2,20,0.0017797913,0.937599,2,40,0.0066698315,0.9847069,2,61,0.00085447426,0.9645232,2,82,0.011419246,0.94518244,2,103,0.006312904,0.9794917,2,123,0.0050679245,1.0306476,2,149,0.008285632,1.0229934,2,170,0.008450648,1.0303252,2,200
187,0.016942767,0.9778776,2,20,0.005304088,1.006724,2,48,0.007975082,1.0388746,2,69,0.0,0.9729468,2,92,2.1546814e-05,0.94672763,2,113,0.001995728,0.9071059,2,134,0.0018565869,0.98717904,2,157,0.0044990527,0.871311,2,177,0.044919036,0.9509534,2,200
188,0.0063546086,1.0312419,2,20,0.01594095,0.97064304,2,44,0.014691214,1.0819578,2,64,0.0011198345,0.9759079,2,84,0.013801563,0.9803282,2,104,0.012323755,0.96273184,2,124,0.04013802,1.0037199,2,144,0.03247513,0.95602906,3,164,0.022290029,0.97713786,2,200
189,0.0,0.90745145,2,20,0.042705588,0.88238907,3,40,0.020287188,0.9461166,3,60,0.0,0.94418067,2,80,0.0,1.0524216,2,101,0.008533657,0.9107704,2,121,0.0,0.9428266,3,141,0.0,0.7301325,2,163,0.0,0.8627906,2,186
190,0.023863059,0.986246,2,20,0.011254678,0.9964053,2,40,0.013154816,0.9902787,2,61,0.0,1.0492289,2,81,0.00051438983,1.0198386,2,113,0.0047349385,1.0180894,2,133,0.0,1.0258192,2,154,0.005577205,1.0119498,2,175,0.0059789866,0.989581,2,200
191,0.011846376,0.99806017,2,35,0.018301426,0.9331891,2,61,0.0,0.95226556,2,81,0.018551847,0.94641596,2,103,0.0,1.0357139,0,123,0.009304413,0.90648055,2,150,0.0069639906,0.6753645,2,172,0.044424586,0.88203686,2,200
192,0.015019556,0.97091657,2,21,0.014412722,1.0058985,2,41,0.0050200755,1.0309215,2,62,0.0065941885,0.9254188,0,88
193,0.0,1.0307094,2,39
194,0.025764313,0.9741634,2,21,0.00818722,0.9888216,2,46,0.009877084,0.94401354,2,76
195,0.0,1.0498706,2,22,0.0012482494,0.9899283,2,45,0.0013266107,1.0086782,2,72,0.0,1.052345,2,95,0.0012748741,1.0415998,2,133,0.0,1.0538622,2,154,0.0,1.0605314,2,177,0.0018810118,1.0641279,2,200
196,0.0026166444,0.9938531,2,21,0.0,1.0232975,2,44,0.0,1.0621008,2,71,0.0,1.0668833,2,91,0.002088943,1.0506554,2,113,0.0006893904,0.9721502,2,136,0.0032569855,0.936177,2,157,0.010707396,1.0004584,2,177,0.0024890588,0.9371224,2,200
197,0.0034136006,1.037438,2,35
198,0.0071919644,0.9920901,2,21,0.014996608,1.0082763,2,41,0.00815113,1.0094225,2,80
199,0.005100654,1.0025977,2,38,0.008034236,0.9706554,2,61,0.004580734,1.0369667,0,81,0.036815442,1.0019242,2,101,0.00044495304,1.0266544,2,121,0.0017953413,1.0184447,2,142,0.001580496,1.0369799,2,162,0.0050356747,0.99697506,2,200
200,0.0,0.9773739,2,20,0.0,0.9842031,2,42,0.0071012797,0.9801662,2,77
201,0.011247329,0.9774184,2,23,0.013550914,1.0027179,2,49,0.008693624,1.0254183,2,69,0.004961223,1.0350714,2,89,0.00869294,0.9982369,2,110,0.007888068,1.0250193,2,130,0.00555335,1.0135193,2,150,0.0,0.97911423,2,171,0.01117558,0.9972298,2,200
202,0.0011755349,1.0293437,2,24,0.009724178,1.053588,2,50
203,0.003335522,1.0012054,2,21,0.023457155,0.938933,2,46,0.025324196,0.98568547,2,66,0.032016616,0.91072357,2,86,0.006932692,0.92460644,2,119,0.0006390405,0.9417556,2,139,0.008208109,0.94080365,2,159,0.0,0.9149807,2,179,0.0063713114,0.99199504,2,200
204,0.0047896216,0.9560849,2,20,0.0,0.8292116,2,42,0.0,0.49839565,2,64,0.0,0.46148735,1,84,0.0,0.49634427,2,104,0.0,0.48059025,1,124,0.0,0.65927625,0,145,0.0,0.8023812,2,166,0.0045815464,0.7978697,2,200
205,0.004072941,0.9464822,2,20,0.0045000296,1.0001202,2,42,0.006344615,1.0040811,2,62,0.02822868,0.99632645,2,83,0.029614642,1.0182989,3,117
206,0.0049208724,1.0189736,2,20,0.0,0.9112318,2,41,0.013188514,0.7706089,2,61,0.008546623,0.8689483,2,96
207,0.0033758394,0.9753891,2,20,0.00584812,0.95243096,2,43,0.0,0.99780756,2,64,0.010971958,0.97066164,2,84,0.00028063674,0.9925386,2,104,0.0,1.093366,0,132,0.0061438177,1.0740434,2,153,0.006473726,0.9674624,2,173,0.0056634215,0.97714305,2,200
208,0.006642343,0.9972489,2,47,0.007558489,0.97734,2,74,0.0,1.0425353,2,95,0.009793306,0.9931234,2,118,0.0029010293,0.97630346,2,138,0.014326441,0.9784567,2,162,0.005729017,0.9901855,2,200
209,0.0010473967,0.98591405,2,22,0.0019642473,1.040667,2,42,0.0083225025,1.0125333,3,63,0.016318783,1.0051748,2,83,0.017814405,0.9872341,2,121
210,0.0014720462,0.99813575,2,28,0.031936415,0.9762905,2,48,0.008854346,1.0401444,2,70
211,0.0091766,1.0074841,2,22,0.0012549835,1.0572771,2,55
212,0.0,1.0593191,2,23
213,0.0012840992,0.9976837,2,22,0.0,0.94513243,2,44,0.0,1.0133226,2,65,0.0060775536,1.0148436,2,86,0.009639317,0.9311293,2,106,0.026407147,0.8170579,2,126,0.0,0.8983002,3,146,0.0,0.78132004,2,170,0.005082854,0.64596593,1,200
214,0.00074378063,1.052147,2,31,0.0,1.0442188,2,51,0.014775798,1.0074118,2,71,0.0,1.0510547,2,91,0.033523664,1.010083,2,111,0.0016877545,1.0352945,2,131,0.021075787,1.0728542,2,153,0.008882727,1.0318501,0,173,0.016171131,0.9742817,2,200
215,0.0032744496,1.0105331,2,25,0.015605875,1.0018545,2,47,0.0011771785,1.0352944,2,71,0.009775611,0.9622034,2,91,0.01096989,1.0056998,2,124,0.0,0.97265184,2,144,0.01186022,1.0203375,2,178,0.015951214,0.96907735,2,200
216,0.0026280587,0.9623723,2,21,0.0,0.9831333,2,41,0.031125681,0.9077084,2,62,0.005199333,0.7977459,2,82,0.0,0.85855466,2,102
217,0.042390622,0.8203759,2,20,0.0,0.96015245,3,40
218,0.0047525293,1.0091928,2,21,0.009632287,0.9834629,2,41,0.0010451457,0.98479474,2,62,0.0,1.0224457,2,85,0.0008262451,0.95437455,2,109,7.21111e-05,0.9811152,2,129,0.0,0.94882333,2,149,0.003223252,0.97680515,2,178,0.007822766,0.974664,2,200
219,0.024378452,1.0166229,2,20,0.007875768,0.96350706,2,42,0.009088052,0.98332214,0,63,0.012110955,0.92775893,2,86,0.023736298,1.0004054,2,108,0.0416443,0.8885495,2,128,0.0051158043,0.9448435,2,148,0.033036947,0.96489346,2,169,0.03355137,0.9619288,2,200
220,0.0018072402,0.9655392,2,21,0.012288205,0.9752178,0,41,0.0,1.0444026,3,64,0.019583859,0.91985,2,84,0.028529543,0.9465418,2,104,0.0024219884,0.90922886,2,130,0.028059255,0.91174126,2,150,0.010535029,0.9430315,2,171,0.004212742,0.9527914,2,200
221,0.0,0.968539,2,21,0.0035504652,1.0044515,2,57,0.021961138,0.9510583,2,80
222,0.0030849217,0.97092414,2,22,0.019250784,0.9785657,2,50,0.004784929,0.9216463,2,71,0.0005393077,0.92766434,2,96,0.004334278,0.9332139,2,116,0.0,1.0127001,2,136,0.0,1.0054233,2,159,0.009962393,1.0147443,2,179,0.0,0.8926261,2,200
223,0.009079385,0.9448079,2,20,0.007183072,0.9308311,2,61
224,0.0011550481,0.96841955,2,20,0.00997106,1.0377718,2,40,0.006497349,0.9333466,2,61,0.013345204,0.9665681,3,82,0.0,1.0094773,2,102,0.006422721,0.99481887,2,122,0.0,1.0298738,2,142,0.010609296,0.98653907,2,164,0.0044698897,1.0141621,2,200
225,0.0015193118,1.0146277,2,20,0.0,1.0472441,2,40,0.0044723228,1.0008614,2,72,0.021241259,1.0128206,2,92,0.0009451461,0.9302928,2,112,0.008373733,0.9468977,2,133,0.01954784,0.93358773,2,158,0.013342833,0.96934426,2,178,0.043506514,0.9065869,2,200
226,0.010978,0.9769862,2,20,0.001802297,0.91872007,2,40,0.014532107,0.9086553,2,60,0.0035536468,0.8694634,2,82,0.0,0.9076689,0,102,0.019756626,0.954721,0,122,0.0050658397,0.8827655,3,142,0.041826054,0.9020588,3,164,0.019128582,0.85407597,2,200
227,0.0037928745,1.013368,2,22,0.006709463,0.94304943,2,42,0.012605911,0.9269434,2,70,0.031824525,0.9626329,2,93,0.041607037,0.95240504,2,120,0.04441444,0.9673064,2,145,0.011920054,0.9660164,2,166,0.02077124,0.9746409,2,200
228,0.0,1.0350838,2,20,0.0009994392,1.0451353,2,40,0.0,1.0607762,2,61,0.009002477,1.0066994,2,81,0.004227916,1.0031382,2,101,0.0,0.9677188,2,127,0.0060455375,0.9728706,2,148,0.0,0.99877775,2,175,0.0038955556,1.0377904,2,200
229,0.0017459692,0.94674605,2,23,0.015300046,0.972268,2,59
230,0.0046075583,1.0069818,2,22
231,0.017108733,0.97434056,2,38
232,0.0012289665,1.0050895,2,20,0.0017485601,0.9918708,2,42,0.0,0.9989034,2,62,0.015584117,0.937512,2,83,0.017426493,0.91729647,2,122
233,0.0015498492,0.966246,2,34,0.00848717,0.98264265,2,55,0.00054363505,1.0463321,2,75,0.0020784475,1.0081034,2,96,0.009684247,1.0005362,2,116,0.01042239,0.9979912,2,136,3.0366045e-06,0.94509965,2,170,0.009832872,1.0651959,2,200
234,0.01078945,1.0039788,2,23,0.00049860805,0.96564114,2,43,0.0005978617,0.9559734,2,75,0.0,0.99193925,2,95,0.0,1.0089875,2,117,0.0065211533,1.0392455,2,139,0.0,0.98949623,2,164,0.0,0.97292656,2,200
235,0.00664903,0.97361505,2,20,0.017867045,1.0126555,2,40,0.003675694,0.9876469,2,62,0.008046871,0.9310951,2,82,0.049380086,0.9487773,2,103,0.007988812,0.95405436,2,123,0.035796415,0.94377196,2,143,0.0089092,0.968818,2,163,0.029124463,0.9598923,2,200
236,0.02217805,0.9577668,2,21,0.0,0.8515066,2,41,0.0,0.79367733,2,61,0.0,0.63664997,0,81,0.0,0.41330248,0,101,0.0,0.6435104,1,121,0.0,0.54514533,2,142,0.0,0.41076285,2,162,0.014624729,0.25231257,1,200
237,0.0004354433,0.98780745,2,20,0.0061270404,0.97718334,2,44,0.005807108,0.9946488,2,69,0.009919349,0.93307275,2,93,0.0031492114,0.97578037,2,114,0.00063194835,0.9926925,2,134,0.017254999,0.90854126,2,155,0.0019488407,0.9719445,2,175,0.012223883,0.9460591,2,200
238,0.014431226,0.98117673,2,20,0.010653853,1.0348841,2,77
239,0.0,0.954436,2,36
240,0.0,0.78259456,2,21,0.0,0.7361406,3,43,0.0,0.48385796,1,63,0.015600899,0.2665,2,83,0.018023852,0.053921003,2,104,0.1776279,0.10261456,2,139
241,0.0,1.0344046,2,20,0.009122382,0.93446076,2,41,0.014532244,0.975037,2,61,0.0016670851,0.9940739,2,86,0.004891057,1.0421699,2,108,0.0,0.94141585,2,133,0.0,0.96389544,0,153
242,0.0,1.0586747,2,20,0.0032387888,1.015959,2,52,0.0033734385,1.0037459,2,73,0.005132557,0.97985,2,93,0.0,1.019546,2,113,0.0,1.000122,2,152,0.016527103,0.96909744,2,176,0.017198866,1.0035316,2,200
243,0.007900428,0.95784396,2,21,0.00029446857,1.0117836,2,44,0.015189971,0.9692957,2,68,0.013069659,0.98235255,2,92,0.0025911645,1.0069724,2,131,0.015788624,0.9464963,2,152,0.009744828,0.999587,2,177,0.0037700858,0.96921945,2,200
244,0.011249071,0.9186553,2,26,0.04709616,0.9338808,2,50,0.022013847,0.7362871,2,78,0.0046653254,0.7449164,0,106,0.0,0.7822424,0,128,0.024832657,0.45978457,0,148,0.029799823,0.5712949,3,168,0.050595775,0.520063,0,200
245,0.0,1.0170513,2,20,0.0013775352,0.99826574,2,48
246,0.0008500253,0.9766567,2,25
247,0.008761302,0.998598,2,20
248,0.0,0.98167366,2,21,0.0,0.85118306,2,41,0.0,1.0971001,3,63,0.0,0.937288,2,83,0.03825862,0.81277895,2,103,0.008049538,0.9194471,2,123,0.0,0.9693435,2,143,0.019452974,0.735696,2,165,0.022840934,0.5907713,2,200
249,0.001049951,0.9994269,2,21,0.008979066,0.94676846,2,45,0.0094264075,0.83569026,2,66,0.002186454,0.8714517,0,86,0.0013552324,0.8334075,2,106,0.008611613,0.8016117,3,126,0.0,1.0547744,0,146,0.0,0.97097236,3,167,0.012751303,0.9312988,2,200
250,0.0076096407,1.0403671,2,23,0.00059252593,1.0240581,2,43,0.0075238687,1.004431,2,79,0.0,1.0036728,2,104,0.0014022999,1.0346326,2,132,0.003252871,0.9868095,2,154,0.004153227,0.9973347,2,175,0.010582431,1.002578,2,200
251,0.0,1.0169696,2,21,0.004350281,1.0262029,2,42,0.0037649139,0.9940047,2,63,0.0039160894,1.0234783,2,88,0.0,0.8853998,2,108,0.003232102,0.9197849,2,133,0.013260568,0.9137932,2,154,0.00013318214,0.9262578,2,175,0.011167497,0.9692317,2,200
252,0.0067083226,0.9586965,2,20,2.4902755e-07,1.0385519,2,43,0.010626673,0.9634693,3,63,0.0,0.9048683,2,83,0.0,0.9990797,2,103,0.0,1.0118203,2,124,0.0,0.9069015,0,147,0.0,0.948023,2,172,0.005558558,0.9072887,2,200
253,0.0054051345,0.95099676,2,20,0.014088725,0.91388804,2,45,0.03206106,0.91307735,2,65,0.0005980198,0.9702651,2,89,0.0037492432,0.972836,2,109,0.019615967,0.94509953,2,129,0.0065400437,0.93214494,2,175,0.0060278736,0.96131957,2,200
254,0.003064409,0.98094285,2,31,0.008709346,0.9895406,2,51,0.0039494154,0.95472735,2,73,0.014822527,0.98874986,2,117
255,0.0132347,0.97291553,2,21,0.01640265,0.9235257,2,41,0.0067549697,0.80699795,2,61,0.029355805,0.95162094,2,84,0.009068125,1.0122186,2,106,0.0030571588,0.8858657,2,129,0.005279195,0.88047963,2,151,0.0,0.97255963,2,174,0.02473526,0.81753606,2,200
256,0.001282661,1.0104661,2,29,0.0,0.96069986,2,49,0.0,0.8655138,2,69,0.0,0.868236,2,90
257,0.009364086,0.94663703,2,23,0.0017464518,1.0076444,2,43,0.0037667088,0.95301837,2,63,0.0021971809,1.0267639,0,84,0.0,1.0076693,2,105,0.0,1.0851257,3,125,0.006004604,0.9958086,2,151,0.012755811,0.93973714,2,172,0.0005399214,0.8971047,2,200
258,0.00069495465,0.85787493,2,21,0.0016298376,0.79417086,2,42,0.026337402,0.6488247,0,73,0.0,0.5249922,0,94,0.0076738265,0.639804,0,123
259,0.003814635,1.0100679,2,21,0.014709401,1.0065534,2,41,0.0064996965,0.9231831,2,61,0.0031426048,0.9717011,2,83,0.0,0.97258425,2,103,0.0,0.977341,2,123,0.0,1.0137181,2,145,0.0,0.99408495,2,165,0.004995524,0.9734969,2,200
260,0.003444808,0.98189133,2,20,0.027807523,0.9306631,2,40,0.0128229465,0.9642466,2,62,0.0077624074,0.9890572,2,91,0.01272666,1.0063623,2,112,0.0,0.9027637,2,134,0.0,0.9506489,2,155,0.0,0.95446223,2,176,0.019835819,0.8992445,2,200
261,0.0,0.96265775,2,24,0.0013414412,0.982429,2,51,0.011004568,0.9592105,2,74,0.0055367677,0.9631713,2,94,0.0,0.99418765,2,117,0.0068925717,0.96573085,0,137,0.0,0.9686248,2,158,0.012483399,0.98518246,2,178,0.007496189,1.0049356,2,200
262,0.00015999362,1.0053238,2,26,0.006643317,0.9657574,2,48,0.010890001,1.0078903,2,81,0.010942684,0.981969,2,101,0.0047895545,1.0169352,2,129,0.004024771,0.976851,2,154,0.0027745925,1.0156801,2,175,0.012176138,0.9630906,2,200
263,0.002770283,1.0289992,2,24,0.00097142224,1.0333912,2,47,0.0026864174,1.0060078,2,68,0.033953995,0.98041123,0,88,0.0020063438,0.98607504,2,108,0.00063157035,1.021831,2,133,0.0036953164,1.0459957,2,156,0.001679777,1.0215377,2,200
264,0.0027806254,0.9869353,2,21,0.0062558325,0.97497416,2,42,0.034772765,0.9570728,2,66,0.01569789,0.97269523,2,87,0.008498161,0.9212569,2,107,0.0005346419,0.9783888,2,127,0.036757838,0.8699993,2,148,0.020519676,0.89863485,2,169,0.023945207,0.8935699,2,200
265,0.011420133,0.98217547,2,20,0.0,1.0159827,3,40,0.0,1.0170224,2,61,0.0,1.0666982,0,82,0.0,1.0125128,2,102,0.0,0.97623354,2,125,0.0,0.97510934,2,147,0.0,0.9839311,2,168,0.012520597,0.94848335,2,195
266,0.0,0.9914797,2,20,0.009780737,0.9311249,2,41,0.0033392324,0.9853985,2,61,0.009184854,0.9596531,2,81,0.010390441,1.0339348,2,104,0.01073202,0.9822095,2,124,0.014807368,1.0385807,2,144,0.0,1.0065144,2,166,0.021957293,1.01857,2,200
267,0.0072437595,0.95292836,2,21,0.004591076,0.9247578,2,41,0.0,0.9609753,2,66,0.0,0.9220058,2,97
268,0.038459547,0.57775176,2,20,0.042725198,0.23833506,1,41,0.059026103,0.36064166,2,61,0.0,0.10863275,1,83
269,0.0052484022,0.95467454,2,20,0.004238326,1.0292401,2,42,0.0058188112,0.97731435,2,62,0.020605544,0.92597806,2,82,0.0054921014,0.9635841,2,102,0.014957252,0.9771463,2,127,0.00870446,1.0218965,2,158,0.0,0.9864119,2,179,0.0122430455,0.9418961,2,200
270,0.0023860754,0.9910412,2,21,0.0,1.0150399,2,42,0.0,1.0080025,3,62,0.0022898957,1.0151926,2,82,0.0,0.95261323,2,104,0.0,0.999389,2,124,0.0,0.92405856,2,144,0.0,0.9186549,2,164,0.0015002023,0.9618333,2,200
271,0.029974464,0.8119596,2,20,0.0,0.6315631,2,45,0.008443176,1.025653,0,65,0.045873974,0.93303406,0,85,0.028467257,0.5113891,3,105,0.0,0.7331262,0,125,0.0,0.7671585,1,145,0.0,0.45921788,1,165,0.051863022,0.3903021,1,200
272,0.0,0.95889884,2,20,0.0,0.80227154,2,40,0.00557427,0.73316926,3,61,0.0023134244,0.4185357,2,81,0.0,0.71091026,2,101,0.0,0.87441427,2,123,0.0,0.78123313,2,143,0.004852011,0.328429,2,164,0.023197468,0.7012851,2,200
273,0.0028824066,1.0583112,2,20,0.0016197982,1.011919,2,48
274,0.009875452,1.0002149,2,22,0.00023716016,1.0163678,2,50,0.0061273864,1.0406655,2,71,0.0,0.9855977,2,91,0.0,0.9669846,2,111,0.009076685,0.94281733,2,136,0.01516107,0.91733384,2,158,0.0,0.7302151,0,180,0.015831878,0.6810314,2,200
275,0.0,0.9313874,2,25,0.042360235,0.9901153,0,45,0.0015009085,1.0256661,2,65,0.0,0.8123296,2,85,0.0,0.80706,2,107
276,0.0036458734,1.0352955,2,21,0.012080436,1.0357609,2,45,0.010752833,1.0066301,2,69,0.02086611,0.9837345,2,89,0.0036960454,0.99294144,2,110,0.039273687,0.9441867,2,130,0.020054664,0.9508361,2,162,0.01768754,0.92503726,2,200
277,0.009315684,0.97924215,2,20,0.013988965,0.9599266,2,43,0.008746657,0.89616627,2,71,0.0,0.8426092,2,91,0.009028256,0.63145095,0,111,0.0,0.38058573,0,131,0.0,0.83002853,2,152,0.00013951119,0.9442498,2,172,0.0031419178,0.6764902,0,200
278,0.0018113313,1.0477023,2,25
279,0.0007073552,0.96416,2,43
280,0.006043175,0.9413221,3,22,0.005489487,0.9167291,2,42,0.0018080029,0.8040004,2,62,0.0,0.8116954,2,82,0.003791773,0.784979,2,103,0.002260549,0.73329467,1,123,0.04288009,0.79090285,2,148
281,0.004124245,0.96555394,2,20,0.01771813,0.9988571,2,48,0.0049501387,0.9280146,2,78,0.0004963712,0.9504833,2,103,0.0,0.958848,2,123,0.030236479,0.68296224,0,143,0.0,0.83865404,0,163,0.004801474,0.88016737,2,200
282,0.006250677,0.9378747,3,20,0.0,0.8977499,0,40,0.022110028,0.52433294,0,78
283,0.0,0.9509926,2,20,0.021996005,0.8892746,2,41,0.013798973,0.93944854,2,64,0.009331165,0.9577322,2,84,0.023082387,0.94828284,2,112
284,0.0011025856,1.0829229,2,21,0.003502804,1.0514525,2,51
285,0.0011788743,1.0370178,2,24
286,3.225226e-05,0.9985216,2,20,0.007997554,1.0397782,2,40
287,0.0053881807,1.0674669,2,28
288,0.005312306,1.0064605,2,21,0.0013212193,1.0338513,2,50,0.011272379,1.0047796,2,78,0.0043135784,0.9676325,2,99,0.008533942,0.9798619,2,119,0.0027921442,1.0098605,2,156,1.1057686e-05,0.99057055,2,176,0.005632969,1.0286633,2,200
289,0.0060661365,0.9964653,2,22,0.004416133,0.9674674,2,50,0.0002522503,0.9781194,2,70,0.020079006,0.9887484,2,90,0.0035499793,0.9595555,2,110,0.0,0.9656259,2,130,0.021906858,0.9827067,3,150,0.004263502,0.92170024,2,171,0.017990716,0.9436186,2,200
290,0.0028882066,1.0669268,2,27
291,0.009694517,0.9846619,2,22,0.009313513,1.0267866,2,46,0.0,1.054843,2,67,0.010712926,0.9896401,2,94,0.00043752944,0.9597655,2,124,0.032856088,0.95463103,2,144,0.0,0.9240882,2,164,0.0053585353,1.014854,2,200
292,0.0032620074,1.0124718,2,23,0.010377367,1.0033256,2,50,0.0,1.0307614,2,70,0.015830163,1.0105996,2,96,0.0051300544,1.0063456,2,121,0.01950064,0.9812789,2,142,0.033167697,1.0460249,2,164,0.0019696848,1.0607104,2,200
293,0.0,0.9974099,2,26,0.00565805,0.9898047,2,47,0.030355394,0.9549772,2,67,0.00729502,0.9717203,2,91,0.00029140405,0.95905626,2,113,0.021158954,0.92307246,2,133,0.0017800794,0.93577814,2,156,0.0,0.8283462,2,179,0.0,0.7232369,2,200
