0,0.0014974086,1.0589925,2,30
1,0.0,1.0076348,2,20,0.0,0.9883173,2,42
2,0.009236986,0.9872158,2,22,0.018560486,0.91814756,2,49,0.042698346,0.9566054,2,74
3,0.007828324,0.95839244,2,27,0.007969259,1.0001328,2,47,0.0,0.8995434,2,67,0.0126295965,0.8634666,2,87,0.0,0.82377136,3,107,0.024465617,0.79553586,2,127,0.020999739,0.81026995,2,147,0.06580262,0.62872016,2,167,0.032220315,0.5672911,2,200
4,0.011368926,0.99707,2,21,0.004371432,0.97980344,2,41,0.025337305,0.99712545,2,62,0.016939888,1.0011551,2,85,0.011586503,1.0072639,2,106,0.006435529,1.0310636,2,135,0.010712285,1.026134,2,155,0.0071572848,1.0031731,2,175,0.0013273434,1.0171094,2,200
5,0.0026977388,0.99598134,2,21,0.02064162,0.9732372,2,44,0.016454238,0.92456996,2,64,0.039558038,0.87437856,2,84,0.0,0.97773045,2,104,0.0,0.87338424,2,126,0.0,1.0063461,2,146,0.0,0.71536684,2,166,0.00995546,0.6614058,2,200
6,0.0005425879,1.0008754,2,20,0.004961137,1.046506,2,54,0.0,1.0077598,2,79,0.00060352497,0.9439739,2,99,0.0027957377,0.9566403,2,124,0.005210653,0.97587156,2,147,0.012590587,0.98239386,0,169,0.006312117,1.0485629,2,200
7,0.004210197,1.0682521,2,24
8,0.00054593006,0.9895771,2,22,0.0013990757,1.0171714,2,51,0.003929729,1.0600091,2,79
9,0.0,0.83600414,3,20,0.0,1.0992563,2,41,0.0,0.8179442,2,61,0.011019601,0.9263679,2,81,0.027783072,0.81633675,2,104
10,0.0,1.0100802,2,23,0.0,1.0538042,2,43,0.004350166,0.9957237,2,65,0.010476026,0.92454594,2,85,0.0,1.0216544,2,105,0.0,1.0337808,2,125,0.02161183,0.98821086,2,145,0.013438133,1.0546743,2,174,0.011928394,1.0361478,2,200
11,0.0,1.0203427,2,20,0.004223553,1.0150284,2,41,0.0,1.045865,2,62,0.009603056,1.0390515,2,82,0.011914353,0.94586724,3,102,0.0,0.93589437,2,122,0.0,0.97486717,0,142,0.0,1.0978336,0,163,0.009160944,0.9023159,2,200
12,0.0,1.0238702,2,26,0.006684676,1.0045744,2,54,0.012084262,1.0279664,2,74,0.013126345,1.046591,2,94,0.016192526,1.0231996,2,114,0.03723936,0.9883003,2,137,0.030597515,0.92617947,2,159,0.053310458,0.9580602,2,180,0.034638952,0.9294337,2,200
13,0.010174785,0.99497414,2,22,0.0018211536,1.0846778,2,42,0.0012483451,1.0153291,2,77
14,0.012283919,1.0185142,2,20,0.013070757,0.9727405,2,41,0.026293423,0.9975834,2,61,0.014280366,1.0101112,2,81,0.022915317,1.0425118,2,112
15,0.0009362616,1.0594043,2,22,0.0,1.018369,2,43,0.013868096,1.0060321,2,63,0.011976104,1.0579479,2,85,0.0023747548,1.0724761,2,108,0.0035157795,1.0500212,2,145,0.0,1.0083157,2,175,0.007974047,1.014708,2,200
16,0.0073760534,1.0113447,2,20,0.022640202,0.9916765,2,40,0.009980501,0.9583343,2,60,0.010431171,1.045758,2,82,0.007695668,1.0601567,2,103,0.0057928385,1.0403765,2,128,0.0010836401,1.0583427,2,151,0.014373514,1.0398881,2,171,0.0010715867,1.0166287,2,200
17,0.0004326515,1.0440981,2,20,0.007746787,0.9897728,2,40,0.022053454,0.9467989,2,60,0.0055940873,0.86271685,2,80,0.017786436,0.94017303,2,100,0.0,1.0098783,2,120,0.0,0.98278207,2,141,0.015482538,1.0163246,2,177,0.0034988993,1.0092533,2,200
18,0.007047443,0.87854946,2,20,0.014575768,0.92341155,0,42,0.0,0.9241319,2,62,0.004046993,0.80263376,0,82,0.010530647,0.83383286,2,103,0.15371034,0.51820165,2,123,0.0,0.5657389,0,143,0.0,0.5026319,0,163,0.18291266,0.3136449,2,200
19,0.018171644,0.90038437,2,24,0.018558584,0.6611058,0,47,0.0,0.71746147,3,67,0.004658713,0.81622374,0,87,0.0066223964,0.88979703,0,107,0.0021061234,0.723755,2,127,0.0034201317,0.41047317,1,147,0.0,0.533859,1,167,0.013554434,0.94093055,3,200
20,0.008783561,0.97390765,2,24,0.009755845,0.9700116,2,45,0.0010660453,1.0182353,2,65,0.0,1.0328586,2,85,0.001652622,1.0688124,2,111,0.017898928,1.0606992,2,132,0.012125227,1.0788679,2,154,0.031258274,1.0261449,2,176,0.011760953,1.0413043,2,200
21,0.006854077,0.9471237,2,20,0.0027004364,0.8708347,2,40,0.014271973,0.89173365,2,61,0.0,0.92949355,2,81,0.0,0.90213686,2,102,0.0,0.7595562,2,128
22,0.00047489518,0.95377314,2,20,0.010131832,1.025714,2,40,0.016062895,0.9843324,2,68,0.0198869,0.9892046,2,88,0.017671753,0.9193934,2,109,0.017811604,0.93465185,2,129,0.022610743,0.9499134,2,149,0.0,0.8985422,2,169,0.014093713,0.8422019,2,200
23,0.010853248,0.9954111,2,40
24,0.0,0.96073085,2,21,0.0,0.92528814,2,42,0.017752172,0.9179069,3,62,0.0067025293,0.8603461,2,84,0.009910179,0.9385316,0,104,0.06242814,0.8577913,0,124,0.0,0.9449541,2,144,0.04297181,0.87544173,2,164,0.014305527,0.9395859,2,200
25,0.0026783335,1.0619962,2,23
26,0.0073291883,1.0400497,2,24
27,0.02130758,0.9819124,2,44
28,0.0,0.86833304,2,23,0.022331798,0.59432113,2,43,0.0,0.7160293,2,71
29,0.010177165,1.0320444,2,21,0.0,1.010337,2,43
30,0.041913804,0.971022,2,22,0.0020200117,0.9480835,2,45,0.003984495,0.77237105,2,65,0.04384482,0.73355466,2,88,0.040239245,0.6092455,2,108,0.0040607946,0.70881593,2,130,0.0,0.75116175,0,153,0.0,0.4677359,0,174,0.04280973,0.2678998,1,200
31,0.0057545365,1.0246645,2,21,0.004837616,1.0085044,2,43,0.006290339,1.0013813,2,63,0.008617234,0.9351414,3,83,0.0,0.9540985,2,105,0.002407143,0.97072774,2,125,0.0034650369,0.96866083,2,157,0.036352962,0.9012573,2,178,0.0024271575,1.0503234,2,200
32,0.0,1.0379736,2,20,0.011692951,1.0233191,2,40,0.0099839885,1.0096564,2,61,0.017695535,0.89263856,2,81,0.0017703511,0.96516097,2,101,0.014955819,0.96717405,2,122,0.00680193,0.9888737,2,157,0.0028834452,0.99270487,0,177,0.010707075,1.0231235,2,200
33,0.0094557805,1.0106957,2,21,0.005029633,1.0043292,2,44,0.017328251,0.96976036,2,66,0.0036526376,0.9950607,2,88,0.0016666137,1.0393568,2,110,0.002631303,1.0311426,0,131,0.005000404,1.0189716,2,158
34,0.0,1.0607475,2,20
35,0.0029809296,1.0505229,2,22,0.020513596,0.9875301,2,45,0.021089364,1.0016539,2,65,0.013663909,1.0333258,2,87,0.0006215448,0.94764996,2,109,0.0064861043,1.0794942,2,130,0.0061592576,1.0546453,2,156,0.011084286,0.989038,2,180,0.007335095,1.0271165,2,200
36,0.016474085,1.0084494,2,31
37,0.0,1.0071336,3,20,0.06396978,0.58584934,2,46
38,0.0,0.87907696,0,20,0.0,0.76068556,2,45,0.011781111,0.7364079,2,65,0.028166365,0.79106015,3,86,0.0,0.22514759,1,116
39,0.021322634,0.76979697,2,26,0.0,1.0187261,2,46,0.07244617,0.61481255,2,81
40,0.0040971045,0.9673561,2,21,0.009706548,1.0050544,2,48,0.0,1.0418514,2,72
41,0.010025889,0.9559671,2,21,0.003435006,1.0696537,2,50,0.0037348703,1.0217544,2,84,0.005958658,1.0156267,2,110
42,0.0075022946,1.0523748,2,38
43,0.011783939,0.97224474,2,34,0.007813289,1.0358795,2,69,0.011092624,1.0183659,2,91,0.0043321825,1.0131903,2,112,0.015502495,1.0369868,2,144
44,0.009788996,1.023798,2,20,0.0,1.0417821,2,40,0.003782957,0.94904464,2,61,0.017606642,0.9995856,2,82,0.029251808,0.953427,3,102,0.00015480146,1.0031943,2,127,0.008245008,0.9569212,2,147,0.004428406,0.97847456,2,174,0.008684804,0.993998,2,200
45,0.008348601,1.0034908,2,28,0.0024774023,1.050667,2,48,0.011195032,0.9721392,2,68,0.015895884,0.9767146,2,88,0.025666457,0.9209052,2,111,0.0046748896,0.9316497,2,132,0.015941905,0.9025871,2,152,0.021397147,0.7554921,0,173,0.07580069,0.9230442,2,200
46,0.006191595,1.0158428,2,20,0.005416274,0.97120935,2,40,0.0061720386,0.968703,2,60,0.004328314,0.9662121,2,80,0.012442994,0.9654196,2,102,0.013606671,1.0041776,2,126,0.014878037,0.95886576,2,146,0.0,1.0283006,2,167,0.018054634,1.0215456,2,200
47,0.006753424,0.9886928,2,24,0.004309035,1.0219193,2,44,0.023059983,0.98025334,2,64,0.023646891,0.9616953,2,84,0.029541278,0.89280283,2,104,0.005405876,0.9598719,2,124,0.021249328,0.89968216,2,150,0.002148143,0.88930345,2,173,0.004525647,0.91600907,2,200
48,0.004302201,0.9991666,2,20,0.0055353106,1.0024079,2,47,0.019596914,1.0265234,2,67,0.004235242,1.0241405,2,89,0.0,1.0371369,2,114,0.015043822,1.0600072,2,137,0.0,1.008164,2,157,0.007601793,1.043471,2,177,0.014474839,1.08246,2,200
49,0.00070989155,1.029757,2,20,0.013032729,0.9862319,2,40,0.0,0.9437925,0,62,0.0062562837,0.97717476,0,85,0.0013045132,0.80315375,2,107,0.0065477015,0.90358776,0,130,0.0,0.9948355,2,150,0.04615567,0.81993735,2,172,0.0021135642,0.73021185,2,200
50,0.0,1.0542773,2,22
51,0.00024789618,1.0387095,2,39
52,0.0022994434,1.0582443,2,20,0.0056644524,1.0455729,2,40,0.005110539,1.044795,2,65,0.006541571,1.0098939,2,85,0.018021371,1.0169073,2,118,0.04821644,0.94301736,2,138,0.010104759,1.0410925,2,158,0.0048518535,0.9994358,2,178,0.0,0.99533653,2,200
53,0.00415856,1.0156765,2,23,0.0,1.0555867,0,44,0.0013770749,1.1201695,2,72,0.0,1.0792538,2,92,0.0059056226,1.1045799,2,114,0.0054766284,1.0702988,2,134,0.011628524,1.0214436,2,158,0.0040705786,0.9992176,2,200
54,0.0057990947,0.9777963,2,26,0.0065576513,0.86380786,2,47,0.0023995258,0.7031225,3,67,0.009461263,0.82258576,0,87,0.028361045,0.8026063,2,108,0.0,0.6437802,0,129,0.0,0.60309434,0,149,0.0008305764,0.4558239,2,169,0.032747347,0.3470437,2,200
55,0.008686626,0.88544166,2,20,0.0009748028,0.9935455,2,46,0.02924645,0.96131444,2,67,0.02800501,0.9199049,0,95
56,0.027566727,0.9997916,2,20
57,0.026492732,0.97927696,2,27,0.0060175834,0.98172176,2,47,0.021786796,0.9298357,2,67,0.0,0.869285,2,87,0.0,0.82209235,2,107,0.0,0.7416267,2,128,0.004648235,0.8983811,2,148,0.001321103,0.9552481,2,171,0.012462097,0.8800946,2,200
58,0.017733341,0.9909587,2,20,0.0,1.0708082,2,40,0.0,1.0528108,2,61,0.014473258,1.0378475,2,82,0.002210246,1.0122837,2,102,0.0057986057,1.0665582,3,123,0.0,1.0969516,2,143,0.0033197396,1.0366532,2,166,0.019090537,1.0596037,2,200
59,0.002070208,1.0151347,2,21,0.0,1.0450523,2,43,0.004283289,1.0395038,2,63,0.010338973,0.9538975,2,86,0.009619245,1.0448596,2,106,0.0,1.0102181,2,126,0.0,1.048077,2,148,0.014719386,0.99883753,2,170,0.004464925,1.0368571,2,200
60,0.025246035,0.9651416,2,21,0.028986862,0.8646546,2,51
61,0.0,1.0172305,2,23,0.010805071,0.97639745,2,49,0.013526659,0.9047938,2,71,0.029992493,0.95336115,2,94,0.0032694645,0.9640231,2,114,0.021445291,0.9421263,2,134,0.047861986,0.901144,2,154,0.012886098,0.95922816,2,174,0.0035054288,0.95360285,2,200
62,0.0102066975,1.0061399,2,21,0.018261753,0.97452015,2,45,0.040550366,0.9082181,2,65,0.0,0.91601163,2,85,0.00925859,0.95391595,2,105,0.043812267,0.8235319,2,125,0.008128813,0.9085004,2,145,0.020260207,0.82830495,2,165,0.02872842,0.5788403,2,200
63,0.01221296,0.9310735,2,20,0.024550823,0.92566544,2,42,0.004383059,0.9126976,2,67,0.0051705516,0.9563312,2,93,0.00555778,1.0109558,2,113,0.0,0.9114658,2,133,0.0,1.0327451,2,153,0.0,1.1431028,2,173,0.04785791,0.69868934,0,200
64,0.008654603,0.9789912,2,23,0.013593348,0.9745208,2,51,0.005317851,0.9786248,2,71,0.0026183354,0.9949474,2,97,0.008236927,0.967547,2,118,0.01109261,1.0164667,2,147,0.02724244,0.98830116,2,172,0.011649532,1.0037168,2,200
65,0.0,1.0292227,2,23,0.0025619282,1.0115658,2,43,0.0014474585,0.9872627,2,63,0.024247337,1.016858,2,83,0.0055320095,1.0233245,2,104,0.00083822076,1.0813797,2,124,0.0,1.0860505,2,144,0.00844,1.0011451,2,164,0.0070496723,0.9471716,3,200
66,0.004631127,0.9833497,2,20,0.00066540216,0.9939949,2,40,0.0,0.9231755,2,60,0.0,1.0046014,2,80,0.00032100946,1.0060496,2,102,0.0029295217,0.97535545,2,123,0.0014608713,0.9681055,2,146,0.0039003787,0.944935,2,171,0.0,1.0046654,2,200
67,0.013154695,0.9875,2,20,0.0036079772,1.0153757,2,42
68,0.030797051,0.74371654,2,24,0.0,1.0074362,0,45,0.014120469,1.0145584,0,65,0.0,0.8704344,0,87,0.013843721,0.41636822,0,114
69,0.00939227,0.994962,2,41,0.0,0.9540711,2,64,0.0,0.90490925,2,92,0.009611571,1.0711299,2,114,0.009282271,0.908755,2,134,0.0,1.052354,2,154,0.00730775,0.9554001,2,174,0.034264497,0.92210746,2,200
70,0.0,0.99655867,2,20,0.0,1.0175049,2,40,0.0,1.006473,2,60,0.0041856524,0.990625,2,81,0.0,1.0076447,2,101,0.009197533,1.0250857,2,121,0.007937205,0.996205,2,159,0.0066642812,0.9726617,2,200
71,0.0013871437,1.0421765,2,20,0.022296801,0.99696493,2,41,0.003619595,1.0327098,2,73,0.0020842012,1.0337448,2,96,0.0025081178,1.0008816,2,125,0.008287521,1.0003552,2,146,0.002603684,0.9954476,2,179,0.0,1.0334501,2,200
72,0.0013649268,0.99512196,2,20,0.00695663,0.9796491,2,45,0.0056650774,0.9874936,2,68,0.020322338,0.9983386,2,88,0.0070129274,0.99336654,3,108,0.0031208456,0.9261326,2,145,0.0144762285,0.90408033,2,166,0.0135519225,0.85094464,2,200
73,0.0,0.9834404,2,21,0.0,1.0026194,2,41,0.0,0.9920793,2,62,0.0009761246,0.95430773,2,82,0.006046318,0.9694032,2,105,0.0,0.9244906,2,125,0.004905766,0.7407182,0,146,0.026279453,0.83722484,2,166,0.010619949,0.8995345,2,200
74,0.002135759,1.0121284,2,20,0.011850486,1.0110193,2,41,0.019157492,0.9807157,2,62,0.0011834576,0.9512857,2,82,0.0040237373,0.92234075,2,108,0.0,0.89081365,0,128,0.037323385,0.95443016,2,149,0.010328817,0.9353019,2,169,0.006507825,0.9528793,2,200
75,0.003667392,0.93041086,2,24,0.006462424,0.96340096,2,44,0.0050341757,0.979796,2,65,0.020518318,0.9612852,2,86,0.027417552,0.9445454,2,106,0.01501188,0.71759117,2,137
76,0.0012778398,1.0359137,2,26,0.008410479,0.99612904,3,46,0.0,1.0174917,3,66,0.0,1.0024132,2,87,0.0,1.0329316,2,107,0.0,0.9895954,2,127,0.019913658,1.0074465,2,147,0.0036513703,1.0074617,2,169,0.008205285,1.0321699,2,200
77,0.006394727,1.022168,2,22,0.008182292,1.0213447,2,46,0.010007245,0.9969748,2,74,0.0059461496,1.0407789,2,94,0.0017690007,1.0515215,2,118,0.027839294,1.0215625,3,139,0.003403784,1.0247157,3,159,0.0012786011,0.9951151,0,180,0.0,1.0248303,2,200
78,0.0,1.0059369,2,20,0.0,1.0007886,2,52,0.011444481,1.0035019,2,73,0.008494133,0.99196225,2,93,0.015724752,0.9843079,2,118,0.0009339063,0.971345,2,143,0.006384658,1.0126817,2,163,0.0022904824,1.0381626,2,200
79,0.04359281,0.8988013,2,20,0.0,0.8707274,2,41,0.004806605,0.7568356,2,61,0.022253355,0.6206251,2,82,0.0,0.5749491,2,106,0.0,0.8652484,0,126,0.0,0.6985246,0,146,0.007119921,0.7647822,2,166,0.07577949,1.0069158,2,200
80,0.02396047,0.94825685,2,26,0.0,1.0109563,2,46,0.021607958,0.99925363,2,66,0.0031123238,0.9961832,2,97
81,0.0030364494,1.0172071,2,54,0.0,0.99402624,2,83,0.011736195,1.000363,2,104,0.011109462,1.0490181,2,125,0.0039222846,1.0524265,2,145,0.0020018374,0.9688645,2,173,0.005856225,1.0442042,2,200
82,0.0,1.004988,2,20,0.013972403,0.98433006,2,48,0.001568628,0.99210274,2,69,0.0029589764,0.985345,2,89,0.026861217,0.9405516,2,109,0.022502372,0.9049163,2,129,0.014856615,0.8823275,2,150,0.008400533,0.93594533,2,170,0.014351145,0.9673321,2,200
83,0.0,0.9593838,2,22,0.0,1.024328,2,45,0.0010221807,1.052565,2,66,0.0067384676,1.0373199,0,89,0.013352543,1.0080258,2,110,0.004911574,0.97060126,2,130,0.0036062368,1.0309143,2,152,0.00019274485,0.9908393,2,172,0.0067335432,1.022448,2,192
84,0.0016253042,1.0238125,2,25,0.0,1.0319238,2,46,0.0,1.0161048,2,66,0.0072408495,0.97546464,3,86,0.007095526,1.0382521,2,112,0.0,0.97855824,2,136,0.0031392458,1.005186,2,164,0.0073029795,1.014743,2,200
85,0.0,1.0188826,2,20,0.011947344,0.9379751,2,40,0.0050475323,1.0013938,2,66,0.0,0.9664351,2,89,0.010654295,0.9960041,2,109,0.00033018942,0.9066339,0,130,0.0,0.88345635,2,151,0.0,0.80699986,0,171,0.008025425,0.8212486,0,200
86,0.0,1.0354924,2,37,0.0023549702,1.0279727,2,57,0.00034770404,1.0634804,2,88,0.00043380194,1.048951,2,110,0.0056335903,0.98657334,2,130,0.0024816464,0.9792164,3,152,0.0,1.0184467,2,172,0.002823904,0.95131415,2,200
87,0.00468293,1.006295,2,23,0.008235214,0.9668138,2,45,0.0073538655,0.9863855,2,66,0.008111198,0.97475225,2,88,0.011281152,1.0633253,2,109,0.003534443,0.98751795,2,131,0.011060612,0.8945821,2,151,0.00091872655,0.92972285,2,179,0.004566694,0.9687309,2,200
88,0.002678228,0.99162775,2,23,0.0024163516,1.0177276,2,63,0.0068818736,0.98276687,2,102,0.008966292,1.0171633,2,123,0.010884059,1.0343404,2,143,0.0,1.0264047,2,164,0.0028412985,1.0001954,2,200
89,0.00604833,1.0103158,2,35
90,0.0034886284,1.0186056,2,27,0.0,1.0180964,2,48,0.0,1.0259116,2,75,0.00055404095,1.0231884,2,96,0.0047907815,1.0106089,2,121,0.0020839202,1.020144,2,145
91,0.0,1.0067649,2,20,0.0,1.0350187,2,40,0.016949935,0.99194795,2,62,0.023778081,0.97252816,2,82,0.01832937,0.951435,2,105,0.0030829094,1.0295869,2,133,0.0013672019,1.0075413,2,159,0.0013802574,0.99299324,2,179,0.0052368776,1.0160432,2,200
92,0.04005132,0.97152346,2,20,0.01030674,0.94484025,2,43,0.0025257904,0.9509922,2,63,0.0014647958,1.0140269,2,83,0.0,1.0367055,2,104,0.0,0.9848176,2,124,0.0019321459,0.95042855,2,146,0.011128029,0.957322,2,166,0.026652548,0.9407382,2,200
93,0.0005316453,1.0006592,2,20,0.012173725,0.98271805,2,53,0.009254158,1.0037662,2,73,0.008506452,1.0344837,2,93,0.005624419,1.015228,2,132,0.0,1.0219773,2,152,7.298812e-05,1.0646102,2,172,0.0,1.0660954,2,200
94,0.0,0.99952036,2,21,0.0068283165,1.033371,2,46,0.0030185478,1.005038,2,68,0.0025402044,0.9935736,2,94,0.0038855313,1.0492829,2,114,0.010842088,0.96603364,2,134,0.01206473,0.9760779,2,155,0.0008867424,0.99372375,2,175,0.0,0.9880556,2,200
95,0.0034579432,1.0167035,2,22,0.006351816,1.0010965,2,42,0.04503786,0.96269715,2,63,0.029360093,0.9555215,2,85,0.009827481,0.9465036,2,106,0.017348753,0.9943646,2,127,0.01800584,0.965073,2,147,0.014454524,0.8856255,2,168,0.008867176,0.9043189,2,200
96,0.013081623,0.9669348,2,29,0.015146566,0.9774658,2,49,0.018072607,0.95543295,2,72,0.006548862,0.963572,2,92,0.0019743233,0.93569756,2,118,0.010876371,0.9651534,2,138,0.007797636,0.9706348,2,158,0.024304114,0.9604251,2,178,0.057446048,0.9136785,2,200
97,0.0,1.0018436,2,29
98,0.0105910925,0.90247613,2,40
99,0.0004922597,0.9784007,2,21,0.0045150905,0.89722997,2,44,0.025089934,0.9071401,2,65,0.026950344,0.9089136,2,85,0.005005925,0.8290203,2,105,0.00917089,0.8940449,2,126,0.0068867295,0.78983086,0,146,0.022169983,0.8934694,2,182
100,0.0,1.0014622,2,34,0.004556162,1.0265003,2,55,0.0014502911,1.0440714,2,75,0.011505261,1.0150558,2,95,0.02143828,0.99127316,2,117,0.0049952934,0.952004,2,147,0.011224335,0.9982036,2,167,0.06553735,0.9555372,2,200
101,0.0063932603,0.859657,2,20,0.0,0.8991873,2,42,0.0,0.9011677,0,62,0.08445809,0.3886307,0,82,0.056555882,0.5355592,1,106,0.0014972768,0.76987445,2,126,0.004860134,0.6526076,2,146,0.0,0.70599693,1,172
102,0.0,0.98524594,2,29,0.031955056,0.9841236,2,50,0.032894246,0.9503177,2,70,0.0,0.7719409,2,91,0.0,0.81696546,2,113,0.0,0.8620167,0,133,0.0,0.76189137,2,161,0.013744843,0.7752384,2,200
103,0.000725884,1.0129427,2,24,0.009497309,1.0044479,2,44,0.013024474,0.98852414,2,64,0.0035560331,0.99226093,2,101,0.006897965,1.0048594,2,121,0.0,0.98900527,2,141,0.002465912,1.0045264,2,172,0.0045607835,1.0447571,2,200
104,0.0,1.0518037,2,22,0.0,1.0374011,3,49
105,0.0013223888,0.9944197,2,32,0.009301465,0.9916378,2,59,0.0055633374,0.99099284,2,86
106,0.008620354,0.9456903,2,20,0.0027985796,1.038961,2,40,0.0046494068,0.9688253,2,67,0.0,0.9955898,2,106,0.00031386808,1.0051398,2,128,0.0019157593,0.9572144,2,150,0.011597595,0.9403742,2,172,0.011464646,0.99858063,2,200
107,0.0049493844,1.024955,2,20,0.0,1.0178224,2,42,0.00937921,0.9967205,2,74,0.0051598013,0.98999816,2,101,0.011349891,1.0130289,2,121,0.00327308,1.009685,2,146,0.0,1.0717797,2,178,0.0030839702,1.0137712,2,200
108,0.000760589,1.0487912,2,31,0.015107471,1.0223138,2,51,0.010058312,0.9734975,2,71,0.0,1.0123651,2,92,0.018539777,0.9912426,2,112,0.00429571,0.98943305,2,138,0.005628041,1.0135237,2,168,0.012002762,0.9531776,2,200
109,0.0,0.97686464,2,31,0.0001777513,0.9837384,2,51,0.00064250483,0.99023867,0,71,0.0,0.9685755,2,91,0.010237302,0.99865824,2,112,0.00084957795,1.0517989,2,132,0.0,1.0493321,2,153,0.01823606,0.85868514,2,173,0.02354955,0.9009636,2,200
110,0.008213078,0.9743107,3,20,0.0,0.987545,2,52
111,0.0013884776,1.0656859,2,20,0.004826134,0.97617495,2,57,0.006018765,0.972767,2,77,0.0073551233,0.99651784,2,106,0.00049135386,0.9775579,2,136,0.0,1.0102262,2,157,0.0017588179,0.9819727,2,177,0.00674028,1.0600495,0,200
112,0.0051557054,1.0080066,2,25,0.020084849,0.99914145,2,74
113,0.015532766,0.98830795,2,23,0.004010394,0.998514,2,45,0.017133122,0.9650192,2,73
114,0.0,1.011742,2,24,0.004622289,1.0022982,2,47,0.0,1.0185076,2,71,0.009596724,0.98041445,2,96,0.01414,0.96870595,2,116,0.0,0.98949945,2,139,0.017143708,1.0342461,2,163,0.008513226,0.9958852,2,200
115,0.0,1.017507,2,20,0.0028931133,0.995594,2,44,0.0059778825,0.9918173,2,83,0.0011307733,1.0332708,2,106,0.022730438,1.0041064,2,128,0.010444677,1.0267955,2,157,0.010184726,1.0201827,2,200
116,0.0,1.0025461,2,21,0.004943257,1.0042758,2,47,0.0034569579,0.997886,2,73,0.0,1.0179757,2,94,1.8279294e-05,1.0357844,2,123,0.008697933,1.0233386,2,143,0.012532746,1.0116235,2,164,0.005028196,1.0141989,2,200
117,0.0032169695,1.0194125,2,29,0.0038627258,0.9199016,2,50,0.0043929317,0.92486125,0,71,0.027194655,0.961774,2,91,0.009882508,0.9299797,2,111,0.010108002,0.9398572,2,141,0.015271794,0.9249863,2,163,0.022864884,0.9250437,2,200
118,0.00472652,0.9931008,2,25,0.022522617,0.9408995,2,45,0.0,1.0731537,2,69,0.026292536,0.81197184,2,89,0.08627401,0.734088,2,110,0.0024730663,0.8907182,2,142,0.008616529,0.9255738,2,162,0.007928535,0.91679996,2,200
119,0.0105604315,0.88214284,2,22,0.025461093,0.89987683,2,49,0.007931834,1.018989,2,69,0.010054084,1.0159647,2,89,0.00092499144,0.8920307,2,109,0.0,0.9292971,2,129,0.0,0.9257364,2,149,0.01096513,0.906849,2,170,8.319486e-05,0.79125524,2,200
120,0.009930658,0.963392,2,25,0.012870386,0.9657334,2,45,0.008956743,0.9903641,2,65,0.0020626364,0.9691777,2,89,0.008620108,0.9920689,2,123,0.007569813,1.0127032,2,154,0.0010394909,0.991022,2,174,0.01452124,0.9016805,2,200
121,0.0072789174,1.0074834,2,36,0.008743698,1.036769,2,56,0.0016653369,0.97401977,2,86,0.0014629868,0.9204013,2,113,0.00269908,0.97873807,2,137,0.005888056,0.94562244,2,161,0.057195127,0.8809204,2,200
122,0.004667116,0.9682023,2,20,0.0005421056,1.0022266,2,45,0.007857957,0.9711878,2,73,0.0029696275,0.9521478,2,94,0.023835452,0.9146656,2,114,0.029264173,0.88649166,3,134,0.04861391,0.96860945,2,156
123,0.008747308,1.0041456,2,21
124,0.0013594695,0.98399436,2,23,0.001552413,0.98191833,2,43,0.0,0.91717166,2,64,0.0074283346,0.93711203,2,92,0.015035326,0.86827403,2,113,0.011052928,0.6821501,2,135,0.039617974,0.6866319,0,156,0.026282554,0.7848288,2,176,0.032243382,0.91296434,2,200
125,0.012076459,0.7664671,2,22,0.027928386,0.6395494,2,42,0.0,0.8290393,2,62,0.0,0.6920968,0,83,0.014157,0.50647163,2,103,0.0,0.584833,2,124,0.0,0.55119056,1,144,0.0,0.15854822,1,171,0.054918762,0.11849627,1,200
126,0.016978871,0.78837395,2,21,0.0,0.56499517,0,41,0.0,0.4916889,2,61,0.0,0.575889,2,81,0.0,0.31143302,2,102,0.057908546,0.4715271,2,122,0.019287575,0.86801183,1,142,0.02960136,0.60031575,3,162,0.04238859,0.52542907,0,200
127,0.013835654,0.965464,2,22,0.0029751419,0.9829601,2,42,0.008228632,0.8047533,2,62,0.0,0.9110274,2,87
128,0.0035526163,0.9669623,2,21,0.0037007616,0.99686486,2,42,0.0016632488,0.9863884,2,62,0.021137772,0.96060157,2,85
129,0.0037031777,0.952204,2,23,0.003919969,0.95398074,2,44,0.030041823,0.9716122,2,65,0.003810691,0.9886956,2,86,0.0,0.91242063,2,107,0.0,0.87095195,2,127,0.012190908,0.9320183,2,147,0.01320844,0.8424279,2,167,0.019469619,0.91550636,2,200
130,0.011333726,1.0248433,2,20,0.00043968722,1.0272757,2,41,0.012721351,1.0423895,2,65,0.0,1.062688,2,93,0.0,0.94167,2,115,0.0068058455,0.8789735,2,140,0.011419444,0.89865875,2,161,0.08251046,0.6863739,2,200
131,0.002455987,1.0048099,2,20,0.0063942606,0.9564373,2,51,0.014966545,0.94242656,2,71,0.0075633726,0.9485444,0,91,0.014600106,0.8096551,2,111,0.009594875,0.9084481,0,131,0.0,0.8285949,2,152,0.038138337,0.5641702,2,172,0.03987337,0.7889243,2,200
132,0.005061665,1.0091699,2,35,0.0016145395,1.0098884,2,55,0.018427633,0.9868195,2,79,0.003045441,0.9540137,2,99,0.007104596,0.9754023,2,120,0.012908576,0.9525973,2,140,0.0,1.0699823,2,160,0.00086430943,1.0103338,2,200
133,0.062475048,0.88569134,2,20,0.0,1.0145274,2,40,0.027801204,0.9290994,2,60,0.09178281,0.7832528,2,80,0.0,0.7993916,2,100,0.0,0.6662799,0,122,0.0,0.5384222,2,144,0.0,0.77733696,2,164,0.003260256,0.46723747,2,200
134,0.0052212453,0.97270584,2,24,0.023056243,0.9240797,2,45,0.0124210715,0.8897548,3,65,0.03498229,0.9221387,0,86,0.0043076053,1.0094091,2,106,0.024824295,0.89874744,2,126,0.024334127,0.8959189,3,164
135,0.010443257,0.99657667,2,28,0.01968564,0.98094416,2,48,0.0069014914,1.0211142,2,68,0.0071037873,1.0125294,2,108,0.002783891,1.0234141,2,133,0.002074215,1.0148401,2,170,0.00028909053,0.98286235,2,200
136,0.0,1.0429951,2,20,0.007660715,1.0182309,2,43,0.0,0.9810324,2,63,0.0033774865,1.0500656,2,83,0.0006144867,1.044758,2,105,0.0,1.0713346,2,125,0.0,1.0645452,2,145,0.030006329,1.0459081,2,166,0.0037404825,1.007593,2,200
137,0.037738748,0.8048588,2,20,0.016336527,0.9202596,2,40,0.0,0.7084888,2,60,0.069453,0.4835503,0,89
138,0.015682705,0.9628892,2,21,0.0058936165,0.9107776,2,58,0.0,1.0201247,2,102,0.011010148,0.9937527,2,134,0.014923607,0.99001646,2,155,0.006347428,1.00535,2,175,0.0015110708,1.0346755,2,200
139,0.0006974018,0.9729103,2,20,0.004698566,0.9883087,2,40,0.005794758,0.9501606,2,66,0.0004915331,1.004029,2,89,0.0056666424,1.0125729,2,116,0.018910091,0.97529304,2,136,0.005000873,1.0118929,2,159,0.001897468,0.9933814,2,179,0.0066433824,1.0033596,2,200
140,0.0,0.99282086,2,20,0.0,0.9653293,2,41,0.0001646274,1.02816,2,62,0.0041943463,0.94618464,2,85,0.0,0.9783902,2,109,0.0013807783,0.93815887,2,129,0.0,0.9774709,2,149,0.0,1.0242158,2,170,0.012874054,1.0168583,2,200
141,0.0,0.99824125,2,20,0.0029092256,0.9651765,2,43,0.01466012,0.97614765,2,63,0.020974705,0.9380805,2,84,0.029041082,0.9354326,2,104,0.0028559323,0.871634,2,129,0.013799595,0.9280593,2,149,0.0,0.93207806,0,172,0.008984418,0.8775939,2,200
142,0.012529504,1.0132717,2,36
143,0.0,1.0079482,2,20,0.0018911735,0.9592953,2,42,0.0029359914,1.022073,2,64,0.0016687048,1.0236696,2,85,0.007937067,0.93515414,2,107,0.006357218,0.91131437,2,127,0.00266075,0.96192396,2,150,0.008749712,0.94005674,2,172,0.0,0.907919,2,200
144,0.0,1.0342921,2,26
145,0.011011949,1.0448956,2,20,0.01563851,0.99563634,2,41,0.013531925,1.0046483,2,61,0.0081063025,1.0115081,2,83,0.011213301,1.0209442,2,103,0.0,1.0583346,2,123,0.0,1.0430914,2,144,0.009862077,1.0055342,2,165,0.003496615,0.99020416,2,200
146,0.0,0.9956234,2,24,0.0024473039,0.99158096,2,54,0.0010395851,0.9552124,2,74,0.004456186,0.9464713,2,100,0.0047369595,0.9927233,2,120,0.0019217893,1.0219461,2,141,0.00070041174,1.0304462,2,172,0.015712034,1.0212567,2,200
147,0.020072524,0.97924167,2,20,0.034424752,0.83985406,2,40,0.02064242,1.024995,3,60,0.0,0.9269458,2,81,0.0,1.0624843,2,105,0.0,0.88160765,2,127,0.0,0.6701705,0,151,0.0,0.72289956,0,171,0.008190157,0.7061617,0,200
148,0.0,1.0008194,2,33
149,0.008452593,0.9598934,2,22,0.0,0.95043385,2,42,0.0015357607,0.9779384,2,68,0.0,0.9729057,2,99,0.0,0.9869892,2,119,0.0039027156,1.0424137,2,140,0.0056290748,0.98510474,2,160,0.0,0.98521584,2,180,0.0,1.0257695,2,200
150,0.0,1.0043244,2,45
151,0.00074449694,0.9812791,2,20,0.011179616,0.9190319,2,40,0.018044466,0.9935468,2,61,0.0027110602,0.9212023,2,81,0.028235089,0.9322568,2,101,0.0032629601,1.0035974,2,121,0.0004069333,0.9920321,2,149,0.003950217,1.0285258,2,172,0.0016597837,0.927144,2,200
152,0.0,1.0197178,2,21,0.006216468,0.9573777,2,42,0.0,0.95384014,2,62,0.013810396,0.940122,0,82,0.008492597,0.94805783,2,103,0.011891103,1.0211216,2,126,0.012593105,0.97818947,2,146,0.006429188,1.0093215,2,168,0.0023408309,0.94459736,2,200
153,0.014030362,0.9903248,2,20,0.0015517069,1.0446657,2,41,0.019549837,0.92834073,2,61,0.018768255,0.9970013,2,88,0.0,0.92065704,2,108,0.013168474,0.98307455,2,129,0.0,0.939411,2,149,0.014057184,0.9251522,2,171,0.0,0.8866888,3,200
154,0.0,0.915966,2,22,0.01097977,1.0006359,2,74
155,0.0079212235,1.0141726,2,24,0.010366905,0.9277879,2,44,0.0020809136,0.94268626,2,67,0.007042582,0.96036327,2,87,0.0,0.9966213,2,107,0.0051516215,0.90438586,2,128,0.005219212,0.98092735,2,165,0.003494404,0.9946013,2,200
156,0.0022965078,0.97174966,2,20,0.01019545,0.9185586,2,41,0.017917832,0.92943233,2,64,0.032943875,0.9780362,2,84,0.007865045,0.9900951,2,110,0.00087353896,1.0089966,2,130,0.018327624,0.95046186,2,151,0.008572725,0.9683885,2,174,0.0071249856,0.9914116,2,200
157,0.0024446025,0.97464716,2,20,0.0130453,0.9242549,2,41,0.0273465,0.858757,2,63,0.003120634,0.8161022,2,83,0.0,0.80049926,2,103,0.0008277011,0.8791364,2,124,0.000430425,0.96696836,2,144,0.009429358,0.8941007,2,171
158,0.016499601,0.9411723,2,21,0.0064205956,0.99772006,2,47,0.00031118913,1.0152882,2,78,0.029719293,0.9448528,2,98,0.017420579,0.9964167,2,118,0.004185748,0.98283595,2,138,0.020377155,0.9020063,0,158,0.028000299,0.93814296,2,178,0.0,0.9138458,0,200
159,0.01315062,1.0129634,2,20,0.0078328345,0.98168504,2,40,0.012690152,0.9679738,2,60,0.010073824,1.0091208,2,89,0.012731657,0.95910007,2,110,0.011247461,1.019304,2,130,0.010359882,0.9491653,2,157,0.03347418,0.94444853,2,200
160,0.010389153,1.0103924,2,35,0.008275046,0.93003714,2,57,0.030349886,0.9379693,2,77,0.023064772,0.9459702,2,98,0.02060152,0.9337239,2,118,0.0057224506,0.95100576,2,138,0.0,1.0341269,2,158,0.0,1.0031219,2,179,0.008652359,1.0299443,2,200
161,0.0,1.0199468,2,29
162,0.0,0.8474287,2,20,0.012552197,0.9411917,2,40,0.0009200921,0.77946633,2,65,0.0,0.7627913,2,85,0.03411052,0.59018487,2,106,0.0,0.35952166,2,126,0.0,0.37178782,1,146,0.011800693,0.2831634,1,167,0.0019509391,0.1770088,0,200
163,0.006575225,0.95365125,2,23,0.0016906034,0.94711703,2,43,0.0012502483,0.9673245,2,64,0.01956115,0.9578521,3,85,0.0033710822,0.949183,2,105,0.068643734,0.9339651,2,125,0.032026764,0.9067834,2,149,0.0052419878,0.98227954,2,174,0.024062863,0.95776457,2,200
164,0.0016647506,0.9859446,2,28,0.015816752,0.9557341,2,48,0.010633104,0.9770091,2,72,0.0039656693,0.9566002,2,92,0.0,1.0019797,2,118,0.03394759,0.8455654,2,145,0.031131184,0.8556407,2,165,0.015404899,0.95980847,2,200
165,0.0083657745,1.0331014,2,20,0.0037506882,1.0294905,2,41,0.003615421,1.0230751,2,61,0.0,0.9851243,2,82,0.011517519,0.9908411,2,103,0.014738704,0.95858544,2,124,0.0010564815,1.0278292,2,155,0.011682964,1.0082837,2,178,0.0053912294,0.9980193,2,200
166,5.1858984e-05,1.0209069,2,31,0.0050570727,1.0083847,2,53,0.0084956745,0.9685055,2,76
167,0.00010760043,1.0068296,2,26,0.0,1.0254786,2,46,0.0017453184,1.0156778,2,67,0.0006892481,1.0065049,2,91,0.009606449,0.9783899,2,114,0.02148854,0.94780403,2,135,0.0046670595,0.9667042,2,155,0.0040973937,0.99289465,2,176,0.0032013126,0.99035424,2,200
168,0.0,1.0081823,2,23,0.020575227,1.0050443,2,48,0.0,1.0393016,2,79
169,0.0023968262,0.9597117,2,20,0.0016115296,0.9325097,2,40,0.0,1.007144,3,60,0.0,0.9617332,3,80,0.005419175,0.74204075,0,115
170,0.0,0.9672047,2,20,0.008177136,1.002417,2,41,0.02576291,0.94157565,2,62,0.017870942,1.0143938,2,82,0.02058257,0.95988476,2,103,0.04339502,0.89677113,2,123,0.0,0.88004744,0,148,0.0047746706,0.728052,2,187
171,0.0,0.9411975,2,27,0.0,1.0105858,2,51,0.007866597,1.0170176,2,90
172,0.009786919,1.024918,2,23,0.0,1.0100605,2,43,0.039414696,0.9433285,2,63,0.0114958165,0.93944764,2,85,0.022337772,0.92152464,2,105,0.0,0.8937753,2,125,0.01831351,0.7379783,2,145,0.086620174,0.68465394,2,169,0.09198535,0.6266205,2,200
173,0.015387215,1.0154378,2,20,0.011016429,0.95751137,2,42,0.0,0.91327494,2,64,0.0,0.9798935,2,84,0.0020949498,0.95705503,3,105,0.0052062767,0.9958952,2,128,0.0028088244,0.93524206,3,150,0.01997322,1.0772965,2,173,0.09222001,0.8871388,0,200
174,0.01817204,0.99491346,2,21,0.0,0.97839475,2,42,0.0019974736,0.9780353,2,66,0.019864721,0.89636487,2,87,0.0076203635,1.0307517,2,107,0.0,0.9758593,2,127,0.032762554,0.8569509,2,147,0.004836666,0.979053,2,172,0.0066806963,1.002851,2,200
175,0.011762451,0.9895544,2,22,0.0,0.9661102,2,42,0.0,0.9400128,2,62,0.0,0.80741453,2,82,0.033776067,0.76627994,0,104,0.0,0.71102196,2,126,0.011628164,0.8436614,0,146,0.0,0.84505355,2,167,0.0050072744,0.9108057,2,200
176,0.0,0.996219,2,21,0.015556194,0.9943838,2,45,0.011942088,0.9809327,2,72,0.0003029743,1.0647774,2,93,0.009032236,1.0437586,2,114,0.0014972243,1.08642,2,135,0.007914312,1.0212159,2,160,0.02449346,1.0043918,2,180,0.001755533,1.0127515,0,200
177,0.003987121,0.9436599,2,20,0.007001403,1.0020585,2,50
178,0.0010396303,0.98932856,2,20,0.010767874,1.0031002,2,41,0.02815138,0.95277286,2,63,0.008042397,0.94565684,2,105,0.0020557828,0.8899818,2,152,0.0,0.92772454,2,172,0.037652653,0.8518656,2,192
179,0.0018020303,1.0121425,2,20,0.011988727,0.97230965,2,41,0.008448895,0.9893038,2,74,0.01162959,1.0116516,2,96,0.009373747,1.008267,2,116,0.0,1.0051918,0,138,0.0032473027,0.9981407,2,158,0.0,0.9990792,2,179,0.00058761355,0.9849229,2,200
180,0.0,1.0132517,2,20,0.038470604,0.92952037,2,58
181,0.0,1.0133177,2,20,0.01311962,0.98711354,2,42,0.005842667,0.92234546,2,63,0.028052893,0.9527809,2,83,0.02276555,0.9382688,0,103,0.0023129776,0.9930978,2,124,0.010950445,1.0149301,2,145,0.023429736,0.9419526,2,166,0.05586536,0.8928001,2,200
182,0.04027974,0.9024759,3,36
183,0.005168591,0.95149326,2,24,0.012184245,1.0057443,2,47,0.0027594517,1.0261014,2,68,0.008749556,0.9923763,2,92,0.009883837,0.94658643,2,121,0.0,0.9904373,2,143,0.009736742,0.9653099,2,171,0.05205766,0.9478116,2,200
184,0.0017053583,0.9972574,2,22,0.0016715558,1.0086732,2,46,0.0018649218,0.99949443,2,75,0.0,0.99672,2,95,0.017626826,1.0294838,2,117,0.0,0.99972934,2,141,0.000368242,1.0030241,2,162,0.0053871423,1.0153096,2,200
185,0.0,0.9852964,2,25,0.002566495,0.9964629,2,48,0.01995925,0.96193075,2,69,0.010488158,1.0221572,2,89,0.0034384748,0.98753804,2,110,0.008145518,0.975767,2,149,0.014763995,0.9900754,2,170,0.0014212538,0.9797622,2,200
186,0.008973537,0.9956143,2,35,0.008573092,0.9895134,2,61,0.006591316,1.0133549,2,94,0.010267766,0.9927982,2,114,0.006467167,1.0158781,2,138,0.0,1.0517602,2,160,0.0069087977,1.0040858,2,200
187,0.0,1.043522,2,25
188,0.0080406815,0.9778491,2,20,0.0046357317,1.0084394,2,40,0.008259235,0.9913117,2,72
189,0.02524356,0.97418433,2,21,0.0,0.98141223,2,51,0.0027683554,0.99791944,2,71,0.0057392386,1.000568,2,97,0.0031348858,0.98803276,2,152,0.021921366,0.9662571,2,172,0.015075686,0.91439974,2,200
190,0.010950091,0.9969334,2,23,0.007545589,1.0128552,2,45,0.011004885,0.97668475,2,65,0.0013005239,1.0038534,2,89,0.023637837,0.974996,2,109,0.004229986,0.9941282,2,129,0.0059971604,0.9681901,2,149,0.007677539,1.0017934,2,174,0.004902982,0.989272,2,200
191,0.0,0.9314591,2,20,0.022278976,1.0079165,2,40,2.92469e-05,0.85334533,2,61,0.0,0.8912452,2,81,0.061653726,0.47038868,2,117
192,0.021138009,1.0056621,2,26,0.0017162526,1.0597475,2,52,0.0,1.0383158,2,72,0.0,1.0864065,2,92,0.0123594245,0.9667981,2,116,0.018238913,1.0012698,2,142,0.0039889123,1.0014127,2,163,0.0074733295,1.0372713,2,200
193,0.0010168825,0.9468662,0,20,0.009101212,0.934429,2,41,0.030319158,0.93856007,2,70,0.0,0.9369497,2,93,0.0,0.9098603,2,113,0.016562779,0.78035367,2,133,0.0,0.6645189,2,153,0.04781366,0.9118444,2,173,0.004493823,0.69091296,2,200
194,0.0027056609,1.0129837,2,21,0.008294704,1.0185813,2,43,0.011230868,0.98547286,2,66,0.0062233694,0.9672947,2,87,0.011685117,1.0063721,2,110,0.0,1.0378551,2,130,0.0017461291,1.0287205,2,153,0.0004477085,1.0377764,2,174,0.008667236,1.051164,2,200
195,0.004326432,0.9991918,2,21,0.0023915863,0.94027185,2,42,0.018993812,0.9270657,2,66,0.0,1.0163424,2,87,0.010042332,1.003364,2,126,0.0,1.0121617,2,146,0.043274295,1.0217133,2,169,0.024994135,0.9442768,2,200
196,0.01457045,0.94169295,2,20,0.014095086,0.948192,2,40,0.007484472,0.94612396,2,60,0.019920837,0.938456,2,83,0.0,0.88591456,2,105,0.0,0.8185699,3,127,0.0,0.83817875,0,148,0.0,0.84292114,2,169,0.0,0.73601234,2,200
197,0.0014608062,1.0425344,2,21,0.013994169,1.0729232,2,41,0.0,1.0376574,2,65,0.00094293023,1.0434561,2,86,0.005809252,1.0223893,2,106,0.0,1.0118923,2,126,0.001621514,1.0335689,2,158,0.003912707,0.9966542,2,200
198,0.012088564,0.9860615,2,22,0.0027236983,0.93468547,2,44,0.004789918,1.0062406,2,67,0.012026442,0.94757473,2,87,0.0012227505,1.0242283,3,107,0.0,0.9608529,2,130,0.013503985,0.9971044,2,153,0.007601344,0.9357363,2,173,0.004170454,0.88144946,2,200
199,0.011622494,0.9808304,2,22,0.0015942166,1.0228748,2,43,0.013232349,1.0204991,2,66,0.0,0.9851501,2,88,0.0,1.0040128,2,108,0.0014644867,1.0253829,2,129,0.008095819,0.97996485,2,151,0.009425058,1.0470048,2,200
200,0.0,1.0082788,2,26,0.004709247,1.0039866,2,48,0.012715654,1.0306709,2,68,0.0037253215,1.0266715,2,97,0.0023074031,0.9654945,2,117,0.0004168898,1.000101,2,140,0.0,1.0093127,2,169,0.006726324,1.0268937,2,200
201,0.00070627406,1.0196337,2,23,0.009884307,1.0157713,2,43,0.013375969,0.98302567,2,68
202,0.005018782,0.9727275,2,20,0.013753725,1.0192735,2,40,0.0020656441,1.0890785,3,61,0.0,1.0311292,2,88
203,0.0049827523,1.0049826,2,42
204,0.007346733,1.0168508,2,24,0.0018867067,1.0385972,2,47,0.005063904,1.0005267,2,68,0.0,0.99930847,3,89,0.000429813,1.0259286,2,111,0.010678527,1.0008894,2,135,0.019813672,0.97788227,2,156,0.007888588,1.0335726,2,177,3.6816396e-05,1.0399224,2,200
205,0.008795878,0.959352,2,25,0.01589742,0.8858738,2,49,0.0017425576,0.9385484,0,72,0.0,0.80728644,0,92,0.0,1.2139503,3,113,0.0030554244,0.8596101,2,133,0.019236833,0.83858806,2,154,0.039047923,0.34937003,2,174,0.007365142,0.53581655,1,200
206,0.011430312,0.9846428,2,22,0.017061796,0.961074,2,54,0.0,1.0116899,2,74,0.0005779761,0.90959203,0,95,0.006618524,0.9163565,2,116,0.0,0.8752047,2,138,0.0,0.7764123,2,158,0.0,0.8577779,2,178,0.0,0.72512215,2,200
207,0.0,1.0366755,2,21,0.009152583,1.0494268,2,42,0.0016056296,0.99662334,2,62,0.027625104,0.9719802,2,82,0.011989295,0.9646302,2,105,0.0026478944,0.9848432,2,131,0.00086615386,0.94669694,2,151,0.00716694,0.9786811,3,171,0.014904125,1.0101913,2,200
208,0.02818424,0.95794666,2,20,0.01943843,0.95654905,2,40,0.010014691,0.94416374,2,65,0.0054705087,0.98045534,2,106,0.0062364885,0.88826615,2,127,0.017357314,0.93550503,2,147,0.0047376216,1.0044614,2,167,0.0021331715,1.0332938,2,200
209,0.0012023769,1.0298766,2,23,0.0048935194,1.0549512,2,43,0.0022763046,1.0017399,2,66,0.00075209653,1.0225996,2,87,0.0,1.0087789,2,107,0.0027617484,0.9825587,2,127,0.009723497,1.0269175,2,148,0.0026560274,0.9780172,2,171,0.007976394,1.0007505,2,200
210,0.0069041885,0.99810183,2,46
211,0.0,1.0202034,2,27,0.007824698,1.0661281,2,50,0.0052904584,1.0543888,2,79,0.0,1.0434072,2,99,0.005439854,0.86898315,2,119,0.0,0.99257004,2,139,0.02023919,1.0129949,2,159,0.007882291,0.9913842,2,200
212,0.0031719506,0.83289194,2,21,0.013193077,0.8282111,2,48,0.0622754,0.9029027,2,69,0.0,1.0454286,2,90,0.016041525,0.9259189,0,126
213,0.01741462,0.95145226,2,21,0.04016883,0.9537055,2,41,0.020078257,0.9106924,2,74
214,0.0012517092,1.0482379,2,20,0.06986513,0.9447622,2,50
215,0.005381306,1.0023363,2,21,0.01289227,0.97659457,2,52,0.025852827,0.9653835,2,74,0.023679009,0.9417721,2,100,0.02022151,0.99664456,2,124,0.022079127,0.9615815,2,148,0.013156426,1.0005367,2,168,0.0024272548,0.9935921,2,200
216,0.027508745,0.6080369,2,24,0.02206858,0.5124294,2,45,0.0,0.2228161,0,81
217,0.0020118344,0.9504358,2,20,0.0012553817,0.9549892,2,42,0.0029824264,1.0115106,0,62,0.0014726698,1.0365083,2,82,0.00037715613,1.0254772,2,119,0.0014329661,1.0120962,2,140,0.0011484436,1.0448809,2,165,0.015614915,1.0556711,2,200
218,0.0074091107,1.0066875,2,20,0.0002945068,0.9142886,2,41,0.0,0.9565729,2,61,0.0041146143,0.9263357,2,81,0.008185035,0.92154616,2,105,0.0061823563,0.94687206,0,125,0.0060722814,0.9392023,3,145,0.0,0.78079695,0,165,0.0003112528,0.59123904,0,200
219,0.015376234,0.9890377,2,20,0.012222225,0.9309013,2,42,0.03728373,0.9438151,2,62,0.014843956,0.86240864,2,82,0.0,0.9641802,2,106,0.0049369535,0.89111805,0,126,0.0,0.5827631,3,149,0.0,0.5853738,2,171,0.011957168,0.69306815,2,200
220,0.0007884438,1.0032197,2,39
221,0.0014435402,1.0274025,2,20,0.00071408885,0.995288,2,41,0.005830557,0.99169385,2,80
222,0.011652928,0.9689901,2,35,0.005565595,1.0422711,2,60,0.009199987,1.018753,2,88,0.0,1.0019429,2,108,0.016982092,0.87708044,0,131,0.0,0.8873955,2,153,0.031196095,0.90418595,2,174,0.006344982,0.8855663,2,200
223,0.0,0.9994589,2,22,0.018115075,0.98214704,2,47,0.003011626,1.0298678,2,71,0.0,0.984923,2,91,0.010069568,0.9849526,2,126,0.007152275,0.9902354,2,147,0.004000081,0.9661132,2,172,0.0006444341,1.0074012,2,200
224,0.0011068231,1.0207348,2,20,0.00021214616,0.96708757,2,40,0.008179382,0.99317884,2,65,0.0,0.9965697,2,93,0.008626451,1.0432681,2,114,0.0,1.0042268,2,136
225,0.008272146,0.95877236,2,31
226,0.013722452,0.9579864,2,22,0.013552683,1.0240657,2,42,0.0022590128,1.0081074,2,75,0.004169638,1.0437567,2,104,0.016298512,1.0103724,2,124,0.028210152,0.98225725,2,144,0.009982703,1.0371252,2,165,0.0005579063,0.9977705,2,200
227,0.0063680666,0.95342904,2,22,0.0018724909,0.83623016,2,43,0.032323457,0.9182028,2,82
228,0.003460305,0.94196564,2,21,0.043427188,0.7200361,0,41,0.030726623,0.7098682,2,61,0.008553768,0.63886356,2,81,0.0,0.57771933,0,102,0.07619077,0.6342605,0,122,0.025679903,0.48824716,0,143,0.09215371,0.4075574,2,163,0.04208456,0.3584781,0,199
229,0.0114665665,0.9720684,2,20,0.0028088146,1.0120069,2,47,0.002137046,0.9578649,2,74,0.0,1.0178457,2,94,0.005496003,0.9511237,2,114,0.010860196,0.96398216,2,138,0.013651085,0.9737503,2,162,0.0068598916,1.0078964,2,200
230,0.01670615,0.9340232,2,20,0.0015423155,0.8510748,2,52
231,0.018485785,0.94290674,2,20,0.020594848,0.92890775,2,40,0.015920606,0.9298953,3,60,0.007270674,0.88672316,2,80,0.045277964,0.93024284,2,101,0.010927203,0.9727062,3,122,0.027897034,0.9726809,3,142,0.012911713,0.90386057,2,162,0.03023495,0.91551054,2,188
232,0.009273899,1.0432559,2,25
233,0.018618867,0.9664116,2,20,0.030057233,0.9541772,2,40,0.0,0.9695894,0,61,0.0,0.8879905,2,84,0.009554422,0.8462038,2,112
234,0.04864943,0.88652056,2,20,0.018072356,0.46328503,2,56
235,0.007151869,0.9998002,2,20,0.0019295951,0.96937346,2,44,0.007646984,0.9301785,2,84
236,0.012031222,0.9871572,2,20,0.0037758362,1.0171224,2,47
237,0.021746997,1.0007856,2,20,0.009263565,1.0189734,2,41,0.0031642045,1.0016717,2,61,0.009211468,0.99026567,2,81,0.017963002,0.97674114,2,102,0.0028479751,0.9936941,2,122,0.0022890095,1.0053809,2,145,0.000576831,0.97623396,2,165,0.035704628,0.9553361,2,200
238,0.044698916,0.9797552,2,20,0.0051101036,0.93521404,2,40,0.0,1.1256129,2,62,0.0,0.83325523,2,83,0.0,0.67943007,2,104,0.018536571,0.58017254,2,125,0.0,0.6346018,2,150,0.054227024,0.43344554,0,170,0.17149107,0.5324937,2,200
239,0.0057926527,1.0233872,2,20,0.009304431,1.0149124,2,41,0.020103494,0.9910587,2,62,0.006015617,0.99687356,2,97,0.0053149327,1.0492542,2,117,0.0,1.0413477,2,138,0.0,1.0459312,2,162,0.0018763646,1.0143894,2,200
240,0.004613571,1.0035429,2,34,0.007610463,0.9784736,2,59,0.0151815135,1.0036359,2,80,0.005561641,0.9943594,2,100,0.025374597,0.95954543,2,121,0.006193016,0.91812533,2,141,0.0,0.99257106,2,164,0.0030266356,0.9453871,2,200
241,0.010772274,0.974123,2,29,0.004229269,1.0147376,2,49,0.0,0.99640906,2,75,0.0,1.0256225,2,95,0.006393809,1.0164472,2,129,0.00600715,1.0405117,2,152,0.0032691108,1.0318031,2,200
242,0.0,1.00629,2,20,0.012489266,0.9591066,2,40,0.0134444265,1.0084091,2,60,0.020833815,0.96138394,2,80,0.015536008,0.9652708,3,100,0.0269964,0.9169175,2,121,0.043196507,0.9801635,0,144,0.040168118,0.93634456,2,167,0.07300481,0.9717199,2,200
243,0.0,1.0225316,2,23,0.00048432164,1.0279924,2,47,0.014861093,0.9877511,2,68,0.0017523516,0.96291494,2,88,0.0,0.9715831,2,109,0.0039966265,0.97745925,2,129,0.008498928,1.0082049,2,160,0.010528685,1.0001215,2,200
244,0.011126773,1.0191005,3,20,0.003147247,0.9507678,2,41,0.0042277267,0.94384384,3,61,0.0015232147,0.9756234,2,82,0.0015267218,0.93987215,2,102,0.0,1.0363047,0,122,0.006653511,0.8797304,2,159
245,0.014768213,0.9738372,2,20,0.0010082369,0.9485589,2,40,0.012320025,0.93064916,2,60,0.008129336,0.9621692,2,83,0.011806247,1.0473896,2,106
246,0.0,1.0012953,2,20
247,0.007936804,0.9851675,2,20,0.006180324,0.99338603,2,46,0.0042101364,1.0324649,2,78,0.008459452,1.0395257,2,99,0.009871669,1.0024902,2,120,0.0,0.98203886,2,140,0.018691499,0.99505246,3,160,0.0036693166,1.0143583,2,200
248,0.0096310945,0.9862712,2,24,0.009552303,0.96038073,2,46,0.013326977,0.930169,2,66,0.04801993,0.8968783,2,88,0.020572346,0.91812325,2,108,0.03397403,0.8759732,0,128,0.0048761717,0.9664827,2,149,0.0,0.87801945,2,169,0.022590335,0.75562876,2,200
249,0.005901873,1.0154705,3,20,0.0013078379,0.84654343,2,40,0.0,0.57337105,2,60,0.008547636,0.45913884,2,89,0.0044092136,0.3833175,0,109,0.07287117,0.29648808,2,130,0.1647451,0.41364896,2,157
250,0.008492826,0.9359995,2,20,0.0,1.0525839,2,41,0.010094093,1.0195098,2,61,0.0025449297,0.99096817,2,82,0.008201272,0.971243,2,103,0.008839255,0.9960674,2,124,0.016194219,0.9481522,2,144,0.022809075,0.90871334,2,166,0.013173086,0.9330977,2,200
251,0.01128293,1.0341033,2,23,0.0049046203,1.012716,2,49,0.008054685,1.0284345,2,82,0.0,1.0420511,2,102,0.000102282254,1.0126216,2,132,0.0,1.0520911,2,157,0.001774583,0.9502435,2,177,0.006350965,0.9810993,2,200
252,0.0008098793,1.0420436,2,24,0.010296235,1.022486,2,44,0.013738679,0.9937941,2,64,0.0038390842,0.9889762,2,88,0.0136871785,1.0078838,0,108,0.028983634,1.0024331,2,128,0.004135358,1.1112745,2,148,0.011809564,1.0186751,2,176,0.0057106973,0.989279,2,200
253,0.0013914963,1.0135808,2,21,0.0018099537,0.98542434,2,41,0.0019569746,0.9948975,2,61,0.005653996,1.0172145,2,81,0.0,1.0193866,2,105,0.00070982176,0.98279303,2,125,0.011716537,0.9792984,2,149,0.0046851337,1.005168,2,178,0.0049530207,1.0039147,2,200
254,0.003507865,1.0220942,2,21,0.009649277,1.0475118,2,41,0.0044249194,1.0772978,2,81,0.01265997,1.0098948,2,105,0.0,1.0648547,2,133,0.0045319046,1.041514,2,156,0.009650387,0.9720107,2,177,0.029866498,0.9317347,2,200
255,0.013755479,1.0042268,2,22,0.0,1.0065858,2,42,0.00052368484,1.0013392,2,62,0.0075935763,1.0079706,2,83,0.00093506137,0.98523986,2,103,0.013924341,0.9604877,0,123,0.0036798944,1.049314,2,144,0.02113008,1.0474709,2,173,0.013319211,1.0644294,2,200
256,0.0021357848,0.9309677,3,22,0.034782678,1.0335106,3,42,0.0,0.91185236,0,62,0.00023652468,0.9307641,0,85,0.0016178472,0.9508935,3,106,0.0,0.94272506,2,126,0.003857686,0.99464405,2,147,0.0,0.9280917,2,167,0.0040795337,0.8963612,2,200
257,0.0,0.9931599,2,26,0.0,0.9716398,2,46,0.029766876,0.9275309,2,66,0.01724246,0.9338946,2,88,0.015676087,0.88295114,2,108,0.038586713,0.88415813,2,128,0.011649955,0.9262868,2,148,0.015219938,1.0079759,2,169,0.002971641,1.0277045,2,200
258,0.006555404,1.0231347,2,29,0.013664061,1.080313,2,50,0.010537025,0.99701035,2,70,0.008502735,0.9604068,2,90,0.009931351,0.97356135,2,114,0.008424119,0.996499,2,136,0.01065308,0.9958111,2,156,5.7861675e-05,0.9407331,2,176,0.06310628,0.94560003,2,200
259,0.00088139606,0.9786556,2,21,0.013658164,0.9926934,3,42
260,0.008495811,1.0392332,2,39
261,0.004089314,1.0451251,2,23,0.0,1.0277438,2,45,0.011339499,0.95121753,2,85,0.009453805,1.0605925,2,108,0.0052539604,0.9887353,2,142,0.03135819,0.8946832,0,162,0.011694307,0.9488866,2,200
262,0.004280377,0.9997511,2,20,0.020399923,0.93356436,2,44,0.00029114503,0.92873514,2,67,0.035425484,0.94531715,2,88,0.02572672,0.9075291,2,109,0.009499676,0.9285991,2,138,0.048005715,0.98068905,2,158,0.014089555,0.90348786,2,178,0.010666695,0.93236965,2,200
263,0.012419449,0.9505143,2,20,0.0,1.1183124,2,42,0.0,1.1247795,2,62,0.0,1.1143909,0,83,0.0072897687,1.1046193,3,103,0.016625322,1.0590597,2,125,0.004843956,1.0582623,2,162,0.014934033,0.96782815,2,200
264,0.0008477358,0.9262025,2,20,0.013397362,0.9123187,0,43,0.0,0.99044764,0,63,0.0040495195,0.9760109,3,84,0.0021832793,0.62692565,2,107,0.0062360154,0.5086955,1,128,0.12160251,0.3479999,0,157
265,0.0020404903,0.9763266,2,20,0.045510326,0.9380913,2,42,0.016195064,0.91698104,2,62,0.024412047,1.0412729,2,82,0.0126297055,0.874379,2,106,0.04972062,0.89203113,2,129,0.0,0.9957177,2,150,0.032113954,0.8687782,2,170,0.046553556,0.87298816,2,200
266,0.009581415,1.0050719,2,21,0.047914185,0.96188813,2,43,0.0053513898,0.90072584,2,63,0.004533683,0.8980896,2,83,0.0048694545,0.9211232,2,104,0.011368426,0.9217493,2,125,0.0,0.95511836,2,145,0.0032502376,0.9600118,2,165,0.0,0.9242533,2,200
267,0.012298351,0.94725144,2,20,0.013353617,0.9440725,2,45,0.023063116,0.8964471,2,67,0.063329674,0.8710678,2,87,0.006718756,0.9605397,2,107,0.026525458,0.93181723,2,136,0.019380797,0.784621,2,156,0.059553575,0.8773999,2,176,0.026570385,0.94811636,2,200
268,0.0,0.9920537,2,24,0.016072761,0.9976186,2,51,0.0029105963,0.9912632,2,89,0.015200657,0.98450756,2,109,0.0,0.91271085,2,129,0.002403733,0.9133435,3,153,0.005546868,1.0720986,2,175,0.008534456,0.981848,2,200
269,0.008847131,1.021744,2,26
270,0.006313267,1.017026,2,26,0.0,0.99149036,2,48,0.0050771795,1.0030746,2,69,0.026626192,0.9771321,2,91,0.013830638,0.9984822,2,112,0.0017055895,0.9494656,2,132,0.0067795897,0.99632645,2,157,0.0293695,0.95448637,2,177,0.01267017,0.9902606,3,200
271,0.007693353,0.9977268,2,20,0.0,0.9568289,2,41,0.020399628,0.9656236,3,66,0.044461325,1.008922,2,86,0.017953422,1.1155921,0,106,0.006985082,1.0169642,0,126,0.017423773,0.8979195,2,149,0.03388229,0.8649643,2,171,0.021852015,0.887354,2,200
272,0.009613778,1.027009,2,22,0.0,1.031252,2,45,0.0,1.0384796,2,69,0.0042573283,1.0266834,2,98,0.0010349404,0.98343545,2,121,0.0098645445,0.970335,2,141,0.00461527,0.9873411,2,164,0.014644093,1.0183948,2,200
273,0.0088374745,1.0486425,2,28
274,0.0067207576,1.0153289,2,29,0.009368874,0.9833303,2,53,0.0,0.9472911,2,74,0.00838209,0.90109354,2,96,0.018261036,0.9597847,2,116,0.012677068,0.8281077,2,136,0.020069582,0.87210804,2,158,0.0071570026,0.7383329,3,178,0.0,0.75976694,0,200
275,0.008154077,0.9730152,2,20,0.0027959668,0.9530662,2,51,0.0022919127,0.9864972,2,71,0.0,0.9858783,2,91,0.00987329,1.0130968,2,115,0.016138788,1.0622509,2,135,0.0028276204,0.9644158,2,166,0.015258507,1.0145404,2,200
276,0.01117567,0.98149836,2,20,0.004482485,1.0342772,2,54,0.006231704,0.9635562,2,74,0.0016274902,0.94794244,2,94,5.078111e-05,0.9544617,2,114,0.0059956,0.97775817,2,137,0.0,0.88991255,2,162,0.018207623,0.9341792,2,200
277,0.00019012034,0.97180253,2,25,0.0020369068,0.9944715,2,50,0.017789938,0.9331388,2,75,0.0,1.0294683,2,120,0.005971674,0.9832342,2,141,0.0,0.9639442,2,167,0.0005487796,0.9484339,2,200
278,0.0,1.0353655,2,20,0.0,0.97600967,2,47,0.0073857442,0.95302004,2,70,0.0,0.9677981,2,91,0.007613565,0.9255761,2,111,0.0017797917,0.95855236,2,131,0.057186864,0.96961796,2,152,0.036817368,0.9812806,3,172,0.06553005,0.93756837,2,200
279,0.0034802675,0.9370088,3,25,0.0,0.97575283,2,45,0.020528417,0.8467716,2,65,0.0,0.84643525,2,85,0.0,0.91838145,2,106,0.0038034534,0.6991066,0,138,0.0,0.71094364,0,160,0.0,0.533038,0,200
280,0.0,1.0290744,2,23,0.002747932,0.99422973,2,48,0.017403249,0.9551517,2,78,0.040567733,0.88052297,2,99,0.025930498,0.8032541,0,119,0.0028951236,0.67619264,3,139,0.0,0.46401837,2,160,0.006601603,0.62435055,2,200
281,0.005106195,1.0217679,2,20,0.026746176,1.0159494,2,42,0.004179649,1.0778648,2,62,0.00874087,1.0329356,2,83,0.0,1.0393575,2,103,0.0,1.0032578,2,124,0.005532627,0.9405236,2,153
282,0.0030586687,1.0412629,3,23,0.0,0.93846035,2,43
283,0.023131998,0.91783714,2,26
284,0.0,1.025007,2,20,0.0051859426,0.97905064,2,40,0.0033684387,1.0285183,2,73,0.029051458,0.97921276,2,93,0.017158201,0.98189735,2,113,0.007515192,1.0018778,2,133,0.0,1.061724,2,156,0.0,1.0009981,2,177,0.009344968,1.0240191,2,200
285,0.0012070403,1.0464435,2,24,0.0043894635,1.0323178,2,62
286,0.0013038581,1.0170481,2,20,0.0,1.0445881,2,41,0.0,1.0194197,2,62,0.015489018,0.9866332,2,83,0.005253381,0.95665425,2,103,0.0,0.8922974,2,123,0.043010425,0.97838134,2,143,0.025852568,0.8772455,2,165,0.013014241,0.9319301,2,200
287,0.0,1.0227149,2,29,0.015590133,1.0073549,2,57,0.0027260368,0.9895145,2,77,0.012499189,1.0182728,2,97,0.016943034,1.0120577,2,117,0.0030518638,1.0274752,2,137,0.0071331896,0.958181,2,157,0.0020258573,0.99651134,2,177,0.007872951,0.9286045,2,200
288,0.0,1.0509871,2,26
289,0.0063859657,0.994592,2,20,0.0038414535,0.91548735,2,46
290,0.0008165178,0.99892026,2,21
291,0.0015760728,1.0030841,2,20,0.0,1.0022434,2,41,0.0066599767,0.9429044,2,64,0.04364053,0.8634723,2,84,0.025158608,0.9388714,2,104,0.0127423685,0.92279017,2,124,0.061311383,0.9375701,2,144,0.008368371,0.9007885,2,166,0.00845385,1.0168171,2,200
292,0.017162025,1.0084009,2,21,0.015050565,0.9629732,2,42,0.0057693995,1.0107592,2,62,0.015093626,1.0114367,2,82,0.0,1.0108883,2,102,0.0,1.043796,2,122,0.0025765167,1.0172024,2,146,0.008141965,1.0141442,2,166,0.0045597316,1.0098509,2,200
293,9.583809e-06,1.002077,2,41
294,0.00044321603,0.9939642,2,20,0.019133274,1.0730658,3,41,0.0,1.0193694,2,62
295,0.0,0.98955977,2,20,0.0034432316,0.97682166,2,42,0.0010160819,0.98589706,2,65,0.010145958,1.0006168,2,85,0.00956671,0.9141613,2,105,0.050329868,0.9467925,2,126,0.03607176,0.94689316,3,147,0.094066896,0.8457457,0,167,0.032258473,0.9156763,2,200
296,0.0013900388,1.0058972,2,21,0.0,1.0148295,2,43,0.008352313,0.96304476,2,63,0.015574848,0.9537506,2,83,0.014091718,0.97205657,2,103,0.02233665,0.9529082,2,123,0.04834874,0.9398095,0,144,0.0037039556,0.973715,2,166,0.037246246,0.92427206,2,200
297,0.0030672625,0.97699004,2,21,0.0058989935,1.0127264,2,41,0.007610538,0.9380144,2,66,0.00557351,0.9638757,2,92,0.013171827,0.9117985,2,113,0.0029530986,1.0176082,2,133,0.014345482,0.9767606,2,157,0.00010861998,0.9972543,2,178,0.004899033,1.0354224,2,200
298,0.0078937905,0.9609537,3,20,0.0,1.0279267,3,42,0.0074293017,1.0193641,2,65,0.0,0.9727257,0,85,1.0301452e-05,0.7397443,2,105,0.024093952,0.83477193,2,137
299,0.00026811758,1.013732,2,26
300,0.0,1.0819528,2,21,0.0,1.0365026,2,42,0.0,1.0104202,2,63,0.0,1.0411453,2,83,0.0058512534,0.9549734,2,103,0.0076249046,0.95418984,2,138
301,0.0072454424,0.9287184,2,31,0.043652557,0.950468,2,57,0.02266424,0.91326046,2,81,0.0076566013,0.99225867,2,106,0.0047327303,1.0219358,2,127,0.0043014535,0.9518691,2,155,0.017169235,0.98185515,2,200
302,0.008418722,0.96790195,2,22,0.0,0.96278083,2,42,0.0066844737,1.0534853,3,65,0.009472529,1.0587577,3,86,0.002257622,1.0038809,2,107,0.0,0.9689549,2,128,0.0,0.9829235,2,148,0.022157855,0.9954623,2,168,0.0,0.9030547,2,200
303,0.019487143,0.97967285,2,21,0.018327335,0.9558314,2,42,0.0044409735,0.9945498,2,70,0.016125748,0.96734315,2,94,0.0,0.9655512,0,116,0.0030125978,0.99762183,2,140,0.0024202124,1.0160747,2,200
304,0.0010547665,0.92567307,2,21,0.006298615,0.9566232,2,51,0.0056079044,0.9417709,2,74,0.0023060956,0.96617174,2,94,0.0039386866,0.9692107,0,115,0.01290441,0.8363615,2,135,0.0,1.0062958,0,155,0.010593033,0.95197016,2,176,0.06015038,0.8339092,2,200
305,0.0,1.0057719,2,21,0.0045644683,1.0210618,2,43,0.001633857,0.9682174,2,63,0.011537407,0.9596554,2,89,0.017281683,0.93468964,2,110,0.015104831,0.9526821,2,132,0.0,0.809998,2,159,0.0,0.8494409,2,179,0.019924583,0.9482164,2,200
306,0.015706254,0.98144007,2,20,0.00014403099,0.9826161,2,40,0.018884517,0.965628,2,60,0.033071548,0.9116574,2,83,0.052294917,0.7735508,0,103,0.0,0.8291829,2,123,0.020153478,0.8513548,3,144,0.056175686,0.8852568,2,166,0.010428639,0.90672845,2,200
307,0.0032614644,1.0126632,2,30,0.0019664925,1.0598034,2,55,0.005763378,1.0354759,2,76,0.0024466342,0.94674814,2,106,0.03546362,0.94268054,2,127,0.021143178,0.96209276,2,147,0.022593942,0.97742224,2,170,0.0,1.051108,2,200
308,0.002417306,0.7779675,2,20,0.0,0.8432782,2,40,0.0,0.7827616,2,62,0.0,0.79319066,0,82,0.0,0.56171954,2,102,0.0,0.46282738,1,122,0.0,0.4137343,1,142,0.0,0.23423654,1,163,0.089454636,0.13462667,1,200
309,0.0,1.0347146,2,25,0.015855178,0.9724762,2,65
