0,0.0035405224,0.94469184,2,25,0.0052497885,0.9338959,2,45,0.0067717424,0.9242137,2,65,0.0,0.8984274,2,86,0.04349728,0.83561003,2,106,0.0058859005,1.0032412,2,127,0.0,0.56854326,2,148,0.014164683,0.6366018,0,168,0.0,0.3295897,2,200
1,0.0013950369,0.9601364,2,21,0.0040749074,1.0268439,2,45,0.0015788277,1.0236886,2,65,0.0018296603,1.0649939,2,88
2,0.0005577851,0.9943941,2,20,0.004464888,0.9601857,2,40,0.02661047,0.9573598,2,60,0.00057544315,0.95897186,2,80,0.008723577,0.9889231,2,100,0.0008538507,0.98548585,2,122,0.0032991236,1.0239198,2,145,0.0020348323,1.0099705,2,171,0.002084834,1.0676633,2,200
3,0.009975909,0.95914364,2,20,0.01270021,0.90850204,2,41,0.037134416,0.8972205,2,61,0.079975955,0.45335752,0,88
4,0.0,0.9834249,2,22,0.0066253915,1.0111867,2,46
5,0.0,0.97888446,2,21,0.0064093918,0.9921522,2,41,0.007382381,1.0092126,2,63,0.00517214,1.0115166,2,89,0.007811166,0.9658056,2,111,0.016191253,0.9390693,3,131,0.0,0.9906006,2,151,0.0010638097,1.0160704,2,172,0.008850354,1.0192865,2,200
6,0.0,0.7470835,2,22,0.071395874,0.6509108,2,44,0.011847242,0.5551598,2,64,0.028658882,0.33199698,0,84,0.20733805,0.32016626,2,115
7,0.005255342,1.0148985,2,25,0.007043227,0.9764183,2,60,0.012032628,1.0237868,2,81,0.00012899208,0.99577904,2,103,0.0,0.98865426,2,123,0.015697371,1.001901,2,144,0.0023483895,1.024872,2,164,0.0066149444,1.0154252,2,200
8,0.0070523676,1.0148699,2,21,0.020777775,1.0035441,2,60,0.0017616474,1.0399362,2,86,0.0028533493,1.025514,2,107,0.0016325052,0.955168,2,129,0.010481854,1.0641011,2,150,0.0022831613,1.0039331,2,173,0.0037550568,0.9791722,2,200
9,0.016333845,1.0261176,2,20,0.0017465693,1.0108274,2,45,0.026374618,1.0438397,2,65,0.0007164104,1.0241897,2,85,0.009490793,1.0160341,2,106,0.019280186,1.0313694,2,126,0.0034896494,1.0517673,3,146,0.0004075245,1.0001022,2,166,0.0,1.0539082,2,200
10,0.012929209,0.99123275,2,20,0.002734876,0.9979005,2,41,0.0020880287,0.990522,2,61,0.001968795,0.9814666,2,86,0.024184333,0.97268564,2,106,0.0017466266,1.100088,2,126,0.000823931,1.0953484,0,148,0.006238904,1.0507624,2,175,0.0010253526,1.0279994,2,200
11,0.024578236,0.9167106,2,21,0.009617957,0.9960786,2,41,0.0,1.0060498,2,65,0.0032617834,1.0973759,0,85,0.0015471944,1.067198,0,105,0.0,1.0589029,2,127,0.0,1.0756999,2,147,0.004813671,1.0220499,2,170,0.0020112046,1.0190493,2,200
12,0.013424529,0.8342622,2,21,0.0006291749,0.6038047,1,41,0.0,0.54815567,2,61,0.0,0.50994766,1,81,0.0,0.32129583,0,103,0.0,0.1610824,3,124,0.0,0.4417202,2,144,0.0,0.3892036,1,165,0.0006005631,0.3169956,1,200
13,0.00080515695,0.9888741,2,20,0.02024311,0.9685252,2,45,0.005182873,0.88145876,2,65,0.013851467,0.97273415,2,90,0.014533715,0.9958514,2,111,0.0,0.925879,2,134,0.0028505537,0.99893624,2,155,0.019346084,0.9265067,2,178,0.0141693745,0.9775854,2,200
14,0.011299332,1.012015,2,27,0.01277634,0.9871828,2,47,0.008590074,1.027392,2,89,0.0,1.0056467,3,110,0.0009802452,1.0026336,2,133,0.024789125,0.8778554,2,153,0.08474366,0.8329011,2,173,0.042803403,0.8721314,2,200
15,0.014229259,0.9979485,2,25,0.022794807,0.92926204,2,45,0.014093288,0.91656977,2,66,0.053141374,0.835393,2,87,0.006501745,0.8741602,3,109,0.0135807935,0.9236054,0,131,0.0,0.80382204,0,152,0.0038724847,0.87781334,2,172,0.0,0.587927,0,200
16,0.0015614717,0.99672216,2,25,0.009414669,0.98190737,2,48,0.017505936,0.904005,2,71,0.00353235,0.90217125,2,91,0.0,0.78917664,2,111,0.0,0.9785694,2,131,0.0063914224,0.8872141,2,153,0.00020356991,0.92064685,2,174,0.029028226,0.6411717,2,200
17,0.014529033,1.000508,2,21,0.007672013,0.99281883,2,41,0.00049203855,1.0182301,2,62,0.0,0.99374646,2,85,0.0,0.8853759,2,109,0.014480385,0.9100045,2,129,0.0034190614,1.0053833,2,149,0.016159113,0.57730526,2,173,0.069138534,0.667086,2,200
18,0.0,1.0294496,2,23,0.006951554,1.0406027,2,43,0.0016754523,0.9617944,2,63,0.0,0.9212664,2,88,0.015234262,0.9432495,2,108,0.0041441894,0.91404027,2,131,0.0,0.85605067,2,151,0.034878455,0.9204918,2,185
19,0.016243173,0.9985274,2,21,0.0060017663,1.0441549,2,41,0.0065760957,1.0064332,2,61,0.0117886895,0.8826287,2,83,0.023728054,0.6806699,2,113
20,0.02541751,1.0308967,2,21,0.016282406,1.0006691,2,42,0.01209505,1.0512016,2,64,0.0026427468,1.0007507,2,91,0.015756324,0.96362996,2,112,0.01827735,1.020632,2,132,0.004458945,0.9830202,2,152,0.00054108334,1.0262264,2,176,0.008683809,0.9703078,2,200
21,0.0,0.9980872,2,21,0.009622377,1.0064217,2,41,0.033534493,1.003433,2,61,0.0100260405,0.9200689,2,84,0.010088976,0.9951336,2,109,0.0053746733,1.0149001,2,133,0.008919865,0.98476106,2,155,0.006706251,1.0049287,2,200
22,0.0071710944,1.0325805,2,20,0.007917686,0.997193,2,40,0.013498336,0.976281,2,60,0.010699348,0.95911425,2,81,0.010596506,0.9860339,2,101,0.00561855,1.0228493,2,122,0.01776552,0.93850887,2,143,0.006922805,0.95064706,2,163,0.057687152,0.93672955,2,200
23,0.0062981597,1.0069644,2,29
24,0.0052168854,0.97117734,2,21
25,0.0011234123,1.0055509,2,25,0.0030881166,0.95168,2,49,0.0036775426,0.9733224,2,69,0.007512031,0.9404133,2,93,0.028565325,0.9614045,2,119,0.01369033,0.9604751,2,139,0.00935068,0.9807356,2,159,0.0061110165,0.95249623,2,180
26,0.0031442076,1.0151597,2,22
27,0.008326393,0.98302776,2,20,0.016619839,0.9478212,2,41,0.0007283356,0.9074174,2,62,0.016650414,1.0055596,2,87,0.010641013,0.92393595,2,111,0.028468708,0.9717817,2,135,0.034169167,0.9552237,3,174
28,0.017143728,1.0170628,2,31,0.0,1.0029505,2,53,0.007672151,0.9714047,2,73,0.004066876,1.0040783,3,93,0.0013491372,1.018389,2,114,0.0036084843,1.0127081,2,135,0.00056555937,1.049884,2,167,0.0076886946,1.0404245,2,200
29,0.0021594532,1.0152617,2,22,0.012045099,0.9788058,2,44,0.030419827,0.9511125,2,66,0.007027774,0.97364867,2,86,0.040254865,0.9929671,2,106,0.0,0.96091384,2,126,0.006468127,0.9984932,2,146,0.0,1.0679929,2,166,0.004914545,1.0240545,2,200
30,0.0,1.0031215,2,29,0.0,1.0191785,2,49,0.002678904,1.0267321,2,69,0.0031329729,1.0118779,2,89,0.0052156704,0.98384005,2,117,0.0031804498,1.0019059,2,146,0.0065062502,0.98398715,2,166,0.014813777,0.9767751,2,200
31,0.012138651,0.9915689,2,22,0.00018986614,1.0412774,2,55,0.017523685,0.9764169,2,76,0.005456259,1.0053333,2,115,0.00045888443,0.9688015,2,138,0.0,1.0124458,2,158,0.0,0.9136249,2,178,0.0,0.9560421,0,200
32,0.004006439,1.0057092,2,20,0.01676839,0.9843787,2,58
33,0.0,0.9878982,2,20,0.0,0.9437251,2,40,0.0043795435,0.9692687,2,60,0.03264559,0.96856636,2,81,0.03759381,0.8782374,2,101,0.005306573,0.8958747,2,132
34,0.0053838906,0.9366291,2,20,0.0048887813,0.9216676,2,40,0.017502243,0.9321079,2,60,0.0,1.037285,2,81,0.0075527057,0.87276614,0,101,0.006655738,0.9548664,2,123,0.05752176,0.85859156,0,143,0.01715444,0.799431,0,163,0.0033423167,0.5203685,0,200
35,0.012627304,0.9567007,2,32
36,0.0009077986,1.0399585,2,21,0.0049933665,1.0222942,2,49
37,0.0071209953,0.9889493,2,20,0.00062734785,0.99250346,2,40,0.00866318,1.0005572,2,61,0.01036851,0.9647096,2,81,0.015431791,0.99584657,2,103,0.013190767,0.94383144,2,123,0.008948136,0.9740656,2,145,0.020870855,0.96324867,2,167,0.016087554,0.96714145,2,200
38,0.0034505858,1.025147,2,35
39,0.002028577,0.9759326,2,20,0.009375761,0.96755403,2,55,0.0148756,0.863262,2,75,0.00016693678,0.9514364,2,95,0.04831567,0.8945699,2,134
40,0.01570609,0.98728067,2,20,0.020446569,0.9019429,3,41,0.013151976,1.0149248,2,61,0.0,1.0143827,2,82,0.0,0.97623855,2,102,8.4938314e-05,0.98460084,2,136
41,0.005549,0.97473055,2,23,0.0056700734,1.0151217,2,44,0.006665638,0.9374157,2,64,0.034515686,0.96921504,2,84,0.004340242,0.956042,2,105,0.00035262937,0.9883396,2,125,0.008002164,0.95882267,2,152,0.0045659607,0.92184556,2,172,0.0,0.9256188,2,200
42,0.0,0.7442815,3,20,0.048874713,0.68582815,2,40,0.10313317,0.22635417,2,71
43,0.018149275,0.92586917,2,21,9.22e-05,0.79339594,2,47,0.025201682,0.5168423,0,67,0.0028621852,0.6423522,0,87,0.0,0.7191056,2,107,0.016903535,0.76115507,2,127,0.0,0.9536516,2,147,0.0,0.91617453,0,167,0.002699577,0.87442625,2,195
44,0.0,1.0113056,2,22,0.003047071,0.99538374,2,42,0.005684643,1.0135188,2,62,0.0018106911,0.99155325,2,100,0.0,0.99892503,2,127,0.0,1.0047152,2,147,0.011774194,0.96184415,2,168,0.0,0.95435905,2,200
45,0.050980024,0.8149122,2,31
46,0.00453875,1.0214161,2,21,0.008738503,0.97175336,2,53
47,0.0,1.0610337,2,20,0.0035055205,0.9968234,2,44,0.0,1.0390681,2,65,0.01025414,0.9847983,2,95,0.0017414655,1.0175335,2,123,0.003759198,1.0438638,2,147,0.0,1.0609767,3,167,0.0,0.99211735,2,200
48,0.00073692686,1.0087886,2,27,0.0017859756,0.9792086,2,52,0.004196503,0.9827529,2,72,0.01200188,0.9635368,2,94,0.0,0.9474927,2,114,0.0012130083,0.9907745,2,134,0.0006974203,0.9059249,2,154,0.0,0.97503346,2,175,0.015857322,1.0011817,2,200
49,0.0019862754,0.9535883,2,20,0.0062050447,1.0070623,2,44
50,0.009767186,0.89654976,2,25,0.0028893992,0.89857835,2,45,0.0,0.945622,2,81
51,0.010018731,0.9754537,2,21,0.012522101,0.96990335,2,47,0.0064225835,0.98855966,2,72,0.0,1.0197651,2,92,0.0035450978,1.031771,2,131
52,0.015243614,0.99184847,2,25,0.0074644326,0.9588819,2,47,0.019393975,0.96561223,2,67,0.00450001,0.9837524,2,110,0.0075796396,0.9212677,2,130,0.0063525857,0.9884755,2,150,0.006831222,0.97096986,2,170,0.0151047055,0.9659932,2,200
53,0.018138656,0.9567143,2,21,0.0031849868,0.9492904,2,41,0.010469085,1.0124658,2,61,0.013090419,0.9539539,2,81,0.034246717,0.9587448,2,101,0.011731647,0.9566623,2,122,0.06860246,0.80750966,2,143,0.014650548,0.9514594,2,164,0.023740567,0.94067615,2,200
54,0.014187905,1.0228854,2,20,0.0044209347,1.0320984,2,40,0.015437904,1.0322613,2,60,0.008859689,1.0242263,2,84,0.0048949784,1.0359548,2,105,0.011721613,1.053084,2,125,0.023850953,0.992576,2,145,0.0036719202,1.0513556,2,168,0.013531624,1.0036577,2,200
55,0.0059188446,0.99705404,2,28
56,0.0,0.9624826,2,20,0.010170427,0.836088,2,42,0.01451507,0.8291192,3,63,0.050569676,0.7171753,2,83,0.0,0.63394517,2,104,0.0073718783,0.60708743,2,126,0.0,0.6690007,2,154,0.023894783,0.94545114,2,174,0.0514693,0.94524866,2,200
57,0.011503453,0.9825112,2,21,0.014105963,0.96369576,2,47,0.009658066,0.9727315,2,72,0.028110236,0.9685621,2,92,0.013479846,0.99617356,2,112,0.014236425,0.9859597,2,132,0.019939724,0.966025,2,152,0.019381158,1.0385903,2,179,0.017216751,1.0294046,2,200
58,0.0074071116,1.0546983,2,21,0.0,1.0647322,2,42,0.007137221,1.0194769,2,73,0.0020213786,1.0036806,2,105,0.008505569,0.9841181,2,125,0.008608516,1.0578676,2,146,0.015407534,1.0717269,2,166,0.020749904,1.0071039,2,200
59,0.018955996,0.995808,2,21,0.010254179,0.95322686,2,41,0.00294557,0.9439861,2,63,0.002386227,0.98141915,2,84,0.011689796,0.908383,2,104,0.012081161,1.0179402,2,124,0.0028298078,0.9377521,2,146,0.0,0.9142631,2,173,0.02303737,0.9744279,2,200
60,0.005790016,0.9827666,2,20,0.0032800117,1.0029309,2,42,0.012203742,1.015097,2,67,0.006628203,0.9715178,2,94,0.0064402088,0.95769775,2,114,0.0,0.9867398,2,135,0.023554314,1.005832,2,155,0.0023661575,0.97013706,2,178,0.0,0.88934684,2,200
61,0.00036346566,1.0309045,2,22,0.004069675,1.0867356,2,47,0.022212826,1.0173161,2,67,0.003105196,1.0330293,2,87,0.0,1.0517086,2,124,0.0013008085,1.0298731,2,145,0.008260849,1.0292623,2,173,0.0040745805,1.0513464,2,200
62,0.009652472,0.9963454,2,20,0.0,0.9928401,2,47,0.002072344,0.99967253,2,67,0.0,1.0082252,3,92,0.007664611,1.0111673,2,113,0.0012983688,0.9660881,2,133,0.020370657,0.9413932,0,153,0.020110043,0.9864654,2,175,0.00438177,0.9908921,2,200
63,0.015896248,0.69045955,2,38
64,0.0039671767,0.9567849,2,20,0.012631571,0.9938744,3,40,0.07663384,0.9968896,3,61,0.09049534,0.9340863,2,84,0.0007623442,0.8901919,2,104,0.022094531,0.96882504,2,143
65,0.0136706885,0.9791199,2,23,0.0008601279,1.0508376,2,43,0.001175137,0.99057657,2,63,0.0,0.9790098,2,85,0.0090605905,0.99437547,2,107,0.0,0.9968961,2,127,0.013790297,1.0224369,2,147,0.008314553,1.0086684,2,167,0.004651249,0.99076474,2,200
66,0.04022145,0.89024216,0,24,0.05667885,0.6962863,2,45,0.004033935,0.7707585,2,68,0.01901155,0.645007,2,89,0.0,0.6349671,2,110,0.09675411,0.39434412,2,148
67,0.009959553,1.006081,2,38
68,0.0,1.0528886,2,20,0.0,1.0487291,2,64,0.0,1.0301107,2,88,0.0023013714,0.9638053,2,108,0.015693467,0.9739552,2,133,0.013510068,0.9721772,2,159,0.03331913,0.9680908,2,200
69,0.0126345735,1.0093058,2,33,0.0,1.0276575,2,57,0.0013118401,0.9943838,2,77,0.011649891,0.988832,2,98,0.006999731,0.98906904,2,122,0.010258714,1.0172386,2,142,0.008406918,0.9327377,2,162,0.008579172,0.9903168,2,200
70,0.0013196984,1.007972,2,21,0.008766783,0.9930388,2,41,0.0015975565,1.0176781,2,63,0.048177045,0.9156295,2,89,0.008664281,0.96691644,2,111,0.0053452784,0.9640792,3,131,0.013861436,0.77030724,2,152,0.0,0.6938153,2,174,0.015644029,0.779212,2,200
71,0.0,1.0245733,2,23,0.0023759417,1.0305429,2,43,0.00361961,1.0304182,2,77,0.0055274223,1.0277365,2,100,0.002788747,1.0206889,2,128,0.0012905379,1.0183628,2,161,0.0062338444,0.9550929,2,200
72,0.016061896,0.97900814,2,22,0.001999721,1.000606,2,42,0.0077854125,1.0204968,2,64,0.022845026,1.0018154,2,84,0.014795706,0.9728333,2,104,0.0022007425,0.9535505,2,124,0.032774184,0.96989024,2,144,0.01139378,0.8026621,2,164,0.0631716,0.9049883,2,200
73,0.0005393355,0.98038983,2,29,0.0075351326,1.0520017,2,50,0.0,1.0086842,2,70,0.0038593349,1.002901,2,91,0.03130563,1.0168959,2,114,0.0068168147,1.0187978,2,136,0.018547995,0.9543293,2,158,0.00897872,0.95785177,2,178,0.013884306,0.99347156,2,200
74,0.019133471,0.97906286,2,22,0.0082963165,0.9749091,2,49,0.020115033,1.0099884,2,70,0.022418745,0.9655096,2,94,0.010926634,1.0175383,2,114,0.0,0.91276056,2,154
75,0.011159654,0.93672734,3,20,0.0,0.9261632,2,40,0.004482737,0.94968545,2,66
76,0.0038099797,0.9744131,2,20,0.011829678,0.97723544,2,40,0.044817697,0.954068,2,60,0.019577816,0.97274125,2,80,0.011530394,0.95241195,2,100,0.046726596,0.84581745,2,121,0.02232183,0.8932764,2,141,0.025729533,0.86073905,2,161,0.084633835,0.5986367,2,200
77,0.0,1.0070853,2,22,0.0020902844,0.9958131,2,43,0.0039114533,0.99695677,2,65,0.016774705,0.98495454,2,85,0.014383408,0.9583585,2,108,0.0037914752,1.0303879,2,133,0.012393133,1.0677223,2,172,0.008986158,1.075645,2,200
78,0.0060454705,0.8212638,2,20,0.0,0.5956605,0,41,0.0065816664,0.7976521,0,61,0.011196056,0.7761594,2,81,0.0,0.86458427,2,101,0.0,0.6915879,2,122,0.0,0.4825633,3,143,0.0,0.77218354,2,163,0.0067689433,0.51135105,2,200
79,0.0099092005,0.97693026,2,20,0.0027061198,0.98232985,2,58,0.011655856,0.9836238,2,79,0.0018672154,0.99880743,2,99,0.0064722924,0.9797328,2,119,0.008295047,1.0021805,2,139,0.020435348,0.96305406,0,159,0.016658291,1.0112394,2,200
80,0.03273358,0.96767586,2,21,0.023137886,0.9952277,3,41,0.0,0.9817372,2,66,0.0,1.0183495,3,86,0.012253628,1.0219097,2,107,0.00038825534,1.0104879,2,132,0.003572482,0.97878945,2,152,0.019324223,0.99784386,2,172,0.0046986886,0.9813317,2,200
81,0.0037854544,1.0289276,2,21,0.003141377,0.9832454,2,45,0.025702177,0.92405134,2,78
82,0.0031227646,1.005947,2,22,0.008591879,1.024199,2,48,0.0060051526,1.0129352,2,94,0.008225076,1.0113626,2,115,0.0043792105,1.0451187,3,136,0.0,0.9929756,2,156,0.016686786,0.98837614,2,176,0.018759137,0.9208029,2,200
83,0.022720266,1.0243149,2,28,0.00865427,0.9363992,2,55
84,0.0035356432,1.0012898,2,20,0.008126152,0.99627084,2,45,0.0097628515,0.96313477,2,65,0.008416896,0.9849802,2,85,0.0018331131,1.023945,2,108,0.0,1.0234352,2,134,0.009830519,1.013568,2,157,0.0017048613,0.9903837,2,179,0.01273479,0.947846,2,200
85,0.0019924468,1.0036404,2,28,0.0,0.99994314,2,55,0.0043432415,0.98870915,2,75,0.014846211,0.98004174,2,97,0.008834604,0.9909092,2,117,0.014076661,1.0377462,2,138,0.0037448332,1.0788704,2,158,0.00760069,1.0664132,2,179,0.0017444523,1.0273287,0,200
86,0.0055261105,1.0187367,2,25,0.003174383,0.9745478,2,46,0.009747241,0.99790657,2,66,0.0030763922,0.96212405,2,87,0.0,0.922544,2,107,0.0006527904,0.98048925,2,127,0.032906067,0.9325088,2,150,0.0,0.92092067,2,170,0.00913134,0.9874145,2,200
87,0.011424337,0.90629476,2,27
88,0.0066137873,0.95299304,2,20,0.01989526,0.94715214,2,40,0.00032170824,0.9755979,2,65
89,0.0,0.98399454,2,29
90,0.0042421063,1.0183163,2,21,0.00818567,0.95632267,2,41,0.005592414,0.98770905,2,62,0.005853239,0.95581806,2,82,0.0050547235,0.9865734,2,102,0.0037619234,1.0641273,2,122,0.000858921,1.0508007,2,142,0.030544708,1.0210946,2,162,0.00925286,1.0464448,2,200
91,0.012583407,1.0041507,2,20,0.015022283,0.9525455,2,43,0.0,0.9298639,2,78
92,0.0027147143,1.0136383,2,38
93,0.0075851083,0.9644866,2,25,0.029484663,0.93863535,2,45,0.036175705,0.95602596,2,65,0.02049299,0.9632987,2,85,0.0754723,0.85267335,2,105,0.0018930591,0.919226,2,125,0.01963916,1.0208957,2,145,0.048794266,0.9769457,2,167,0.09480655,0.9406635,3,200
94,0.026543641,0.9845961,2,20,0.011465144,1.0059397,2,40,0.014827537,0.9190195,2,60,0.010308124,0.99730873,2,80,0.020156423,0.9816521,2,100,0.011079205,1.0217547,2,121,0.0,0.94086295,2,141,0.0,1.0540622,0,166,0.0016274382,1.0253733,2,200
95,0.005597408,1.0225995,2,25,0.013914581,1.0071359,2,54,0.0024235854,1.0039555,2,74,0.00423381,1.0880203,2,94,0.0008045207,1.0687846,2,115,0.007521556,1.0395594,2,138,0.018225756,0.9961842,2,158,0.0050200783,0.93238354,2,178,0.021180393,0.9807115,2,200
96,0.0009549606,1.045192,2,20,0.010639508,1.0333107,2,40,0.0020586562,0.9944441,2,64
97,0.012662334,0.9767108,2,21,0.009454754,0.9697277,2,49
98,0.015621463,0.95636237,2,22,0.00578115,0.9454807,2,47,0.014801457,0.9332387,2,68,0.0072068544,0.9200263,2,88,0.012998988,0.9006607,2,108,0.012748796,0.9205752,2,138,0.009545645,0.92072517,2,173,0.00477379,0.9842869,2,200
99,0.007448374,1.0022746,2,22,0.00057478197,0.99139655,2,42,0.01613327,0.9735528,2,62,0.026975175,0.9717814,2,82,0.012146193,1.0518177,2,122,0.023748675,0.9856423,2,143,0.0,0.9940233,2,175,0.0055024414,1.0334954,2,200
100,0.013931657,1.0272555,2,27,0.022564728,0.9628221,2,47,0.0,0.9657317,2,74,0.047347393,0.9217165,2,96,0.018894223,0.93502814,2,124,0.029458025,0.96336204,2,148,0.007452605,0.88313675,2,169,0.005980122,0.9646421,2,200
101,0.0,0.88365537,2,22,0.0125875175,0.8209669,3,43,0.0,0.83219755,2,63,0.0,0.5920352,2,84,0.0,0.6281232,1,104,0.0,0.67999244,1,126
102,0.018932883,1.0347185,3,21,0.0060111196,0.83104205,2,59
103,0.00315265,1.0339046,2,39
104,0.019829039,0.9753403,2,22,0.0,0.9559162,2,45,0.009046862,1.0088179,2,65,0.011168682,0.925958,2,92,0.013318442,0.9827339,2,115,0.04953715,0.93071544,2,136,0.005328335,0.9276826,2,160,0.01164536,0.95109385,2,200
105,0.0,1.0119629,2,21,0.0,1.0768946,2,41,0.005487842,1.0028261,2,65,0.001973616,0.9614803,2,98,0.0,0.78839064,2,118,0.0,0.737288,2,138,0.0,0.64520997,0,158,0.0,0.84477836,2,178,0.0031584809,0.68495935,0,200
106,0.0028021538,0.9993617,2,27,0.013905731,0.984008,2,49,0.0,0.99981165,2,69,0.005879221,1.023164,2,89,0.009319292,0.9905057,2,110,0.01130076,1.017579,2,130,0.0010378481,1.0408355,2,152,0.011874778,1.0333605,2,178,0.0014061244,1.030374,2,200
107,0.005125563,0.9842408,2,25,0.011485529,0.9992453,2,47,0.020355321,0.93402565,2,67,0.010912353,1.0369233,2,87,0.0,0.9949581,2,107,0.0,0.96872693,2,127,0.017989516,1.0033141,2,147,0.03747235,0.9257701,2,167,0.017394172,0.95770246,2,200
108,0.00016187137,1.0295739,2,33,0.0,1.0589225,2,53,0.0145435985,1.0348065,2,74,0.01478829,0.98114413,2,97,0.008370866,1.0454105,2,125,0.00741621,1.0153497,2,167,0.012261626,0.97525185,2,200
109,0.01709971,0.809076,2,20,0.0,0.81539845,2,42,0.0,0.90779275,0,62,0.014978577,1.0822306,2,83,0.0,1.1731312,0,103,0.0,0.64124846,0,125,0.0,0.6705681,0,145,0.0,0.68707997,0,165,0.0559267,0.19810927,0,200
110,0.0015082939,0.99702424,2,20,0.0,0.9941648,2,43,0.0005656943,1.0332785,2,66,0.0,1.0398904,2,88,0.004738227,1.0210998,2,115,0.0011823215,1.0211872,2,143,0.011167462,0.9753365,2,170,0.03551129,0.9220692,2,200
111,0.0061858403,0.99646306,2,26,0.01083787,0.9593294,2,46,0.015288346,0.9756014,2,68,0.033884022,0.94501007,2,88
112,0.037945937,0.9016687,2,20,0.0,0.9533854,2,41,0.01436344,0.87603796,2,62,0.0,0.85693854,2,84,0.043660566,0.96173763,2,104,0.028002117,0.71169126,2,127,0.026812868,0.7554085,2,148,0.014766765,0.86405563,2,170,0.0028498534,0.83243483,2,200
113,0.0,0.98798686,2,20,0.0,0.93256897,2,41,0.0,1.009354,2,62,0.023915045,0.9815239,2,89,0.0,0.9444472,2,115,0.026158864,0.9385761,2,135,0.009700264,0.92216396,2,161,0.012291257,0.99151325,2,200
114,0.00038750184,0.99281657,2,21,0.018541208,0.9783948,0,42,0.0045092106,0.9416618,2,66,0.012056629,0.90821123,2,89,0.018136626,0.8729435,2,110,0.0,1.0660022,2,145,0.008355214,1.0252271,2,172,0.0048688794,0.96963847,2,200
115,0.0024521644,0.99788606,2,33,0.0,0.99426246,2,59,0.026468283,0.92436564,2,80,0.0,0.97634345,2,101,0.0,0.9107291,2,121,0.02936728,0.89332294,2,141,0.012971745,0.794825,2,170,0.0027909821,0.48261508,1,200
116,0.001716272,0.9025466,2,21,0.003169179,0.7812489,2,44,0.024818271,0.8740859,2,68,0.0,0.84194356,2,88,0.020991076,0.8736605,2,110,0.022981737,0.74929136,2,130,0.02652334,0.6523594,2,153,0.00998967,0.584986,2,173,0.042393707,0.45909685,2,200
117,0.0,0.95448494,2,21,0.014389982,0.9553737,2,43,0.018319936,0.9433104,2,63,0.00014892861,0.9803564,2,86,0.015547083,0.9865366,2,108,0.0037262898,1.0061135,2,135,0.019118207,1.0365181,2,156,0.010038153,0.978254,2,180,0.0,1.0236441,2,200
118,0.009184064,0.90291965,2,20,0.0,0.90081495,2,44,0.0,0.86048734,2,64,0.0,0.81073684,2,88,0.0,0.6695626,2,108,0.0,0.38148987,0,130,0.0,0.24507697,0,150,0.0,0.28127885,0,183
119,0.02284098,1.0190461,2,20,0.009156861,0.96902585,2,41,0.011714838,0.96469736,2,69,0.0022168092,0.9770152,2,89,0.0,0.99002856,2,110,0.0,0.9256988,2,141,0.0,0.83620334,2,162,0.0,0.871205,2,200
120,0.0022445172,1.0097368,2,20,0.013811356,0.93767995,2,50
121,0.0,0.8635858,3,23,0.0059369085,0.9189757,0,44
122,0.0131423,0.99965465,2,39,0.010386252,0.9974376,2,60,0.01997517,0.9923026,2,80,0.0061633103,0.9459539,2,101,0.010836055,0.9622829,2,122,0.002067392,0.9913242,2,146,0.010191832,0.99662215,2,168,0.005930757,0.97729045,2,200
123,2.6972034e-06,0.9930374,2,20,0.0047289873,1.0037091,2,43,0.004499063,1.0018022,2,64
124,0.0,1.0409861,2,22,0.0,1.0422932,2,42,0.0030355938,0.9993045,2,70,0.0002851668,1.0220296,2,91
125,0.0056711696,0.9786917,2,20,0.04619874,0.96338195,2,40,0.0073428517,0.9145031,2,61,0.05303047,0.8006848,2,81,0.006683284,0.96869946,2,103,0.04381629,0.9284749,2,123,0.014052442,0.9437009,2,144,0.008662169,1.0307353,3,164,0.015521039,0.91775143,2,200
126,0.0,0.9960191,2,22,0.0,1.060703,3,42,0.0,1.007577,2,63,0.018784186,0.9632108,2,86,0.0068336288,1.0029346,2,106,0.0031349936,0.9500684,2,127,0.0028200336,1.0043787,2,155,0.005593863,0.992422,2,200
127,0.015232742,0.8910716,2,21,0.00613416,0.8744919,2,43,0.024398593,0.8656654,2,65,0.0053112386,0.8494409,2,85,0.015909966,0.7078868,0,105,0.0,0.7256047,0,125,0.0,0.6695849,3,145,0.0,0.69514734,0,165,0.05756208,0.66605556,0,200
128,0.0,1.059137,2,26,0.022631228,1.0462171,2,48,0.013478388,0.989329,2,83,0.030824652,0.9138031,2,103,0.0033164998,0.95778155,2,124,0.024629392,0.9813053,2,149,0.0041216756,0.95366347,2,169,0.02012378,0.92606205,2,200
129,0.0075010783,1.0044008,2,28,0.016473148,1.0062075,2,48,0.0,0.9846301,2,69,0.01201261,0.9702283,2,89,0.0,0.9673443,2,109,0.0,1.0108649,2,134,0.008384398,1.009266,2,162,0.0005051492,0.9980511,2,200
130,0.005842465,0.98123646,2,32,0.013830932,0.92140305,2,52,0.0,0.7821915,2,73,0.010089556,0.7294556,2,93,0.032019433,0.9503376,2,113,0.00057151314,0.97056085,3,133,0.016969267,0.9999713,2,154,0.0072830245,0.9994852,2,174,0.0010213201,1.0575452,2,200
131,0.0,1.0270319,2,24,0.0067758383,0.9732474,2,45,0.0075491862,1.0316288,2,65,0.0068417676,0.9829192,2,85,0.013771109,0.93432933,2,105,0.009012347,1.0096033,2,126,0.0,1.002154,2,153,0.0035988614,0.9998836,2,179,0.014058195,0.9529004,2,200
132,0.0014061215,0.9880357,2,20,0.0,1.0148402,2,56,0.0,0.9946825,2,78,0.0,1.0103165,2,100,0.0,1.013973,2,124,0.005809361,0.9780655,2,145,0.0037077847,1.0272346,2,165,0.0,1.0054365,2,200
133,0.0098537775,1.0280195,2,28,0.0094112335,0.9563138,2,58,0.009389749,0.94793403,2,78,0.01786374,0.9600307,2,98,0.012210327,1.0036818,2,118,0.045553666,0.9844985,2,138,0.0,0.866729,2,160,0.013327228,0.8562803,2,180,0.063061155,0.8786763,2,200
134,0.0,0.91537595,2,22,0.029103132,0.9065674,2,44,0.0,0.8324416,2,65,0.025387153,0.61699075,0,89,0.07863027,0.45489675,0,110
135,0.0,1.0198444,2,27,0.0,1.0246503,2,48,0.0,1.0351019,2,68,0.012518421,0.97929573,2,92,0.004905477,0.9948208,2,123,0.0054676114,0.9853007,2,157
136,0.017305007,0.9221492,2,21,0.0,0.7441581,2,41,0.0,0.7915604,2,62,0.0,0.688577,2,82,0.0,0.9205798,3,102,0.0,0.57750565,2,122,0.0,0.59758383,2,143,0.0,0.55131906,2,163,0.0029873839,0.18884714,1,200
137,0.0,1.0166814,2,20,0.0008525562,1.0187742,2,58,0.0057385946,1.0076776,2,83,0.008294534,0.98374903,0,104,0.0,1.0095636,2,130,0.011653103,1.0589621,2,151,0.021128153,1.036428,2,175,0.015785819,1.0055238,2,200
138,0.011915687,0.9810266,2,23,0.0077902297,1.0211877,2,45,0.0035188992,1.0419408,2,79,0.011377493,0.9772983,2,117
139,0.0,1.0212004,2,22,0.0,1.0172095,2,43,0.007832208,0.9921923,2,64,0.0,0.98215175,2,85,0.016854063,0.9375722,2,105,0.005217216,0.9704982,2,125,0.011252419,0.985785,2,145,0.0,1.0046589,2,171,0.013486802,0.93656904,2,200
140,0.010231089,1.018399,2,23,0.0036710438,1.0132827,2,54,0.0067686583,0.9441452,2,77,0.008198493,0.95015985,2,97,0.0038625717,1.0187827,2,120,0.0,0.9798249,2,147,0.005596202,0.9531344,2,168,0.0017626288,0.97238207,2,200
141,0.009340039,0.9474214,2,21,0.04815864,0.91764814,2,41,0.013165852,0.9814726,2,64,0.015237061,0.8668702,0,84,0.008760017,1.0211118,3,105,0.0,0.93538666,2,125,0.002094948,0.844437,2,146,0.0,0.70880103,2,171,0.016644651,0.86975473,2,200
142,0.008370889,1.0285743,2,20,0.0,0.97631454,2,40,0.013491057,0.98580784,2,63,0.016003149,0.9780551,2,83,0.0017066841,0.9712404,2,105,0.0053198235,1.0370855,2,127,0.012580435,1.0267929,2,155,0.020271419,1.0388807,2,179,0.005170224,1.0614775,2,200
143,0.0021523125,0.99082804,2,24,0.0020949873,0.964173,2,55,0.0014157713,0.9459318,2,77,0.0006735503,0.8615201,2,97,0.0,0.84219044,2,118,0.0,0.92891204,2,138,0.0023278412,0.88481474,0,158,0.0,0.660503,2,180,0.010875689,0.74006593,0,200
144,0.02557683,0.9548448,2,23,0.030414034,0.9223796,2,44,0.0760947,0.8659547,2,65,0.011169659,0.903015,2,85,0.01898751,0.99706537,2,105,0.022648457,0.9363114,2,125,0.007056465,0.89619946,2,156,0.018790642,1.0061183,2,178,0.009742512,0.9830618,2,200
145,0.00092521776,1.0013239,2,39
146,0.0055833436,0.9721516,2,20,0.008605302,0.9493764,2,57
147,0.017213756,0.9807249,2,32
148,0.009506406,0.9937333,2,20,0.003812104,1.0246295,2,54
149,0.010475353,0.9987448,2,22,0.0042322744,1.0215276,2,42,0.00052485405,0.98699135,2,66,0.0,0.97896093,2,87,0.000624738,1.0045526,2,122,0.009419734,0.97705287,2,142,0.0,1.0181155,2,165,0.0047261794,0.9967807,2,200
150,0.018665923,0.9644821,2,22,0.008482267,0.9418961,2,43,0.018798715,0.951875,2,82
151,0.0,1.0330664,2,21,0.0019851818,1.004875,2,41,0.017286185,0.9924389,2,64,0.008435188,0.9965538,2,84,0.00013159563,0.9696409,2,115,0.003999051,0.9761074,2,135,0.0,0.9816948,2,155,0.0,0.95823646,2,179,0.01800502,0.9541466,2,200
152,0.002567472,1.0299278,2,20
153,0.0022642887,1.0425245,2,25
154,0.0023055759,0.99136955,2,21,0.0038267337,1.0174965,2,45,0.0040408405,0.9884224,2,69,0.0,1.0004282,2,90,0.0,1.040601,2,113,0.0,1.0082977,2,139,0.0029386082,0.9846323,2,161,0.009357817,0.9308679,2,200
155,0.006129948,0.99350286,2,21,0.002890148,1.0131218,2,41,0.027855556,1.0038621,2,61,0.016246315,1.0142738,2,81,0.0013537954,0.9697057,2,102,0.0034897036,1.048609,2,122,0.0051382673,0.98183507,2,143,0.0,1.0588057,2,164,0.0051243976,1.0336852,2,200
156,0.00178778,0.9722307,2,25,0.0071329996,1.010456,2,45,0.009044222,1.0006795,2,79,0.005038931,0.9703548,2,105,0.0029256155,1.0234721,2,126,0.012241015,0.96599835,2,146,0.011190925,0.97369534,2,169,0.0012652086,0.93851304,2,200
157,0.0,0.9891743,2,22,0.00040309248,1.017198,2,43,0.019548655,0.93604404,2,63,0.010168198,0.94100845,2,93,0.024447346,0.99401057,2,122,0.0,1.007073,2,143,0.013221786,1.0096273,2,164,0.008661618,0.99727035,2,200
158,0.005197856,1.0200957,2,23,0.0,1.0198146,2,48,0.0,1.0550219,2,78,0.0003178316,1.0051084,2,107,0.010327668,1.010187,2,129,0.01651745,1.0177207,2,150,0.0007688531,1.021115,2,170,0.003684342,1.0535815,2,200
159,0.012913919,0.97696775,2,22,0.0,1.0021791,2,42,0.016184032,1.0582826,2,62,0.009527594,0.9831081,2,90,0.0034181597,1.023874,2,121,0.008797588,0.94876677,2,158,0.0062591974,0.9759577,2,200
160,0.024401931,0.9602423,2,22,0.014684735,0.91508114,2,42,0.0,0.9342326,2,68,0.0,0.9142885,2,88,0.0,0.8864002,2,109,0.0,0.71229184,2,130,0.013408631,0.6657065,2,150,0.024627639,0.8303277,2,176
161,0.008486973,0.96569383,2,40
162,0.0039727204,1.0208887,2,22,0.008142958,1.0095372,2,51,0.0060248473,0.997281,2,79,0.0009313781,0.98163813,2,101,0.007583196,1.0048664,2,121,0.0073885666,0.9824788,2,141,0.0031123438,0.9754017,2,165,0.0085254405,1.011806,2,200
163,0.008479994,0.93698424,2,22,0.01111309,0.9991478,2,42,1.2711397e-05,1.0078402,2,71,0.0028236369,1.012657,2,92,0.005868842,0.95775,2,112,0.0,0.986729,2,134,0.04352395,0.9165387,2,155,0.008125474,0.9578627,2,176,0.0016861078,1.0012182,2,200
164,0.010814131,1.0276834,2,23
165,0.0053900694,0.9862725,2,20,0.0,0.98502845,2,40,0.0,0.9703294,2,60,0.039540287,0.9045262,2,84,0.0164739,0.90430176,2,109,0.0,0.8340126,2,129,0.0,0.9091783,2,150,0.0,0.87148976,2,171,0.03177086,0.7982104,2,200
166,0.0034545264,0.9968861,2,23,0.0071833218,0.95488566,2,43,0.015159163,0.7651319,0,64,0.0,0.9567256,3,85,0.026492473,0.94810265,0,105,0.058196165,0.9799557,2,125,0.028148297,0.901556,3,145,0.020707047,0.87501585,2,168,0.06426876,0.91820586,2,200
167,0.0043459865,0.96803135,2,26,0.0023006042,0.9796868,2,51,0.021183742,0.9614868,2,74,0.0,0.91674155,2,94,0.018243583,0.9010971,2,118,0.050562706,0.9200287,2,139,0.010597901,0.94923455,2,160,0.016963102,0.9804286,2,180,0.026292467,0.90374935,2,200
168,0.011362572,1.0233903,2,24,0.0026245199,1.0128323,2,44,0.0054527507,0.9628882,2,66,0.0,0.96798754,2,86,0.0055179535,0.9750452,2,106,0.001086412,1.0241014,2,128,0.0,1.0346382,2,166
169,0.0,1.0071989,2,22,0.009420717,1.023512,2,42,0.0063312133,1.0239941,2,63,0.0031763508,1.0069025,2,83,0.0037755347,0.9721565,2,103,0.005178186,0.9736592,2,127,0.014089927,0.9936285,2,147,0.0016352434,1.0410571,2,170,0.009596636,1.0778866,2,200
170,0.0012284399,1.0138923,2,20,0.028280333,0.9981906,2,48,0.0037582386,0.98119676,2,68,0.0030367584,1.03772,2,90,0.0010363559,1.0406002,2,124,0.0022715512,1.0562962,2,160,0.0074640205,1.0224031,2,200
171,0.0048511634,0.94963306,2,26,0.006981231,0.91864234,2,58
172,0.0,0.98251057,2,22,0.011745203,1.0085644,2,46,0.0,1.0218779,2,66,0.00709279,1.0774858,2,86,0.0,0.98091537,2,107,0.0,1.0313119,0,128,0.012709266,0.9653018,2,148,0.011955179,1.0225333,2,172,0.01759431,0.97979575,2,200
173,0.0069516078,1.0143595,2,20,0.003950108,0.9909354,2,48,0.0010310072,0.9946092,2,72,0.01107062,0.9821852,2,93,0.0020053706,1.006145,2,117,0.0,1.0454217,2,140,0.010329805,1.051755,2,174,0.0,1.0338374,2,200
174,0.018206397,0.9767125,2,23,0.0009428774,0.9666778,3,44,0.0,0.99032277,2,64,0.0,1.020613,2,91,0.0,1.0165513,2,111,0.009671697,0.9548458,2,133,0.009385653,1.0234032,0,155,0.012841416,0.92353076,2,175,0.014441579,0.94123673,2,200
175,0.0,1.0173202,2,22,0.0051039364,1.0251878,2,45,0.004865172,0.9580983,2,65,0.0,0.9690996,2,94,0.018987069,0.9444089,2,114,0.02987814,0.89663315,2,134,0.016476342,0.8954026,2,164,0.009026915,0.94954556,2,200
176,0.0031925172,1.0678142,2,20,0.0,1.035029,2,45,0.010077351,0.97371274,2,65,0.011459327,1.0149782,2,86,0.00093841454,1.0345488,2,117,0.00015188436,0.9922776,2,137,0.0074987174,0.91420484,2,200
177,0.0,0.95124644,2,20,0.0,0.99026924,2,41,0.007470394,0.87558013,2,76
178,0.00064237986,0.9954128,2,23,0.010295833,0.95694536,2,50,0.0,0.95595634,2,70,0.0,0.8214328,2,92,0.0010590059,0.65520936,1,123
179,0.00035202893,1.017418,2,20,0.010386938,0.9413286,2,41,0.003784202,0.9865848,2,62,0.0,1.005981,2,82,0.0,0.9860256,2,103,0.0044485773,0.9277712,2,123,0.0,0.7873735,2,147,0.0,0.95931023,0,168,0.01023509,0.73296,2,200
180,0.0057112644,1.0231208,2,25
181,0.0,0.4947556,2,20,0.012297661,0.63034683,0,44,0.05808819,0.6194837,2,65,0.027211607,0.43150163,0,85,0.058602106,0.47781068,0,105,0.031017173,0.35090128,2,125,0.007316672,0.39399058,1,164
182,0.002885051,1.0308214,2,21,0.015294596,0.9868415,2,47,0.019579576,0.9499587,2,84,0.023501936,0.9986619,0,105,0.008032006,0.9636508,0,125,0.001613576,0.9681138,2,145,0.015800564,0.99168557,2,166,0.0,1.0142515,2,200
183,0.006583047,0.99547124,2,22,0.015458259,1.0223951,2,42,0.031472392,1.0567034,2,63,0.008754899,0.9739208,2,83,0.034713883,0.92328364,2,106,0.0037113298,0.8991129,2,126,0.0,0.9217943,2,146,0.0029908451,0.86864424,2,166,0.0050365655,0.9405875,2,200
184,0.0017869462,0.9668057,2,21,0.008884416,1.0137261,2,47,0.0010503172,1.0134094,2,72,0.004293934,0.99361634,2,96,0.018083964,0.9408933,2,117,0.0,0.94391096,2,137,0.0,1.01107,2,157,0.002416207,1.0313566,2,200
185,0.0,0.9774865,2,21,0.01324927,0.9549823,2,42
186,0.004263485,1.0115031,2,23,0.038947493,0.95989424,2,46,0.008000043,0.8931236,2,66,0.002999799,0.9735079,2,99,0.003663161,0.89461297,2,123,0.017762128,1.0131825,2,143,0.023298021,1.0210272,2,163,0.00095359236,0.7528584,0,200
187,0.01453751,1.0257652,2,20,0.010386978,0.99174637,2,50,0.0108636655,1.0272024,2,70,0.013012122,0.9510507,2,91,0.0,1.0397844,2,112,0.0012632046,1.034348,2,142,0.02652779,1.0414078,2,168,0.013709005,0.9958315,2,200
188,0.0,1.0294497,3,21,0.0,1.0138601,2,42,0.0,1.0334613,2,68,0.0010647837,0.97873664,2,94,0.0015347828,0.9893416,2,114,0.010292126,0.94781387,2,135,0.03314962,0.96315706,2,155,0.0012045994,0.98649836,2,176,0.012078516,0.895905,2,200
189,0.0,1.013299,2,34,0.00072839495,1.0267562,2,54,0.01123707,0.94467545,2,78,0.0074056378,1.0225432,2,98,0.01043056,1.0479327,2,119,0.0,1.0920625,2,139,0.008085832,1.131302,2,163,0.0011814404,1.0090806,3,200
190,0.021801768,0.92350405,2,28
191,0.0,1.0203383,2,23,0.0,0.996462,2,43,0.0007632202,0.99770766,2,63,0.0115731675,0.94329625,2,83,0.0041458383,0.9756071,2,116,0.0044208854,0.96907395,2,141,0.008103574,0.95055026,2,161,0.008812638,1.0087446,2,200
192,0.0,0.95575684,2,26,0.0034106656,0.9720061,2,53,0.0025203004,1.038233,2,74,0.0118978685,0.9694547,2,101,0.03360812,0.9531281,2,123,0.02159844,0.88987476,2,144,0.0059955353,0.92882365,2,164,0.014330791,0.92489994,2,200
193,0.007314181,0.92364985,2,22,0.0067200507,0.96964014,2,44,0.00085065723,0.975748,2,67,0.0042723836,1.0054027,2,88,0.0,0.98413956,2,108,0.020684352,0.9810474,2,129,0.027496327,0.90334576,2,149,0.0037816053,1.0321354,2,170,0.006249939,0.9713684,2,200
194,0.00207623,0.9970956,2,23,0.004110266,0.904849,2,44,0.00862299,1.0618721,2,64,0.0153781595,0.9946378,2,91,0.016320342,1.0067743,2,111,0.0,1.0076219,2,131,0.0,1.0255754,2,153,0.0,1.00228,2,173,0.010992103,1.0194619,2,200
195,0.005139728,0.97474986,2,21,0.0031746682,0.9858035,2,42,0.0014279839,1.0166875,2,64,0.010189509,1.0212051,2,85,0.0075947735,0.96022075,2,107,0.009883487,0.93703383,2,127,0.012422485,0.9967514,2,148,0.0014798291,0.97895813,2,168,0.03541155,0.9239776,2,200
196,0.0029413144,0.9800131,2,37
197,0.0020299628,1.018738,2,20,0.0098649915,0.9814868,2,40,0.0033962284,0.933445,2,60,0.009687435,0.9579069,2,83,0.013088798,0.9139675,2,103,0.015366559,0.94922334,2,123,0.0,0.8184185,2,148,0.0,0.70395917,1,168,0.0018632809,0.81634307,2,200
198,0.010834114,1.0063137,2,24,0.00056117075,1.010894,2,50
199,0.0011424862,1.013753,2,20,0.01112815,0.9926361,2,52,0.004154253,0.97684216,2,73,0.0005185254,0.99195874,2,100,0.0020018169,1.0594479,2,124,0.0,1.0494461,2,148,0.010137598,0.97414297,2,169,0.022463938,0.98145926,2,200
200,0.0020645454,1.0309787,2,23,0.010680394,0.94570476,2,43,0.00082236354,0.99119407,2,64,0.0,1.0186037,2,89,0.0,1.0099428,3,109,0.0,1.0097765,2,130,0.008316031,1.0426644,2,154,0.0,0.9559488,2,176,0.0050412114,0.9934907,2,200
201,0.01547435,0.9646854,2,33,0.0049479445,1.0001514,2,53,0.005411485,0.9691819,2,89,0.0,1.08932,3,109,0.0025025534,0.9818811,2,130,0.0018653205,1.0562594,2,156,0.009019656,0.9496481,2,177,0.011988276,0.91307676,2,200
202,0.00401278,1.0069009,2,20,0.0,0.94414175,2,61,0.00018148264,0.97955406,2,81,0.016202258,0.93083334,2,109,0.022992779,0.9154178,2,129,0.006429069,0.9392152,2,150,0.009850814,0.97095305,2,175,0.018796843,0.97104865,2,200
203,0.00064791075,0.8140462,0,20,0.011012231,1.1538181,2,40,0.034649342,0.7021588,2,60,0.0,0.7786836,0,81,0.0,0.8732351,0,101,0.14155665,0.5725323,2,124
204,0.013801569,0.94637525,2,20,0.0,0.9356699,2,40,0.0012899471,0.93045825,2,60,0.020615447,0.91856563,2,80,0.0,0.83961785,2,100,0.0017155155,0.70464754,2,125,0.0,0.49786824,2,145,0.0,0.6505059,2,170,0.0024868762,0.7717064,2,200
205,0.013201182,0.98353827,2,20,0.039750777,0.9158709,2,42,0.010351032,0.9993497,2,63,0.029056346,0.94316393,3,85,0.007443604,0.95074916,2,106,0.031895325,0.91882217,0,126,0.0029337434,0.978071,2,148,0.0076390896,0.8443666,2,169,0.03750253,0.85540336,2,200
206,0.0046327603,1.0292243,2,21,0.0056228596,1.009711,2,47,0.0077302484,0.97634864,2,72,0.013885704,0.9777029,2,92,0.010345879,1.0544114,2,114,0.0,0.9785142,2,134,0.00071211683,1.0242594,2,154,0.0,0.9961643,2,174,0.001770437,1.0902941,2,200
207,0.009707779,0.9662591,2,29,0.0,1.0083864,2,50,0.0078013516,0.9436221,2,70,0.0,0.96396893,2,90,0.0058892877,0.97950834,2,112,0.0,0.99792016,2,132,0.0,1.0599325,2,153,0.007531124,1.0364225,2,173,0.0,1.0209894,2,200
208,0.0,1.0129222,2,21,0.009402259,1.036001,2,41,0.0056026704,1.0355531,2,93,0.023687616,1.063899,2,113,0.005832952,0.9770958,2,136,0.0,1.0945573,2,162,0.0066670915,1.1073039,3,200
209,0.0075021135,1.0115813,2,22,0.0,1.0037569,2,43,0.0,1.0119718,2,63,0.0072367657,0.9904107,2,88,0.013449007,1.0054914,2,114,0.009022865,1.0285019,2,139,0.0037710066,1.0246762,2,174,0.014927458,1.0395188,2,200
210,0.0058039343,0.9949551,2,25,0.016473543,1.018733,2,45,0.0084508825,0.99557555,2,65,0.025388874,0.9150273,2,89,0.013929626,0.9760561,2,111,0.029297855,0.90127885,2,131,0.017909324,0.9108427,2,156,0.022114322,0.99439096,2,177,0.0,0.99983466,2,200
211,0.0,0.98471487,2,20,0.012231499,0.93118954,3,40,0.0,0.97244936,2,61,0.0,1.007248,2,81,0.02341325,0.93597585,2,101,0.008103759,1.00063,2,126,0.011131295,0.9513841,2,154,0.03937038,1.0002114,2,174,0.014912301,0.9288526,0,200
212,0.0028512976,0.98218524,2,21,0.0034676983,0.9662078,2,41,0.009923901,0.9819374,2,63,0.01820215,1.0283391,2,83,0.009232022,0.9969301,2,103,0.022979366,0.9679549,2,134,0.012024327,0.9414493,2,154,0.02330146,0.9073057,0,176,0.018633282,0.8802852,2,200
213,0.0,1.0195477,2,22,0.0016603633,1.0457712,2,51,0.017083403,1.0325282,2,71,0.009961747,0.99606436,2,109,0.011475295,0.9988031,2,131,0.0,1.0424263,2,155,0.0025100156,0.9672583,2,178,0.011414925,1.0246392,2,200
214,0.00580923,1.0232022,2,21,0.014970752,1.0552139,2,42,0.00671227,1.106486,3,62,0.0073785577,1.0030075,2,86,0.012268854,1.004065,2,118,0.0017591752,1.0491161,2,138,0.0,1.1080527,2,164,0.0,1.0777309,2,200
215,0.0,1.0376065,2,23,0.0,1.0054483,2,44,0.00084359635,1.0098677,2,64,0.012546343,0.92765933,2,84,0.0044120275,0.99386996,2,104,0.0058272243,0.95380485,2,124,0.00045660994,0.8786874,2,144,0.003450531,1.0491261,2,167,0.0040562265,0.99889696,2,200
216,0.0,1.0031241,2,21,0.0035554806,1.0097607,2,45,0.0,1.0242234,0,65,0.008415488,0.99772245,2,89,0.0064880117,0.9453437,2,109,0.005483555,0.95845634,2,129,0.017218027,0.86715555,2,150,0.0023899048,0.9304681,2,171,0.019285496,0.923224,2,200
217,0.0051617813,1.0084547,2,21,0.006247629,1.0375023,2,42,0.0060372353,1.0464686,2,62,0.0020680118,1.0668001,2,82,0.013681257,1.0358571,2,102,0.002982359,1.0032789,2,127,0.0032557964,1.0147568,2,150,0.006639731,1.0358939,2,172,0.030104475,1.0253087,2,200
218,0.012838623,1.0064743,2,20,0.001043745,0.9362917,2,40,0.0019057329,1.0687977,3,61,0.0,0.9834213,2,82,0.016744085,0.9715702,2,104,0.0,0.9911419,2,127,0.003929137,1.0176722,2,147,0.01915054,0.99390143,2,167,0.002890996,1.0237025,2,200
219,0.0047935066,0.9925704,2,23,0.00618338,1.0468304,2,45,0.009473136,1.0055184,2,65,0.014233445,1.0060798,2,86,0.012558748,1.0107378,2,107,0.0044943397,1.0094755,2,147,0.0146778785,1.0206198,2,171,0.003576426,1.067856,2,200
220,0.0,1.0092567,2,23,0.0,1.0141989,2,44
221,0.0,1.0322418,2,24
222,0.018683337,0.99675125,2,22,0.0019584661,0.99572754,2,42,0.008608665,0.9511332,2,69
223,0.0058525573,0.99837536,2,30,0.0,1.0222566,2,53,0.0013867159,0.9984315,2,84,0.0012443846,1.0322787,2,105,0.0029273194,1.0290855,2,133,0.0045231283,1.0169725,2,166,0.0004860737,1.0370184,2,200
224,0.0,0.97248536,2,20,0.010775911,0.9258201,2,41,0.009518984,0.9818474,2,61,0.010255698,0.9645681,0,82,0.010450906,1.0094628,3,103,0.010456416,1.0336459,3,123,0.0,1.0841241,2,150,0.0,0.9805622,2,171,0.0066265347,0.8687364,2,200
225,0.0,1.0435854,2,20,0.0009819694,0.9922055,2,66,0.024039352,1.0324478,2,86,0.0055187093,0.99348485,2,106,1.6547832e-05,1.0388843,2,126,0.0,1.0675687,2,146,0.0,1.0717099,2,169,0.0075652082,1.056119,2,200
226,0.0019685365,0.98148257,2,30,0.0029319008,1.020877,2,51,0.005578707,1.0204322,2,73,0.0038547672,1.0282081,2,94,0.0010053576,1.036604,2,120,0.008435072,0.99480456,2,157,0.013597739,0.96913546,2,177,0.012656451,0.996875,2,200
227,0.001229339,1.0030749,2,20,0.0,0.9947586,2,40,0.0053604012,0.9387398,2,60,0.01442951,0.9691451,2,84,0.0,0.95533043,2,105,0.0,1.0274457,2,138,0.0,1.0378711,2,158,0.015741099,0.9508344,2,178,0.014116951,0.9377411,2,200
228,0.0,1.0348796,2,21,0.0027614874,0.9911527,2,42,0.0037152208,0.9705942,2,62,0.016469913,0.904342,2,82,0.004914759,1.0209016,2,102,0.0003855837,1.0120829,2,123,0.008123148,0.9886738,2,143,0.004728814,0.98698777,2,163,0.0012582339,1.0322115,2,200
229,0.0043991706,0.9306816,2,20,0.00028268967,0.9787696,2,41,0.0096502965,1.0083785,2,61,0.06225743,0.9220708,0,81,0.09623398,0.46846324,1,101,0.0,0.5941305,2,121,0.0790841,0.65152925,0,141,0.0,0.6632203,2,161,0.054815866,0.56237996,2,200
230,0.0,0.97480667,2,20,0.0058875345,0.99632883,2,40,0.0,0.9196743,2,61,0.030446973,0.9564358,2,82,0.0005093152,1.0011045,2,106,0.0090617435,0.9084868,2,128,0.0,0.99775475,2,148,0.009889517,0.93377936,3,168,0.0023416737,0.9622451,2,200
231,0.0073843515,0.97568583,2,27,0.00041797283,0.9640131,2,47,0.0031306862,0.93727195,0,67,0.036408495,0.9503807,2,88,0.003895334,1.0014253,2,111,0.0020117492,0.93873245,2,132,0.0,0.9783414,2,153,0.008609185,0.91879416,2,176,0.001552416,0.96743804,2,200
232,0.0065982826,0.9970589,2,23,0.017267099,1.00741,2,54,0.008739276,1.0335482,2,74,0.0,1.0336099,2,101,0.0,1.038038,2,121,0.01967599,1.040489,0,142,0.013370296,1.051934,2,165,0.0045805005,1.0570999,2,200
233,0.0039054886,1.0052558,2,21,0.008302855,1.0187832,2,51,0.0,1.0142734,2,71,0.0034909851,1.0255511,2,91,0.013912661,1.0054177,2,111,0.00840802,1.0261197,2,131,0.0014412493,1.0186832,2,151,0.008965541,1.0427274,2,200
234,0.0025591787,0.9598382,2,26,0.0075938394,0.88236856,2,46,0.0074024852,0.84575224,2,67,0.0,0.8553791,2,87,0.0027104039,0.748805,0,107,0.039047904,0.83507633,2,127,0.0,0.74714,2,147,0.01175556,0.6015176,2,167,0.0,0.5533918,2,200
235,0.0,0.98747,2,24,0.0009425791,1.0112702,2,44,0.02508792,0.95240414,2,65,0.009303895,0.90162027,2,91,0.026279515,0.792009,2,111,0.015299844,0.8604906,2,131,0.024477473,0.67629945,2,171,0.08373198,0.617935,2,200
236,0.0035847803,1.0385875,2,20,0.0011485448,0.97776544,2,40,0.0064854054,1.0035002,2,65,0.013464244,0.97129965,2,86,0.0050086346,0.894203,2,108,0.019950218,0.979398,2,130,0.0018360523,0.9461219,2,151,0.005796249,0.975288,2,173,0.007529328,1.0081755,2,200
237,0.0052687237,1.0067654,2,20,0.001457904,0.9615122,2,40,0.008919327,1.0010381,2,61,0.004584176,0.9993283,2,82,0.0048026335,1.0366511,2,109,0.011472818,1.0226929,2,129,0.0011409138,1.0084742,2,155,0.008317469,1.0125697,2,200
238,0.006462012,1.0066872,2,32,0.0054239854,1.0986383,2,52,0.002074224,1.0487521,2,84,0.013628429,0.90508205,2,104,0.0,0.9794526,2,124,0.006325196,0.7651399,2,145,0.035264306,0.643855,2,165,0.04121798,0.51523507,2,200
239,0.00082501175,1.0486532,2,22,0.0,1.0026767,2,42,0.0015605774,0.9942057,2,67,0.0035364893,1.0014645,2,87,0.0,1.0033263,2,112,0.0019152397,1.0405606,2,143,0.0,1.0195824,2,164,0.0036371744,1.0446697,2,200
240,0.00031021136,0.99690074,2,20,0.003613251,0.97155344,2,40,0.0,1.0225738,2,64,0.0022870768,0.9507826,2,84,0.0030349577,1.0148765,2,108,0.0,1.0597414,2,136,0.0,1.1044786,2,156,0.0,1.0744526,2,176,0.0,1.0210319,2,200
241,0.0017110265,0.8313909,2,21,0.029788991,0.7657171,2,41,0.0,0.77571213,2,61,0.016259318,1.0085877,1,81,0.0,0.7368601,2,101,0.0,0.9680338,2,121,0.0,0.7466398,0,141,0.0,0.78871596,0,161,0.0,0.2030934,0,200
242,0.006920263,1.0317373,2,22,0.004325945,1.0050433,2,42,0.03260202,0.985202,2,62,0.009830494,0.981814,2,82,0.004989169,0.986277,2,103,0.017487772,1.0182387,2,123,0.031384822,1.0122169,2,145,0.013805647,0.94627917,2,165,0.0049200202,0.9910613,2,200
243,0.0053402516,0.97651416,2,24,0.018183408,0.94779956,2,44,0.027920727,0.93823606,2,64,0.012896651,0.9297258,2,86,0.051377248,0.9324152,2,106,0.026927447,0.9258682,2,126,0.0,0.97510785,2,146,0.003453865,0.9517018,2,167,0.041119758,0.8327809,2,200
244,0.034668185,0.9606421,2,23,0.0007590103,1.0246598,2,43,0.0,1.0755614,2,63,0.017319875,1.0037272,2,83,0.0,0.9836221,2,103,0.007928838,0.81922865,2,128,0.010585273,0.934277,2,157,0.0,0.901297,0,178,0.0,0.8603943,2,200
245,0.009314239,0.9608712,2,20,0.015798023,0.9889765,2,46,0.004089737,0.98357546,2,66,0.01245514,0.9509302,2,96
246,0.0,1.012453,2,21,0.018522138,1.0271763,2,41,0.0006487762,0.94300914,2,77
247,0.0,0.9976692,2,20,0.0006887387,1.0282322,2,40,0.0075194966,0.98088175,2,63
248,0.0,1.03868,2,24,0.0037774234,1.006826,2,44,0.01028028,0.9804558,2,67,0.0,1.0452528,2,87,0.0,0.996019,2,107,0.00784753,1.0485089,2,129,0.011589915,1.0606673,3,149,0.0,1.0490953,2,170,0.0011865222,1.0469033,2,200
249,0.02105758,1.0033435,2,20,0.009978497,0.9820186,0,40,0.004299707,1.0036228,2,60,0.0,1.0255721,2,80,0.0,1.0228214,2,104,0.021450914,0.9930783,3,126,0.015175365,1.0122654,2,147,0.007670417,0.9772566,2,172,0.0,1.0393575,2,200
250,0.0,0.96793157,2,20,0.0,0.9733179,2,40,0.05083875,0.9334029,2,60,0.008059298,0.8545329,2,81,0.00081106514,0.99609077,2,102
251,0.0,1.0205972,2,20,0.009999186,1.0412679,2,43,0.03611576,0.9923472,2,64,0.05816084,0.9495808,2,84,0.03147893,0.9518001,2,111,0.012510364,0.991353,2,132,0.00307712,0.9844219,2,152,0.002091489,1.0055735,2,172,0.009295596,0.9460495,2,200
252,0.0016577082,0.99878854,2,36,0.0,1.0042387,2,56,0.002119599,1.0295446,2,76,0.012702281,0.9680241,2,96,0.00543688,0.9886306,2,116,0.0031922392,1.0655205,0,136,0.004456273,1.0710816,0,156,0.005271767,1.0953281,2,177,0.0060943533,1.0478443,2,200
253,0.03213998,0.86787903,2,20,0.0021672328,1.0241942,2,40,0.008054902,0.92023337,2,62,0.00018488217,0.97923404,2,83,0.019551806,0.8966637,2,105,0.010302981,0.9371484,2,126,0.0,0.8872259,2,147,0.001545754,0.9859718,2,169,0.03249987,0.9249319,2,200
254,0.006124386,1.0127878,2,20,0.0051914314,0.975232,2,47,0.015366148,0.99165773,2,72,0.0045282007,1.0053757,2,92,0.007227692,0.9868922,2,112,0.0028596872,0.98345107,2,136,0.018105628,1.0225449,2,156,0.022272415,1.0364347,2,176,0.007582501,1.023209,2,200
255,0.007812756,0.89701337,2,24,0.028984442,1.0052009,2,45,0.0040127425,0.88369906,2,65,0.012397039,0.9015714,2,85,0.0,0.9342915,3,106,0.00014859364,0.7995006,2,131,0.014234898,1.0066769,2,152,0.010315072,0.95835006,0,172,0.0,0.4450603,1,200
256,0.011720002,1.0132521,2,22,0.0,1.0365055,2,42,0.0,1.0785786,2,68,0.001546095,1.0550109,2,89,0.0036982738,0.99455035,2,109,0.0,1.0251774,2,129,0.00040340965,1.0500613,0,149,0.0006311238,1.0699906,2,178,0.011035573,1.0760064,2,200
257,0.0052793147,1.0317827,2,20,0.0013157967,1.0311003,2,43,0.00017843508,0.9331395,2,68,0.012348554,0.9742451,2,90,0.0,0.94344574,2,111,0.003009683,0.9428934,2,131,0.0,1.0092894,2,152,0.0,0.9616337,2,174,0.0111359935,0.9222793,2,200
258,0.0019870258,1.0431067,2,23,0.0,1.0236424,2,43,0.014393806,0.99655104,2,63,0.07381372,0.9258453,2,85,0.059549414,0.9202616,2,120,0.0058841323,1.0132916,2,145
259,0.0032599533,1.0020949,2,36,0.0031774812,0.9729778,2,56,0.0050827786,0.9461328,2,82,0.0033332524,0.98180646,3,102,0.02751427,0.9738242,2,123,0.006453552,0.98352796,2,145,0.019874942,0.9739309,2,167,0.028014963,0.9424174,2,200
260,0.011767244,1.0138298,2,23,0.015597341,1.0080143,2,52,0.0044808616,1.0568348,2,82,0.0,1.078458,2,102,0.016445981,1.036569,2,128,0.013739946,1.0046556,2,149,0.0056721317,1.0652431,2,171,0.0007721619,1.0351306,2,200
261,0.0052211224,0.927146,2,28,0.013550436,0.9764865,2,48,0.010556327,0.93349206,2,70,0.033043556,0.92886525,2,90,0.039272137,0.8579162,2,110,0.032236252,0.9999801,3,130,0.0,0.8134569,2,153,0.0,0.8509723,2,173,0.02588469,0.8339676,2,200
262,0.006782343,1.0042676,2,21,0.027345369,0.9211877,2,41,0.015759131,0.9344579,0,62,0.017899668,0.9261092,2,95,0.01696122,0.9849965,2,116,0.00076673046,0.91728646,2,138,0.0,0.8153617,2,168,0.0344978,0.9006183,2,200
263,0.023606602,0.5160268,0,21,0.0,0.75255966,2,41,0.014377007,0.58012116,2,61,0.021421973,0.643054,2,81,0.0,0.34243265,0,102,0.0012579248,0.2334458,1,122,0.5235866,0.11790492,1,143
264,0.0068698293,1.020714,2,20,0.010930494,1.0160012,2,42,0.004864998,0.9581424,2,62,0.03689626,0.95503855,2,83,0.010638277,0.9905526,2,103,0.0018922982,0.94953495,2,129,0.0021083183,1.0153574,2,154,0.034092866,0.94404954,2,174,0.019611176,0.9286146,2,200
265,0.0026072226,0.9766419,2,24,0.0039847987,0.9361555,2,46,0.00986209,0.9411231,2,66,0.024864942,0.86891145,2,105
266,0.031225557,1.031719,2,21,0.002376824,1.0473869,2,47,0.0035682134,1.0072951,2,84,0.018017517,0.99912006,2,111,0.01626778,1.0080853,2,132,0.0008293273,0.9775174,2,158,0.0,0.96377087,2,180,0.024670413,0.9964512,2,200
267,0.0176513,1.002472,2,21,0.012548187,1.0448476,2,48,0.002582758,1.0330714,2,73
268,0.007929862,1.0414056,2,20,0.0043201903,1.0332286,2,54
269,0.016425695,0.8261302,3,20,0.0028096063,1.0028764,2,51,0.0,0.8345205,0,71,0.029076004,0.8803252,0,91,0.027111307,0.87972623,0,111,0.0,0.90117437,2,131,0.0,1.0670757,0,152,0.0,1.0120146,2,172,0.044953115,0.6005821,2,200
270,0.002855884,1.0170531,2,21,0.0032036586,0.99919933,2,44,0.030729014,1.0085582,2,64,0.027250076,0.9536205,2,88,0.0,0.9090441,2,108,0.0038160852,0.93027717,2,129,0.0,0.9128468,2,151,0.0,0.9493221,2,171,0.0016150919,1.0433931,0,200
271,0.0,1.0274627,2,20,0.008053203,0.9440593,2,46,0.015719157,0.9727742,2,66,0.0031115883,0.96436775,2,86,0.0,0.93179023,2,107,0.01602984,0.9345664,2,128,0.0005635081,0.92872506,2,148,0.085485086,0.87337,2,168,0.0057661165,0.93770957,0,200
272,0.0,1.0208633,2,28
