0,0.015176251,1.012136,2,29,0.003969558,1.0422142,2,49,0.0065729544,1.023045,2,69,0.00030307166,1.0189674,2,91,0.0,1.0697507,0,112,0.0,1.0363239,2,135,0.0,1.0652629,2,164,0.0048141833,1.0268153,2,200
1,0.014603247,0.9800123,2,20,0.011568176,1.0106304,2,40,0.0138571495,1.0195585,2,64,0.010154717,1.0336664,2,99
2,0.0033946163,1.0455534,2,20,0.0018428521,1.1014376,2,40,0.0,1.0333236,2,60,0.00090327597,1.0757233,2,80,0.008038267,1.0217551,2,107,0.026819738,0.99917376,0,128,0.0052899327,0.977671,2,153,0.012636112,0.9747625,0,174,0.0,0.9839076,2,200
3,0.013810734,1.0085318,2,20,0.0026366254,1.0214379,2,42,0.0,1.0457361,2,64,0.0020961983,1.0721931,3,86,0.0030163159,1.0669634,2,106,0.0,1.0779167,3,127,0.0013253097,1.140398,3,149,0.01219142,1.1406178,2,169,0.0036796846,1.1059581,0,200
4,0.008078249,1.0256968,2,20,0.002818693,0.9905548,2,40,0.004606967,1.0022423,2,69,0.00791479,0.99578476,2,93,0.0,1.0298816,2,114,0.0039404575,1.0290434,2,140,0.00419361,1.0568086,2,163,0.0050851507,1.0941612,2,200
5,0.00073108176,0.95748365,2,20,0.0,0.9194013,2,41,0.0,0.9786675,2,63,0.026321549,0.9372114,2,83,0.0,0.8954217,2,104,0.0,0.7533567,2,125,0.026897611,0.70617545,2,159
6,0.0019289933,1.0065987,2,32,0.015665885,0.9632767,2,52,0.008039027,0.97029847,3,72,0.014963409,0.9926054,2,92,0.023091787,0.92988837,0,112,0.019045714,0.9232646,0,132,0.027404847,0.93519574,2,155,0.0064531364,0.7620891,0,176,0.106199026,0.6700216,2,200
7,0.015171764,1.0742838,2,39
8,0.0032179938,1.0091258,2,20,0.0076648695,1.0490235,0,40,0.00092169706,1.0250137,2,63,0.009367565,0.99863005,2,101
9,0.00045272897,1.0096927,2,27,0.0,0.99134064,2,47,0.005907773,0.9469315,2,67,0.0069763293,0.8602033,2,88,0.019577451,0.85822827,2,112,0.0055045066,0.9257516,2,141,0.0112420125,0.95837736,3,161,0.00035846964,0.92583054,2,200
10,0.0,0.9997085,3,20,0.0,0.9602965,0,40,0.0,1.1394894,0,60,0.027063483,0.86110884,2,97
11,0.023456741,0.98850423,2,22,0.019240193,1.0419117,2,42,0.02522473,0.9685974,2,62,0.0025643245,1.0787367,3,83,0.006714444,0.9381478,2,104,0.00043273787,0.9514333,2,125,0.0027687212,1.016991,2,147
12,0.0064219222,0.9760565,2,24,0.012529836,0.91491663,2,46,0.008408428,0.90145195,2,67,0.0,0.78239685,2,88,0.0,0.68992484,2,108,0.0,0.78443664,1,129,0.018307101,0.4531483,1,169
13,0.0090485,0.9724893,2,31,0.008578671,0.97774315,2,51,0.0110472385,0.96290505,2,71,0.006375138,1.0044491,2,93,0.008097417,0.9975946,2,132,0.0,0.97210664,2,152,0.019505596,0.8495565,2,174,0.0,0.9151153,3,200
14,0.005042225,0.9716508,2,20,0.013851942,0.964819,2,42,0.020072175,0.9638323,2,64,0.0,0.9453117,2,84,0.03452366,0.9147817,2,104,0.0,0.93576837,2,126,0.0,0.54394525,2,164
15,0.009901569,0.98456854,2,29
16,0.003975374,1.0496933,2,21,0.0,1.073747,3,44,0.0,1.0220342,2,64,0.0006648341,1.0262972,2,94
17,0.0,1.0174832,2,21,0.025485603,1.0148678,2,50,0.008712248,1.0116789,2,70,0.016113209,1.0162336,2,90,0.008647637,1.0319549,2,119,0.018329874,0.9696438,2,139,0.008598569,1.0061758,2,168,0.013318684,1.0256494,2,200
18,0.0046397224,1.0013629,2,28,0.0,0.9816868,2,48,0.024005389,0.9713041,2,72,0.0416822,0.9197284,2,92,0.037933692,0.9417623,2,112,0.046818055,0.9363384,2,138,0.040356565,0.94843173,2,160,0.026928434,0.898949,2,200
19,0.0007936791,1.020182,2,28,0.0058517116,1.030127,2,50,0.019234648,0.98840433,2,92,0.010733446,0.9489381,2,118,0.002244668,0.97033435,2,141,0.0,1.0279022,2,161,0.0058562723,0.939511,2,200
20,0.020951286,0.98622274,2,27,0.018153582,0.9451917,2,48,0.0,0.88480777,2,68,0.0,0.821767,2,88,0.0,0.85731,0,109,0.011804423,0.97385615,2,133,0.0,1.0529639,2,157,0.004568443,0.9515184,2,177,0.0013283996,1.0870453,2,200
21,0.013870811,0.97362226,2,22,0.0009217048,0.9859792,2,42,0.013551115,1.0055662,2,74,0.008766313,1.0085447,2,105,0.0,1.0609103,2,125,0.0061409483,1.0597842,2,145,0.009769055,1.0365294,2,169,0.0061081694,1.0951208,2,200
22,0.013480056,1.0009841,2,41,0.0064442903,0.9162623,2,62,0.0158161,0.91212654,2,85,0.0,0.93577415,2,109,0.015580448,0.91689646,2,130,0.019838262,0.98559153,2,155,0.0024616027,1.0196065,2,175,0.0065888087,0.96791464,2,200
23,0.010163326,1.0016351,2,22,0.03544872,0.9509142,2,42,0.021297673,0.93026215,2,71,0.03365288,0.8784393,0,92,0.021598656,0.9300665,0,113,0.017472135,0.9458496,2,133,0.0063573355,0.9253666,2,153,0.00045086863,0.9530007,3,173,0.011432449,0.9455354,0,200
24,0.0,0.89915955,2,21,0.0,0.9231852,2,41,0.0,0.81722724,2,68,0.01401864,0.8378647,0,88,0.036729332,0.6996061,2,110,0.073222175,0.7769231,2,148
25,0.006211703,0.94878876,2,29,0.0013310305,0.8840374,2,50,0.0091147255,0.890961,2,71,0.0,0.786929,2,91,0.008539205,0.644816,2,112,0.0,0.4607272,1,132,0.0,0.36540523,1,152,0.017375741,0.58034956,2,177
26,0.0019199813,1.0206655,2,30
27,0.0,1.0238618,2,27,0.010335345,1.0058533,2,48,0.01986228,0.97898304,2,69,0.016477445,0.97216594,2,89,0.012093297,0.9765273,2,111
28,0.0,1.0186627,2,23,0.0041418583,1.0072083,2,45
29,0.0040395726,1.0012681,2,34,0.0072255423,1.0025649,2,61,0.01168816,1.0114416,2,87,0.008356178,0.9922836,2,113,0.0018148499,1.0074382,2,140,0.0051041762,1.0367137,2,166,0.011146331,1.0121266,2,200
30,0.01783455,0.9744353,2,35,0.014946086,1.0317171,2,64,0.004066886,1.0189869,2,89,0.005861044,1.0275413,2,116,0.0041923337,1.0221721,2,136,0.005312358,0.9986326,2,156,0.0057026013,1.0548549,2,200
31,0.004600464,1.014719,2,37,0.002008754,1.0104539,2,57,0.016636416,0.98610395,3,78,0.006542977,0.9608278,2,102,0.016915541,0.9786483,2,122,0.003574044,0.9683933,2,153,0.015777096,1.0400469,2,173,0.0040104804,1.0003568,2,200
32,0.0055365656,0.97042155,2,21,0.010059989,1.0134246,2,47,0.0018135958,0.93213403,2,67,0.015862511,0.9760217,2,89,0.008451625,0.9979973,2,125,0.013947867,0.98016506,2,149,0.00673299,0.9327855,2,172,0.00170238,0.80940086,2,200
33,0.0057460605,0.9805231,2,22,0.037401646,0.91568816,2,42,0.015022571,0.99117655,2,66,0.0024250008,0.92068976,2,86,0.002564115,0.8867976,0,106,0.009891448,0.90884686,2,126,0.045592174,0.91203016,0,147,0.009595829,0.9591714,2,168,0.055543434,0.696071,2,200
34,0.003485182,0.97095585,2,24,0.0066495645,0.9966553,2,49,0.0075112875,0.9328733,2,71,0.00054318423,0.8277954,2,91,0.008589844,0.848755,2,112,0.0011101754,0.83916825,2,132,0.025832156,0.8601713,2,152,0.0,0.95306396,2,172,0.0,0.83889854,2,200
35,0.0,1.0288904,2,29
36,0.00049487886,1.0268155,2,26
37,0.02408312,0.910401,2,43
38,0.006027162,1.0321528,2,24
39,0.010330484,1.0093257,2,50
40,0.004020392,0.9795043,2,20,0.016765203,0.95568675,2,40,0.0030800074,1.0014857,2,60,0.0074803457,1.0034889,2,80,0.0066625024,0.97039807,2,119,0.0073335776,0.9195865,0,140,0.016310425,0.96473616,2,160,0.006113059,0.9533852,2,180,0.004323504,1.0138646,0,200
41,0.029177913,0.87490463,2,21,0.0,0.9484867,2,46,0.008988241,1.011045,2,67,0.027919907,0.8772662,3,87,0.00759649,0.7265477,0,110,0.00042485783,0.7790907,0,132,0.025311355,0.6920176,2,158,0.0,0.83034146,2,178,0.0024133567,0.8634798,2,200
42,0.029116347,1.0057428,2,20,0.00433843,0.94664323,2,43,0.04155193,0.95715684,2,64,0.01984964,0.84696317,0,85,0.016200203,0.8940342,2,105,0.004518587,0.9910056,3,125,0.02055819,0.7716486,1,145,0.0,0.65178484,2,165,0.024783079,0.6686303,0,200
43,0.0,0.98013335,2,20,0.022562522,0.97976065,2,40,0.0,0.91407144,0,60,0.030273069,0.8809045,2,80,0.013437696,0.8808216,2,105,0.018423105,0.91801757,2,125,0.0325975,0.9110643,2,154,0.015828839,0.95309746,2,174,0.016376585,0.9227397,2,200
44,0.0041745855,1.0050088,2,23,0.0013131497,1.0625429,3,43,0.008732954,1.0420365,2,63,0.0,1.0340623,2,96,0.0,1.0527645,2,119,0.0,1.0786178,0,139,0.0,1.0951599,2,159,0.011278461,0.97682357,2,200
45,0.0012093547,1.0087531,2,32,0.009187187,0.9499547,2,52,0.014639551,0.9429596,2,72,0.0064321826,0.9065817,2,94,0.002426152,0.9831662,2,115,0.0072737606,1.0204031,2,135,0.0030663032,0.9535981,2,160,0.020399066,0.91169834,0,200
46,0.006879282,0.9831938,2,25,0.014797726,0.88521117,2,47,0.033197902,0.9014856,2,67
47,0.0,1.0002664,2,20,0.015703121,0.9343057,2,41,0.0051279236,1.0257143,2,63
48,0.0014490953,0.9865425,2,20,0.0,0.9863478,2,40,0.0,1.0349834,2,60,0.0032795898,1.0397444,2,80,0.0031778687,1.0775883,3,100,0.005974813,1.0781244,2,121,0.020918177,0.983878,2,141,0.0052611893,0.96291494,2,161,0.013435652,0.9541571,2,200
49,0.0002894697,1.0459291,2,21,0.0,1.0341399,2,41,0.0,0.9858264,2,61,0.0039265566,0.9592646,2,85,0.0,0.9592388,2,109,0.0069117383,0.92016524,3,129,0.008625591,0.95752084,2,152,0.015582251,0.9587699,2,172,0.011281201,0.9235266,2,200
50,0.0019221373,0.96990496,2,21,0.0012474433,1.0004588,2,46,0.0017542319,0.99930716,2,69,0.011909188,0.87816507,2,113
51,0.0046687815,1.0474263,2,20,0.0,1.0386846,2,44
52,0.0025405583,1.0536543,2,25,0.026116634,0.97514945,2,55
53,0.0,0.97614205,2,20,0.017297331,1.0011761,2,46,0.0047560567,0.9888396,2,67,0.011442163,0.89422774,2,89,0.004613592,0.9592369,2,109,0.04499002,0.98051274,3,130,0.0074112713,0.98677546,2,152,0.02771334,0.98290616,2,172,0.01316402,0.8125666,2,200
54,0.007423645,0.9839054,2,37
55,0.00033497027,1.0030566,2,20,0.0,1.0316402,2,40,0.056064837,0.9357917,2,60,0.010600119,0.9387476,2,81,0.051088583,0.93291026,2,102,0.04140892,0.90965205,2,122,0.023629298,0.97943705,2,142,0.041753355,0.89926326,2,163,0.03878174,0.93175477,2,200
56,0.011788024,1.050432,2,20,0.008003584,1.0119922,2,46,0.0046732314,0.95522916,2,68,0.008927319,1.038307,2,88,0.015616341,1.0375341,2,108,0.015484425,1.0257171,3,128,0.014489557,1.0274516,2,148,0.0021733947,1.0352582,0,168,0.0,1.0399077,0,200
57,0.008467205,0.8079656,2,34
58,0.0,0.9952142,2,22,0.028561777,0.95322454,2,42,0.0031131902,0.9672835,2,65,0.008212718,0.9865026,2,87,0.0057615256,0.9577695,2,108,0.009066157,1.0020204,2,129,0.0,1.0624548,2,149,0.0062343464,1.029865,2,171,0.0,1.002144,2,200
59,0.0,1.0146111,2,31,0.0058501363,0.9785939,2,57,0.014795402,1.0166636,2,77,0.004460892,1.0156794,2,106,0.0015650858,1.0475134,2,133,0.025184873,1.0319809,2,160,0.0,1.0978043,2,200
60,0.016021924,0.9884333,2,21,0.01986315,0.9019506,2,51
61,0.005706133,1.0245811,2,20,0.006672005,0.99375707,2,40,0.011002718,0.97999734,2,60,0.0020798033,1.0046377,2,81,0.0,1.0645897,2,106,0.0,1.0557516,2,136,0.0,1.0411159,2,156,0.0005810997,1.0287186,2,178,0.012540373,1.0417422,2,200
62,0.006794114,0.9940057,2,21,0.007884959,0.9561909,2,41,0.020658286,0.9485033,2,63,0.012695004,0.9703847,2,97,0.0014727383,0.9615417,2,120,0.00925026,0.97999424,2,153,0.0,0.75798213,2,173,0.014036489,0.6463719,0,200
63,0.01013486,1.0179313,2,27,0.0024167341,0.9665518,2,47,0.0077256775,0.9661134,2,68,0.008499833,1.002209,2,94,0.00863768,0.94377327,2,114,0.0,0.8768317,2,134,0.0015833816,0.8546832,2,155,0.0,0.53384167,1,176,0.037782606,0.6636186,2,200
64,0.0006674426,1.032536,2,26
65,0.0027431217,1.0071315,0,20,0.011847102,0.9503548,2,42,0.0,1.0367875,2,71,0.00964737,0.9117845,2,94,0.002401745,0.9765624,2,114,0.023715556,1.0418845,2,134,0.0,0.9243554,2,154,0.0,0.8249327,2,174,0.021838697,0.80505145,2,200
66,0.0053081587,1.0253022,2,24,0.014476569,0.88006085,2,44,0.007443999,0.8521975,2,64,0.000701974,0.793105,0,87,5.980377e-05,0.96619487,2,108,0.0,0.9190489,2,130,0.0,0.9184762,2,150,0.0030139745,0.8972656,2,170,0.0,0.8932417,2,200
67,0.004352192,0.99686426,2,29,0.011232501,0.98593426,2,51,0.0075132484,0.9953655,2,71,0.017756497,1.0032824,2,93,0.039910525,0.92109215,2,114,0.010994407,0.96398705,2,134,0.0017412684,0.95540226,2,155,0.003707145,1.0378449,2,178,0.0077759204,0.9959624,2,200
68,0.018039603,0.99281275,2,20,0.0030768004,1.0261096,2,48,0.0072095725,1.0525676,2,74,0.0,1.1492842,2,98,0.0003014654,1.0409346,2,118,0.0011370044,1.0435367,2,140,0.0,1.042289,2,160,0.0,1.0777187,2,180,0.00790166,0.99082357,2,200
69,0.011182941,1.0105832,2,20,0.0043836255,1.0134834,2,41,0.0034005507,0.96842825,2,61,0.0034475406,0.9901225,2,82,0.012339071,0.96740687,2,103,0.0108245965,0.9705861,2,124,0.0006863886,0.9558128,2,144,0.00201858,1.0452375,2,166,0.0051261843,1.0451888,2,200
70,0.0,1.0661925,2,20,0.0020239172,1.009626,2,40,0.007073062,1.0279183,2,64,0.016788898,1.0071273,2,91,0.0,1.0435823,2,112,0.008930085,0.9873001,3,132,0.0,1.056916,2,153,0.0012899892,1.0559465,0,173,0.0,1.0623136,2,200
71,0.0035552583,1.0029848,2,23,0.005695527,0.92949665,2,44,0.008755079,0.81867266,2,64,0.005642734,0.79161805,2,88,0.0,0.79985535,2,109,0.09930836,0.46363655,2,129,0.00087016466,0.5771536,2,149,0.0011033117,0.41133672,2,171,0.02659264,0.5040821,2,200
72,0.02971619,0.9742571,2,20,0.010854515,0.9098621,2,42,0.018467143,0.88445187,3,62,0.0,0.94392693,2,88,0.0,0.9340656,2,112,0.051296365,0.8985949,2,133,0.0,0.87894595,2,153,0.0,0.9396255,2,180,0.005056268,1.037635,2,200
73,0.010360808,0.9844969,2,23,0.0050734174,1.0043199,2,44,0.0027013633,0.8494481,2,64,0.018628975,0.7235716,2,99
74,0.0031714514,1.0200449,2,20,0.005327502,1.0164026,2,44,0.012864495,0.95785457,2,65,0.0072245947,0.99273807,2,85,0.0,0.99929047,2,108,0.0006816664,0.8502838,2,135,0.046705276,0.7709319,2,159,0.037432082,0.80368316,2,179,0.013230017,1.0083734,2,200
75,0.014860169,0.9675053,2,23,0.0031912879,1.002266,2,48,0.007921732,0.97753584,2,73,0.019277537,0.95484364,2,101,0.0087285815,0.9161769,0,121,0.01498228,0.9057895,2,146,0.03198029,0.8619245,2,171,0.029894419,0.82259125,2,200
76,0.0007946667,1.0052842,2,20,0.0025133549,1.0266844,2,40,0.0,1.038689,2,63,0.009145421,1.0077626,2,94,0.0028105476,0.97279644,2,114,0.008748243,0.9865384,2,139,0.01957639,1.0371666,2,159,0.019277778,1.0285978,2,180,0.011908125,1.0038865,2,200
77,0.011468983,0.9420517,2,20,0.007656449,0.86755925,2,42,0.03160805,0.7261592,2,62,0.0,0.7332815,2,82,0.016736742,0.7841834,2,102,0.0,0.67226076,2,124
78,0.0,0.9360138,2,20,0.014171101,0.9799827,2,40,0.003970831,0.9825916,2,68,0.00800207,0.9772989,2,88,0.0069015967,0.98534167,2,111,0.009694374,0.9521002,2,136
79,0.022624372,1.0053756,2,20,0.0025860756,1.0092366,2,53
80,0.0,0.99249935,2,40
81,0.0005071235,0.9751198,2,21,0.024668586,0.9969057,2,41,0.015995746,0.85575485,2,61,0.008009873,0.9640488,2,91,0.0,0.9864286,2,111,0.0,0.9747674,2,131,0.008753721,0.98292863,2,151,0.028313532,0.92162144,2,171,0.001295082,0.9528877,0,200
82,0.0027030625,1.0231314,2,20,0.0041390033,0.78830206,2,40,0.0,0.49354997,2,61,0.025180247,0.6883054,2,82,0.0,0.8632257,2,105,0.0,0.94352144,2,130,0.037874393,0.92264605,2,150,0.03205308,0.7098937,3,170,0.004619451,0.73046404,2,200
83,0.015607251,1.0063263,2,27,0.0,1.0150859,2,53,0.017736353,0.9295608,2,80,0.009667735,0.93938017,2,104,0.0,0.94506866,2,125,0.016830666,0.92631423,2,164,0.009443908,0.9992368,2,200
84,0.011895369,1.005393,2,24,0.020519113,0.95291233,2,44,0.02228528,1.0067035,2,74,0.06602824,0.9745312,2,95,0.035701793,0.9131184,2,121,0.0009466424,1.0459056,2,144,0.03115651,0.9362072,2,164,0.004235901,1.0083027,2,200
85,0.0016376507,0.9799604,2,22,0.002670891,1.0086097,2,42,0.018561935,1.0084158,2,66,0.024282148,1.0040003,2,87,0.006299256,1.0041902,2,116,0.007532486,1.0452447,2,160,0.0146113485,0.9998698,2,200
86,0.0036192525,1.0008087,2,27,0.024369787,0.9512208,2,61,0.007737989,0.97138244,2,81,0.014063453,1.00664,2,103,0.025497723,0.99658996,2,123,0.008213184,0.93002254,2,146,0.011861581,0.95768267,2,171
87,0.0022308533,1.0460001,2,24
88,0.0,1.0055611,2,20,0.004297645,1.0250331,0,40,0.002721969,1.0300565,2,62,0.00343004,1.0430562,2,84
89,0.030289343,0.90658987,2,21,0.04044233,0.83616126,2,41,0.009630667,0.77545285,2,61,0.0062666177,0.575148,2,83,0.013569333,0.6953453,2,117
90,0.0103712,1.0074756,2,40
91,0.0,0.98789424,2,20,0.0,0.93571573,2,41,0.0019428682,0.9273347,2,63,3.7707305e-05,0.9127592,0,85,0.0013889187,1.0002729,2,107,0.018644247,0.823932,2,127,0.018704047,0.79914415,2,147,0.0037250414,0.8924082,0,167,0.0335386,0.586124,2,200
92,0.0,0.9881169,2,20,0.0037241292,1.0470111,2,40,0.009905736,0.9503101,2,63,0.030624732,0.92611665,2,84,0.0033997195,0.8217596,2,106,0.052384168,0.7903372,2,129,0.047739543,0.9379501,2,151,0.014250873,1.0024179,2,171,0.0,0.98325396,2,200
93,0.003911134,0.9930441,2,24,0.012165725,0.91971385,2,44,0.020905422,0.86691123,2,65,0.011923547,0.87689716,2,86,0.025034498,0.9541894,2,106,0.007613633,0.9073696,2,126,0.0,0.74685305,2,146,0.0,0.6354946,1,166,0.024440916,0.5965239,2,200
94,0.0,0.9928177,2,22,0.0,0.9338585,2,42,0.0,1.0997909,3,62,0.0,0.9095697,2,83,0.0,0.97672045,2,104,0.0,0.7401244,2,127,0.0,0.81216925,2,156,0.0,0.89404017,2,178,0.006791498,1.0186023,2,200
95,0.0,1.0487267,3,21,0.010277798,0.9943159,2,41,0.0062285485,0.9071005,0,61,0.0,0.9806645,0,83,0.0,0.91318226,2,105,0.018968845,0.92758083,2,125,0.0025903725,0.8860544,2,145,0.014170801,0.80726576,0,166,0.0027659596,0.9726458,2,200
96,0.02005943,0.9302949,2,25,0.012497229,0.94341725,2,66
97,0.0,0.9330479,2,21,0.004143511,0.94255126,2,43,0.0,0.99387467,2,63
98,0.017092127,0.98150724,2,25,0.0,0.9717124,2,45,0.0069194497,0.97161627,3,65,0.029628849,0.9680953,2,85,0.022486301,0.8337882,2,106,0.002567167,0.9304563,2,135
99,0.009868011,0.9790023,2,25,0.0034709382,0.92518413,2,55,0.01117572,0.79259104,2,75,0.023116924,0.85249656,2,97,0.015162257,0.77947193,2,119,0.0042481264,0.7026259,0,139,0.0,0.74430674,2,164,0.03081331,0.82546246,2,200
100,0.009903042,1.0706381,2,21,0.0025012274,0.99559194,2,56
101,0.0,0.9491459,2,21,0.0008615693,0.99446416,2,54,0.005861697,0.8328951,2,74,0.007601105,0.8901121,2,96
102,0.004019068,1.0061134,2,28
103,0.00355724,0.9315085,2,21,0.06367196,0.96548307,2,42,0.0153523665,0.93445957,2,62,0.008849993,1.0503818,2,92,0.0021354388,0.951769,3,112,0.035589732,0.9630191,3,132,0.0004786862,0.8721212,2,152,0.02287085,0.8994498,2,172,0.0291966,0.83948505,2,200
104,0.0026936373,1.0506128,2,34,0.0,1.0306498,2,55,0.014935139,1.019571,2,79,0.00093662273,1.0207945,2,99,0.0091173295,0.9950515,2,120,0.004007939,0.99162817,2,143,0.0034333083,0.9654584,2,167,0.0033922647,0.9948231,2,200
105,0.004178251,0.9796057,2,20,0.0,1.0000806,2,40,0.0061246073,0.97833616,2,61,0.002053769,1.022615,2,84,0.0013511964,0.93552077,2,104,0.006007897,1.0098951,2,124,0.00040588056,1.0209874,2,161,0.0028576164,1.0580976,2,200
106,0.0053576687,0.9898678,2,21,0.001031787,0.98369,2,44,0.011829408,0.9715512,2,65,0.017836705,1.0233747,2,89,0.0063180407,1.0146751,2,110,0.021863418,1.0046462,2,132,0.0037593427,1.0098459,2,155,0.020496245,0.9763219,2,175,0.0042532487,1.040458,2,200
107,0.0,0.9933713,2,36,0.006575741,1.037037,2,56,0.0067227017,1.055138,2,80,0.015554324,0.95625913,2,100,0.0,0.89245415,2,122,0.0029866954,0.9021263,2,146,0.0006445357,0.96283853,2,172,0.0,0.928902,2,200
108,0.0013041996,1.0139534,2,20,0.01598638,0.9944808,2,48
109,0.0059326827,1.0318621,2,24
110,0.0,1.0616497,2,22,0.0023301812,1.0095533,2,63
111,0.006562679,1.0223376,2,29
112,0.0001494674,1.033152,2,37
113,0.0039694733,1.0000532,2,25
114,0.12930973,0.8330239,2,21,0.0,0.7856358,0,41,0.0,0.8765982,0,61,0.0,0.9775947,2,81,0.0,1.0667217,3,101,0.0,0.55910414,2,121,0.0,0.4712239,2,142,0.0,0.41825008,0,162,0.26640317,0.20130487,0,200
115,0.0,1.0310493,2,26,0.0029633844,1.0423537,2,48,0.009640766,0.9909674,2,68,0.0,0.9960254,2,88,0.01849445,0.95837593,2,109,0.003090813,0.9623402,2,129,0.0,0.9593208,2,151,0.0015005306,0.9831703,2,172,0.0,0.932505,2,200
116,0.0,0.9740882,2,24,0.009449462,0.9712123,2,53,0.025374409,0.8649023,2,73,0.023118135,0.8615843,2,93,0.00994221,0.857545,2,114,0.042717066,0.8966248,2,135,0.0029292142,0.93155885,2,165,0.010341282,0.7545383,2,200
117,0.021094317,0.9255248,2,25,0.012406671,1.0731696,3,47,0.041415103,1.0086578,2,67,0.0,0.9815513,2,94
118,0.0,1.0147825,2,21,0.002972874,1.0020778,2,45,0.009239673,0.9597276,2,66,0.0013539866,0.99865776,2,88,0.004107969,0.9912676,2,119,0.011562996,0.9968405,2,143,0.0,1.0004904,2,163,0.012265551,1.0324646,2,200
119,0.0037398017,1.0306166,2,25,0.00745628,1.0198996,2,72,0.0021465968,0.9777261,2,93,0.0,1.0013982,2,117,0.0052939244,0.9951068,2,138,0.038858425,0.94506866,3,159,0.030847738,0.95892715,2,179,0.054611064,0.9431224,2,200
120,0.00089727214,0.94184935,2,20,0.009217239,0.93094254,0,42,0.0028229277,0.91868764,2,62,0.035304807,0.9351819,2,83,0.030011645,0.8825218,2,103,0.0006352488,0.8881032,2,124,0.03191114,0.8534758,2,149,0.05897106,0.85688174,2,172,0.0010245634,0.9595975,2,200
121,0.017506786,0.964832,2,27
122,0.0013672347,1.0136337,2,22,0.0,1.0394348,2,45,0.0062252376,0.9946401,2,80
123,0.011756695,0.9491351,2,30
124,0.0,1.0175943,2,23,0.00089012104,0.9891049,2,43,0.004248432,1.0018928,2,75,0.0036280595,0.9888016,2,96
125,0.0060739126,0.9430362,2,35,0.022295097,0.95625055,2,58,0.0066297986,1.0052925,2,82,0.0004940478,0.8850757,2,103,0.033273585,0.9377841,2,123,0.0,1.0295948,2,153
126,0.0057682334,0.97047114,2,24,0.00191843,1.0106046,2,50,0.006422383,0.9238111,2,70,0.0028515623,0.98170024,2,104,0.0,1.0408752,2,125,0.0,0.9523352,2,145,0.0,0.9839697,2,165,0.002243704,0.9933073,2,200
127,0.012686924,0.9533001,2,21,0.0,0.926205,2,41,0.0,0.84415525,0,62,0.042339336,0.7129406,2,84,0.0,0.50016177,1,104,0.0,0.265082,2,126,0.028189909,0.6508239,2,148,0.007312673,0.6535098,0,168,0.011883328,0.69293267,2,200
128,0.0071111456,0.9768655,2,20,0.01652773,0.9550658,2,42,0.0026278526,0.9897101,2,65,0.011159557,0.9569133,2,86,0.0,0.99187386,2,106,0.018652583,1.0119302,2,127,0.0084682405,1.064474,3,147,0.0005203204,1.056229,2,172,0.0078159375,1.0154352,2,200
129,0.0029020428,0.9646445,2,27,0.041374244,0.97653085,2,47,0.0153656015,0.9625108,2,74,0.012413788,1.0158879,2,94,0.0,0.99567634,2,119,0.0,1.0150893,3,139,0.004082026,0.97892034,0,159,0.0,0.93444186,2,179,0.0019735051,0.94670933,2,200
130,0.0064903703,0.97633576,2,26,0.008203355,1.0006171,2,46,0.006028638,0.9409022,2,67,0.0009152338,0.97793967,2,91,0.0021805519,0.96598405,2,112,0.0060144444,1.0172822,2,132,0.004853582,1.0215011,2,153,0.0031063282,1.0235937,2,173,0.0050790347,1.045835,2,200
131,0.0047077914,1.0113747,2,24,0.0022000147,1.0135348,2,45,0.014050153,0.98710513,2,67,0.017105337,0.9314283,2,90,0.02573166,1.0216271,2,112,0.0033843804,1.0617825,2,146,0.019424602,1.0070192,2,170,0.003320867,1.0380512,2,200
132,0.008407747,0.92276365,2,33,0.017517582,0.858276,2,56,0.011565344,0.51277095,1,77,0.0,0.29677296,0,97,0.042013507,0.53794855,0,117,0.017974302,0.902954,2,137
133,0.007155853,0.99504095,2,26,0.017943375,0.9537072,2,46,0.0030355777,0.9669283,2,66,0.008678639,1.0089344,0,86,0.026608711,0.9381776,3,106,0.0,0.94945955,0,126,0.017630918,0.94220483,0,146,0.010396876,0.8469866,2,166
134,0.015303996,0.92956173,2,20,0.0601828,0.9082427,2,40,0.011862726,0.9532816,2,60,0.01552549,0.9399122,2,80,0.0038795054,0.9998638,2,131,0.0037353754,1.0801765,2,151,0.00082371413,1.0668854,2,179,0.0,1.0324538,2,200
135,0.008455356,0.9683106,2,21,0.056824222,0.8357471,2,46,0.0,0.87356484,2,66,0.06709196,0.76250315,2,86,0.0457319,0.92425036,2,108,0.006345559,0.637113,2,131,0.0,0.5443761,2,151,0.0063833483,0.42231196,2,171,0.14877145,0.3087127,2,200
136,0.02290245,0.949735,2,20,0.03123996,0.9325352,2,40,0.013252762,0.8966298,2,60,0.0,0.9586813,2,80,0.0055680117,0.95020676,2,101,0.07096018,0.9287397,2,121,0.008473189,0.97349375,2,149
137,0.0046457318,1.0137476,2,22,0.0,0.9966717,2,42,0.003401096,0.98359394,2,68,0.003724025,1.0327005,2,89,0.0074793673,1.0096142,2,109,0.00048447502,1.1000029,2,131,0.0034175427,1.0585495,2,156,0.0,1.0879585,2,176,0.014399105,1.0424385,2,200
138,0.020069305,1.0185192,2,20,0.0032686356,1.0120511,2,44,0.003933566,1.0382214,2,64,0.003113993,0.97192156,2,84,0.00885307,0.9607783,2,109,0.0051625418,1.0161765,2,129,0.009240847,0.9760157,2,158,0.0,1.0064355,2,180,0.005500696,1.0114151,2,200
139,0.010081362,0.98944473,2,22,0.009865562,0.98616683,2,42,0.013417093,1.0049365,2,62,0.015133571,0.99096227,2,83,0.00485497,1.0112807,2,104,0.01450829,0.9534458,2,124,0.0054197125,0.9559773,2,145,0.008527964,0.9896542,2,166,0.0038552561,1.0188932,2,200
140,0.0065827747,1.0054587,2,29,0.007768096,1.0661572,2,50,0.003857895,1.0106182,2,70,0.0,1.0521936,2,94,0.007545509,0.98391587,2,120,0.007972688,0.98200905,2,140,0.0054996773,0.9681883,2,160,0.004084264,0.972931,2,200
141,0.0,0.87641764,2,20,0.0,0.61841244,2,40,0.0048484635,0.7861214,2,65,0.0,0.6796604,0,85,0.02773539,0.7894264,2,107,0.0,0.7728409,3,127,0.0,0.68631,2,147,0.0,0.56482565,2,167,0.010250744,0.4349109,2,200
142,0.0,1.0079412,2,21,0.009960201,0.9757719,2,41,0.010824687,0.98228097,2,67,0.009488247,1.0143614,2,109,0.0037969407,0.9792945,2,129,0.004550784,0.9736956,2,149,0.01632449,0.9172227,2,169,0.007323388,1.0055947,2,200
143,0.016627198,0.9838136,2,34,0.0024573975,1.0173607,2,68
144,0.0,0.9737341,2,22,0.004280798,0.9682734,2,52,0.0112922825,0.9378666,2,74,0.022303397,0.99983627,2,94,0.0026374718,1.0705733,2,115,0.023364628,0.9984573,3,135,0.014731755,0.9619086,2,159,0.0,0.97007763,2,180,0.04120306,0.8961425,2,200
145,0.0015370832,1.0557171,2,37,0.01414105,1.04972,2,57,0.0,1.0758281,2,77,0.0071256934,1.015857,2,100,0.015709156,1.019224,2,121,0.0030217743,1.0488355,2,143,0.014326205,1.0017278,2,163,0.0,1.0088013,2,200
146,0.0074749826,0.9687503,2,20,0.0013749375,0.9871316,2,40,0.0114850495,0.9896824,2,60,0.0022194935,0.94458747,2,82,0.004798835,0.9902247,2,103,0.008529873,0.94713295,2,128,0.00672532,0.9777497,2,159,0.004149885,0.9699772,2,200
147,0.027918354,0.97857875,2,20,0.0113563165,0.98661995,2,40,0.0057100877,1.0198227,0,60,0.00046980235,1.0240791,2,86,0.017476568,0.97219247,2,106,0.01633278,0.9935242,2,126,0.0005772059,1.0229496,2,162,0.004534608,0.9465601,2,200
148,0.0042541362,1.0288763,2,24,0.003738392,1.0252599,2,53,0.0066307047,0.9568715,2,80,0.021836933,0.9266206,2,100,0.028606024,0.94803154,2,120,0.016648598,0.9253836,2,145,0.013031892,0.9722401,2,167,0.038549915,0.9293527,2,200
149,0.0126816705,0.97294027,2,20,0.0036074042,0.96305853,2,42,0.0,0.98448133,2,62,0.00084962306,1.0071629,2,82,0.01682248,0.9721821,2,107,0.0,1.0222479,2,128,0.024315327,1.0025007,2,148,0.0045009893,1.0450435,2,177,0.015458405,0.9965727,2,200
150,0.020831496,0.97023267,2,20,0.00057385775,0.9652368,2,41,0.018448455,0.9689809,2,61,0.006112759,0.979175,2,87,0.0,1.0428698,2,108,0.0014954251,1.0185894,2,133,0.0,1.040465,2,155
151,0.0,1.0112599,2,25
152,0.0028331513,1.0125296,2,20,0.0,1.0330707,2,51,0.0017428994,1.0486871,2,78,0.0031058744,1.0036694,2,102,0.002242559,1.0131032,2,122,0.0029440012,1.0293448,2,152,0.0033579564,0.9786337,2,173,0.009034381,0.9908525,2,200
153,0.008364674,1.0152309,2,22,0.016163984,0.9787705,2,43,0.002771116,0.99918664,2,63,0.0,1.0533096,2,84,0.00062767597,0.98862064,2,113,0.0005189404,0.9670931,2,133,0.012159939,0.9948738,2,153,0.005544729,0.9940534,2,178,0.003522896,1.0027637,2,200
154,0.0014431868,1.0174528,2,21,0.0068714805,0.9957748,2,44,0.0,1.0222671,2,64,0.0006261267,0.99879736,2,87,0.0,0.98008233,2,107,0.0055632545,1.0040237,2,127,0.005171698,0.99108547,2,149,0.0,1.0093507,2,169,0.001179477,0.9651458,2,200
155,0.012872993,0.9503232,2,26,0.0072928625,0.9972107,2,55,0.013116286,1.0170132,2,77,0.005002276,0.9771755,2,106,0.0075634583,1.0432699,2,127
156,0.008590696,0.9953315,2,21,0.0016648653,1.0533904,2,48,0.0,1.0157853,2,69,0.008184414,0.99129647,2,96,0.012822861,0.99124366,2,122,0.0022885809,1.0596162,2,145,0.0,1.0536267,2,165,0.0,1.0522426,2,200
157,0.0016562883,1.023499,2,20,0.014890542,0.9765303,2,51,0.0026499862,1.0326468,2,75,0.014397588,0.93434846,2,98,0.011566261,0.950205,2,118,0.0010443594,0.988138,2,139,0.00076994457,0.9712394,2,160,0.007578788,1.0107845,2,200
158,0.0031698346,1.0084857,2,21,0.006869508,0.96994966,2,43,0.005626929,1.0314871,2,78,0.0063717235,0.97930527,2,102,0.014812452,1.009194,2,129,0.0066763214,1.0139467,2,149,0.0,1.0556061,2,170,0.0014332479,0.9673528,3,200
159,0.022277007,0.8964162,0,21,0.0052578724,0.9412686,2,42,0.011845105,0.9727915,2,71
160,0.013477038,0.9608396,2,23,0.03090275,0.9265739,2,46,0.029590797,0.93091136,2,66,0.05212273,0.9456034,2,86,0.01793362,0.9526178,2,108,0.011219132,0.95013845,2,130,0.010842551,0.8888081,2,152,0.008130526,0.9340664,2,175,0.029337177,0.96969175,2,200
161,0.0008179612,1.0049818,2,20,0.0025325634,0.9876945,2,41,0.0,1.0090522,2,61,0.0,1.0237944,2,81,0.0,1.0095959,2,102,0.001653735,0.9917558,2,122,0.038241003,1.002012,2,144
162,0.011036104,1.0440598,2,31
163,0.0063635083,0.9969864,2,21,0.0013394286,0.9819767,2,43
164,0.007939704,1.0172169,2,20,0.0,1.0001851,2,41
165,0.0,1.0149611,2,20,0.0035744004,1.0079094,2,40,0.0025633993,1.0114912,2,62,0.007971561,0.9703376,2,83,0.002195339,0.9778069,2,110,0.003934392,1.0248262,2,130,0.00078074983,1.0143341,0,155,0.009656405,0.96737486,2,178,0.014813322,0.8944933,2,200
166,0.015197255,0.9979068,3,20,0.0025153626,0.94998825,2,48
167,0.0057009025,1.0087053,2,20,0.0020192498,1.0123678,2,41,0.016951555,0.9293183,2,77
168,0.0,0.9909376,2,30
169,0.0037597658,1.0362253,2,39
170,0.017638177,1.0424991,2,20,0.0038229674,1.0094577,2,42,0.0052593504,1.004635,2,64,0.0042749606,0.98885876,2,88,0.0073131607,0.9764623,2,110,0.01646224,0.9528826,2,140,0.03411396,0.98887944,2,162,0.010472694,1.0227884,2,200
171,0.0,1.0374572,2,33,0.009143659,1.0282323,2,53,0.0046319133,0.9988383,2,73,0.007359787,0.98970956,2,93,0.020086212,0.9518377,2,113,0.024484402,0.9826041,2,134,0.048441444,0.9304159,2,155,0.040959325,0.8199601,0,175,0.03210674,0.96880394,2,200
172,0.0,1.0333343,2,20,0.0,1.0135988,2,40,0.0009524351,1.0101922,2,77,0.007186147,0.988375,2,97,0.0,1.0153621,2,118,0.012835756,1.0267887,2,138,0.0003289381,1.0485536,2,158,0.002229515,1.047412,2,178,0.0021675923,1.0277839,2,200
173,0.023106147,0.95503896,2,25
174,0.0009912621,1.0425863,2,37,0.0029272358,1.0005207,2,58,0.022501498,0.9966232,2,78,0.005872094,1.0511962,2,104,0.001590174,1.0161779,2,125,0.0,1.0580107,2,145,0.008707077,1.0161512,2,174,0.009244896,1.0214803,2,200
175,0.0045762914,0.9888301,2,25,0.017805088,0.9807871,2,45,0.0060361307,0.92972994,2,69,0.0025862944,0.9718488,2,90,0.002945229,0.9605759,2,110,0.0,0.9901593,2,135,0.019485887,1.0135742,3,155,0.005819955,0.9844445,2,175,0.011917264,1.0117676,2,200
176,0.0,0.94361633,2,25,0.001581225,0.95694894,2,46,0.02396276,0.9638591,2,66,0.011167481,0.9103506,2,86,0.009949063,0.9455938,2,107,0.015309366,0.9318221,2,127,0.016008489,0.94169295,2,147,0.015083599,0.92162764,2,200
177,0.0,0.97923833,2,21,0.0049578305,0.9978699,2,44,0.018928345,0.9694499,0,65,0.018440686,0.91065025,2,87,0.007347605,0.9770751,2,107,0.0042970055,0.9165907,2,131,0.0,0.9024189,2,162,0.01318168,0.8228865,2,200
178,0.005102635,1.0044081,2,20,0.0,0.96751595,2,40,0.0039270846,0.941215,2,61,0.0045891455,0.9709255,2,85,0.011233805,0.9236047,2,115
179,0.0,0.89346135,2,20,0.0,0.7136768,1,41,0.0,0.52665323,0,64,0.0,0.6723415,0,84,0.029580468,0.7011672,2,104,0.0,0.68707675,2,124,0.0,0.7334248,2,153
180,0.007930622,0.9991513,2,22,0.006410485,0.98288834,2,58,0.0,1.0108181,2,80,0.0,0.9593948,3,100,0.011206107,1.0026019,3,120,0.04451808,0.9777882,2,150
181,0.006425215,0.9727527,2,23,0.016682409,0.9745774,2,43,0.0058944565,0.9395445,2,63,0.006756066,0.9589017,2,84,2.5027617e-05,1.0260677,2,104,0.010634942,0.94896686,2,124,0.00991071,0.9569811,2,145,0.009756254,0.93455094,2,165,0.056533873,0.950488,2,200
182,0.002600321,0.98429936,2,20,0.002197464,1.0033332,2,49,0.0016580364,1.1081325,2,69,0.00818423,1.024769,2,92,0.0010085441,1.0472734,2,112,0.0042115846,0.9885375,2,132,0.012600163,1.0364716,3,155,0.018884594,1.0453602,2,176,0.0015134345,0.9802807,2,200
183,0.0057984376,1.0366071,2,21,0.002761227,1.037535,2,43,0.010990429,0.958457,2,63,0.0002507959,0.9819699,2,95,0.008379791,1.0173765,2,115,0.013765791,1.0239968,2,135,0.0005395974,1.0535281,2,156,0.0016249882,1.0436834,2,177,0.0040258914,1.0333948,2,200
184,0.007618364,1.0438713,2,20,0.0,1.0581037,2,42,0.0016564537,1.0030607,2,64,0.011200987,1.0047107,2,91,0.013349329,1.0213903,2,112,0.01717011,0.98959625,2,133,0.010432263,1.0129932,2,153,0.0015667478,1.0043318,2,173,0.006580462,0.9927909,2,200
185,0.0039420673,1.0152069,2,30,0.0001768781,1.0692651,2,50,0.008307469,1.0632855,2,74,0.0071644685,1.0137963,2,106,0.0,1.0582856,2,131,0.0065879105,1.0550926,2,151,0.005050037,0.97928,2,171,0.0041451943,1.0096971,2,200
186,0.0048785014,0.9949844,2,26,0.010081063,1.004396,2,50,0.0063259816,1.0111364,2,92
187,0.00096724305,0.97030985,2,20,0.0043229894,0.89538807,2,42,0.020265881,1.0054923,2,62,0.008779895,0.85061467,2,83,0.0039325105,0.7842408,2,103,0.0,0.8830946,2,123,0.0,0.6580939,0,143,0.0,0.6038543,2,163,0.010084484,0.4992486,1,200
188,0.0,0.97850394,2,22,0.0037388145,0.9706112,2,49
189,0.0035808787,0.9760581,2,20
190,0.0071167853,0.97474706,2,22,0.0,1.0273516,3,42,0.0012154154,0.97782326,3,62,0.021898463,0.9411877,3,82,0.0,0.99540025,3,105,0.0,1.1384858,2,125,0.0,0.8069447,2,145,0.0,0.8482244,2,178
191,0.0024536133,0.99795634,2,31,0.0037112422,1.0044595,2,53,0.0126178535,0.96519583,2,73,0.0,0.99312973,2,94,0.0,1.0352839,2,117,0.0041352506,1.0438482,2,139,0.0,1.0146877,2,159,0.0056064567,0.95205575,2,200
192,0.0075505883,1.018962,2,20,0.0048865178,0.9708263,2,40,0.03608995,0.9772092,2,61,0.04003661,0.95583516,2,82,0.0,0.95048225,2,102,0.022508869,0.9391079,2,126
193,0.0041655432,0.9919276,2,31,0.0036222176,1.0152668,2,53,0.004631162,1.0213951,2,76,0.009930862,1.028052,2,105,0.010863559,1.0337715,2,126,0.0,1.0531611,3,146,0.005182278,1.0309677,2,170,0.0056891157,1.0433425,2,200
194,0.0,0.92458606,2,22,0.0046556178,0.9258383,2,63
195,0.0094579365,0.91477764,2,20,0.0083337305,1.0118968,2,40,0.014148892,0.99310696,2,66,0.028835094,0.9943507,2,89,0.003120713,1.0134283,2,111,0.014237976,0.96668327,2,141
196,0.0,1.0422772,2,20,0.0,1.0124557,2,40,0.000364984,1.013912,2,60,0.0008433963,1.0107442,2,89,0.009163682,1.0042647,2,109,0.015506398,0.97933936,2,131,0.015050519,0.9195976,2,153,0.0,0.99918884,2,175,0.0,0.9158529,2,200
197,0.0007175013,1.0287896,2,20,0.009615382,0.9742917,2,43,0.0031882687,0.9777921,2,64,0.0,1.0202396,2,84,0.008716798,1.0132594,2,106,0.008103812,1.0717185,2,126,4.9731816e-06,0.99796236,2,149,0.022473237,1.0027862,2,170,0.004484835,1.0143487,2,200
198,0.003266742,0.9972765,2,20,0.015179554,1.002769,2,40,0.008266853,0.9943737,0,61,0.010288926,1.0029879,2,82,0.014177429,0.9273306,2,102,0.012187543,0.93521446,2,124,0.0017842862,0.9684911,2,144,0.002879205,0.98970115,2,164,0.0023679328,0.9616273,2,200
199,0.011432039,0.9789342,2,21,0.0,1.0134766,2,44,0.0072614965,1.0223681,2,67,0.012322945,0.948653,2,91,0.0010292463,1.0389386,2,115,0.0,1.0353749,2,135,0.0009017339,1.0310409,2,155,0.009862523,1.0215805,2,200
200,0.007912397,1.0152594,2,28,0.006727831,0.9965414,2,60,0.008449877,0.9819912,2,80,0.0,0.9977228,2,105,0.042369343,0.9251085,2,131,0.0048353737,0.9657664,3,152,0.0036180285,1.0289729,3,172,0.010107509,0.82359207,2,200
201,0.027141625,0.937281,2,20,0.008546024,1.0395001,2,43,0.014283048,1.0544953,2,63,0.0026880258,1.0407809,2,85,0.008048204,1.025326,2,106,0.0015849078,1.0478919,2,126,0.009956887,1.0356168,2,150,0.0023175636,1.009836,2,170,0.013025316,1.0502845,2,200
202,0.0,1.0146166,2,22,0.00744446,0.9739051,2,42,0.032388654,0.9636252,2,65,0.004708866,1.0224762,2,88,0.022644868,1.024808,2,110,0.002474776,0.9856473,2,130,0.014587627,0.99342114,2,160,0.014390459,1.014539,2,180,0.01134605,1.0111029,2,200
203,0.0041961456,0.9953882,2,37,0.0,1.0358883,2,57,0.008480858,0.9692472,2,79,0.0019993093,0.97886086,2,100,0.006119584,0.9890083,2,121,0.002566085,0.96999997,2,142,0.0055536814,0.9305056,2,165,0.015668549,0.99671715,2,200
204,0.0,0.98649436,2,24,3.0130655e-05,0.97397876,2,46,0.009701662,0.98671013,2,67,0.0,0.93509257,2,90,0.0029173307,0.83768797,2,123,0.0,0.9401299,2,144,0.0,0.8552263,2,169,0.04581762,0.8163197,2,200
205,0.004665929,1.0179633,2,23,0.006511636,0.99113834,2,56,0.021198438,1.0123265,2,78,0.017436886,0.9966585,2,100,0.0045979717,0.9325339,2,128,0.0,1.0056856,2,149,0.005858022,1.0519118,2,169,0.0,1.0022998,2,200
206,0.004571361,0.96281576,2,20,0.0,0.965185,2,40,0.016036466,0.7913054,2,61,0.0,0.77973527,2,81,0.0,0.63017493,2,101,0.0,0.5099009,2,121,0.0,0.57951367,2,141,0.00313401,0.5951315,2,163,0.035061754,0.30347586,1,200
207,0.0035671901,1.0447311,2,21,0.006811138,0.977907,2,45,0.00065065,1.0149646,2,71,0.0004259588,1.0250208,2,118,0.00042460317,1.029505,2,146,0.004293236,1.0065335,2,172,0.011490275,0.9637185,2,200
208,0.033043984,0.95244753,2,23,0.0027576962,0.89725006,2,59
209,0.0058235317,1.0110391,2,24,0.021946445,0.9871642,2,44,0.009571289,0.9775701,2,72,0.01920094,0.92451304,2,92,0.007221917,0.9549236,2,113,0.007860692,0.95364285,2,135,5.2382784e-05,0.97427183,2,164,0.0055942843,0.92460006,2,200
210,0.0,0.97589904,2,20,0.0,0.9987931,2,41,0.008211138,0.93801844,2,63,0.0,0.97557503,2,87,0.0,0.9606714,2,107,0.0020438419,0.92291546,2,127,0.0,0.98390007,2,148,0.029461592,0.92290413,2,168,0.0009889428,0.87789553,2,200
211,0.0150264455,0.9647893,2,20,0.00516776,1.0008005,2,43,0.015137063,0.9072084,2,68,0.0017896126,0.9355842,2,97,0.00095157867,0.9644453,2,119,0.007771932,0.9893776,2,144,0.027709445,0.88259476,2,164,0.012062608,0.81298286,2,200
212,0.0,0.98969066,2,20,0.0021588013,0.9223398,2,40,0.00018931784,0.95342195,2,65,0.0011495263,1.0058321,2,85,0.008301768,0.9382041,2,112,0.0038607996,0.955332,2,136,0.011458971,0.77395993,2,160,0.012689741,0.81920594,2,180,0.0343552,0.9760208,2,200
213,0.0,1.0377629,2,20,0.017062783,0.9896676,2,40,0.0094592525,0.9901598,2,89,0.0038614317,0.999038,2,111,0.0021952237,0.9716083,2,142,0.009525785,1.0257555,2,162,0.010337368,0.9711022,2,200
214,0.0,1.0227742,2,20,0.0,0.91372335,2,42,0.03097123,0.8575304,2,62,0.00792946,0.9115778,2,84,0.026762813,0.7973743,2,106,0.0,0.77500284,2,126,0.0,0.645532,2,146,0.0,0.8427669,2,166,0.00038047906,0.3390326,2,200
215,0.0,0.97272885,2,26,0.00071071385,0.92429435,2,49,0.00015177332,0.9985687,2,74,0.00119006,0.9912073,2,97,0.015107438,0.9687235,2,117,0.018624667,0.86526424,2,137
216,0.018413424,0.971151,2,20,0.035839833,0.8366566,2,40,0.0,0.8056053,2,60,0.12904933,0.78323185,2,80,0.0034415678,0.6106183,2,100,0.015432325,0.6508359,2,120,0.0,0.6008094,1,141,0.031437885,0.5739744,0,163,0.023065051,0.1751531,0,200
217,0.0020915705,1.0320928,2,21,0.0,1.039522,2,41,0.0046204934,1.0133095,2,62,0.0023853572,1.0156924,2,95,0.0,1.0173589,2,119,0.0018291402,1.0828921,2,139,0.012397215,1.0118306,2,159,0.0,1.0406172,2,179,0.0,1.05655,2,200
218,0.0122788325,0.9909818,2,29,0.0,1.0092784,2,49
219,0.0,1.0233833,2,20,0.0050208904,1.0013635,2,40,0.010727014,0.9683897,2,60,0.0,0.94237906,2,82,0.015152345,0.996463,2,102,0.005840323,0.90541995,2,122,0.014983095,0.9382219,2,155
220,0.011700797,0.9124249,2,21,0.004503619,0.86228323,0,41,0.0,0.9078541,2,61,0.012090323,0.6530386,2,81,0.0,0.6424049,2,101,0.049684107,0.69122815,2,121,0.0052655768,0.3172339,2,144,0.025099505,0.31502205,0,165,0.1238778,0.42640895,2,200
221,0.007996869,0.9460327,2,24,0.022206921,1.051147,3,44,0.0,0.9511129,2,65,0.03274094,0.91647506,2,89,0.0061440067,0.98959374,2,111,0.013051684,0.9732542,2,131,0.040467866,0.82943296,2,151,0.0,0.8841651,2,171,0.11358465,0.8640066,2,200
222,0.009811347,0.973749,2,20,0.00032769123,1.04821,2,46,0.017496608,0.98859787,2,66,0.0007197649,0.995787,2,101
223,0.0018491816,0.9715476,2,43
224,0.008812354,0.9494526,2,23,0.010151865,1.0318387,2,43,0.0044713956,0.97301793,2,64,0.0049527944,1.0186121,2,86,0.011137315,0.91796595,3,107,0.047834497,0.8475853,2,127,0.01203663,0.8659402,0,148,0.03299974,0.95945156,2,169,0.01395682,0.7010954,2,200
225,0.012677657,0.9937334,2,20,0.016242575,0.94325686,2,40,0.0045012115,0.9706203,2,61,0.013635597,0.9936995,2,87,0.0,1.0121937,2,107,0.011619532,1.005171,2,130,0.003755718,1.0578958,2,169,0.0066397837,0.98634493,2,200
226,0.0009364719,0.9457294,2,21,0.008154924,0.9901607,2,42,0.015774513,0.9481999,2,63,0.0135968495,0.9687427,2,83,0.008886519,0.9304649,2,105,0.013181892,1.0100311,2,125,0.028656442,0.9875175,2,145,0.03026086,0.91338956,3,165,0.022602744,0.87822187,2,200
227,0.002212312,0.9983576,2,20,0.006963092,0.9698704,2,40,0.015328196,1.0093218,2,60,0.00406701,0.99381286,2,80,0.0,1.0234616,2,101,0.00038837543,1.0145003,2,122,0.012003674,1.0466988,2,148,0.012498422,1.008208,2,173,0.011092093,1.0048686,2,200
228,0.001779907,1.0391791,2,20,0.0144334985,1.0419171,2,41,0.017422136,0.96130335,2,61,0.008159004,0.96219707,2,82,0.008827263,0.96740067,2,102,0.0,0.98732257,2,123,0.0060902494,1.0083586,2,145,0.0,0.9883121,2,167,0.0053912736,1.0409398,2,200
229,0.0043298565,0.9814559,2,26,0.010578423,0.96005696,2,56,0.0019720849,0.94025743,2,79,0.009389692,0.9682676,2,102,0.0029433344,0.90098274,2,123,0.0,0.9406256,2,145,0.0061651394,0.8849352,2,165,0.014580609,0.99191064,2,200
230,0.0,1.0084893,2,22,0.0264792,1.0106097,2,42,0.0011470586,1.015801,2,74
231,0.0042525674,0.95960385,2,36,0.0,1.0000718,3,59,0.00273159,0.9702808,2,82,0.0,0.9953742,2,106,0.022309432,1.0144396,2,126,0.0,1.0342209,2,146,0.012518782,1.0649219,2,168,0.00769886,1.0623705,0,200
232,0.029113827,0.97353595,2,22,0.023386648,0.9644941,2,50,0.007230354,0.8851291,2,77,0.0014620645,0.629076,2,98,0.00034410576,0.823249,2,119,0.021809418,0.9135342,2,148,0.0024462303,0.91578704,2,172,0.012934288,0.92971736,2,200
233,0.0081725335,0.9438477,2,22,0.0,0.9709388,2,42,0.0052738627,0.9983257,2,62,0.0025425586,0.90897894,2,82,0.00591528,0.8690276,0,103,0.005755299,0.7174067,2,129,0.0,0.58508235,1,150,0.0,0.5593628,1,170,0.010182416,0.73754984,2,200
234,0.006778496,0.9679736,2,20,0.0,0.9760196,2,41,0.0063967956,0.9831732,2,61,0.014119461,0.91708624,2,81,0.0041529615,1.0004622,2,111,0.0,0.98310745,2,131,0.00052556157,0.996311,2,161,0.0043572793,0.97587556,2,200
235,0.0,1.078884,2,23
236,0.00759662,0.992287,2,24,0.0066572577,1.0211812,3,44,0.0,1.0427527,2,66,0.0,0.9911004,2,97
237,0.005049588,0.98702633,2,36,0.015526011,0.96508616,2,57,0.021130862,0.9642755,2,78,0.01034102,0.9683092,2,98,0.032230638,0.9674729,2,118,0.021165883,0.92968416,2,138,0.01772725,0.93981075,2,158,0.021261524,0.91079617,2,178,0.030629331,0.8883032,2,200
238,0.007850906,0.9525983,2,20,0.0,0.89570683,2,40,0.0,0.9497251,0,61,0.0,0.9220831,3,81,0.00094972533,0.9815128,3,102,0.0,0.9900649,2,122,0.0,0.525813,2,142,0.0,0.5527379,2,162,0.017360285,0.3904318,1,200
239,0.0,1.0122164,2,21,0.0,0.9941283,2,45,0.00749172,1.024763,2,66,0.012570812,1.0122857,2,87,0.010433617,1.034083,2,107,0.0068269866,1.0186526,2,130,0.020777704,1.0306898,2,150,0.021921035,0.9842964,2,178,0.010158271,1.01857,2,200
240,0.00014465264,1.0652748,2,29
241,0.0006494212,0.9806994,2,21,0.0038264014,1.0111668,2,44,0.0025587426,1.0008633,2,65,0.016760569,0.9601695,2,85,0.0,1.052237,2,107,0.002490457,1.0176846,2,130,0.0007566648,0.98329145,2,150,0.016312916,1.0066484,2,179,0.024365436,1.038553,2,200
242,0.0034127757,1.0095283,2,27,0.03693142,1.0473021,2,57,0.00571373,1.0369622,2,77,0.008217963,1.0655671,2,97,0.008795112,1.0353028,2,118,0.00040591805,1.028363,2,140,0.0044110166,1.0207047,2,162,0.0024328714,1.0648835,2,200
243,0.027390804,0.9590192,2,20,0.010485273,0.9818797,2,40,0.0036603257,1.0271688,2,71,0.015951375,0.99538565,2,92,0.0025534471,1.0180275,2,115,0.0,1.005805,2,135,0.0018743376,1.012894,2,171,0.019885374,1.0547717,2,200
244,0.027754707,0.9677871,2,21,0.005208616,0.99187654,2,44,0.0,0.97436744,2,65,0.0010594125,0.9823629,2,85,0.0,0.99819785,0,105,0.0046707042,1.037672,0,125,0.0,0.9308941,0,145,0.0,0.9610983,2,167,0.0015075584,0.8253184,2,200
245,0.0014876978,0.9894993,2,27
246,0.0022702038,1.0318199,2,20,0.008651399,1.0240697,2,48,0.0013676595,1.0034611,2,68,0.036512602,1.0211704,0,88,0.0002764913,1.0088204,2,109,0.011904879,0.9594759,2,129,0.020580178,1.0241368,2,150,0.018368885,0.9915368,2,170,0.00755784,0.9835826,2,200
247,0.0023863951,0.88756794,2,27,0.011442694,0.78323245,3,47,0.011206156,0.73594135,2,70,0.001955037,0.74768597,2,90,0.0,0.5644303,0,110,0.0,0.52802676,0,132,0.0,0.30519843,0,155,0.0,0.3994338,1,178,0.0073788734,0.4468981,1,200
248,0.020407528,1.0325788,2,20,0.0026239292,1.0173787,2,43,0.019795451,0.8914396,2,63,0.034856662,0.8777639,2,93,0.012858243,0.90511155,2,116,0.021746691,0.8864855,2,137,0.036972206,0.8966389,2,157,0.0043541198,1.0349578,2,200
249,0.0,1.0109392,2,23
250,0.006433185,1.025025,2,20,0.0025402654,1.0393993,2,50,0.0005679436,1.0315367,2,77,0.009976254,0.97191155,2,97,0.02476185,0.9686657,2,120
251,0.008875427,0.9969983,2,20,0.004603458,1.0034311,2,41,0.00979423,0.9442677,2,68,0.003983268,0.98817927,2,92,0.016607987,0.99901617,2,112,0.007191238,1.022876,2,132,0.0011270216,1.0642081,2,153,0.0019609707,1.0058154,2,178,0.0033434483,1.0651385,2,200
252,0.005791974,0.99928844,2,21,0.014988119,1.0470035,2,41,0.003994074,1.0474641,2,61,0.036906213,1.0397009,2,82,0.009447922,1.0620668,0,103
253,0.010840173,0.96786946,2,21,0.025364792,0.99147403,2,41,0.011483078,1.011426,2,83
254,0.0032854776,1.006573,2,27,0.03375018,1.0254788,2,48,0.0028358786,1.0406942,2,68,0.008359375,0.9342227,2,95
255,0.013586032,0.9756769,2,20,0.038830955,0.9427287,2,40,0.023847964,0.9248332,2,60,0.014981255,0.86575097,2,80,0.029759696,0.92979753,2,100,0.0,1.0289485,2,120,0.032156043,0.95808256,2,141,0.020368654,0.8763456,0,164,0.014694654,0.88604355,2,190
256,0.022788342,1.0194329,2,33
257,0.0029229408,1.0360388,2,29,0.009384278,0.9673832,2,62,0.0091931345,0.9755883,2,86,0.0,0.8538144,2,107,0.015498064,0.94688904,2,127,0.002754691,1.0600942,2,148,0.0050961734,1.0204184,2,168,0.03252969,0.9622464,2,200
258,0.0092957085,1.0046866,2,20,0.008334087,1.0487797,2,40,0.010952314,1.0548384,2,60,0.004686771,1.0477446,2,84,0.0,1.0531312,2,104,0.0049378565,1.0519606,2,124,0.00094293815,1.0123607,0,144,0.0013236192,1.0271411,2,164,0.011664373,0.95356727,2,200
259,0.0017376448,0.9956028,2,23,0.026161047,1.0252703,2,45,0.0046130684,1.0446837,2,71,0.017112488,1.0162302,2,91,0.009335505,1.0694876,2,114,0.0012156044,0.996425,2,140,0.0074145906,0.986238,2,160,0.008235281,1.0366423,3,180,0.0037380098,0.9931799,2,200
260,0.0006576235,0.99075204,2,20,0.0022299362,1.0207728,2,47,0.008018276,1.0387776,2,67,0.0,1.0160903,2,89,0.005752231,0.9783527,2,109,0.0077044494,1.0256529,2,129,0.017159436,1.0416058,2,155,0.013601693,0.9947119,2,175,0.0072873356,0.9685067,2,200
261,0.034315523,0.96243954,2,20,0.009772149,0.94737345,2,58
262,0.013633829,0.9474161,2,22,0.0014599755,1.0100529,2,45,0.008561823,1.0118129,2,68,0.031296954,0.9671903,2,90,0.0043852306,0.9391677,2,111,0.0032791253,0.9545101,2,132,0.01185662,0.97256297,2,165,0.0049097044,0.98561835,2,200
263,0.015076626,0.92130363,2,21,0.0,0.80031085,2,43,0.011081688,0.71492994,2,63,0.0,0.7258041,2,88,0.0,0.61598366,2,108,0.0,0.58747095,1,130,0.0,0.40838355,2,150,0.0,0.74114823,2,171,0.005486782,0.5942591,0,200
264,0.015805364,0.97048753,2,22,0.0048291855,1.0095354,3,43,0.011754283,0.97213155,2,65,0.0,0.97333336,3,89,0.011456522,0.91562504,2,112,0.010730495,0.9929646,2,132,0.0,1.0159327,2,152,0.0,1.0148662,2,172,0.0008740941,0.9940134,2,200
265,0.0,0.9801339,3,20,0.011514247,0.92506653,0,51
266,0.0055711297,1.0078446,2,31
267,0.0,1.0372466,2,22,0.0071161357,0.9737079,2,48,0.026639966,0.94381255,2,73,0.012346837,0.998436,2,94,0.0,1.0852646,2,117,0.0072703497,1.0034684,2,137,0.013497676,0.9926753,2,157,0.0,0.9689432,2,178,0.0050464417,0.98164576,2,200
268,0.017107587,0.93260264,3,22,0.0,0.90178853,2,46,0.02659272,0.8118644,0,66,0.0,0.8931141,2,91,0.0,0.87556005,2,112,0.044300955,0.81582516,2,136,0.010236163,0.8647054,2,157,0.0,0.7389369,0,178,7.0800495e-05,0.966482,0,200
269,0.0049309293,1.0009181,2,20,0.016581252,0.9929196,2,40,0.015915303,0.9467681,2,64,0.008373144,0.95059836,2,93,0.0052647376,0.9631584,2,113,0.01873613,0.93752366,2,135,0.018240876,0.92005473,2,168,0.009220321,0.9640224,2,200
270,0.00168015,0.98860264,2,28,0.0,0.97115624,2,51,0.025255214,0.8911546,2,71,0.03235137,0.97054935,2,95,0.013500942,0.91849077,2,115,0.018726874,0.9844737,2,135,0.010730081,0.97302836,2,157,0.058671176,0.9285465,2,200
271,0.00061747053,0.99797744,2,22,0.0015332808,1.0463797,2,42,0.011499862,1.0099872,2,62,0.011820717,0.95832235,2,83,0.014583173,0.970736,2,103,0.0040307166,0.95958394,2,124,0.0024491125,0.97176015,3,144,0.00563836,0.96104693,3,165,0.004616932,0.9809711,2,200
272,0.009275758,0.9712342,2,20,0.002650736,0.97953594,2,58,0.0,1.0159848,3,78,0.0001473474,0.99065495,2,121,0.0,0.9534461,3,141,0.0,0.96500456,2,161,0.0,1.0144181,2,200
273,0.01623353,1.0004113,2,21,0.0,1.0163249,2,41,0.007483206,1.0430237,2,63,0.011233337,1.008524,2,83,0.003980772,1.059013,3,106,0.016645376,1.0261956,3,126,0.0051635043,0.98214406,2,146,0.0,0.945971,2,167,0.013890609,0.9893175,2,200
274,0.027301308,1.0042799,2,20,0.013953749,0.983501,2,56,0.008242516,0.98898697,2,76,0.024220057,0.9425882,2,96,0.00046131713,0.9469101,2,116,0.0,0.8923919,2,145,0.025372531,0.92491424,2,165,0.008070426,0.93932986,2,200
275,0.0056481007,0.9439502,2,20,0.0,1.028844,2,42,0.036926482,0.92953783,2,64,0.013851826,0.94063526,2,90,0.010583886,0.91491115,2,111,0.0046426863,1.0507722,2,135,0.0066513,0.961312,2,155,0.011063064,0.9427086,2,200
276,0.042137545,0.8967989,2,20,0.0093511585,0.82438576,2,40,0.0046937778,1.0494412,2,60,0.004796905,0.9993528,3,80,0.0,0.9770406,3,100,0.0,0.7890676,3,120,0.0,1.1448963,3,140,0.0,0.6942148,1,161,0.042100508,0.8019623,2,200
277,0.010081445,0.95780945,2,20,0.015464011,0.9284304,2,41,0.019659717,0.97917813,2,62,0.03588351,0.8500382,0,82,0.022753177,0.81765175,2,106,0.004721186,0.7719392,0,129,0.010681687,1.038303,0,149,0.0,0.9677559,2,172,0.013320929,0.867333,2,200
278,0.0010522307,0.9995333,2,31,0.0,1.0348372,2,53,0.0013418975,1.020003,2,74,0.00020353353,1.0180675,2,104
279,0.0,1.0409492,2,22,0.0009564792,1.0474358,2,68,0.0,1.0671557,2,95
280,0.0,0.9560181,2,22,0.006220188,0.96503985,2,69,0.0050291573,1.0141065,2,101,0.00945091,0.87742215,2,124,0.0026779508,0.88056296,2,144,0.0022504963,0.95857334,2,164,0.03437729,0.8061081,2,200
281,0.010504241,1.006551,2,25,0.0035995126,1.1067696,2,45,0.005943115,1.098924,2,65,0.0033382915,1.0630372,2,88,0.0,0.97466195,2,109,0.0,1.0350302,2,134,0.0,0.99677247,2,154,0.0,0.9683631,0,174,0.0,0.90982527,2,200
282,0.015125772,0.81359416,2,20,0.0021494583,0.8896774,2,42,0.0,0.7454784,2,62,0.03138135,0.71483916,2,82,0.0,0.5797501,2,103,0.0,0.63832295,0,123,0.0,0.34615165,0,143,0.0,0.34226432,0,163,0.16860922,0.14491002,2,200
283,0.002146513,1.0149077,2,24,0.0,1.0105578,2,50
284,0.011170048,0.99673694,2,26,0.017367778,1.0445634,2,54,0.009838152,1.0105401,2,82,0.0050098817,0.9959722,2,104,0.00068618124,1.0568103,2,131,0.0035439513,1.0585531,2,153,0.0008452108,1.0651257,2,173,0.009063002,1.0629861,2,200
285,0.004362534,0.9390219,2,21,0.0,0.8700206,2,42,0.002676237,0.83142745,2,67
286,0.008413793,1.027325,2,26,0.0,1.0291524,2,48,0.00041367917,1.0196671,2,70,0.008973727,0.9776784,2,90,0.025185306,0.9886635,2,110,0.029012645,0.9026554,2,133,0.003190548,0.94174504,2,154,0.042419948,0.98429585,2,174,0.13234536,0.829902,2,200
287,0.010757035,1.0292989,2,22,0.02335838,0.9979517,2,42,0.011769758,1.0412017,2,66,0.0062292423,1.0201848,2,96,0.014296231,0.92983353,2,117,0.009525458,1.0508757,2,138,0.0038126819,1.0409179,2,158,0.010117592,0.9543269,2,179,0.0,0.9251062,2,200
288,0.0034929898,1.0378959,2,20,0.0030007362,0.98483306,2,45,0.0,0.91803205,2,65,0.006475836,0.945858,2,101,0.0016702507,0.955684,2,121,0.045948125,0.9557628,2,146,0.006830905,0.9508554,2,172,0.04288463,0.95940596,2,200
289,0.00077481975,0.9775637,2,21,0.004043986,0.9680208,2,46
290,0.005156474,1.0412246,2,31,0.0,1.0289766,2,53,0.0,1.0009911,2,73,0.0,1.0131766,2,98,0.0034018168,1.0213641,2,131,0.0033198642,0.9947489,2,153,0.014790073,0.9803044,2,173,0.006569161,0.97686833,2,200
291,0.0,1.009291,2,24,0.034206577,0.9667479,2,44,0.012760729,0.947341,2,71,0.010960832,0.94767016,2,91,0.012604385,0.9384945,2,118,0.026357945,0.9056383,2,139,0.02634061,0.97182953,2,159,0.037494812,0.9092358,2,200
292,0.0020213823,0.96960145,2,24,0.022650717,0.8222235,2,49,0.011598222,0.6796671,0,69,0.029642504,0.7373196,2,89,0.0,0.58472306,2,109,0.0069162096,0.5398039,1,131,0.00020252056,0.8167299,3,151,0.0,0.8775298,3,172,0.0,0.62462246,0,200
293,0.01229017,1.0444183,2,40,0.022638626,1.0315398,2,67,0.001842823,0.9887365,2,98,0.0061006295,0.983716,2,118,0.0,1.0008837,2,138,0.011429453,0.9476224,2,158,0.017584438,0.9338687,2,179,0.005098947,0.76270896,3,200
294,0.008562326,1.0459514,2,20,0.005615144,1.0473411,2,41,0.0,0.9961332,2,61,0.0,0.9575262,2,81,0.012995608,1.0230687,2,105,0.023863744,1.0112835,2,125,0.014818509,1.0231421,2,148,0.0,1.0617498,2,168,0.00029630167,1.0577312,2,200
295,0.0032497363,0.95164704,2,39
296,0.007539102,1.0098807,2,42
