0,0.0017385468,0.9883573,2,30,0.016492305,1.0320684,2,52,0.03146297,1.000554,2,78,0.017700896,1.0055045,2,101,0.01339143,1.0132464,2,127,0.009265375,0.98767006,3,147,0.0031699762,0.9601522,2,171,0.006118428,0.99072576,2,200
1,0.019179892,0.9457037,2,21,0.04512512,0.9389408,2,41,0.012746997,0.8908081,2,61,0.032307945,0.95935696,2,81,0.021822635,0.94799095,2,102,0.03273581,0.9883124,2,122,0.009114063,0.9706587,2,143,0.0,0.9760699,2,164,0.013562401,0.9299781,2,200
2,0.011441455,1.0144321,2,25,0.0077619185,0.94812286,2,48,0.0,0.9330691,2,68,0.0041262726,0.96419007,2,101
3,0.0,0.921868,2,24,0.020616114,0.9231941,2,44,0.0031692684,0.85325927,2,64,0.03993236,0.90848076,2,84,0.0,0.6636828,0,105,0.0,0.49153823,0,126,0.0,0.6694377,0,146,0.022256155,0.55014026,0,166,0.09562467,0.39264476,0,200
4,0.014310899,1.0046222,2,23,0.0060779173,1.0123017,2,43,0.00095194427,0.964584,2,68,0.012742361,1.0465971,3,88,0.0026117999,0.9457654,2,113,0.0,1.0015135,2,137,0.0024079443,0.96235955,2,157,0.0,0.9937749,2,177,0.0027669214,1.0094808,2,200
5,0.0,1.0166613,2,23,0.018118357,1.0105339,2,44,0.009673986,0.9664057,2,69,0.0,0.9775497,2,89,0.0,1.0274985,2,109,0.04392483,0.96680164,2,129,0.0008357667,0.8775004,2,150,0.0,1.005752,2,171,0.0063131964,1.0112698,2,200
6,0.0022226942,0.94309896,2,23,0.011733946,1.010504,2,52,0.0,0.9800712,2,72,0.015872179,0.9812965,2,94,0.0,1.0370069,2,114,0.0,0.9711568,0,134,0.006922204,0.9537964,2,154,0.0,0.9522015,2,174,0.004877299,0.860307,2,200
7,0.007065487,0.95662606,2,20,0.03733775,0.910081,2,41,0.0043294034,0.93571645,2,61,0.01917825,0.9316472,2,82,0.01908802,0.94705296,2,102,0.016792048,0.9056877,2,123,0.017121967,0.94103384,2,143,0.0,0.96676826,2,166,0.027044745,0.9057264,2,200
8,0.0028578413,1.0267148,2,21,0.0,1.0040373,2,45,0.0051527256,1.0421975,2,70,0.0049544773,1.0563009,2,112
9,0.0,0.9989177,2,20,0.0077430885,1.0149419,2,50,0.0011539457,0.99371874,2,70,0.005882872,0.98672783,2,91,0.0,1.0035093,2,111,0.0026156113,1.0345997,2,131,0.0,1.0348588,2,153,0.016796581,1.022493,2,178,0.0020195262,1.046763,2,200
10,0.00018560539,1.0309583,2,23,0.013476863,0.9793622,2,44,0.0142830815,1.0318164,2,67,0.005326361,1.0454354,2,87,0.012128079,1.0123839,0,107,0.008802066,1.0355079,2,127,0.005629275,1.069782,2,147,0.0069822175,1.021279,2,167,0.0033792874,1.0659839,2,200
11,0.000703626,1.0348243,2,21,0.0,1.0589892,2,47,0.0038449299,1.0150087,2,72,0.0053590764,1.0243489,2,95,0.0013303129,1.0164797,2,116,0.018526543,1.0075344,2,145,0.012872481,1.0374055,2,167,0.009488696,1.0016003,2,200
12,0.022854777,0.9493366,2,23,0.04747344,0.86209965,2,43,0.013683355,0.96645993,2,67,0.0,0.9789486,2,87,0.016778294,0.9491056,2,107,0.005453009,0.8653323,2,127,0.0023680541,0.9187913,2,151,0.0,0.9553956,2,171,0.008459604,1.0093049,2,200
13,0.005676017,0.99947083,2,20,0.003732995,1.0160431,2,42,0.0034501972,1.0477165,2,64,0.015127698,0.9415121,2,84,0.015910791,0.91816735,2,106,0.02139093,0.9450404,2,126,0.0,0.95063514,2,150,0.047716543,0.90919954,3,172,0.0025080773,0.9314197,2,200
14,0.0069482373,1.0019515,2,20,0.0038787979,1.0079811,2,40,0.00662193,0.9866008,2,63,0.0,1.0070602,2,87,0.0010910603,1.0214232,2,131,0.0068159634,1.0176489,2,151,0.012289706,0.98799944,2,175,0.0072039487,1.0127008,2,200
15,0.012785412,0.9715643,2,20,0.0007389271,0.9940681,2,49,0.0008597595,1.0476078,2,72,0.007616675,1.0708855,2,92,0.0018323365,1.0096948,2,112,0.022385566,1.0124863,2,134,0.005698835,1.0041459,3,154,0.007596872,0.9858054,2,175,0.03918968,0.9656781,2,200
16,0.0010320443,0.95721906,2,30,0.013545237,0.92667335,2,52,0.002306949,0.97614604,2,76,0.0042030807,1.015516,3,97,0.0,1.0358515,2,117,0.0,0.9356953,2,137,0.013660972,1.0145618,2,158,0.0032138252,0.89611244,2,178,0.00671144,0.99504286,2,200
17,0.019579671,0.6448842,2,22,0.0,0.98531884,2,46,0.0,0.6646819,2,66,0.0,0.5164909,2,87,0.0036594055,0.54432404,0,107,0.0,0.65823764,2,127,0.011100087,0.6562073,1,159
18,0.0,1.037345,2,25,0.011653702,0.9568032,2,46,0.016460514,0.914979,2,70,0.01880434,0.99991316,2,91,0.019091493,0.9874372,2,113,0.0,0.8939845,2,134,0.0097369,0.905748,2,154,0.026741812,0.94026977,2,175,0.016136596,1.0161506,2,200
19,0.005911697,0.9905813,2,33,0.0,1.0005591,2,53,0.00964169,1.018738,2,73,0.0050517013,1.010324,2,101,0.0,1.0321991,2,121,0.02091692,0.8324315,3,141,0.004046837,0.87960505,2,162,0.021971073,0.8780391,2,200
20,0.001016121,1.0246719,2,46,0.0034873583,0.96893084,2,66,0.0064498647,0.97726214,2,86,0.006862421,0.9826948,2,108,0.0,1.0036533,2,128,0.013177374,1.0169059,2,148,0.0031014588,1.0446765,2,171,0.012161941,1.0269614,2,200
21,0.0009466587,0.9828699,2,23,0.0039949203,0.9906508,2,43,0.0,0.9262248,2,63,0.007875895,0.9694835,2,83,0.0,0.893083,2,103,0.0,0.94484425,2,123,0.0051941443,0.91314125,2,150,0.02372862,0.9426792,2,170,0.014710039,0.9137301,2,200
22,0.012843032,0.95897025,2,24,0.026600916,1.0747521,2,44,0.0013993087,0.9859108,2,65,0.0060170456,1.0300249,2,93,0.001397633,0.99330294,2,114,0.0,1.0029954,2,134,0.001902083,1.0152332,2,159,0.0,1.0092677,2,179,0.0072285463,1.0053335,3,200
23,0.007966993,0.9711531,2,20,0.013245258,0.92103446,2,40,0.011351764,0.9282317,2,64,0.007371905,0.91754264,2,84,0.0,0.8703791,2,104,0.0,0.8039904,2,126,0.004755745,0.9112662,3,147,0.030712783,0.7138128,2,167,0.010277487,0.4219744,2,200
24,0.023206374,1.0082761,2,21,0.007242329,0.911885,2,47,0.0048947018,0.81738573,2,79,0.033742506,0.8348088,2,103,0.025439424,0.84276843,2,124,0.0020298117,0.9533608,2,145
25,0.00882561,1.0125027,2,34
26,0.0068013044,1.0007211,2,21,0.0022178974,0.97992885,2,41,0.002399324,1.022303,2,61,0.0,1.0421215,2,89,0.011063988,1.0283962,2,114,0.0034489825,1.0351628,2,134,0.0,1.0387365,2,155,0.0,1.0302305,2,176,0.016780568,1.093454,2,200
27,0.005753105,1.0064974,2,21,0.0034668972,1.0109916,2,41,0.0,1.0075963,2,63,0.0,1.0010796,2,83,0.017088879,0.9285707,2,104,0.018277008,0.92127013,3,126,0.0006975634,0.9878393,2,150,0.011405768,0.99227154,2,171,0.009001491,0.8228851,2,200
28,0.008153153,1.0329678,2,22,0.007244034,0.9583775,2,42,0.030256111,0.9222375,2,62,0.037824824,0.9216496,2,82,0.0,0.97763926,2,105,0.0061039706,0.9320977,2,126,0.002253662,0.9979052,2,148,0.056665637,0.6685637,2,168,0.0046677897,0.8543115,2,200
29,0.00013855044,1.0224118,2,20,0.012082016,0.9971475,2,41,0.019490493,1.0016401,2,61,0.0047242115,0.94699204,2,82,0.041826837,0.93677455,2,102,0.013595805,0.87829024,2,130,0.0,0.8846485,2,150,0.018465979,0.73947304,2,170,0.011801595,0.7891209,2,200
30,0.0027132463,1.0186253,2,21,0.016878618,1.0018657,2,41,0.0054515884,0.98350114,2,65
31,0.004551381,0.94760245,2,20,0.0093600815,0.9500259,2,47
32,0.006548178,0.96079344,2,23,0.00420417,0.9345286,2,53,0.004368129,0.92711097,2,73,0.02432018,0.95415604,0,93,0.030091947,0.9907272,2,115,0.07208218,0.83164775,2,135,0.02981008,0.96826816,2,162,0.000594039,0.8763039,2,200
33,0.0011287156,1.0367172,2,22,0.00059555616,1.0339726,2,48,0.0204966,1.0275687,2,68,0.0002042957,0.995739,2,99,0.004436712,1.0219923,2,120,0.0,0.97120667,2,140,0.0036060933,0.9992366,3,161,0.0059138024,0.9857269,2,200
34,0.0036179463,0.9932827,2,21,0.004055363,0.98490036,2,41,0.0029153388,1.0216467,2,62,0.0,1.045749,2,82,0.0012621535,0.9641973,2,103,0.0042158184,1.0080739,2,127,0.0023914396,1.0311837,2,148,0.0,0.9906786,2,169,0.011722622,0.7598939,0,200
35,0.015225952,0.97261494,2,21,0.012140588,0.96635765,2,42,0.00812722,0.9886795,2,63,0.010499219,1.0227753,2,83,0.02873844,1.0220971,2,103,0.0023670176,1.0233599,2,142,0.0003400484,1.0375192,2,164,0.0074215457,1.0171988,2,200
36,0.002142617,1.0291119,2,21
37,0.0026113545,1.0079688,2,23,0.009692301,0.932888,2,53,0.004940529,0.9657852,2,73,0.024754433,0.95436805,2,97,0.023423932,0.9532735,2,118,0.010487758,0.95220786,2,150,0.0301761,0.9657591,2,170,0.029296534,0.91499645,2,200
38,8.883513e-06,0.98185253,2,20,0.0123813,0.9694888,2,40,0.016308542,0.9458287,2,61,0.011765253,1.0113223,2,81,0.009696776,0.9433172,2,106,0.008410337,1.0184962,2,126,0.0,0.9838663,2,148,0.005049193,1.0424267,2,173,0.006682355,1.0685961,2,200
39,0.0015695695,0.99192667,2,20,0.0039655203,1.0480918,2,43,0.008494464,0.99663985,2,68,0.0029104378,0.9963012,2,88,0.0027958069,1.0101818,2,108,0.003576319,1.0136329,2,138,0.0012343068,1.0051515,2,163,0.0032765337,1.0278528,2,200
40,0.012303016,0.9865334,2,22,0.010712907,0.96619743,2,43,0.00022748396,0.96879816,2,64,0.017275862,1.0139241,2,84,0.00073773536,0.9988141,2,112,0.0,1.0087847,2,133,0.0,0.9988352,2,153,0.006970854,0.9812291,2,174,0.014906045,0.96907735,2,200
41,0.023762066,1.0213983,2,20,0.0013860614,0.99346304,2,40,0.0,1.0343083,2,61,0.0126086725,1.0409663,2,89,0.00697254,1.064747,2,131,0.014513327,1.0276749,2,154,0.0036540837,1.0413743,0,174,0.0021612751,1.0734259,2,200
42,0.011665135,0.9517517,2,44,0.002408907,0.9971579,2,66,0.004638457,1.0005608,2,102
43,0.010070688,0.9709235,2,22,0.013178892,0.9171842,2,42,0.02143925,1.0205266,2,62,0.0015026057,1.002256,2,82,0.0068491013,0.9939102,2,116
44,0.0095616495,1.050587,2,32
45,0.008788607,0.952479,2,28,0.0022569906,0.9309799,2,50,0.004785524,0.9600889,2,71,0.012393855,0.9346081,2,91,0.02816487,0.8080969,2,111,0.018516626,0.78226155,0,131,0.00032944552,0.9539979,2,160,0.0,0.742283,0,180,0.0,0.6580752,1,200
46,0.0019154827,1.0163107,2,23,0.017427417,1.0088122,2,46,0.045947354,0.9234489,2,67,0.0054112654,0.9411244,2,91,0.023658995,0.94893783,2,112,0.0005849592,0.956488,2,134,0.020531943,0.97613513,2,155,0.03140103,0.97743225,2,176,0.00609755,0.9475856,2,200
47,0.013375358,0.94919795,2,21,0.0,1.0108393,2,41,0.026681984,0.94253415,0,61,0.0,0.88861436,2,82,0.0014863058,0.8544495,2,103,0.007836564,0.9592287,2,123,0.0047353082,0.877464,2,143,0.0,0.9138869,2,163,0.006313072,0.9685039,2,200
48,0.008773188,0.9969517,2,34,0.0,0.86025304,2,54,0.016356457,0.76372516,0,74,0.021591473,0.45142278,1,94,0.0,0.44195843,2,115,0.010535956,0.25703004,1,139,0.0,0.3556478,1,162,0.00330128,0.36522782,1,200
49,0.024918957,0.9682056,2,21,0.0,1.0590755,2,41,0.0,1.0406142,2,72,0.0009273175,1.0601808,2,94,0.00440374,1.0165213,2,114,0.014388747,0.9325958,2,150,0.011352067,0.9620241,2,175,0.017969625,0.93245363,2,200
50,0.0018627848,0.96686333,2,20,0.0,0.897867,2,40,0.05164209,0.79103833,2,60,0.0,0.73259515,2,80,0.0025691814,0.6770333,2,100,0.017073516,0.42556778,2,120,0.0,0.63042796,1,140,0.003101367,0.2726434,1,160,0.0,0.36290127,2,180,0.05050044,0.55841744,2,200
51,0.004673454,1.0183859,2,20,0.003993463,0.94802034,2,43,0.0,0.91106224,2,63,0.0,0.9759402,3,84,0.0,0.96987116,2,105,0.00016165029,0.9416257,2,126,0.0,0.79523885,2,146,0.013533327,0.8047204,2,167,0.0048872675,0.9008936,2,200
52,0.008631551,0.96511257,2,38
53,0.002574677,1.0143988,2,26,0.02070294,0.96410435,2,46,0.01881484,0.95718443,2,66,0.022262843,0.8712476,2,86,0.032212723,0.9497882,2,106,0.01979927,0.8580884,0,127,0.0021026635,0.96814454,2,147,0.04027733,0.8783577,2,167,0.017341249,0.93672884,2,200
54,0.000388796,0.99463147,2,33,0.0077811587,0.93415546,2,59,0.0050631687,0.97607327,2,79,0.0028785747,0.9753252,2,99,0.004555057,0.929021,2,124,0.0,0.91423005,2,144,0.003275501,0.908821,2,182
55,0.008066881,1.0276536,2,24
56,0.014685467,0.9845995,2,20,0.010981381,1.0209597,2,47,0.0004768729,1.0282519,2,69,0.011482863,1.0503223,2,89,0.0,1.036098,2,112,0.015190912,0.9370554,2,132,0.019592308,0.9677873,2,157,0.021659115,0.9262559,2,177,0.008544968,0.8842782,2,200
57,0.0033694205,0.85111016,2,31
58,0.013919337,1.0438871,2,23,0.0,1.0449562,2,43,0.034092892,0.8753421,2,63,0.019602278,0.892114,2,84,0.0047651296,1.041217,2,123,0.008974241,0.99626464,2,145,0.0,1.0332255,2,166,0.0118400855,1.0110989,2,200
59,0.0,1.0579543,2,20,0.0026798558,1.0330966,2,40,0.0,1.0387998,2,60,0.016596245,0.97217244,2,84,0.010462724,1.0428958,2,116,0.0006919536,0.9974206,2,139,0.015067388,1.0170853,2,159,0.024157701,0.9835728,2,181
60,0.008589812,1.0387292,2,22,0.016637817,0.9698149,2,59,8.942681e-05,1.0501359,2,82,0.0059056925,1.0652187,2,102,0.022430876,0.99523985,2,122,0.012319834,1.0260121,2,147,0.0,1.082205,2,171,0.003715203,1.0582383,2,200
61,0.0,1.0069594,2,20,0.017273962,0.9942764,2,40,0.0052053584,0.9806134,2,61,0.0,0.96403706,2,82,0.021606091,0.96802026,2,102,0.0,0.9916462,2,122,0.0,0.9311851,2,144,0.008055146,0.9188255,2,164,0.021895455,0.9044805,2,200
62,0.0,0.899409,3,21,0.0,0.87997645,2,41,0.0043219714,0.9237477,2,61,0.02430729,0.8974361,2,90
63,0.011477945,0.9719429,2,20,0.013646712,1.0241656,2,40,0.0011478426,0.97352386,2,62,0.0076831775,0.93666947,2,88
64,0.0044886535,1.0474727,2,25,0.011568692,0.99493885,2,45,0.029910138,0.9483501,2,66,0.05881362,0.9061181,2,93,0.0041534356,0.97695106,2,114,0.0,0.98373866,2,139,0.0030870235,0.9958552,2,167,0.0010805373,0.98906994,2,200
65,0.023937168,0.9469118,2,22,0.008723768,0.97247493,2,42,0.00021819965,0.9059485,2,63,0.0,0.9879378,2,83,0.017780922,0.7928006,2,103,0.07065273,0.7770932,2,125,0.0050951843,0.6888466,2,147,0.12079635,0.6463369,2,169
66,0.0,0.9927974,2,21,0.016305506,0.9649819,2,50,0.008803064,0.9072999,3,70,0.013456228,0.9032572,2,90,0.0076646493,0.88817126,2,112,0.014700991,0.9489369,2,134,0.0052499073,0.9986787,2,154,0.0,0.94052315,2,176,0.0,0.89859396,2,200
67,0.006476306,1.0369389,2,21
68,0.0097592035,1.006428,2,25,0.0,0.96931726,2,47,0.033486035,0.8818706,2,67,0.012985779,0.9225105,2,88,0.009819526,0.8634492,2,109,0.0,0.77126366,2,130,0.0,0.69845164,2,150,0.0,0.8126895,2,171,0.0,0.8999927,2,200
69,0.0141710965,0.98400277,2,21,0.025247103,1.0076635,2,41,0.008110041,1.0074328,2,62,0.0060062986,0.9593083,2,82,0.023745393,0.9735951,2,105,0.016885994,0.9251998,2,133,0.051273305,0.9611255,2,153,0.021222923,0.9243293,2,173,0.0077585606,0.9434616,0,200
70,0.016461318,0.9898257,2,24
71,0.0024435166,1.0038326,2,20,0.011618909,0.8308034,2,56
72,0.015460335,1.0030929,2,20,0.000925474,1.0058091,2,54,0.010985256,0.9629032,2,74,0.0038856901,1.0043118,2,102,0.007976997,0.9751908,2,122,0.027254662,1.0168576,2,142,0.0021535659,1.0232981,2,164,0.011805023,1.0201719,2,200
73,0.0010594355,0.995794,2,20,0.0,1.1049386,2,41,0.0013794341,1.0156502,2,69,0.008053688,0.9396906,2,89,0.01196714,0.9520025,2,109,0.0,0.9979766,2,129,0.00352,0.95889723,2,154,0.0054196115,0.90621865,0,174,0.0026456565,0.7885532,0,200
74,0.0,0.9877561,2,20,0.007342094,0.9042789,2,43,0.0056730225,0.99306583,2,65,0.01664266,0.99809825,2,86,0.003690362,1.0186346,0,106,0.0045699924,0.9923978,2,130,0.0029400494,0.9765803,2,150,0.013399218,0.9460633,2,171,0.011927395,1.041637,2,200
75,0.0012751302,0.960976,2,20,0.0,0.9135869,2,41,0.0,0.9195895,2,62,0.0,1.0127051,2,82,0.01928278,0.9469074,2,102,0.041593056,0.93648845,2,123,0.060834616,0.9421625,2,143,0.005892149,0.7618064,0,168,0.06811005,0.5565944,0,200
76,0.0011452239,0.8738371,2,20,0.073398724,0.62601626,2,40,0.028354594,0.31923658,1,66
77,0.010152629,0.99469614,2,20,0.0,0.97994745,2,40,0.010501687,0.97677195,2,63,0.0,0.9344829,2,84,0.0053996807,0.9295265,2,104,0.018575441,0.95988333,2,124,0.003668489,1.0504353,2,144,0.033962,1.0594069,2,165,0.013726013,1.0213866,2,200
78,0.022156449,0.9174309,2,25,0.0,0.9830842,2,45,0.0,0.9440988,1,65,0.017743502,0.83570254,2,85,0.0,1.0710266,2,105,0.0,1.0061747,0,125,0.0,0.6063256,0,146,0.013152306,0.6224603,2,181
79,0.0048437146,0.9640039,2,20,0.004754665,0.92731154,2,40,0.0073325657,1.0132294,2,61,0.0,0.98634356,2,81,0.0,1.0408024,2,103,0.0,0.9432494,0,123,0.0048567234,1.0181456,2,143,0.019991769,0.9348241,0,163,0.014360724,0.96193725,2,200
80,0.0043021804,1.0117284,2,21,0.003949345,0.96668655,2,41,0.0,1.0076351,2,67,0.0,1.0315862,2,90,0.0,1.0941312,0,110,0.0048062275,1.0798819,2,133,0.013163919,1.0641102,0,153,0.009331959,1.049477,0,173,0.0017708252,1.0539997,2,200
81,0.012118268,1.0167068,2,22
82,0.0056628985,0.9810451,2,20,0.0018054708,1.033976,2,45,0.0049534524,1.0295336,2,66,0.012265178,1.0683421,2,89,0.008866756,1.0840911,2,113,0.01023414,1.1153334,2,137,0.024598192,1.017625,2,158
83,0.027829876,0.844794,2,24,0.0075739874,0.8806243,2,44,0.0,0.8717933,0,67,0.039845865,0.8186163,3,87,0.039413463,1.0182129,0,107,0.0,0.9757271,3,127,0.0,0.7530372,2,148,0.0002470106,0.54521704,2,169,0.0210285,0.5285465,2,200
84,0.02074494,1.0271002,2,21,0.0,0.9768383,2,41,0.020451317,0.9090077,2,62,0.026730593,0.9893823,2,83,0.017607424,0.98287165,2,103,0.0016155519,0.90229213,2,123,0.0074164495,1.0249859,2,143,0.0068929456,1.0114424,2,164,0.0034384807,0.99365306,2,200
85,0.013083358,0.99207544,2,21,0.0018671602,1.0591713,2,45,0.0017514339,0.98043334,2,72,0.0035093434,0.98617756,2,92,0.0,1.0244949,2,113,0.0022389526,1.0861136,2,136,0.0,1.0648797,3,156,0.02891985,1.0362383,2,176,0.011726041,1.0409118,2,200
86,0.003180931,0.9205648,2,20,0.0012952666,1.0018482,2,45,0.0,0.9674447,2,66,0.0,1.0088216,2,88,0.0,1.0094384,2,115
87,0.009341402,0.96989596,2,20,0.012169823,0.93562204,2,40,0.012022113,0.8731595,2,60,0.0,0.79857564,2,81,0.0,0.54302186,0,103,0.0,0.7163839,2,123,0.0,0.80809146,2,144,0.0,0.6211339,2,165,0.0,0.54123956,2,200
88,0.0028478126,0.9995377,2,21,0.009499509,1.0435134,2,41,0.019141482,0.97768074,2,65,7.772243e-05,1.0240338,2,87,0.028488686,1.0426772,2,108,0.0,1.0243266,2,132,0.008569954,1.0104781,2,153,0.0074458043,1.0315236,2,177,0.0020315698,1.0306674,2,200
89,0.023062756,0.95649654,2,26,0.007819899,0.9765401,2,46,0.0026509191,1.0160515,2,76,0.0,1.0423843,2,96,0.0057970593,0.9595416,2,116,0.035025813,0.87555695,2,136,0.0,0.9300626,2,156,0.0,0.99992245,2,177,0.008538912,1.0140373,2,200
90,0.00981214,0.9653992,2,26,0.003616617,0.97489774,2,53,0.0044941376,0.999782,2,77,0.009586664,1.0732411,2,97,0.0045782425,1.002667,3,117,0.0,1.0519828,2,138,0.00293288,1.0970653,2,162,0.009589987,1.0209233,2,200
91,0.007538357,0.9698839,2,20,0.00028475674,1.0115772,2,46,0.009527415,0.97012633,2,66,0.019073,0.94715804,2,86
92,0.004908409,0.95769006,2,20,0.016286163,0.9448358,2,40,0.022438804,0.89131606,2,60,0.0057593156,0.588005,2,84,0.022513635,0.64711916,0,105,0.0057110065,0.72567356,0,125,0.0030209515,0.8535574,2,145,0.0025211372,0.8673711,0,166,0.018761218,0.5327214,2,200
93,0.0067125047,1.0253072,2,25,0.0,1.0259918,2,47,0.0060633505,0.99047714,2,68,0.0017152844,0.948482,2,98,0.0065643177,0.9827474,2,118,0.0011833447,1.0094645,2,138,0.018087018,0.9213759,2,158,0.05162267,0.95728284,2,179,0.023938786,0.9071605,2,200
94,0.0486174,1.0126764,2,20,0.002101626,1.027493,2,42,0.018722666,0.9886888,2,64,0.013659858,1.0033867,2,87,0.017441591,1.042454,2,114
95,0.0075088996,1.0295937,2,21,0.002815802,1.0356438,2,41,0.006258131,1.0008725,2,62,0.015905727,1.0094384,2,83,0.009861609,1.0283071,2,106,0.019424023,1.0074031,2,129,0.00021331785,1.0618823,2,149,0.0076686786,1.0338395,2,169,0.0033319064,1.0752335,2,200
96,0.011424761,0.9884781,2,32
97,0.009156836,0.994366,2,20,0.007826848,1.0097563,2,41,0.044665474,1.0022199,2,61,0.014033462,0.99003285,2,87,0.015075495,0.9788057,2,111,0.011603122,1.0169147,2,144,0.005347686,0.9672321,2,169,0.020128034,0.9777818,2,200
98,0.011631297,0.9177157,3,20,0.0,0.82149935,2,48
99,0.029404616,0.98921525,2,20,0.007834119,0.9592618,2,40,0.015313789,0.9290924,2,60,0.007938704,0.9280761,2,81,0.022696905,0.9465173,2,101,0.015211683,0.99817544,2,126,0.01653196,0.9817422,2,146,0.00036781104,0.98445773,2,167,0.005948621,0.9819284,2,200
100,0.011639199,0.9686793,2,20,0.0032822464,1.0295175,2,43,0.0312762,1.001718,2,64,0.012669312,0.98459303,2,84,0.014631337,1.0341468,2,104,0.014495334,1.0044029,2,124,0.0026481994,1.0100555,2,149,0.0031538438,0.97870505,2,174,0.0074568484,1.0149499,2,200
101,0.014585553,0.9744569,2,21,0.014192283,0.9830726,2,41,0.01867807,0.9159369,2,63,0.018868921,0.8713824,3,83,0.008406694,0.996802,3,103,0.0,1.0245634,3,124,0.01890695,0.9316249,2,144,0.006255403,0.97130525,2,164,0.017215341,0.8699448,2,200
102,0.0045658853,1.0222079,2,29,0.010272,1.0527223,2,53,0.00024002735,1.0704442,2,73,0.016876834,0.9796139,2,101,0.0059190784,0.98239917,2,122,0.005577061,0.960831,2,148,0.040054422,0.9223376,2,169,0.0010565522,1.0243276,2,200
103,0.053747036,0.86605775,3,20,0.0,1.2537748,2,40,0.0,0.97345716,2,60,0.0,0.60352844,2,80,0.03541822,0.35303447,2,102,0.007890638,0.7153909,2,124,0.0033851254,0.7922854,2,151
104,0.0013647763,0.9797331,2,20,0.0,0.9691616,2,40,0.011279958,0.9698393,2,60,0.04291823,0.96182406,2,80,0.0026161945,0.910703,2,100,0.042009164,0.91226673,2,120,0.011628375,0.93469495,2,147,0.025629139,0.8167179,2,167,0.006488832,1.0300968,2,200
105,0.006533397,0.9652606,2,20,0.017831659,0.91669834,2,40,0.017937616,0.9012575,2,62,0.007154445,0.8971287,2,96,0.020722937,0.9202308,2,119,0.0120285675,0.8831848,2,139,0.033634532,0.85263616,2,162,0.008247161,0.68458635,1,200
106,0.0054586474,0.9289708,2,21
107,0.014703634,1.0376588,2,20,0.0061174324,0.96234787,2,40,0.0028625797,1.0368893,2,60,0.0,1.0536503,2,80,0.0,1.0629369,2,102,0.0,1.1027858,2,125,0.008563684,1.0461745,3,145,0.00067746197,0.96549124,2,167,0.0070455247,1.0214524,2,200
108,0.007973695,1.0269009,2,29,0.019562216,1.002399,2,50,0.013463944,0.96144104,2,70,0.0194243,0.5917206,2,94,0.06873717,0.71902454,2,115,0.023236472,0.6143849,2,137,0.047693945,0.59307563,0,157,0.07694916,0.48344722,2,178,0.16505319,0.48024943,0,200
109,0.014672483,1.0599645,2,20,0.0,0.98459786,2,40,0.0005728994,0.9697067,2,67,0.030328194,0.973514,2,88,0.001960782,0.9273933,2,108,0.02439298,1.0034676,2,130,0.0032348966,0.96912265,2,151,0.0017776235,0.9844069,2,173,0.009094305,0.9993386,2,200
110,0.0147175025,0.9663041,2,35,0.012545423,0.95957065,2,56,0.012343279,0.951986,2,76,0.016604565,0.9169515,2,99,0.0,0.976243,2,123,0.010911314,1.0430057,2,162,0.0012233047,1.0198835,2,200
111,0.0,0.9051941,2,20,0.0,1.0475309,2,41,0.0,0.93152016,2,62,0.0011413519,0.94449085,2,85,0.07094219,0.76230353,2,105,0.02281766,0.860229,2,126,0.007830266,0.9732086,2,146,0.0,0.87045574,2,166,0.043219216,0.7702861,2,200
112,0.019725585,0.8926651,2,22,0.0124262795,0.9112833,2,42,0.0,0.9925148,2,62,0.010834529,0.9853747,2,84,0.02114137,1.0028462,2,105,0.021838624,1.0216397,2,127,0.010213746,0.94481957,2,147,0.0019365449,0.9770213,2,173,0.0066475132,1.0266429,2,200
113,0.010491817,0.9618735,2,26,0.04399128,0.81317174,2,48,0.016596805,0.8444614,2,73,0.0017975257,0.9909822,2,94,0.01024212,0.78067666,2,114,0.012744998,0.47112322,2,134,0.0,0.48068887,1,154,0.0,0.6973742,3,174,0.0,0.43307,1,200
114,0.016645744,1.0375384,2,20
115,0.005286214,0.9852126,2,20,0.012267842,0.9626704,2,42,0.006525194,1.0005895,2,76,0.005016299,0.9586118,2,96,0.0021677152,0.9530056,2,118,0.021592714,0.9893842,2,165,0.008605293,0.9478862,2,200
116,0.050525565,0.962087,2,21,0.009265431,0.8522214,2,42,0.012609945,0.96424294,2,66,0.01822403,0.96504277,2,86,0.026175857,0.9299533,2,107,0.030139742,0.80032176,2,129,0.024854375,0.72720003,2,152,0.0,0.704967,2,180,0.025542026,0.69204587,2,200
117,0.002142804,1.0764383,2,24,0.014951549,1.021645,2,55,0.011657137,1.0140475,2,77,0.0057076626,1.0386326,2,97,0.014668325,1.007798,2,117,0.007669998,0.9476656,2,137,0.01914437,0.96888363,2,157,0.011121185,0.9581249,2,178,0.021535294,1.0219756,2,200
118,0.0,0.89643556,2,22,0.0,0.9756378,3,42,0.0017542345,0.980577,2,65,0.0,0.97106016,2,85,0.004765716,0.8919449,2,109,0.0,0.7935614,2,129,0.0,0.5852247,2,149,0.0,0.68480814,2,169,0.0,0.7814795,2,191
119,0.06808964,0.9283384,2,20,0.028654264,0.7836984,2,48
120,0.0042912783,0.9087335,2,20,0.0008452019,0.8022217,2,42,0.0,0.7232691,2,62,0.0044425167,0.7622565,2,82,0.0,0.9793398,2,102,0.0,0.9426363,2,122,0.0,0.78441083,0,144,0.0,0.9017388,0,164,0.034218334,0.10327946,1,200
121,0.004648362,1.0000256,2,30
122,0.004755793,1.0210426,2,20,0.010080308,0.9957554,2,42,0.008759214,0.97688305,2,62,0.009787409,0.94778913,2,83,0.006082896,1.007862,2,103,0.0067123272,1.0151281,2,124,0.0017626432,0.9308519,2,145,0.019512895,0.90135944,2,172,0.0,0.81197256,0,200
123,0.0110555375,0.98683256,2,26
124,0.020532519,0.95936495,2,21,0.005465075,1.0555851,2,46,0.0027804014,1.0890802,2,66,0.008269245,1.0294279,2,109,0.015845831,1.0094954,2,140,0.015826255,1.0011159,2,174,0.0014398645,1.0585271,2,200
125,0.017686382,0.8617711,2,20,0.025601443,0.8388115,2,40,0.0,0.8918181,2,61,0.03823662,0.7774156,2,90
126,0.0010482876,1.0698316,2,20,0.010934378,1.0142766,2,41,0.036261838,0.97109306,2,62,0.0019411627,1.0278927,2,86,0.026487246,0.92054784,2,106,0.044119116,0.97320014,2,139,0.044124007,0.99120104,2,162,0.034919906,0.9268065,2,200
127,0.004275951,0.96079594,2,24,0.012256881,0.9851856,3,44,0.0,0.9573639,2,64,0.0033492583,0.8581009,2,84,0.0,1.0529125,2,104,0.007393719,0.86203736,2,141
128,0.011679341,1.0116465,2,21,0.012510606,1.002073,2,42,0.0077730515,0.9901299,2,66,0.01367856,0.9883122,2,110
129,0.00888342,1.0060366,2,20,0.0035300353,1.0130323,2,40,0.008877999,1.0034772,2,62
130,0.00903088,0.9929629,2,21,0.002116792,1.0150114,2,41,0.0,0.985418,2,61,0.017096778,1.0246596,2,83,0.011910409,1.0638632,2,106,0.006018117,0.9523844,2,128,0.005540862,1.0111983,2,152,0.0069515267,0.9481425,2,172,0.03392146,0.95680916,2,200
131,0.011764663,0.9470355,2,24
132,0.011653006,1.0257413,2,22,0.019198006,0.9938601,2,42,0.011553249,0.94978863,2,64,0.0031599991,0.9824855,2,84,0.03677716,0.9344498,2,104,0.022227194,1.0198576,2,125,0.012305696,0.9317844,2,147,0.012936157,0.9882909,2,167,0.03820385,0.9685098,2,200
133,7.328791e-05,0.8776164,2,20,0.0,0.8846016,2,40,0.07660562,0.8479508,2,60,0.00073188765,0.9425682,2,80,0.0,0.6692967,2,100
134,0.0,0.99884194,2,20,0.010069847,1.0124222,2,59,0.018438483,0.9430727,2,81,0.010090128,0.9889385,2,101,0.006220276,1.0199438,2,121,0.01553465,1.0631487,2,141,0.0083684875,1.0134646,2,161,0.004754556,1.0391898,2,200
135,0.026856165,0.9961603,2,20,0.0,0.984117,2,41,0.009850829,0.9794342,2,64,0.029408664,0.98156655,2,84,0.0077855494,0.99352217,2,108,0.010006569,1.0339518,2,128,0.015576217,1.019234,2,151,0.0017782853,1.0137782,2,184
136,0.008218394,1.0351591,2,23,0.008945765,0.9937083,2,44,0.00541769,1.0675273,2,83,0.0065677,1.0672884,2,119,0.0033885369,1.0371703,2,141,0.006594854,1.0674727,2,176,0.0,1.0663657,2,200
137,0.022663368,1.0031602,2,20,0.004005852,0.97341377,2,40,0.015536274,0.9199737,2,67,0.012570867,1.0024182,2,90,0.0075907605,1.0667855,2,112,0.0,1.1102169,2,133,0.0031223635,1.0366071,2,158,0.013885098,1.0053694,2,179,0.004810675,0.9987836,2,200
138,0.014811805,0.91257215,2,21,0.0,0.94975036,2,43,0.0,0.9904957,2,63,0.019708984,0.8886726,2,84,0.012751976,0.89889663,2,106,0.0,0.86950934,2,126,0.0,0.7986473,2,146,0.0,0.6796372,2,167,0.002759818,0.48129252,1,200
139,0.01652984,1.0236347,2,20,0.04448969,0.95910007,0,40,0.0019852626,0.9872898,2,60
140,0.002486822,0.9747879,2,20,0.0,0.92055833,2,40,0.0,0.9167563,2,63,0.0,0.8561184,2,86
141,0.02042774,0.9395915,2,23,0.033694398,0.94727176,2,47,0.013369612,1.0135472,2,67,0.0040071746,0.99335575,2,87,0.02396228,0.9956275,2,107,0.0,0.951348,2,127,0.005118945,1.0051435,2,147,0.017483339,0.9784185,2,167,0.016075205,0.96003306,2,200
142,0.0,1.0031629,2,24,0.009001748,0.996888,2,48,0.001342169,1.0276065,2,90,0.006194525,1.0444206,2,115,0.0,1.0220568,2,135,0.008778345,1.0264611,2,166,0.0011441353,1.0670823,2,200
143,0.039639134,0.9375336,2,21,0.03274415,0.9249965,2,41,0.003217226,1.0187159,2,73,0.00022219965,1.0007603,2,105,0.017508514,0.9478913,2,132,0.005461445,0.804566,2,154,0.0,0.7845965,2,177,0.0,0.81227046,2,200
144,0.0039917994,0.9908268,2,22,0.0,0.9673556,2,42,0.012189981,0.99309945,2,76
145,0.0094300825,0.98010445,2,24,0.038745098,0.94755363,2,45,0.022076609,0.9410487,2,72
146,0.0,1.0075173,2,25
147,0.0151068475,1.0129746,2,23
148,0.00937303,1.0402448,2,20,0.0027695806,0.9955628,2,49
149,0.0037918966,0.99380887,2,20,0.022051875,1.0481493,2,42,0.00033633615,1.0075594,2,63,0.008318381,0.9896397,2,98,0.00079016754,0.98491275,2,129,0.047853347,0.9279236,2,151,0.020410385,0.9834937,2,171,0.012244446,0.9645842,2,200
150,0.021286123,0.9609075,2,22,0.0060829325,0.93051386,2,42,0.0033556127,0.87787074,2,63,0.042881716,0.7455964,2,84,0.0,0.720001,0,109,0.0,0.6106287,0,129,0.0020038956,0.79340327,2,154,0.014191322,0.88965005,0,174,0.0,0.9395071,2,200
151,0.008324649,1.0168048,2,25,0.0,1.0825436,2,45,0.0063350997,1.0377628,2,69,0.0014497387,1.0492569,2,106
152,0.004598476,0.9819125,2,20,0.008810285,1.0292134,2,42,0.017576298,0.96023846,2,62,0.020780817,0.9541953,2,82,0.0011275111,1.0018408,2,109,0.025151288,0.9670615,2,129,0.014161777,0.948444,2,151,0.026068795,0.96060044,2,179,0.01158898,0.9837605,2,200
153,0.011985215,0.9711728,2,33
154,0.013373972,0.9848544,2,27
155,0.024024382,0.99476546,2,20,0.03047007,0.914793,2,41,0.0,0.9228733,0,61,0.0012146834,0.98126745,3,81,0.01297922,0.956758,2,102,0.029239953,0.91454583,3,122,0.013151948,0.98006266,2,142,0.0013752105,1.0122933,3,163,0.0126950275,0.8842058,2,200
156,0.0024506717,1.0148345,2,38,0.002922411,1.0756742,2,60
157,0.022409424,0.9234638,2,34,0.099449255,0.7831716,2,54,0.0697343,0.6746001,2,79,0.01877112,0.84306467,2,99,0.01640805,0.77871734,0,119,0.04188219,0.84674716,2,140,0.0025106985,0.9482245,2,164,0.015313496,0.94401425,2,200
158,0.006404844,0.977217,2,33
159,0.017115135,0.9942843,2,20,0.02884866,0.9606576,2,45,0.004801599,0.94501334,3,66,0.0,0.9902041,2,88,0.0,0.94298226,0,110,0.010037898,0.9732977,2,132,0.042888023,0.8549365,2,152,0.04342247,0.9036335,2,172,0.010133909,0.9281717,2,200
160,0.023166979,0.9637985,2,20,0.0005219319,0.9718375,2,40,0.0022848223,0.95008636,2,64,0.015880302,0.92844486,2,86,0.0,0.85388243,2,106,0.0,0.87498885,2,126,0.01176455,0.9462871,2,148,0.0,0.6854904,0,168,0.019862052,0.6919069,0,200
161,0.024321478,0.9523541,2,20,0.022248084,0.89836043,2,40,0.0,1.0530066,2,61,0.018994678,1.0142492,2,82,0.0016297682,1.0230451,2,103,0.0,1.0181284,2,124,0.003624007,1.0360718,2,144,0.008880335,1.02731,2,175,0.011573735,0.9842556,2,200
162,0.018256497,0.96627074,2,39,0.0011723967,0.95055056,2,62,0.0069784126,0.94588137,2,82,0.0,0.88691664,2,102,0.0054109446,0.94002724,2,122,0.00070460344,0.9749021,2,143,0.013319342,1.0492083,2,166,0.013803845,0.90089846,2,200
163,0.003356787,0.99799687,2,22,0.03327048,0.93878275,2,46,0.0011249682,0.9823632,2,70
164,0.0028351378,1.0379293,2,34
165,0.007972157,0.966892,2,35
166,0.004440435,0.9648848,2,26
167,0.02002491,0.92521,3,20,0.004665784,1.0346125,2,46,0.00095010566,1.0132953,2,66,0.005008917,1.0666726,2,106,0.0,1.0457789,2,126,0.0037135284,1.0864195,2,147,0.0,1.1045203,2,169,0.00092009094,1.1034129,2,200
168,0.0077462774,0.99993175,2,22,0.011654374,0.90540224,2,45,0.006871559,0.957384,2,66,0.00022145301,0.9956476,2,88,0.005979693,1.036623,0,108,0.0,1.068877,2,128,0.0,1.1127962,2,150,0.011442427,1.0214717,0,172,0.0084502725,1.0796111,2,200
169,0.005254618,0.9068526,2,21,0.0004718646,0.8802449,2,42,0.0,0.8976224,2,62,0.023091013,0.7647719,2,82
170,0.03855384,0.9528728,2,22,0.0074471547,0.8868797,2,59
171,0.0,1.022012,2,24,0.016949061,1.0037359,2,45,0.014772973,1.0058448,2,72
172,0.008423038,0.9949317,2,21,0.0076438747,0.95036685,3,41,0.031066177,0.9572697,2,63,0.0074641434,0.88703024,2,85,0.0,0.94106275,2,105,0.0061903065,1.0876594,3,125,0.0,1.0055528,0,145,0.028009295,1.029619,0,168,0.02524502,0.7459347,2,199
173,0.0031809984,0.9990586,2,37
174,0.0053470796,1.007843,2,20
175,0.001959346,1.0396926,2,22
176,0.0072546266,0.99729824,2,20,0.00019624102,0.93108726,2,42,0.0118588675,0.9864682,2,62,0.017834473,0.92961067,2,84,0.012387919,0.9743442,2,114
177,0.0,1.0239941,2,21,0.0009213282,0.93492204,2,41,0.00090484275,0.9778554,2,61,0.0100930985,0.99247867,2,81,0.0016394339,1.0067854,2,101,0.023258215,0.97438526,2,121,0.04806215,0.95732445,2,148
178,0.01449052,0.95455456,2,20,8.247837e-05,0.9446889,2,41
179,0.00064240757,1.0193104,2,21,0.032087762,0.96415037,2,42,0.012355057,0.9264433,2,64,0.0003167954,1.0148152,2,86,0.0058943997,1.0410715,3,107,0.00060531066,0.9284868,0,127,0.040286575,0.9346286,2,147,0.0,0.9953903,3,167,0.0019634836,0.9099342,2,200
180,0.0021466378,1.024403,2,20,0.011292336,0.9908696,2,44,0.0035779446,0.96357286,2,66,0.007881435,0.96306914,2,86,0.0,0.966075,2,108,0.0075202947,0.95313483,0,128,0.039849773,0.91855055,2,151,0.0147891175,0.91633016,2,172,0.0042937933,0.9496712,2,200
181,0.006415726,0.9803793,2,24,0.007490104,0.9628405,2,45,0.0038051018,0.9758765,2,68,0.012103712,0.9240255,2,91,0.0039683483,0.87798846,2,111,0.022079544,0.89148694,2,131,0.022095734,0.88673323,2,155,0.055374097,0.89415044,2,175,0.10036028,0.8335704,2,200
182,0.006910756,0.9639328,2,22,0.009981847,0.97911537,2,42,0.0012311909,1.0023384,2,64,0.016174195,1.0502117,2,86,0.008521853,1.0186207,2,107,0.0045175212,1.0683925,2,133,0.013039487,1.0168421,2,153,0.0,1.0533626,2,174,0.019766904,0.9992112,2,200
183,0.004387668,1.008106,2,30,0.0025807593,1.0426681,2,64,0.018813077,0.9362281,2,85,0.016079534,0.982122,2,107,0.007931473,0.98845226,2,128,0.022995135,0.94580334,2,148,0.059664838,0.92716646,2,168,0.043788254,0.9270027,2,200
184,0.001179468,1.0311162,2,20,0.0029230895,1.0188481,2,57,0.0028617051,0.98206043,2,77,0.010788872,1.0123377,2,97,0.0104635,0.9479429,2,117,0.0050007435,0.9286852,2,139,0.032491263,0.928349,2,160,0.007679382,0.8946436,2,200
185,0.013174711,0.9806403,2,29,0.0,1.033585,2,51,0.008197282,1.0115976,2,83
186,0.0016069952,1.0281595,2,20,0.0020297465,0.9795426,2,45,0.0035661352,0.99652964,2,66,0.027838742,0.8668717,3,86,0.0,1.0078813,2,106,0.007531909,0.9889588,2,133,0.0,1.0110608,2,153,0.001000476,0.98394537,2,173,0.010370666,0.9660383,3,200
187,0.0030946643,0.9476022,2,26,0.009785609,0.948162,2,48,0.03926706,0.98863965,2,70,0.019374778,0.9524622,2,90,0.0,0.9148727,2,112,0.0005732484,1.0343804,2,143,0.010413079,1.0037822,2,182
188,0.0009405492,1.009811,2,24,0.008390369,1.0090871,2,63
189,0.003067528,1.0060978,2,25,0.010266383,0.9604715,2,45,0.010278007,0.998644,2,65,0.0062421495,0.95423114,2,85,0.0,0.9751779,2,106,0.0,0.94807166,2,126,0.035957687,0.97762555,2,147,0.009415375,0.8994521,0,167,0.007098963,0.9763442,2,200
190,0.017280098,1.0150096,2,30,0.014247537,1.006287,2,70
191,0.011089571,0.99437743,2,20,0.0090394085,0.9490515,2,45,0.0,0.9810783,2,65,0.0020701373,0.9169665,2,91,0.012527565,0.9192053,2,111,0.03241407,0.95085704,2,131,0.0,0.97654784,3,151,0.0053244825,0.8996331,2,171,0.008814472,0.98860496,2,200
192,0.0048546996,0.9911186,2,24,0.005409657,0.9735511,2,45,0.022977872,0.9011983,2,67,0.0132528795,0.89384985,2,92,0.0422543,0.8579774,2,113,0.01948313,0.9738121,3,139,0.015915772,0.93534756,2,159,0.0,0.9678157,2,179,0.00969805,0.9870888,2,200
193,0.00844283,0.9474903,2,22,0.0020586972,0.8668761,2,43,0.0,0.89546585,2,66,0.0021967394,0.87503386,2,87,0.015133353,0.7483156,2,108,0.0,0.62352633,2,130,0.0030154744,0.82772297,2,159,0.000293428,0.6406638,1,180,0.012257649,0.773225,2,200
194,0.02194026,1.0288458,2,20,0.0059333215,1.0178512,2,60
195,0.011826322,0.97424215,2,21,0.01541607,0.9861468,2,59
196,0.03923791,0.87860173,2,21,0.064177826,0.80807436,2,44
197,0.006211,0.9731024,2,21,0.0,1.0562557,2,42,0.0001603375,1.0541921,2,77
198,0.004997603,0.92527926,2,25,0.0025018798,0.97920704,2,51,0.0050652125,1.0655024,2,71,0.0,1.0931891,2,93,0.024600241,0.8927747,0,113,0.0,1.1031102,2,137,0.0027458894,0.96560746,2,159,0.011876199,0.86710393,2,180,0.00071371073,0.9805258,2,200
199,0.007994759,1.0149033,2,30,0.0057734246,0.9957222,2,50,0.002625619,0.9968142,2,72
200,0.015458012,0.97848207,2,20,0.00013278592,0.9567488,2,40,0.0003675185,0.996724,2,61,0.013184623,0.949896,2,102
201,0.006606924,1.005265,2,20,0.0030214647,0.97573864,3,47,0.023413207,0.86777365,2,67,0.021183413,0.71656233,2,90,0.005473448,0.7585542,2,112,0.0,0.74796724,2,136,0.014019842,0.84252346,1,156,0.0,0.83205163,0,178,0.006260228,0.8734825,2,200
202,0.0032412775,1.0310422,2,20,0.027358614,0.9224925,2,41,0.028182244,0.9845088,2,61,0.0124356095,1.0339495,2,81,0.0058225617,1.0070968,2,105,0.016895983,0.9108203,2,129,0.022583293,0.9397053,3,153,0.027106252,0.9539628,3,173,0.06353157,0.89816886,2,200
203,0.002398752,1.0298613,2,27,0.0,0.9944331,2,48,0.003161511,1.0286765,2,85
204,0.0,1.0366908,2,22
205,0.008792594,1.0227456,2,20
206,0.0009314179,1.0031153,2,20,0.003513433,1.018266,2,40,0.009174387,1.050312,2,60,0.023937145,0.9565999,2,81,0.0027755701,1.0121067,2,101,0.012701892,1.01497,2,123,0.0041553313,1.0134227,2,143,0.007792055,0.9713632,2,172,0.027770728,0.93420935,2,200
207,0.0,1.020875,2,26,0.0054559964,0.9958423,2,47,0.003978315,1.1394211,2,67,0.008108063,1.0271999,2,101,0.0,1.0718911,3,121,0.0,1.0451212,2,150,0.01504957,1.0569389,2,180,0.01042002,1.0982684,2,200
208,0.0010003347,0.9846587,2,20,0.0056216135,1.0288903,2,44,0.0060170405,1.0218519,2,92,0.030860484,1.0199172,3,112,0.0,1.0643579,2,132,0.0043395488,1.0236094,0,153,0.0,1.0246435,2,176,0.0,1.0163622,2,200
209,0.0047134347,0.97198695,2,25,0.014571121,0.95085955,2,45,0.0072833584,0.8947083,2,67,0.017811399,0.9208223,2,88,0.022384647,0.9101211,2,108,0.008203117,0.9630598,2,130,0.0,0.95585966,2,150,0.00020206983,0.9814264,2,174,0.011372674,0.92329353,0,200
210,0.0029391563,0.9794552,2,20,0.025990825,0.9925291,2,40,0.0385027,0.91107863,2,60,0.028471544,0.8223611,2,81,0.002684017,0.8837904,2,103,0.024647018,0.929661,2,123,0.030935597,0.8977293,2,143,0.003401562,0.9840111,2,170,0.01330633,1.0137483,2,200
211,0.041820772,0.9150693,2,20,0.0029226523,0.91528857,3,43
212,0.0015410692,1.0224354,2,21,0.010513305,0.9943668,2,44,0.0065196482,1.0041903,2,77,0.01118966,0.9835931,2,109,0.0071088346,0.9884539,2,135,0.027336959,1.037142,2,155,0.004435971,1.045415,2,200
213,0.0055479826,0.9879494,2,20,0.01287466,1.0083345,2,40,0.0015199108,1.012664,2,76
214,0.031264536,0.97617596,2,21,0.02415206,0.9641937,2,41,0.023405368,0.89943206,2,61,0.0027644145,0.763087,2,90
215,0.0,1.015659,2,20,0.0,1.0264635,2,46,0.0101251,0.9912088,2,82
216,0.00083647104,0.99463314,2,29,0.005452809,0.96419764,2,49,0.009644876,0.9688091,2,69,0.018690936,0.94572395,2,103
217,0.020290792,0.9709615,2,22,0.0091316905,0.9541677,2,59,0.0,0.9973672,2,83
218,0.0041179466,1.0001527,2,45,0.01808717,0.93616694,2,69,0.020099357,0.93212414,2,89,0.0,0.75860757,2,109,0.0,0.66836447,0,132,0.0,0.7520611,0,152,0.0,0.6349022,0,172,0.017390983,0.7019229,2,200
219,0.0,1.0190248,2,36,0.022381311,0.98891467,2,58,0.0021157456,0.9706434,2,99,0.0214766,0.92045325,2,119,0.007580554,0.9555178,2,168,0.01053834,1.0003433,2,200
220,0.0029842455,0.98657495,2,20,0.016783807,0.9731805,2,46,0.0049620704,0.9405239,2,66,0.036406647,0.98170364,2,86,0.024338579,0.89627457,2,106,0.018973121,0.93671143,2,127,0.0,0.91788894,2,147,0.0105496915,0.9525662,2,170,0.0054986575,0.96404636,2,200
221,0.0,0.910149,0,23,0.11846787,0.8849368,2,43,0.0,0.9237523,2,63,0.0,0.8697294,2,83,0.0,0.64986205,0,105,0.0,0.72379506,0,125,0.0,0.59861827,2,145,0.0,0.61992633,0,170,0.069007985,0.6264321,2,200
222,0.017391264,1.0051947,2,25,0.0077936514,1.0241969,2,45,0.005862093,1.0659565,2,65,0.0,1.0237405,2,85,0.005739646,1.0472996,2,107,0.009248742,1.0058374,2,141,0.0018983707,1.0099623,2,167,0.0010512221,0.9984126,2,200
223,0.00016970234,1.041509,2,28,0.004268206,0.9776011,2,55,0.002082049,0.9906022,2,76,0.01720801,0.9736382,2,98,0.0025178792,1.0543516,2,119
224,0.0051754867,0.998129,2,27,0.0,0.9315182,2,60
225,0.0,0.76378405,2,20,0.015876167,0.7858531,0,41,0.0028155197,0.90650624,3,61,0.15871091,1.2987618,0,81,0.00471286,0.39000753,0,104,0.0,0.38554287,0,124,0.0,0.34882554,2,147,0.0640055,0.1059864,1,167,0.23512688,0.15207686,1,189
226,0.022337416,0.9767644,2,21,0.008197626,0.9318173,2,43,0.026748076,0.9258132,2,64,0.0019368565,0.92159235,2,87,0.0,0.98250747,2,110,0.03411649,0.8805988,2,132,0.009361008,0.93518364,2,161,0.04292908,0.9303119,2,200
227,0.0038647328,1.0154754,2,24,0.019150771,0.9515735,2,44,0.011718815,0.9378591,2,65,0.0057261684,0.98629886,2,89,0.010059046,1.0202621,2,109,0.016797822,1.0108497,2,129,0.004632238,1.0421411,2,149,0.016525531,0.9795802,2,169,0.004645338,0.98487973,2,200
228,0.001927609,0.9384246,2,20,0.005134095,0.7546378,2,41,0.0,0.84355956,0,62,0.0,0.64784795,2,85,0.024952825,0.5400313,2,106,0.005333595,0.49834767,2,128,0.0,0.4625029,2,151,0.050781846,0.36470938,0,171
229,0.002433304,0.99236715,2,21,0.0067514186,1.0003368,2,43,0.018619409,0.9935727,2,64,0.0051544304,1.0017784,2,85,0.0122848665,0.9237672,2,106,0.0033772287,1.048986,2,130,0.0011208088,1.0263338,2,150,0.0,1.0180616,2,171,0.0015092641,1.0030159,2,200
230,0.0150254965,0.9273003,2,20,0.012022085,0.9557874,2,43,0.005994771,1.0052016,2,64,0.010453044,0.9419494,2,87,0.0024473781,0.98633385,2,112,0.007845421,0.9682281,3,138,0.0,0.9635708,2,158,0.0,0.8000245,2,179,0.0023382741,0.7262114,2,200
231,0.0,1.0257145,2,28,0.00168524,0.9891566,2,49,0.0072197095,0.98799855,2,73,0.0343371,0.9734848,2,93,0.014592774,1.0133047,2,113,0.011687083,0.97761494,2,141,0.0012268644,1.0189654,2,163,0.008047537,1.02519,2,200
232,0.005146269,1.0213466,2,24
233,0.00085022504,0.98649716,2,32,0.0015026589,0.958048,2,52,0.0,0.96865594,2,74,0.0,0.97867525,2,94,0.010329782,0.9700442,2,119,0.012371074,0.95748657,2,141,0.0,1.0201252,2,161,0.021522583,0.9823088,2,200
234,0.026992645,0.94612575,2,21,0.0,0.9867984,2,53,0.012405543,0.97315294,2,73,0.034539852,0.9431694,2,95,0.0,0.90369743,2,116,0.0054248753,0.9374344,2,155
235,0.015745645,0.9921874,2,21,0.0033678054,0.9382707,2,41,0.017081166,0.955455,2,61,0.006392139,0.99307436,2,83,0.0042143934,0.9861022,2,104,0.017802395,1.0277439,2,128,0.0051351977,1.0368656,2,149,0.0,1.0116479,2,170,0.0053033023,0.96399593,2,200
236,0.015895773,0.97821873,2,20,0.000117500684,0.92400724,2,40,0.034591418,0.92071927,2,61,0.012064757,0.91511965,2,81,0.010993099,0.90272754,3,108,0.013411051,0.9965111,3,130,0.002387525,0.93897265,2,150,0.053644627,0.79895127,2,170,0.0,0.899636,2,191
237,0.0021555168,0.79532325,2,20,0.0,0.68525636,2,40,0.0,0.77757907,2,61,0.0,1.0278875,2,81,0.0,0.9022829,2,103,0.0,0.63646424,1,124,0.0,0.644955,2,146,0.0,0.5689873,1,172,0.01531286,0.6444463,2,200
238,0.003451561,1.000387,2,20,0.0,0.96043843,2,41,0.014550343,0.9682965,3,65
239,0.004307586,1.0020229,2,20,0.0025211386,1.025231,2,61,0.0007035917,1.0440029,2,90
240,0.019381646,0.8931775,2,21,0.0,0.9017631,2,42,0.0,0.8541657,2,63,0.008015119,0.783685,2,83,0.007018379,0.3932587,2,104,0.0,0.56193966,2,125,0.17379074,0.35372776,2,160
241,0.0054345275,1.026067,2,23,0.011312109,0.9425208,2,43,0.0019238092,1.0005579,2,63,0.009904022,1.0042256,2,104
242,0.0032202262,0.9754242,2,21,0.007826051,1.0210555,2,41,0.017036315,0.9400772,2,62,0.011205467,0.98838365,2,93,0.010588022,0.99154955,2,116,0.0,0.99486494,2,136,0.0,1.0046557,2,162,0.001620362,0.9857002,2,200
243,0.011299698,1.0370822,2,39,0.0,0.99781793,2,61,0.0,1.0210952,2,84,0.011387116,1.0253241,2,105,0.008767677,1.0768342,2,127,0.012793012,1.05442,2,147,0.0,1.0162723,2,168,0.022755522,1.0036001,2,200
244,0.008721563,1.0033208,2,25,0.0,1.0560102,2,45,0.001279639,1.0464242,2,74,0.00052888115,1.0032431,2,98,0.0,1.0261813,2,118,0.0018105524,1.0275471,2,143,0.0068178503,1.0382038,2,163,0.0071789017,1.0124195,2,200
245,0.009047648,0.97774315,2,20,0.02410489,0.9500019,2,52,0.012457181,1.0309395,2,73,0.022856118,0.88512737,2,104,0.010072512,0.99910676,2,124,0.0,0.94731784,2,145,0.0041290578,1.0104077,2,177,0.0033558153,0.99504685,2,200
246,0.0031981706,0.976116,2,20,0.010521525,0.94360083,2,49,0.0048130373,0.95907784,2,72,0.009295856,0.9527467,2,92,0.0009082518,1.0278755,2,126,0.07165109,0.8734865,2,150,0.009014459,0.95489424,2,178,0.0026894815,0.99842566,2,200
247,0.015418658,0.8703127,2,20,0.02206603,0.7296385,2,42,0.0043344456,0.6287597,2,63,0.0,0.69642955,2,84,0.010859741,0.6016162,2,105,0.06658506,0.5537273,0,125,0.028861228,0.77325225,2,145,0.0,0.5153356,0,165,0.027395219,0.110750854,2,200
248,0.013576528,0.94657123,2,20,0.0,0.9937951,2,45,0.0,0.9939291,2,65,0.0043071043,0.981013,2,86,0.007701956,0.94120026,2,109,0.013468074,0.89811546,2,135
249,0.0009946687,1.0011317,2,20,0.006326615,1.0120294,3,40,0.009524112,1.0067308,2,63,0.029141588,1.0129105,2,87,0.0,0.9995498,2,112,0.006427797,1.0555751,2,132,0.0044987136,1.0037488,2,152,0.018360049,0.9833619,2,172,0.0037803103,1.0298494,2,200
250,0.003566104,1.0587302,2,21,0.02170539,0.93752074,2,43,0.0,1.0167627,2,63,0.008150592,0.9556028,2,85,0.0,0.9851115,2,108,0.0005317821,1.0172898,2,128,0.018502302,0.94592017,2,150,0.0,0.9353672,3,170,0.0013530123,0.9933707,2,200
251,0.00037405518,0.9653227,2,20,0.0027725152,1.0278596,2,40,0.013276669,1.0146765,2,60,0.014062078,0.9953238,2,83,0.02637032,1.0454706,2,103,0.0045923493,1.0247312,2,133,0.008185441,1.0277753,2,156,0.0020072523,1.0298924,2,200
252,0.0062048077,1.0259151,2,38
253,0.017665517,1.047074,2,20,0.0,1.0966786,2,40,0.020777877,0.99686223,2,82
254,0.004436305,0.99738896,2,43,0.0034888864,1.0281439,2,75,0.0055340407,0.99982,2,96,0.00022363305,1.0086192,2,122,0.0028644986,0.9839412,2,142,0.010881522,0.96096337,2,162,0.020042805,0.9426944,2,200
255,0.0,1.0266595,2,22,0.013872197,0.9289254,2,47
256,0.00027296608,1.0212543,2,20,0.008233223,1.0279828,2,42,0.013639678,0.99451673,2,62,0.022405442,0.98997945,2,82,0.0,0.99043065,2,102,0.01811036,0.9839643,2,122,0.0,0.9850459,2,143,0.037554532,0.9877451,2,164,0.0073546055,0.99047303,2,200
257,0.031713046,0.9603604,2,20,0.008638709,0.9873792,2,40,0.0,1.0203049,2,60,0.0070384005,0.98515284,2,80,0.008528266,0.99132025,2,102,0.007966344,0.9904943,2,129,0.010488101,0.99998385,2,159,0.010176399,0.9906273,2,200
258,0.017813269,1.0013195,2,22,0.045139533,0.9700425,2,46,0.027939169,0.9349915,2,71,0.010654918,0.9596738,2,92,0.0074330675,0.9247599,2,122,0.022024121,0.9870159,2,142,0.0021445956,0.93148774,2,163,0.004480729,0.951512,2,200
259,0.006210607,1.0043132,2,20,0.012202256,0.9915546,2,47,0.0041136937,1.0054722,2,67,0.008905626,0.99967045,2,95,0.008097138,0.95591795,2,115,0.0030369028,0.96106875,2,136,0.009169995,1.0027975,2,156,0.0,1.0139897,2,176,0.0029636633,1.03358,2,200
260,0.005054265,0.9624101,2,21,0.026981253,0.90650004,2,41,0.03092688,0.9483509,2,61,0.13416259,0.95128435,2,83,0.0,0.8374937,0,103,0.0,0.9149934,2,123,0.023581613,0.990838,0,144,0.0,0.8251135,2,165,0.003991748,0.66819435,0,200
261,0.016940707,0.9705359,2,23,0.009862815,0.9480017,2,44,0.0030814619,0.9647129,2,67,0.007056015,0.9588665,2,87,0.011272302,0.9100648,2,107,0.015721591,0.914845,2,128,0.0001795886,0.9162669,2,148,0.008443342,0.7940053,2,168,0.0114702415,0.91153705,2,200
