0,0.00014261839,0.98295325,2,24,0.005514925,0.9479897,2,48,0.004437032,0.9257199,2,69,0.0,0.8395696,2,90,0.0,0.63406533,2,110,0.008455748,0.7213128,2,131,0.03206469,0.85138315,2,153,0.02286105,0.6775787,0,173,0.013143961,0.77382547,2,200
1,0.0070068375,1.0209432,2,20,0.0035803826,1.0292735,2,40,0.0034576915,0.968744,2,64,0.0170843,0.9285284,2,87,0.08377032,0.9770652,3,107,0.0,0.9328633,0,133,0.012141156,1.0041902,2,167,0.009466175,0.99136466,2,200
2,2.876057e-05,1.0016345,2,28,0.0049411342,1.0197042,2,52,0.016868226,1.010854,2,72,0.011209526,1.0692804,3,92,0.0,1.0365397,2,112,0.0030951889,1.0504144,2,136,0.0005742364,1.0683359,2,158,0.0016239452,0.9753128,2,180,0.004652141,0.98882455,2,200
3,0.00015811894,1.0127133,2,24,0.010269224,0.954464,2,46,0.012937414,0.8807213,2,70,0.010938953,0.9783955,2,93,0.0019530847,0.94488364,2,114,0.011497825,0.9708755,2,138,0.0025490562,0.98593897,2,161,0.0043924786,0.9901431,2,200
4,0.0,1.0157375,2,20,0.0034526978,1.0229132,2,40,0.012605963,1.0440353,2,60,0.004261414,1.0161341,3,81,0.0,1.0668144,2,101,0.0,1.0943477,2,128,0.009844957,1.073418,2,148,0.00026541328,1.034162,2,169,0.0011184884,1.0286764,2,200
5,0.019765768,0.9803508,2,20,0.053916246,0.9786008,2,41,0.03144122,0.89447004,0,61,0.004887197,0.8590433,2,82,0.023487506,0.99042225,2,104,0.003837668,0.9052366,2,124,0.02281172,0.9058531,2,145,0.041018862,0.9713607,2,165,0.018451864,0.9412551,2,200
6,0.00012316782,0.98712915,2,27,0.006176996,0.9929384,2,47,0.0,1.0106754,2,70,0.010313777,0.93800324,2,100,0.035511695,0.9605665,2,120,0.0,0.8835004,2,140,0.0069341296,0.9488166,2,160,0.0,0.94265664,2,200
7,0.007184076,0.9715773,2,25,0.011359456,0.9525722,2,45,0.0,1.0171977,2,66,0.0024858231,1.0231115,2,105,0.0007517336,0.9544934,2,125,0.0035847973,1.032197,2,145,0.00047025923,0.95253694,2,171,0.023234552,0.907775,2,200
8,0.0126141785,0.9952933,2,24,0.0,1.0247366,2,45,0.0,1.0041728,2,65,0.004416748,1.0295488,2,85,0.0022345195,0.9608582,2,108
9,0.0051602013,1.0284822,2,20,0.0012887473,0.98061574,2,40,0.0015282567,0.9963366,2,62,0.008874988,1.0061166,2,87,0.012764645,1.025741,2,107,0.006338309,1.0230187,2,133,0.0054617235,1.0576463,2,154,0.0071807625,1.0412711,2,174,0.0042723836,1.0508612,2,200
10,0.0,1.0153296,2,20,0.0,0.9763645,2,43,0.027673403,0.91213435,2,64,0.0,0.9261818,2,86,0.019875135,0.9921339,2,106,0.0035244147,0.967525,2,126,0.0049461443,0.91902333,2,149,0.0,0.95934963,2,173,0.009915594,0.9223498,2,200
11,0.0,0.96938056,2,20,0.010279591,0.9418381,2,48,0.000735512,0.94676125,2,73,0.0048209173,0.92229724,2,95,0.029136818,0.94329435,2,115,0.0046501085,0.98218614,2,139,0.002793741,0.89889765,3,159,0.01231197,0.9201878,2,200
12,0.0072727664,1.0267045,2,20,0.0,1.0168177,2,42,0.0055137216,0.9900335,2,62,0.032164462,0.94812876,2,89,0.010265544,1.0005392,2,124,0.010748894,0.92964137,2,149,0.013735858,0.91155916,2,170,0.0055011595,0.9726232,2,200
13,0.008948468,0.9798462,2,34,0.0,1.0256201,2,54,0.0063791974,0.9612365,2,74,0.0028516813,0.9839911,2,102,0.004338487,1.0229838,2,128,0.0033371577,1.0298883,2,150,0.0031027608,0.96861094,2,170,0.007209533,1.0017804,2,200
14,0.0,1.0005136,2,29
15,0.006788352,0.9391724,2,25,0.0,1.0066422,2,46,0.006399834,1.0291678,2,66,0.0,1.0396622,2,86,0.0,1.0745927,2,110
16,0.0059954473,0.9671572,2,20,0.0,1.0468737,2,40,0.0074451226,0.9707024,2,61,0.008174685,0.95555604,2,86,0.008910737,0.94953674,2,108,0.0,0.95430297,3,128,0.00020367425,0.9772015,2,155,0.0005035637,0.9811385,2,200
17,0.007888714,0.99224085,2,22,0.0032975804,1.0351386,2,55,0.008236141,1.0273337,2,77,0.003064239,1.0205653,2,97,0.002547775,1.0167818,2,122,0.008450099,1.0205503,2,146,0.0034539853,0.973379,2,166,0.01019252,1.0007864,2,200
18,0.0052781748,1.009515,2,23,0.006823517,1.0034591,2,45,0.013017866,0.9946297,2,65,0.0023933006,1.0231224,2,100,0.0,1.054528,2,120,0.010513193,0.96888083,2,143,0.00778311,0.99670464,2,164,0.0,1.0674567,2,200
19,0.0,0.8282859,2,21,0.0,0.8611981,2,42,0.0,0.7525945,2,65,0.0,0.8343967,2,85,0.0021915545,0.57007337,1,105,0.0,0.5235132,0,125,0.0,0.41606385,1,145,0.0018619315,0.6668939,1,165,0.017578585,0.8413539,2,192
20,0.0030861227,0.9524796,2,21,0.008975791,0.9333614,2,41,0.051802307,0.9449857,2,62,0.0,1.0009664,2,83,0.0,0.9504731,2,103,0.0,0.7379001,2,128,0.035086837,0.6472283,0,148,0.007068234,0.8986222,2,168,0.016943337,0.8792253,2,200
21,0.008801591,0.98578286,2,26,0.007825535,1.0537692,2,47,0.0,1.0112361,2,69,0.0,1.0160208,2,90,0.009546148,0.9997825,2,137,0.0,1.0353309,2,157,0.0033629083,0.9815505,2,200
22,0.00026833278,1.0270936,2,33
23,0.0031008916,0.9822508,2,20,0.0048577883,0.959103,2,41,0.0007174699,0.97097284,2,74,0.008289595,0.9289529,2,99,0.018410563,0.95056814,2,120,0.008561651,0.96961695,2,166
24,0.0035798075,0.99306124,2,37,0.010664884,1.0340123,2,59,0.0038037207,0.99599564,2,86,0.004268051,0.98896253,2,107,0.0029822383,1.0088768,2,136,0.0003710657,1.0173198,2,170,0.0035521577,1.000464,2,200
25,0.0038181408,0.97338265,2,20,0.0040036403,0.99782676,2,43,0.004392564,0.97659886,2,73,0.0149281835,0.9826648,2,95,0.0,0.99876064,2,117,0.00022120525,0.9723322,2,141,0.005983082,0.9680264,2,165,0.027289592,0.9400447,2,200
26,0.012063208,0.96223944,2,24,0.0025995302,1.0701205,2,73
27,0.008969272,0.9685638,2,29,0.016901288,1.0145468,2,49,0.001992331,1.0248693,2,73,0.0026471938,0.9782343,2,101
28,0.013417664,0.9026121,3,20,0.044637248,0.63724524,2,40,0.012283928,0.9907449,2,60,0.015672876,0.69944364,1,83,0.009952223,0.71156454,2,103,0.0,0.5015774,2,123,0.03705202,0.47645003,2,150
29,0.007320768,0.95284015,2,20,0.005586105,1.0190822,2,61,0.012922752,1.0051925,2,81,0.008196714,1.0251728,2,128,0.010201642,0.9959712,2,161,0.0019504149,0.9997563,2,200
30,0.008980191,0.95308614,2,24,0.0038061538,0.95409983,2,44,0.0,1.0255132,2,66,0.0056478395,0.8818984,2,99
31,0.0,1.0544008,2,21,0.0,1.0167848,2,42,0.0017017815,0.9864596,2,62,0.0,1.0117475,2,82,0.00085432985,0.963889,2,103,0.021377373,0.951277,2,125,0.0,0.9348645,2,145,0.056017585,0.9516841,3,166,0.089689024,0.9359533,2,200
32,0.00011497425,0.99367493,2,21,0.00031598425,1.0396187,2,41,0.0,1.0395697,2,61,0.05973011,0.8962888,2,82,0.003260626,0.9324879,2,104,0.0037942512,0.9969881,3,127,0.0022039728,0.9956693,2,148,0.0,0.9630165,2,172,0.0075743715,0.9424485,3,200
33,0.0058493097,0.9979907,2,20,0.0046929424,0.98598236,2,53,0.0,0.9979665,2,75,0.005853526,1.024788,2,112,0.002783336,0.99875575,2,135,0.0,1.0190732,2,157,0.0,1.0205984,2,180,0.00788596,1.0435297,2,200
34,0.003811838,0.99802166,2,23,0.0039350805,0.97829187,2,43,0.008245349,0.9849488,2,63,0.0044205594,1.0014906,2,105,0.0019982113,1.0493923,2,125,0.0083460845,1.0128174,2,145,0.01071289,0.97940254,2,166,0.00068310637,1.0012064,2,200
35,0.02016292,0.925052,2,20,0.0057912753,0.95862323,2,40,0.015358397,0.7861684,3,61,0.006648774,0.90090626,2,85,0.048767634,0.5806793,2,105,0.059863776,0.6413221,2,128,0.0054281447,0.76209307,2,149,0.02552448,0.5401383,2,170,0.053049043,0.6181867,2,200
36,0.0017908567,0.998497,2,30,0.015837848,0.9758752,2,57,0.0,1.0015881,2,77,0.0074377097,0.9353668,2,105,0.002733591,1.0492676,2,125,0.0044717155,1.021787,2,145,0.0,1.0094628,2,166,0.0,1.0297018,2,200
37,0.002792922,1.004928,2,28,0.003231496,0.97048396,2,48,0.0012605992,0.9756501,2,70,0.0,1.0040451,2,90,0.006732706,1.0223935,2,113,0.0013211713,1.0183668,2,133,0.018698808,0.9764136,2,163,0.0015819337,1.0580484,2,200
38,0.0030465294,0.79168,2,23,0.0,0.96936065,2,43,0.0,0.99045134,2,63,0.0,0.8217347,2,84,0.0,0.7221751,0,105,0.0,0.80757,0,125,0.0,0.81493485,0,145,0.010953134,0.5176778,0,177
39,0.00042340113,1.0129757,2,33,0.0,1.0083746,2,53,0.01593844,0.9927475,2,87,0.0,1.007008,2,107,0.021143707,0.96211535,2,134,0.0056643053,1.0073185,2,156,0.008814782,0.944262,2,176,0.027759632,0.88841933,2,200
40,0.0036498741,0.9927349,2,20,0.0054050623,1.0096467,2,40,0.002906882,0.99142903,2,64,0.0044525834,0.9577592,2,84,0.008895173,0.98243856,2,107,0.008972529,0.9273756,2,127,0.0,0.985612,2,152,0.00022822796,0.9620528,2,172,0.019370416,0.991902,2,200
41,0.010775053,0.97628,2,22,0.011405815,1.0029579,2,52
42,0.0058132214,1.0141952,2,23,0.0,1.0465862,2,43,0.0025341832,1.0113636,2,63,0.010751572,1.0032158,2,96,0.0,1.0610957,2,132,0.008107012,1.0195627,2,163,0.008793993,1.026413,2,200
43,0.0114239305,0.9546453,2,20,0.019052286,1.0090067,2,40,0.01956163,0.9948167,2,61,0.0,1.0043418,2,81,0.017874356,0.7550963,2,101,0.0038547528,0.882028,2,127,0.0,0.97520113,2,148,0.009922074,0.75143254,2,168,0.065606795,0.4836727,2,200
44,0.030054346,1.0016184,2,20,0.0,0.99166363,2,57
45,0.0,1.0338123,2,29
46,0.0037646212,1.0005798,2,20,0.013741153,0.9870893,2,40,0.0,1.0779318,0,61,0.0,1.0101237,2,81,0.021543045,0.97746086,2,101,0.0,1.0412008,2,122,0.0,1.0365287,2,144,0.00055799715,0.9102326,2,166,0.0021295212,0.8866038,2,200
47,0.0,0.7404062,2,20,0.0,1.217537,2,40,0.0,0.90561706,0,60,0.05847801,1.0618465,2,83,0.0,0.6114383,0,104,0.0,0.13399898,0,129
48,0.0,1.0401677,2,20,0.0,1.0257872,2,42,0.0034850314,0.9671234,2,62,0.00838217,1.0132093,2,82,0.0048928726,0.9744448,2,118,0.0129411295,1.0591543,2,138,0.0,1.0443588,0,158,0.004504291,0.9641496,2,200
49,0.004744792,1.0050801,2,22,0.0007051502,1.0135019,2,53,0.010154692,1.0243119,2,95
50,0.0050938474,0.99063635,2,20,0.00045527096,0.986084,2,43,0.058601677,0.7831319,2,82
51,0.0,1.0167681,2,20,0.014624724,0.9913191,2,54,0.006370212,0.98118556,2,74,0.008599241,0.9912899,3,94,0.003120239,1.0194108,2,115,0.0033921506,0.97851807,2,136,0.0,1.0666153,2,156,0.0025306717,1.0147626,2,176,0.0049125627,1.023118,2,200
52,0.0,1.0232484,2,20,0.009029648,0.9970495,2,44,0.0009237921,0.9876689,2,64,0.00021711345,0.97332364,3,84,7.993728e-05,1.0077821,2,105,0.0,1.0198802,2,125,0.010267281,0.99119914,2,146,0.00039471016,1.0114049,2,168,0.0006782904,0.99389005,2,200
53,0.008048609,1.0498861,2,21
54,0.001346873,1.0375743,2,56
55,0.0,1.0180659,2,21,0.00033699864,1.0165305,2,62
56,0.009248845,0.9584695,2,20,0.0017848075,1.0913535,2,42,0.009748074,0.94464415,2,76
57,0.0,0.98772866,2,21,0.010350247,0.961146,2,43,0.0015407393,1.0139769,2,64,0.0009778116,1.00558,2,89,0.0026122988,1.0186546,2,114,0.004371166,1.0289435,2,134,0.01299904,0.9783972,2,154,0.028285151,0.9690059,2,175,0.004711385,0.9914741,2,200
58,0.015516925,0.92575485,2,20,0.0050002844,0.9055393,2,41,0.005379946,0.9079703,2,62,0.00064631744,0.7509137,2,85,0.0,0.79472923,2,106,0.0,0.8583915,2,131,0.0,0.7021029,2,156
59,0.0,1.0447695,2,21,0.003169769,0.9750194,2,51
60,0.004766655,1.0221568,2,39
61,0.007245128,0.9721577,2,32,0.0,1.0142927,2,52,0.0085817035,0.9285084,2,73,0.013950187,0.87550724,2,93,0.017456558,0.9592984,2,114,0.018478898,0.9536053,2,142
62,0.006441203,0.98880565,2,20,0.006447987,0.9536477,2,44,5.6835906e-05,0.9801346,2,66,0.0,1.006146,3,86,0.004963652,0.9844272,2,107,0.0058668503,0.94949925,2,128,0.00913164,0.95325834,2,150,0.0022028368,0.9890847,2,171,0.0038058516,0.9753813,2,200
63,0.0049712053,1.0187446,2,26,0.011968715,0.9664808,2,47,0.01703275,0.9887721,2,68,0.0,0.97623265,3,88,0.016501952,1.0146017,2,109,0.0,0.984489,2,138,0.009273268,0.982251,2,158,0.0061470447,1.017556,2,180,0.0051205717,1.0197732,2,200
64,0.0,1.0269868,2,22,0.0036380328,0.97615826,2,55,0.0,0.99540764,2,76,0.0,0.97513044,2,96,0.0,1.0096322,2,120,0.0,0.9119121,0,141,0.0,0.9416299,2,164,0.00448853,0.88300705,2,200
65,0.000391844,1.0180006,2,29,0.008175962,1.0296762,2,50,0.0022995349,1.01282,2,70,0.007596993,0.9888145,2,90,0.0013218385,0.99092656,2,115,0.007169123,0.99611366,2,160,0.006458603,0.947368,2,180,0.0,0.9924471,2,200
66,0.014134554,0.97364473,2,21,0.019604724,0.95291185,2,44,0.02072685,0.8984362,2,64,0.0059487233,0.9675436,2,92,0.0027271253,0.9212099,2,113,0.010183965,0.8793141,2,133,0.04065013,0.75402796,2,154,0.0,0.8053063,3,174,0.007456201,0.3337334,2,200
67,0.0060045784,0.9966429,2,23,0.0047603073,0.98396266,2,43,0.017069295,0.96893847,2,66,0.004131713,0.9175776,2,92,0.0,0.9175244,3,115,0.032415874,0.8639699,2,135,0.0070555033,0.8619989,0,157,0.0,0.8382308,0,178,0.018694751,0.5314794,0,200
68,0.010030366,0.9464602,2,34,0.006071514,1.0444481,2,56,0.0,1.065452,2,77,0.0,1.0426236,2,97,0.0,1.0589923,3,120,0.0,1.0250703,3,140,0.0,1.0454297,2,177
69,0.0052149654,0.9671454,2,28,0.0,1.0568627,2,49,0.0,1.0118376,2,71,0.0037674687,1.0341679,2,109
70,0.010091073,0.9433636,2,26,0.0055647623,0.96748626,2,49,0.012939338,0.9083378,2,72,0.017162595,0.9370375,2,98,0.0,0.8911781,0,121,0.020951891,0.9561027,2,143,0.010121294,0.9019617,2,163,0.015188559,0.9359781,2,200
71,0.00027341125,1.039596,2,29
72,0.0027648334,1.0246722,2,20,0.0018337454,1.017111,2,42,0.00401041,0.99826974,2,62,0.007288986,0.9791032,2,83,0.0,0.99861985,2,103,0.0019604973,1.0328348,2,123,0.005826671,1.004083,2,157,0.0076050246,1.0020478,2,177,0.04271053,1.0063503,2,200
73,0.009743279,0.99013245,2,23,0.0037549858,1.0032988,2,44,0.00024483615,0.9548151,2,64,0.011554436,1.0150394,2,86,0.0,1.0153917,2,107,0.00027570748,0.9955252,2,131,0.0039668037,0.9943307,2,158,0.0,1.0024222,2,178,0.009029425,1.0062414,2,200
74,0.0031861933,0.99079764,2,35,0.01142376,0.9233995,2,64,0.011519353,0.91569555,2,84,0.008459332,0.9102581,3,107,0.0124791125,0.97911346,2,130,0.03947541,0.8946124,2,151,0.015711041,0.8218351,2,172,0.012185706,0.86070937,2,200
75,0.0,0.97785634,2,24,0.0019771012,1.0105973,2,52,0.0,1.0356226,2,72,0.0,0.97909564,2,92,0.004207464,0.9913382,2,114,0.009277487,0.9810898,2,142,0.0055418797,0.9726672,2,162,0.007726015,0.98342854,2,200
76,0.0055890307,0.9045084,2,20,0.016680967,0.94482183,0,40,0.009384592,0.829527,2,70
77,0.0017611578,0.7491995,2,23,0.0,0.72142893,2,45,0.0,0.3903204,1,76,0.015929608,0.18786086,1,96,0.0018814491,0.31133676,1,128
78,0.010631708,0.9654334,2,20,0.0028673816,0.969411,2,40,0.008627201,0.97091544,2,60,0.008696575,1.0466572,2,80,0.0066985474,0.9958682,2,103,0.01806528,1.0042596,2,123,0.0,1.0112439,2,144,0.0286171,0.9335784,0,165,0.030211959,0.9303953,2,200
79,0.0026383027,0.96615845,2,26,0.020615129,0.9636555,2,60,0.0,0.9999673,3,80,0.012994161,0.8815385,2,100,0.0,0.9436346,3,120,0.0,1.0730773,2,141,0.0,1.226453,0,161,0.0065435516,0.9331535,2,200
80,0.0,0.9734578,2,20,0.009189966,0.98806137,2,47,0.01691393,0.9570651,2,67,0.01703049,0.9952377,2,96,0.006930478,0.99794406,2,116,0.0,1.0248182,2,137,0.0005659029,1.101353,2,157,0.0001177916,1.0277059,3,191
81,0.0,0.9985741,2,20,0.009551356,0.90018874,2,50,0.02902001,0.82958484,2,72,0.0034128227,0.9319378,2,94,0.0037392725,0.98569095,2,114,0.010950075,0.9390204,2,153,0.0024701601,0.98313457,2,173,0.00070740987,0.9608131,2,200
82,0.009818217,1.0008199,2,23,0.0029046203,1.0069293,2,48,9.4183684e-05,1.0368779,2,73,0.0,1.0581644,2,96,0.0043118317,1.0360535,2,118,0.0037162765,1.0084039,2,141,0.028423948,0.98452884,2,168,0.0072248587,1.0330071,2,200
83,0.00989332,0.949213,2,24,0.029271673,0.97589684,2,44,5.6004417e-05,0.8791492,2,65,0.016663238,0.92490846,3,87,0.04706691,0.91268766,0,108,0.023345022,0.92351204,2,129,0.036853697,0.89888555,3,150,0.001943185,0.9905139,3,171,0.0407526,0.9303727,2,200
84,0.0,1.0117774,2,21,0.004787706,1.0032188,2,41,0.0013481139,0.9815474,2,66,0.00096452085,1.0055195,3,86,0.0024164666,0.97923386,2,107,0.0,0.98629826,2,128,0.0028177095,1.0671728,2,149,0.0,1.0848665,2,169,0.0076098177,1.0446178,2,200
85,0.0014919157,0.9795879,2,21,0.003211914,1.0046723,2,44,0.0,0.9771973,2,64,0.022608079,0.93775827,2,84,0.0,0.95373523,2,104,0.004988177,0.9486136,2,129,0.0347263,0.9107048,2,153,0.0055298274,0.91909826,2,184
86,0.0,1.0208806,2,24,0.0,1.0511452,2,47,0.00026795885,1.0301247,2,69,0.0,1.0028638,2,92,0.0,1.0252533,2,116,0.0052506765,1.0559756,2,136,0.0,1.0297529,2,156,0.0023534524,1.0225579,2,179,0.0006070865,1.0180289,2,200
87,0.0,0.94569266,2,20,0.0,1.0295913,2,52,0.0,1.0017855,2,79,0.019350488,0.94719666,2,99,0.033914335,0.9002782,2,119,0.007744794,0.9066706,2,139,0.02010528,0.9774516,2,160,0.008147786,0.98136026,2,200
88,0.005157539,1.0284282,2,22,0.008107511,0.9946966,2,42,0.008149404,0.9494152,2,66,0.014026584,0.9474615,2,86,0.015603916,0.94348836,2,108,0.030781006,0.90788734,2,128,0.011547103,0.8914827,2,150,0.015298548,0.9081751,2,170,0.012580868,0.9345481,2,200
89,0.0,1.0230204,2,20,0.0,1.007486,2,42,0.0037038405,0.9676201,2,69,0.0,1.0295918,2,89,0.0019853606,0.9947383,2,117,0.0060767364,0.96881825,2,139,0.0,1.0034368,2,159,0.0010135142,0.97711843,0,180,0.02253493,0.9054015,2,200
90,0.0016860334,1.0118536,2,24,0.0011076465,0.9779663,2,49,0.0,1.0054463,2,72,0.0108988425,1.0149754,2,94,0.0039959447,0.99045277,2,114,0.006634149,0.96808875,2,134,0.0023203983,0.971341,2,154,0.0042549474,1.0166765,2,174,0.058180157,0.8966557,2,200
91,0.024501415,0.977698,2,23,0.002997932,1.02991,2,43,0.03148802,1.0160284,3,64,0.015647318,0.97872555,2,84,0.0187741,0.9794713,3,104,0.015528622,0.94342804,0,124,0.0,0.89696646,2,145,0.0022990615,0.86771715,2,165,0.0057341307,0.8714295,0,200
92,0.006643297,0.9651104,2,22,0.0015412733,0.99502516,2,42,0.025183704,0.93084365,2,63,0.037202116,0.99605733,2,87,0.011501994,0.9450113,2,107,0.029247534,0.98942167,0,127,0.043606486,0.89402354,2,147,0.033484,1.1305616,3,167,0.07142132,0.88383824,3,197
93,0.008157993,1.0042775,2,21,0.00027231066,1.0261141,2,42,0.0150962,1.0427873,2,64,0.0,0.95969725,2,84,0.005148272,1.0450766,2,104,0.0,1.0013423,2,124,0.0,0.9516325,2,150,0.0,1.0149834,2,170,0.0,0.9656238,2,200
94,0.0014739239,0.9636369,2,23,0.008784282,0.9514889,2,47,0.0049563157,0.9168336,2,72,0.018493373,1.0424807,2,97,0.003756916,1.0269574,2,119,0.0,1.0401591,2,147,0.0,1.0100551,2,177,0.004730908,1.0613781,2,200
95,5.291812e-05,0.9653765,2,20,0.004365193,0.91029894,2,52,0.0,0.85579336,2,72,0.0,0.77422637,2,92,0.0005197272,0.7365799,2,112,0.0,0.32123467,0,133,0.03666144,0.24921718,0,153,0.006711357,0.20778118,1,200
96,0.00531699,1.0022789,2,24,0.01317349,0.9695757,2,47,0.0149844615,1.0275116,2,72,0.0023340106,0.9601795,2,106,0.0072134132,0.9655611,2,128,0.008515738,1.0004835,2,151,0.006824266,1.0130926,2,171,0.004085679,0.99067795,2,200
97,0.009246049,0.9875578,2,26,0.020100087,0.96738225,2,46,0.008272581,0.94771385,2,66,0.0,0.97683716,2,86,0.0,0.97324616,2,107,0.0013561721,0.97922933,2,128,0.0,0.98120195,2,148,0.0049091103,0.97340596,2,169,0.013368348,0.9423147,2,200
98,0.013610919,1.0108535,2,27,0.004685629,1.0431149,2,61,0.00028270212,0.9857519,2,98,0.0024071217,1.0543764,2,125,0.0,1.0325193,2,154,0.0011485963,1.0070488,2,177,0.0025488618,1.0164479,2,200
99,0.0,1.101562,2,22,0.010366481,0.982585,2,45,0.0053686704,1.0315475,2,66,0.0028596974,0.9823824,2,86,0.008345641,0.9268673,2,108,0.022068042,0.9836607,2,128
100,0.0050766114,0.9905036,2,24,0.0064136297,1.0161024,2,44,0.0046701287,0.9392026,2,67,0.017281316,0.9419571,2,87,0.0070862295,1.013616,2,107,0.003991147,0.96966773,2,128,0.007898426,0.96663254,2,148,0.015583849,0.95640004,2,168,0.019021163,0.9646952,2,200
101,0.0003383005,1.0398724,2,20,0.01657625,0.998067,2,40,0.0,0.95532817,2,61,0.006416553,0.9562292,2,91,0.0023863385,0.92165065,2,112,0.00921154,0.8934793,2,133,0.0054507707,0.95470744,2,153,0.0,0.9125876,2,175,0.019156748,0.80830246,3,200
102,0.0028748922,0.96187353,2,20,0.00081023265,1.0203196,2,41,0.0058015785,0.94768524,3,62,0.024102718,0.96817434,2,82,0.0023805853,0.9589221,2,102,0.01880048,0.8608782,2,124,0.039771885,0.8522654,2,145,0.014404772,0.90610886,2,166,0.0031190072,0.96202,2,200
103,0.0045983107,1.0171702,2,20,0.0,1.01994,2,40,0.0,0.98522615,2,61,0.0,0.98286563,2,84,0.0124923345,0.9634541,3,104,0.0,0.9468644,2,124,0.0,0.9613067,2,147,0.025521383,1.0310601,0,170,0.0258092,0.9456508,3,200
104,0.0014346999,0.9738884,2,26,0.00082169706,0.96991634,2,46,0.0204236,1.0195833,2,66,0.0032543845,1.022772,2,87,0.010580813,0.86921257,2,108,0.015573276,1.0310054,2,129,0.0066443323,0.98482025,2,149,0.041438628,0.87945,2,169,0.029846838,0.90948594,0,200
105,0.008219075,1.0193139,2,29
106,0.012018189,0.93855685,2,24,0.0,1.043753,3,44,0.0015200241,1.0323806,2,64,0.0,0.9035615,3,100
107,0.0,1.0091493,2,21,0.0030277744,1.0164914,2,46,0.0027411336,1.0125688,2,67,0.0,1.004961,2,87,0.0,1.0279819,2,111,0.008929993,1.0358888,2,132,0.0027898618,1.0131044,2,155,0.0013013366,1.0227822,2,175,0.0047553782,1.02317,2,200
108,0.0015609197,0.931919,2,20,0.003687427,0.9824592,2,40,0.007271609,0.9127692,3,60,0.010983895,0.73797506,0,94
109,0.0,1.0125576,2,20,0.0027641044,1.0092666,2,40,0.0,1.0157211,2,60,0.00588844,1.0139364,2,82,0.017255677,0.969787,2,104,0.026783442,0.88611907,2,124,0.0024050989,0.8907558,2,144,0.003709155,0.9194816,2,165,0.01778209,0.9621148,2,200
110,0.014265765,1.0226268,2,20,0.006360174,0.9930793,2,41,0.008387519,1.0106034,2,62,0.012157345,0.98911387,0,84,0.005379305,1.0214367,2,105,0.014442605,1.005699,2,128,0.0014170401,1.0486684,2,153,0.004685828,0.9920081,2,173,0.008753551,1.0068871,2,200
111,0.012406659,1.023717,2,27,0.011262694,1.0181032,2,48,0.0012248304,0.94814456,2,85,0.008396819,0.946609,2,105,0.0013652715,0.95597255,2,125,0.009162734,0.951804,2,145,0.0,0.91386825,2,165,0.013359162,0.9895776,2,200
112,0.011610062,1.0341,2,25,0.0060991202,1.0864894,2,45,0.0038423494,1.0384799,2,65,0.010812407,1.016815,2,85,0.010201474,1.0102874,2,107,0.006856021,1.017327,0,131
113,0.0,1.036804,2,27
114,0.0,1.0573637,2,20,0.0,0.9484763,2,40,0.0031197337,0.91721106,2,60,0.0025480695,0.84458506,2,81,0.033309817,0.690095,2,102,0.00314934,0.9708902,2,122,0.0037065067,0.7895241,2,142,0.064365044,0.78459597,2,162,0.020406866,0.91142005,2,200
115,0.012862021,0.943321,2,22,0.015926253,0.9098164,2,44,0.0,0.86341417,2,64,0.0016327158,0.88438904,2,84,0.01816788,0.90177345,2,104,0.009894943,0.860878,2,124,0.0052590575,0.9068635,0,148,0.0076297657,0.9979096,2,170,0.007079775,0.9032578,2,200
116,0.004749852,1.003189,2,33
117,0.0,0.99035233,2,21
118,0.011057078,0.98030806,2,41
119,0.018637493,0.9382997,2,27
120,0.022497118,0.92086387,2,22,0.0074854586,0.9484918,2,44
121,0.0,1.0391216,2,21,0.00083702354,1.0213231,2,46,0.0043322914,1.0694315,2,86
122,0.0023333463,0.99357474,2,20,0.0015937344,1.0052981,2,42
123,0.001792514,1.0137093,2,20,0.006260439,0.977687,2,40,0.009983631,0.97835195,2,60,0.010501263,0.86828655,2,82,0.012169765,1.005183,2,102,0.034240402,0.86772376,2,122,0.0034688,0.89978814,2,144,0.028620124,0.9175908,2,168,0.006509269,0.68555784,2,200
124,0.02153391,0.9522743,2,21,0.0056897104,0.93764466,2,42,0.013077256,1.0067285,2,64,0.022820294,0.9870998,2,87,0.05539153,0.8162786,2,107,0.003425492,0.8330473,2,127,0.047449242,0.8601742,2,148,0.0048913024,0.8498791,0,168,0.02610642,0.72995806,2,200
125,0.0057090973,0.9910258,2,20,0.030603938,0.92381793,2,43,0.022992924,0.9850499,2,63,0.010749834,0.93414026,2,85,0.0155502455,0.9446777,2,111,0.019530054,0.95879334,2,132,0.0018363739,0.9461128,2,154,0.009578123,0.98067415,2,200
126,0.0,0.9968866,2,20,0.005330143,0.9835331,2,40,0.00376647,0.97619367,2,65,0.021697382,0.9213236,2,85,0.0,0.91742,2,110,0.0057658865,0.86476743,2,131,0.02114588,0.96297586,2,151,0.02287885,0.8548898,2,173,0.010902768,0.93164176,2,200
127,0.014674594,0.99705505,2,20,0.0035089655,0.9993497,2,41,0.010825218,1.0091467,2,79,0.00043858076,0.94053125,2,99,0.006848704,0.99193144,2,119,0.0080871405,0.97525024,2,156,0.008248906,1.0561894,2,176,0.0041504097,1.049239,2,200
128,0.0014930652,1.0253422,2,20,0.0,1.0434815,2,41,0.009458223,1.0153015,2,67,6.4004045e-05,0.9993865,2,101,0.01700566,1.0193565,0,123,0.0019403739,1.0454412,2,144,0.014734492,1.042046,0,166,0.008370696,1.0541593,2,198
129,0.00077404856,0.9840253,2,21,0.0018883671,1.016544,2,41,0.038326867,1.0427234,2,61,0.0109496135,1.0179727,2,90,0.0,0.99132025,2,110,0.016321415,1.0238858,2,133,0.0012758424,1.0379375,3,153,0.0,1.0170333,2,173,0.006550762,0.9915014,2,200
130,0.0019118176,0.9621684,2,27,0.021055145,0.93951565,2,55,0.0134405205,0.83211976,2,79,0.0042317323,0.7867321,2,99,0.0,0.5455805,2,119,0.0,0.46355015,1,140,0.0,0.38398466,1,160,0.0026356978,0.3761111,1,200
131,0.006417507,1.0030783,2,20,0.013950463,1.0255905,2,43,0.01788465,1.0015901,2,65,0.007802666,0.971539,2,105
132,0.0,1.0378233,2,24,0.0,1.0508434,2,49,0.0073046894,1.0290849,2,89
133,0.004501827,1.0308584,2,25,0.018301146,1.0388494,2,46,0.040118393,1.000192,2,74,0.008697904,1.0187913,2,96,0.007445129,1.0331439,2,121,0.0075625856,1.0573883,2,147,0.007175832,1.0810812,2,167,0.0044654133,1.0362186,2,200
134,0.00013052653,0.89917916,2,20,0.0,0.98758966,2,40,0.0,0.98449576,2,63,0.03361993,0.8764591,2,83,0.0,0.7890564,2,104,0.021451388,1.0159986,2,124,0.0070701838,1.0256697,2,157,0.0033127954,0.9704902,2,200
135,0.02270946,0.8399395,2,21,0.0,0.8427401,2,42,0.0,1.0779016,2,63,0.020233324,0.88392586,2,84,0.0,0.8037432,2,105,0.0,0.88862926,1,125,0.0,0.67966986,1,145,0.0,0.5247224,0,166,0.045022856,0.39612103,1,200
136,0.0197766,0.99498034,2,21,0.0041317106,0.9958556,2,46,0.00091027684,0.93470633,2,72,0.007260937,1.0219734,2,108,0.003905906,0.9906729,2,149,0.0,0.9873146,2,172,0.0121025415,1.0092034,2,200
137,0.0030280806,0.9499984,2,20,0.0,0.67389923,2,42,0.0,0.9704957,0,62,0.0,0.83514464,2,82,0.0,1.0640447,3,103,0.01927734,0.750197,3,125,0.0,0.81740963,2,145,0.0,0.58096325,2,165,0.031232664,0.83887106,2,200
138,0.011692876,1.0324837,2,20,0.00770056,0.9517784,2,52,0.0,0.98969823,0,72,0.0,1.023375,2,92,0.0,0.9910946,2,112,0.0069996887,0.9567739,2,133,0.0,1.0164529,2,155,0.0065369206,1.0319724,2,177,0.009081239,0.9741482,2,200
139,0.0049899225,0.9951517,2,22,0.014276241,1.021796,2,46,0.0024929403,1.0525416,2,72,0.0058964193,0.98369116,2,93,0.0026209843,1.0592166,2,116,0.0,1.0667702,2,140,0.001999751,1.0478306,2,162,0.012401523,1.0061022,2,200
140,0.0061796345,1.0226893,2,34,0.0007252789,1.1064881,2,54,0.0020513597,1.0551172,2,88,0.031561173,1.0134511,2,110,0.004668853,0.94438934,3,130,0.0,1.0212865,0,150,0.0,1.008878,2,170,0.009304976,0.9974741,2,200
141,0.0022867457,0.9834734,2,23,0.0015693223,1.0271993,2,43,0.0007858061,0.96013373,2,66,0.0007103577,0.9093569,2,86,0.0357726,0.756637,2,106,0.013408854,0.7156268,2,128,0.034724865,0.7717291,2,151,0.0,0.7582027,2,172,0.026557535,0.7127452,2,200
142,0.0,1.0092924,2,30
143,0.0022454779,1.0224006,2,33
144,0.0,1.0201079,2,36
145,0.042052023,0.91978645,2,20,0.0,0.96540934,2,41,0.007819961,0.764427,2,65,0.11066903,0.58759606,2,86,0.0,0.6701516,2,107,0.10264149,0.5700667,2,129,0.016055688,0.6557842,2,150,0.10133916,0.5234207,2,170,0.08498783,0.58886755,2,200
146,0.0,0.9950796,2,21,0.0,0.8585617,2,41,0.0,0.9894358,2,61,0.0,0.67828566,0,81,0.0,0.6076697,2,101,0.02604776,0.7007909,0,122,0.07261406,0.81600887,2,142,0.001516639,0.7709386,2,162,0.05555163,0.63895124,2,197
147,0.011708533,0.92678505,2,21,0.0049871327,0.9059838,2,41
148,0.0,0.96592003,2,25,0.0010361611,0.95529664,2,45,0.0018078272,0.8616248,2,76,0.0,0.9931017,2,99,0.0,0.99553806,2,122,0.008049706,0.94380534,2,144,0.012571424,0.80274236,2,164,0.0062800264,0.72563064,2,200
149,0.0054240385,1.0043055,2,20,0.0018387543,0.96321267,2,44,0.023328759,0.9605925,2,69,0.009166993,0.93210894,2,98,0.0047721732,0.93214226,2,120,0.011056736,0.9378908,2,140,0.0,0.96013814,2,160,0.019301737,0.91574556,2,180,0.055002294,0.76130664,0,200
150,0.019149542,0.9941027,2,26,0.0029875643,1.0470952,2,48,0.005926106,1.0065013,2,69,0.007944268,0.9761113,2,96,0.0445885,0.98737985,2,119,0.0377713,0.94720525,2,139,0.021139769,1.0083542,2,160,0.07425911,0.9393897,2,200
151,0.0,0.78943247,2,20,0.0,0.7282616,0,41,0.0,0.69842213,2,61,0.031714346,0.33476174,0,83,0.39142817,0.28004545,2,104,0.066199064,0.6362528,0,125,0.054756947,0.6696588,2,145,0.0,0.630433,0,166,0.07537908,0.3535746,2,187
152,0.008578697,1.0103647,2,28,0.015856069,1.0458884,2,54,0.0071230917,1.0422144,2,76,0.0024970686,1.081752,2,100,0.0077431328,1.0258492,2,126,0.0070988983,1.0470389,2,150,0.013355293,1.026343,2,171,0.003871407,1.0151104,2,200
153,0.009220942,0.993222,2,21,0.0,0.88305473,2,41,0.0062222653,0.8982913,2,61,0.0,0.84181696,2,84,0.0,0.78613245,2,104,0.0,0.84720963,2,124,0.0,0.9295069,2,147,0.03882005,0.9223574,2,170,0.005328289,0.75932354,2,200
154,0.01689954,1.0233611,2,25,0.0,1.036947,2,49,0.003244525,1.0084084,2,76
155,0.0069965078,1.0586468,2,20,0.0032026302,1.020923,2,48
156,0.0005936787,1.0318159,2,23
157,0.008848322,0.96707076,2,28,0.015919805,1.0084164,0,48,0.012645997,0.88774127,2,73,0.011635847,0.9324514,2,93,0.01108504,0.9314218,2,114,0.0063227247,0.9054214,2,139,0.0,0.9611767,2,159,0.0,0.9135173,2,180,0.0,1.0049504,2,200
158,0.0069302917,0.95321906,2,28,0.0,0.9863971,2,56,0.024239182,0.9555444,2,77,0.0028546026,0.9642724,2,108,0.020710496,0.88840866,2,129,0.0,0.8183314,2,150,0.0017638545,0.7759986,2,170,0.0035856222,0.94364554,0,200
159,0.0076424205,0.9983111,2,31,0.0051136655,0.9477831,2,51,0.0011158742,0.87111354,2,73,0.027062079,0.9421567,2,93,0.0,0.86064357,2,113,0.010295083,0.827454,2,133,0.0075401557,0.7597273,2,155,0.006908206,0.6215958,0,176,5.0496852e-05,0.5060982,2,200
160,0.002440534,1.0055023,2,38,0.0017706435,1.001889,2,70,0.0,0.9936064,2,98,0.0,1.0102688,2,119,0.016881498,1.018002,2,145,0.02882815,0.9737871,0,166,0.026360635,0.92194647,2,200
161,0.003435557,1.024585,2,20,0.0046875128,1.0266622,2,51,0.003662613,0.9977811,2,71,0.0007966842,1.0357308,2,91,0.001059694,0.99913055,2,111,0.0010099139,1.0023793,2,135,0.0126327025,0.9948567,2,155,0.017938957,1.0161431,2,175,0.0104468055,1.0437958,2,200
162,0.0023603025,0.9542479,2,27,0.0,0.8115251,2,52,0.0,0.6367203,2,72,0.0,0.55707914,0,92,0.0,0.61126876,0,113,0.0005423523,0.69267416,2,151
163,0.0024410705,1.001491,2,21,0.0029920326,0.98702145,2,41,0.0069616972,0.9757639,2,61,0.0,1.0345223,2,81,0.016568774,1.0054233,2,102,0.0,0.95987284,2,131,0.0,0.940907,2,151,0.0,1.0989372,2,172,0.038023733,0.7793026,2,200
164,0.009018804,1.0054739,2,21,0.0039088605,1.0308789,2,47,0.011970656,1.0507426,2,67,0.012561153,0.92728454,2,88,0.006156633,1.0142514,2,109,0.0,1.0187052,2,133,0.01563708,1.1005421,2,153,0.0040286905,0.87607634,2,175,0.02893552,0.8606233,2,200
165,0.0021205025,0.9901925,2,25,0.0,0.8657349,2,47,0.0047367397,1.0058386,3,67,0.0016867416,0.9017706,2,91,0.0,0.9456957,3,111,0.0,1.0522159,2,131,0.0029739623,0.9907034,2,162,0.005732618,0.9039128,2,200
166,0.011039183,0.9921457,2,24,0.0104829585,1.0034186,2,46,0.007850862,0.9353328,2,66,0.0067747687,0.9557025,2,89,0.026466716,0.9871201,2,112,0.007451435,1.048789,2,133,0.0044851704,0.9953035,2,153,0.016566658,0.9664285,2,175,0.005956745,0.9859872,2,200
167,0.0,1.0083628,2,22,0.00076058606,0.97691864,2,44,0.002516016,0.99679154,2,68,0.002097351,0.9866241,2,88,0.013826781,0.94795936,2,110,0.0023953984,0.91302764,2,130,0.005827558,0.6898258,2,152,0.014691986,0.7297276,2,173,0.032433398,0.8356051,2,200
168,0.010328173,1.0114112,2,21,0.0065323417,1.0819074,2,44,0.00029118703,1.1157855,0,64,0.0,1.133953,0,87,0.0,0.9761438,2,108,0.0,1.0423021,3,129,0.0018539269,0.93370426,2,155,0.0037315944,0.8407906,2,180,0.0063780425,0.8805375,2,200
169,0.008173534,0.9987981,2,24,0.012033665,1.0235617,2,44,0.026654802,1.0010982,2,66,0.023140129,0.95811164,2,86,0.004910119,1.0452945,0,106,0.012323875,1.0487804,2,132,0.00032220426,1.0515646,2,153,0.0035582297,1.0816344,2,200
170,0.021908853,0.97378904,2,21,0.0,1.0124571,2,41,0.023342237,0.9516395,2,62,0.026942506,0.9684801,2,82,0.029317848,0.9644421,2,105,0.006355556,1.0041178,0,125,0.0096659325,0.98533595,2,145,0.04247379,0.94553053,2,165,0.0028796208,0.9625198,2,200
171,0.021329148,0.87844473,2,26,0.0,0.89312047,2,46,0.0,0.9170274,3,67,0.03607644,0.8967091,2,87,0.0,1.0074626,0,107,0.0067695216,0.79423475,2,127,0.0,1.0209887,3,147,0.0015181897,0.7620629,2,167,0.0,0.66877663,2,200
172,0.009952405,1.0022279,2,39,0.00930119,0.97424006,2,60,0.0067398413,0.98698044,2,83,0.02286201,0.9365435,2,105,0.0004904747,0.9962633,2,125,0.005387464,0.95614254,2,145,0.010143619,0.986645,2,168,0.0,1.0103447,2,200
173,0.035579607,0.88761383,2,21,0.00064462575,0.8985197,2,41,0.0,0.86136585,2,63,0.0,0.815558,2,84,0.0,0.67027044,2,104,0.0,0.698763,2,125,0.041248262,0.32516113,1,160
174,0.003569046,1.0015024,2,38
175,0.008204614,0.98716867,2,20,0.0030245264,0.9542465,2,40,0.028451815,0.9242411,2,61,0.015774386,0.9559946,2,83,0.016742866,0.89474785,0,103,0.0049352534,0.9199811,2,124,0.0,0.9327318,2,144,0.0,0.77986556,0,164,0.0037514882,0.8159563,2,200
176,0.012736587,1.0132415,0,21,0.025611745,0.9802133,2,48,0.0123784,0.9832088,2,68,0.0033359723,0.92159706,2,90
177,0.0,0.97932845,2,20,0.0054255063,0.9207778,2,40,0.016680239,0.8686341,2,63,0.0,0.9306836,2,83,0.04164485,0.95520365,0,105,0.03359577,1.0152814,2,125,0.008610135,0.98550195,2,145,0.0,0.9553436,2,165,0.025592674,0.9830949,2,200
178,0.034637354,0.9606865,2,20,0.006438976,1.037536,2,52,0.0072996025,1.0712034,2,76,0.012686302,1.0098747,2,99,0.014833337,0.9276412,2,119,0.00213149,1.0321727,2,139,0.0,0.9609505,2,159,0.0,0.96684694,2,180,0.0051774886,0.96792966,2,200
179,0.0,0.9992672,2,20,0.0,1.0622897,2,41,0.00866583,1.0208596,0,61,0.007591337,0.986486,2,88,0.0035453443,0.9945533,2,109,0.014150657,1.0145098,2,130,0.019590791,0.93578744,2,156,0.021720653,1.0014875,2,176,0.02040407,0.9622638,2,200
180,0.001223485,0.8062536,2,20,0.0,0.9571699,2,40,0.0,0.91256726,0,61,0.012439501,0.7752087,3,81,0.0,0.6902117,2,103,0.053709257,0.7298427,2,124,0.00078448124,0.65032876,0,145,0.10805354,0.58230394,2,165,0.012131954,0.66045433,2,200
181,0.00062134594,0.9003085,2,21,0.027039353,0.8705538,2,42,0.0,0.84150535,2,62,0.032771606,0.82242763,2,82,0.03514378,0.6201676,2,102,0.08118507,0.45619264,0,123,0.0,0.43863973,0,143,0.0,0.5677367,2,163,0.0054353694,0.64708936,0,200
182,0.002553801,0.9813979,2,41,0.0,0.9596885,2,62,0.0,1.0272912,2,82,0.005374462,1.0019872,2,109,0.0074055213,1.0537024,2,132,0.001710632,1.0251195,2,153,0.0,1.0155104,2,176,0.01606597,0.99774927,2,200
183,0.00062877976,0.98914194,2,20,0.015742859,0.9649991,2,40,0.0466524,0.94114864,2,60,0.0,1.0157489,3,80,0.043443765,0.8703083,2,100,0.0,0.97357446,2,120,0.016285317,0.9033302,0,146,0.0028716344,0.8883449,2,171,0.028987786,0.94071394,2,200
184,0.0047392943,1.0215701,0,20,0.004529056,0.97256744,2,40,0.01162012,0.96214306,2,60,0.024176564,1.0209974,2,83,0.0047607617,1.045188,2,103,0.005522768,1.0592209,0,123,0.006923004,1.056215,2,156,0.0,1.0973791,2,177,0.0,1.0068592,2,200
185,0.011913076,0.98509806,2,20,0.0005363122,0.9542276,2,42,0.013611192,0.9540903,2,63,0.009292992,0.9713858,2,83,0.0047343094,0.98833907,2,108,0.026045602,0.93777657,2,128,0.0072668665,0.9590988,0,149,0.011071978,0.94189405,2,169,0.02009401,0.94572324,2,200
186,0.003781458,0.97780514,2,20,0.00656229,0.9581294,2,40,0.028472725,0.9166733,0,61,0.009092134,0.90957797,2,81,0.0,0.95572054,2,101,0.00480082,0.9056523,2,122,0.012466244,0.9562057,2,142,0.0,0.9164889,2,165,0.0026418115,0.8796452,2,200
187,0.012771751,1.0061883,2,35
188,0.013054244,0.85124934,2,25,0.0011335084,0.83403915,2,46,0.019836636,0.9279041,2,66,0.0,0.729367,0,86,0.03664976,0.5878078,0,115
189,0.006023705,0.952624,2,20,0.010556983,0.97328174,2,40,0.0012988355,1.0812392,2,62,0.002406569,1.084747,2,82,0.0083503835,1.0774381,2,115
190,0.002999631,1.0227724,2,20,0.0,1.0509608,2,40,0.01016683,1.0316341,2,80
191,0.0013234295,0.98516166,2,21,0.041403104,0.95553744,2,41,0.000961895,0.9271165,3,61,0.008155785,1.0008247,2,83,0.0,1.0534627,2,103,0.01228928,0.93953514,2,123,0.007383665,0.892386,2,144,0.031875674,0.7933886,2,166,0.028073614,0.8154636,2,200
192,0.0060601183,1.033335,2,20,0.0,1.0168071,3,40,0.002951087,0.98667926,2,80,0.019828677,1.0113533,2,100,0.0,0.97007227,2,120,0.0051911534,0.97956324,2,143,0.007747245,0.9423538,2,166,0.0018374445,0.9600361,2,200
193,0.0054555484,0.9980501,2,20,0.0033600635,1.0048217,2,45,0.019538088,1.0018512,2,66,0.017996188,1.0246748,2,92,0.022345934,0.97206795,2,112,0.009124323,0.9960519,2,132,0.008928987,0.9904267,2,152,0.0070181913,0.9989074,2,200
194,0.0064356276,1.0581,2,23,0.0,1.1005652,0,44,0.0,1.0518057,2,64,0.0,1.0187689,2,84,0.008166336,0.9698779,2,104,0.021882974,0.8818402,2,124,0.017801644,0.9235099,2,154,0.0051516145,0.9263384,2,174,0.01805269,0.91365534,2,200
195,0.003251665,1.0625706,2,22,0.0056320946,0.9756025,2,51,0.0005339602,1.037735,2,82,0.0,0.9362046,2,103,0.012875641,0.96183246,2,125,0.047326133,0.9382386,2,149,0.0096958475,0.93419695,2,169,0.005066359,1.048714,2,200
196,0.012634888,0.96797264,2,20,0.014659102,0.93026286,2,40,0.02473323,0.9374715,3,61,0.030296668,0.9267216,2,95
197,0.016540308,1.0274987,2,23,0.013695259,1.080686,2,44,0.0,0.97091424,2,64,0.009148631,0.9086994,2,87
198,0.017684354,1.0267332,2,28,0.008491195,1.0304569,2,50,0.018214248,1.0349802,2,81,0.001360603,0.98455936,2,105,0.007137845,1.0304523,2,128,0.0023337642,1.0311031,2,167,0.0038017866,1.044597,2,200
199,0.014257191,0.6657528,0,20,0.0,0.68839204,2,43
200,0.0055578253,1.0227021,2,28,0.010371975,0.9992379,2,49,0.0024196696,0.90068644,2,69,0.004539199,0.9351633,2,89,0.0069660824,0.962435,2,112,0.0006594347,0.95397633,2,135,0.008742968,0.961522,2,155,0.0,0.86777323,2,176,0.0034100034,0.9657875,2,200
201,0.002525692,0.98704886,2,34
202,0.0055538183,1.0160006,2,20,0.0,1.0537844,2,44,0.007743492,1.0337836,2,64,0.017543847,1.0055735,2,87,0.015511684,0.831958,2,111,0.0,0.98697126,2,132,0.0,0.99523324,2,152,0.0,0.88322467,2,172,0.0097032655,0.778901,2,200
203,0.0,1.0180151,2,26
204,0.0015153283,1.0001831,2,35
205,0.0,0.9377241,2,24,0.045739383,0.9307575,2,44,0.082551345,0.85061675,2,64,0.014757406,0.88994217,2,85,0.0021016959,1.0095986,2,111,0.0,0.9987952,2,131,0.0,0.9750428,2,151,0.04954475,0.81252444,2,171,0.041863192,0.9089393,0,200
206,0.010295714,0.94560176,2,40,0.02601606,0.95639056,2,60,0.038138337,0.9163116,2,80,0.034504134,0.8783186,2,102,0.008679349,0.9558692,2,122,0.005144195,0.90324503,2,146,0.01437646,0.89272976,2,166,0.0007924739,0.9332658,2,200
207,0.0,0.99252,2,20,0.0,0.9948464,3,42,0.004700049,0.92224836,2,65,0.0,0.78432304,2,85,0.0,0.90098286,0,105,0.0,0.7325991,2,127,0.0,0.96503174,2,147,0.0,0.8713356,2,167,0.0,0.85605603,2,200
208,4.2850595e-05,1.0456865,2,21,0.008489976,1.0480909,2,42,0.01974542,0.9836065,2,62,0.0005954656,1.0301776,2,86,0.0028430254,1.0699816,2,115,0.0,1.0425985,2,136,0.012274685,0.9979878,2,158,0.010332344,1.0148451,2,200
209,0.007306304,0.964362,2,21,0.0051018,1.0165466,2,41,0.025361318,0.96121323,3,61,0.016707778,0.9749889,2,100,0.0,1.0308169,2,120,0.007226614,0.9524657,2,140,0.0031905272,0.9249768,2,160,0.00728565,0.81580335,2,180,0.032873355,0.85540426,2,200
210,0.0043095774,1.0165256,2,20,0.0,1.0492933,2,41,0.0,0.9810395,2,62,0.0026049588,0.9242849,2,83,0.012416981,0.95545405,2,106,0.005704436,0.90834177,2,128,0.02570465,0.9916776,2,149,0.03947321,0.98121375,2,169,0.016750371,0.9091329,2,200
211,0.008304653,1.0265605,2,20,0.008794377,1.0501878,2,40,0.0059066624,1.0076431,2,68,0.0037993893,0.988151,2,99,0.0050696037,1.0267446,2,119,0.00999494,0.9990136,2,147,0.0073555885,0.98180515,2,167,0.0034496218,1.0422004,2,200
212,0.0,0.9619657,2,21,0.017664382,0.91848546,2,42,0.008618573,0.9871954,2,62,0.0053249313,0.9510174,0,82,0.0029059742,0.97123104,2,120
213,0.008012641,1.0160801,2,20,0.0,1.0427557,3,56
214,0.0,1.0187987,2,24
215,0.0029204355,0.8476606,0,21,0.0,0.63279665,2,44,0.0,0.9173978,2,65,0.039096393,0.84611166,2,85,0.011610814,0.9598292,2,119,0.030879421,0.95224303,2,147
216,0.005643506,1.0060302,2,28,0.011453117,1.0000895,2,48,0.007921402,1.0224389,2,86
217,0.0029835075,1.0850698,2,20,0.01975151,0.9038791,2,55
218,0.0030641323,0.9952586,2,20,0.023161,0.917927,2,43,0.045935098,0.89873123,2,66,0.012321745,0.9143536,2,87,0.06217366,0.84549874,0,108,0.0,1.0014021,3,129,0.0,0.9881161,0,149,0.0,0.7441832,2,169,0.0058111916,0.8609434,2,200
219,0.0037132516,1.0396678,2,20,0.017610177,1.0055771,2,41,0.0,1.0067029,2,64,0.018135622,1.0619671,2,84,0.0047497978,1.0489931,2,105,0.0019722567,1.0523016,2,137
220,0.020443024,1.017146,2,25,0.012357482,0.9763524,2,55
221,0.004066504,0.97737855,2,28,0.022696069,0.9120787,2,48,0.028920824,0.9081846,2,72,0.015047339,0.93000305,2,92,0.0,0.97970086,2,123,0.0041083074,0.96597606,2,158,0.010777254,0.9119553,2,180,0.0005670615,0.9768181,2,200
222,0.00022138581,1.0174634,2,20,0.009395394,0.93886405,2,40,0.0,0.8590307,0,60,0.015587199,0.9374175,0,80,0.0019529011,0.8951028,2,101,0.0,0.8306502,2,121,0.0,0.6857804,2,141,0.0014237551,0.7264778,2,161,0.03154433,0.90970474,2,190
223,0.00543625,0.957537,2,20,0.01306115,0.9705197,2,41,0.012008278,0.946236,2,61,0.0108860945,0.9438969,2,81,0.024130471,0.95470405,2,104,0.0,1.0018562,2,124,0.017624773,0.9243639,2,148,0.0,1.0035113,2,177,0.020709326,0.99629956,2,200
224,0.0018067291,0.9870103,2,27,0.004502303,1.0503118,2,47,0.011022339,1.0115836,2,82
225,0.0,1.0209256,2,20,0.0,1.0088459,2,43,0.023575034,1.0040596,2,63,0.018077414,1.019336,2,95
226,0.0016128414,1.0061886,2,20,0.0,1.0806003,2,46,0.0037862726,1.0573081,2,66,0.012704423,1.0820209,2,92,0.0113046635,1.0398419,2,112,0.0051771244,1.0444623,2,132,0.010410284,1.0065383,0,153,0.00707227,1.0277104,2,176,0.0037737638,1.0602758,2,200
227,0.0024409168,0.99362284,2,33
228,0.019326108,0.9458735,2,22,0.007457124,0.9351201,2,61,0.025983902,0.9267421,2,82,0.008172878,0.9602565,2,104,0.03804522,0.8929265,2,127
229,0.0048260703,1.019228,2,20,0.011209008,0.97471905,2,44,0.0068603447,0.9808688,2,64,0.02959233,0.9908168,2,87,0.0012495432,0.8903656,2,109,0.009628234,0.94832665,2,143,0.0,1.0178014,2,166,0.007276502,0.94933945,2,200
230,0.00078963785,0.97209704,2,20,0.0007563769,1.0658205,2,41,0.0007793908,0.9567892,2,61,0.029002769,0.8824236,2,85,0.002337816,0.92618114,2,105,0.037701692,0.87599146,2,125,0.0826257,0.6022073,2,145,0.10458493,0.5096584,2,166,0.049534347,0.6860552,2,200
231,0.0,0.99921376,2,24,0.0072452966,0.9489569,2,46,0.0,0.91786635,2,66,0.007810323,0.9219395,3,86,0.0,0.9288906,2,111,0.0,1.0137699,2,131,0.0,0.8721937,2,151,0.0,0.82477677,2,171,0.0047868355,0.8093139,2,200
232,0.002490339,1.0078868,2,28
233,0.0044888305,1.0093817,2,38
234,0.004380266,1.0632557,2,22
235,0.0,0.94146395,2,20,0.0,0.9598786,2,40,0.0,0.8842021,2,60,0.0,0.8384511,2,80,0.0035987613,0.68110174,2,111,0.0,0.7248663,0,132,0.020390386,0.72536206,0,152,0.0,0.6603633,2,177,0.0006170395,0.83916706,2,200
236,0.012725273,0.89706117,2,20,0.004352756,0.9638718,2,40,0.0,0.8435047,2,64,0.0,0.92471874,2,84,0.015078455,0.9092596,2,104,0.0053013265,0.69968295,2,126,0.0,0.47775087,2,146,0.0,0.37209347,0,168,0.009235695,0.69499093,0,200
237,0.022237357,0.94739497,2,20,0.01935755,1.0222998,2,45,0.05458691,0.9554599,2,66,0.044182062,0.9356058,2,86,0.0,0.94705456,2,106,0.0102621075,0.9581847,2,126,0.012832398,0.9429106,2,147,0.012508815,0.93724716,0,167,0.05326264,0.8762134,2,200
238,0.016678395,0.93461025,2,20,0.004554017,0.96268475,2,40,0.0011789121,0.8806979,2,60,0.0,1.0874261,0,80,0.0,1.0420895,2,100,0.0,0.7614227,0,121,0.003279154,0.64990497,2,141,0.0,0.92990625,0,161,0.014807372,0.8434354,2,200
239,0.014120628,1.0548418,2,20,0.0047896192,1.0443685,2,52
240,0.0017092756,1.0025693,2,21,0.006399763,1.0490196,2,41,0.022816602,1.0273856,2,61,0.0013961174,1.0188103,2,99,0.0,1.0826672,2,120,0.009153369,1.0685607,2,142,0.0015960437,1.0050054,2,164,0.0033053532,1.0228463,2,200
241,0.0022970634,1.0090135,2,26,0.004994805,0.9713788,2,59,0.01534369,0.97094065,2,81,0.01021075,1.019674,2,103,0.013332352,0.99015486,2,135,0.00022502086,1.0219815,2,161,0.012533944,0.9859308,2,200
242,0.0,1.0364118,2,22,0.018855913,0.99500686,2,42,0.000531867,0.9678857,2,62,0.0018146213,0.9638119,2,84,0.00584093,0.9789273,2,104,0.011371122,0.8063959,2,134,0.008011723,0.77079725,2,154,0.073505506,0.7120578,2,179,0.037353415,0.6565761,2,200
243,0.008704657,1.0023749,2,26,0.04677142,0.9106599,2,46,0.015391378,0.95544344,2,67,0.008342796,0.9450186,2,91,0.0012101332,0.93864334,2,112,0.03498105,0.92510307,2,132,0.029068973,0.8847051,2,169,0.010441329,0.91842455,2,200
244,0.008331278,0.9572869,2,29,0.0,1.0025743,2,49,0.0028544154,1.0137049,2,69,0.004205565,0.99613565,2,92,0.010829487,0.98880666,2,114,0.017694779,0.9664991,2,145,0.0073179477,1.0954416,2,173,0.0010546736,1.0442083,2,200
245,0.003361091,0.93617755,2,20,0.00097455335,0.9628343,2,41,0.002454409,1.0263433,3,61,0.0,1.0271077,2,82,0.007922794,0.9752213,2,102,0.014121947,0.83298486,2,139
246,0.0,0.8862351,2,21,0.022872552,0.82312936,2,41,0.017381469,0.7448015,2,61,0.03149619,0.6645978,2,81,0.0152833415,0.67910993,0,101,0.054724146,0.71873313,2,121,0.0,0.70747566,0,141,0.0,0.640437,0,161,0.03845215,0.2163442,2,200
247,0.0029960568,0.99585354,2,30,0.014572422,0.97737974,2,51,0.0037688755,0.88466674,2,71,0.0,0.8868292,2,91,0.0036789204,0.7888128,2,112,0.0,0.6590632,2,132,0.0,0.8502928,2,152,0.0,0.6323638,2,173,0.009390765,0.8115715,2,200
248,0.032332994,0.90196145,2,20,0.01012661,0.9498013,2,40,0.061286725,0.652864,2,65
249,0.007698459,1.0129678,2,28
250,0.005175595,1.0194904,2,20,0.0,1.0099041,2,55,0.0035052584,0.9787003,2,75,0.02348217,0.9205187,2,95,0.0,0.9780999,2,121,0.032817904,0.9854598,2,142,0.01474618,0.89350253,0,162,0.024922468,0.8808428,2,200
251,0.002128199,1.0104207,2,20,0.017056596,0.9510551,2,43,0.010817747,0.95378864,2,63,0.013781374,0.99189633,2,83,0.021084864,0.9476364,2,113,0.03920061,0.99314636,2,134,0.0,1.0003345,2,154,0.015385865,0.8658625,2,176,0.06406873,0.8595267,2,200
252,0.0015623877,1.0203887,2,35
253,0.004842386,1.0005969,2,25,0.007933567,0.9972962,2,51,0.012517464,1.0064938,2,74,0.00085865223,1.0079017,2,98,0.0023713033,1.0390633,2,118,0.007582368,1.0124037,2,139,0.010088843,1.007957,2,166,0.0015426821,1.0440042,2,200
254,0.0023774877,1.031578,2,23,0.00548864,0.9556172,2,61,0.0059626442,0.97352564,3,86,0.006744175,0.90515196,2,119
255,0.007863449,1.0020409,2,23,0.010179647,0.9851294,2,47,0.0,0.9275645,2,67,0.02781986,0.94397175,2,88,0.008807336,0.90495247,2,109,0.005230304,0.9789412,2,134,0.0032968298,0.9504706,2,164
256,0.020455373,1.0007452,2,26,0.013890892,0.9448839,2,47,0.008538024,0.9137889,2,67,0.0,0.9997034,2,87,0.00043914403,0.8011986,2,107,0.0,0.9087693,2,128,0.0035365992,1.1166242,2,148,0.0,1.063306,2,168,0.023459446,0.6981089,2,200
257,0.00090464076,0.97008485,2,28,0.00080282125,0.8802374,2,50,0.002700401,0.98371094,2,71,0.004092024,0.98566204,2,93,0.0,0.93390006,2,113,0.0132962465,0.8342014,2,135,0.047706395,0.82228136,2,155,0.0,0.8512543,1,175,0.012749696,0.5475848,2,200
258,0.0022531187,1.0015017,2,26,0.0051149656,0.99648297,2,52,0.0,0.9388715,2,80,0.013374053,0.9495147,2,108,0.022606367,0.8288132,2,139
259,0.003382144,1.0159487,2,30
260,0.0007550241,1.0212432,2,20,0.011567436,0.98955756,2,40,0.000412375,1.0242176,2,62,0.0033023644,1.0192014,2,82,0.0,0.9788213,2,103,0.028182125,1.0273739,2,123,0.017201826,1.0149357,2,144,0.008078302,1.0560168,2,166,0.008823408,1.0165199,2,200
261,0.004874355,1.0048711,2,21,0.0,0.97603035,2,41,0.0,1.0147368,2,62,0.007244544,0.9142553,2,84,0.015680004,0.74461764,2,105,0.02852671,0.7927319,2,127,0.0,0.7148469,2,147,0.0,1.0596335,0,167,0.018083086,0.7539631,2,200
262,0.0009506596,0.9985261,2,35,0.0,0.9556521,2,68,0.0,0.9380231,2,88,0.0,0.88716346,2,108,0.006302652,0.9591393,2,141,0.0092621185,0.94828707,2,166,0.0067878817,0.79268104,2,200
263,0.0,1.0089931,2,20,0.002255844,1.020655,2,51,0.018629018,1.0287333,2,85,0.01107241,1.020469,2,113,0.01876423,1.0277697,2,135,0.010523438,1.0241771,2,156,0.008617857,1.0113473,2,200
264,0.015328348,0.8929243,2,20,0.0,0.9016382,2,40,0.004152275,0.9350007,2,64,0.0,0.90605855,0,89,0.044996955,0.7504597,2,109,0.0,0.58376294,2,133
265,0.0,0.99827904,2,21,0.017003253,0.88425064,2,41,0.0374165,0.8868462,2,62,0.01106083,0.94956416,2,82,0.013647908,0.8862728,2,103,0.0056098206,0.951787,2,129,0.0,0.9777193,2,149,0.014551,0.9361959,2,171,0.0,1.0490433,2,200
266,0.01780717,0.9680179,2,27,0.023598153,0.9717144,2,47,0.0042979987,0.88831586,2,68,0.03873012,0.90063506,2,89,0.0032424494,0.8545497,0,109,0.0,0.81563103,0,129,0.0,0.58982354,2,150,0.08142309,0.40804845,2,170,0.15194961,0.4241571,2,200
267,0.0,0.7932525,2,20,0.04018961,0.65070456,2,40,0.0,0.64507467,2,61,0.06647211,0.806277,2,81,0.0,1.0294285,0,101,0.053871877,0.6312932,3,127
268,0.0038756144,1.0320637,2,35,0.008485922,0.9904797,2,60,0.004122435,1.0038265,2,86,0.0029986228,1.0516479,2,113,0.026870659,0.9971077,2,133,0.0045456267,1.0320221,2,153,0.004750815,0.9718442,2,173,0.008822669,0.9786279,2,200
269,0.0,1.0252695,2,21,0.01400644,1.0028456,2,45,0.02815649,0.9915584,2,65,0.020069329,0.89563227,2,88,0.005199622,0.87800217,2,109,0.030448724,0.8995845,2,130,0.020193521,0.9310111,2,150,0.00077163486,0.9665693,2,173,0.0,1.0578979,2,200
270,0.020905249,0.93649566,2,25,0.0062091947,1.0161885,2,49,0.021657009,0.9548373,2,70,0.00402039,0.90878,0,90,0.049688946,0.9800117,2,111,0.028009394,0.8987514,2,131,0.004090527,0.92629576,2,156,0.0,0.9990873,3,178,0.001672471,0.9503222,2,200
271,0.0025560628,1.0053244,2,38
272,0.0005707837,1.0273405,2,21,0.013314017,0.96938795,2,42,0.018319366,0.95655113,2,64,0.017281631,0.9644108,2,84,0.020631637,0.9438084,2,107,0.0021728172,1.005339,2,142,0.00652973,1.0478725,2,162,0.009456676,0.9937847,2,200
273,0.0017288306,1.0425065,2,20,0.011986948,1.0019652,2,46,0.016258292,0.94036865,2,66,0.025392093,0.92014956,2,88,0.006958939,1.0270703,3,108,0.022000628,0.909235,2,130,0.010108449,0.76807874,0,151,0.0,0.94519585,2,171,0.0063902647,0.93952334,2,200
274,0.0055611306,1.0319452,2,42,0.0008624588,1.0174098,2,64,0.010087688,1.030628,2,84,0.00315423,0.98966384,2,115,0.0,0.9956414,2,136,0.017062303,0.93121195,2,157,0.011353675,0.9885141,2,179,0.007159702,0.7827202,2,200
275,0.0,1.037108,2,22,0.006545722,1.0132623,2,54,0.013056253,0.9890806,2,74,0.0019316651,1.0601676,2,134,0.0,1.0506824,2,155,0.0,1.0468067,2,180,0.0,0.96892834,0,200
276,0.0,1.0577435,2,22,0.0,1.0675008,2,42,0.0022275455,1.0044528,2,62,0.0,0.99953586,2,83,0.0,1.0251242,2,109,0.0,1.0364232,2,130,0.004011824,0.9727091,2,151,0.0,1.020322,3,171,0.00823228,0.9830956,0,200
277,0.0029107872,0.96406585,2,25,0.012392621,1.0194514,2,45,0.0,0.93379986,2,65,0.0034713384,0.9757064,2,86,0.0,0.89525545,2,106,0.0,0.7371191,0,126,0.06471565,0.79419345,2,146,0.0,0.965031,2,167,0.021261377,0.8799381,2,200
278,0.005036024,1.0382266,2,27,0.0040158005,1.0089514,2,47,0.0,1.0218711,2,67,0.0,1.0060502,2,90,0.017892735,0.93756205,2,112,0.015551773,0.9464512,2,132,0.025113383,1.0302389,2,152,0.022935532,0.9643297,2,176,0.036858004,1.0075921,2,200
279,7.386956e-05,1.0535285,2,36,0.020669559,1.01214,2,57,0.008993023,1.0468009,2,77,0.0,1.0354753,2,99,0.008541631,1.0571512,2,134
280,0.0,1.0614247,2,20,0.0,0.9952261,2,44
281,0.0045780293,1.0163603,2,20,0.008123982,0.9964898,2,43,0.0,0.9628879,2,63,0.0,1.0164077,2,89,0.003650238,0.99740666,2,128
282,0.0013529571,1.0326829,2,20,0.0033037208,1.0006545,2,41,0.0066987574,0.96491694,2,62,0.015547266,0.9506423,2,82,0.006518688,1.0022504,2,102,0.0,0.93465996,2,124,0.026784431,0.94987094,0,144,0.019295953,0.95426637,3,169,0.027285567,0.9319026,2,200
283,0.0054854886,1.008697,2,22,0.0008150687,1.0599133,2,42,0.0033333944,1.0425532,2,63,0.002346436,1.0406835,2,83,3.3621505e-05,1.0205362,2,110,0.00040631308,0.9878738,2,131,0.0062999083,1.0195652,2,156,0.0035693964,1.0327916,2,177,0.0052866773,1.0442041,2,200
284,0.004979001,0.9651358,2,24,0.013195193,0.97855014,2,56,0.0,0.9783763,2,79,0.018365083,0.8640663,2,101,0.066081546,0.84910744,2,121,0.047605764,0.6953787,2,143,0.031819437,0.6737841,2,177
285,0.0064567076,1.0216634,2,20,0.0014272787,1.0139105,2,48,0.0,1.0320469,2,68,0.006024549,1.015048,2,88,0.0036548292,1.0290526,2,119,0.002961491,1.0350385,2,142,0.0028550185,1.0218863,2,178,0.006977093,0.9975678,2,200
286,0.0019118948,1.0238214,2,24
287,0.006451665,0.99818724,2,20,0.002800114,1.0861932,2,40,0.0,1.0648726,2,61,0.0011764482,1.0304233,2,100
288,0.013863322,0.9398041,2,20,0.008381098,0.96232605,2,42,0.012547287,0.9181713,2,63,0.026325125,0.8423286,2,91
289,0.0,1.0124182,2,21,0.004452265,1.0080041,2,42,0.016434038,0.9780836,2,66,0.0,1.0206107,2,91,0.0,0.992487,2,118,0.0026569436,0.9366846,2,138,0.0037559767,0.97998655,2,158,0.011827256,1.0468345,2,179,0.0009145461,1.0052099,2,200
290,0.0038446628,1.0319558,2,21,0.005392224,1.0298827,2,54
291,0.0,0.9984295,2,22,0.0071655703,0.974205,2,43,0.0,1.0060304,2,63,0.042037155,0.9771102,2,87,0.016386569,0.8990493,2,108,0.02056508,0.935458,3,128,0.0047955774,0.9479926,2,149,0.0045841197,0.93791234,2,170,0.0129276635,1.0050422,2,200
292,0.007379187,0.99827564,2,20,0.0048283697,0.90787816,2,41,0.05989609,0.9305692,2,61,0.05665075,0.95749336,0,82,0.018048795,1.0359311,2,102,0.039006066,0.93916523,2,122,0.01951183,0.97403777,0,144,0.025737692,0.87564784,0,164,0.0108818095,0.96373963,3,200
293,0.006740247,1.0199946,2,20,0.0062358216,1.0067043,2,53,0.0013567503,0.9929946,2,80,0.022986248,0.99102765,2,103,0.0,1.0034531,2,125,5.7359972e-05,0.9630021,2,145,0.0016351847,0.9866766,2,170,0.007997666,1.0046998,2,200
294,0.0,0.95001715,2,23,0.0,0.8145325,2,44,0.025293378,0.7907193,2,78
295,0.00012541069,0.9774362,2,20,0.0068787257,0.99416924,2,43,0.005402119,0.9745736,2,63,0.013903224,0.9272344,2,86,0.018298138,1.004966,2,106,0.07998236,0.9130971,2,126,0.01479513,0.92840534,2,149,0.04886208,0.9363257,2,173,0.04454933,0.92753184,2,200
296,0.0,1.0323603,2,20,0.0,1.0209298,2,42
297,0.0017317729,1.0228152,2,21,0.024469119,1.0152603,2,41,0.0,1.0117825,2,61,0.0036506788,1.0475432,2,81,0.0,1.029283,2,101,0.0,1.0444998,2,121,0.0,1.0828551,2,141,0.005249062,1.0736017,2,163,0.005168582,0.97704685,3,200
298,0.01126392,1.0080972,2,20,0.0,1.0204958,2,40,0.011487694,1.0262998,2,61,0.03745465,1.0069102,2,83,0.0,1.0429944,2,105,0.016949266,0.95899475,2,130,0.02763592,0.98654807,2,150,0.0406443,0.96048784,2,171,0.018756423,0.820147,0,197
299,0.011252291,1.0101995,2,20,0.0,1.0253844,2,43,0.013267959,1.0063939,2,63,0.015550566,0.990558,2,83,0.018455846,0.98237276,2,110,0.060444325,0.96179044,2,130,0.012004702,1.0845659,2,150,0.008380873,1.0226324,2,170,0.0008205861,1.0221804,2,200
300,0.0,1.0371898,2,23,0.0003097007,1.0201468,2,47,0.0041234195,0.9654694,2,69,0.010869459,0.9626515,2,90,0.00833667,0.9519148,2,110,0.017034728,0.977767,2,130,0.0,1.0038631,2,154,0.00789915,0.98837805,2,175,0.024144758,0.9538392,2,200
301,0.022455115,0.9613725,2,20,0.008931208,0.9773854,2,63,0.0088877,0.9074522,2,83,0.019007234,0.98212904,2,105,0.0007301777,0.9880599,2,125,0.027389562,0.9312895,2,145,0.011300131,0.9872259,2,171,0.0038345964,0.69492084,0,200
302,0.0016474547,1.0454857,2,20,0.0,0.9857839,2,40,0.0,1.0756024,2,64,0.0,0.99289656,2,85,0.035817303,0.92093825,2,111,0.009086422,1.0078954,2,133,0.010787636,0.9742194,2,154,0.008629423,0.968419,2,175,0.052073672,0.8996621,2,200
303,0.0035485283,0.9644268,2,20,0.0,1.0007743,2,40,0.038191076,0.9753741,0,60,0.017634943,0.93080676,2,81,0.0010145582,0.97184104,2,101,0.00515967,0.94760597,2,121,0.01068443,0.96847326,2,141,0.022819366,0.98923236,2,177,0.003266108,1.0075504,2,200
