0,0.005942172,0.9151343,2,21,0.0,1.0001189,0,43,0.009096528,0.7808972,1,63,0.0,0.67106926,2,83,0.009320468,0.9002407,2,103,0.0,1.016084,2,123,0.0,0.67900634,0,145,0.0,0.52158165,0,165,0.013035448,0.3141768,0,200
1,0.008984626,0.9939722,2,33,0.008218853,0.96855766,2,54,0.025945252,0.9769759,2,74,0.00184501,0.95425576,2,94,0.018479291,0.9741014,2,114,0.0015986636,0.96697503,2,134,0.0018376547,1.0064538,2,157,0.015962563,0.96235085,2,177,0.0017101107,1.0007771,2,200
2,0.0216312,0.96200764,2,20,0.025550663,0.9825506,2,42,0.039355565,0.94942015,2,62,0.006132963,0.9069915,2,83,0.0,1.0430893,2,103,0.005779363,1.0163255,2,127,0.016105438,0.93991613,2,147,0.0010357079,0.9876693,2,168,0.0042371606,0.99626917,2,200
3,0.0008998327,0.9887166,2,21,0.015385823,0.9650206,2,48,0.023783803,0.91322005,2,71,0.01861759,0.98992974,2,97,0.035177946,0.91025037,2,117,0.01547803,0.9291646,2,137,0.0,0.83712685,0,158,0.040883325,0.89579886,2,178,0.07399343,0.8743187,2,200
4,0.0063170693,0.9789565,2,20,0.015365049,0.9613226,2,52
5,0.00055794127,0.95128995,2,23,0.00052473147,1.0230483,2,47,0.0,0.966068,2,81
6,0.0081054075,1.0023596,2,22,0.010133164,1.0156695,2,42,0.012612866,1.0076166,2,65,0.005163342,1.0164835,2,88,0.007874087,1.0005072,2,119,0.014131148,1.0411136,2,139,0.0057130433,1.0669066,3,165,0.0018582112,1.0689597,2,200
7,0.010817935,0.98915255,2,22,0.0047740936,0.98168916,2,62,0.0008413803,1.0367521,2,82,0.0015922649,1.0067805,2,106
8,0.0,1.0149975,2,21,0.0031183206,0.998384,2,41,0.011443205,1.0274861,2,64
9,0.007119843,0.978181,2,20,0.022282809,0.9323599,2,42,0.0024056006,1.0230402,2,73,0.005428964,0.9981164,2,101
10,0.0,1.0192969,2,20,0.0038454898,1.0124047,2,42,0.006038498,1.0386058,2,65,0.006462794,0.98004305,2,85,0.0013686802,0.9937055,2,107,0.024181975,0.9578864,2,127,0.0,1.0096191,2,151,0.0065238737,1.0231981,2,172,0.0039909706,0.98831826,3,200
11,0.0,1.044463,2,28,0.0036805049,1.0076933,2,56,0.0063367076,1.0183144,2,79,0.0,1.0691254,2,100,0.0033940023,1.0307508,2,122,0.0035606455,0.99210274,2,143,0.01651475,1.0229499,2,164,0.00207443,0.9968718,2,200
12,0.0,0.8874001,2,23,0.021688316,0.7920695,2,46,0.03849443,0.65463203,3,66,0.09350555,0.6725149,2,89,0.00761927,0.83355653,2,109,0.01581082,0.4747681,0,129,0.0018605262,0.53747255,2,149,0.15493526,0.5520419,0,169,0.0,0.6300308,0,200
13,0.006271977,0.9820933,2,21,0.0016093146,1.0069597,2,41,0.02087544,0.9759661,2,64,0.005715301,1.0057805,2,85,0.038628977,0.97325736,2,105,0.08417576,1.0265772,3,125,0.06805435,0.9345657,2,145,0.013896717,0.97535914,3,165,0.04541734,0.9239733,3,200
14,0.0072641857,0.97934914,2,20,0.012714865,0.9792439,2,40,0.0045535946,0.9973011,2,61,0.0178486,0.98352504,2,97,0.002628536,1.029058,2,118,7.1550254e-05,1.0072519,2,142,0.0011755552,1.0050961,2,162,0.008196913,1.0006189,2,200
15,0.0084370775,1.0231898,2,48,0.0,1.032182,2,68,0.012108093,1.0013945,2,88,0.016401675,0.95362556,2,114,0.005477878,1.0002779,2,139,0.013970093,0.9427095,2,169,0.013075919,0.93430316,2,200
16,0.0010227151,0.98950976,2,20,0.0007069717,0.9800789,2,44,0.012221336,0.98856914,2,78,0.0,1.0986315,3,101,0.0045516426,1.0280669,2,121,0.0,1.0772533,2,141,0.006852569,1.036157,2,167,0.010902775,1.0109094,2,200
17,0.0113559915,1.0134125,2,25,0.004469728,0.974457,2,48,0.011943458,0.9635339,0,68,0.02075759,0.97447264,2,90,0.0059629227,0.9258245,2,110,0.014296768,0.955288,2,141,0.011108104,0.9315761,2,161,0.0070576975,0.97336775,2,188
18,0.0006735568,0.99040914,2,21,0.0019090802,0.9332533,2,41,0.03527709,0.9145527,2,65,0.0022422469,0.9418565,2,95,0.013924411,0.9741794,2,115,0.0011647708,0.96724695,2,144,0.0253833,0.9843008,2,165,0.0072091036,0.95383215,2,200
19,0.013928349,1.0109508,2,27,0.0038358872,0.9877003,2,54,0.0074808816,0.98412603,2,75,0.0,0.92734784,2,101,0.0031304955,0.999581,2,121,0.009368579,0.95198375,2,149,0.0011144823,0.96237594,2,169,0.012513405,0.96061367,2,200
20,0.0023356953,1.0399933,2,33
21,0.0013858661,1.0299656,2,30,0.005412581,1.0150824,2,50,0.012751952,0.96063143,2,72,0.045012604,0.9355291,2,92,0.025285022,0.9636255,2,113,0.008833102,1.0258163,2,133,0.00023047844,0.9768885,2,156,0.0064743673,0.9725783,2,179,0.01295877,1.025556,2,200
22,0.0013591946,0.9666707,2,21,0.0204952,0.917081,2,41,0.00038227678,0.9453044,2,62,0.0,0.9755322,2,82,0.010518429,0.7597281,2,102,0.115618944,0.83188343,2,122,0.0,1.0027152,2,144,0.017081179,0.8808037,2,164,0.016024245,0.8749101,2,200
23,0.002110804,1.0025073,2,20,0.0043517756,0.97247547,2,49,0.012099665,1.0495778,2,69,0.009508281,0.95438457,2,93,0.011939158,0.9981499,2,113,0.00987404,1.0017555,2,133,0.0048854016,0.98750764,2,153,0.024054725,1.0091033,2,173,0.001164398,1.0429709,2,200
24,0.012338417,1.0111356,2,20,0.0095674265,1.0140026,2,47,0.0,1.0119517,2,68,0.021710102,0.8365998,2,88,0.0019413317,0.9722811,2,108,0.0075199883,0.9598797,2,130,0.010424323,0.92116034,2,155,0.0,0.89852697,2,177,0.0020196468,0.9971625,2,200
25,0.011789746,0.8929024,2,22,0.034327075,0.9556896,3,42,0.0281119,0.99158746,3,66,0.057001196,0.9096583,2,86,0.021204066,0.98951656,2,107,0.037046272,0.91969526,3,138
26,0.0125002265,0.957793,2,21,0.0011113498,1.0231202,2,41,0.032598056,0.89312434,2,67,0.0,0.7916623,0,89,0.013982137,0.86837476,2,110,0.0021148175,1.0104278,2,135
27,0.0012714157,0.9522026,2,38,0.0024542725,0.92253876,2,60,0.015312053,0.9522977,3,80,0.0017371333,0.9386671,0,100,0.056531597,0.9584507,2,120,0.0,1.0844979,2,140,0.0,0.9953972,2,160,0.050865497,0.7795532,2,197
28,0.0,0.9928757,2,20,0.05987194,0.9084838,2,48,0.0,0.91687083,2,70,0.020831157,0.8795243,2,95,0.0055780984,1.0074629,2,116,0.0,1.0203857,2,164,0.005262395,1.0184526,2,200
29,0.003930828,0.9775053,2,23,0.0044821547,1.0166559,2,53,0.02195176,0.9385565,0,73,0.04258072,0.92726934,2,93,0.0571095,0.9484096,2,116,0.04027601,0.9501149,3,136,0.078905016,1.009081,2,159,0.020894736,0.97969955,2,200
30,0.015159915,0.97904986,2,21,0.0054303524,0.91413,2,42,0.006962394,0.90580255,2,62,0.0,0.8140483,3,82,0.0,0.9020602,2,103,0.025988007,0.9736265,0,123,0.011084579,1.01299,2,144,0.009752413,0.8640272,2,164,0.0043974947,0.96587414,2,200
31,0.010569098,0.9834586,2,25,0.0105860755,1.0269351,2,50,0.006148975,1.0127218,2,71,0.0,1.032241,2,93,0.0,0.9162236,2,116,0.006472158,0.9872581,2,149,0.0,1.0070193,2,169,0.017449692,1.046148,2,200
32,0.012262178,0.97318715,2,23,0.011415075,0.9833007,2,47,0.0007135067,0.97643423,2,75,0.014867946,0.9307915,2,97,0.0013445588,0.9486957,2,121,0.019395445,0.9801014,2,143,0.0020777753,0.9282398,2,163,0.008164192,0.9551096,2,200
33,0.00026196297,0.98213404,2,20,0.0,1.0269107,2,40,0.0,0.9212416,2,62,0.0037687225,0.9878025,2,84,0.0043707658,1.0002835,2,106,0.04024618,0.9992322,2,126,0.05988776,0.9944496,2,147,0.014003965,0.9309648,0,167,0.013959804,0.92740816,2,200
34,0.0025735511,0.92353123,2,21,0.037698302,0.99638593,2,43,0.024916926,0.7769145,2,63,0.0,0.8846844,2,83,0.012031572,0.85005414,2,103,0.0078230435,0.699931,2,124,0.0009398287,0.6502665,2,144,0.016650002,0.6680838,2,164,0.013522953,0.8340968,2,200
35,0.0020583167,1.0183929,2,30,0.01190765,0.9701394,2,50,0.0145376725,0.97942054,2,70,0.03807329,0.96186244,2,91,0.003655871,0.93843895,2,121,0.0,0.855017,3,142,0.0,0.9852215,3,162,0.0082446365,0.98222965,2,200
36,0.0088603385,0.9967878,2,24,0.0041701035,0.9770626,2,55,0.0014304932,1.0129875,2,79,0.0,0.99904084,2,101,0.014537172,0.74424815,0,121,0.0,0.74569577,1,141,0.0,0.6892326,1,161,0.0026277935,0.6738492,2,200
37,0.0021303766,1.0197653,2,28,0.0079222685,1.0237306,2,56,0.0033336862,1.0116338,2,78
38,0.0014653195,1.0076541,2,22,0.0033382922,1.0420058,3,42,0.015620793,1.0576433,2,62,0.0022253967,0.98690933,2,87,0.009163647,0.99119896,2,111,0.004370024,0.8974098,2,131,0.01687911,1.0530462,0,153,0.004064743,1.0241256,2,180
39,0.007974918,1.0291547,2,21,0.013866593,0.9908533,2,47,0.019562362,0.8658474,2,80
40,0.006928542,0.9390444,2,37
41,0.0027851157,1.0200641,3,20,0.0090791695,0.97403073,2,46
42,0.0049203555,0.9423374,2,32,0.0,0.9934004,2,53,0.0,0.9904277,2,79,0.0191548,0.9957588,2,100,0.0046386914,0.9466974,2,120,0.0,1.0689595,2,148
43,0.0010791093,0.99421084,2,20,0.008017681,0.88589156,2,45,0.005297863,0.8952328,2,65,0.009442126,0.88409674,2,88,0.0,0.7405184,2,108,0.0,0.7464945,0,129,0.0,0.733523,2,150,0.0,0.80028117,2,170,0.012453915,0.9528065,2,200
44,0.023071647,0.9869018,2,30,0.013900975,1.0186069,2,50,0.0070249685,0.98489034,2,70,0.0057502836,0.97403294,2,98,0.0016598371,0.9829002,2,125,0.021832962,1.020475,2,153,0.0017258496,1.0006928,2,200
45,0.0,1.0302868,2,20,0.01652085,1.0277585,2,47,0.016813366,0.97520703,2,68,0.00485528,1.0524273,2,94,0.0038324792,1.058214,2,121,0.0012226936,1.0608633,2,152,0.002364919,1.0782999,2,174,0.008529999,1.0341022,2,200
46,0.0027200968,0.9839726,2,26,0.0024178324,0.9798457,2,46,0.001978524,0.9776392,2,68
47,0.006882198,1.0138193,2,20,0.017652137,0.97149706,2,40,0.06559608,0.9389591,2,76
48,0.0021640556,1.0390792,2,42,0.008300084,1.0129272,2,66,0.016666597,1.0083153,2,91,0.014882789,0.9981589,2,125,0.017348025,0.9620064,2,160,0.008804159,0.93145835,2,200
49,0.0043747383,0.9824605,2,21,0.00045343293,1.040621,2,42,0.0,1.0085782,2,64,0.0,1.0508943,2,84,0.0024793549,1.0140404,2,108,0.00067322893,0.99891216,2,137,0.018176498,1.0116978,2,159,0.0021282102,0.9827967,2,200
50,0.010528095,1.0321845,2,21
51,0.0049171336,1.0184971,2,20
52,0.0076158545,0.9683412,2,26,0.010308845,0.972211,2,47,0.005297008,0.9975877,2,67,0.030986572,0.82690823,2,101
53,0.007002379,0.9911595,2,39
54,0.0077423076,0.9546951,2,21,0.0009150013,0.96670705,2,41,0.005728455,0.9283923,2,61,0.05264594,0.9162942,2,81,0.027928263,0.9218535,2,109
55,0.047954224,0.94329363,3,22,0.066073716,0.5750467,2,43,0.0,0.79327315,0,66,0.0,0.8251022,0,87,0.0,0.3190134,2,107,0.0,0.3230756,0,127,0.0,0.5968609,0,148,0.0,0.9894568,0,168,0.17785074,0.12827303,2,200
56,0.0029851177,0.97301686,2,20,0.00824932,0.9488142,2,41,0.014949774,0.7805148,2,61,0.008105408,0.9538598,2,86,0.001911184,0.86185104,2,106,0.0,0.99580175,2,126,0.006685327,0.8940387,2,146,0.007310503,0.91648406,2,178,0.008050789,0.8497894,2,200
57,0.0,1.0297782,2,20,0.008212651,1.0402688,2,58,0.008736958,0.99386764,2,83,0.009893356,0.9472569,2,108,0.010927039,0.98935956,2,135,0.010317513,1.0028453,2,157,0.011346287,1.0083212,2,177,0.0030123715,1.002628,2,200
58,0.0,0.9904953,2,21,0.022252532,1.0011696,2,42,0.06291992,0.9163908,2,62,0.024021095,0.8771416,2,82,0.005552503,0.8665747,2,103,0.032119133,0.8493913,2,123,0.018313857,0.7466726,2,146,0.014447329,0.78138715,2,168,0.017365035,0.9578487,2,200
59,0.010246856,0.9964711,2,20,0.0070171277,1.0081481,2,48,0.018927235,0.98815316,2,68,0.025337134,0.9310602,2,88,0.01753685,0.9678239,2,117,0.03405804,0.97891074,2,138,0.006602248,0.9633311,2,159,0.008396406,0.9600644,2,200
60,0.0014092536,0.993381,2,34,0.013543571,0.9546186,2,55,0.0,0.9765347,2,75,0.023772651,0.9951094,2,97,0.016732875,0.97431713,2,125,0.0026589213,0.8695998,2,146,0.0,0.8541812,0,166,0.0,0.8497821,2,200
61,0.053513177,0.9343422,2,20,0.023919579,1.0350612,2,55
62,0.0,1.0003443,2,20,0.035015352,0.9088096,2,42,0.021366453,0.95000565,2,71,0.005911501,0.9695632,2,105,0.0011922751,0.9918909,2,150,0.0049295723,0.9835491,3,170,0.019319646,1.0092093,2,200
63,0.010405963,0.9867076,2,37
64,0.0035518738,1.051723,2,23
65,3.6982998e-05,1.0298412,2,21
66,0.0031896576,1.0069214,2,23,0.0,1.0405961,2,50,0.0024490946,1.0036244,2,70,0.0030973242,1.0139046,2,90,0.012101003,0.9899208,2,112,0.013347356,0.9681447,2,132,0.0,0.93271327,2,153,0.007854984,0.96295434,2,173,0.016946122,0.95861936,2,200
67,0.0045544463,1.0201862,2,34,0.011533998,0.9876548,2,61,0.029969256,0.98197556,2,81,0.0026194882,0.9995983,2,121,0.0004393316,0.9957262,2,143,0.010561241,0.99755144,2,163,0.015601242,1.0131235,2,200
68,0.0028720708,0.93508154,2,22,0.0,0.99751586,2,42,0.00038277084,0.974343,2,68,0.0018290705,1.0203763,2,90,0.006794601,1.0090227,2,112,0.0023564931,1.0696001,2,133,0.0029517189,0.9916773,2,161,0.005751506,0.98334706,2,200
69,0.0033390739,0.95036906,2,22,0.013921495,0.96750736,2,46,0.0098325,1.0093528,2,66,0.0027461087,1.0324556,2,86,0.0,1.0064014,2,112,0.008602969,1.0066236,2,133,0.009841592,1.0095048,2,169,0.006436974,0.94218874,2,200
70,0.0,0.9184008,2,22,0.0,1.030678,2,42,0.0,1.0244777,2,65,0.002424268,0.869589,0,85,0.046206743,0.7966084,2,108,0.018379588,0.83207065,2,128,0.03103674,0.93458205,2,148,0.005625393,0.85896224,2,170,0.0063960054,0.87784916,2,200
71,0.01857679,0.99512523,2,22,0.021760229,1.0026497,2,44,0.00089166185,1.0311158,2,64,0.002142641,1.0107473,2,86,0.0040658414,0.9423499,2,110,0.029861191,0.86132056,2,136,0.026900008,0.930491,2,156,0.00044945715,0.97954303,2,177,0.0,0.98510855,2,200
72,0.038440157,0.84086514,3,20,0.0055811773,0.84635615,3,49
73,0.0072228145,0.98231643,2,30,0.0059805945,0.96132284,2,52,0.060401708,0.8912902,2,72,0.0063659768,0.86725926,2,93,0.00071066536,0.72549903,2,114,0.023301158,0.85301363,2,134,0.016606716,0.9947399,3,155,0.0,0.8993273,2,175,0.038148798,0.85677254,0,200
74,0.008871898,0.96368444,3,20,0.00146958,0.9580576,3,42,0.007016261,0.9195172,2,62,0.0051565864,0.8878724,2,82,0.0,0.9299784,2,106,0.010098742,0.9641481,2,128,0.0060213855,0.9612832,2,148,0.008690331,1.0331421,2,182
75,0.0039724577,0.85302144,2,21,0.013026783,0.79008806,2,41,0.0061777723,0.9808659,2,63,0.00086352235,0.8356045,2,86,0.017020075,0.84331846,0,106,0.0,0.80371726,2,128,0.0084395185,0.930548,0,149,0.0,0.8404975,0,170,0.018483013,0.75436884,0,200
76,0.006317743,0.99598247,2,27
77,0.0021654635,0.93667984,2,22,0.0,0.9799392,2,44,0.004011215,1.0081847,0,65,0.028244607,0.93707013,2,87,0.029476786,0.98665,3,107,0.024333647,0.8417562,3,127,0.0027948068,0.8704103,2,147,0.0,0.94938886,2,167,0.0027833274,0.97304845,2,200
78,0.0,0.9667391,2,21,0.004749658,0.93763024,2,53,0.0021172173,0.9798419,2,73,0.014447916,0.9935097,2,97,0.0034588273,1.0352138,2,124,0.0029038712,0.99337757,2,151,0.00085088966,1.0255153,2,171,0.0059523797,0.9740469,2,200
79,0.0013414351,0.99962133,2,24,0.005814703,1.0414057,2,49,0.005677355,0.982291,2,70,0.021331847,1.0139328,2,94,0.009271317,1.0467592,2,123,0.005946824,1.0421987,2,146,0.0057329456,1.0757676,2,168,0.016951274,1.0162828,2,200
80,0.017402653,0.9850607,2,20,0.019526172,1.018872,2,40,0.0,1.0401999,3,60,0.0009751394,1.015468,2,85,0.011452105,1.004748,2,105,0.0036622628,1.0234002,2,127,0.0,1.1067512,3,147,0.0007380088,0.98528904,3,169,0.0012838544,1.0730335,3,200
81,0.0022818628,0.997533,2,22,0.030785197,1.025593,2,42,0.011929249,1.0175918,2,65,0.004579181,0.9540509,2,91,0.0,0.927152,2,112,0.0046139136,1.0405716,2,132,0.011421286,1.0039123,3,152,0.0,0.9733874,2,173,0.0,0.97056806,2,200
82,0.0,1.0069805,2,20,0.0038025822,1.0393385,2,40,0.0046579647,0.9943472,2,60,0.0054101986,1.0147164,2,80,0.031086538,0.9739666,2,100,0.00033828142,1.02415,2,120,0.0052167224,1.0364139,2,159,0.0033366694,0.9910378,2,200
83,0.013171653,0.86582553,2,20,0.0052125826,0.71715593,2,40,0.0,0.41584125,3,60,0.0,0.38223615,1,81,0.010603796,0.36755893,0,101,0.0,0.32557705,1,122,0.0,0.5852922,1,142,0.0,0.4136781,1,163,0.04242898,0.5217602,2,200
84,0.029530028,0.9542361,2,24,0.023081426,0.9426485,2,45,0.013436055,0.95743275,2,65,0.011992021,0.96999985,2,87,0.01743612,0.94863236,2,108,0.0018267857,1.0376425,2,128,0.009359809,0.98890305,2,149,0.00043143006,1.0326179,2,200
85,0.00849887,0.9750942,2,23,0.008951873,1.008013,2,44,0.024136648,0.9621073,2,64,0.0044717537,1.0055459,2,84,0.011513607,0.96816856,2,105,0.0041620163,0.9414447,2,125,0.0021331515,0.9676587,2,145,0.022620482,0.8857379,2,169,0.04136379,0.8686473,2,200
86,0.0016993836,1.0345924,2,20,0.0,1.0362225,2,41,0.006371244,1.0215304,2,61,0.005385081,0.98458636,2,116,0.0026671009,0.95997554,2,147,0.0,1.0215708,2,168,0.0027508447,1.0665615,2,200
87,0.01787997,0.99697226,2,22,0.0059194234,0.9470891,2,42,0.002718109,0.83358824,2,62,0.025852213,0.75654167,2,82,0.0016428772,0.79494053,0,104,0.0062977285,0.92152596,2,124,0.002351904,1.0307544,0,146,0.01855953,0.74920005,0,169,0.06928545,0.77311593,2,200
88,0.0,1.0592508,2,20,0.014572868,0.9503242,2,40,0.012932028,0.9938284,2,68,0.026400775,0.9131601,2,90,0.006200675,0.9273513,2,110,0.021120755,0.95036906,2,132,0.0026800274,1.0027156,2,157,0.0077348114,1.0527031,2,180,0.0,0.99819505,2,200
89,0.0,0.95583886,2,20,0.00387667,0.9487363,2,40,0.006994417,0.7751994,0,61,0.0,0.6308921,2,83,0.018308643,0.55433017,2,103,0.0067124423,0.5496956,0,124,0.0,0.64569336,0,144,0.035561264,0.6154083,2,164,0.01983775,0.6832535,2,200
90,0.0070244656,0.9930524,2,21,0.0012786814,1.018095,2,41,0.0018939393,0.9705668,2,64,0.0029138678,0.9941021,2,86,0.0537923,0.97125,2,112,0.0032456617,0.9950077,2,136,0.0,1.0341394,2,157,0.0026934296,1.0511336,2,200
91,0.009645417,1.0021287,2,20,0.06269724,0.9117635,2,40,0.00476445,0.93987167,2,69,0.034981072,0.9716338,2,89,0.007940638,0.95421886,2,109,0.016873378,0.93269414,2,129,0.03754434,0.99114704,2,149,0.010462603,0.99509054,2,178,0.0,1.0111166,2,200
92,0.011653844,0.99899757,2,31,0.0,0.9691685,2,51,0.0006800066,0.9757875,2,71,0.026996743,1.0359292,2,94,0.0,0.86749506,2,114,0.013567621,1.0227442,2,134,0.035658065,0.91584307,2,155,0.015042226,0.92575884,2,176,0.0029574174,0.97092825,2,200
93,0.01439541,1.0254114,2,21,0.008361492,1.0071408,2,41,0.0021121146,0.9754801,2,63
94,0.009482698,1.0103054,2,20,0.010362583,1.0109105,2,40,0.0008837671,1.0261697,2,64,0.0179347,0.9807264,2,84,0.03007465,1.000207,2,106,0.004758981,1.049472,2,126,0.007304689,1.0541797,2,148,0.0,1.0710489,2,168,0.010650899,1.0709089,2,200
95,0.0,0.9486037,2,21,0.0,0.9818877,3,41,0.0037688476,0.91640663,3,61,0.0,0.87326354,2,85,0.0,0.85910225,2,113
96,0.010133063,0.99026823,2,20,0.010429846,1.0002053,2,40,0.00094077794,1.0412993,2,65
97,0.008093412,1.0258265,2,21,0.016827103,1.0038162,2,42,0.0,0.9623185,2,68,0.0022227867,0.96281165,2,91,0.026300987,0.9700085,2,111,0.028266123,0.9695854,2,144,0.026273875,0.9245455,2,176,0.073536985,0.9055681,2,200
98,0.016354788,1.0085275,2,25,0.0045308694,1.0251309,2,45,0.0069541163,1.0146457,2,71,0.0025655348,0.9803273,2,95,0.0045491117,1.0466766,2,119,0.0032789079,1.0173682,2,142,0.009396358,1.014188,2,170,0.0007614446,1.0111241,2,200
99,0.0035377021,1.0227282,2,20,0.0047386033,0.96039146,2,42,0.0011349318,1.0139061,2,76
100,0.0034285139,1.022411,2,31
101,0.0031070071,0.99174947,3,20,0.0,0.8912076,2,40,0.031499296,0.8750974,0,61,0.0,0.88140047,0,81,0.0045739254,0.93681383,2,102,0.0,0.96802574,0,123,0.0,0.9997834,2,143,0.03143612,0.7340067,0,164,0.03898222,0.5785846,2,200
102,0.0,1.0001357,2,21,0.023767034,0.95290995,2,45,0.014674471,0.9691715,2,67,0.0,1.0902725,3,87,0.0,1.0139747,2,108,0.005794447,0.96347624,2,132,0.0066773198,0.9942092,2,162,0.007536867,1.0101045,2,200
103,0.002332781,0.9892699,2,20,0.046498537,0.9535817,2,40,0.007535968,0.97165275,2,65
104,0.0017843766,1.052272,2,37
105,0.009112555,1.023569,2,22,0.008027929,0.9378559,2,44
106,0.0060286727,0.977449,2,22,0.00398764,0.9054278,2,43,0.0014606677,0.92562723,2,63,0.0046865814,0.8754306,2,83,0.0017766579,0.7547024,2,105,0.0,0.8065785,3,125,0.0,0.6958681,2,145,0.0,0.40912765,2,173
107,0.026436755,0.9449657,2,20,0.035528593,0.9161859,2,41,0.059973154,0.8702794,2,65,0.019913862,0.79087037,2,86,0.0035853642,0.54981357,2,107,0.12638894,0.32615298,2,127,0.057857346,0.33082488,1,147,0.092784084,0.41764277,2,168,0.015846351,0.45137346,0,200
108,0.0057601267,0.9913687,2,25,0.0,1.0746576,2,45,0.014739893,1.0400712,2,72
109,0.0018240638,0.9719652,2,40
110,0.01500154,1.0016105,2,20,0.01031532,0.9894567,2,62,0.0,1.0355593,3,82,0.006320192,1.0735589,2,102,0.0032015755,1.0054045,2,123,0.00039638008,1.0126975,2,156,0.009715307,1.0553638,2,176,0.0024754526,0.9990317,2,200
111,0.013426634,0.95794594,2,20,0.006851848,1.0031984,2,51,0.0,0.99457246,2,71,0.0,1.0103252,2,94,0.010600151,0.9975109,2,116,0.0,1.0078068,2,137,0.0027542594,1.0124058,2,168,0.012122588,1.0048215,2,200
112,0.0054684044,1.0240686,2,20,0.0014211307,0.9692097,0,40,0.04199055,0.9114667,2,60,0.020526644,1.0113035,2,80,0.0068329535,0.8744595,2,101,0.012530615,0.9300797,2,125,0.010394284,0.9062602,2,145,0.0042120847,1.0253983,2,174,0.0066923155,0.92792594,2,200
113,0.0,0.9897895,2,21,0.021008413,1.0104343,2,41,0.021618268,1.0211878,2,61,0.014555869,1.0450536,2,82,0.00697958,1.1180894,2,102,0.0001142025,1.0446129,2,129,0.0,1.0058519,2,159,1.3885833e-05,1.0491931,2,179,0.0,1.0430828,2,200
114,2.211625e-05,0.9853483,2,21,0.0072512385,1.0126103,2,43,0.023397349,0.9932206,2,63,0.0,1.0006157,2,84,0.007031649,0.9294482,2,112,0.012667069,0.98995,2,132,0.0,0.9709507,2,153,0.0,1.0752846,2,177,0.0009075949,1.0258043,2,200
115,0.00696408,1.0206122,2,20,0.006315557,1.0189354,2,40,0.0,1.0230944,2,60,0.015377855,1.025655,2,80,0.0036422955,0.97761434,2,102,0.0010405666,0.9981376,2,125,0.0141721815,0.9668175,2,145,0.0078109177,0.9738914,2,165,0.021176314,0.8814769,2,200
116,0.0035037906,1.0184044,2,23,0.003773449,1.0202636,2,55
117,0.0,1.0000222,2,38
118,0.005162168,1.0084085,2,26,0.0055097924,0.99680406,2,48,0.025431769,0.94039136,2,69,0.0017913394,0.9533165,2,89,0.0051593683,0.9477645,2,110,0.00035740333,0.9606874,2,132,0.027878731,0.9132451,2,152,0.0,0.87463975,2,174,0.05967982,0.8474401,2,200
119,0.008026819,0.9130092,2,23,0.0,1.0160823,2,62
120,0.0023909952,1.0435317,2,42
121,0.03218558,0.9545226,2,21,0.019357812,0.95599484,2,47,0.03564027,0.88149345,2,70,0.008562759,0.98781884,2,90,0.023256801,0.88654196,0,110,0.017661478,0.8638004,2,131,0.0,0.95870113,2,151,0.002396717,0.8901223,2,171,0.008942731,0.875476,2,200
122,0.0006006445,0.9861123,2,25,3.4613255e-05,0.95272285,2,45,0.0045345984,0.9676725,2,65,0.012209273,0.9678164,2,88,0.04264321,0.9173587,2,108,0.022298556,0.9094661,2,128,0.009371499,1.0341164,2,151,0.011603302,0.9128529,2,171,0.02012635,0.8512194,3,200
123,0.0001581272,1.0222377,2,28,0.027202206,0.94711405,2,52,0.0021294502,1.0330092,2,73,0.0029109498,0.9608556,2,93,0.006958465,1.0142128,2,116,0.020495543,0.97137845,2,137,0.0,0.90818036,2,157,0.0,0.8619534,2,177,0.012024677,0.9835866,2,200
124,0.004104302,1.0134375,2,29,0.002305969,1.0796987,2,49,0.00015815241,1.0031247,2,70,0.021233967,0.9841774,2,90,0.020685673,0.94055444,2,110,0.005373009,1.0028583,2,140,0.0,1.068416,2,160,0.0,1.063465,2,180,0.004823167,1.0119467,2,200
125,0.017359475,0.906917,0,20,0.011818698,1.0059488,2,40,0.044256784,0.8685088,2,60,0.017477445,0.82405776,2,85,0.0,0.8496839,0,105,0.0043814997,0.67960656,0,126,0.0,0.48377758,0,146,0.0,0.5771608,0,168,0.0056892456,0.36651522,0,200
126,0.012286036,0.9866174,2,31
127,0.0,0.9950961,2,20,0.014439881,1.0008237,2,40,0.0141885085,0.98086447,2,70,0.021319216,0.9753984,2,90,0.02085999,0.9142135,2,110,0.0145822065,0.95043033,2,138,0.008753615,0.9969822,0,158,0.034633923,0.9039375,0,178,0.005213827,0.91129476,2,200
128,0.010598162,0.9818393,2,20,0.01043913,0.9804257,2,40,0.0,1.031255,2,60,0.014586618,0.963707,2,80,0.022917759,0.9139414,2,100,0.016568808,0.9747574,2,122,0.039189436,0.98803437,2,142,0.02383608,0.88649094,2,163,0.046449468,0.9029246,2,200
129,0.013138229,0.9818385,2,20,0.0013992696,0.991992,2,40,0.007767803,0.96184194,2,60,0.002048706,1.0385635,2,88,0.005460515,0.9711209,2,113,0.05146709,0.92083293,2,133,0.0492642,0.92283183,2,153,0.010918538,0.9334639,2,173,0.02221171,0.8177838,2,200
130,0.002350261,0.99639356,2,26,0.013594929,0.9456707,2,59,0.004156166,0.9617071,2,81,0.01817948,0.949594,2,101,0.024166806,0.9369376,2,123,0.037320133,0.99485695,2,146,0.08326007,0.92020684,2,170,0.030704606,0.98781914,2,200
131,0.012840676,1.0299175,2,20,0.0027124826,0.98300415,2,47,0.0019819573,0.94036275,2,67,0.0054233023,0.8671936,2,88,0.023789197,0.90212345,2,108,0.0065342085,0.91760236,2,138,0.002851267,0.9933554,2,158,0.042474587,0.7488125,2,200
132,0.0087364325,1.001569,2,23,0.0031233202,1.0278614,2,44,0.0017619188,1.0655671,2,69,0.0019902398,1.0531572,2,94,0.00214089,1.066893,3,119,0.0,1.0086111,2,139,0.019167362,1.0207918,2,159,0.0,1.101229,2,179,0.0015780407,1.0692703,2,200
133,0.013581534,1.0101408,2,20,0.0,1.0108323,2,40,0.0052341097,0.9749832,2,67,0.03661232,0.8128251,2,88,0.0,0.98608905,2,109,0.0014077588,0.92382324,2,129,0.009912845,0.82695013,2,152,0.041019313,0.5369345,2,172,0.047104504,0.6666787,2,200
134,0.028184852,0.5113605,2,20,0.0,0.68901575,3,40,0.0,0.56671906,1,62,0.0,0.6666397,1,82,0.0,0.5320856,2,102,0.0,0.3533076,1,123,0.02469664,0.19591807,1,154
135,0.009398588,0.98356766,2,28,0.04832694,0.93887407,2,51,0.0040007643,0.9679678,2,71,0.0,0.95180255,2,91
136,0.002015971,1.0377514,2,20
137,0.0208913,0.97752124,2,20,0.02150839,0.9746218,2,42,0.045888755,0.92528605,2,63
138,0.0,0.9397176,2,20,0.0031791157,1.0569582,2,40,0.00048356393,0.9249983,2,60,0.03127435,0.90982103,2,84
139,0.008809296,0.9679975,2,21,0.005994492,1.0024648,2,44,0.0042583216,1.044257,2,70,0.0,1.1105165,2,91,0.0037662142,1.0129923,3,116
140,0.0037678704,0.9859642,2,20,0.011040002,0.99584126,2,41,0.009695386,0.9971294,2,63,0.012603435,0.98896724,2,83,0.003000221,0.9954602,2,103,0.01416507,0.9930878,2,126,0.02418907,0.93963194,2,146,0.0024170505,0.9686193,2,170,0.013757792,1.0067371,2,200
141,0.0,1.0379002,2,21,0.0027639114,1.046114,2,43,0.0,1.0527885,2,63,0.019372733,0.98461246,2,87,0.008648363,1.0058775,2,107,0.017121028,0.9712496,2,127,0.008199705,0.97921664,2,153,0.019546954,1.0401621,2,174,0.015025719,1.01852,2,200
142,0.009309247,0.98666453,2,22,0.0070333024,0.99931675,2,51,0.0,1.0149534,2,71,0.0040767244,0.97269595,2,91,0.0023187832,1.0014678,2,117,0.0014826879,0.973698,2,139,0.027072962,0.94995916,2,159,0.0023816316,1.0196272,2,200
143,0.0045971572,0.98287976,2,20,0.0,0.92823744,2,40,0.0064377924,0.9074093,2,67,0.0,0.93438387,3,87,0.012476369,0.86113137,0,107,0.009030362,0.8586456,2,129,0.0038033514,0.7885397,2,149,0.014891686,0.73517704,2,169,0.0020294506,0.33463866,2,200
144,0.009647354,1.0347291,2,22,0.0022838847,1.0288303,2,52
145,0.005715329,1.0131948,2,31
146,0.008970195,1.0119559,2,20,0.0016080078,0.9836427,2,40,0.009138572,0.9874126,2,65,0.019469455,0.9664642,2,85,0.00090356916,1.0130806,2,107,0.007058407,0.992105,2,127,0.007918434,1.0233303,2,147,0.0,1.0308769,2,167,0.0044573336,1.0392548,2,200
147,0.010652754,0.9773118,2,20,0.01975898,0.9009906,2,40,0.014056204,0.8954852,0,61,0.037007615,0.9062317,2,81,0.0035194668,0.88220817,2,101,0.0,0.806088,2,121,0.0,0.87557554,2,141,0.029751474,0.8682221,2,161,0.00816505,0.8879881,2,200
148,0.00723206,0.99930155,2,20,0.027878918,0.97855395,2,41,0.010677337,1.0035497,2,65,0.0,1.0469649,2,85,0.0037196823,1.019931,2,105,0.0140031995,0.9693891,2,143,0.007510682,1.0211464,3,163,0.00932849,0.9972565,2,200
149,0.010830533,0.9789939,2,21,0.001172662,0.94951165,2,54,0.0061740777,1.0117596,2,74,0.0,0.97873515,2,97,0.0,0.93898547,2,118,0.0,0.9242357,2,138,0.0,0.9036878,2,158,0.0061571323,0.84397686,2,200
150,0.0034518975,0.95735615,2,20,0.0,1.0136555,2,40,0.015027392,0.9709842,2,71
151,0.0114837745,0.9283451,0,20,0.006017493,0.8017428,2,43,0.021200102,0.7967097,0,63,0.08711975,0.794456,2,99
152,0.0005602834,0.9817663,2,36
153,0.0048128185,0.99363935,2,20,0.0009467116,1.00319,2,42,0.012800723,1.0186995,2,66,0.0,0.97207004,2,86,0.0053305696,0.98156357,2,108,0.009780947,0.9598576,2,134,0.010457471,0.917143,2,154,0.045240924,0.89952296,2,175,0.12812813,0.84065074,2,199
154,0.005185231,1.0254011,2,23
155,0.005975565,0.95243305,2,38,0.019019656,0.99969286,2,71,0.013640833,0.9031833,2,91,0.009651116,0.96041477,2,112,0.033109803,1.002416,2,132,0.044509236,0.9547005,2,155,0.018286414,0.9432895,2,200
156,0.00069239084,0.9788467,2,20,0.0014563521,1.0004689,3,43,0.00074853934,0.9897772,0,63,0.030261818,0.96100867,3,83,0.013196903,0.91458404,3,103,0.0,0.9488759,2,123,0.006532053,0.9114461,2,143,0.012119952,0.9141669,2,163,0.015456924,0.92866474,2,200
157,0.015109015,0.92837524,2,23,0.019965531,0.9591775,2,47,0.017445868,0.9522009,2,69,0.0013011636,1.0097983,2,89,0.009559235,0.98415875,2,113
158,0.0028434827,1.036561,2,26,0.0105593605,0.97238415,2,50,0.0025873084,0.9631238,2,78,0.0064668115,0.991854,2,104,0.008650727,1.0705752,2,126,0.003557565,1.0380145,2,148,0.039560743,0.88986146,0,168,0.014686774,0.7346998,0,200
159,0.0001769724,1.0281664,2,27,0.0027630818,1.0188382,2,47,0.0064008534,0.98274213,2,69,0.0046520145,0.9989837,2,93,0.011944797,0.9070456,2,118,0.0008457227,0.95910585,3,138,0.008938647,0.9770375,2,160,0.013818169,0.94911575,2,200
160,0.0035926604,1.0246565,2,22,0.0,0.95342433,2,42,0.004337064,0.9341907,2,65,0.01415054,0.95388997,2,86,0.011809993,0.9445746,2,109,0.009896229,0.920626,2,134,0.0073648123,0.83039284,2,156,0.016987557,0.8598689,2,176,0.008239029,0.9367733,2,200
161,0.0059824684,1.0393412,2,20
162,0.008165357,0.986928,2,20,0.005266841,0.93864316,2,44,0.00092468655,0.9189885,2,64,0.0,0.9608666,2,85,0.016887907,0.8137558,2,105,0.0,0.886555,2,126,0.006324186,0.72820777,2,146,0.0051578796,0.6906815,2,166,0.0049782093,0.61930686,2,200
163,0.00027492997,1.0110052,2,20,0.008062648,0.9530705,3,40,0.014166136,0.9192012,2,60,0.037154093,0.9680499,2,87,0.02710093,1.0009638,2,108,0.002350675,0.9551272,3,129,0.020574868,0.9678186,2,149,0.024529863,0.9135016,2,169,0.010843598,0.9402084,2,200
164,0.011879353,0.98374814,2,20,0.008553304,0.9931135,2,40,0.0,1.0529912,2,60,0.0,1.0338237,2,86,0.0168361,1.0149649,2,108,0.0,0.98753464,2,128,0.0020719748,0.9940425,2,148,0.0028758203,0.9701774,2,169,0.0054610735,0.9293701,2,200
165,0.00010941584,0.9729319,2,22,0.0,1.023939,2,42,0.0005742319,0.9333304,2,62,0.019603765,0.92886144,2,82,0.019240357,1.0277332,2,106,0.005431122,0.98418355,2,136
166,0.0053375056,1.0071832,2,21,0.022288276,0.91627103,2,44,0.014151923,0.939302,2,82
167,0.0,0.97626895,2,21,0.0012111998,1.0166109,2,41,0.002960491,1.0087134,2,61,0.011420225,0.97700787,2,94
168,0.0068030655,0.93566525,2,26,0.0,0.90042716,2,46,0.010581279,0.8581913,2,68,0.019802716,0.9080297,2,88,0.0057216985,0.856856,2,108,0.0022142928,0.85891074,2,128,0.013617226,0.82695025,2,165
169,0.010320837,1.0107712,2,25,0.002141987,0.9995691,2,47,0.008929105,0.99856657,2,74,0.008614582,0.91653454,2,94,0.0019445491,0.9397934,2,114,0.0346809,0.9476934,2,136,0.028886735,0.94314176,2,156,0.016367454,0.96501184,2,179,0.0,0.9220305,2,200
170,0.0037205198,0.9879748,2,28,0.021432644,1.0078233,2,48,0.008288059,1.006532,2,104,0.0,0.9843321,2,124,0.0030929549,0.9816353,2,146,0.0,1.0329834,2,169,0.016809897,0.95601285,2,200
171,0.003340964,0.9933528,2,20,0.0072084996,1.036381,2,43,0.0033913357,1.009875,2,88,0.020993056,0.99963367,2,118
172,0.0043450342,0.9665343,2,33,0.024892544,0.90623057,2,53,0.0,0.9721287,2,77,0.0,0.86650497,2,98,0.0,0.91176903,2,118,0.023665084,0.8786681,0,138,0.020160655,0.7609083,0,158,0.04323869,0.7024544,0,180,0.0,0.44772053,2,200
173,0.0,1.0296746,2,25,0.017393854,0.9726876,2,48,0.02220378,0.9453368,2,68,0.014915722,0.9260753,2,92,0.0017280607,1.0501461,2,115,0.009423711,0.9686287,2,135,0.00073412334,1.0188055,2,168,0.007365187,1.0151124,2,200
174,0.0,1.0107998,2,28
175,0.00032915067,0.98805517,2,37
176,0.022743985,1.0117432,2,21,0.0037909332,1.0098525,2,41,0.0036504543,0.8856817,2,67,0.020645835,0.9232986,2,101
177,0.0,0.9927911,2,22
178,0.014937592,0.9079688,2,20,0.0067039854,1.0371577,2,48,0.024680628,0.9979533,2,68,0.0065188245,0.9955278,2,112,0.015409128,1.0214704,2,143,0.024776023,1.0247749,2,163,0.008345377,1.0045216,2,200
179,0.016425224,1.0055821,2,22,0.007425692,1.0144284,2,43,0.008361989,1.0184687,2,65,0.004036686,1.0131967,2,85,0.0,1.0886717,2,107,0.0022673802,1.0071567,2,129,0.053477153,0.9196093,2,151,0.027752524,0.9995664,2,171,0.0034475706,0.93702865,2,200
180,0.008022018,1.0189242,2,24,0.0014375452,0.9823259,2,49
181,6.534178e-05,1.0127696,2,20,0.0031189153,1.0239947,2,41,0.015785296,1.0006988,2,64,0.004291403,1.010562,2,98
182,0.023751954,1.0289297,2,23
183,0.004901186,1.0222093,2,22,0.010316931,0.9999667,2,43,0.0015859843,0.99517906,2,68,0.0018377907,0.9761527,2,94,0.014716576,1.0300169,2,130,0.004108253,0.9461549,2,150,0.0,1.0136297,2,170,0.0053785043,0.76317024,0,200
184,0.012291929,0.8957785,2,23,0.00666638,0.90418994,2,53
185,0.016488537,1.0169631,2,28,0.0010547733,0.9966649,2,48,0.012016301,1.0341388,2,68,0.020575246,0.9728099,2,88,0.012204175,1.0012774,2,108,0.007021321,0.98873246,2,131,0.009249636,0.9905534,2,177,0.006027293,0.97193485,2,200
186,0.0037885855,0.9808576,2,48,0.009707347,0.92487407,2,69,0.03181728,0.9276906,2,89,0.006131673,0.92693263,2,113,0.016176624,0.99124473,2,135,0.029868748,0.9879831,2,158,0.0109627,0.9929961,2,178,0.02330364,0.9287821,2,200
187,0.013966887,0.9525223,2,22,0.020217799,1.0180877,2,47,0.0,1.0011606,2,72,0.0,0.90932107,2,96,0.007768359,0.9580615,2,120,0.001624326,0.93047845,2,146,0.0076215155,0.974347,2,167,0.002392398,0.90203935,2,200
188,0.0027311672,1.0073638,2,34,0.0159913,0.9680615,2,58,0.002683761,0.9469379,2,78,0.033777725,0.9355984,2,99,0.021523044,0.9605768,2,124,0.020678716,0.928405,2,144,0.0019023936,0.9880811,2,164,0.024209566,0.9405916,2,200
189,0.0,0.98279124,2,20,0.010879641,0.93890345,2,43,0.0,0.99891055,2,63,9.197062e-05,0.9822036,2,83,0.01724134,0.949066,2,103,0.003595428,0.9496071,2,123,0.0027305295,0.93663067,2,145,0.01243226,0.99481547,2,166,0.006103853,0.9574595,2,200
190,0.022865834,1.0094781,2,22,0.0024724132,1.0000021,2,43,0.0012632293,1.015176,2,65,0.0039522545,1.0675294,2,85,0.009313795,1.0172559,2,106,0.0,0.91929674,0,129
191,0.0037294764,1.0149662,2,20
192,0.008069528,1.0225157,2,24
193,0.0,1.0727257,2,22,0.002637112,1.0459607,2,42,0.0,1.0325886,2,81
194,0.010814143,1.0399913,2,20,0.01713989,0.9913291,2,50,0.0056914357,1.0045365,2,70,0.013977225,1.0058713,2,90,0.012125491,0.8862884,3,112,0.0,0.96735555,2,133,0.027653826,0.9571514,2,156,0.009984632,0.9281599,2,176,0.0,0.8381801,2,200
195,0.002539958,1.0120188,2,20,0.02295759,0.9279902,2,43,0.01373441,0.9492385,2,66,0.016123263,0.9169787,2,86,0.008901415,0.9521965,2,106,0.007912271,0.97143954,2,126,0.011850991,0.8885082,2,146,0.0,0.914543,2,167,0.0013060279,0.9055215,2,200
196,0.008273629,0.992222,2,24,0.031992655,0.9756185,2,44,4.938491e-05,0.9586355,2,72,0.026254455,0.9036643,2,93,0.013234727,1.0254732,2,135,0.027912032,0.97171783,2,158,0.0,0.84163475,2,179,0.0044473135,0.93726975,2,200
197,0.016817871,0.94397724,2,20,0.06349303,0.9255093,2,40,0.056891803,0.9163485,2,62,0.0044017406,0.985456,2,82,0.0,0.9432383,2,107,0.0023197029,0.93702984,2,127,0.015004454,0.94372976,2,147,0.0,0.76732886,3,183
198,0.005718222,1.021604,2,24,0.0017706857,0.9225036,2,47,0.012997705,0.929756,2,67,0.015050163,0.89840406,2,96,0.0029362128,0.96099216,0,116,0.032422762,0.9370923,3,136,0.022082945,0.86396074,2,156,0.0066236337,0.8223442,2,178,0.029063316,0.77458304,2,200
199,0.002782897,0.9901123,2,29,0.014971539,1.0257647,2,49,0.017290387,1.0278524,2,70,0.024673112,0.9639679,2,93,0.0025721756,1.0356762,2,113,0.031057557,0.97329104,2,133,0.0021738491,0.9901201,2,156,0.005390803,1.0043437,2,178,0.01004587,1.0095671,2,200
200,0.030148616,0.81553364,2,20,0.0,0.82192975,2,41,0.03369832,0.5879683,0,61,0.0,0.5959956,0,81,0.0,0.65394217,2,101,0.0,0.59692425,0,121,0.0,0.32861823,1,141,0.0,0.44376385,0,163,0.10221068,0.6244456,2,200
201,0.013312067,0.92224663,2,21,0.0028599207,0.9887802,2,74
202,0.01682238,0.9811468,2,20,0.020478506,0.9824059,2,52
203,0.0,0.99011916,2,20,0.017778385,0.9839064,2,40,0.0031115299,0.96239287,2,65,0.007548496,1.0106558,2,85,0.0,1.0386941,2,106,0.008801949,1.0083958,2,140,0.011016132,1.0404745,2,160,0.013875777,0.9929279,2,200
204,0.015280664,1.010991,2,20,0.010762777,0.9623755,2,56,0.017058292,1.0018134,2,77,0.013910735,0.96038413,2,99,0.005344365,0.9338652,2,119,0.0097798705,1.0102578,2,139,0.016649721,0.9426728,2,165
205,0.014983368,0.9015789,2,20,0.0,1.0044137,2,41,0.009085335,0.77391714,0,63,0.014146569,0.541167,0,83,0.008834099,0.4069169,2,109,0.04838652,0.49746808,2,130,0.051220894,0.2436465,2,150,0.098771475,0.27262917,0,170,0.1510191,0.47604102,0,200
206,0.0027625714,0.9618489,2,20,0.008858474,0.95932436,2,41,0.033590354,0.9486297,2,61,0.006576605,0.9773078,2,81,0.0238775,0.8251175,2,104,0.045664538,0.8867618,2,124,0.0060734563,1.0166398,2,149,0.0,1.002896,2,169,0.0,0.93524945,2,200
207,0.008347703,0.93007183,2,20,0.015177673,0.9056528,2,41,0.0,1.1565117,0,61,0.0,1.1752572,2,81,0.0,0.9673165,0,101,0.0029760378,0.9204773,2,122,0.036444224,0.554039,2,142,0.03680278,0.7829286,2,162,0.1170545,0.4245904,2,200
208,0.004200868,0.9982516,2,21,0.005743614,1.024436,2,41,0.025499329,0.9973782,2,65,0.0,0.9978439,2,89,0.02401372,1.0053216,2,110,0.0028782405,1.0292993,2,130,0.015366684,1.0096704,2,153,0.014295508,0.95455056,2,173,0.0147132175,0.9476106,2,200
209,0.0071984027,0.9750412,2,24,0.01885441,1.0098345,2,57,0.011153238,0.9303716,2,77,0.0,0.971769,2,98,0.0,0.99960345,2,119,0.0,0.99910897,2,139,0.016474921,0.90730476,2,159,0.016163405,0.91978663,2,180,0.0036733255,0.95708066,2,200
210,0.0017382696,1.0098832,2,29
211,0.009244793,0.97361326,2,20,0.003352188,0.93774754,2,58
212,0.00016256311,1.0013019,2,22,0.0010385999,1.0389024,2,44,0.0048187813,0.971367,2,64,0.0050375573,0.99014527,2,98,0.01760412,1.0118966,2,125,0.011131947,0.956076,2,147,0.012544018,0.9735359,2,167,0.0043589836,1.0216368,2,200
213,0.018312698,0.9694983,2,23,0.0,0.99000865,2,43,0.0109362295,0.97011286,2,66,0.004316673,0.9881347,2,91,0.0074427575,0.9686716,0,111,0.0,1.0057558,2,138,0.010512611,1.0105025,2,159,0.015246783,1.0224916,2,179,0.0043434147,0.98143387,2,200
214,0.012017214,1.0116583,2,27,0.0149097815,1.0022705,2,47,0.008037183,1.0097651,2,76,0.011539067,1.0257963,2,96,0.005365599,1.0050348,2,116,0.00953648,1.0204451,2,144,0.0037658382,1.0265515,2,164,0.006753575,0.96431965,2,200
215,1.1750425e-06,0.98625636,2,26,0.0028222578,1.0296425,2,49,0.0,1.0677104,2,71,0.003874323,1.0187445,2,104,0.0052074594,0.9964739,2,124,0.017783461,1.0268555,2,148,0.0131153,0.9968068,2,169,0.0,1.0226713,2,200
216,7.195687e-05,1.0035617,2,20,0.0059299497,1.0162843,2,41,0.0,1.0458859,2,61,0.0074529736,0.9595983,2,83,0.007054236,1.0029414,2,103,0.01709744,0.95086396,2,123,0.02122996,0.9734301,2,144,0.0045291553,0.77825093,2,166,0.008816026,0.62546813,2,200
217,0.0035275903,1.0579039,2,20,0.005441412,1.00917,2,52,0.008738957,0.97826266,2,73,0.013162174,0.89468414,2,104,0.038567353,0.94907445,2,124,0.008143449,0.937848,2,145,0.05719948,0.95867956,2,165,0.012201251,0.9413766,2,200
218,0.024183925,0.9720993,2,20,0.007028759,0.9957776,2,47
219,0.011894266,1.0413938,2,24
220,0.005406724,0.8917012,2,21,0.03833492,0.98646885,2,43,0.013137782,0.84947836,2,65,0.03038941,0.68366593,2,85,0.0,0.8209046,2,106,0.004007762,0.95770895,2,126,0.010806093,0.91062874,2,148,0.0,1.0308192,0,168,0.017490005,0.9514154,2,200
221,0.019746799,0.99100435,2,26,0.044314764,0.86258775,2,65
222,0.0049316757,1.0271639,2,24,0.003925043,0.9668623,2,49,0.019317461,0.9379986,2,71,0.029510463,0.95872784,0,91,0.022967493,0.92089814,2,111,0.0,0.97814834,0,132,0.012613294,0.9506401,2,152,0.008327328,0.86549985,2,173,0.088551335,0.8823634,2,200
223,0.00387833,0.9824652,2,24,0.0,1.0061092,2,47,0.0056553255,1.0079087,2,71,0.008635511,0.95227903,2,92,0.020579552,0.96851844,2,112,0.0,0.96736807,2,135,0.026515175,0.94041616,2,157,0.020860452,0.9336878,2,177,0.0,1.0517524,2,200
224,0.022170123,0.9420993,2,20,0.009131802,0.93655056,2,51,0.0049244934,0.9879383,2,71,0.014891604,0.92165697,2,91,0.03027418,0.94746155,2,112,0.015851662,0.93977594,2,132,0.009695805,0.98252743,2,152,0.005019385,0.96728784,2,174,0.014569519,1.0018213,2,200
225,0.002167801,0.9960493,2,22,0.012840123,0.9696146,2,45,0.0033601965,0.9733599,2,65,0.0,1.028262,2,89,0.012079684,0.97380507,0,109,0.0,0.99876386,2,129,0.0009204871,1.0207424,2,149,0.0070689814,1.0037924,2,171,0.006844668,0.99501455,2,200
226,0.0088167675,0.96325856,2,22,0.0073036654,1.0035254,2,48,0.025745008,0.9641638,2,68,0.012224271,0.9255308,2,88,0.027504707,0.94458216,2,108,0.018908422,0.93764025,0,130,0.034800347,0.90006405,3,152,0.010304204,1.0352964,3,174,0.08148526,0.8030313,2,200
227,0.002492335,1.0091954,2,22,0.048621926,1.0035278,2,44,0.0033436702,0.9537783,2,69,0.00054233405,0.97777945,2,91,0.007721116,1.0140601,2,113,0.0037343414,1.0208275,2,143,0.0054156594,0.9989203,3,163,0.0027269141,1.022759,2,200
228,0.0127824405,0.9671728,2,23,0.0,1.0133756,2,43,0.0038232952,1.0308058,2,63,0.013019939,1.0175159,2,83,0.013053628,0.9681733,2,104,0.0037568216,0.9904532,2,130,0.00020454443,0.98031473,2,150,0.03166498,0.9230373,2,172,0.016734973,0.9502381,2,200
229,0.0,1.0167208,2,21,0.00795079,0.97257185,2,46,0.013717005,0.9824811,2,66,0.0051828986,1.0013403,2,87,0.001154466,0.9390705,2,112,0.004852294,1.0191802,2,132,0.0,1.0874131,2,163,0.024076859,0.9191834,2,200
230,0.0,0.9967417,2,21,0.001915,0.9884666,2,43,0.011391547,0.99700975,2,63,0.011536624,1.0139363,2,90,0.012708608,1.0135559,2,115,0.01756035,1.016434,2,152,0.006871008,1.0032146,2,200
231,0.010118791,0.9883483,2,21,0.0120403,1.0557327,2,42,0.0021414733,1.0346177,2,63,0.004528247,1.0568845,2,85,0.017173141,0.99722385,2,107,0.01274605,1.0448457,2,129,0.0014719648,0.9366807,2,150,0.0,0.9993794,2,175,0.005381395,0.9675372,0,200
232,0.0080006765,1.0300038,2,30
233,0.010493869,0.97311574,2,20,0.011456672,0.98702145,2,59
234,0.004104174,1.0324038,2,22
235,0.0118262395,0.9716569,2,40,0.004084145,0.98647785,2,62,0.00926165,1.0378441,2,86
236,0.005141046,1.0005888,2,40,0.013122618,1.0102122,2,64,0.018857287,0.96500176,2,84,0.010644378,0.9498205,2,104,0.0048821466,0.9048163,2,127,0.032851912,0.9023927,2,147,0.049997725,0.9275969,2,167,0.013946617,0.96886724,2,200
237,0.010635641,0.9961872,2,23,0.0007827883,0.9367673,3,47,0.018251967,0.9521316,2,78,0.0053600376,0.9656943,2,108,0.015304861,0.97433317,2,140
238,0.004308833,1.0031182,2,25,0.0,0.95986176,2,46,0.022131184,0.8867706,2,69,0.0,0.968588,2,89,0.0077954354,0.9633321,2,111,0.0,0.9023059,2,132,0.019236624,0.9417833,2,152,0.016105441,0.8599483,2,172,0.013468461,0.8783892,2,200
239,0.0069987387,0.9743487,2,20
240,0.0020462067,1.0151145,2,22,0.019078618,1.0234183,2,43,0.0057927803,1.0350937,2,64
241,0.0029624812,1.0407789,2,20,0.005227127,1.0438693,2,40,0.0,1.0381275,2,60,0.009154848,0.9837605,2,90,0.001379092,0.9860382,2,110,0.0038692763,0.9758743,2,131,0.00051085383,0.9804882,2,151,0.0020075568,0.9610231,2,175,0.0072920676,0.98745316,2,200
242,0.019548088,1.0153545,2,21,0.003242328,0.9927367,2,41,0.005951602,1.0209174,2,61,0.0035008534,0.99623173,2,108,0.0060025095,0.9726833,2,130,0.018781401,1.0177447,2,151,0.0015459489,1.0259739,2,171,0.0061722654,1.0040525,2,200
243,0.0010571992,1.0031551,2,23,0.0017294681,0.9967853,2,43,0.029229924,0.9312312,2,70,0.06609643,0.8993631,2,94,0.058829665,0.9156415,2,115,0.0298926,0.93798053,2,135,0.023139333,0.9597734,2,158,0.009189285,0.94715863,2,200
244,0.0,1.0220411,2,20
245,0.007972208,0.9886661,2,38
246,0.0065543503,1.0250483,2,20,0.014636552,1.0135837,2,40,0.0,0.95321834,2,60,0.005628886,0.914414,2,81,0.0,1.0002935,0,102,0.022739867,1.0487576,2,123,0.0,0.9789938,2,143,0.029934954,1.0567765,2,163,0.023008412,0.81355995,2,200
247,0.0079962285,0.9834345,2,22,0.011118571,0.9378775,2,45,0.018759487,0.99326277,2,69,0.014953174,0.9886711,2,89,0.008832793,0.9395379,2,109,0.020917099,1.0069767,2,154,0.0056710034,0.96514636,2,174,0.0014255176,0.9897849,2,200
248,0.0063273823,0.9904369,2,21,0.0,0.9944908,2,41,0.015832283,0.81722945,2,63,0.010134115,0.9386743,2,84,0.0,0.92947483,2,104,0.065735504,0.84677297,2,125,0.0188301,0.7539005,0,146,0.046883635,0.74968135,0,166,0.006524634,0.67317533,0,200
249,0.05259952,0.87919754,2,21,0.0,0.82016325,2,41,0.033645183,0.85128146,2,62,0.016844137,0.77268934,2,82,0.005154267,0.80530965,2,107,0.012731372,0.9776954,0,129,0.0110391695,0.90471727,2,149,0.0028461725,0.92805994,2,169,0.01109935,0.9060082,2,200
250,0.005490664,1.0294788,2,28,0.0,0.98438436,2,48,0.01130619,1.0122716,2,94
251,0.012779076,0.99254227,2,33
252,0.0144211855,1.0037282,2,20,0.01896533,0.88462955,2,40,0.05438719,0.93083775,2,60,0.010352662,0.93252575,2,97,0.023303939,0.947195,2,119,0.06862721,0.79569066,2,139,0.070105046,0.85944283,2,162,0.0037847,0.9102022,2,200
253,0.01311152,0.9856884,2,28,0.034131873,0.81570053,2,48,0.016770365,1.0721287,2,69,0.0,1.0167353,0,89,0.0,0.80396855,0,109,0.0,0.7830132,2,129,0.0,1.0023092,2,150,0.0,1.0511385,2,170,0.0010435226,0.99464494,2,200
254,0.0,0.99513113,2,20,0.019517379,1.0290048,2,41,0.011751665,1.0251592,2,61,0.0,1.0073984,2,85,0.0,1.0300795,2,107,0.0100552235,1.0126069,2,127,0.0014520971,0.9534057,2,148,0.00045186045,1.0463881,2,174,0.014975442,1.0027001,2,200
255,0.00023235194,0.97441226,2,20,0.0051854393,1.0282092,2,40,0.007949691,0.9489804,2,62,0.0106266895,0.9443849,2,82,0.012041915,0.9549381,2,109,0.0007832817,0.9382084,2,133,0.011389174,0.9589808,2,157,0.0,0.918742,0,177,0.014399257,0.9539237,2,200
256,0.013115647,0.9194061,2,20,0.0028109758,0.9884219,2,53
257,0.008543094,1.0133568,2,23,0.0,0.9977245,2,46,0.011325061,0.967843,2,68,0.002055755,0.9507821,2,88,0.01940107,0.88809836,2,108,0.0,0.9277273,2,130,0.02281731,0.9442935,2,150,0.015423274,1.0150853,2,170,0.014887607,0.9688044,2,200
258,1.0190774e-05,0.97318995,2,23,0.003760207,0.9964169,2,46,0.009300476,0.9956397,2,86,0.00045136633,0.98501456,2,123,0.0,0.9837652,2,150,0.0,0.97254944,2,170,0.0039293617,0.9722097,2,200
259,0.008885172,0.8969769,2,23,0.025041096,0.8958362,2,47,0.01012874,0.82435936,2,69,0.0,0.7501775,0,90,0.0,0.93102956,2,111,0.07822777,0.8804653,0,131,0.0021482308,0.7014922,0,151,0.026881522,0.49716625,0,171,0.025067488,0.41047642,0,197
260,0.0,0.73916703,2,27,0.0,0.65144014,2,47,0.0,0.35143116,2,69,0.0,0.7183844,1,89,0.0,0.34851414,2,111,0.0,0.15673429,1,132,0.0,0.17953931,0,154,0.030918842,0.21986586,1,200
261,0.0,1.0261426,2,25,0.0021918379,1.002374,2,55,0.00042615598,1.0138894,2,75,0.016442057,0.98146504,2,95,0.001616374,1.0122904,2,115,0.018296435,0.98656446,2,135,0.0003855834,1.0040474,2,158,0.01765051,0.998916,2,178,0.009598805,0.94605994,2,200
262,0.00060260284,1.0394163,2,42,0.0,1.0212185,2,65,0.0,1.0590969,2,90,0.0050891624,1.009936,2,121,0.005638691,0.9538411,2,141,0.022671945,1.0053116,2,164,0.0064304285,0.9657302,2,198
263,0.024612125,0.979936,2,20,0.008324105,0.9657057,2,44,0.008936488,1.0199035,2,80,0.000573547,0.95045197,2,100,0.005346997,0.992507,2,122,0.024421938,0.95553,3,142,0.030131169,0.9711995,2,174
264,0.024366481,0.976443,2,28,0.0,0.9884878,2,49,0.0052666143,0.99316007,2,69,0.003351853,1.016222,2,90,0.0,0.97366464,0,110,0.0066294847,0.8433722,2,137
265,0.025188733,0.9504592,2,20,0.011114538,0.9882986,3,40,0.038932435,0.88628614,2,66
266,0.01136088,0.97837764,2,24,0.01283483,1.0111711,2,44,0.0043093557,1.0175458,2,68,0.013879702,0.9491934,2,89,0.013651246,0.8979705,2,116,0.0033018219,0.92854565,2,140,0.009765172,0.9838068,2,163,0.0042233113,1.0400616,2,200
267,0.0039422438,1.0120542,2,21,0.003950547,0.9803612,2,42,0.0061717955,0.98312557,2,63,0.006821955,1.0221658,2,92,0.0012446714,0.9788089,2,112,0.018357372,1.0270318,2,132,0.010589448,1.0052199,2,152,0.017320134,0.9830999,2,173,0.013314264,1.0053277,2,200
268,0.023086093,0.95496327,2,32,0.014800118,0.90521395,2,52,0.019052716,0.9206604,2,72,0.0014084841,0.94941986,2,93,0.0,1.0062994,2,114,0.016098553,0.94322,2,134,0.0,0.8614278,2,154,0.009104901,0.95918876,2,175,0.023887537,0.87437546,2,200
269,0.0,1.0368892,2,26
270,0.0036616712,1.0083282,2,20,0.0058972794,1.02391,2,64
271,0.0054159355,1.0327871,2,21,0.0044074324,1.0021763,2,56
272,0.006685677,1.0468671,2,20,0.021688657,1.0146309,2,40,0.0,1.0306937,2,61,0.0136620095,1.0069785,2,83,0.017623706,1.0083059,2,104,0.01917365,0.985139,2,125,0.0032149032,0.9837643,2,145,0.016560806,1.0114309,2,170,0.002827041,1.0721436,2,200
273,0.012734997,0.97671837,2,34,0.00488129,1.022133,2,56,0.004837852,1.0029266,2,76,0.009362715,0.97723764,2,104
274,0.006543044,0.9027503,2,20,0.004423992,0.93341714,2,40,0.00374152,0.9748351,2,60,0.0070352843,0.96680117,2,80,0.00781928,0.98370564,2,100,0.00778042,1.0119635,2,120,0.00035891347,0.9075098,0,140,0.013293075,0.78919846,2,171
275,0.012761878,0.8633157,2,20,0.034255538,0.9113129,2,47,0.0036118948,0.949601,3,67,0.0117216185,0.9321521,3,88,0.023585424,1.0105332,3,108,0.02980765,0.99027133,3,130,0.028834317,0.7142397,0,162
276,0.002188407,0.8334545,2,32
277,0.00827612,0.970187,2,22,0.007971623,0.99132764,2,42,0.008420416,1.0116487,2,68,0.01636244,1.040849,2,88,0.002018574,1.0527639,2,110,0.0032758184,1.0873525,2,130,0.00666067,0.9504385,2,150,0.010382102,0.9498936,2,170
278,0.0078064837,0.8963574,2,20,0.0,0.9186586,2,40,0.0,0.8471341,2,60,0.0,0.73808646,0,82,0.0,0.7532259,0,102,0.0,0.9316668,0,123,0.0,0.8151749,0,148,0.0,0.9460886,0,168,0.022955768,0.4770698,0,200
279,0.0031425406,0.94761145,0,20,0.02846994,0.7968312,3,40,0.001670819,0.82513416,2,61,0.0052452404,0.71988106,0,87
280,0.009817096,1.0039064,2,22,0.0,1.0355549,2,46,0.004734673,1.0213906,2,66,0.01777067,1.0218616,2,91,0.0018826645,0.9814013,2,112,0.0037139065,1.0081011,2,132,0.004156362,0.99218965,2,158,0.0,1.033762,2,178,0.009227932,0.9618606,2,200
281,0.0,0.99141854,2,28,0.005323795,0.9771081,2,48,0.009591709,1.0096262,2,68,0.010455509,0.9409976,2,88,0.015669378,0.9291433,2,114,0.020464022,0.9601116,2,134,0.045443304,0.94957584,2,165,0.01707367,0.9438537,2,200
282,0.008293623,0.9777113,2,20,0.0038113166,0.9824507,2,43,0.0013516754,1.0377157,2,63,0.0,1.0085754,2,83,0.0,0.9769821,2,103,0.02481058,0.9050752,2,124,0.01386056,0.98532057,2,147,0.020127654,0.92168975,2,171,0.008562208,0.9735049,2,200
283,0.0027461362,0.9891038,2,20,0.013817504,0.9597967,2,44,0.008483838,0.9662961,2,76,0.025165932,0.86021125,2,102,0.009583106,0.96830434,2,122,0.002322,0.946694,2,144,0.016590517,0.9882196,2,170,0.010001561,0.95075893,2,200
284,0.0035167818,1.01259,2,23,0.004727432,0.9604312,2,49,0.011520877,0.9634778,2,75,0.00011363983,1.0378152,2,99,0.00026110985,0.85873914,2,120,0.0070948913,0.9350454,2,141,0.0054189153,0.992345,2,161,0.0026964734,1.0031203,2,200
285,0.0042284485,1.0436491,2,21,0.0013582015,1.0113358,2,41,0.008851019,1.0060111,2,64,0.0,0.9838361,2,87,0.0,0.9206816,2,107,0.0,0.99253607,2,134,0.025048574,1.0032419,2,157,0.019594405,0.9597882,2,177,0.01617812,1.0073653,2,200
286,0.0034206193,1.0058559,2,31,0.0060270005,0.99597347,2,52,0.003703261,1.0262457,2,77,0.0,1.0143822,2,98,0.0,1.0398378,2,118,0.0045692977,1.0120493,2,148,0.014473243,0.96025604,2,169,0.005790874,0.99443644,2,200
287,0.0,0.6761173,2,23,0.020034814,0.83311623,2,43,0.005261884,0.8545,2,63,0.032115497,0.7375691,0,83,0.0,0.40231624,0,109
288,0.015179568,0.92973644,3,36
289,0.019428147,0.9666911,2,22,0.011708173,0.9814555,2,42,0.0047659473,1.032731,2,70
290,0.0057977033,0.9884411,2,22,0.04279409,0.87653106,2,49
291,0.0006689551,0.99098325,2,22,0.003244158,1.023319,2,44,0.009801088,1.0190648,2,64,0.0010442985,1.0163041,2,98,0.014612259,1.0224403,2,118,0.005445412,1.0305189,2,147,0.0,1.0537593,2,168,0.0055159074,1.0170809,2,200
292,0.0013937219,1.0274272,2,26,0.009400463,1.0135857,2,55,0.0,1.0562776,2,75,0.00572253,0.99592906,2,99,0.00796483,0.99495786,2,124,0.0077174176,0.9386291,2,150,0.017198203,0.97102106,2,175,0.0,1.0440327,2,200
293,0.0009637767,1.007438,2,20,0.011038657,0.9942802,2,40,0.03822886,0.9299216,2,60,0.008189658,0.9649713,2,92,0.006881747,0.9595297,2,120,0.014020418,0.9297449,2,141,0.0087253805,0.9550115,2,161,0.0,0.9541191,2,200
294,0.0070645013,0.97156197,2,24,0.0,0.9973252,2,46,0.023294117,0.98245275,2,69,0.001853592,0.942853,2,89,0.005094679,0.97116166,2,114,0.0,1.0023652,2,141,0.0,1.0326601,2,161,0.012153773,1.0176138,2,200
295,0.0018386241,1.0216266,2,21,0.016097624,0.9424485,2,41,0.0014274514,1.0687896,2,62,0.0024274047,0.99959993,2,91,0.018513754,1.0075293,2,114,0.0,0.8357957,2,134,0.0,0.88157034,3,154,0.059973903,0.9099019,2,177,0.04533248,0.9891817,2,200
296,0.0,1.0262102,2,37
297,0.0,0.99200696,2,20,0.0031660844,1.0132836,2,41,0.002771005,1.0336082,2,62
298,0.024953136,0.99173474,2,21
299,0.013840058,0.9699764,2,25,0.0019308303,1.008212,2,68,0.01292123,1.0245775,2,90,0.0,1.0289025,2,111,0.009333743,1.034288,2,131,0.0055624503,1.0221468,2,168
300,0.0020287232,1.046906,2,36,0.0,1.0522918,2,57
301,0.0100642815,0.92804,2,23,0.005509759,1.019258,2,52,0.011524357,1.0135043,2,73,0.000113808084,1.1263574,3,93,0.004631652,1.0370984,2,122
302,0.008225769,0.9540678,2,38
303,0.004704384,0.9798318,2,32
304,0.0063650054,0.9439008,2,22,0.040617667,0.98620343,2,43,0.030110365,0.96875936,2,63,0.0,0.9303551,3,83,0.0,0.9547125,3,103,0.011611631,0.9181142,2,123,0.0,0.8136924,0,144,0.0047653895,0.8909365,2,166,0.028375847,0.68337387,0,200
305,0.013685681,0.9972683,2,20,0.012269535,0.9736438,2,40,0.0,1.0606035,3,61,0.0,1.0818324,3,83,0.0,0.9548362,3,104,0.0,0.88661546,0,124,0.0,0.9914361,0,144,0.0,0.8237702,2,164,0.0077963555,0.86109185,2,200
306,0.008178021,1.0237175,2,23,0.0075587346,1.0102311,2,43,0.008569037,1.0217705,2,63,0.013506387,0.9517631,2,89,0.00041610037,1.0265912,2,115,0.003308745,1.0365298,2,148,0.0,1.0015057,2,168,0.004937576,1.0330255,2,200
