0,0.011388808,1.038628,2,33
1,0.014227512,1.0232623,2,23,0.02415842,0.97926235,2,43,0.006350268,1.092355,2,74,0.012231382,1.075046,2,95,0.0,1.1148822,2,117,0.00022799225,1.0732347,2,144,0.017281305,1.0210739,2,164,0.013512337,0.99129474,2,200
2,0.0033000181,1.048219,2,20,0.009138164,1.0250832,2,45,0.009446672,1.0342666,2,67
3,0.00016532296,1.0474399,2,24,0.04815237,0.9713571,2,58
4,0.011966409,0.98984563,2,34,0.03155393,1.0567154,2,54,0.0035798268,1.0108125,2,76,0.00899999,0.92759085,2,96,0.00041828278,0.92254955,2,123,0.0,0.8561842,2,143,0.0125378845,0.76606715,2,165,0.0,0.8590507,2,200
5,0.0,1.0232551,2,20,0.021569103,1.0083644,2,42,0.0,1.0095183,2,67,0.0,1.0404527,2,88,0.0013129262,1.139311,0,108,0.0,1.1191555,0,129,0.004631522,1.0128924,2,152,0.02959451,1.057999,2,174,0.0,1.0595744,2,200
6,0.001976087,1.0034208,2,23,0.0011440476,1.0811105,2,43,0.0063416427,1.0405799,2,66,0.0,1.0186431,2,86,0.005645399,0.9123295,2,106,0.02289554,0.95837516,2,128,0.0026055712,0.98827916,2,148,0.005933128,0.99792373,2,177,0.008785424,0.97036296,2,200
7,0.015346935,1.0391142,2,20,0.00059879397,1.0501939,2,40,0.009822617,1.004856,2,60,0.001303467,0.9748983,2,84,0.0,1.079295,3,104,0.0021841303,1.0216875,2,127,0.032161217,0.98229283,2,147,0.0021973392,0.9473751,2,171,0.0017953928,1.0163502,2,200
8,0.004205323,1.0650069,2,21
9,0.007777763,1.0271219,2,25,0.014791608,0.9962877,2,47,0.005871435,1.0103939,2,67,0.002345239,1.0226603,2,88,0.003222909,1.0648584,2,109,5.874799e-05,1.0401895,2,132
10,0.0037475377,1.0232642,2,20,0.031209726,0.99876785,2,45,0.0011810035,1.0320631,2,65,0.023956196,0.91843927,2,96,0.0063677817,0.9830362,2,120,0.008103298,0.96209353,2,140,0.016649364,0.9594257,2,175,0.008526331,0.89825433,2,200
11,0.008406621,1.0654995,0,25,0.0,1.0469748,2,46,0.009876145,1.0813918,2,71,0.0,1.0731362,2,92,0.0,1.0910983,2,113,0.0017616964,1.0325917,2,139,0.0073046656,1.0404856,2,159,0.0,1.0261191,2,179,0.0049340087,1.0680673,2,200
12,0.011430872,1.0496234,2,25,0.009327208,1.0142183,2,46,0.010472338,0.9194888,2,66,0.007938682,0.8750437,2,88,0.0016541395,0.91512644,2,108,0.017961958,0.69700307,0,129,0.0047911056,0.80724907,2,149,0.010439026,0.7204641,2,169,0.07026069,0.8572879,2,200
13,0.010654325,1.0156319,2,20,0.0034351589,1.0356879,2,48,0.0039278856,1.0147719,2,81,0.0,1.0348737,2,110,0.0,1.0355413,2,131,0.0056617893,1.0105796,2,151,0.012459159,1.0373312,2,171,0.0019421058,1.1137357,2,200
14,0.007725582,1.0031347,2,23,0.0018366087,1.0344537,2,47,0.0046273908,1.0748827,3,68,0.0,1.0683912,2,92,0.0038624345,1.0436621,2,117,0.0012128599,1.1337045,2,137,0.0,1.0874337,2,170,0.0017490102,1.0456135,0,200
15,0.00580854,1.0462471,2,21,0.005735124,1.029187,2,56,0.0019524747,0.978121,2,76,0.0036582418,0.97594994,2,96,0.010039262,0.9744405,2,122,0.0,1.0111408,2,142,0.0020826762,0.98747313,2,162,0.010722847,0.99434924,2,200
16,0.022129001,0.99501026,2,31,0.0,1.021984,2,51,0.0,0.9178753,2,75,0.005586515,1.0064403,2,95,0.006737536,0.97215706,2,117
17,0.014770696,0.9927642,0,20,0.01493335,1.0493104,2,41,0.0009025341,1.0197507,2,61,0.0027045473,1.0238339,2,81,0.0,1.0239593,2,105,0.0,1.020913,2,132,0.0068129767,0.94720083,2,157
18,0.0011882847,1.0454925,2,21,0.025516173,0.98259753,2,41,0.0022362452,1.031069,2,61,0.011818488,0.9658092,2,82,0.015384574,0.8988942,2,102,0.0064911665,0.9944295,2,124,0.0064088395,0.9515221,2,145,0.0,0.9779026,2,182
19,0.011964394,1.0441992,2,20,0.018593764,1.0241506,2,43,0.017231666,1.032599,2,63,0.0006800334,0.99781007,2,91,0.012024089,1.0566069,2,113,0.0011437684,1.0113734,2,141,0.0008004923,1.027293,2,164,0.0032052223,1.0370928,2,200
20,0.007460013,1.046584,0,20,0.010481485,1.1692984,3,42,0.0,1.071664,3,62,0.0,1.1293013,3,83,0.0058114394,1.0157114,2,122,0.0015452828,0.901629,2,142,0.0,0.9788965,2,162,0.0067931516,0.9326726,2,200
21,0.0043002414,1.0160851,2,20,0.0036186774,1.0554202,2,41,0.020497292,0.9629518,0,61,0.0035782284,0.98539364,2,81,0.016540682,0.9728259,2,101,0.012758626,1.0016886,2,136
22,0.0028920951,1.0279163,2,21,0.013484886,1.0111132,2,41,0.00917188,0.9799501,2,69,0.0030675835,1.0085189,0,90,0.014576045,1.0652891,0,112,0.001689317,1.0101864,2,132,0.0033118655,1.0230281,2,152,0.03363011,1.0163344,2,175,0.0025382184,0.9851142,2,200
23,0.014569724,0.96885854,2,21,0.008079565,0.95497507,2,49,0.010235522,0.9290546,2,71,0.03985551,0.9661069,0,91,0.013499195,0.9047362,2,112,0.040834337,0.8442409,2,133,0.0171355,0.7838849,2,153,0.0,0.66105735,0,173,0.0020159406,0.3013777,0,200
24,0.0032657355,1.0043137,2,20,0.004587579,1.0605713,2,50,0.0038269858,0.9760132,2,70,0.017312285,1.024544,2,91,0.028789636,0.96670514,2,111,0.0037758655,0.95184886,0,131,0.010899379,1.0570972,2,154,0.0,1.0725551,2,174,0.00066115806,1.0641937,2,200
25,0.01421989,0.9763972,2,21,0.033754494,0.9200717,2,41,0.011743138,0.9300853,2,61,0.041283872,0.85690564,2,81,0.011588691,0.89856243,2,101,0.046926163,0.91041994,0,121,0.0,0.8609376,0,142,0.011377814,0.95377994,0,163,0.028510876,0.70600384,0,200
26,0.009154816,0.9880317,0,20,0.008957325,0.9358009,2,40,0.0018510788,1.0845207,3,60,0.0,1.0235826,2,80,0.003661878,1.06247,2,101,0.018935757,1.0354248,2,125,0.00070666807,1.1051285,2,162,0.0040706457,1.0863155,2,200
27,0.011875648,0.97589856,2,21,0.005036212,1.0441687,2,43,0.0,1.0914972,2,66,0.003718141,1.0318315,2,89,0.0076369345,1.0547016,2,109,0.00023322146,1.0710126,2,131
28,0.007451032,1.0203452,2,29,0.0073437486,0.97979075,2,55,0.0,1.0540386,2,77,0.0071022534,1.0186176,2,102,0.003716781,1.0286794,2,125,0.004102474,1.0197301,2,154,0.0,1.0541527,2,176,0.008546707,1.0890014,2,200
29,0.011885306,0.9994815,2,20,0.017657707,0.90553397,2,40,0.016243264,0.8052675,2,60,0.0,0.76419085,2,81,0.032625444,0.5364444,2,102,0.109771736,0.504269,2,125,0.0032685073,0.584315,2,149,0.0049277367,0.73524207,2,169,0.023744091,0.68394935,2,200
30,0.0,0.97863865,2,20,0.030225726,0.9787032,2,41,0.016912889,0.9480753,2,61,0.016215077,0.9682511,2,81,0.022617728,0.93458253,2,114,0.11731525,0.83525383,2,137
31,0.0015592959,1.0050966,2,20,0.0002665719,0.9930174,2,40,0.0015943669,1.0190995,2,65,0.0045101903,1.0201553,2,99,0.030501682,0.98818284,2,119,0.0,1.0212061,2,139,0.0030313348,1.0037916,2,159,0.011917555,1.050266,2,200
32,0.010910416,0.8989857,2,25,0.008584464,0.75684005,2,45,0.0032003117,0.65514785,2,66,0.041681893,0.7125507,2,86,0.04622205,0.41332993,2,107,0.0,0.63940245,0,128,0.0,0.2155289,1,162,0.019692983,0.20564862,1,200
33,0.027778924,0.864649,2,20,0.0,1.0975915,3,40,0.0,0.9991729,2,61,0.0,0.6967041,2,81,0.0,0.63675123,2,101,0.0,0.6935215,0,121,0.0,0.50206673,0,141,0.0,0.69038415,2,163,0.088455096,0.43821394,0,197
34,0.0025742094,1.0192603,2,22,0.0017414517,1.0558084,2,57,0.0065939263,1.0403638,2,77,0.015364643,1.0162604,2,103,0.0074479813,0.98098075,2,126,0.015020786,0.95539963,2,155,0.0,0.8308345,2,176,0.0026792844,0.8946716,2,200
35,0.005997026,1.033489,2,20
36,0.0055498304,0.9688426,2,21
37,0.009567249,1.0154175,2,43
38,0.016978158,0.97540265,2,22,0.0,0.89452446,2,43,0.0009710294,0.68661886,3,72
39,0.008749399,1.0191866,2,22,0.02313385,1.0031806,2,47,0.0010492405,0.9793924,2,76,0.0025526702,0.89638186,2,96,0.03210573,0.9710123,2,118,0.011632973,0.99326986,2,148,0.012656207,0.7669737,2,168,0.06656125,0.8803011,2,200
40,0.0018851727,1.0215436,2,20,0.0029672838,1.0088955,2,49,0.0053410847,0.9214328,2,73,0.0,0.82439584,2,93,0.07448492,0.9703698,2,114,0.0,1.0407579,2,134,0.004145958,1.0210019,2,156,0.008214233,1.0235552,2,200
41,0.005806378,0.98273516,2,20,0.0,1.0709375,2,41,0.002710799,0.9668295,2,61,0.0,1.0161214,0,83,0.0013413883,1.0636666,2,108,0.0,0.81500673,2,128,0.0,0.69867945,2,151,0.038485497,0.6823297,2,186
42,0.004749432,1.0615525,2,22,0.0057475367,1.0732719,2,42,0.010978132,1.0325562,2,65,0.020694995,1.035117,2,85,0.0307179,1.0013148,2,105,0.028428312,0.94172144,2,125,0.0030753422,1.0028323,2,145,0.005203838,0.97271204,2,165,0.00041209772,0.9251872,0,190
43,0.0,0.9947556,2,20,0.0055271075,0.9214876,2,40,0.0,0.89312303,0,60,0.011963376,0.8510616,2,81,0.0,0.8346999,2,101,0.0439205,0.78545636,3,122,0.0,0.6918665,0,142,0.0,0.56028587,0,163,0.054512747,0.77370495,0,200
44,0.006041426,1.0263628,2,21,0.0024419036,1.0282723,2,41,0.00399581,0.96692616,2,71,0.0023426842,0.8965931,2,99,0.033416115,0.9527915,2,120,0.0,0.926153,2,144,0.022848705,0.6045224,2,164,0.015975477,0.84791183,2,200
45,0.0018552552,1.0603759,2,28,0.0021800348,1.09358,2,50,0.0258513,1.0536466,2,71,0.017546412,0.99021685,2,98,0.0,1.0986891,2,121,0.0043257913,1.0731611,2,161,0.022469794,0.95107067,2,200
46,0.0016296929,1.0247705,2,39
47,0.0017313529,0.9945115,2,20,0.021617658,1.0050324,2,44,0.0,1.0344962,2,64,0.0,1.0134597,2,84,0.024597827,0.9610407,2,105,9.602619e-05,0.9670622,2,129,0.0076456815,1.045701,2,149,0.013933965,1.0270102,2,170,0.05201858,0.9541711,2,200
48,0.0,0.9717063,2,21,0.036447566,1.03736,2,42,0.0053743697,0.97467184,3,62,0.014602301,1.0320231,2,83,0.0,1.0167361,2,104,0.03564436,0.9391488,2,125,0.026997875,0.9686736,3,146,0.012254997,0.9091686,2,167,0.019053876,0.73097104,2,200
49,0.0140281515,0.98083085,2,28,0.006208734,0.9894158,2,52,0.0026350054,1.0293903,2,72,0.018800598,0.95164764,2,92,0.0039973184,0.8407195,2,112,0.008741209,0.70274836,2,132,0.0,0.75909525,2,154,0.0,0.6533136,2,174,0.047606833,0.73400474,2,200
50,0.010245433,1.0237349,2,26
51,0.0,0.91928846,2,25,0.0,0.9796268,3,45,0.06219933,0.837585,3,65,0.0535203,0.97955954,3,85,0.0050971224,1.0067298,3,105,0.04519979,0.8514904,3,125,0.0057041757,0.8815287,0,145,0.082077324,0.83010626,2,165,0.0037396406,0.8868739,2,200
52,0.020801589,0.97312635,0,21,0.015581359,1.0036632,2,41,0.0016262087,0.9529606,2,62,0.0005928214,0.9854452,2,82,0.0,0.96719164,2,106,0.009670821,0.90194863,2,138
53,0.0038217609,1.0781598,0,21,0.0,1.065579,2,41,0.0,1.0333536,2,62,0.0,1.0077422,2,83,0.004211907,0.96712947,2,115
54,0.01139056,1.043066,2,20,0.0,1.0680796,2,42,0.0049173874,1.0477749,2,63,0.00096487766,1.0351074,2,83,0.0020194533,1.0856007,2,111,0.005972028,1.0719645,2,140
55,0.0016305404,1.0242134,2,28,0.0018879764,1.0295898,2,54,0.0,1.0519156,2,74,0.004975361,1.0417424,2,96,0.009444344,1.0350025,2,116,0.003857269,1.0083677,2,139,0.001959858,1.0268382,2,161,0.0026001823,1.0117779,2,200
56,6.6412067e-06,1.0101569,2,34,0.0030084057,1.0137873,2,56,0.00630442,0.98710203,2,77,0.0,0.9631623,3,98,0.0,1.0619326,0,119,0.0,0.94572437,2,139,0.0,0.9298872,0,161,0.0,0.86816007,2,190
57,0.015428913,0.7939228,2,20,0.0,0.39693925,3,42,0.0,0.31588206,1,77
58,0.0,1.0054895,2,27
59,0.0057477527,0.9212885,2,30
60,0.029968303,0.95300114,2,20,0.006334593,0.9845563,2,40,0.008632803,1.011802,2,60,0.0019729808,0.96251345,2,81,0.0028034265,0.9492668,2,102,0.0022814926,0.94659823,2,122,0.008793045,0.9998649,2,160
61,0.011033034,0.98807317,2,37
62,0.02697658,1.006251,2,21,0.015676912,0.94109297,2,42,0.0011522537,0.99841434,2,62,0.0,1.0167774,2,112,0.00043446437,1.0008585,2,140,0.0,1.0345888,2,160,0.00048289858,0.9897628,2,180,0.0045229807,0.99417275,2,200
63,0.014903545,0.9931313,2,20,0.020426197,0.9392024,2,40,0.009949274,0.95717514,2,60,0.0055649956,0.92836124,2,80,0.037976786,0.8764983,0,101,0.026171273,0.98926175,2,122,0.014366249,0.9750867,2,142,0.017680004,0.9635129,2,162,0.010896148,0.96172637,2,200
64,0.0002750482,0.96405905,2,32,0.008159,0.9853609,2,54,0.0017901203,0.9909841,2,74,0.0,1.025647,2,96,0.013283769,0.95184267,2,116,0.0016127777,0.9742892,2,138,0.014514072,1.0298173,2,159,0.010079451,1.0554352,2,179,0.0,0.97278804,2,200
65,0.006873722,1.002268,2,20,0.0060821483,1.0347238,2,41,0.0033589664,1.009555,2,61,0.0035712675,0.9720259,2,81,0.0065859966,0.988533,2,102,0.025508653,0.9752757,2,125,0.024276186,0.89111054,2,146,0.018506816,0.9148301,2,166,0.005992922,0.9539207,2,200
66,0.00050380075,1.0139903,2,22,0.011790836,1.0012159,2,43,0.0,0.99092656,2,65,0.007963205,0.9413519,2,85,0.00064507034,0.97997195,2,113,0.002120794,1.0041075,2,134,0.005588226,1.0020739,2,154,0.0005885667,0.95829535,2,174,0.06926433,0.91572005,2,200
67,0.0,1.0316566,2,23,0.004119743,0.95579034,2,47,0.022717215,0.9190593,2,67,0.015196072,0.9800996,2,88,0.0055966615,1.0557269,2,116,0.012979748,1.0407987,2,147,0.0016442566,0.9973511,2,200
68,0.00379004,1.0218507,2,28,0.0151063455,0.9726222,2,49,0.009060401,1.024646,2,78,0.006259973,1.0677645,2,98,0.00422283,1.0167263,2,127,0.0009365044,1.0018512,2,149,0.0,1.0644039,2,169,0.0075371987,0.99542695,2,200
69,0.011813862,0.9624077,2,21
70,0.00041141565,1.0124108,2,21,0.0033977586,0.9941441,2,42,0.00022510326,0.9679342,2,78,0.0015128761,1.0028111,2,102,0.011518458,0.99187696,2,122,0.0012805093,0.9846084,2,143,0.0,0.9439982,2,164
71,0.0061240518,0.9551035,2,20,0.006038776,0.9853907,2,42,0.011074646,0.93540525,2,66,0.0,0.9781299,2,94,0.0,1.074626,2,115,0.0,0.9817821,2,138,0.024146933,0.8703846,2,158,0.0056583397,0.71675706,2,179,0.14493702,0.65152407,2,200
72,0.0016401031,1.0154655,2,20,0.008373894,0.9791025,2,40,0.004733852,1.0348853,2,67,0.006383908,1.0182306,2,87,0.025199158,1.0053904,2,111,0.01772139,1.0193865,2,131,0.0049962495,1.0334394,2,158,0.0031382747,0.9622336,2,179,0.005178993,0.9868055,2,200
73,0.018541006,0.932237,2,20,0.010519197,1.0129256,2,45,0.0027047854,1.0531936,2,68,0.0066589043,1.0319545,2,108
74,0.0042616953,1.0285987,2,23
75,0.008050627,0.9876905,2,22,0.0,0.9918459,2,42,0.017683186,0.95206904,2,64,0.020862034,0.97498286,0,84,0.02879701,0.9442207,2,104,0.002175096,1.0033996,2,124,0.0031531537,0.9506396,2,151,0.002914895,0.96481514,2,175,0.0035178775,0.99258685,2,200
76,0.0,0.7611927,0,20,0.0,0.7894901,2,40,0.0,0.6305958,2,60,0.0008114976,0.27802184,2,82,0.09943827,0.5304859,2,102,0.061382875,0.39329746,2,138
77,0.00968448,0.9709319,2,20,0.0068090595,0.8676294,2,40,0.028141448,0.89031583,2,61,0.019771773,0.8724497,2,81,0.0,0.8803598,2,102,0.013254503,0.8177522,2,128,0.00014322996,0.82877356,2,150,0.024225581,0.78661305,2,172,0.00059181225,0.8302193,2,200
78,0.005524774,0.9805653,2,22,0.004790342,0.992418,3,42,0.0054178224,0.92067736,2,62,0.015511784,0.88980275,2,82,0.006995537,0.78831345,2,103,0.032492112,0.83577883,2,123,0.0032326167,0.8437955,2,144,0.0206905,0.65266794,2,166,0.0055784015,0.5205844,2,200
79,0.00399719,0.9747931,2,22,0.0063544293,0.99171215,2,46,0.0016961999,0.96324885,2,66,0.00022398999,0.9299391,2,90,0.022725806,0.95438844,2,110,0.032643218,0.8687459,2,130,0.028265024,0.93410856,2,150,0.038093906,0.9090389,2,170,0.05668391,0.90800965,2,200
80,0.003853289,1.0258076,2,25,0.005240655,1.0053995,2,49,0.009623426,1.0023302,2,69,0.00013681702,0.9573562,2,95,0.0077722757,0.8830022,2,118,0.0,0.9896957,2,138,0.013482745,0.950439,2,158,0.0003293702,0.9532589,2,200
81,0.0,1.0050061,2,20,0.0,1.0496845,2,41,0.014475519,0.9949041,2,69,0.0,1.053138,2,91,0.0037065067,0.959129,2,120,0.005624474,0.9495717,2,147,0.0050292434,1.0197644,2,167,0.00096929166,0.9552342,2,200
82,0.0012540356,1.0208727,2,33
83,0.0,0.93526417,2,23,0.0,0.89418757,2,46,0.0,0.8062096,2,68,0.0,0.7562564,2,88,0.0,0.6751166,1,111
84,0.01989134,0.97375935,2,20,0.025348559,0.9525779,2,41,0.0019784393,0.93221784,2,72,0.009186307,0.94790363,2,92,0.008700957,0.93509436,2,115,0.027269684,0.9779965,2,136,0.016396841,0.9332098,2,158
85,0.011783282,1.0195211,2,21,0.0054312944,1.0128719,2,41,0.009475161,1.0247467,2,67,0.016779441,0.9799675,2,87,0.00454504,0.96367973,2,108,0.03474571,0.96605825,2,128,0.0025677884,0.94595987,2,152,0.0148896,0.91800433,2,173,0.0100487685,0.9621166,2,200
86,0.0006772305,1.0266619,2,20,0.0052671637,1.0214124,2,43,0.007337356,1.0333604,2,65,0.0,0.98528403,2,93,0.0027597127,1.0239773,2,115,0.0,1.0715169,2,135,0.003132693,1.0087676,2,162,0.010156361,1.0108867,2,200
87,0.0031978772,0.97147214,2,27,0.009110963,1.0091708,2,47,0.01426824,0.98635304,2,67,0.0035418947,0.97303843,2,94,0.007715604,1.0014418,2,116,0.010685283,1.0001737,2,140,0.002926837,1.0396286,2,164,0.0038358064,1.0110548,3,200
88,0.007964985,0.9679342,2,21,0.0147717185,0.899345,2,43,0.0,0.75506175,3,63,0.0,0.6877235,2,86,0.0,0.64760303,1,106,0.0,0.5724735,2,126,0.0,0.6386672,2,149,0.0,0.7020916,2,169,0.01837937,0.82111055,0,200
89,0.008722169,1.0076346,2,20,0.0032819316,0.99900794,2,42,0.0071951384,0.9390541,2,65,0.0,1.0167139,2,85,0.0,0.96994454,2,109,0.0,0.9691853,2,136,0.00024852512,1.052214,0,158,0.017984789,1.0537343,2,178,0.0132513875,0.9777218,2,200
90,0.015713165,0.9715093,2,21,0.0,0.86988294,2,41,0.0,0.7984779,3,62,0.026298705,0.7749218,2,83,0.0,0.9627741,2,104,0.0,0.78330976,2,127,0.0002846246,0.5606047,2,148,0.0,0.7977766,0,168,0.025751041,0.81928337,2,200
91,0.013416584,0.9720017,2,26,0.0022583783,0.9987226,2,57,0.008710145,0.96124196,2,79,0.01571899,0.9784406,2,99,0.013988355,0.8988649,2,121,0.0,0.961223,2,141,0.040975496,0.799505,2,167
92,0.0022297192,0.9148129,2,21,0.011534737,0.90164274,0,42,0.0,0.77354443,2,62,0.0,0.88684016,0,82,0.00397182,0.50201803,2,102,0.0,0.5065502,2,122,0.005431954,0.66584104,0,142,0.0,0.8981778,0,163,0.07729475,0.5539896,2,200
93,0.0010045044,0.9906934,2,26,0.010312963,1.0011973,2,50,0.01776057,0.9692771,2,71,0.005167109,0.95443314,2,91,0.004465283,1.0018954,2,112,0.0021116156,1.0169051,2,133,0.001659361,0.97063446,2,153,0.01858245,0.98370045,2,173,0.01587757,0.9822151,2,200
94,0.00051057315,0.9896349,2,22,0.0066690077,0.986596,2,49,0.0,1.0316241,2,70,0.0023131382,0.99540484,2,91,0.0009878621,1.0562943,2,122,0.0,1.0531586,2,142,0.0027201578,1.0438188,2,167,0.0035740458,1.043489,2,200
95,0.011879021,1.0084236,2,21,0.010794548,1.0101683,2,41,0.0038083128,1.0535992,2,61,0.0,1.0179058,2,81,0.018730704,1.0498608,2,101,0.0038484952,1.0204121,2,122,0.004077698,0.9469446,2,142,0.0053626327,0.9878224,2,162,0.01804886,0.9214174,2,200
96,0.0,0.8708566,2,20,0.018350402,0.8661733,2,42,0.0,0.8247029,0,62,0.0,0.84345543,2,83,0.020659313,0.7278345,2,103,0.0,0.6653584,2,123,0.0,0.49571505,2,143,0.0,0.3293784,2,167,0.042938907,0.2834995,2,200
97,0.0042204848,0.9307373,2,22,0.0024971538,0.9405242,2,45,0.0010967465,0.950909,2,73,0.031764343,0.9025452,2,109
98,0.016653005,0.9957562,2,27,0.017684193,0.9279145,2,52
99,0.0041255443,1.0259948,2,20,0.0171373,1.015352,2,40,0.0,0.9348321,2,61,0.008453408,1.022975,3,81,0.010587068,0.9992233,2,103,0.0,1.0441028,2,123,0.0,1.0546627,2,143,0.0028825912,1.0505213,2,164,0.011149607,0.95585984,2,200
100,0.004743496,0.9762703,2,21,0.0,1.011577,2,44,0.00042633424,0.99084026,2,64,0.041161414,0.93947905,2,86,0.0,0.9043309,2,106,0.0,0.8557512,2,126,0.0,0.8716373,2,152,0.0,0.6683139,2,172,0.010660346,0.6251017,1,200
101,0.02585595,1.0183367,2,21,0.0017841139,1.0547367,2,41
102,0.0,1.0601581,2,20,0.014584552,1.0035027,2,40,0.026756652,0.9688043,2,75,0.052399315,0.9415369,0,95,0.01934491,0.8601184,2,120,0.01505954,0.9384289,2,140,0.03767404,0.9858729,0,177
103,0.0024949592,1.0216515,2,23
104,0.007247741,0.9479333,2,20,0.016791295,1.022998,2,40,0.018750325,0.96652395,2,61,0.009168663,1.0129043,3,85,0.004879712,0.99290353,2,118,0.00019221679,0.9416763,2,143,0.018797144,0.9842895,2,164,0.0,1.0021915,2,200
105,0.0039169155,1.0035145,0,20,0.004115587,0.91728836,2,41,0.0,0.9037696,2,61,0.0,0.87531364,2,81,0.0,0.90729666,3,101,0.0,0.95992476,3,123,0.0,1.2888181,2,143,0.0,0.9836891,2,163,0.0,0.5947354,2,200
106,0.0011259494,1.015387,2,36,0.011325126,0.97954583,2,61,0.0,1.0024886,2,85,0.0027481006,1.0088423,2,107,0.0043886947,0.9508908,2,129
107,0.0,1.0363952,2,20,0.021086583,1.0137813,2,43,0.00018258832,1.0378383,2,71,0.009189886,1.049287,2,93,0.0047416044,1.0602086,2,113,0.02027969,0.9731914,2,138,0.013406082,1.0537213,2,172,0.005771284,1.0479419,2,200
108,0.0,1.0026171,2,24,0.012747152,0.9813166,2,45,0.016601954,1.002057,2,68,0.00624234,1.0260236,2,88,0.012731057,0.95468396,2,109,0.0005542365,0.9951373,2,131,0.017759832,0.9995408,2,151,0.0050433995,0.9654144,2,171,0.0,0.96152383,2,200
109,0.019810969,0.97291243,2,20,0.0057662623,1.01946,2,43,0.0042154407,1.0175484,2,63,0.002249389,0.95499766,2,83,0.01419761,0.968252,2,104,0.001515127,0.99739397,2,126,0.024422955,0.9806496,0,147,0.008261621,0.9840981,2,167,0.017780343,0.9562697,2,200
110,0.0,0.96782124,2,21,0.006670399,0.92492646,2,41,0.0,0.96073043,2,64,0.0017101616,1.0498571,2,85,0.005861778,0.9757863,2,105,0.008339475,1.0277526,2,126,0.017607426,0.9995474,2,150,0.00858254,0.94237685,2,173,0.0032938977,1.0378158,2,200
111,0.017051486,0.97184837,2,23,0.016340358,0.9694553,2,45,0.018266922,0.9380647,2,66,0.0,0.9218861,2,86,0.0121933995,0.9975115,2,106,0.0046572373,0.9921383,2,130,0.006100065,1.024923,2,153,0.027592193,1.0020306,2,173,0.00045819063,1.0087793,2,200
112,0.0,0.89794046,2,20,0.017731542,0.9050837,2,41,0.016338583,0.83671236,2,62,0.021884993,0.74727744,2,85,0.0044606538,0.75013864,0,105,0.008485601,0.570168,0,125,0.0,0.5774083,2,145,0.041032027,0.38704503,2,174
113,0.022604076,0.88701975,2,25
114,0.006045784,1.0201668,2,28,0.0,1.039963,2,58,0.007420782,0.96995634,2,92,0.0028596201,0.99503106,2,122,0.018660067,0.9697248,2,143,0.014060922,0.8786656,2,167,0.0,0.8992647,2,200
115,0.008734816,0.9863811,2,27,0.00573403,1.0084751,2,47,0.003703432,0.99317604,2,74
116,0.0,1.0345466,2,20,0.0086623,0.9870067,2,42,0.00017986292,1.0091505,2,71,0.00563752,1.0073314,2,98,0.0264823,0.9302673,2,125,0.029135717,0.93213606,2,149,0.012655458,0.9228857,0,171,0.002042619,0.89097005,2,200
117,0.0071901395,0.8843664,3,20,0.007982785,0.8522183,2,41,0.010098275,0.8517594,0,63,0.009266899,0.8475708,2,83,0.0047431486,0.946526,2,105,0.0028180305,0.61927634,2,136
118,0.014507134,0.9852076,2,28,0.013826044,0.99344814,2,48,0.008932491,1.0128492,2,69,0.0023457583,0.95578605,2,90,0.005026111,1.0050509,2,110,0.004679436,0.9751183,2,137,0.022010129,1.0018072,2,157,0.009515123,0.9156352,2,180,0.03859816,0.94259846,2,200
119,0.008203425,0.8570383,3,20,0.003621372,0.94108707,2,40,0.014170435,1.0264523,2,60,0.0,0.90618247,2,80,0.0,0.8463192,3,101,0.0,1.0625327,0,121,0.0,0.9209396,2,141,0.009236828,0.9444855,2,161,0.06473727,0.8108827,2,200
120,0.022975288,0.97584504,2,27,0.0017528504,0.9674134,2,52,0.011414257,1.0297929,2,72,0.009614106,1.037032,2,98,0.004959766,1.0328816,2,122,0.0066468525,1.0180548,2,144,0.0,1.0460651,2,174,0.0,0.97062427,2,200
121,0.005185886,0.94907063,2,20,0.0051520457,1.0042034,2,52,0.0,0.9538249,2,72,0.010469172,0.97039366,2,92,0.0026531906,1.0221219,2,124,0.0014443599,0.9700802,2,144,0.003058942,1.0093166,2,164,0.001505124,0.9957079,2,200
122,0.0,1.0425298,2,20,0.0074192556,1.0300622,2,47,0.0040572286,1.0294945,2,67,0.0,1.0412636,2,87,0.008409532,0.9808935,2,107,0.004369668,0.98974425,2,129,0.00087283686,0.9952367,2,150,0.009130907,0.98677415,2,170,0.0034479047,0.99382424,2,200
123,0.012028213,0.99442756,2,20,0.014818923,0.96213555,2,45
124,0.0,1.0319877,2,27
125,0.010085703,1.0084622,2,20,0.006196713,0.97500074,2,47,0.028437901,0.95078576,2,67,0.015781075,1.0464483,2,88,0.007259015,0.9935622,2,108,0.015565054,0.9805612,2,129,0.024095438,0.8814498,3,149,0.009872822,0.925155,2,173,0.0106145255,0.9672675,2,200
126,0.008683951,1.010545,2,20,0.00950917,0.9468917,2,46,0.008468927,0.979488,2,68,0.0113427,0.94140905,3,92,0.0,0.97851056,2,115,0.002457292,0.9567192,3,135,0.012704182,0.99699503,0,156,0.023776557,0.9363292,2,176,0.009067342,0.8878179,2,200
127,0.0030954634,1.0487866,2,34,0.00019593126,1.0101994,2,54,0.0068974267,1.0494777,2,89,0.012569828,0.992941,2,110,0.0013933962,1.0348282,2,131,0.00470922,0.96962124,2,183
128,0.0,1.0448923,2,20,0.0007806552,1.0147302,2,40,0.008120239,0.95906734,2,72,0.0047741914,0.96327657,2,107
129,0.0,0.9816105,2,20,0.024828397,0.9820263,2,40,0.008183946,0.9916831,2,60,0.021644982,0.9234355,2,80,0.008947233,0.9243654,2,100,0.02303477,0.9685991,2,122,0.02067257,0.9516285,3,142,0.0,0.86417633,2,164,0.0023044783,0.8063829,2,200
130,0.003884991,0.9620906,2,21,0.0,0.99056876,2,41,0.0,0.9741122,2,61,0.015108274,0.9809472,2,81,0.0007698077,0.99900436,2,101,0.0035867882,0.9762236,2,126,0.0050589857,0.97635984,2,164
131,0.003279465,0.9950201,2,35
132,0.0065744566,1.0208088,2,22
133,0.0019594098,0.9887447,2,27,0.012156414,0.9847216,0,55
134,0.0048455847,0.9642919,2,20,0.002922849,0.9333135,2,40,0.023062456,0.95832217,2,60,0.0069379658,1.0080329,2,80
135,0.014283762,1.014293,2,33,0.0019272842,1.0264062,2,62,0.024989203,0.99650526,2,82,0.0041275853,0.96093595,2,103,0.004424618,0.9741861,2,126,0.0030725293,0.96713406,2,150,0.015861213,0.9560835,2,171,0.0029446618,0.9849481,2,200
136,0.0018742366,1.002284,2,21,0.0,0.9946495,2,42,0.004462494,1.0210124,2,62,0.0029409411,1.0175682,2,85,0.005664022,1.0195469,2,106,0.011836441,1.0046401,2,126,0.00037142,1.0154936,2,146,0.0078081745,1.0359108,2,172,0.0029415584,1.064155,2,200
137,0.021781307,1.0393884,2,20,0.00023651327,1.0078466,2,52,0.015769813,0.97514945,2,72,0.012274332,0.9964072,2,93
138,0.0063850153,0.95080775,2,24,0.0097424695,0.9830669,2,44,0.03135941,0.99881613,2,76,0.0074822744,0.97918195,2,97,0.0,0.84118193,2,122,0.0,0.80287814,2,149,0.017494977,0.8393015,2,176,0.022578197,0.9620101,2,200
139,0.00037273605,0.4231937,2,21,0.0,0.6855601,2,41,0.0,0.65678716,2,61,0.0,0.6201622,3,81,0.0,0.5267886,0,102,0.0,0.48113674,0,122,0.0,0.5441018,0,142,0.05179312,0.3015531,0,169
140,0.00061130896,1.0240244,2,23,0.0,1.0369763,2,43,0.0025093795,1.0334231,2,65,0.0,1.0441427,2,86,0.0,0.9695052,2,106,0.0069672083,0.9254491,2,127,0.0,0.9597627,2,147,0.0,1.0349519,0,167,0.008610843,1.0261995,2,200
141,0.0036226143,0.98448515,2,21,0.002687491,1.0687722,2,41,2.2864857e-05,0.977217,2,62,0.013420572,0.9966174,2,85,0.0,1.0542012,2,110,0.0,1.0363842,2,133,0.0013212471,1.0283147,2,161,0.0,1.0589907,2,200
142,0.009808121,0.9983649,2,20,0.022289904,0.99297273,2,43,0.0,1.0200444,2,63,0.0,0.9363028,2,83,0.011623365,0.9780706,2,103,0.01990628,0.968346,2,123,0.009155337,0.94968635,2,144,0.023642289,0.9629899,2,165,0.010349068,1.0054039,2,200
143,6.274897e-06,1.0362647,2,21,0.007505921,1.0298555,2,49,0.005782839,1.0108104,2,96,0.0068095936,0.9410216,2,119,0.003959357,0.9868763,2,142,0.0014182476,1.0384899,2,180,0.0054742647,1.0228798,2,200
144,0.009129135,0.9818078,2,20,0.008256465,1.0449499,2,43,0.002330503,0.9709508,2,68,0.011716231,0.9472683,2,88,0.010643261,0.9289123,2,109,0.018473875,1.0235336,2,129,0.022486866,0.9413769,2,150,0.0,0.9152263,2,171,0.009145629,0.95703596,2,200
145,0.0088352095,0.968644,2,20,0.005717679,0.9887539,0,40,0.009147713,0.954781,2,62
146,0.0034402695,0.9722678,2,24,0.0,1.0129681,2,44,0.0,0.94986784,2,64,0.0037620664,0.8744368,2,85,0.04522963,0.84447163,2,106,0.025550622,0.8114686,2,126,0.0,0.8109771,1,147,0.02967062,0.68622595,2,167,0.0,0.2636766,1,200
147,0.00621657,0.9413621,2,20,0.011519335,0.9893651,2,40,0.015058251,0.970506,2,69,0.004158358,0.97764635,2,90,0.0,1.0300192,2,111,0.0,0.93134004,2,134,0.033674188,0.99232465,2,154,0.0068244245,0.9642355,3,176,0.010644972,0.9715216,2,200
148,0.023388732,0.9681783,2,21,0.007110674,0.9554294,2,45,0.02275189,0.9349845,2,70,0.027118564,0.9278302,2,94,0.010397807,0.9470897,2,114,0.028246468,0.973152,3,135,0.0,0.98655194,2,155,0.0,0.81344306,2,175,0.052710276,0.8182664,2,200
149,0.0036361425,1.0538013,2,22,0.0,1.0243441,2,43,0.0029757775,1.0148984,2,66,0.014972627,0.993317,2,99
150,0.0,0.97955185,2,21,0.013168463,0.97412163,2,42,0.035101376,0.88312924,2,62,0.0,0.8455947,2,82,0.00032023704,0.8757219,2,103,0.012195041,0.92720854,2,123,0.0,0.83415186,2,143,0.0,0.8110296,2,163,0.0,0.6556024,2,200
151,0.01870175,0.98618793,2,20,0.009310689,0.9825916,2,41,0.015002096,1.0773605,2,61,0.0010866215,1.1176614,2,83,0.0,1.0509616,2,103,0.0,1.066007,2,125,0.003924542,1.0124325,2,148,0.0059005767,0.9512456,2,169,0.023035888,0.9552095,3,200
152,0.004037385,0.9982522,2,23,0.001097677,1.0186179,2,43,0.0022720373,1.0117556,2,63,0.010340659,0.9590498,2,83,0.009474046,1.0458503,2,107,0.010502579,1.0219057,2,130,0.009113924,1.0850228,3,154,0.012336063,1.0041769,2,174,0.0,1.0108695,2,200
153,0.004541051,0.9911476,2,22,0.0,0.9489683,3,42,0.010522461,1.0162518,2,68,0.0014389111,0.99491954,2,106
154,0.004622218,1.0356853,2,25,6.687585e-05,1.0073885,2,45,0.00393518,1.0055702,2,67,0.0,0.9876276,2,87,0.011516146,1.0084658,2,108,0.011022521,1.0294571,2,129,0.010625532,0.9725635,2,150,0.0004879553,1.0263854,2,170,0.0067156325,1.0442008,0,200
155,0.0018354869,1.0078804,2,21,0.0023896298,0.98301655,2,43,0.025149237,0.9479448,2,63,0.0,1.0410836,2,83,0.0028062377,1.0230597,2,103,0.010205357,0.96004236,2,128,0.0032259536,0.98574984,2,148,0.0113298,0.9687863,2,177,0.006828946,0.98862755,2,200
156,0.00058348925,0.9817642,2,31,0.020101232,0.97214633,2,64,0.032869462,1.0259955,2,84,0.0015845102,1.0483435,2,115,0.00037978543,1.0464685,2,143,0.012547661,0.9734511,2,164,0.0016860305,1.0033848,2,200
157,0.010505522,0.970193,2,20,0.008236641,0.9178192,2,42,0.012039965,0.8688696,2,63,0.0,0.74726194,0,83,0.0,0.46125656,1,104,0.010040844,0.539497,2,124,0.0028915275,0.84754664,2,145,0.0034630224,0.95599586,3,165,0.025575332,1.0124702,3,200
158,0.018542618,0.99402964,2,20,0.009543387,0.9580308,2,40,0.004244226,1.0075811,2,60,0.0,0.93761295,2,86,0.0018590319,0.9698621,2,106,0.014011037,0.97785264,2,130,0.0007223714,1.0142764,2,153,0.018037973,0.98535395,2,177,0.0,0.9458487,2,200
159,0.021631163,0.9145262,2,23,0.0,0.9293576,2,45,0.010594544,0.9322062,2,70,0.0,1.0309021,2,90,0.0,1.0304682,2,111,0.006172523,0.90392756,2,137,0.003433422,0.9455526,2,160,0.0,0.9673354,2,180,0.0,0.9230062,2,200
160,0.0018795893,1.0065824,2,23,0.0,1.0110466,2,43,0.015469893,0.980936,2,69,0.007049859,0.9214361,2,100,0.01245805,1.0550615,2,126,0.017429436,0.9339466,2,150,0.008895017,0.98121774,2,173,0.027945051,0.87047917,2,200
161,0.008871689,1.0396366,2,35
162,0.0040416666,0.9178605,2,20,0.014668298,0.94437075,2,40,0.0,0.8061485,2,61,0.0,0.7078582,2,100
163,0.024476374,1.0015725,2,27,0.0015537456,1.0380962,2,47,0.010829612,0.99727184,2,71,0.011160799,0.9742075,2,102,0.00874488,0.9725644,2,123,0.0029635113,0.9291215,2,147,0.009857482,0.9889234,2,176,0.00017504906,1.0432974,2,200
164,0.0056424057,0.9983007,2,21,0.009457302,0.97481096,2,44,0.00205156,0.97232264,2,64,0.0,0.99367464,2,84,0.0003496933,0.9845153,2,104,0.008319058,0.99104184,2,124,0.0,0.98008823,2,144,0.0058503975,0.9675041,2,170,0.0030207762,0.98521584,3,200
165,0.0,0.85402703,2,23,0.0,0.8705517,2,50
166,0.009439963,0.9867841,2,21,0.0042391485,1.0569346,2,42,0.01266644,0.9764473,2,62,0.0077470527,0.97732556,2,83,0.036790814,0.9052597,2,103,0.022635777,0.89419353,0,123,0.0017287213,0.8990302,2,147,0.018461544,0.77396977,2,182
167,0.020742703,0.93191737,2,20,0.012042143,0.99019545,2,44,0.0,0.9046534,0,64,0.014148949,0.9030096,2,85,0.015859563,0.9023291,2,117,0.0,0.98479426,2,137,0.01475607,1.0370376,2,157,0.021551725,0.90621376,2,177,0.014781133,0.87458545,2,200
168,0.006386904,1.0357491,2,24,0.006799975,1.0705999,2,44,0.0,0.9887703,2,74,0.006331203,0.9617999,2,102,0.0,0.99948436,2,122,0.0,0.97179973,2,143,0.0017515648,0.97425926,0,164,0.0027249502,1.0025935,2,200
169,0.0006163435,0.99032986,2,20,0.010210825,0.9690467,2,40,0.010409875,0.9535966,2,60,0.00080959994,0.9392692,0,80,0.023697065,0.9376378,2,103,0.009420519,0.99106985,2,128,0.013001136,1.0096107,2,150,0.010482105,0.99156797,2,171,0.008136658,0.9700071,2,200
170,0.0036243906,1.0288819,2,22,0.00013155951,0.99708575,2,43,0.018393353,0.9559604,2,63,0.0,1.0251873,2,88,0.0,1.0293591,2,108,0.0,1.0371202,2,131,0.0051524476,1.0303106,2,151,0.008287871,0.9468416,2,171,0.0035280278,0.993674,2,200
171,0.014658068,0.9810362,2,20,0.009312987,0.9828523,2,40,0.0013920201,1.0050452,2,60,0.0050583803,0.94110656,2,85,0.012682414,0.96653104,2,106,0.008009101,0.90146315,0,126,0.010986648,0.8639921,2,146,0.011184843,0.98332036,2,166,0.011562534,0.95937866,2,200
172,0.006042597,0.99001867,2,32,0.017196408,0.9073268,2,53,0.010089822,0.92635936,2,73,0.035302076,0.76941174,0,94,0.0019473417,0.73236525,2,115,0.00062652084,0.7204559,2,135,0.021613544,0.86285573,2,157,0.0,0.93107283,0,177,0.022299338,0.94101566,3,200
173,0.00433917,0.9901391,2,21,0.006574777,1.0086995,2,42,0.009510194,0.96038914,2,64,0.0038277216,0.8569398,2,84,0.02506258,0.90343827,2,104,0.012929122,0.9327081,2,124,0.0010326407,0.97496444,2,144,0.010507939,0.9501075,2,200
174,0.011128499,0.9657756,2,28,0.0,0.98004264,3,48,0.000733461,0.9692173,2,70,0.00498652,1.0140184,2,90,0.00043706349,1.0283082,2,111,0.012894631,0.9985454,2,140,0.010332102,0.97750276,2,166,0.0,0.99871814,2,200
175,0.0026300796,0.9943613,2,20,0.0010465763,0.98012114,2,52,0.022705814,0.97948676,2,76,0.017323116,0.91413015,2,97,0.022850554,0.97452223,2,117,0.0062069474,0.95813024,2,137,0.012304946,0.959976,2,157,0.0092006745,0.9741289,2,177,0.010966149,1.0380218,2,200
176,0.013487697,0.9662609,2,23,0.0040580058,0.9221686,2,44,0.02236825,0.8919319,2,64,0.0029251536,0.9307181,2,85,0.0020922266,0.8617762,2,106,0.19350938,0.71225804,2,126,0.0,0.79028094,2,148,0.04228265,0.68437356,2,170,0.003819094,0.66849625,2,200
177,0.0077158995,0.99255687,2,20,0.005892014,1.029269,2,61
178,0.014079879,0.92405367,2,23,0.01642474,0.9637106,2,43,0.0,1.0460021,2,63,0.0062136767,1.0061364,2,83,0.012032343,0.90821487,2,121
179,0.0,0.98700726,2,20,0.0,0.95695037,2,40,0.011503404,1.0058093,2,61,0.007635153,0.8124612,2,81,0.0,0.6994828,2,101,0.0,0.8327948,0,121,0.0,0.83014935,0,144,0.008709757,0.5463762,0,168,0.0055190306,0.64039946,2,200
180,0.0,0.9843418,2,24,0.0019462351,1.0067432,2,44,0.016174547,0.9799951,2,68,0.015902435,0.9863425,0,89,0.009372541,0.9742014,2,111,0.0,0.95009595,2,133,0.012306115,0.93211085,2,156,0.0,0.8564994,2,176,0.01793637,0.8755023,2,200
181,0.0,0.9994094,2,24,0.009317143,1.009982,2,45,0.013662836,0.9493344,2,71
182,0.001392756,1.0256795,2,22,0.01017471,0.98950523,2,47,0.0,0.97709876,2,67,0.0047354233,0.9310149,2,88,0.014205832,0.98103744,2,112,0.004849045,1.0032477,2,134,0.008788758,1.0298588,2,156,0.0,0.9450232,2,179,0.017870508,0.92333347,0,200
183,0.0058560558,0.99872726,2,21,0.012304323,0.9690299,2,41,0.023869758,1.0018297,2,62,0.011192915,0.89754885,2,90,0.01747673,1.0038843,2,111,0.0035922683,0.929206,2,131,0.0108342655,0.8646111,2,153,0.0,0.9600767,2,173,0.0049012247,0.9469599,2,200
184,0.012822714,0.978584,2,25,0.00091316487,0.90469724,2,45,0.0,0.8774627,2,65,0.002012211,0.8594096,2,90
185,0.0062172785,1.0079414,2,20,0.00050152635,1.0073328,2,40,0.004093982,0.9833167,2,71,0.0015727319,1.0552872,2,101
186,0.006040271,1.0261364,2,21,0.0031499504,0.9500916,2,46,0.014147139,0.96048856,2,68,0.013838738,0.928239,2,93,0.009275799,0.9597946,2,117,0.002583242,0.99439627,2,140,0.014776116,0.98337555,2,162,0.00530481,0.9989356,2,200
187,0.0047605466,0.98212117,2,20,0.011281151,0.9687369,2,42,0.036903042,0.9394921,2,62
188,0.0,1.0441785,2,20,0.012450775,1.0219437,2,40,0.00049764593,1.0466033,2,64,0.0043917955,1.0186963,2,110
189,0.0009345467,1.0072948,2,27,0.0006166494,1.0037085,2,52,0.00077216135,1.0080596,2,79,0.0034779615,0.98293066,2,100,0.011067394,0.94318193,2,129,0.011092192,0.9924346,2,160,0.00022863942,0.9054248,2,180,0.007365722,0.94597054,2,200
190,0.00017842799,1.0217514,2,20,0.004153676,1.0209076,2,41,0.0,1.045937,2,62,0.009721397,1.0013031,2,83,0.020313164,1.0140779,2,103,0.00051642774,0.9572479,2,125,0.0041658254,1.0173235,2,145,0.011781011,0.99920475,2,165,0.0027431182,1.0578841,2,200
191,0.001794238,1.0193452,2,22,0.0025289166,1.0480183,2,43,0.0,1.035116,2,63,0.007871565,0.97832894,2,85,0.0045052064,0.95223224,2,106,0.0006192487,0.88025427,2,126,0.0,0.89642924,0,146,0.0012728096,0.86650527,2,166,0.037981685,0.9002234,2,200
192,0.010092241,0.9464402,2,24,0.008624211,1.0392812,2,52,0.029498473,0.9849389,2,72,0.002156932,0.93842524,2,94,0.021901712,0.9379284,2,114,0.008359666,0.99763435,2,141,0.019246856,0.9323136,2,162,0.013182248,0.9232068,2,200
193,0.009927008,0.9821061,2,20,0.0024498622,1.027332,2,41,0.0023315754,1.0399071,2,61,0.013446853,1.0117528,2,81,0.011514628,0.99874467,2,119,0.0039633317,1.0213195,2,139,0.02309889,1.0022372,2,160,0.007186614,1.0358465,2,200
194,0.0,1.0604866,2,20,0.004263659,1.0267231,2,45,0.0025021625,0.9972417,2,65,0.009977726,0.99562377,2,85,0.0036442233,0.97935224,2,107,0.0,0.96185875,2,135,0.0064540887,1.0263667,3,156,0.008093565,0.98946494,2,176,0.0,1.0100121,2,200
195,0.0,0.91783917,2,20,0.016696943,0.8505509,2,41,0.035895154,0.89363766,3,63,0.03058039,0.8076726,0,83,0.0,0.71118253,2,104,0.005426809,0.55475456,0,125,0.0,0.83387387,2,145,0.0028826112,0.7890028,1,167,0.003711271,0.5337048,2,200
196,0.009641442,1.0046856,2,22,0.009482291,1.0207181,2,45,0.0008208602,1.0588769,2,72,0.0,0.98241884,2,92,0.009386367,0.93103087,2,114,0.0033377402,1.0442376,2,138,0.0065966384,1.0372787,2,159,0.00399129,0.9907864,2,179,0.0,0.99903554,2,200
197,0.01724674,0.95617104,2,21,0.0069902875,0.9866336,2,41,0.006372495,1.0032433,2,78
198,0.0,0.93700916,2,21,0.0089051835,0.8909725,2,42,0.0,0.8788921,2,62,0.0,0.45566535,1,82,0.02508914,0.59541583,2,120
199,0.0,1.0180928,2,20,0.003616906,1.0070792,2,40,0.018732825,0.97790784,2,61,0.011041873,0.97601634,2,81,0.03147174,0.98747855,2,102,0.018435182,0.9585209,0,122,0.03987801,0.9441699,0,142,0.058088526,0.97199595,2,164,0.05683232,0.94794494,2,200
200,0.00062420464,0.9821938,2,20,0.008072798,0.8891261,2,41,0.018664714,0.9867604,2,62,0.0,0.91945994,2,82,0.005027844,0.98662084,2,104,0.0056795515,0.7896715,0,125,0.042759735,0.58397716,2,146,0.21773592,0.46543345,2,166,0.019588891,0.51447564,2,200
201,0.000462361,0.9687076,2,28,0.008645532,1.0199417,2,51,0.0,0.958714,2,78
202,0.0017699385,0.94628346,2,21,0.0035720929,0.92132384,2,44,0.0,0.81657946,2,66,0.02012809,0.8865655,2,86,0.0,0.7685447,2,107,0.0,0.6599244,2,127,0.0,0.28133833,1,151,0.0,0.48206717,2,172,0.0018950384,0.6261487,2,200
203,0.01588632,0.8843358,2,20,0.0,1.027978,3,41,0.0,0.89067644,2,63,0.0,0.9658884,2,85,0.0,1.0311056,2,105,0.022267204,0.84499156,0,125,0.0,0.80810535,2,145,0.027134834,0.8306527,2,168,0.01751926,0.86494136,2,200
204,0.0024238382,1.0272211,2,21,0.018412123,1.1078744,2,41,0.0,1.0822345,2,63,0.0011341596,0.99675405,2,83,0.003282304,0.9287752,2,105,0.044406425,0.843015,0,129,0.0023026466,0.87586033,2,149,0.0,0.80066365,2,169,0.04488185,0.7000226,2,200
205,0.00095897744,1.0230478,2,22,0.013044806,0.9674287,2,42,0.012110599,0.9982679,2,67,0.019549185,0.93801796,2,87,0.00019757179,0.9974407,2,109,0.021288047,0.9841998,2,129,0.028854834,0.97741586,2,152,0.011367277,0.98026234,2,174,0.0013978361,1.0080327,2,200
206,0.0060344404,0.97676164,2,20,0.014799402,0.98046017,2,42,0.0047823,1.0075715,2,63,0.0073848465,1.0089983,2,84,0.005123999,0.94196445,0,105,0.013260663,0.94857615,2,126,0.004885668,0.94995093,2,148,0.021088323,0.9822795,2,169,0.01495512,0.96106267,2,200
207,0.006056857,1.0074264,2,30,0.022287779,1.0471312,2,52,0.0054518757,0.9814167,2,72,0.030663064,0.9681984,2,93,0.015591836,0.87133026,2,113,0.015006409,0.96411556,3,135,0.024541259,1.0038468,2,162,0.007743815,1.0084467,2,200
208,0.0,1.0221673,2,25,0.03368023,0.98495287,2,48,0.03617579,0.9409275,2,70,0.013509187,0.9817338,2,90,0.011573596,0.92695534,2,111,0.03425772,0.77049106,2,134,0.0,0.7347393,2,154,0.01928471,0.7616936,2,174,0.024459962,0.8406724,2,200
209,0.0,1.0191833,3,22,0.025689397,0.9567479,2,43,0.0047368915,1.0110824,2,63,0.025755009,0.97827506,2,86,0.004776864,0.9898646,2,109,0.027615938,0.9053558,2,137,0.0016977608,0.9020217,2,157,0.00756807,0.9689086,2,200
210,0.0,0.99783903,2,24,0.0055262996,0.99332815,2,46,0.01112624,0.979498,2,77
211,0.004282446,0.9711566,2,33
212,0.005567326,0.9860426,2,40
213,0.010188183,1.0222453,2,28
214,0.0,1.051957,2,21,0.0,1.0442264,2,44,0.0026091116,1.0476308,2,110
215,0.017455753,0.86331224,2,20,0.028803566,0.88338345,2,43,0.0,0.866284,3,63,0.009091931,0.79473925,2,83,0.0,0.73177105,0,104,0.009494356,0.69404054,2,128,0.007048611,0.7616918,0,164
216,0.0,1.0295386,2,21,0.0,1.0164508,2,43,0.008244683,0.9746007,2,63,0.012330826,0.9950225,2,83,0.0024652362,0.99731773,2,105,0.011581792,1.0161538,2,130,0.006483339,1.0372039,2,163,0.010224065,1.0266888,2,200
217,0.0073345364,1.0084151,2,25
218,0.0,1.0137817,2,22,0.0032944563,0.9812923,2,51,0.014302574,1.0075983,2,72,0.012643922,1.0223796,2,93,0.00500133,0.9673392,2,120,0.0,0.97580355,2,140,0.010258892,1.0365134,2,161,0.008786412,1.0058622,2,200
219,9.731605e-07,1.0027392,2,26,0.0,0.9534587,2,51,0.023974027,0.90655327,2,71,0.0,0.7260353,2,96,0.0,0.7577604,2,118,0.0,0.8656606,2,143,0.0,0.8722672,2,170,0.0017482542,0.91988236,2,200
220,0.0,0.98647773,3,21,0.0,0.8728282,2,41,0.0,0.76554275,2,79
221,0.0074208807,0.9441372,2,34
222,0.0010265685,1.0312436,3,22,0.0025841878,1.0060041,2,42,0.0008973955,0.96161,2,64,0.0137889655,1.046231,2,84,0.00935786,1.0327393,3,104,0.005471906,1.0296617,2,141
223,0.019641988,0.98152435,2,20,0.0022434779,1.003455,2,45,0.005179062,1.054425,2,65,0.0,0.9588555,2,88,0.03676324,0.9578406,3,108,0.011757354,0.94918567,2,129,0.026433121,0.9029241,2,150,0.053754695,0.9006362,2,170,0.0070200176,0.9528398,2,200
224,0.0048761806,1.0041722,2,21,0.00749711,1.1140273,3,43,0.0,1.0427712,0,63,0.0118015995,0.9559024,2,84,0.003948202,0.97843283,2,111,0.0026496972,0.9293226,2,131,0.0,0.96958685,2,154,0.015785405,0.963048,2,174,0.009452834,0.94077694,2,200
225,0.009027942,0.9905234,2,23,0.010298535,1.0600921,2,46,0.00872273,0.9917728,2,69,0.020826207,1.0082108,2,91,0.01077054,1.0219872,2,115,0.0,0.9793419,2,138,0.010870728,0.9396572,2,160,0.004521589,0.98335963,2,180,0.0044431495,0.9860376,2,200
226,0.016702052,0.9781637,2,20,0.005396737,1.023681,2,45,0.005264766,0.9910023,2,70,0.0007133301,1.024957,2,92,0.0,1.0370572,2,113,0.00034152964,1.0725629,2,134,0.0,0.9775197,2,165,0.0037782798,0.9987281,2,200
227,0.0,0.94383734,2,20,0.0026352643,0.9830702,2,40,0.005752235,1.016988,2,62,0.006302086,0.97137535,2,83,0.008145514,0.9262428,0,103,0.0,0.8626482,2,125,0.0,0.93221366,2,145,0.0017379861,0.78452945,2,166,0.008346866,0.92050546,2,200
228,0.0020999066,1.0110258,2,33,0.0067318534,0.98980844,2,61,0.0037362268,1.0458069,2,83,0.0,0.9578654,2,104,0.000118091375,0.9440772,2,127,0.0,0.8997723,3,147,0.0,0.96844685,0,167,0.0036865699,0.8959187,2,200
229,0.0006589193,0.92013294,2,31,0.0,0.9060174,2,52,0.0,0.6220258,2,72,0.0,0.6791465,3,93,0.0,0.68364304,2,117,0.015902942,0.70852435,2,142,0.0,0.94221926,2,162,0.010597544,0.87123257,2,200
230,0.011871889,0.9825696,2,20,0.04330983,0.94042504,2,40,0.03194814,0.9510848,0,60,0.022437349,0.9458403,2,81,0.035963733,0.95247394,0,101,0.021368597,0.9200579,3,121,0.015775222,0.940475,2,141,0.040164124,0.9251238,2,161,0.03404868,0.9560013,2,200
231,0.0043571116,1.0120709,2,23,0.012041834,0.984355,2,43,0.010615096,1.0047994,2,64,0.011994649,1.0099691,2,85,0.023479464,0.94052345,2,105,0.014435404,0.950782,2,138
232,0.0034439662,1.0427186,2,20,0.008475456,1.0092858,2,40,0.0077966587,1.0085672,2,61,0.0074555115,1.0055916,2,81,0.0015037514,1.0320661,2,104,0.0033439226,1.0189149,2,124,0.00426749,1.0337129,2,146,0.0,1.050914,2,167,0.009742591,1.0519361,2,200
233,0.004216482,0.9896267,2,22,0.010612151,0.8823675,2,42,0.0,0.97450763,2,63,0.0112994425,0.92660517,2,87,0.00819327,0.9028237,2,114,0.023372684,0.9632667,2,134,0.0060432297,0.8523985,2,154,0.04514036,0.770576,2,200
234,0.009551592,1.0001147,2,21,0.009344688,0.87847286,2,50,0.0033480749,0.9821222,2,72,0.004706421,1.0413934,2,92,0.0022022899,0.9657429,2,114,0.0057179616,1.0030715,3,135,0.0,0.88884956,2,155,0.0032704573,0.84701085,2,176,0.012082093,0.5573979,0,200
235,0.011901714,0.9889902,2,23,0.011954979,0.96252024,2,46,0.0,1.0227126,2,66,0.0,1.0238655,2,86,0.0013922609,1.0112091,3,106,0.0,1.0452166,2,126,0.0028513293,1.0560058,2,155,0.0130101135,1.0519791,2,177,0.005164655,1.0188061,2,200
236,0.009902209,1.0091772,2,21,0.013954493,1.0267038,2,42,0.008578328,1.0760494,2,62,0.0,1.0151863,2,94,0.003724336,1.0544299,2,117,0.0060325786,1.0579717,2,137,0.011446819,1.0108119,2,163,0.023934226,0.97693,2,200
237,0.0,1.0069087,2,20,0.008430977,1.004254,3,40,0.0,0.9510784,2,61,0.020392379,0.92302495,2,81,0.0,1.0426551,3,102,0.0,0.80488497,2,123,0.0,0.60155356,2,143,0.0,0.843048,2,163,0.010345513,0.7517418,2,200
238,0.010355959,1.029866,2,20,0.001749488,0.9934941,2,44,0.007916145,0.9716862,2,64,0.00466212,0.9870225,2,85,0.0002753142,0.9859965,2,107,0.059680592,0.98057336,2,127,0.0024551086,0.9843796,0,149,0.024722086,0.95834893,0,169,0.010923258,1.0013717,2,200
239,0.01189349,0.9983102,2,33,0.011420461,0.9970923,2,55,0.0,1.0612518,2,79,0.01072457,1.0654094,3,99,0.010750731,1.0085824,2,125,0.016782865,0.95882636,2,146,0.038513873,0.99628395,2,168,0.048448317,0.9161191,2,200
240,0.0,1.0214374,2,33,0.02657321,1.0013516,2,58,0.009282974,0.9806353,2,78,0.0016036878,0.98621,2,99,0.014366649,0.9584749,2,123,0.0066174516,0.96310925,2,147,0.0,1.0350835,2,168,0.00017015153,1.0325502,0,200
241,0.0002519125,1.027952,2,20,0.0016120337,1.012624,2,42,0.0070301956,0.99683785,2,65,0.0059871557,0.97185946,2,88,0.030275892,0.9569562,0,108,0.01373217,0.9208663,2,128,0.073292635,0.91586524,2,148,0.01612114,0.9209359,2,171,0.010975478,0.94252104,2,200
242,0.0054747188,0.99368346,2,26,0.008454137,0.99649704,2,47,0.0,1.0127313,2,67,0.0,1.0291176,2,93,0.0025177093,1.0234408,2,129,0.0114397565,1.0931048,2,149,0.0053829113,1.002618,2,169,0.0,1.0315548,3,200
243,0.018066088,0.95854074,3,23,0.0078317905,0.77374685,2,45,0.00081288116,0.5845459,2,70
244,0.02149502,0.97865963,2,22,0.00972462,0.98434097,2,42,0.034684993,0.95154417,2,67,0.0190036,0.9417375,2,87,0.051813673,0.91009474,2,107,0.013930958,0.982557,2,128,0.0051710727,0.9582084,2,148,0.020147793,0.9499549,2,173,0.014671286,0.9704648,2,200
245,0.004529068,0.9881526,2,20,0.0054527693,0.9845597,2,40,0.0,0.9763611,2,60,0.0,0.88387775,2,82,0.011363002,0.88316447,2,104,0.025045108,0.91813314,2,124,0.010675673,0.87656677,2,144,0.0,0.84339833,2,166,0.011509139,0.749403,2,200
246,0.0,1.0439092,2,27,0.0076954765,1.0817248,2,47,0.002996232,1.0034662,2,67,0.013957372,0.9932321,2,87,0.001012407,1.0323774,2,110,0.0068587866,1.021391,2,134,0.0,1.0100509,2,154,0.0,0.96184194,2,174,0.0,1.010581,2,200
247,0.0049108556,1.0376958,2,20,0.009125913,1.0034565,2,49,0.0,0.9836072,2,69,7.6410615e-05,1.0270764,2,91,0.0,1.0228766,2,111,0.0,1.0762202,2,132,0.02219381,1.0217377,2,152,0.0028152424,0.98180616,2,180,0.0,0.969391,2,200
248,0.0,0.9459334,2,27,0.0073637576,0.93866843,2,47,0.0,0.9341732,0,67,0.004702774,0.97406703,2,94,0.06311075,0.7665103,0,114,0.00934691,0.71396387,0,135,0.006273139,0.5131301,0,158
249,0.007155204,0.95023453,2,21,0.00043761145,1.018777,2,42,0.014254565,1.0525361,2,66,0.01858354,1.064913,2,86,0.00983689,1.0265626,2,110,0.0035283368,1.049585,2,131,0.0027095648,1.0446675,2,151,0.003964824,1.0097649,2,171,0.00789793,1.0452883,2,200
250,0.012169605,0.97359234,2,33
251,0.0021926195,1.0306059,2,23,0.0,0.8800227,2,44,0.0,0.83005536,2,64,0.015924316,0.921971,2,84
252,0.0028208178,1.0315037,2,20,0.006509668,0.95461154,2,45,0.016565178,0.9737672,2,83,0.080931626,0.9603242,2,104,0.04810747,0.9825005,0,126,0.025389433,0.9591141,0,146,0.01727177,0.93367946,2,166,0.03065895,0.81233805,2,200
253,0.009910364,0.9527134,2,21,0.0015471252,1.0893775,2,41,0.019332588,0.9601769,2,65,0.0007644159,1.043796,2,102
254,0.0025737963,0.93077004,2,20,0.005553962,0.9020535,2,40,0.025254577,0.762176,2,60,0.0,0.69043446,0,81,0.038342677,0.7902121,2,102,0.017503269,0.83731616,2,122,0.06154669,0.83176404,2,143,0.033617903,0.65550375,2,163,0.027374,0.48935312,2,200
255,0.029105514,0.95172757,2,24,0.0135371145,1.0227407,2,53
256,0.010714578,1.0122863,2,20,0.0,1.0275732,2,40,0.0010119282,1.0078471,2,62,0.0152918445,1.001436,2,82,0.0,1.0037519,2,102,0.0023619204,1.0202162,2,122,0.0025353928,0.95742035,2,142,0.0,1.0344443,2,170,0.00023583161,1.0201827,2,200
257,0.05179798,0.8926371,2,21,0.009122791,0.95871794,2,41,0.003036403,1.0614032,2,64,0.019659657,1.0347619,2,84,0.011014486,0.95528936,2,107,0.009881478,0.9917686,2,133,0.012895426,0.78786343,2,159
258,0.009582265,1.0477923,2,24,0.0013418222,1.0203431,2,44,0.0024093073,1.0122358,2,66,0.0049297907,0.9619427,2,87,0.0035962805,1.0048983,2,107,0.005713338,0.9434049,2,129,0.0057717855,0.97835994,2,151,0.0008775088,0.9992325,2,171,0.0093315635,1.0221176,2,200
259,0.01435188,0.98211557,2,20,0.011285214,0.9883767,2,46,0.0043097734,0.95131975,2,67,0.005406097,0.98951864,2,91,0.0027608948,1.0292944,0,111,0.0,1.0323575,2,142,0.0006547887,1.0223445,2,200
260,0.0063753384,1.0033357,2,21,0.0,1.0816709,2,44,0.005049658,0.9770306,2,81,0.007788767,0.985694,2,110,0.025981018,1.0220201,2,131,0.0018551341,1.0423656,2,158,0.016393935,1.0371509,2,178,0.00031904233,1.0244396,2,200
261,0.0018300437,1.0148664,2,25,0.0063242516,1.0698751,2,46,0.010987322,0.9757532,2,72,0.0022676531,0.9729722,2,93,0.0,0.8634824,3,115,0.0,0.7489453,2,136,0.0014866248,0.68694264,2,158,0.009768447,0.83748746,2,180,0.015854403,0.984794,2,200
262,0.0065666456,0.98816025,2,23,0.04835861,0.9558031,2,43,0.0030083586,0.97299707,2,63,0.0013189241,0.9226948,2,85,0.0,0.7229725,2,111,0.003086454,0.6697939,2,131,0.0,0.640758,2,151,0.0,0.47498518,2,171,0.0030616904,0.91714746,2,200
263,0.005571879,0.9503214,2,22,0.002658775,0.8324114,2,42,0.0,1.0037359,2,76,0.0029494385,0.99033666,2,114
264,0.00492396,0.97994673,3,22,0.0,1.0745431,2,63,0.0,1.0827371,2,86,0.0032946782,1.0964733,2,109,0.009824531,1.0270802,2,129,0.0,0.96417135,2,150,0.0005262254,1.0322199,2,172,0.01396011,0.8732563,2,200
265,0.009525384,0.95387465,2,22,0.0,1.030229,2,45,0.009268911,1.0159842,2,65,0.014282547,1.0166105,2,86,0.015921984,1.0333295,2,107,0.0043838476,1.0476308,2,130,0.009075491,1.0002373,2,157,0.0069417483,0.97984904,2,178,0.0020969247,1.0083203,2,200
266,0.0023705072,0.9426695,2,32
267,0.007882632,0.98774004,2,21,0.003502753,0.9560483,2,42,0.0,1.0549599,2,62,0.0,1.1023408,2,84,0.00921694,0.9954958,2,104,0.013180143,0.9775116,2,127,0.011719905,0.97704315,2,148,0.006318988,0.95144045,2,169,0.0,0.9224565,2,200
268,0.0,1.0117973,2,20,0.010240306,1.0100571,2,43,0.004575142,0.96607435,2,66,0.009776787,0.97659785,2,88,0.016030742,0.89615315,2,114,0.0,0.9248872,2,134,0.003848111,0.9445924,2,158,0.0,0.9688868,2,179,0.026798269,0.98138285,2,200
269,0.017871955,1.0380903,2,26,0.009914023,1.0507678,2,49,0.0057590585,1.0431247,2,85,0.0012102193,1.0504267,2,105,0.010590911,1.0067933,2,126,0.0,1.0500907,2,150,0.0,1.004177,2,170,0.0008864915,1.0489068,2,200
270,0.008933261,0.9550749,2,20,0.0,1.0092607,2,40,0.009159358,0.95943063,2,65,0.014637307,0.9753434,2,91,0.0025128308,0.9436828,2,111,0.00010211393,0.9065991,2,133,0.0005456599,0.9063555,2,153,0.008404009,0.9580228,2,173,0.0,1.0467738,2,200
271,0.009810182,1.0141939,2,20,0.0006765883,0.9675703,2,40,0.0019239216,1.0088929,2,63,0.026241621,0.9601437,2,84,0.0,1.0050886,2,105,0.010228193,0.9806006,2,132,0.008567288,1.0279447,2,156
272,0.0,0.9817236,2,20,0.00042607606,0.9972623,2,40,0.020101354,0.76227814,3,60,0.024761338,0.9078115,0,80,0.0057655647,0.94718724,0,100,0.005565195,0.9123985,2,120,0.0,0.9690704,2,143,0.056404743,0.9399985,2,164,0.021770993,0.90831256,2,200
273,0.0,1.0610099,2,23,0.0010469127,0.96672344,2,47,0.004866195,1.0042698,2,76,0.0,0.9807197,2,97,0.0032729923,0.9884529,2,133,0.003619596,0.9833364,2,154,0.0,1.0540653,2,175,0.010572946,0.98978704,2,200
274,0.0,1.0092235,2,22,0.009652662,1.0202546,2,42,0.014787932,0.99217933,2,63,0.0,0.9948798,2,84,0.004655581,1.0025928,2,104,0.006569793,0.96528834,2,133,0.0071191527,1.0232811,2,158,0.0008693261,0.9562334,2,178,0.008131581,1.0428538,2,200
275,0.0067922156,0.9889412,2,25,0.012314236,0.9770924,2,45,0.0,1.0075587,2,66,0.0,1.0626582,2,86,0.012346745,0.97240907,2,129
276,0.01416249,0.9378563,2,20,0.01726037,0.9921275,2,53
277,0.0048581054,0.98440444,2,23,0.002425119,1.0401319,2,43,0.0027408677,1.0142425,2,65,0.010573174,0.982375,2,85,0.016962806,0.9533815,2,111,0.0024959357,1.0384753,2,131,0.0021606723,0.98721176,2,153,0.0122884605,0.9446481,2,173,0.016650785,0.96766317,3,200
278,0.0,0.9681492,2,24,0.016610168,0.9952774,2,45,0.013270247,0.9951231,2,65,0.005478079,0.9597289,2,85,0.0081885215,0.99095225,2,106,0.0058463668,0.9529988,2,126,0.004626844,0.987372,2,152,0.0,0.9881719,2,172,0.002384095,1.0029325,2,200
279,0.0007768087,0.9854467,2,27,0.012439614,1.0480238,2,48,0.006936947,1.0145139,2,72,0.0051575247,0.99639994,2,93,0.013108604,0.9475821,2,113,0.004125896,1.0275686,2,133,0.0,1.0080714,2,157,0.0,1.0098146,2,177,0.011512287,1.0122385,2,200
280,0.006629842,0.95552313,2,20,0.017521886,0.96209985,2,44,0.013678911,0.9974154,2,64,0.028400848,0.9424836,2,88
281,0.005032712,0.9890603,2,23,0.0002551414,1.056673,3,43,0.0109236585,1.0073787,2,76
282,0.0,1.0393567,2,21,0.0,0.9897394,2,41,0.0,0.9493165,2,62,0.0011286422,0.95066506,2,84,0.0033793696,0.9812778,2,104,0.017504217,0.9696579,2,128,0.0,1.0218964,2,150,0.02122493,0.9629038,3,170,0.008183244,0.8825989,3,200
283,0.003755015,1.0310504,2,22,0.008171585,1.0363908,2,46,0.008653707,1.0075326,2,74,0.007885341,1.0050087,2,102,8.124951e-05,0.9714134,2,124,0.0028808953,0.9624739,2,155,0.0039388696,0.99717176,2,176,0.0014047219,1.0269874,2,200
284,0.010775159,0.98025256,2,26,0.0,1.0147548,2,47,0.0011444378,0.9947325,2,67,0.010886998,1.0147239,2,90,0.013225601,0.94357795,2,128
285,0.014052644,1.0267677,2,24,0.00869331,0.98768693,2,44,0.005137532,1.0516593,2,73,0.001169689,1.0482795,2,108,0.0,1.0054982,2,128,0.0004782947,0.9914237,2,151,0.009402098,0.98458505,2,178,0.0053544175,1.042617,2,200
286,0.008192502,0.9969791,2,20,0.027006384,0.99964017,3,40,0.0038703124,0.96266973,2,62,0.007691816,0.93960035,2,85,0.04441521,0.9561369,2,105,0.04748767,0.9184185,2,125,0.0357655,0.94554555,2,145,0.0072373557,0.93677586,2,166,0.012205466,0.98878366,2,200
287,0.0009268926,1.0438964,2,20,0.0024935924,0.9068781,2,40,0.0,1.0942681,2,60,0.009727853,1.0116334,2,82,0.008725111,0.97351915,2,106,0.016073618,0.9167435,2,131,0.005758676,1.0204291,2,153,0.009356101,0.98121744,2,174,0.01467366,1.0133138,2,194
288,0.00603387,1.0016769,2,20,0.0,1.0574903,2,43,0.016608544,1.0281299,2,63,1.5731994e-05,1.079972,2,83,0.0,1.064367,2,103,0.0,1.0395344,0,125,0.0,0.99882126,2,145,0.010256934,1.038529,2,170,0.0,1.0464916,2,200
289,0.025078056,0.82092,2,22,0.017619535,0.9458893,2,42,0.028805567,0.54813015,0,64,0.0074996995,0.56575185,2,84,0.050833724,0.7039343,0,104,0.00061449077,0.5596331,0,126,0.0,0.16156061,2,146,0.009632684,0.21969792,2,167,0.24664657,0.2388457,2,191
290,0.019050049,0.9605276,2,23,0.0022699505,0.9777123,2,43,0.0,0.91663283,2,66,0.01600457,0.8032177,2,86,0.017544933,0.43976283,1,107,0.0,0.58677995,1,127,0.03026442,0.40349153,2,148,0.0024693166,0.57130796,2,168,0.020462241,0.5049619,2,200
