0,0.008397292,0.99660754,2,24,0.0011059046,1.0205905,2,44,0.0038302997,0.9885146,2,70,0.010508609,0.979776,2,90,0.008887939,1.0271755,2,112,0.009100459,0.9493053,2,134,0.0,1.0075392,2,154,0.00209941,0.9274847,2,176,0.0,1.0125815,2,200
1,0.0050404994,0.99640113,2,21,0.010243534,1.0213553,2,41,0.018647175,0.9255765,2,61,0.010721812,0.94677436,2,86,0.015427159,0.95214313,2,113,0.017738305,0.8821934,2,133,0.0018736429,0.7007202,2,153,0.046904705,0.69446826,2,173,0.0,0.5562305,2,200
2,0.0027948644,1.0568857,2,23,0.008445205,1.0105598,0,43,0.0,1.0101177,2,65,0.0,1.015914,2,86,0.01529862,1.0070659,2,108,0.001278478,0.9471636,2,128,0.021741346,0.9159945,2,148,0.019306688,0.91513443,2,168,0.014351566,0.9472819,2,200
3,0.0033846383,0.9635196,2,24,0.0015112703,1.0706584,2,44,0.0031118589,1.0506526,2,79
4,0.0024811418,1.0203685,2,32
5,0.012643849,0.95852673,2,20,0.0026694278,1.0274698,2,51
6,0.009546572,0.96913946,2,34,0.019816019,0.9075431,2,66,0.0144882705,0.9372441,2,86,0.0033751852,0.9560251,2,106,0.0021140915,1.0106325,2,126,0.016402321,0.98428893,0,148,0.0,1.0513968,2,168,0.0028875791,1.0430826,2,200
7,0.0008748395,0.92905813,0,25,0.03064022,0.9686435,2,45,0.022259353,0.91317093,2,66,0.0016884428,0.9837664,2,86,0.032558974,0.97888875,2,108,0.013022557,1.0188282,3,128,0.00012494648,0.9817199,2,150,0.02128185,0.8725468,2,171,0.005902671,0.9928008,2,200
8,0.0,1.0003326,2,20,0.0038133594,1.0049422,2,49,0.007820955,0.9921417,2,69,0.018544095,0.95860124,2,93,0.007226049,1.0028594,2,113,0.007924301,0.9692669,2,133,0.01369041,0.92890406,2,154,0.020599985,0.95713377,2,174,0.041439,0.9098653,2,200
9,0.0,0.8214196,0,21,0.025799528,0.84067255,2,42,0.0,0.8812593,2,62,0.0066607357,0.9048124,2,84,0.0,0.8761914,2,106,0.0011360445,0.9014435,2,142
10,0.009761926,0.9556464,2,20,0.0026922685,1.0146633,2,40,0.010541577,0.9342688,2,61,0.009947342,0.9842957,2,84,0.0021165176,0.9632346,2,111,0.0069215065,0.992037,0,131,0.016672494,0.9842699,2,153,0.0062018493,0.9865201,2,173,0.013471026,0.9605713,2,200
11,0.0,1.0603616,2,20,0.0068763136,0.9769736,2,55
12,0.0014611814,0.9779347,2,28,0.007733458,1.0352979,2,50,0.009586755,1.0080941,2,71,0.007916648,1.0009629,2,94,0.00018625733,1.0412645,2,115,0.004924496,1.0393072,2,139,0.0033881785,1.045279,2,160,0.004306661,1.0376068,2,180,0.017715383,1.0709996,0,200
13,0.0033579692,0.96581966,2,21,0.01881773,0.92790735,2,47,0.050536167,0.9583467,3,67,0.008627851,0.89796513,2,88,0.031749953,0.85385644,2,108,0.0007294915,0.9569993,2,131,0.0,1.004349,2,155,0.0018871044,0.9810612,2,176,0.0,0.98322207,2,200
14,0.0,0.77156687,2,20,0.0,0.7324794,2,40,0.0,0.87038696,0,60,0.0,0.62010187,2,80,0.0,0.3274155,1,100,0.08272968,0.26527557,0,123,0.100195505,0.23576994,0,143,0.021474123,0.26663154,0,163,0.23420767,0.18636303,2,200
15,0.027100202,0.9600728,2,20,0.0007297349,1.0141171,2,40,0.0,1.0782404,2,61,0.002990872,1.034411,2,81,0.020981682,0.96011907,2,103,0.0,0.940381,2,126,0.0,1.0036081,0,147,0.0,1.0982767,0,167,0.0,0.9461508,2,200
16,0.005457568,1.0069923,2,23,0.0022656294,0.9831997,2,44,0.0037588438,0.9715896,2,68,0.0,0.9577565,2,88,0.022225318,0.9767357,2,108,0.04006893,0.87475353,2,131,0.015938988,0.98297375,2,152,0.04385497,0.8954409,0,172,0.02134642,0.9548944,2,200
17,0.014224874,0.94902533,2,20,0.005924792,0.98261344,2,40,0.016062913,0.84144413,2,72,0.008869072,0.7149359,2,92,0.031903245,0.7756592,2,112,0.07527814,0.8439809,2,132,0.008194797,0.86646044,2,158,0.0017496895,0.8095997,2,178,0.04597162,0.7995425,2,200
18,0.011683365,0.8622778,2,20,0.0,0.9256664,2,42,0.0,0.92231673,0,62
19,0.0029185864,1.0002414,2,32
20,0.0040796855,0.9900421,2,32,0.01172162,0.99275666,2,75,0.02136516,0.91754097,2,96,0.026826592,0.9408093,2,118,0.032405782,0.9958644,2,139,0.031052878,0.944989,2,159,0.0010653419,0.9450271,2,180,0.0061373655,0.944893,2,200
21,0.016786551,0.9425476,2,20,0.0,0.93586487,2,41,0.024158087,0.9856521,2,62,0.005328863,0.8349846,2,82,0.013586141,0.96791065,2,103,0.016092613,0.9167012,2,123,0.018601298,0.9050522,0,143,0.0,0.9366207,2,163,0.022602126,0.90912867,2,200
22,0.0031777967,1.0414419,2,33
23,0.027147513,0.95023954,2,20,1.0485315e-05,0.99557596,2,43,0.0024663608,0.9735622,2,66,0.016524773,0.9311584,2,86,0.0008640713,0.9302061,2,106,0.0064479993,0.8052398,2,126,0.0028685662,0.7990246,0,146,0.0548851,0.75535566,2,166,0.015987573,0.6465719,0,200
24,0.004534145,1.049379,2,23,0.013248043,0.973959,2,48,0.013453496,0.9447654,2,68,0.006071674,1.0039452,2,88,0.010212381,1.0488125,2,108,0.0029992517,1.0135528,2,128,0.0031157169,0.98288107,2,148,0.0021594292,1.0012066,2,168,0.004445225,1.0243944,2,200
25,9.270247e-05,1.0642457,2,31
26,0.0037242672,0.96925926,2,38
27,0.0,1.0675257,2,29,0.0,1.0482866,2,56
28,0.009487822,1.0062577,2,23,0.016082842,1.0338763,2,60,0.0,1.0395911,2,80,0.015279547,1.0224885,2,103,0.0036495354,0.96946746,2,127,0.0046929503,1.0026263,2,153,0.0065785605,1.0359478,2,174,0.0016718487,1.0568932,2,200
29,0.0006225797,0.9950959,2,20,0.0431441,0.9525944,2,40,0.019689133,0.9192113,2,65,0.017364599,0.9797416,2,86,0.0066618784,0.98280895,2,106,0.011726629,0.93032694,2,126,0.018382356,0.87903136,2,153,0.042063657,0.9158644,2,177,0.013926913,0.9771675,2,200
30,0.0075147264,0.9651069,2,23,0.0015680608,1.0036217,2,53,0.0,0.9771732,2,73,0.0,0.9081324,0,94,0.0054231645,0.9718239,2,117,0.018603187,0.9850622,2,138,0.00499129,0.9339117,2,158,0.0063985945,0.947896,2,178,0.009558438,0.9937277,2,200
31,0.002666235,0.8172452,2,26,0.0042390637,0.6589494,2,49,0.0,0.58540577,2,71,0.0,0.78887564,0,95
32,0.019518053,0.8959791,3,22,0.0038335673,0.90006506,2,45
33,0.009078172,1.0202185,2,21,0.021610886,1.0189372,2,41
34,0.012740996,0.9559901,2,25,0.011410369,0.9291771,2,53,0.022367377,0.9140541,2,73,0.014128941,0.91307414,3,93,0.0,0.8585432,2,113,0.0011989126,0.8474552,0,133,0.016601712,0.87106484,2,154,0.0047895676,0.9969026,2,174,0.032559298,0.97126985,2,200
35,0.009340317,0.9838689,2,20,0.01731944,0.92082417,2,40,0.0009553158,0.88455427,2,67,0.0,0.79678017,2,87,0.0,0.7930391,2,107,0.0,0.7322702,2,127,0.0,0.7427458,2,148,0.0,0.77513945,2,171,0.011354023,0.9018794,0,200
36,0.008654397,0.9690856,2,21,0.023540506,0.96907836,2,41,0.009985317,0.955532,2,67,0.0019982313,1.0360961,2,87,0.012012008,0.9466955,2,111,0.018534178,0.95729357,2,136,0.020782243,0.9762722,2,159,0.0007529025,0.86387455,2,198
37,0.0063771373,1.0264857,2,21,0.002202055,1.0014669,2,42,0.0032585983,1.0069937,2,65,0.0004691024,1.0174445,2,88,0.00982146,1.023295,2,108,0.0021593273,1.0329497,2,139,0.0,0.9789235,2,163,0.0067209466,0.9580773,2,200
38,0.008969387,0.94544506,2,20,0.0,1.0259098,2,41,0.006026288,1.0148028,2,61,0.0010546723,0.9283161,2,81,0.009705437,1.0739038,2,101,0.0014826917,1.0332742,2,122,0.0076688835,1.0089389,2,142,0.0,0.94816244,2,162,0.007567266,0.9716753,2,200
39,0.0016172021,0.99275124,2,21,0.00935942,1.0132158,0,43,0.0007378976,0.858177,2,63,0.0,0.98341525,3,88,0.016734855,0.92542475,2,109,0.038042624,0.96334505,0,129,0.0012639395,0.8887442,2,149,0.053776823,0.90314186,2,169,0.0771505,0.8441544,2,200
40,0.01486467,0.9780261,2,20,0.0138041265,0.97798777,2,41,0.008555728,1.0000491,2,61,0.0,1.017034,0,81,0.0,1.0304239,2,114,0.0022680757,0.9373902,2,139,0.0,0.8084599,0,160,0.0,0.9884324,2,180,0.052433558,0.8847082,2,200
41,0.0083088465,1.0136396,2,22,0.0,0.99347425,2,46,0.02272222,0.9831501,2,68,0.027004153,0.9399403,3,88,0.0,0.99951667,3,108,0.0,0.946274,2,128,0.0007569531,0.99647284,2,148,0.01179781,0.93351936,2,168,0.005497464,0.99690866,2,200
42,0.0,0.96084595,2,21,0.015215985,1.0137733,2,42,0.0,1.0498968,2,62,0.0,1.0048419,3,83,0.0,0.9991486,2,104,0.008274728,1.0168374,0,124,0.011294314,1.0334734,2,145,0.0016645322,1.0090846,2,179,0.0061019184,1.0531158,2,200
43,0.003941456,0.98657465,2,29,0.0038178978,0.99393165,2,54,0.0106455805,1.0125232,2,74,0.0045552915,0.9748988,2,94,0.008097461,0.9859811,2,126,0.0039432906,1.0475191,2,147,0.005858544,1.0249404,2,169,0.0203518,0.96442306,2,200
44,0.0,0.95493937,2,20,0.009197129,1.0055411,2,40,0.022529528,0.95550317,2,60,0.0,0.9994359,2,80,0.00059037947,0.8117059,2,101,0.011798568,0.8876459,2,122,0.0,0.8439611,2,144,0.0,0.71020633,2,164,0.007403912,0.8497526,2,200
45,0.0035485916,1.0114846,2,20,0.014814869,0.9998851,2,40,0.0,0.9972456,2,60,0.011410878,0.9597161,2,81,0.022268089,0.9527907,2,103,0.0029526842,0.91058505,2,123,0.0,0.84275997,2,143,0.04174652,0.9341456,2,163,0.01512382,0.93897176,2,200
46,0.0,0.990164,2,21,0.002630794,0.9741147,3,41,0.014834745,0.9500302,0,62,0.027759437,0.92195207,2,82,0.010165651,0.8963026,2,113,0.031572293,0.9098965,2,134,0.02259111,0.9390593,2,155,0.016187733,1.0116576,2,180,0.0,0.9077307,2,200
47,0.00067996734,0.9437632,2,26,0.0,0.91160107,2,46,0.018918505,0.6893574,0,77
48,0.012828955,1.0068097,2,20,0.015408432,0.9244491,2,45,0.0,1.0024652,3,65,0.00073149113,0.9057821,2,87,0.022421446,0.9919235,2,107,0.0053975615,0.9119756,2,131,0.019555189,0.9053468,2,155
49,0.0048199324,0.99798566,2,20,0.019886693,0.9258092,2,43
50,0.0038904292,1.0073936,2,20,0.011570662,0.99844897,2,41,0.0,1.0117357,2,61,0.00058287673,1.0154182,2,81,0.0147089055,1.0324935,2,104,0.0036205421,1.0358282,2,124,0.012512128,1.034158,2,144,0.025570722,0.9412387,2,165,0.004973039,1.0020156,2,200
51,0.013607433,0.95782435,2,20,0.0,1.0618496,2,40,0.0020450382,0.98180723,2,87,0.012736429,0.79940194,2,108,0.019072998,0.8459118,0,128,0.0,0.70835817,0,150,5.7419675e-05,0.75613755,0,171,0.001560847,0.73382294,2,200
52,0.0036449418,0.9969858,2,20,0.0008838417,1.0585473,2,41,0.0026923963,1.0253766,2,61,0.009719859,0.983498,2,82,0.012924644,0.99704254,2,102,0.017928576,0.9495471,2,122,0.012645084,0.97017306,2,144,0.0,0.93518496,2,165,0.0067882612,0.8144616,2,200
53,0.01847408,1.0144281,2,21,0.0007471388,1.0529163,2,41,0.011324029,0.98609173,2,61,0.002030693,1.0177933,2,81,0.0056471196,1.0072932,2,107,0.0,1.0377978,2,127,0.0,0.98499423,2,147,0.01779609,0.9595812,2,167,0.0013365576,1.0038991,2,200
54,0.002948963,0.9802876,2,25,0.008672578,0.9659833,2,45,0.013309866,0.914244,2,65,0.005888985,0.91258335,2,87,0.02371051,0.88927597,2,108,0.0,0.861689,2,129,0.0,0.894353,0,150,0.0,0.89507097,2,191
55,0.0027897551,0.96769005,2,21,0.0033842693,0.9446123,3,41,0.0,0.9796605,0,61,0.0,0.9966785,2,81,0.0,1.0012943,2,107,0.002863387,0.864875,2,127,0.014382368,0.87436366,2,160,0.024641585,0.85799825,2,188
56,0.019079296,0.99060774,2,23,0.0004921337,0.9407264,2,44,0.012513661,0.949128,2,67,0.01162393,0.9422237,2,89,0.0060814754,0.96618456,2,111,0.0,0.94598913,0,131,0.022665996,0.90191925,0,151,0.0,0.9215911,2,172,0.0033375067,0.889571,2,200
57,0.0,0.99503237,2,24
58,0.0018564367,1.0416968,2,20,0.0,1.0201519,2,43,0.012417407,0.9900564,2,63,0.012880474,0.9936364,2,83,0.024203386,0.96243006,2,108,0.0,0.9028791,2,128,0.008326708,1.0703803,2,155,0.0,0.9389936,2,175,0.0064581945,0.88494456,2,200
59,0.0013697887,1.0079247,2,36,0.0069698556,1.0013404,2,58,0.028126737,1.0025702,2,81,0.0046657585,0.93126255,2,103,0.024524344,0.9926285,2,126,0.008970559,1.0424982,2,148,0.001663103,1.0267493,2,200
60,0.0,1.0033672,2,23,0.012542665,0.9665745,2,46,0.005308606,0.9804349,2,69,0.01590494,0.98865604,2,91,0.0049958015,1.0002414,2,111,0.010031556,0.97914946,2,139,0.0,1.0558186,2,160,0.010632979,1.0091772,2,200
61,0.0040208446,0.9886751,2,20,0.009119836,0.9843332,2,41,0.0075637526,0.9152156,2,68,0.0,0.94956243,2,88,0.016438803,1.0118741,2,110,0.006768759,0.97770864,2,131,0.0,1.0004777,2,155,0.0067559765,0.96631587,2,175,0.011911498,0.9021971,2,200
62,0.005462111,1.0052952,2,20,0.0,0.97324425,2,41,0.011344863,1.0182009,2,61,0.0,0.91986984,2,83,0.0,0.95148504,2,103,0.0,0.93564403,2,123,0.017435657,0.9812202,2,152,0.0,0.9046324,2,172,0.0,0.74545515,2,200
63,0.00474957,0.99118644,2,21,0.010814818,0.9279788,2,41,0.003426224,1.0344305,2,63,0.0068577076,0.9701369,2,85,0.023397341,0.98638815,2,106,0.014693729,0.90412486,2,127,0.0043076416,0.970893,2,147,0.012477728,0.9578439,2,167,0.011800236,0.9134886,2,200
64,0.0083023505,1.0262377,2,21,0.020574208,0.98424006,2,49,0.0012489004,1.0093445,2,84,0.010729699,1.0304823,2,107,0.0053829164,1.0233754,2,127,0.008262298,1.106189,2,153,0.0082620485,1.0237267,2,177,0.0034522822,1.058322,2,200
65,0.009841834,1.030856,2,21,0.006395335,1.0429149,2,66,0.0067290417,1.0249686,2,92,0.027904963,1.0130292,2,112,0.011518357,0.92474955,2,132,0.025020324,0.94724524,2,161,0.0076568555,0.98758787,2,200
66,0.0031250892,1.0044771,2,22,0.0023652858,1.0593241,2,42,0.0060816896,1.0745132,2,67,0.006100354,1.0033803,2,89,0.012052806,1.058763,2,109,0.010841374,1.0550733,2,135,0.013584043,1.0134505,2,159,0.0,1.0229053,2,179,0.0,1.0276468,2,200
67,0.0,1.008481,2,20,0.0052992413,1.0617491,2,40,1.9611884e-05,1.0418286,2,60,0.015467637,1.0565523,2,95,0.0,1.0218129,2,115,0.000558455,1.0112184,2,136,0.010168603,1.0234996,2,162,0.015485179,0.9621723,2,200
68,0.002743403,1.0121299,2,20,0.013311956,1.0169345,2,43,0.001025499,1.0170941,2,68,0.0007738987,1.0363735,2,88,0.0063643116,1.0589055,2,110,0.011689324,1.0298966,2,130,0.0,1.0456474,2,150,0.0012029514,0.9886943,2,200
69,0.0037021025,1.0104359,2,26,0.004409805,0.99204046,2,46,0.005947862,1.026826,2,84,0.005434578,0.98212343,2,126
70,0.00044587275,1.0398242,2,30
71,0.0006657717,1.0323067,2,20,0.012504024,0.9756403,2,40,0.004338655,1.0097551,2,69,0.005212304,0.9249195,2,94,0.002279324,0.94528663,2,114,0.0047914684,1.0195729,2,139,0.0059861867,1.0726465,2,160,0.0012990114,0.971772,2,180,0.0,0.96948946,2,200
72,0.0,0.9877189,2,20,0.0027713883,0.988375,2,62
73,0.02520285,0.931307,2,20,0.007079647,0.99128723,2,40,0.0019980466,0.979835,2,62,0.0009821486,0.9966227,2,82,0.0054746554,1.0184447,2,107,0.008209497,1.0089355,2,130,0.010893599,0.9903496,2,152,0.0045294203,0.939711,2,180,0.011486968,1.0064726,2,200
74,0.0013281907,1.0652201,2,38
75,0.0,1.0059645,2,21,0.004478211,0.95702344,2,49,0.0065233014,0.8868781,2,72,0.028929422,0.9663091,2,93,0.017377865,0.9600719,2,113,0.0035299398,1.0196991,2,133,0.008565393,1.056749,2,157,0.0028059916,0.99108803,2,177,0.0,0.99385244,2,200
76,0.01246382,0.97906196,2,23,0.0002721941,1.0369148,2,43,0.0,0.9927041,2,64,0.00697319,0.96748734,2,92,0.0,0.8612245,2,112,0.0028346118,0.8725993,2,133,0.013201561,0.8934545,2,155,0.0,1.0047731,2,176,0.031583045,0.8268855,2,200
77,0.06629364,0.88423884,2,20,0.01875336,0.881356,2,41,0.05346309,0.6816478,2,61,0.0062941313,0.7238099,0,81,0.008985681,0.80479825,2,101,0.19385874,0.6036583,0,121,0.06870384,0.5464232,0,143,0.0,0.7430769,2,163,0.0,0.403458,0,200
78,0.0012108791,1.0433137,2,20,0.0038071924,0.9777514,2,42,0.02928478,1.0083737,2,64,0.0,1.0189586,2,84,0.0014643534,1.0075421,2,111,0.010149193,1.0032471,2,133,0.011219491,1.0526794,2,153,4.399917e-05,0.97279125,2,177,0.0,0.9670073,2,200
79,0.005918342,0.97811824,2,35
80,0.0008294198,0.8974189,2,25,0.010367747,0.99351376,2,46,0.0,0.9916927,2,66,0.0,0.87762386,3,87,0.0,1.0002768,0,107,0.0002170329,0.7270082,2,127,0.0,0.69164467,2,156
81,0.0009479871,1.0547501,2,22,0.0,1.0421574,2,44
82,0.0014490256,1.0785016,2,24,0.0076736347,1.0558664,2,44,0.00083361415,1.0602869,2,65,8.911728e-05,0.98851824,2,86,0.017348154,0.9342289,2,107,0.0,0.94411296,2,127,0.01754831,0.9257165,2,148
83,0.012739434,0.9533,2,28,0.02179413,0.9586711,2,48,0.018713852,0.9813874,2,69,0.025913322,1.0054473,3,89,0.0,0.8712068,2,110,0.0,0.46069497,2,130,0.0,0.50920606,1,150,0.0,0.37106094,1,173,0.0,0.41384664,1,200
84,0.010151466,0.95179236,2,20,0.01141713,0.9446453,2,40,0.017452482,0.92492133,2,60,0.016125936,0.84821826,2,81,0.0,0.82451266,2,102,0.0,1.0047983,2,123,0.0,0.8310565,2,143,0.0,0.81468976,2,163,0.0025164296,0.8271004,3,200
85,0.0032748275,1.0407988,2,20,0.005504474,1.0053066,2,40,0.01040346,0.9412031,2,60,0.025834572,0.9262828,2,83,0.0031667065,0.94952726,2,110,0.019968122,1.0147269,2,134,0.00018372442,0.97249174,2,154,0.011735126,1.0060482,2,174,0.0044418657,1.0380437,2,200
86,0.011601128,1.0126024,2,21,0.0012117499,1.0583818,2,47
87,0.0,1.0250795,2,23
88,0.0065372144,0.9442081,2,23,0.003113785,0.74809444,2,44,0.0,0.69849145,2,64,0.0,0.6920996,2,85,0.019535827,0.6188223,2,106,0.0,0.62276727,2,126,0.0,0.36329916,3,146,0.0,0.21195123,1,167,0.008736519,0.2136469,0,200
89,0.00266576,1.047182,3,21,0.008141409,0.988386,2,41,0.0010404057,1.008877,2,64,0.009658407,0.99400365,2,86,0.004129034,1.0207947,2,107,0.001580727,1.025061,2,127,0.0024011019,0.96766806,2,148,0.016128613,0.88897806,2,172,0.0053102677,1.0322465,2,200
90,0.0049676676,0.97581327,2,30
91,0.007061135,1.0320332,2,20,0.0018157625,1.0277576,2,45
92,0.0036024805,0.93990195,2,20,0.014119244,0.9456308,2,42,0.014758751,0.84541243,3,62,0.023602692,0.97659665,0,83,0.050553728,0.9803258,2,103,0.0017751472,0.9995138,3,123,0.01326553,0.9920138,2,143,0.0,0.831577,2,163,0.0021755805,0.8097943,2,200
93,0.0,1.0044315,2,20,0.0024655166,0.9938505,2,40,0.02528349,0.9384012,2,66,0.008333519,1.016483,2,109,5.4325348e-05,1.0347122,2,129,0.03162337,0.9547714,2,150,0.018973531,0.9041075,2,172,0.0018265817,0.8723045,2,200
94,0.014812938,1.0155288,2,22
95,0.0,1.1370139,2,21,0.0,1.0716745,2,43,0.003937444,0.9833796,2,66
96,0.015487911,0.9819978,2,20,0.011755381,0.70232797,2,40,0.053417895,0.86797166,2,64,0.0,0.8499902,2,85,0.010437625,0.83154786,0,105,0.0,1.1101068,3,125,0.0,1.036806,2,145,0.0,0.70229524,2,174
97,0.0,0.9694972,2,20,0.0017063974,0.9848119,2,40,0.014570679,0.9491615,2,61,0.017337147,0.9019798,2,82,0.0,0.83980745,2,108,0.0,0.83412176,2,134,0.0,0.6821438,2,159,0.0,0.7089082,2,179,0.02927863,0.94430554,0,200
98,0.00031177767,0.95843405,2,25,0.033143517,0.93704736,2,47,0.004186517,0.9553383,2,69,0.023874683,0.9571641,2,89,0.008054205,0.90262026,2,119,0.025248349,0.8950506,2,140,0.04810234,0.99990875,0,160,0.053098597,0.99766237,3,180,0.025162855,0.9086194,2,200
99,0.06160084,0.9035492,2,20,0.013774931,0.9175018,2,41,0.0,0.9092047,2,63,0.008440023,0.80610436,2,83,0.0,0.878785,2,104,0.0038317125,0.60867447,2,127,0.0,0.6232701,2,147,0.08465604,0.48867127,2,169,0.167364,0.55327195,2,200
100,0.0050840913,0.976497,2,20,0.0105074365,0.98192847,2,40,0.019615047,0.9822335,2,61,0.008308209,0.96607095,2,84,0.0011675053,1.048808,2,110,0.018547745,1.002993,2,139,0.0012453389,1.0186663,2,162,0.015135264,0.98709756,2,196
101,0.0,0.9522256,0,22,0.0113784075,0.8648564,0,42,0.030579165,0.64169896,2,62,0.0,0.55799073,0,82,0.0,0.42747194,0,102,0.0022085928,0.45517558,1,122,0.094825655,0.28557688,0,155
102,0.010701196,0.9890743,2,36
103,0.012553495,1.0124228,2,23,0.012519809,1.0318106,2,47,0.006703785,1.0023346,2,70,0.015587045,1.0289046,2,93,0.0,1.0204582,2,113,0.006175292,0.9545813,2,134,0.00026322046,0.98453075,2,154,0.0029149735,0.99037886,2,175,0.0,0.98601836,2,200
104,0.0011720704,1.0082538,2,20,0.013529813,1.0134912,2,42,0.0070385486,1.0285652,2,68,0.0049945074,1.0313349,2,89,0.0030125096,1.0094699,2,109,0.010031554,0.994648,2,130,0.008534916,1.0153674,2,152,0.004858857,1.0038414,2,177,0.013205282,1.0425376,2,200
105,0.032873083,0.95340836,2,20,0.010687623,0.9288788,2,40,0.0030724783,0.9798287,2,60,0.00026902332,1.0056021,2,80,0.00028387737,1.0208927,2,100,0.0,1.0857551,2,121,0.0037303434,0.99019897,2,156,0.007223754,0.86003226,2,176,0.008741224,1.0185702,2,200
106,0.0,1.05821,2,24,0.012409129,1.0051827,2,46,0.0032292856,0.9459683,2,72,0.010295984,0.9087191,2,94,0.025896475,0.9177014,2,114,0.01379935,0.88981783,2,135,0.0067755976,1.0624006,2,156,0.0015815716,1.0111175,2,200
107,0.0022805664,1.0454311,2,20
108,0.0046681054,1.139504,3,20,0.0,1.0821955,2,44,0.0,0.4972797,0,64
109,0.0091536455,1.0083407,2,21,0.004988049,1.0325369,2,43,0.007884416,1.0477719,2,64,0.0074226046,1.029537,2,84,0.0146218715,1.0452816,2,104,0.013707849,1.0208547,2,126,0.011882012,1.0552402,2,161,0.02265192,1.0320987,2,200
110,0.015009326,1.0315797,2,20,0.018266853,0.98708296,2,40,0.0037995242,1.0256034,2,60,0.0,0.96223813,2,82,5.055349e-05,1.0320963,3,102,0.00017262492,0.95871735,2,122,0.008150955,1.0042862,2,146,0.009345596,1.0663564,2,167,0.003788316,1.0262051,2,200
111,4.7791153e-05,1.0136473,2,25,0.0,1.022889,2,51,0.0,1.0038993,2,71,0.0053543774,0.95677376,2,94,0.008460075,0.9779137,2,117,0.008676334,1.0061436,2,158,0.0033895895,0.9985627,2,178,0.006270708,0.9494589,2,200
112,0.0030235527,0.9778952,2,26,0.0049137906,1.0115476,2,46,0.013839751,1.0044346,2,69,0.012101537,1.0113115,2,90,0.005888245,1.0070001,2,113,0.006035247,0.985067,2,133,0.01188961,1.0120149,2,156,0.0041748537,1.0327252,2,200
113,0.007475988,1.0121028,2,20,0.0026737757,1.0385406,2,43,0.0103950035,1.0486913,2,64,0.011498524,1.006496,2,96,0.007749567,0.99558,2,120,0.008522048,1.0077978,2,146,0.0025234718,0.9575241,2,166,0.00869946,1.0058149,2,200
114,0.009821461,0.9714487,2,22,0.028095024,0.99848104,2,43,0.0075154854,0.9620609,2,63,0.020923724,0.96959925,0,83,0.005667236,0.9070868,2,105,0.00014468236,1.0114148,2,125,0.0,0.9477762,2,145,0.0002909259,0.9009693,2,165,0.027307937,0.8323007,2,200
115,0.010597612,1.0311432,2,33,0.013258141,1.0083017,2,53,0.018570332,0.98751587,2,78,0.008381772,0.966483,2,98,0.04285174,0.9768602,2,119,0.0050864704,0.9233967,2,139,0.02042906,0.98066187,2,159,0.0059730187,1.0654453,2,200
116,0.0025821987,0.9694071,2,20,0.014355318,0.97620875,2,42
117,0.036980476,0.9252241,2,24
118,0.0027275225,1.0183485,2,27,0.005877367,1.0115792,2,50,0.012410895,0.99646163,2,72,0.0037372299,0.99122524,2,92,0.012911615,0.9263899,2,113,0.0024888036,1.0419064,2,140,0.0024834357,0.98208976,2,163,0.018876772,0.9763196,2,200
119,0.0103787985,0.9510811,2,20,0.016120896,0.9506798,2,43,0.0012052708,0.8782711,2,63,0.004895116,0.9809149,2,83,0.0,0.98636234,3,103,7.0737864e-05,1.0099094,3,123,0.0057079615,0.94293404,3,145,0.023824545,0.9617313,3,165,0.0149672935,0.9814768,2,200
120,0.01602269,0.93973696,2,20,0.0027141091,0.97924227,2,43,0.002452109,0.98545766,2,64,0.009775075,0.9526371,2,84,0.010723606,0.89630127,2,110,0.009254957,0.9235059,2,152,0.009076311,0.95590854,2,174,0.0,0.534919,2,200
121,0.0009690309,1.0548675,2,20,0.016461978,0.99134886,2,40,0.011955549,0.99252325,2,68,0.0080177495,0.93867797,2,88,0.014361427,0.9209988,2,109,0.019509107,1.0196315,3,129,0.0024392183,0.8415941,0,149,0.0035605405,0.94434136,3,170,0.00425718,0.85672444,2,200
122,0.016457373,0.9903083,2,34,0.020099657,0.95351255,2,73
123,0.002169097,0.9191489,2,29
124,0.0,1.039819,2,20
125,0.0040815156,1.001964,2,22
126,0.0011037505,0.97939545,2,21
127,0.0012330896,0.9806137,2,29,0.0003674118,1.027675,2,52
128,0.014817843,1.0034391,2,20,0.0003443231,1.0578854,2,51
129,0.0,0.95681804,2,22,0.014302873,0.86252236,2,56
130,0.0,0.950076,2,20,0.005765668,1.0227907,2,41,0.004323383,0.9661859,2,61,0.010372119,0.9833256,2,82,0.02267798,0.9815772,2,108,0.007821354,0.97378683,2,145,0.0,0.9540454,2,165,0.013995206,0.993826,2,200
131,0.003860768,1.022451,2,20,0.0,1.0335493,2,56
132,0.0,0.9983727,2,20,0.0071032327,1.0097036,2,52
133,0.008243107,0.9771404,2,21,0.009327141,1.0147451,2,42,0.0,0.958321,2,62,0.0,0.9691762,2,83,0.0,1.0864785,0,106,0.0,0.72235155,0,127,0.0,0.8166642,0,152,0.0,0.77420855,0,173,0.006556153,0.6462478,0,200
134,0.005530059,0.98552287,2,22,0.012280908,0.99715745,2,42,0.0,1.016174,2,70,0.003933454,0.98642427,2,95,0.007799146,0.96778613,2,116
135,0.0,1.0110132,2,21,0.008392308,0.98542523,2,45,0.023931058,0.9800734,2,66,0.0,0.9923568,2,86,0.012999259,0.99909264,2,113,0.029376939,0.9636961,2,133,0.008959049,0.9937294,2,153,0.00978451,1.0215033,2,200
136,0.010178315,0.95598495,3,23,0.0,1.0810455,3,43,0.004310001,1.0176944,2,67,0.0028604078,0.86131346,2,90,0.034880646,0.77079546,2,110
137,0.019642496,0.628749,2,20,0.0,1.3379328,0,40,0.013249856,0.9655477,0,60,0.014080687,0.45615408,0,90
138,0.0,1.0360829,2,20,0.020344978,0.96050674,2,40,0.0047689895,0.980585,2,67,0.0108350245,0.9361599,2,89,0.02684522,0.89435375,2,127
139,0.0,1.0467432,2,20,0.01139697,0.983602,2,41,0.003579013,0.9874392,2,63,0.010048269,1.024604,2,85,0.0,0.94362956,2,108,0.00091533933,1.0093551,2,129,0.0,1.0349027,2,150,0.0,0.93767184,2,170,0.0025770094,0.77553743,2,200
140,0.009227725,0.9336699,0,20,0.025315622,0.8238238,0,40,0.0,0.69180375,2,61,0.0,0.64516795,2,81,0.0049306364,0.9403944,2,101,0.005752149,1.1604769,2,122,0.0,0.9579713,2,142,0.017877234,0.38667116,0,162,0.08262163,0.7545822,2,200
141,0.006583655,0.9849287,2,20,0.005381074,0.9735408,2,44,0.02188882,0.935113,2,65,0.015527165,0.97191143,2,85,0.010197993,1.0160099,2,110,0.016874123,0.9731963,2,130,0.015530689,0.8908078,2,150,0.007817852,0.7073334,2,173,0.0004940998,0.57091224,0,200
142,0.022516916,0.9429821,2,20,0.0,0.8600941,2,43,0.0,0.85653085,2,63,0.006403162,0.8215294,2,83,0.012015211,0.8057766,2,105,0.005387425,0.8474246,2,131,0.015275173,0.8967355,2,151,0.03530635,0.7916732,2,172,0.0026004245,0.90641123,0,200
143,0.0,1.0311705,2,22,0.0,0.96529424,2,42,0.0,1.0087193,2,62,0.006857173,1.0283911,2,82,0.022268401,1.0170008,2,108,0.008013211,1.0369623,2,129,0.00818163,0.95899934,2,149,0.005056275,0.98514783,2,172,0.0049285037,0.9533076,2,200
144,0.017404485,0.9936586,2,34,0.005641323,1.0341605,2,54,0.0017708645,1.0253432,2,76,0.01608461,1.0613042,2,96,0.017313607,1.036682,2,116,0.0,1.0362462,2,139,0.003996475,1.0438821,2,168,0.00052296126,1.1231866,2,200
145,0.021244377,1.0061914,2,20,0.006046308,1.085656,2,45,0.0020981734,1.01486,2,70,0.0,1.0549878,2,94,0.0,0.9650027,2,120,0.0,1.0236714,2,140,0.0014073624,0.8937384,2,160,0.019343536,0.870288,2,200
146,0.00808719,0.9710633,2,21,0.007994473,0.9922474,2,41,0.0022673414,0.9744032,2,61,0.0,0.9951954,2,81,0.0,1.0357916,3,102,0.010760403,1.004699,2,123,0.0050577987,0.9726051,2,146,0.0048689083,0.98931074,2,174,0.0028265656,0.9806666,2,200
147,0.02669267,0.8884239,2,20,0.0025082752,0.851739,2,41,0.0023913998,0.85172045,2,61,0.005178493,0.82987344,2,84,0.0026194563,0.8232044,2,107,0.008547353,0.84639704,2,127,0.0,0.36718124,0,152,0.01176286,0.3693737,1,200
148,0.0055175205,1.0096728,2,24,0.0,0.98309135,2,49,0.012314849,0.91716224,2,73,0.010123165,0.98591435,2,93,0.009309706,0.99241287,0,113,0.011256449,0.93614864,2,133,0.037456516,0.9922449,2,153,0.0146012455,0.9741271,2,173,0.02091799,0.8057221,2,200
149,0.012666688,1.0533557,2,29,0.0071440022,1.0442983,2,58
150,0.0,0.90418416,3,20,0.0023137596,1.1273206,2,40,0.01042901,0.79584664,0,70
151,0.00415095,1.0565602,2,22
152,0.0082234265,1.0097624,2,33
153,0.002155102,0.94301987,2,20,0.003543038,1.0281754,2,40,0.0051258127,1.000523,2,62,0.0022455724,1.0168277,2,82,9.239687e-05,0.98428035,0,103,0.014457503,0.8330992,2,123,0.026907677,0.73045915,2,146,0.018249264,0.8338453,2,166,0.02178494,0.72683054,2,200
154,0.002995488,1.004014,2,22,0.007437547,1.0119586,2,53,0.014604243,0.99657935,2,93,0.0,1.0159352,0,116,0.0021832534,1.0494304,2,138,0.010824226,1.0209739,2,159,0.0019006794,1.0194763,2,200
155,0.007341901,1.0293401,2,22,0.00025209933,1.0179276,2,46,0.0027056045,0.976095,2,66,0.0,0.9677018,2,86,0.0,1.0599227,2,106,0.035088427,0.91664493,2,127,0.0,0.98956907,2,147,0.0035617682,0.9412122,2,167,0.012462393,0.92261,2,200
156,0.0031613787,1.0111817,2,21,0.011193434,1.0195267,2,44,0.027583744,0.9171358,2,65,0.004210553,0.9987404,2,93,0.035556577,0.9925413,2,113,0.0,0.9736776,2,150
157,0.001507396,1.0251044,2,24,0.0069003077,1.0079404,2,44,0.003125536,1.0108224,2,67,0.0002595996,1.0260339,2,88,0.0,1.0622821,2,110,0.0026702466,1.0238565,2,136,0.0028364637,0.9970611,2,156,0.001364896,1.0191479,2,177,0.009632524,0.96897906,2,200
158,0.02918703,0.9747924,2,22,0.012180443,0.9752097,2,49,0.01614382,0.97387993,2,72,0.012767305,0.94338095,2,92,0.020695439,0.98436004,2,117,0.01882773,1.0055345,2,138,0.0035263754,0.9980421,2,158,0.051367294,0.89789927,2,178,0.090667136,0.6579366,0,200
159,0.012724078,0.99686474,2,26
160,0.0,0.993937,2,23,0.008441037,1.0333104,2,44,0.0015486281,0.9811046,2,76,0.020028494,0.94298697,2,96,0.013082284,0.92688996,2,120,0.002412651,0.90204304,2,144,0.014615672,0.9702817,2,164,0.005952021,0.98638356,2,200
161,0.0031597756,0.91749173,2,20,0.012503074,0.9012893,2,55
162,0.0039543496,0.99617136,2,28
163,0.0027116463,1.0237057,2,28
164,0.0,1.0459021,2,20,0.018843371,0.9925248,2,44,0.011558503,0.9452024,2,66,0.011133316,1.0199314,2,89,0.0,1.0466607,2,109,0.0,1.0678879,3,129,0.0,0.99687874,2,149,0.009877586,1.0228726,2,169,0.0,1.0485741,2,200
165,0.01013413,0.9971834,2,28,0.025447886,0.96252567,2,51,0.0,1.0094149,2,71,0.027447242,0.98909515,2,97,0.005498807,0.9697303,2,125,0.019577213,0.9158207,2,147,0.010065586,0.91095597,2,175,0.050083775,0.94237685,2,200
166,0.0,1.0018785,2,20,0.0027971396,1.0273803,2,47,0.011426295,1.0008947,2,68,0.005750649,1.0182557,2,111,0.018848745,0.9480271,2,135,0.00029904456,0.9732912,2,159,0.0,1.0362072,2,179,0.0014059829,0.9890931,2,200
167,0.007242825,0.9739619,2,29
168,0.010284794,0.9990443,2,41
169,0.011056291,1.0304261,2,20,0.0,1.0374365,2,40,0.006044399,1.0194348,2,61,0.012077045,0.994856,2,81,0.0014064173,1.0532298,2,103,0.00022010616,0.9953342,2,125,0.010122703,1.0136735,2,165,0.0073437104,1.0127587,2,194
170,0.0040705204,1.0376296,2,41,0.007812888,1.0542896,2,82,0.0,0.989914,2,108,0.0,0.96834546,2,129,0.0034402448,1.0937272,2,155,0.0017825086,1.1615077,2,175,0.0,1.1289535,3,200
171,0.0030576184,1.0198613,2,40,0.016005674,0.9730069,2,60,0.0031163807,0.9186027,2,81,0.009643186,0.9660896,2,103,0.012777686,0.95789707,2,130,0.0072815362,0.9554919,2,151,0.013728137,1.0038859,2,175,0.008902657,1.0414714,2,200
172,0.019232605,0.96450716,2,23,0.0081793545,0.9619522,2,45,0.0,0.9165354,0,65,0.0,0.98876673,2,87,0.0041072196,0.97207314,2,108,0.0,0.91066515,2,130,0.0022707111,0.805075,2,150,0.009700471,0.61448395,2,171,0.024265362,0.816379,2,200
173,0.028335452,0.95752007,2,21,0.010906021,0.9445006,2,42,0.044926804,0.95398116,2,65
174,0.007341633,1.0327394,2,20,0.0,1.028938,2,49,0.005380108,0.99305826,2,70,0.0075032776,0.9657358,2,90,0.018845811,0.9650431,2,111,0.030110722,0.9632527,2,136,0.007901578,0.9409546,2,158,0.0,0.9792132,2,179,0.00662582,0.9927127,2,200
175,0.007909675,0.9575544,2,21,0.00982959,0.9508123,2,54,0.0062797302,0.84775954,2,74,0.0,0.74482596,0,96,0.0,0.97739506,0,118,0.022447743,0.8835994,2,138,0.0054404875,0.92387474,2,158,0.004103878,0.91615343,0,178,0.0025861086,0.979851,2,200
176,0.0023229644,0.98149663,2,33,0.0,0.9971693,2,57,0.004593535,1.0311971,2,86,0.007023719,0.93917966,2,112,0.009043993,0.9377506,2,141,0.0,1.0342234,2,163
177,0.003011947,0.97342086,2,26,0.006031902,1.0107762,2,51,0.0023559222,0.8854481,2,73,0.0,0.99069315,2,95,0.0,0.98945767,0,117,0.0,0.92866105,2,137,0.046616517,0.82419604,2,157,0.051077396,0.5493444,2,177,0.10447164,0.5232271,2,200
178,0.013509212,0.96728563,2,20,0.0,1.0365806,3,40,0.019583978,1.0141448,2,69,0.0,0.9683633,2,89,0.0042826245,0.98647165,2,109,0.0,1.0604076,2,133,0.0023343156,1.0235122,2,153,0.0,1.0112084,2,173,0.01616883,1.0308589,2,200
179,0.0044485894,1.0268235,2,22,0.005558557,0.98155755,2,50,0.00045290287,1.0444604,2,74,0.020838123,0.9790878,2,97,0.0055698417,1.0299332,2,131,0.0055996077,1.0329503,2,151,0.013082957,0.9630612,2,172,0.002263794,0.98960656,2,200
180,0.0039761416,0.93533975,2,20,0.0013011664,0.98896444,2,40,0.0,0.9675521,2,63,0.004934566,1.0053853,2,87,0.0,1.0679777,2,107,0.0,1.0146819,2,129,0.0,1.0066603,2,150,0.002008693,0.9796007,2,170,0.0032465558,0.9723106,2,200
181,0.0056859306,0.9713491,2,20,0.0071040853,1.0254053,2,41,0.01817044,0.9933942,2,64,0.0102588395,0.9850606,2,89,0.014032779,1.012294,2,109,0.0,0.98207194,2,133,0.0,1.0060118,2,155,0.00039882437,1.0056107,2,180,0.0122822225,1.0324124,2,200
182,0.011900653,0.9713787,2,23,0.0,1.0539389,2,48,0.0,0.98758143,2,68,0.00019381654,0.99765295,0,94,0.0031195174,0.9799438,2,117,0.0016948375,1.0011829,2,141,0.0,1.0218992,2,167,0.003676032,0.9628767,2,200
183,0.0061227293,0.99211,2,22,0.013662266,0.97144175,2,42,0.005638,0.85927755,0,64,0.024503851,0.9235977,2,84,0.000106221065,0.9844139,2,104,0.001892563,1.039912,2,124,0.0023312508,1.0359579,2,144,0.0,1.0046605,2,164,0.0,1.0044454,2,200
184,0.0,1.0226747,2,23,0.0059537264,0.9992946,2,44,0.0,1.0112083,2,71
185,0.0032322828,1.0231807,2,20,0.0022488513,1.0092156,2,46,0.025804097,0.93290937,2,66,0.0,1.0096627,2,96,0.010689113,1.0107489,2,123,0.027897725,0.9885556,2,143,0.019921537,1.0358423,2,164,0.007437626,0.96962494,2,200
186,0.011761509,0.6548765,3,20,0.046536744,0.25438717,2,41,0.0,0.45760268,1,63,0.0,0.3557076,0,83,0.0,0.27704036,1,103,0.0,0.25695413,1,124,0.010312769,0.161431,1,161
187,0.006258252,1.0106924,2,39,0.0,0.996706,2,63,0.0,0.975008,2,84,0.010637945,0.8788947,2,104,0.028627327,0.9122869,2,131
188,0.0013287421,0.9951637,2,21,0.0041098064,0.9623108,2,48,0.0,0.9621839,2,69,0.0,0.9757271,2,89,0.007898857,0.9305964,2,113,0.03327992,0.9707115,2,133,0.006192684,0.9856304,2,160,0.0037061386,0.9490501,2,180,0.01664784,0.9713518,2,200
189,0.0,1.016216,2,21,0.007206383,0.94862586,2,41,0.008195423,0.9635297,2,67,0.00034620098,0.9183654,2,89,0.013038241,0.88777465,2,112,0.009943621,0.9374586,2,141,0.0021079362,1.0029578,3,161,0.01963134,0.94161177,2,200
190,0.0013249278,0.96502745,2,23,0.011138433,0.9412092,3,43,0.0,0.8925834,2,63,0.0,0.9170589,2,87,0.00063852617,1.0057034,2,107,0.013089931,0.8694889,2,129,0.0,1.0400999,2,149,0.026354378,0.95992583,2,169,0.0036958808,1.0280995,2,200
191,0.010754574,1.0140461,2,21,0.0,1.0531862,2,41,0.009144424,0.97984266,2,62,0.023580873,0.9492256,2,82,0.0,1.0143348,2,102,0.0010061248,1.0338674,2,128,0.012285868,0.8968929,2,148,0.01442993,0.88770676,2,169,0.06877209,0.8200948,2,200
192,0.0060398625,1.0060021,2,20,0.009995045,0.98026574,2,49,0.011439618,0.93286866,2,80,0.03452214,0.9820174,2,100,0.014771002,0.9898567,2,120,0.010198442,1.0084606,2,142,0.000925574,1.0158417,2,166,0.0074665807,1.0077795,2,200
193,0.006361912,0.99658954,2,26,0.0,0.9991205,2,49,0.007222544,0.9477393,2,73,0.026770914,0.9765652,2,93,0.039011143,0.95292604,2,113,0.0,0.97687083,2,133,0.012912351,0.92968875,0,153,0.066336274,0.9099992,2,173,0.01348183,0.9138112,2,200
194,0.0062172813,0.97327775,2,20,0.0035109115,1.0158216,2,62,0.02190245,0.84247714,2,83,0.023805764,0.8500697,2,103,0.0,0.9162902,2,128,0.012180985,0.8960913,2,148,0.013606313,0.8992127,2,169,0.0122155,0.8222631,2,200
195,0.0016408477,0.97696435,2,20,0.0036814227,1.0207751,2,41,0.0,1.056088,2,66,0.0010370695,1.0515661,2,110,0.0022453393,1.0083151,2,131,0.006567613,1.0438086,2,152,0.0,1.0368276,2,176,0.0,1.0309721,2,200
196,0.0107301315,1.0176737,2,23,0.012728594,1.0521314,2,54,0.0033266153,1.013277,2,109,0.001754916,1.0312581,2,131,0.0037216146,1.051788,2,158,0.00077330694,1.0340269,2,200
197,0.0028456827,1.027099,2,21,0.01560817,1.007174,2,57,0.012850926,0.9876857,2,86,0.0019815667,1.0101641,2,113,0.0,0.9915779,2,133,0.015083821,1.0255737,2,180,0.012733171,1.0387031,2,200
198,0.0,1.0439842,2,22,0.03538784,0.90353274,2,44,0.026409172,0.98146105,2,68,0.0,0.9954958,2,96,0.0,0.9723338,2,116,0.0037691921,0.9259619,2,141,0.004147167,1.0151293,2,161,0.012808746,0.93197006,2,200
199,0.0060748807,1.0232495,2,23,0.0060133757,0.9606734,2,45,0.0040159808,0.86496717,2,69,0.02052822,1.0248357,2,90,0.0051345914,0.8410164,2,112,0.0,0.81009066,2,135,0.084624864,0.7561834,2,157,0.024801426,0.70102876,2,179,0.0061247703,0.94985944,2,200
200,0.0033552477,0.98747903,2,24,0.012544171,0.9751168,2,46,0.0022762239,1.0018761,2,66,0.013711036,1.0233403,2,89,0.014599437,0.9993784,2,111,0.012085105,1.0157291,2,132,0.00036371624,1.0336704,2,153,0.00070724764,0.9901886,2,176,0.011801814,1.0322868,2,200
201,0.004968541,1.0182664,2,35
202,0.0,0.89816135,2,26,0.0,0.721309,2,47,0.0,0.9829424,2,68,0.0,0.83057946,3,89,0.07437912,0.71105766,0,116
203,0.008300839,0.8307109,2,20,0.0,0.66516435,0,40,0.03158616,0.7505299,1,60,0.024601324,0.79972,0,80,0.06470615,0.3543688,0,102,0.099595055,0.33355013,0,122,0.010863501,0.2722153,0,142,0.5976192,0.18704052,2,162,0.18174702,0.2602116,2,189
204,0.0134643195,0.9613575,2,20,0.0,1.0005751,2,40,0.0,0.9412208,2,62,0.0,0.88449067,2,82,0.025841163,0.9147242,2,120,0.0056756614,0.99421394,2,140,0.011691002,0.9733845,2,161,0.012325436,0.81347656,3,200
205,0.01346564,1.0095613,2,20,0.025994675,0.93244445,2,53,0.038523547,0.8639983,2,73,0.03428047,0.9535629,2,96,0.0463377,0.882076,2,118,0.015398503,0.99807733,2,140,0.0,1.0098561,0,161,0.019542877,0.96295303,2,200
206,0.0039710985,0.9268495,2,20,0.0,1.0553172,2,40,0.0033127696,1.0121742,2,60,0.0,0.97515565,2,80,0.005561866,1.0120165,2,100,0.0061396,1.0398786,2,154,0.025561672,1.0344393,2,174,0.010150419,0.9333996,2,200
207,7.2389565e-05,1.0166026,2,20,0.0039161714,0.9847084,2,41,0.009493557,1.0061496,2,64,0.008894042,0.9471852,2,89,0.012452039,0.9654152,2,119,0.040510554,0.94529134,2,141,0.027672704,0.87557757,2,161,0.02461799,0.93744326,2,200
208,0.020668538,0.96115166,2,26,0.008848976,0.985788,2,46,0.016463155,0.9899226,2,67,0.006724304,1.0017927,2,87,0.0011521248,1.0032822,2,123,0.0169962,0.9834213,2,151,0.007354639,0.98103786,2,173,0.0040902267,0.98543304,2,200
209,0.0031273034,0.98335534,2,20,0.0047062077,0.946279,2,49,0.0,0.9275557,2,69,0.004244884,0.93829095,2,89,0.003921809,0.7987371,2,109,0.0,0.76788044,2,129,0.0,0.89889175,0,149,0.0,0.6010454,1,169,0.014760319,0.379299,1,200
210,0.005807256,0.9741535,2,20,0.0,0.97077703,2,40,0.0021670752,1.0016389,2,60,0.02163362,1.0362073,2,81,0.0048078382,0.99474317,2,127,0.020397138,0.95250356,2,147,0.006277868,0.9844586,2,167,0.00016151527,0.60798603,0,200
211,0.0063951546,1.0057013,2,20,0.006465141,1.0434458,2,41,0.0069044796,1.000692,2,64,0.003013509,1.0092586,2,98,0.016648276,0.99960536,2,120,0.0027308713,1.0478545,2,150,0.0060384287,1.0030619,2,173,0.005360471,0.984257,2,200
212,0.0031166351,1.0217513,2,22,0.003914546,1.0133113,2,46,0.0004133364,1.0185387,2,66,0.014903834,0.975598,2,88,0.009852477,1.0286136,2,108,0.0033554242,0.9789279,2,128,0.007144509,0.9951824,2,157,0.0,1.0121819,2,177,0.0076001016,1.0070562,2,200
213,0.01143237,0.961393,2,20,0.010228067,0.94046074,2,45,0.017145721,0.9641653,2,66,0.0032419697,0.97315377,2,87,0.026818853,0.7743051,2,107,0.047046818,0.9288629,2,129
214,0.0,1.0210017,2,20
215,0.014864983,1.0189058,2,21,0.0047982596,1.0205591,2,45,0.004715832,1.0196637,2,75,0.0026422471,0.9885864,2,98,0.0,1.0209157,2,123,0.004236174,0.96257675,2,143,0.005615291,1.0486131,2,163,0.007071437,1.0146416,2,200
216,0.0004336348,0.9916044,2,22
217,0.010883383,1.0029538,2,23,0.009035823,0.942318,2,47,0.009857702,1.0156128,2,70,0.010364192,0.9916977,2,97,0.005025237,0.9503933,2,117,0.0117883785,0.9443309,0,138,0.019668253,0.9046403,2,159,0.0038266391,0.7516173,2,179,0.044791367,0.96892685,2,200
218,0.0,0.9822596,2,20,0.005192275,0.9764356,2,43,0.0011868611,1.0222329,2,63,0.0079832915,0.99978065,2,90,0.0051346286,0.99139893,2,110,0.00526559,1.016173,2,131,0.018424293,0.9751122,2,152,0.0014927919,1.0090475,2,173,0.035122737,0.99815804,2,200
219,0.039772283,0.9701719,2,20,0.0,1.0319997,2,56,0.00689248,1.0391738,2,76,0.00057239685,0.9694389,2,104
220,0.010632521,0.9694241,2,31,0.005207776,1.0299475,2,52,0.007731031,1.019928,2,73,0.025517663,0.96853167,2,94,0.0066327495,0.9091549,2,115,0.0028823095,1.0357201,2,140,0.002867125,1.0191429,2,162,0.0010797062,0.9869822,2,200
221,0.013460247,0.9881664,2,26
222,0.0060728714,1.0132234,2,28,0.009285276,0.9558397,2,54,0.0024975848,1.0245621,2,89,0.0027217772,1.0712919,2,112,0.00056120177,1.0348825,2,140,0.014086108,1.0126116,2,200
223,0.0,0.98259336,2,20,0.0,0.9689643,3,40,0.0,0.8918579,2,65,0.0018354597,0.96277857,2,90,0.014101833,0.998713,2,110,0.011593255,0.9990191,2,131,0.0,0.9050228,2,151,0.0046075336,0.8352127,3,172,0.012198829,0.8195514,0,200
224,0.0,1.0308619,2,21,0.007955786,1.0374377,2,45,0.009438258,1.0610312,2,71,0.0060074846,0.9566739,2,97,0.00014512688,1.0518286,2,117,0.011844956,0.97999984,2,145,0.0,0.9986627,2,171,0.0044807787,0.9986071,2,200
225,0.01225848,0.9769447,2,41
226,0.00476774,0.9949544,2,23,0.012596903,0.9687518,2,43,0.0359891,0.9518453,2,63,0.019900184,0.95425063,2,83,0.035527058,0.93474257,2,103,0.031630717,0.9331037,0,123,0.021564854,0.95466,2,149,0.0,0.9500511,2,169,0.029937055,0.8994924,2,200
227,0.04254441,0.9426681,2,21,0.0038600347,0.8939344,2,43,0.017500458,0.92255193,2,63,0.016936766,0.8574533,2,86,0.0,0.82045573,2,106,0.0,0.697012,0,136
228,0.0,0.9394194,2,20,0.0,0.9641613,2,40,0.00014463747,0.9462407,2,60,0.0025080873,0.9959512,0,83,0.0050207064,1.0366219,2,103,0.004307042,1.1158555,2,123,0.0077252,0.974376,2,143,0.04165844,0.89172953,0,163,0.029668888,0.88051933,2,200
229,0.0077263396,0.9645805,2,23,0.009449982,0.98001397,2,43,0.006656839,0.98393774,2,63,0.0018037459,0.9736802,2,87,0.0027317277,1.0497396,2,109,0.0,0.9168278,3,130,0.004928349,1.0059297,2,151,0.040497772,0.82144946,2,171,0.013776406,0.866066,2,200
230,0.004673642,0.97943413,2,27,0.010615856,0.98202163,2,51,0.0014591495,1.0200334,2,74,0.004385794,1.0222932,2,101,0.0,0.97025555,2,125,0.0040364238,0.979772,2,155,0.0,0.9995788,2,175,0.006633029,0.9446981,3,200
231,0.014820651,0.99608237,2,22,0.005389182,1.0268694,2,56,0.0,0.9009104,2,76,0.0,1.0704064,2,97,0.0,0.90618503,2,117,0.0,1.01876,3,137,0.0076311924,0.94297886,2,170,0.009003248,0.8918815,2,197
232,0.00025982995,1.0313684,2,22,0.0069402168,0.9928527,2,75,0.0,0.99780416,0,99,0.003406296,0.9776632,2,128,0.0,1.0025864,2,153,0.00263821,1.0133313,2,178,0.012030424,0.96534055,2,200
233,0.0032053054,1.010245,2,22,0.006849275,0.9762927,2,43,0.020908061,0.96413267,2,63,0.0,0.98569137,2,83,0.0,0.9256786,2,103,0.016811443,0.9727927,2,125,0.04024064,0.9436483,2,146,0.041916963,0.92797744,2,166,0.04968207,0.90295225,2,200
234,0.00030762271,1.0409756,2,25,0.0,1.0216689,2,45,0.0,1.013987,2,75,0.0,1.003386,2,100,0.0,1.0457374,2,125,0.0,1.0214584,2,146,0.012669813,0.97801334,2,167,0.0076130405,0.97307634,2,200
235,0.0,1.0314412,2,22,0.0,1.0701835,3,42,0.0,1.0209821,2,69,0.0,1.0413432,2,101,0.0,0.9876574,2,133,0.0,0.9926084,2,153,0.0,1.029641,2,173,0.004130547,1.0067852,2,200
236,0.018509965,0.9463631,2,20,0.006627998,0.9570863,2,43,0.016990084,0.93060815,2,63,0.04456856,0.8703144,2,83,0.0,0.9830354,2,103,0.006355586,0.78870356,2,123,0.020728286,0.77252084,0,145,0.0,0.6385302,0,181
237,0.0,0.96514463,2,21,0.011418207,0.9131772,0,41,0.051728047,0.9122753,2,61,0.0644962,1.0002431,2,85,0.02509236,0.94955117,2,113,0.026487296,0.98350346,2,133,0.012548091,0.9177336,0,154,0.006290122,0.9688627,3,174,0.012325803,0.89757305,2,200
238,0.0008412203,1.0103401,2,25,0.022637984,1.0208519,2,45,0.003372229,1.0171677,2,65,0.00090890145,0.97835433,2,86,0.012827502,0.9503361,2,107,0.0,1.0532011,2,129,0.0082924655,1.0189131,2,149,0.0022192625,1.0165066,2,200
239,0.013305644,1.0102009,2,20,0.005357367,0.97092617,2,41,0.0,0.9973605,2,61,0.004499345,0.9324857,2,82,0.0014287861,1.0011184,2,102,0.018614832,0.99798906,2,122,0.0014734559,0.9631198,2,142,0.0040692003,0.90966004,0,162,0.0,0.86458015,2,200
240,0.01499373,0.9486619,2,21,0.0202627,0.88782114,0,49
241,0.00044314293,1.0449574,2,22,0.012090189,0.9992814,2,45,0.005787165,1.0512195,2,74,0.0076200794,0.9476943,2,99,0.0062134997,0.97663087,2,119,0.0,1.0047143,2,149,0.010305876,0.95053595,2,169,0.0017695822,1.0064102,2,200
242,0.009854936,1.0324681,2,25,0.0050072675,1.0011795,2,53,0.008402425,0.9704065,2,76,0.011823233,0.9643206,2,98
243,0.004154812,1.0052761,2,24,0.0,0.8950626,2,44,0.006784797,0.94902426,2,75,0.020620225,0.9460859,2,101
244,0.0,1.012166,2,25,0.021875344,0.9802307,2,60
245,0.001809164,0.99892646,2,21,0.014775383,0.9414387,2,50,0.027253367,0.93350357,2,72,0.012210826,1.0302641,2,103,0.0011440925,0.9009848,2,125,0.021317933,0.9087556,2,146,0.016999092,0.9249583,2,167,0.04135114,0.5654995,0,200
246,0.0015756822,0.99224037,2,22,0.0012501699,0.9569278,2,43,0.003376152,1.0535986,2,64,0.0025985169,0.97484255,2,84,0.0,0.99561274,2,110,0.037137695,0.9851918,2,131,0.00085236086,0.9779876,2,151,0.014862673,0.9596716,2,200
247,0.0,0.9976511,2,20,0.030613601,0.9549523,2,44,0.018988675,0.90300494,2,64,0.022137295,0.8694023,0,84,0.014983515,0.97197706,2,104,0.081413254,0.88759667,2,125,0.02430922,1.0157928,2,145,0.0,0.79583544,2,168,0.012957409,0.82277083,2,200
248,0.009374541,1.0130663,2,21,0.012583808,0.9658244,2,45,0.0076295463,1.0124007,2,65,0.0,0.98863363,2,90,0.006644424,1.0120178,2,110,0.00083474896,0.97261345,2,131,0.016214354,0.98665285,2,155,0.0,0.98407966,2,175,0.007746066,0.97242814,2,200
249,0.00579139,1.0234019,2,24,0.0039148764,0.9988673,2,58,0.0021125425,0.9961708,2,78,0.012031688,1.0326117,2,103,7.467751e-05,1.0239818,2,125,0.004429527,1.0371251,2,151,3.298209e-05,1.0079609,2,175,0.006148368,1.0629956,2,200
250,0.0060712416,1.039907,2,23
251,0.009585798,0.97418773,2,20,0.0,0.9060112,2,41,0.02422083,0.79128057,2,62
252,0.0105363475,0.9574601,2,20,0.0047381297,1.0539254,2,43,0.0041823564,1.007496,2,63,0.016346488,1.0221694,2,83,0.0,1.0406682,2,103,0.0,0.8639818,2,124,0.042349942,0.9001952,3,145,0.029843803,0.85225266,2,165,0.056653894,0.70479256,2,200
253,0.0022342764,1.0341872,2,25
254,0.0028310227,0.9260699,2,20,0.025709797,1.0035254,2,40,0.0,0.8868799,2,60,0.003928952,0.87951595,3,80,0.01809391,0.931437,0,100,0.009987236,0.94687384,0,120,0.01631189,0.96575356,2,143,0.0,0.8810201,2,164,0.004655372,0.9255776,2,200
255,0.005418462,0.9790082,2,20,0.0,0.9894413,2,40,0.006993524,0.92445856,2,61,0.0029900805,0.96011883,2,84,0.0,0.8010494,0,104,0.00028339756,0.73621863,0,124,0.0027165096,0.7567294,2,148,0.0,0.7436797,2,181
256,0.0021986743,0.9553051,2,20,0.032390922,0.96689475,2,42,0.0,0.8815466,2,65,0.035586715,0.9602937,2,86,0.007569966,0.87361217,2,107,0.0010696339,0.8654572,2,127,0.0,0.54405886,2,151,0.0,0.4465157,1,179,0.039576672,0.73047096,2,200
257,0.008358395,0.9790924,2,20,0.008031727,0.97358984,2,44,0.011611002,1.0236366,3,64,0.0031986888,1.0076201,2,84,0.009635499,1.0205569,3,105,0.0009920376,1.020002,2,125,0.010048684,1.0166013,2,147,0.0022944026,1.0371339,2,168,0.004260151,1.0512962,2,200
258,0.001406727,0.96534234,2,20,0.011734545,0.943133,2,42,0.015019139,0.92659855,2,62,0.003578052,0.90282923,2,83,0.026798233,0.9351594,2,104,0.0034405636,0.8417273,2,125,0.013276737,0.88972956,2,146,0.011423731,0.84555084,2,166,0.017668303,0.8811859,0,200
259,0.0050106365,0.9744474,2,22,0.017956363,0.901462,2,44,0.0,0.8526944,2,64,0.014370335,0.84862816,2,85,0.0079817455,0.874998,2,106,0.007432936,0.94211495,2,126,0.0,0.88957727,2,146,0.0027376474,0.80742896,2,166,0.0,0.90564716,2,200
260,0.016574994,0.98476624,2,26,0.0068899333,0.9919408,2,46,0.00045830282,0.99399114,2,68,0.029336082,0.96473217,2,96,0.0,1.039333,2,117,0.03161885,1.0322793,2,137,0.007917489,0.99446785,3,158,0.08746122,0.94322884,2,178,0.053887423,0.87070596,2,200
261,0.0015221041,0.9804921,2,21,0.01247606,1.0235326,2,42,0.0017346011,0.99545366,2,72,0.020051498,1.029483,2,94,0.010181982,1.0432339,2,129,0.0023481364,0.9959768,2,149,0.022524655,0.98682576,2,173,0.011264168,0.9855469,2,200
262,0.0015839847,1.0074205,2,29
263,0.009113462,0.91242146,2,22,0.0,0.7506321,2,43,0.0,0.6173796,2,63,0.010417444,0.541716,2,86,0.0,0.86036015,2,106,0.0,0.84503806,1,128,0.0,0.6234103,1,150,0.0,0.41819173,1,170,0.0,0.45728853,2,200
264,0.0030226843,1.0212742,2,20,0.006826423,0.9950186,2,40,0.0035394717,1.0148654,2,60,0.0069409315,1.0187408,2,84,0.005005238,1.0133916,2,108,0.0,1.006786,2,131,0.0,0.98756033,2,153,0.0028151418,1.0660484,0,173,0.0054287533,0.99311614,2,200
265,0.0056367684,1.054083,2,22,0.004308375,0.9759409,2,42,0.0,0.91362333,2,62,0.017194454,0.9776322,2,82,0.00093998644,0.97763884,2,104,0.0,1.0130762,2,124,0.0,0.9710796,2,145,0.012897724,0.9322589,2,165,0.003450144,0.9480187,0,200
266,0.0027062476,0.93644094,2,21,0.03923205,0.93319094,3,41,0.00025907488,0.8707407,2,62,0.009992255,0.84107006,2,82,0.040768497,0.90082234,2,102,0.029655064,0.9158904,2,122,0.013738569,0.91095823,2,144,0.0021069665,0.9242339,3,164,0.040827665,0.9249539,2,200
267,0.003668133,1.0096967,2,21,0.010986679,0.9758014,2,51,0.0069384575,0.9359181,2,72,0.005636912,1.0027456,2,92,0.0048292484,1.0014263,2,122,7.742643e-06,0.88851273,2,142,0.0,1.0028785,2,163,0.0090358285,0.9875771,2,200
268,0.0034242603,1.0520761,2,20,0.0,1.0735159,2,41,0.0,1.0558091,2,61,0.0014995344,1.0360122,2,81,0.009754472,1.0262856,2,103,0.0009408825,0.9722935,0,123,0.0032924172,1.0196851,2,160,0.006736024,0.980358,2,180,0.022750422,0.97310513,2,200
269,0.007196328,0.9694689,2,20,0.007811389,0.9786304,2,40,0.031421173,0.9388866,2,71,0.00307148,1.0056736,2,92,0.006104481,0.9981681,2,119,0.016175695,1.0239284,2,145,0.003282617,0.9428391,2,172,0.0049757725,1.0084634,2,200
270,0.0015717353,0.95169514,2,21,0.025418,0.91496795,2,43,0.0,0.98002756,0,63,0.0,0.86944455,2,86,0.00031235916,0.88021725,2,106,0.009626112,0.71647114,2,128,0.0,0.6673549,0,148,0.0015987343,0.44234455,0,175,0.013689931,0.4498239,2,200
271,0.002543192,1.0384018,2,20,0.006276478,1.0044901,2,40,0.0023121086,0.9973986,2,63
272,0.0,1.0394504,2,20,0.0026120928,0.9744086,2,44
273,0.0023468735,0.9919423,2,25,0.0,1.0360223,2,48,0.019895604,1.0902661,2,76
274,0.003823401,0.9922762,2,20,0.0015713859,1.0300761,2,40,0.0019912426,0.99654984,2,79,0.00065232354,0.9831499,2,101,0.012925969,0.96527064,2,124,0.013992841,0.9912717,2,145,0.00849926,1.0409406,2,166,0.0011201041,1.0536909,2,200
275,0.002864229,1.0378274,2,33
276,0.0052548135,0.94297373,2,20,0.010847134,0.9539062,2,40,0.0029439188,1.0302923,2,70,0.0,0.9627794,2,95,5.4649925e-05,0.95610803,2,117,0.0008006993,1.0149766,3,137,0.0034653563,0.92944944,2,162,0.010508707,0.9846574,2,200
277,0.0,0.99840766,2,20,0.013675744,0.99771637,2,52,0.0071349046,0.99598145,2,107,0.0165114,1.0351365,2,127,0.0,1.0131166,2,147,0.001868517,0.95963377,2,174,0.005823101,0.78189754,2,200
278,0.022308674,0.9540515,2,40,0.011487031,0.95038384,2,60,0.0,0.8962356,2,80,0.003500238,0.8866668,2,100,0.0,0.7723305,0,122,0.02111825,1.10236,2,142,0.024569685,0.51913726,2,165,0.04799221,0.5394623,2,200
279,0.0047931955,0.97916603,2,22,0.023631731,0.9598931,2,43,0.013854617,0.890295,2,64
280,0.008765684,1.0238457,2,23
281,0.017697344,1.0382727,2,21,0.006375526,1.0111165,2,41,0.00793926,1.0478323,2,64,0.013570857,1.0206792,2,84,0.012425061,0.9725923,2,115,0.006586271,0.9956287,2,136,0.0077772094,0.9834784,2,156,0.019895537,0.9384394,2,200
282,0.014139306,0.9721507,2,21,0.0074830144,0.9962313,2,55
283,0.014877841,0.9811392,2,20,0.024438154,1.0064299,2,41,0.0062732454,0.9424569,3,65
284,0.0,0.9854977,2,22,0.0010865664,0.9570568,2,42,0.0,1.0230346,2,63
285,0.003938821,1.0367025,2,26
286,0.0019582296,0.99628854,2,22
287,0.0,0.92118895,0,20,0.0043098256,0.92688733,2,40,0.0033119698,0.7346569,2,68,0.01169347,0.7047429,2,88,0.0,0.55240387,2,114,0.33447382,0.41129062,2,136,0.059415326,0.5811867,0,163,0.019282376,0.72945637,2,185
288,0.010611288,0.9828678,2,23,0.0028188329,1.0357273,2,44,0.013259107,1.0102731,2,64,0.003082358,0.9727945,2,86,0.007152802,0.9910757,2,106
