0,0.0013866505,0.99418086,2,22,0.0023832817,1.008104,2,43,0.006332166,1.0187227,2,64,0.0039835474,1.0035578,2,84,0.015677337,1.0067773,2,104,0.008539049,0.9976516,2,127,0.010282643,0.99780333,3,147,0.0,1.1021827,2,169,0.0,1.052033,2,200
1,0.01630302,0.9358359,2,21,0.020729203,0.9521818,2,41,0.0010945579,1.0315907,2,62,0.013695487,1.0066046,2,83,0.014071229,0.9486926,2,108,0.0,0.9650601,2,128,0.0037872123,0.9826435,2,155,0.0075113336,1.0228386,2,175,0.008370143,1.0007281,2,200
2,0.0032308833,0.9853859,2,25
3,0.018987259,0.9081658,2,20,0.0,0.91355157,2,42,0.029309858,0.95043164,2,62,0.0,0.828425,2,83,0.0,0.8214509,0,107,0.0,0.8055817,2,132,0.0,0.85692126,2,153,0.0,0.85818154,2,175,0.020174496,0.8952781,2,200
4,0.009978587,0.99586105,2,20,0.0040470385,1.0410839,2,57,0.009122749,1.0071344,2,77,0.0,1.0995235,2,98,0.009513262,1.0568997,2,121,0.0015967721,1.057331,2,145,0.016425963,1.0222595,2,176,0.00847629,1.1099769,2,200
5,0.0019044862,0.93730646,2,21,0.0020551686,0.9829887,2,41,0.013608037,0.90549725,2,61,0.003409365,1.0303906,2,83,0.0,1.0773581,2,104,0.017549848,0.67397994,2,124,0.0,0.90340006,0,144,0.0,0.7098597,0,165,0.009414814,0.71497834,0,200
6,0.003737029,0.9880384,2,22,0.0,0.99257165,2,44,0.0037765135,0.9917424,2,65,0.005790324,0.9900385,2,85,0.009728155,0.9983767,2,105,0.0093273,0.989447,2,125,0.0056529343,1.056264,2,154,0.0016971149,1.0573908,2,174,0.002653842,1.0309561,2,200
7,0.010599631,0.9277608,2,20,0.0,0.9058345,3,52
8,0.011346305,1.0136867,2,27
9,0.013739285,0.9899975,2,40
10,0.0022723204,0.9766455,2,25,0.0072025605,0.98257494,2,45,0.038421556,0.93340117,2,67,0.008172695,0.94768494,2,88,0.00023540489,0.95548445,2,113,0.0066687465,0.9531332,2,150
11,0.009568042,0.9830887,2,23,0.016630605,0.95853233,2,44,0.00052637,0.96730435,3,64,0.00822146,1.1233625,3,84,0.0,1.2030675,2,105,0.0027725133,0.9150403,2,128,0.0,1.026705,2,149,0.014449446,0.69838357,2,172,0.0,0.85593545,0,200
12,0.004513928,0.99808604,2,34,0.04659651,0.9361781,2,54,0.009560421,0.97206146,2,74,0.023609765,0.92714804,2,94,0.02062369,0.9350295,2,114,0.0,0.92031676,2,138,0.012779624,0.93625337,2,162,0.013168931,0.9278799,2,200
13,0.0038759445,1.000398,2,21,0.0065221847,1.0228007,2,53,0.0,1.1145129,2,74,0.0067697195,1.0192056,2,104,0.0,0.9322076,2,124,0.05438188,0.92506605,2,146,0.005292409,0.8850176,2,166,0.055606656,0.8030573,2,200
14,0.006151336,0.9894028,2,21,0.0,0.9829273,2,42,0.0032385373,0.94878906,2,64,0.022366866,0.9219841,2,84,0.029804977,0.9702774,2,107,0.043300644,0.9371508,2,141
15,0.012228022,1.0034364,2,21,0.0,0.9683628,2,41,0.0034889046,0.9950352,2,67,0.011050298,0.9871317,2,87,0.007957762,0.9854599,2,107,0.002415014,1.055292,2,148,0.008772637,0.97794306,2,168,0.0071008317,1.001219,2,200
16,0.0018281809,0.982873,2,21,0.0,0.9973231,2,44,0.0026742741,0.96792513,2,70,0.023094762,0.95718586,2,90,0.016047698,0.93213165,2,116,0.004729091,0.9821795,2,136,0.020367134,0.954543,2,156,0.019868162,0.90592325,2,178,0.009182249,0.9275989,2,200
17,0.012410997,0.9761522,2,22,0.0037429258,0.965485,2,42,0.015647564,0.96100295,2,62,0.0058202236,0.98867565,2,90,0.0021205605,1.0205126,2,113,0.029318599,0.96125066,2,135,0.004812517,0.9953009,2,163
18,0.014118152,1.0091639,2,20,0.011805751,1.004751,2,41,0.0045292475,1.0177805,2,70,0.019300953,1.0795251,2,91,0.0048812674,1.031739,2,128,0.0029960219,1.025429,2,149,0.016375292,1.003869,2,169,0.0154369185,0.96754795,2,200
19,0.005302582,0.98009676,2,27,0.025824878,0.96393967,2,47,0.016503308,0.9120892,2,67,0.019105997,0.9269629,2,91,0.030432547,0.92080986,2,114,0.00980108,0.9117667,2,135,0.0025586537,0.9072502,2,157,0.004453012,0.96777886,2,200
20,0.014858862,1.0030787,2,20,0.009363848,0.9729588,2,55,0.001683175,1.0068349,2,76,0.03103511,0.97204316,2,97,0.017835738,0.8656679,2,118,0.036170445,0.9005065,2,141,0.040009726,0.9107933,2,161,0.022943547,0.9205514,2,200
21,0.0037493766,0.9748071,2,20,0.0041776933,1.0001371,2,40,0.005441302,0.9766947,2,60,0.0034080662,1.033754,2,81,0.0,0.9658772,2,101,0.0069703436,0.98517674,2,122,0.0,0.963292,2,145,0.0,1.0313565,2,165,0.030652752,0.9432027,2,200
22,0.0019027425,0.925174,2,27,0.002477634,0.91988385,2,47,0.021141363,0.9599513,2,68,0.030616853,1.0252905,2,89,0.0029943462,1.022622,2,113,0.013838232,0.9599352,2,133,0.0018971703,1.0652399,2,155,0.004580247,0.9591716,2,175,0.0,0.9991656,2,200
23,0.0006158336,0.9591182,2,21,0.02561691,1.0198321,2,41,0.004253186,0.97232974,2,67,0.017502598,1.0067663,2,89,0.024155635,1.0194358,3,109,0.0011226629,0.9880399,2,130,0.0,0.94277346,2,151,0.0,0.96159947,2,171,0.0,0.9484475,2,200
24,0.0,0.9842539,2,20,0.0,1.0265654,2,41,0.016554954,0.94500077,2,62,0.024356084,0.9505452,2,87,0.003233239,1.0140079,2,107,0.01945357,0.93018043,2,127,0.022506258,0.9890998,2,151,0.02155122,0.9619023,2,172,0.015301205,1.001319,2,200
25,0.00044470644,1.0257608,2,20,0.0,1.0012249,2,40,0.0067942264,0.9590124,2,62,0.020550007,0.9692346,2,83,0.012078595,1.0018913,2,107,0.007794463,0.9851661,2,127,0.0024275943,0.9558964,2,148,0.0037336256,0.9337793,2,169,0.012375633,0.9469541,2,200
26,0.008240749,1.0103673,2,20,0.0067845318,0.9855732,2,52,0.0038662206,0.9597287,2,72,0.0,0.9238289,2,92,0.0027568007,0.9211349,2,119,0.015048554,0.93085563,2,139,0.007046304,0.9519541,2,162,0.0,0.922048,2,200
27,0.0,0.98232996,2,22,0.018536866,0.86209106,3,44,0.0,0.8892438,0,64,0.04159941,0.7684645,2,85,0.020485552,0.93365234,2,109,0.07560597,0.45858628,1,129,0.13652074,0.5983388,0,150,0.12305529,0.8507834,0,171,0.037707303,0.6093737,2,200
28,0.009431642,1.0135533,2,22,0.00964036,1.0059321,2,42,0.0013343273,0.99269813,2,79,0.0054514715,0.976266,2,124,0.0045618853,0.9373532,2,153,0.0,1.0380099,2,173,0.009737373,1.0104786,2,200
29,0.0029125703,0.97445756,2,27,0.0079174815,1.0355903,2,90,0.0032448287,1.0295285,2,115,0.008549709,1.0442623,2,136,0.054944478,0.9094931,2,156,0.0005614857,0.9760538,2,177,0.031632613,0.94806206,2,200
30,0.0,1.0078458,2,22,0.01843308,1.0106608,2,54,0.0050099976,1.019607,2,75,0.0023222158,1.0104057,2,102,0.0071655745,1.022186,2,122,0.0051382477,0.9766721,2,145,0.0058757025,1.019399,2,167,0.012626002,0.9906076,2,200
31,0.0061997115,1.0371603,2,24
32,0.003167124,1.0002584,2,23,0.0121549675,1.0335565,2,49,0.032572415,0.9481596,2,72,0.012188091,1.0125936,2,92,0.0,1.0123528,2,113,0.0,1.0411613,2,136,0.0067974636,1.0336326,2,156,0.0045884736,1.0316563,2,176,0.0,1.075081,2,200
33,0.0,1.0206387,2,25,0.0,0.98445046,2,46,0.0306318,0.9401356,2,66,0.01707372,0.96415585,2,90,0.030484568,0.8259034,2,111,0.041595817,0.8031493,2,132,0.024104387,0.5664337,2,152,0.0026882028,0.5992919,2,173,0.027306052,0.64182854,2,200
34,0.0036938991,0.95713776,2,25,0.018626373,0.9424012,2,55,0.0,1.0154107,2,78,0.037555885,0.93659383,2,99,0.0027435594,0.938079,2,119,0.02900424,0.8712217,2,139,0.0,1.0008178,2,163,0.0018250045,0.83110744,2,200
35,0.010407725,0.9935177,2,20,0.015318776,0.9915087,2,42,0.01076087,1.0214527,2,63,0.008244387,0.97824055,2,89,0.00038312474,1.0408841,2,110,0.0120673245,1.0048143,2,138,5.7577567e-05,1.0325441,2,163,0.003344401,1.0431471,2,200
36,0.0029355711,0.99841225,2,21
37,0.0,1.0403776,2,21
38,0.0042092404,0.9795118,2,27,0.009205993,0.9665259,2,57,0.0039312,0.98885155,2,79,0.0044394373,0.9977504,0,99,0.010550974,0.96930677,2,119,0.004127332,0.991459,2,139
39,0.0052014263,1.0175328,2,20
40,0.009510902,0.96795464,2,20,3.5894104e-06,0.9978956,2,40,0.0043276255,0.97685003,2,60,0.019810809,1.0148256,2,80
41,0.003938279,0.98243207,2,20,0.016092846,0.99863017,2,41,0.002436034,0.9905688,2,68,0.0,1.0000274,2,88,0.005078063,0.97307956,2,117,0.016976994,0.86313826,2,139,0.022325099,0.9210393,2,163,0.016593928,0.777013,2,200
42,0.009504066,1.0069244,2,20,0.025968432,0.9414504,2,40,0.020579714,0.9940966,2,60,0.012729198,0.8897337,2,80,0.0,0.87281924,2,101,0.009229116,0.813198,2,121,0.0037286803,0.7585217,3,144,0.0,0.7505822,2,164,0.008037439,0.48980105,1,200
43,0.0051080342,1.0169657,2,24,0.0028889303,0.9795907,2,53,0.004385745,1.0479674,2,75,0.0,0.96082956,2,95,0.01438424,1.0117623,2,115,0.016353928,1.0342376,2,136,0.048192322,1.0313189,2,156,0.0011236805,0.8579381,2,177,0.0033399793,0.86755496,2,200
44,0.010490523,0.9817682,2,22,0.0053311572,0.9595041,2,42,0.008723805,0.9745816,2,62,0.005760623,1.0171161,2,82,0.023563065,0.976096,2,102,0.016981825,1.0065844,2,140,0.01742576,1.0196979,2,161,0.018708333,1.0289129,2,200
45,0.020984456,0.9564229,2,21,0.007996616,1.0473112,2,49
46,0.004934976,1.0218694,2,39,0.017894313,0.9545579,2,63,0.004006476,0.9576082,2,83,0.0,0.92917776,3,103,0.0,1.003222,2,130,0.008839322,0.9583284,3,150,0.008827726,1.0851731,2,170,0.002921991,0.98471713,2,200
47,0.016767556,1.0135361,2,20,0.0071785003,0.9731797,2,40,0.011922022,0.9538578,2,65,0.002013356,0.9705626,2,85,0.0017002885,0.9952547,2,106,0.0062889056,0.9758954,0,126,0.017463943,0.88071007,2,147,0.0,0.9292714,2,167,0.028578416,0.8911973,2,200
48,0.0027389706,1.0247581,2,20,0.010505067,0.9634519,2,41,0.004355817,0.96472466,2,62,0.030546542,1.0119548,0,83,0.0060239364,1.000174,2,104,0.018939655,0.96227634,2,124,0.026724495,0.90506774,2,145,0.017439503,0.981164,2,165,0.04092619,0.9576634,0,200
49,0.013796582,0.9494682,2,24,0.0017856322,1.0303881,2,59,0.021487903,1.0148478,2,79,0.009144022,0.9739586,2,99,0.0008080004,0.9860952,2,122,0.0,1.0815623,2,143,0.026838891,0.96861035,2,176,0.02423568,1.0144365,2,200
50,0.010791787,0.94052905,2,22,0.029932464,0.95120955,2,42,0.0040982133,0.9417359,2,63,0.023953754,0.88872164,2,83,0.0031270362,0.9680499,2,103,0.029412726,0.9481414,2,124,0.008613307,0.88084394,2,145,0.037629046,0.77984595,2,165,0.01908035,0.7423532,2,200
51,0.0,1.0426666,2,22,0.0029876675,1.0597506,2,42,0.0,1.0372558,2,64
52,0.0023894943,1.0366907,2,20,0.0050922935,1.0104243,2,56
53,0.0056613544,1.0183511,2,21,0.0015425781,0.9972274,2,60
54,0.0,1.0551767,2,23
55,0.017840179,0.93786603,2,22
56,0.022646291,0.9519815,2,21,0.0005775339,0.9647769,2,53
57,0.004107341,1.0051839,2,36,0.004371133,1.0263954,2,56,0.008503602,0.9815013,2,85,0.040690884,0.9601925,2,107,0.0040312577,0.98924065,2,127,0.01904174,0.9728481,2,149,0.004584713,1.0848191,2,200
58,0.0014011774,0.9695072,2,20,0.0,1.0515918,2,42,0.015639637,0.90739316,2,63,0.00392842,0.945103,2,88,0.0058331275,0.9101623,2,108,0.0,0.96287316,2,132,0.0,1.0169208,2,155,0.0031794568,1.0723072,2,200
59,0.020220187,0.9983308,2,20,0.004859147,0.97140425,2,40,0.019927843,1.0646029,2,61,0.008921244,1.0375777,2,105
60,0.016627654,1.0087322,2,21,0.026091427,0.9814133,2,47
61,0.0013958815,0.97353697,2,21,0.0006792419,1.0088196,2,48
62,0.0,1.0087638,2,20,0.014645892,0.95151484,2,43,0.009452527,0.9834226,2,66,0.010676735,0.9623633,2,90,0.0010625969,0.94546145,2,111,0.00017722808,0.9253971,2,131,0.0,0.6770042,2,151,0.0,0.76456195,2,171,0.011424198,0.8190954,2,200
63,0.00394952,0.97806793,2,21,0.011452369,1.003919,2,41,0.0055223354,1.0270836,2,61,0.00034407785,0.974397,2,92,0.0743631,0.9473568,2,112,0.01058993,0.9221037,2,132,0.008869101,0.89823055,2,152,0.010432394,1.012603,2,172,0.01606737,0.92739505,2,200
64,0.011001788,0.99200374,2,21,0.0,0.9579722,2,41,0.006925662,0.9984806,2,61,0.02275538,0.9896544,2,81,0.040713508,0.9775141,2,105,0.00814844,0.98058397,2,129,0.00295559,0.9692423,2,149,0.009792941,0.99428856,2,170,0.0041585276,1.0463057,2,200
65,0.022927137,0.9617897,2,22,0.0,0.89407295,2,43,0.015881103,0.8291519,0,63,0.0032115402,0.9787698,2,84,0.0071725883,0.8447548,2,104,0.00480086,0.82454336,2,124,0.010442441,0.95598316,2,144,0.012051015,0.9238613,2,164,0.0073577026,0.9262171,2,200
66,0.008299257,0.9895878,2,20,0.0030446427,1.0262786,2,51,0.0,1.0260528,2,74,0.0029024899,1.046607,2,99,0.008870315,1.0432839,2,133
67,0.008520839,0.9349122,2,20,0.0014202031,0.7766435,2,40,0.050193436,0.8256568,2,60,0.00039495045,0.76531786,2,82,0.03262555,0.8686801,2,102,0.0,0.91689855,0,122,0.0,0.6022214,2,143,0.0,0.4287544,2,163,0.0,0.50572413,2,188
68,0.046190478,1.0395261,2,20,0.0135371415,0.89672583,2,40,0.005405141,0.9193536,2,61,0.019581115,0.9531352,2,94
69,0.04166526,0.9706066,2,34,0.007554678,1.026167,2,55,0.000542848,1.0214031,2,75,0.003235797,1.0466627,0,98
70,0.0017015293,0.9713502,2,28,0.016435519,1.001987,2,48,0.0,1.0322826,2,70,0.003236159,0.9580776,2,94,0.012770206,0.73363256,2,132
71,0.0,0.92827976,3,20,0.0,0.95534563,2,59
72,0.0,1.0274366,2,21,0.002534252,0.9493294,2,42,0.018140052,0.95312774,2,62,0.01286809,0.91824234,2,82,0.00010406554,0.9659543,2,103,0.0,0.83118594,2,123,0.0,0.8180752,2,151,0.0022762057,0.8510271,2,172,0.012147668,0.86231834,2,200
73,0.0062021804,1.0072505,2,20,0.011022524,0.9386738,2,54,0.008086988,0.93326515,2,89,0.006383805,0.9280588,2,117,0.0,0.94396335,2,138,0.012499331,0.79320455,2,159,0.0,0.7661951,2,180,0.0,0.78164417,0,200
74,0.005782762,0.9203717,2,20,0.0063839266,0.89661515,2,40,0.0,0.8777215,2,60,0.0,0.9270787,2,81,0.0,0.9767368,2,102,0.0057909964,0.92564124,2,122,0.0033498616,0.71447486,2,161
75,0.007724148,0.9777921,2,20,0.006715977,1.0127014,2,45,0.01223431,0.8424221,2,65,0.027864544,0.9209658,2,96
76,0.010593128,0.998305,2,24,0.021590889,0.966745,2,44,0.010262462,0.9837078,2,75
77,0.004608198,1.012782,2,20,0.007808122,1.0142128,2,43,0.004798062,0.985404,3,63,0.005821598,0.98000836,2,94,0.0066783563,0.9194694,2,116,0.0,0.9900857,2,136,0.017943656,0.9697096,2,160,0.023802606,0.96344995,2,200
78,0.009984561,1.0126853,2,23,0.005561369,0.9907471,2,44,0.0026445312,1.010715,2,88,0.0057735704,0.97497106,2,109,0.0184994,0.96083397,2,130,0.007499525,0.94259995,2,154,0.002325744,0.986858,3,174,0.005944527,1.0036114,2,200
79,0.017483946,1.0272906,2,20,0.01101467,0.9667123,2,40,0.010908058,1.0139949,2,60,0.0024932062,1.037581,2,95
80,0.003124401,1.0511174,2,21,0.011337608,1.0230997,2,43,0.015717376,0.98994935,2,63,0.00069147465,0.9656862,2,88,0.005924395,0.9836748,2,112,0.012985821,0.99764454,2,133,0.021744607,1.0208151,2,153,0.0019112682,0.9227428,2,180,0.014350891,0.954233,2,200
81,0.0,1.0409536,2,20,0.012039992,1.0200359,2,44,0.0038525767,1.0137223,2,65,0.010432783,0.99647206,2,93,0.006906554,1.0166583,2,117,0.0034980215,1.0098475,2,137,0.00013072594,1.0041832,2,157,0.010644309,1.0018456,2,177,0.010361813,0.95878285,2,200
82,0.015126204,0.9702877,2,20,0.02482986,0.93742955,2,40,0.0,0.9841106,2,61,0.0016693604,0.8721189,2,83,0.0,0.9132501,2,103,0.0,0.96661985,2,123,0.0054604425,0.9787437,2,143,0.002053957,0.995372,2,163,0.0014759449,1.0465435,2,200
83,0.007871696,1.0036627,2,20,0.009473479,1.0249461,2,43,0.0059496514,1.0585498,2,64,0.0042022835,1.0227948,2,85
84,0.031851567,0.741875,2,21,0.055449862,0.48481297,2,59
85,0.0,1.0207536,2,20,0.007863295,0.97414,2,42,0.0011121904,0.99187285,2,66,0.0061521544,0.9775579,2,88,0.0,1.0180464,2,109,0.0,0.95732003,2,129,0.0,0.92881995,2,150,0.011274946,0.8497115,2,178,0.06643369,0.9634419,0,200
86,0.006278585,0.9943995,2,32,0.0,0.9328004,2,52,0.009617369,0.92702186,2,72,0.0011405755,0.9671278,2,92,0.012252033,0.9442418,2,113,0.036840983,0.904035,2,133,0.016874237,0.9137634,2,153,0.01395838,0.84741896,2,173,0.034840364,0.9116435,2,200
87,0.0025842285,0.99223983,2,20,0.0049080863,0.99894714,2,40,0.002285756,1.0156103,2,64,0.00052877667,1.0694077,2,87,0.0018252353,0.9781054,2,116,0.011958336,1.0491685,2,137,0.002894944,1.0901971,3,157,0.0,1.1200827,0,177,0.0049979184,1.1166817,0,200
88,0.0039426526,0.9797351,2,21,0.024478447,0.95998085,2,49,0.0038725869,0.9150114,2,89,0.0,0.889922,2,109,0.045134787,0.7479544,2,131,0.0,0.63013655,2,151,0.0,0.42150125,1,171,0.0054649524,0.5356039,0,200
89,0.0001879715,0.9853818,2,21,0.00488839,1.010393,2,46
90,0.0074588037,1.000904,2,26,0.014335081,1.027781,2,61
91,0.0,1.0267127,2,20,0.0046048425,1.0393631,2,46,0.0190844,0.98466945,2,67,0.0022080294,1.0359298,2,87,0.009365236,0.9616147,2,107,0.010916507,1.0280956,2,137,0.021888893,0.96755046,2,157,0.013285258,0.99672645,2,178,0.023166658,0.9219227,2,200
92,0.00044996347,1.016955,2,33
93,0.004107869,0.9336165,2,20,0.0018791347,0.80626833,2,41,0.0,0.857564,2,63,0.0,0.8478484,2,83,0.0034686849,0.7384918,2,105,0.0031554943,1.0050176,2,127
94,0.0,0.97657514,2,24,0.019488502,0.8771812,2,44,0.026210558,0.9763322,3,64,0.027205046,0.9162285,2,84,0.014215117,0.9738976,2,106,0.0,0.89247775,2,127,0.0047513926,0.9204213,2,147,0.005203997,0.81670606,0,169,0.010013888,0.93024707,0,200
95,0.01161021,0.9291744,2,23,0.023418775,0.8925149,0,43,0.0,0.84920675,2,63,2.4894625e-05,0.9347212,2,88,0.013648527,0.92803735,2,109,0.011132853,0.9115495,2,130,0.026186395,0.9354047,2,155,0.015074348,0.8831495,2,175,0.003952986,0.9230497,2,200
96,0.0029540942,0.98904526,2,23,0.017802002,0.9591333,2,46,0.023492042,0.92508066,2,66,0.0046813725,0.9395503,2,86,0.006266837,0.9196805,2,106,0.009368742,0.91735315,2,126,0.016307529,0.90749484,2,146,0.0023068674,0.91913736,2,168,0.00789737,0.9513966,2,200
97,0.006413698,0.95680696,2,24,0.009580827,0.98968357,2,46,0.008258775,0.9087483,2,66,0.0,0.95560014,2,88,0.0,1.0421017,2,109,0.0,1.0718604,2,129,0.0,1.0406798,2,151,0.0046391278,1.014191,0,175,0.0,1.0295281,2,200
98,0.004159395,1.0056552,2,24,0.0,1.0863228,2,47,0.00094645435,1.1227429,2,68,0.0018855328,1.1379377,0,89,0.0,1.0448334,2,109,0.0,1.1111853,3,131,0.0032755863,1.0777481,0,151,0.0037831722,1.048964,2,173,0.0045750504,0.97983986,2,200
99,0.027565742,0.80323076,2,20,0.010256876,0.7647433,2,41,0.0013134468,0.6217941,2,64,0.0037920482,0.55820453,2,85,0.013523316,0.2734396,0,112,0.005223666,0.19638807,2,139,0.096512966,0.35443145,2,161,0.19034989,0.26605695,2,200
100,0.0,0.92299813,2,20,0.0019417397,0.9530432,2,42
101,0.0,0.9958979,2,31,0.013413862,0.9567602,2,52,0.022913923,0.9809045,2,78,0.0042443946,0.95897853,2,98,0.0062979744,0.9284727,2,121,0.012825182,1.0161436,0,141,0.0014517317,0.99433404,2,161,0.009279971,0.9744164,2,200
102,0.0051844358,0.9631688,2,20,0.006233619,0.93378514,2,41,0.03175361,0.8160203,2,64,0.033283465,0.92707616,2,84,0.022611931,0.91924393,2,104,0.0004567763,0.9272057,0,126,0.00977385,0.9619276,2,146,0.01554849,0.87228876,2,167,0.03284987,0.8908386,2,200
103,0.0,0.987747,2,20,0.004227475,0.986156,2,40,0.0,1.033847,2,62,0.013915559,0.87114036,2,82,0.022373479,0.9778959,2,102,0.027828682,0.7720534,2,122,0.01803558,0.76413554,2,142,0.031187607,0.6335789,2,164,0.016175168,0.45389462,2,200
104,0.00677344,0.9435362,2,25,0.036720682,0.80671203,2,45,0.003795322,0.91089,2,65,0.015268416,0.58778745,2,100,0.009804427,0.64287937,2,120,0.10476566,0.5280457,2,153
105,0.007157784,0.9931041,2,20,0.021343691,0.9143402,2,45,0.016976042,0.9161881,2,68,0.018100033,0.9287959,2,89,0.008193601,0.97273123,2,109,0.01520628,0.84431267,2,129,0.0,0.76506263,2,150,0.0,0.48690027,0,170,0.010749394,0.74229145,2,200
106,0.01273977,1.001454,2,23,0.0,1.0352491,2,47,0.000313837,1.0189273,2,67,0.008016046,1.0306562,2,87,0.0048804726,1.0006505,2,112,0.009324236,0.99437994,2,133,0.0017053542,0.9932395,2,156,0.004915557,1.0219971,2,200
107,0.007410742,1.0391912,2,24,0.0,1.0573802,2,54,0.0008023355,1.0070788,2,92,0.0,1.0448867,2,114,0.002156699,0.9947451,2,134,0.0,1.0231274,2,155,0.0,0.983108,2,176,0.006277947,0.9630168,2,200
108,0.011242269,0.98323697,2,28,0.0,0.9687968,2,49,0.0011173214,0.9637745,2,74,0.017465468,0.9308254,2,94,0.007928354,1.0185522,2,118
109,0.002877718,0.96479666,2,20,0.0012390792,0.966757,2,42,0.013799023,0.9010233,2,63,0.017259113,0.92995995,2,98
110,0.005412887,1.0658578,2,28
111,0.0074650957,1.029169,0,20,0.0024791474,0.98422706,2,57
112,0.0015342624,1.0588244,2,20,0.0,1.0932148,0,43,0.006569987,1.0271205,2,79
113,0.027900731,0.9931882,2,20,0.0030958764,0.9482485,2,40,0.0093202805,0.97281754,2,70
114,0.005771921,1.0100504,2,21,0.038560245,0.9492749,0,41,0.010601144,0.9342938,2,64,0.0,0.8997624,0,85,0.0,0.93882805,2,106,0.0,0.96407616,2,127,0.0,0.9600806,3,147,0.013931066,0.79048246,2,175
115,0.015850682,0.85805815,2,20,0.009818417,0.8757447,2,40,0.0,1.0071765,0,61,0.028104737,0.9244968,0,81,0.0,0.727656,2,102,0.039373245,1.0913485,3,122,0.0,0.82329065,1,142,0.0,0.29138193,2,164,0.009773767,0.41163507,1,200
116,0.008025406,0.97098124,2,20,0.0,1.0379709,2,43,0.00089866226,0.9988529,2,80,0.0032712722,0.8656089,2,101,0.0010589255,0.8857654,2,122,2.2166916e-05,0.7185975,0,144,0.0060327738,0.84702396,2,166
117,0.003322246,0.9633299,2,22,0.0011058475,0.9955507,2,44,0.011026009,0.93196034,2,69,0.00871113,0.9916677,2,94,0.007841732,0.96191645,2,128,0.004921037,0.92778397,2,150,0.03551424,0.96317124,2,175,0.00032128804,0.9588902,2,200
118,0.010710825,1.007105,2,21,0.014203679,0.98058313,2,43,0.016179265,0.990495,2,64,0.0034637344,0.9587574,2,84,0.01696838,0.9646586,2,104,0.013209731,0.9188887,2,127,0.01907284,0.92137265,2,148,0.0045357174,0.9711941,2,168,0.009666873,0.9811587,2,200
119,0.031652547,0.9747718,2,20,0.0013424588,1.0356015,2,46
120,0.017614903,0.9625405,2,21,0.018101554,0.92127645,2,41,0.011916319,0.95543766,2,61,0.037927136,0.9418494,2,81,0.020071305,0.95319813,2,111
121,0.006561041,0.9768062,2,39
122,0.007413785,1.0103508,2,20,0.009280306,1.0080324,2,40,0.012843509,1.0251695,2,70,0.00901998,0.9754023,2,91,0.0071114195,1.0062587,2,112,0.004732886,1.0147039,2,132,0.00087564596,1.0139205,2,152,0.010173267,1.053903,2,172,0.008078164,1.0604513,2,200
123,0.002943916,0.8895984,2,22,0.026786163,0.7292711,2,42,0.053465102,0.6933601,2,65,0.0,0.5224395,1,85,0.0,0.7004175,0,106,0.015226904,0.4908704,0,129,0.0,0.51524067,0,149,0.0,0.60827065,0,169,0.019655824,0.1427481,1,200
124,0.0033390997,0.98418885,2,25,0.0,0.94140023,2,45,0.0094456915,0.9422018,2,65,0.013366359,0.94442666,2,85,0.031172298,0.90691197,2,111,0.013469878,0.9572895,2,133,0.007925873,0.9867516,2,156,0.00048106833,1.0514437,2,176,0.0049278806,0.9908705,2,200
125,0.003686267,1.0343863,2,21
126,0.0017991405,1.0379698,2,20,0.0024935943,1.0059874,2,60
127,0.00043386788,1.0227176,2,38,0.005973809,1.0061439,2,59,0.011148796,1.0257933,2,79,0.008234593,1.0348315,2,108,0.0057334392,1.0433538,2,128,0.0,1.0602663,2,150,0.003272784,1.0090395,2,171,0.0,1.0236253,2,200
128,0.0016162395,0.93786323,2,23,0.0,1.0007021,2,43,0.0,0.81843776,2,64,0.002784716,0.6644528,1,89,0.054448523,0.76156914,2,109,0.010850016,0.71311677,2,131,0.0,0.8459013,3,151,0.0,0.87608445,2,171,0.016415432,0.8258717,1,200
129,0.0,1.015182,2,20,0.0061166403,1.0472809,2,43,0.0089767445,1.0758932,2,63,0.013609255,1.0414689,2,83,0.0021797128,1.0396037,2,107,0.0,1.0103679,2,127,0.0,0.9547684,3,149,0.0063639143,0.9839989,2,170,0.008400873,0.9746212,2,200
130,0.0,1.0361272,2,32
131,0.0,0.9658436,2,31
132,0.00032528993,0.9729468,2,23,0.006246527,1.0064517,2,44,0.0041121976,1.0258025,2,68
133,0.013114435,1.0251708,2,20,0.00038133678,0.97854817,2,52
134,0.0056596426,1.0092963,2,23
135,0.008042246,0.9657579,2,21,0.0081839925,0.99158305,2,41,0.008518849,1.065623,2,63,0.0044517918,1.0690671,2,83,0.0,1.0657569,0,104,0.0,0.99279654,2,124,0.0025141756,0.9573867,2,150,0.0,1.1158777,2,171,0.00041458054,1.0752561,2,200
136,0.00093314826,1.008298,2,20,0.003824304,0.93618345,2,40
137,0.00039509498,1.010364,2,22
138,0.0,1.008404,2,33,0.0032841428,1.004506,2,55,0.0072699776,0.978555,2,75,0.017949576,0.97623944,2,100,0.00017043855,1.0156758,2,120,0.00801911,0.98832464,2,144,0.0047383257,1.0115141,2,165,0.014411381,0.9964917,2,200
139,0.0038630127,0.9891373,2,23,0.0032021499,0.97373253,2,45,0.0033783324,0.9720489,2,85,0.00044224822,0.9522683,2,109,0.0073099243,0.9198014,2,130,0.01671113,0.8426914,2,150,0.0,0.73690677,2,176,0.014252665,0.7258873,2,200
140,0.012050052,1.0279009,2,20,0.01261639,1.0306793,2,52,0.005710957,1.0035905,2,78,0.0076914774,1.0250752,2,98,0.004042113,0.9705977,2,128,0.0019414279,0.9425271,2,151,0.014437461,0.9059102,2,172,0.0051112594,0.9080642,2,200
141,0.012107706,0.960804,2,22,0.0005900428,1.0700158,2,44,0.010839353,1.0572783,2,72,0.021214407,1.040371,2,95,0.017134352,1.0336442,2,119,0.0,1.0658499,0,140,0.0,1.0364764,2,160,0.005923841,1.0439205,2,200
142,0.0,1.0238922,2,24,0.000667537,0.97333395,2,47,0.0,1.0109959,2,78,0.0,1.0514781,2,98,0.0,1.0409322,2,120,0.014450891,1.0236163,2,141,0.018052962,0.90428656,2,161,0.0009557034,0.94707716,2,200
143,0.0531048,0.9800646,2,20,0.01964649,0.9685572,0,40,0.0023005914,1.0615062,2,60,0.0,1.0901834,2,80,0.00028726849,0.91123724,2,100,0.0006094343,0.86977893,2,120,0.009389715,0.9866846,2,149,0.008937692,0.9113871,2,169,0.0,0.8209521,2,200
144,0.00089316897,1.0223875,2,20,0.0,1.0106075,2,40,0.0026089838,0.9806333,2,61,0.018508775,0.961221,2,88,0.0019186467,0.98023623,2,108,0.003985814,1.0042909,2,129,0.0,1.041938,2,149,0.0079541225,1.0516181,2,169,0.00013500723,0.9692977,0,200
145,0.011855172,0.9968007,2,20,0.010099797,0.85693645,2,42
146,0.004212218,0.9623034,2,24,0.0140008945,1.0030382,2,44,0.0022496553,1.0410289,2,66,0.0047941743,1.0357251,2,90,0.0034046858,1.0127771,2,120,0.0029654736,1.0071974,2,144,0.014664051,1.0103456,0,164,0.0049807224,1.0274477,2,200
147,0.014761121,0.9862118,2,22,0.0044660238,1.0260211,2,46,0.0,1.0216949,2,66,0.0060837623,0.94019276,2,88,0.020529438,0.81890935,2,108,0.0,0.8493455,2,128,0.0,0.70009243,2,148,0.0,0.71870565,0,170,0.0064069196,0.8003221,2,200
148,0.0050376733,0.892551,2,22,0.0,0.98245704,2,42,0.01916849,0.9623334,2,62,0.0,0.9534892,0,82,0.0077025197,0.8431004,2,103,0.02908956,0.8689294,0,123,0.0,0.84583217,0,143,0.03510226,0.72500545,2,180
149,0.013528487,0.97677374,2,20,0.0,0.95095664,2,47,0.0001729099,1.0340605,2,67,0.0,1.014878,2,87,0.0002638204,0.96618253,2,109,0.0,0.919942,2,129,0.0,1.0090375,2,149,0.0,0.91995513,0,170,0.0,0.94443434,2,200
150,0.008855793,1.0150176,2,28,0.0024869733,0.99829006,2,48,0.008625446,1.023756,2,68,0.0,0.97733986,2,88,0.0002614144,0.9733115,2,115,0.009228916,0.951462,2,146,0.0,0.9038373,2,166,0.013560271,0.9494175,2,200
151,0.011223281,1.0286883,2,49,0.0014992659,0.9697724,2,71,0.016353514,1.0088418,2,101,0.001254912,0.95986634,2,135,0.00042669152,0.95576143,2,158,0.0,0.8996431,2,178,0.011229823,0.8938221,2,200
152,0.050877474,0.96710956,3,20,0.017854776,0.9515732,2,55
153,0.0,0.8637094,3,22,0.0074844956,0.70336133,2,62
154,0.0,0.86232036,3,39
155,0.016620886,1.0052007,2,20,0.0,1.0376198,2,40,0.0,1.1126268,2,60,0.0,1.0729554,2,90
156,0.0017588962,1.0080092,2,20,0.0,1.0365028,2,43,0.0,0.92113703,2,64,0.001889987,0.9589711,2,99
157,0.0054062814,1.0091636,2,31
158,0.0031591593,1.0184075,2,20,0.00056587765,1.0257525,2,45,0.0,1.0444775,2,68,0.0,1.0197407,2,92,0.0019198119,1.0669602,2,116,0.004469942,1.0580484,2,137,0.0044620144,1.0441033,2,168,0.0045899833,1.0542681,2,200
159,0.023241827,0.94375306,2,20,0.0068027144,0.9850647,2,43,0.044106837,0.97164625,2,64,0.007058494,0.8924327,2,84,0.0066593317,0.9456865,2,104,0.0,0.9267167,2,127,0.010757454,0.9377268,2,147,0.027932996,0.8931941,3,168,0.025955895,0.9744866,2,200
160,0.0,0.9912976,2,20,0.028826118,0.93790716,2,41,0.029721756,0.9860033,2,61,0.006787875,0.91243654,2,84,0.033022117,0.884024,2,104,0.03164317,0.83951235,2,124,0.016425224,0.88316,2,145,0.051088147,0.8470665,2,166,0.006690151,0.8561888,2,200
161,0.013646925,0.9851559,2,22,0.0064518433,0.9993561,2,45,0.0071142353,0.99404967,2,65,0.0011156254,0.9724939,2,88,0.012203737,1.020037,2,111
162,0.0057681827,0.98186463,2,20,0.003813094,0.946284,2,54,0.015212367,0.9782595,2,75,0.0,0.99639684,3,95,0.0,1.0134888,2,118,0.018333662,0.8616335,2,138,0.0076873014,0.9083703,2,164
163,0.005447374,1.0314364,2,29,0.0036944076,1.0744424,2,49,0.0,1.0280806,2,69,0.009036331,0.98688734,2,89,0.0,1.0436199,2,109,0.0028090866,0.9895824,2,129,0.011985804,1.0298656,2,149,0.00426689,1.0113584,2,170,0.0072719078,1.0126421,2,200
164,0.0074801804,0.99218076,2,23,0.009765823,1.0077878,2,52,0.004308329,1.0216838,2,72,0.011890094,0.9872497,2,93,0.020474344,0.9896709,2,113,0.00427,0.9882542,2,133,0.0,0.96778697,2,156,0.01232825,0.9163955,2,176,0.010657278,0.96775407,0,200
165,0.0008444529,1.0008725,2,20,0.008074883,1.0172007,2,45,0.0034906035,1.0585419,2,75,0.025055647,0.99458843,2,101,0.0040704566,0.96496266,2,128,0.0081576565,1.0011108,2,148,0.0029339863,0.9733608,2,169,0.0,0.90658045,2,200
166,0.004851805,0.9606779,2,22,0.0075750034,1.048173,2,47,0.0091605075,0.9830434,2,67,0.0,0.9782138,0,87,0.0,1.0134379,2,110,0.01182902,1.0006588,2,130,0.033469297,0.92831457,2,151,0.003035936,0.9159129,3,171,0.002182474,1.0153886,2,200
167,0.0065239132,0.9642851,2,20,0.0034920406,0.92955816,2,40,0.012029757,0.87731016,2,69
168,0.011506719,0.99282455,2,21,0.009135999,0.99709284,2,41
169,0.0,0.9434698,2,20,0.011511901,0.8921604,2,40,0.044460483,0.8042321,2,78
170,0.0029093502,1.0194157,2,20,0.0,0.99749476,2,42,0.012416871,0.9936808,2,62,0.012410919,0.97460383,2,82,0.0095007485,0.9684817,2,106,0.006732453,0.9605368,2,128,0.00511085,0.9808502,2,148,0.0038586054,1.0329474,2,171,0.003990646,0.994083,2,200
171,0.021061268,1.0033337,2,20,0.0066079004,1.0010848,2,40,0.02786172,1.0311267,3,60,0.00781664,1.0052588,2,80,0.0040929536,1.0256921,2,102,0.0,1.0578693,2,126,0.004209197,1.0531652,2,146,0.0,1.0689886,2,166,0.0,0.99079984,2,200
172,0.010687329,0.9538174,0,23,0.02361529,0.87733424,2,43,0.0,1.1057558,2,63,0.0,0.8880388,2,84,0.0,0.8895343,2,105,0.0,0.97325003,2,125,0.0,0.7195315,2,145,0.0,0.8898679,0,166,0.011035824,0.85822237,2,200
173,0.0008168446,1.0162385,2,20
174,0.0056818034,0.9701426,2,29,0.010020947,0.906843,0,49
175,0.0,1.0002407,2,25,0.0,1.0813298,2,45,0.0028314553,1.0184104,2,71
176,0.0066077006,0.9687173,2,30
177,0.015516081,1.0024463,2,26,0.012658172,0.9057292,2,65
178,0.0,0.8576711,3,20,0.013903047,0.7364377,0,41,0.011603978,0.82265157,0,61,0.064734146,0.8775837,3,81
179,0.003698055,1.0360172,2,32,0.008296831,1.0291464,2,53,0.0,1.034337,2,87,0.020184027,1.0051022,2,115,0.0029935795,1.0615408,2,135,0.002366006,1.056845,2,155,0.0,1.0823405,2,175,0.0017732679,1.0537738,0,200
180,0.00049468176,0.9795991,2,20,0.008493659,0.9303347,2,40,0.008473097,0.8413381,2,61,0.006233199,0.6256346,0,81,0.0039950116,0.80066633,2,102
181,0.004193438,1.0416074,2,21
182,0.007811365,1.0170228,2,20,0.0036903028,1.0849704,2,48
183,0.026631415,0.99857986,2,20,0.01362704,1.0351157,2,43,0.0,1.0159824,2,66,0.027843216,1.0092479,2,87,0.013017548,0.9969437,2,108,0.026899954,0.99861664,2,129,0.0,0.96724427,2,150,0.0,0.98409575,2,170,0.018435013,0.92666644,2,200
184,0.005096385,1.0201175,2,20,0.006452211,1.0302075,2,49,0.008891584,0.98706293,2,69,0.008082071,0.9705705,2,94,0.020525225,1.0045427,2,114,0.018768758,0.9909586,2,134,0.052915823,1.0040225,2,154,0.00398109,0.9876303,2,175,0.0086468,0.98146856,2,200
185,0.009408889,1.0488935,2,24,0.0032962202,1.0298944,2,44,0.0,1.0309956,2,64,0.0,0.9808336,2,85,0.017378863,0.9452159,2,105,0.008056507,0.96371526,2,126,0.016391797,0.952058,0,148,0.015033735,0.94991386,2,169,0.051002,0.9042618,2,200
186,0.0009670154,1.0330919,2,20,0.0,1.0078166,2,40,0.0,1.0559218,2,60,0.0071620196,1.039122,2,81,0.00913284,1.034527,2,103,0.0019807315,1.0654016,2,123,0.0047204336,0.9838104,2,144,0.00072979863,0.9698011,2,165,0.0026755626,1.0617267,2,200
187,0.023826318,1.0019655,2,21,0.0028081564,1.0047814,2,47,0.006526114,0.96786106,2,67,0.0116897365,0.95592517,2,95,0.028722947,0.92740965,2,115,0.013427645,0.99778426,3,135,0.019060727,0.9922782,2,158,0.0016960527,1.0180613,2,178,0.0,1.071008,2,200
188,0.0,0.86413145,2,20,0.0,0.8048024,3,40,0.019754305,0.7375662,2,61,0.0,0.8927929,2,81,0.0,0.8172082,2,101,0.0,0.5822709,0,122,0.0,0.60154754,2,143,0.02200069,0.6154126,2,163,0.01584321,0.77573967,2,200
189,0.0072685904,0.98066443,2,20,0.002649105,1.0457518,2,41,0.006827756,1.0253193,2,61,0.004543668,0.9855988,2,83,0.012581825,1.0037081,2,103,0.0,1.0386779,2,124,0.0012723777,1.0445274,2,149,0.008735295,1.0706061,2,178,0.011763653,1.0443065,2,200
190,0.02116519,0.93978924,2,22,0.0037780018,0.6693688,2,42,0.0007232561,0.67068666,2,62,0.007593578,0.6552394,0,82,0.0,0.79154104,2,103,0.0,0.86729556,0,124,0.0,0.958202,0,144,0.0,0.6774553,1,164,0.014124986,0.3625483,0,200
191,0.0046255514,0.89479655,2,20,0.0033353684,0.9946802,2,40,0.008659774,0.9804165,2,62,0.009675019,0.983678,2,90,0.0,1.0886542,3,110,0.029672071,0.77327585,0,130,0.0,0.44889808,0,153,0.0,0.414855,1,174,0.043826442,0.5004105,1,200
192,0.0,1.0470717,2,20,0.0,1.0727834,2,42,0.0,1.0237806,2,63,0.0021870555,1.0781162,2,83,0.0023415084,1.0394564,2,109,0.0,1.0896003,2,132,0.0052685086,1.004291,2,154,0.007777517,1.0498476,2,177,0.0,1.0318927,2,200
193,0.017544003,0.9652414,2,34
194,0.0022488143,1.0063534,2,24,0.026071813,0.99045473,2,47,0.0055422504,0.98028046,2,83
195,0.0,0.9914029,2,23,0.0029116988,0.9965944,2,66,0.010686915,0.9471313,2,86,0.014108052,0.98271835,2,106,0.0031027815,0.9438409,2,127,0.004232622,0.9520001,2,157,0.010444062,1.020288,2,200
196,0.0008547205,1.0349975,2,29,0.0,1.003343,2,51,0.0010889238,1.020079,2,71,0.0,1.0370806,2,95,0.0033990373,1.0180756,2,133,0.0032471337,1.057224,2,153,0.0003578777,1.034493,2,177,0.008284856,1.016541,2,200
197,0.0,0.9750606,3,20,0.0,1.0330014,2,42,0.0026069272,0.97846884,2,80
198,0.018690664,0.89332473,2,23,0.05461458,0.8296362,2,43,0.0,0.7755454,2,64,0.01831147,0.82879555,2,84,0.09820877,0.7113927,2,104,0.029014908,0.56435025,2,126,0.0,0.51484424,2,146,0.007036791,0.7140641,2,166,0.01472849,0.3944284,0,200
199,0.0,0.9495713,2,20,0.0,0.9160565,2,41,0.030458065,0.92969,2,64,0.018122137,0.73106545,2,84,0.0,0.3255781,0,104,0.0,0.29635847,1,124,0.007688254,0.5939977,2,150
200,0.0,0.98236424,2,22,0.001689008,0.97362673,2,44,0.007658863,0.979579,2,64,0.0,0.9792557,2,86,0.014904479,0.8918034,2,108,0.0,1.0265901,2,128,0.010205751,0.85459816,2,151,0.0058501824,0.8001443,0,171,0.019952275,0.8426106,2,200
201,0.024254492,0.9919984,2,38,0.0016860199,0.9908372,2,59,0.0071579367,0.96437407,2,80,0.009076137,0.9554754,2,101,0.0,1.0098374,2,121,0.0,1.0320877,2,143,0.0035584725,1.0251399,2,163,0.0147966435,0.97813034,2,200
202,0.009358672,0.9937782,2,20,0.00031560444,1.0525098,2,53,0.021549895,1.0315062,2,74,0.023118783,1.0239975,2,94,0.0108423745,0.99889237,2,116
203,0.0024446824,0.9945168,2,22,0.0,1.0311427,2,44,0.0,0.98369825,2,64,0.011594078,1.0368397,2,89
204,0.01123148,0.97340137,2,36
205,0.0,1.000115,2,20,0.015612835,0.98053235,2,40,0.0068073184,0.9455186,2,60,0.028858917,0.9476147,2,82,0.07631493,0.92750245,2,105,0.02075293,0.91922003,2,127,0.013527672,0.9787137,2,147,0.016494453,0.9072427,2,168,0.010131406,0.9584427,2,200
206,0.00014870137,0.8495217,2,23,0.0,0.60715926,1,43,0.0,0.49496606,1,65,0.0,0.6188258,2,85,0.0,0.7931429,2,105,0.0,0.76304483,2,125,0.0,0.6563067,2,147,0.056925077,0.532288,0,167,0.023098657,0.65663236,2,200
207,0.0075128386,0.9891834,2,29,0.007714738,0.99101335,2,49,0.011478623,0.9640074,2,69,0.013656817,0.93940675,2,89,0.00779836,0.9498461,2,110,0.0,0.8974363,2,130,0.006414919,0.83400476,2,150,0.0,0.90151644,2,170,0.04481973,0.83964795,2,200
208,0.024995646,0.87525713,2,21,0.007879533,0.91968346,2,46,0.010854078,1.0169615,2,66,0.0,0.82328016,2,86,0.0049488572,0.9009526,2,107,0.009316906,0.9671683,2,128,0.013171127,0.7392193,2,163
209,0.012160963,0.9869214,2,20,0.00808012,0.9428709,2,40,0.006081973,1.0368553,2,60,0.004300764,1.0466757,2,105,0.014106047,1.0357348,2,125,0.0059895674,1.0117283,2,145,0.008189733,0.9677788,2,165,0.019228054,0.83580446,2,200
210,0.00589443,0.96939784,2,24,0.005808519,1.0173146,2,46,0.0,1.0084032,2,67,0.0017856113,0.9999521,2,93,0.0040063546,0.93859196,2,113,0.0,1.1026171,2,133,0.0,1.0337386,2,155,0.0,1.0664802,3,177,0.0,1.0127673,3,200
211,0.0,0.96760315,2,21,0.022077834,0.98084813,2,44,0.03257546,1.026631,2,68,0.005957857,0.9722335,2,88,0.0,1.051515,2,115,0.01254498,1.0517223,2,135,0.007721276,1.0263208,2,155,0.0029223752,1.0181082,2,200
212,0.007047028,0.9840753,2,23,0.013078305,1.0341393,2,43,0.0202023,0.95253557,2,80
213,0.0028825575,0.91086006,2,20,0.0048228586,1.0048999,2,41,0.0070030633,1.0794114,3,62,0.013609057,0.9669548,3,83,0.0010709218,0.9991141,2,105,0.00021407641,1.0151448,2,125,0.0026385824,0.9741089,2,156
214,0.008086623,0.9974043,2,24,0.010540924,0.98881596,3,45,0.0059226886,1.0354304,2,65,0.0076694237,1.0687289,2,85,0.0,1.0860828,2,111,0.0,1.058689,2,133,0.0,1.0642848,0,155,0.0018812794,1.0749304,0,175,0.0049389224,1.0623232,2,200
215,0.018213576,0.7493025,2,20,0.0009956115,0.45331833,0,41,0.0,0.46731257,0,61,0.0,0.4547339,0,81,0.014009289,0.5577613,2,102,0.0,0.5111259,0,122,0.0,0.55010164,0,142,0.0,0.60328746,2,163,0.13047795,0.44916344,2,200
216,0.0,1.0076982,2,21,0.009980369,1.0316161,2,63,0.0038152423,1.0253909,2,83,0.0,1.0290756,2,109,0.0026529937,1.022784,2,129,0.0009193082,0.990168,2,150,0.0,0.980244,2,174,6.476224e-05,1.0346433,2,200
217,0.0013289927,1.0436597,2,23,0.012397707,1.0098296,2,46,2.7898954e-05,1.0728112,2,68,0.0047944207,1.0697833,2,104,0.006213993,1.0765661,2,132,0.0,1.0797449,2,152,0.0,1.045936,2,173,0.0039382614,1.0360922,2,200
218,0.01043656,0.99709773,2,21,0.010299706,1.0084532,2,59,0.002090625,1.0065953,2,87,0.0021244844,0.94328064,2,118,0.034279797,0.93428993,2,139,0.0,0.85925806,0,159,0.0,0.8182034,2,191
219,0.005928264,0.94801605,2,26,0.008332322,1.0001667,2,46,0.011124337,0.9617758,2,66,0.0,0.94553995,2,91
220,0.04554273,0.8911686,2,20,0.0,1.0014672,2,53,0.0020714237,0.9455436,2,83,0.0,0.9685304,2,116,0.009503503,0.944578,2,136,0.00063722,0.95334274,2,156,0.0,0.9319212,2,176,0.014774793,0.8057702,0,200
221,0.0029724024,0.9324554,2,29,0.0,1.0007311,2,50,0.0,0.8657769,2,70,0.0,0.9432454,3,90,0.016747164,0.9538102,3,111,0.0,0.9518503,3,133,0.0,1.0221344,3,153,0.0,0.86606073,3,173,0.03736538,0.7048729,2,200
222,0.0,1.0162357,2,22,0.0012272344,1.0432806,2,43,0.0022621048,1.0341258,2,66,0.002669075,1.0204238,2,95,0.0,1.0379649,2,122,0.0,1.0738717,2,145,0.0,1.05926,2,166,0.00043884205,1.0479383,2,200
223,0.0024909158,1.0498662,2,30
224,0.0063728723,1.0153291,2,33,0.007447341,0.9769972,2,53,0.0041325884,0.9713086,2,73,0.0,0.9678116,2,93,0.00069569744,0.9437482,2,113,0.0017731205,0.9690545,2,137,0.005829743,0.9628609,2,157,0.0010994426,0.94302225,2,177,0.004142147,0.99073154,2,200
225,0.0052276286,1.0147845,3,21,0.0,0.96252155,2,41,0.0,0.92913294,2,61,0.01530178,0.942543,2,84,0.015564392,0.91743267,2,104,0.0046282546,0.9443865,2,137
226,0.0022305807,0.99887717,2,20,0.0016549111,1.0789307,2,45,0.004252647,1.056479,2,67,0.00096147833,1.0581985,2,95,0.021781694,1.0289735,2,124,0.008961929,1.0290736,2,144,0.014980079,1.0534928,2,167,0.008873951,1.0220132,2,200
227,0.0024779001,1.0339037,2,22,0.0021389758,0.97692,2,74,0.0,0.9851178,2,94,0.0,1.0677407,2,114,0.0015297794,0.9984562,2,134,0.012296137,0.9682196,2,158,0.022584751,0.9717158,2,178,0.0045873863,1.0194929,2,200
228,0.0,1.0142952,3,20,0.0,1.0816813,2,41,0.0026989789,1.0697001,2,61,0.0,1.0709432,2,81,0.0052490383,1.0311556,2,105,0.061682057,0.92990315,0,125,0.008795817,0.90332645,2,148,0.005791323,0.90955657,2,168,0.016299043,0.69131595,0,200
229,0.001569405,1.0351107,2,20,0.0013913842,1.0643492,2,41,0.008368755,0.9790165,2,61,0.005247738,1.0297221,2,81,0.0,1.0203202,2,101,0.0,0.9302195,2,123,0.00013741115,1.0476876,2,144,0.0026157696,1.0716637,0,165,0.0057616746,0.99426097,2,200
230,0.0116463555,0.98182136,2,21,0.019305307,1.0639936,2,44,0.010301523,0.97611725,2,65,0.005222077,0.9897522,0,85,0.0026561555,0.9821118,2,113,0.0060083116,1.0493014,2,136,0.0037924177,1.0150282,2,156,0.001423805,1.0325264,2,177,0.00512891,1.0341583,2,200
231,0.003926317,1.0083222,2,20,0.02092884,0.9451416,2,49,0.002263015,1.0336465,2,73,0.012315075,1.0154006,2,96,0.007874739,0.97683614,2,117,0.0039980942,0.8684348,2,137,0.0015327389,0.9083212,2,171,0.050569303,0.8994504,2,200
232,0.0,0.96418625,2,21,0.007962083,0.89992297,2,41,0.018469736,0.98967826,2,61,0.04692612,0.83718,2,81,0.009500457,0.9298375,2,101,0.008922448,0.82040626,2,121,0.0,0.6103335,2,141,0.0,0.41416398,0,169,0.10051661,0.25924823,0,200
233,0.0034802393,1.0140989,2,20,0.0,1.0311732,2,42,0.0,1.0536984,2,71,0.002025656,1.0377247,0,92,0.0030224216,1.0059242,2,113,0.0011773264,1.0335517,2,134,0.0,1.0777085,2,157,8.471488e-05,1.0308295,2,179,0.008198955,1.0470648,2,200
234,0.005954738,1.0185394,2,39
235,0.0022597741,0.9792653,2,25,0.014795888,0.9302681,2,56,0.009008589,0.99482644,2,76,0.031628843,0.9145303,2,96,0.029470349,0.9372002,2,121,0.0073719556,0.95487213,2,141,0.0014628749,0.97894204,2,174,0.0022722362,1.0009431,2,200
236,0.006246744,1.0245693,2,34
237,0.018156528,0.8840895,3,22
238,0.0,0.9934484,2,20,0.02760955,0.9242532,2,42,0.02572084,0.9283489,2,62,0.0100950245,0.99876034,2,82,0.016066557,1.0438427,2,103,0.010678755,0.91331595,2,123,0.0153076565,0.96993583,2,144,0.0070446585,0.9192862,2,170
239,0.0025770098,0.97274595,2,23,0.0068322,0.8877209,2,43,0.0,0.91409665,2,66,0.027035786,0.82600254,2,88,0.0010984441,0.79518974,2,108,0.0,0.8651741,2,128,0.0,0.49722052,0,148,0.0050743,0.32934153,0,170,0.03494882,0.28094566,2,200
240,0.016729036,0.98528534,2,21,0.027658558,0.9319601,2,45,0.029159717,0.98149663,2,68,0.037410695,0.94951797,2,102
241,0.0081963325,1.0142696,2,21,0.0,1.0735695,2,42,0.016765662,1.0069067,2,62,0.00011111004,0.9813509,2,82,0.0,1.0106887,2,102,0.0,1.0439795,3,129,0.0,1.1156856,2,149,0.012855541,1.066815,2,170,0.04308988,0.8899248,2,200
242,0.0,1.0323787,2,20,0.0121807605,1.0065138,2,40,0.018216563,0.9329745,2,69,0.0074512847,0.9643378,2,92,0.015311823,0.96996725,2,113,0.008554616,0.9400013,2,136,0.0043145483,0.92237663,2,157,0.01306807,0.94169587,2,178,0.032929733,0.9703512,2,200
243,0.0,1.0251913,2,20,0.0018822029,1.0404539,2,41,0.013921301,1.0283723,2,62,0.0040372466,1.0300834,2,84,0.007476379,1.0348356,2,110,0.0,1.0152069,3,133,0.028158568,1.0126268,2,154,0.0035198366,1.0503664,2,176,1.551692e-05,1.0198902,2,200
244,0.0,1.0656173,2,24,0.0092706075,0.99607444,2,59
245,0.005673841,1.0396957,2,22
246,0.029888436,0.99686444,2,20,0.007095612,0.9065564,2,44,0.004271121,0.9247106,2,64,0.09859816,0.94500124,2,85,0.008871929,0.97796375,2,105,0.036591403,0.9443907,2,131
247,0.0,0.96987236,2,20,0.02210693,0.9894455,2,40,0.0,0.9258534,2,60,0.01630393,0.9718258,2,84,0.029460782,0.73485386,2,104,0.025799247,0.54575783,2,125,0.08278541,0.4271306,2,145,0.047715683,0.33794498,2,165,0.09304649,0.42774874,2,200
248,0.017536413,0.9896797,2,22,0.0004356698,1.0303905,2,45,0.0,1.081223,2,66,0.0031719778,0.9631895,2,89,0.0033420755,0.9995586,2,111,0.009114127,1.000685,2,131,0.026898878,0.9721307,2,153,0.0015900716,0.9027227,2,173,0.034407143,0.765017,2,200
249,0.0044991556,1.0492147,2,20,0.004851396,1.0398402,2,46,0.004578626,1.029654,2,78
250,0.0031834051,1.0365925,2,24,0.014917355,1.0231024,2,50
251,0.03204546,1.0343719,2,32,0.005785715,1.0279396,2,70
252,0.0,0.8976008,2,20,0.012650254,0.9371956,2,40,0.013814189,0.95964336,2,64,0.015943589,0.9646138,2,90,0.0215526,0.8187043,2,110,0.14067066,0.5853678,0,130,0.028923128,0.6929121,3,150,0.006533038,0.7386073,2,170,0.010657398,0.49468023,2,200
253,0.018321622,0.9940544,2,23,0.005819133,1.0396721,2,46,0.008503569,0.9674792,2,66,0.0034404993,1.0330575,2,104,0.011156566,1.0948595,2,125,0.002184818,1.0604231,2,145,0.0027349736,1.0140722,2,180,0.01202902,1.0466193,2,200
254,0.011421727,1.0159619,2,20,0.010657139,1.024175,2,40,0.0024410426,1.0537637,2,67,0.0040578563,1.0121807,2,87,0.001371605,1.0560755,2,112,0.010517621,0.96370983,2,132,0.011253576,1.0180802,2,152,0.006505186,1.0289204,2,175,0.0013226799,1.0513762,0,200
255,0.003345481,0.99788195,2,21,0.0062833508,0.9374881,2,42,0.007131061,0.9696087,2,66,0.0,1.0243723,2,86,0.0070379,0.8958836,2,108,0.0087807095,0.93869203,2,135,0.014138471,0.94742656,2,156,0.013111994,1.0106505,2,178,0.0,0.9932314,2,200
256,0.0049096444,1.0071366,2,20,0.0,1.0205619,2,42,0.0006511735,0.9923343,2,65,0.0017747814,0.9890416,2,85,0.010473116,0.9321044,2,105,0.007847166,0.96805066,2,126,0.008144055,0.97433585,2,166
257,0.002544228,0.9389035,2,20,0.0,0.8644291,2,45,0.0,1.0364865,2,70,0.0,1.0384461,2,94,0.014053293,0.9056757,2,118,0.03230635,0.8257046,2,138,0.0029918875,0.9874529,2,168
258,0.004939168,1.0116868,2,20,0.010696623,0.97996414,2,40,0.017798757,0.9968098,2,60,0.024112701,0.87432367,2,85,0.0013375884,0.9481057,2,122,0.0032657338,0.8435668,2,143,0.044727087,0.9223451,2,168,0.02787612,0.9925725,2,200
259,0.0,1.0108975,2,20,0.0029699262,1.041531,2,44,0.0008227963,1.0748057,2,64,0.0066666594,0.99174297,2,90,0.019858694,0.8730314,2,113,0.0039536976,0.8907754,2,134,0.008528044,0.8972915,2,158,0.0010398817,0.6807274,2,180,0.004703528,0.64287937,2,200
260,0.0,0.97583634,2,24,0.0033644245,0.9644058,2,51,0.010474436,0.93052185,2,71,0.0037177277,0.9272523,2,106,0.0,1.0179604,2,126,0.0,1.0965823,2,147,0.0006897017,1.0678399,2,170,0.0056016217,0.99357545,3,200
261,0.00061327143,1.0473821,2,21,0.006001631,1.0349467,2,42
262,0.013481348,0.9527643,2,27,0.011305854,0.9437892,2,47,0.014526363,0.9509861,2,70,0.0074738795,0.94994754,2,90,0.002670702,1.0224639,2,111,0.0021070584,1.0143012,2,133,0.010421066,1.014616,2,153,0.0030009854,0.9781042,2,174,0.0003367889,0.94719666,2,200
263,0.0,0.9419187,2,20,0.00010279007,0.9488465,2,40,0.0110609615,0.8801385,2,60,0.014147189,0.8890095,2,80,0.012791203,0.86147326,2,100,0.09727056,0.74729776,2,120,0.035598833,0.50731874,2,140,0.0,0.5272042,2,161,0.0077708503,0.59646916,0,200
264,0.0027773923,0.99817145,2,22,0.025150916,0.98774076,2,43,0.0022652925,0.95147556,2,65,0.008302036,0.962578,2,85,0.0041915057,0.9320571,2,114,0.024383068,0.94862473,2,134,0.0060669817,0.99671465,2,157,0.0020815183,0.88291466,3,178,0.0,0.9497476,2,200
265,0.0,0.98487544,2,21,0.0,1.0292623,2,41,0.0,0.77994484,0,63,0.0,0.65688646,0,83,0.0,0.62656146,2,103,0.016161244,0.7422902,2,123,0.0,0.81348085,2,143,0.025759738,0.9025448,2,163,0.051290672,0.80873585,2,200
266,0.0015978286,1.0108744,2,24,0.013760827,0.9819629,2,45,0.009963838,0.946434,2,65,0.02336357,0.8958799,2,89,0.00414538,0.92392415,2,109,0.019040903,0.9784532,2,131,0.013301864,0.9878195,2,151,0.005895406,0.983135,2,175,0.015000623,0.9669236,2,200
267,0.0012938486,0.9403904,2,25,0.0,0.9903848,2,48,0.0049715126,0.8713366,3,68,0.012977673,0.915573,2,97,0.012993984,0.9125323,2,117,0.027948743,0.8803465,2,138,0.035084724,0.8750361,3,159,0.04549564,0.90411836,2,179,0.0,0.6254337,2,200
268,0.0024071122,1.0247055,2,22,0.008290128,0.99319506,2,45,0.005880741,0.9989934,2,65,0.0041679065,1.0924833,2,92,0.010452909,1.0377957,2,113,0.002058469,1.0337538,2,136,0.00594607,1.0527538,2,159,0.0,1.0567458,2,180,0.0,1.0183047,2,200
269,0.0,1.0141302,2,21,0.0,1.0752708,2,42,0.0032108377,1.0782441,2,63,0.0,0.95897603,2,84,0.004862739,1.0471793,2,106,0.00080462004,0.98034847,3,126,0.0022353206,0.9015121,2,155,0.028028235,0.8515223,2,175,0.026981156,0.9821808,2,200
270,0.0020099543,1.0125765,2,21,0.0069847493,1.0255249,2,41,0.0014221392,1.0155147,2,71,0.022200024,0.9246669,2,96,0.0,0.9950131,2,119,0.008269756,1.0160304,2,143,0.0037454222,1.0456178,2,173,0.00090045383,1.0541469,2,200
271,0.0051463083,0.9532608,2,25,0.018614372,0.9665214,2,45,0.0,0.9622213,2,65,8.884826e-05,1.0484715,2,86,0.0040490725,0.94249725,2,106,0.009414807,0.9686281,2,139,0.024604421,0.9690991,2,162
272,0.0,0.9995771,2,21,0.021784196,0.9924731,2,45,0.02151671,0.953588,2,69,0.040132012,0.9609336,2,95,0.018622998,0.9542729,2,115,0.014560656,0.95522326,2,136,0.024137769,0.82338417,2,156,0.014114748,0.7048882,2,177,0.024635598,0.97248334,2,200
273,0.0029115009,1.0318246,2,22,0.00029428725,0.9569443,2,44,0.010822041,1.0184352,2,64,0.0017294862,1.0326234,2,84,0.023829695,0.9788132,2,118,0.032365732,0.95323724,2,139,0.0020348378,0.9512221,2,162,0.008278662,0.97918844,2,200
274,0.0070019476,0.9300925,2,20,0.005149356,0.9705535,2,40,0.0009767596,0.9454676,2,60,0.018782003,0.9892538,2,81,0.02153074,0.9601822,2,101,0.0,0.9884605,2,125,0.030309368,0.9583597,2,145,0.01673035,0.9684025,2,165,0.011745883,0.9972684,2,200
275,0.006129845,0.9916566,2,21,0.0,1.0260171,2,44,0.0,0.9454061,2,64,0.005379786,0.95754665,2,86,0.008478905,1.0499856,2,106,0.0033776106,1.0061353,2,129,0.0,1.0320823,0,152,0.0,1.0329804,2,172,0.0,1.0518724,2,200
276,0.027336398,0.9895953,2,21,0.0,1.035424,2,41,0.0015938362,0.9297261,2,62,0.0017100712,0.96661806,2,82,0.014272982,0.89435303,2,103,0.0,0.97202384,0,124,0.0,0.9331962,2,144,0.0,0.89002866,2,164,0.0,0.9440305,2,200
277,0.0007151052,0.9920978,2,37,0.008309499,0.9971962,2,61,0.0,0.96145326,2,83,0.0017098386,0.9791258,2,103,0.012251296,0.9212942,2,123,0.0054398277,0.9434951,2,143,0.01621792,0.9351114,2,168,0.0012309339,0.98967385,2,200
278,0.017026886,1.0045437,2,23,0.002361257,0.9688198,2,43,0.0046708123,0.9827634,2,63,0.0024652772,0.8917197,2,100
279,0.012646275,0.9660839,2,20,0.012300874,0.92988235,0,41,0.0067407237,0.9283779,2,66,0.01907006,0.92475444,2,86,0.011767942,0.9988203,2,108,0.004625151,0.9887201,0,130,0.011117662,0.9150044,2,150,0.058932822,0.8842805,2,171,0.03286223,0.925017,2,200
280,0.010234385,1.0002383,2,23
281,0.0009556438,0.9880665,2,20,0.0,0.9592554,2,40,0.0,0.7929693,2,60,0.0,0.4992002,1,80,0.0024080104,0.5616408,2,100,0.0,0.55860764,2,120,0.0038227518,0.8319451,2,141,0.018590631,0.9313873,2,161,0.026031746,0.9239144,2,200
282,0.007136194,1.0094084,2,24,0.011217443,0.96151143,2,56,0.0,0.7349434,2,76,0.0032199677,0.8120317,2,97,0.0,0.6006624,0,117,0.0,0.54620755,0,137,0.0,0.28558567,0,157,0.0,0.43113813,1,178,0.119525865,0.53190273,1,200
283,0.0012129114,1.029688,2,29
284,0.00065300125,1.0656736,2,20,0.028266702,1.0007024,2,40,0.012591448,0.9637544,2,65
285,0.0012249919,0.9440109,2,20,0.008843582,0.9989452,2,63,0.0037416872,0.9539819,2,83,0.0063919,0.98063,2,104,0.0063138283,1.0095986,0,125,0.0007177915,1.0958965,2,145,0.024275027,1.0115503,2,165,0.0031032227,1.0396243,2,200
286,0.00062328414,0.97273177,2,22,0.0042700837,0.953827,2,51,0.0021223458,0.94955593,2,73,0.0016780011,0.9301208,2,94,0.0,1.0093281,2,114,0.0,1.0343425,2,134,0.0,0.96221673,2,154,0.010300349,0.9564513,0,174,0.0013553838,0.8322344,2,200
287,0.00087096216,0.9955541,2,29,0.014828923,1.0266988,2,49,0.01473414,1.0051048,2,69,0.0076483428,0.98189807,2,93,0.014502858,1.0124891,2,113,0.016336367,1.0221926,2,133,0.010881914,0.9972231,2,153,0.0015687859,1.0511099,2,173,0.0,1.0489886,2,200
288,0.0075667985,1.0217025,2,20,0.0,1.0241718,2,40,0.0,1.0811026,2,60,0.0055290894,1.0333577,2,82,0.0065017967,1.0263554,2,111,0.0,1.0483282,2,132,0.0,1.0076398,2,153,0.00066749426,1.0685763,2,175,0.0070121526,1.0347224,2,200
289,0.0,0.9926121,2,25,0.013638984,0.9863274,2,46,0.0062148944,1.0363274,2,70,0.012124442,0.9704505,2,91,0.004436114,0.957421,2,111,0.018784015,0.9936508,2,131,0.027043134,0.94247466,2,151,0.0,0.9271568,2,172,0.0045277355,0.9827997,2,200
290,0.04148812,0.9709321,2,20,5.426169e-05,1.039896,3,41,0.0,0.9779447,3,61,0.01718742,0.987668,3,82,0.0,0.8918316,3,102,0.0,0.8277111,3,123,0.0,0.7874739,2,145,0.0,0.8544029,0,165,0.009933887,0.64562273,1,192
291,0.019214403,1.0274354,2,25,0.0,1.050119,2,50,0.0035080449,1.0797246,3,70,0.0044440962,1.0162911,2,95,0.009961065,1.0476133,2,128,0.0,1.0709556,2,155
292,0.0027764963,1.0399773,2,29
293,0.0048732418,0.9763915,2,21,0.0070230723,1.0192016,2,41,0.042407725,1.0377946,2,69,0.009482371,0.85103416,3,89,0.0013725794,0.62928957,2,118
294,0.012389299,1.0609701,2,23
295,0.00415884,1.0124125,2,24,0.011189652,1.0561845,2,45,0.0,1.0509454,2,65,0.0011930935,1.0333225,2,90,0.00026244344,0.9901744,2,110,0.0,0.9720377,2,130,0.0040705856,0.9791271,2,150,0.0022482052,0.9145855,2,170,0.005354862,0.92441386,2,200
296,0.004011332,1.0382128,2,58,0.0,1.0322453,2,83,0.0,0.9977095,2,109,0.0036305175,1.0039358,2,130,0.018578932,0.92529374,2,150,0.0,0.92664325,2,170,0.020247655,0.9424887,2,200
297,0.006381729,1.0514557,2,20,0.0048414418,1.0563337,2,44,6.186776e-05,1.0103825,2,69,0.0010396289,1.0568013,2,90,0.016704194,1.0113549,2,112,0.0009761957,1.0239704,0,132,0.0,1.0495949,2,165,0.0023229478,1.0385607,2,200
298,0.0,1.0296471,2,20,0.014163656,0.95743483,2,40,0.013171919,0.9615134,2,61,0.0,0.9675789,2,83,0.006009559,0.94648254,2,112,0.008055959,0.985131,2,141,0.00939752,1.0231936,2,162,0.013852892,0.9917239,2,200
299,0.0,1.0275422,2,20,0.014908887,0.99222374,2,44,0.0011812185,0.97409916,2,64,0.004680759,0.99066806,2,91,0.0030061435,0.9512874,2,112,0.0026896172,0.9525553,2,135,0.03182041,0.8542446,2,156,0.006907489,0.9605548,2,176,0.0054324176,0.9689581,2,200
