0,0.0026717354,1.0128694,2,20,0.005141423,1.0088334,2,40,0.009355105,0.98661643,2,61,0.036253043,1.027521,2,86,0.0025375567,1.0228822,2,106,0.0,1.035013,2,134,0.0147183435,0.9710611,2,154,0.005680824,0.95024,3,175,0.0067311944,0.8626364,0,200
1,0.0020154282,1.0118515,2,29,0.013907344,0.9997979,2,52,0.0,1.026255,2,76,0.0034626771,1.0079428,2,113,0.0,1.0192405,2,134,0.00014421628,1.045928,2,155,0.0042262366,0.9415309,2,175,0.0043874145,1.0338167,3,200
2,0.0026770178,1.0363944,2,20,0.0,0.94383156,2,40,0.0121768145,0.9559372,2,60,0.0,1.0472847,2,80,0.047791563,0.7646669,2,100,0.017290652,0.9189832,2,126
3,0.013909535,0.9522159,2,31
4,0.022375446,1.0163041,2,20,0.004366064,1.0067621,2,45,0.014148035,0.9524906,2,69,0.011020018,1.0268484,2,89,0.01695596,1.0039619,2,114,0.026681038,0.9671737,2,135,0.0013682535,0.968098,2,155,0.019936023,0.94940263,2,177,0.03517311,0.918017,2,200
5,0.003513405,1.0136911,2,21,0.0,1.0069618,2,42,0.0006770075,1.0362018,2,63,0.02322651,1.0851169,2,85,0.0,1.1005224,2,107,0.0,1.1084584,2,128,0.0,1.0432414,2,149,0.0,1.110029,3,175,0.0055246674,1.0801944,3,200
6,0.0049150856,0.88905203,2,22,0.0,0.8876342,3,47
7,0.01662199,0.88961375,2,21,0.05450214,0.78839976,2,41,0.014223902,0.8440629,2,62,0.011603893,0.7591399,2,82,0.0,0.56395566,0,102,0.04032565,0.4568359,0,128
8,0.0048394366,1.0164077,2,23,0.003204419,1.0034919,2,58,0.0060003614,1.020414,2,78,0.0066953204,0.9769086,2,99,0.0048687896,0.9444267,2,119,0.01085111,0.98967046,2,143,0.0,0.9881478,2,166,0.010329304,0.99348044,2,200
9,0.0010592623,0.98828906,2,22,0.004652877,1.0533849,2,47,0.010268886,0.9455101,2,72,0.0056297877,0.9812689,3,92,0.0032245298,0.9986701,2,112,0.013293686,1.0005665,2,133,0.00024734408,1.0501986,2,153,0.00095143117,0.9726361,2,174,0.0,0.9775591,3,200
10,0.008062958,1.0652608,2,26
11,0.0,1.0580258,2,22,0.0038671256,0.9779946,2,42,0.004574267,1.0235436,2,67,0.0041329814,1.0137188,2,87,0.0,1.0363487,2,108,0.0,0.97951937,2,128,0.0017081673,1.0072001,2,156
12,0.0,1.0075644,2,20,0.015041677,0.93212336,2,40,0.025642356,0.98376846,2,60,0.013100533,0.90109843,2,80,0.015589978,0.88616765,2,101,0.016815294,0.92092836,2,121,0.009932078,0.8573036,0,142,0.019308493,0.8624878,2,162,0.034077484,0.9153819,2,200
13,0.0033416918,1.0127022,2,21,0.035896208,0.9612108,2,49,0.007502843,0.96244586,2,70,0.0,1.0359917,2,103
14,0.007468298,1.0451752,2,29
15,0.0,1.0305114,2,25,0.0,1.0223382,2,47,0.0,1.0290314,2,70,0.0,1.0356431,2,92,0.0,1.0538309,2,117,0.0,1.044941,2,139,0.0030571343,1.0377138,2,165,0.0032069492,1.053533,2,200
16,0.0,0.9981642,2,20,0.012780579,0.98456895,2,40,0.0013893017,1.0391293,2,64,0.000411754,0.99573964,2,103,0.003177107,0.9527685,2,126,0.01879357,0.9109898,2,148,0.0017897639,0.79782104,2,171,0.0,0.9359218,2,200
17,0.0023955528,0.98504037,3,20,0.005158826,1.0143172,2,40,0.014578337,0.99099034,2,60,0.0,1.0321664,2,84,0.0,0.97794497,0,104,0.00062120345,1.0618589,0,124,0.0,1.1129421,2,144,0.0,1.0402744,2,173,0.009357061,1.0510322,2,200
18,0.0043707914,1.0138791,2,20,0.0,1.0024822,2,40,0.0011494873,1.0390576,2,64,0.00806163,0.963561,2,85,0.0017871375,0.98311055,2,106,0.014290408,1.0111756,2,128,0.014210643,1.0098989,2,149,0.0021023613,0.90000755,2,169,0.004117357,0.97265273,2,200
19,0.010554003,1.0127044,2,20,0.009806518,0.96810704,2,45,0.0004635478,0.95377886,2,66,0.012184718,0.86452186,2,86,0.018308042,0.5668887,2,107,0.00035557727,0.66417825,2,127,0.00538634,0.90995264,0,147,0.03277193,0.9476866,2,169,0.021325128,0.86150014,2,200
20,0.01560366,0.97803277,2,21,0.030424321,1.0095378,2,43,0.022961183,0.9660503,2,63,0.016065348,1.0428764,2,106,0.011406762,1.0141469,2,128,0.0,1.0922277,2,148,0.0,1.1330099,2,170,0.0071233455,1.0039071,2,200
21,0.010066808,0.92626363,2,21,0.0,0.9404534,2,42,0.009950358,0.7916166,2,62,0.0,0.53086346,0,82,0.0,0.6013907,2,104,0.020746376,0.53258944,2,124,0.0,0.27445805,1,144,0.0,0.17207159,1,164,0.060789697,0.26055455,1,200
22,0.013982974,1.0394117,2,20,0.005040396,0.9129656,2,40,0.0058208914,1.0408016,2,60,0.00143767,1.0096251,2,85,0.028183904,1.0211245,2,106,0.023322074,0.9744982,2,128,0.012027002,1.0196527,2,148,0.0044391532,1.0822678,2,200
23,0.03409309,0.9498658,2,21,0.00481405,1.0822047,2,70,0.0011880283,1.0287454,2,120,0.005433214,1.0350016,2,143,0.0039335,1.0588464,2,167,0.0075148665,1.0356185,2,200
24,0.021014463,0.9657326,2,20,0.0012565983,1.0429815,2,42,0.005119582,0.98627317,2,65,0.0009377773,0.97182786,2,88,0.0,0.9914192,2,108,0.0,0.87507933,2,128,0.03182905,0.91063416,2,149,0.015615126,1.0883014,2,169,0.005065353,0.9903931,3,200
25,0.00033560506,0.9652368,2,27,0.0,0.8928774,2,48,0.013339596,0.94217384,2,69,0.031656496,0.89383477,2,89,0.008656295,0.8933312,2,109,0.03291022,0.8493765,2,129,0.0038958208,0.9103896,2,153,0.019663721,0.91658574,2,173,0.07921861,0.7763806,2,200
26,0.0006830588,1.0266938,2,22,0.007961832,1.0073265,2,48,0.005325257,0.9953596,2,69,0.0032006388,0.9958557,2,90,0.00031711132,0.97998774,2,110,0.00062460563,0.9488658,2,130,0.005386768,0.9716706,2,153,0.0,0.93964714,0,175,0.009104932,1.0198828,0,200
27,0.023611784,1.0111609,2,25,0.0028795244,1.0294969,2,51,0.001203961,1.0099881,2,74,0.019121388,1.0287896,2,98,0.015459055,0.9869609,2,118,0.01969516,0.9538311,2,138,0.015576717,0.9105695,2,158,0.0030809154,0.9424064,2,200
28,0.0063777575,1.0210558,2,28,0.0060567134,0.9946411,3,48,0.0055331346,1.0707773,2,90,0.010939087,1.0444614,2,130,0.0074142935,1.0123901,2,159,0.019999225,0.9805975,2,200
29,0.0,0.99938,2,20,0.0,1.0899976,2,40,0.00580722,1.0216038,2,61,0.0,0.98946655,2,81,0.00054833735,1.0551476,2,104,0.0,0.9939846,2,126,0.0030015805,1.0756755,2,161,0.010828009,0.9986006,2,200
30,0.0035850052,1.0207769,2,20,0.00031796235,1.0329887,2,42,0.01007662,1.0206898,2,69,0.0058432557,1.0035726,2,92,0.012165499,0.9537142,2,112,0.0025937294,0.97228974,2,133,0.0,0.91461945,2,153,0.0,0.93459713,2,173,0.011854593,0.8959001,2,200
31,0.006566347,1.0579079,2,20,0.00208344,1.0252378,3,50
32,0.018041326,0.9129074,2,24,0.008666553,1.0337504,2,47,0.006866546,0.96615165,2,68,0.07537383,0.892412,2,89,0.022361515,0.88395435,2,109,0.0030068695,0.93188095,2,129,0.0,0.91039574,2,150,0.042958155,0.8557426,2,170,0.00032363125,0.57005084,1,200
33,0.0007367686,0.9838806,2,32,0.0060181054,0.9581219,2,59,0.0020441683,0.97378016,2,80,0.011306624,0.99555254,2,100,0.005209979,0.99299765,2,123,0.005887842,0.9903291,2,147,0.0,1.0668786,0,167,0.0057597184,1.025333,2,200
34,0.003311966,0.9411663,2,21,0.0023054243,0.9387457,2,41,0.003417935,1.0257728,2,66,0.00096885645,1.0442014,2,87,0.014362596,0.9384067,2,108,0.002035807,0.9942526,2,133,0.0098499,1.0251038,2,153,0.0045317514,1.0005238,0,173,0.0098072365,1.0149375,2,200
35,0.002138603,0.98486966,2,21,0.014266529,1.0165069,2,42,0.0,0.98843575,2,62,0.011154136,1.0331684,2,91,0.0102237165,0.9267372,2,111,0.024814695,0.96425277,2,131,0.008664839,0.96824265,2,151,0.028627133,0.9386117,2,171,0.021429876,0.8929658,2,200
36,0.0027062036,0.95348394,2,20,0.010450741,0.92218584,2,42,0.041569516,0.90077156,2,63,0.04522569,0.8731944,2,86,0.010535355,0.97720176,2,107,0.025583103,0.87567455,2,127,0.01361959,0.85253584,0,147,0.0,0.6973533,0,169,0.057632238,0.627514,2,200
37,0.008476354,0.9636246,2,40,0.018627819,1.0128524,2,64,0.0018967283,0.98006475,2,94,0.016020754,0.96956074,2,114,0.03293998,0.7142723,2,137
38,0.0,0.8802271,3,20,0.0065425695,0.43337956,0,40
39,0.028786669,0.92499053,2,20,0.007865022,0.9161974,2,40,0.009103331,0.9993601,2,62,0.010089774,1.0112495,2,85,0.0011921322,0.9561327,2,105,0.012965407,0.9614794,2,135,0.018128337,0.99486774,2,165,0.026635816,0.78140473,2,200
40,0.009647682,1.0011278,2,20,0.008867273,0.9418643,2,40,0.01298525,0.95423037,2,63,0.0106596025,0.82332647,2,83,0.0040279827,0.6137992,0,103,0.0425399,0.4552032,2,123,0.0,0.5444322,2,143,0.0,0.6028494,0,163,0.0013791524,0.64377666,2,200
41,0.0023622892,1.042144,2,20,0.0014404414,0.99179745,2,40,0.0039253174,0.948933,2,60,0.013032609,0.9930647,2,98,0.010819997,1.017219,2,122,0.024284894,0.9831331,2,151,0.0,0.8967334,2,172,0.0120343035,0.8573814,2,200
42,0.019977517,0.99422866,3,20,0.0,1.0763587,2,40,0.009200626,0.9290216,2,84,0.0014275888,0.9205987,2,115,0.0006092902,0.9553027,2,147,0.00295084,1.1023171,3,167,0.0,1.0217336,2,200
43,0.02496044,0.8848998,2,20,0.0,1.0276297,3,40,0.016383862,0.98362845,0,64,0.0,0.7634133,0,84,0.0,0.7446504,0,105,0.048548643,0.48693904,0,127
44,0.009140756,1.0155773,2,32,0.011843845,1.0112169,2,53,0.017632285,1.0740705,0,74,0.010199758,1.107947,2,97,0.0032955254,1.0679326,2,123,0.0009574452,1.0452554,2,146,0.0,0.99837595,3,167,0.0,1.02271,2,200
45,0.016305935,0.987584,2,33,0.0,0.9865451,2,53,0.0050703697,0.9564131,2,73,0.0132205365,0.880554,3,93,0.004528421,0.93789464,2,114,0.0020759199,0.9488218,2,139,0.003151652,0.97969544,2,159,0.024873856,0.8594082,2,179,0.00083811325,0.7001176,2,200
46,0.010000345,1.033282,2,32,0.025141047,1.0316474,2,59
47,0.019080767,0.9815086,2,21,0.0030569166,1.0682003,2,46,0.050964776,0.98487216,2,67,0.0026734918,1.0182571,2,99,0.0026523592,0.9739219,2,120,0.0023442693,1.0174172,2,140,0.036012877,0.9832126,2,163,0.0023952255,0.98605037,2,200
48,0.006681594,0.9689705,2,28
49,0.0032701795,1.0048969,2,20,0.0,1.0029204,2,44,0.0,1.032134,2,67
50,0.0,0.9804466,2,24,0.016109262,0.9290314,2,44,0.0322844,0.9465077,2,65,0.012416818,1.0095328,2,85,0.040084623,0.93053293,2,106,0.008391384,0.9597476,2,126,0.012626345,0.92555666,2,146,0.033954438,1.0505368,3,166,0.0023096795,1.0012579,2,200
51,0.008843262,0.9444507,2,20,0.019744419,0.8408521,2,40,0.0032852353,0.88720703,0,60,0.009902563,0.7201907,0,81,0.0,0.83727735,0,102,0.0,0.826964,3,122,0.014713812,0.79085666,2,142,0.0,1.0332508,2,162,0.028769787,0.48460793,1,200
52,0.013893054,0.9697689,2,22,0.010131665,0.9894144,2,44,0.008325025,0.9177605,2,64,0.013124135,0.9974595,2,87,0.005538742,0.9622447,2,107,0.002388033,0.9902221,2,127,0.0023774568,0.8730992,2,148,0.008671732,0.95901954,2,169,0.116095856,0.760205,2,200
53,0.0,0.7887049,3,20,0.0046231616,0.46416867,2,42,0.0,0.45480704,1,62,0.012156719,0.54085857,2,83
54,0.03142833,0.8762501,2,29,0.07509165,0.8839943,0,68
55,0.021340627,0.94038534,2,20,0.02532754,0.97242004,2,40,0.00059999817,1.071978,2,61,0.020887492,0.94248694,2,91,0.0034688215,1.0409986,2,124,0.0017844412,0.97785115,2,146,0.016250601,1.0382385,2,167,0.022144271,0.9671774,2,200
56,0.0059468485,0.97901946,2,20,0.0075228307,0.93431467,2,42,0.0044054203,1.050411,2,63,0.0052814037,0.98096573,2,83,0.031439085,0.9673877,2,103,0.02897811,0.8746487,2,124,0.017408585,0.9472359,2,144,0.0,0.9059866,2,166,0.008297269,0.99021494,2,200
57,0.063440815,0.92224634,2,20,0.0,1.0113757,2,40,0.010832441,0.9111011,2,61,0.0039690034,0.768659,2,81,0.0,0.91122174,2,102,0.010714552,0.91130704,2,122,0.0,0.9141287,2,147,0.003266974,0.8784528,2,167,0.005311476,0.97104746,2,200
58,0.0,1.0582863,2,28,0.008711178,1.0284611,2,48,0.004408149,1.0262319,2,73
59,0.0,1.0685173,2,20
60,0.0014753022,0.9954713,2,27,0.0014596672,1.025243,2,47,0.0069183805,1.0052801,2,71,0.010901029,1.015417,2,91,0.049748898,1.0148405,2,111,0.008273315,0.9950142,2,133,0.015232052,1.0081458,2,153,0.0016991775,0.9774973,2,173,0.0119187785,0.95136607,0,200
61,0.008476684,0.9904251,2,20,0.008317229,1.0113709,2,41,0.0047484823,0.98617065,2,61,0.022282057,1.0051761,2,82,0.015736796,1.0099227,2,108,0.0,1.0818808,2,128,0.015197361,1.0071633,2,148,0.009793191,1.0596477,2,174,0.0038783802,1.0278459,2,200
62,0.04969396,0.94940865,2,20,0.0071973586,0.9297719,2,41,0.0061841323,0.9702741,2,62,0.012279572,1.0026853,2,82,0.017099347,0.9945956,2,123
63,0.008819539,1.0025738,2,42
64,0.0,1.0090036,2,31,0.024928624,0.9563594,2,52,0.0062262104,0.97482663,2,72,0.01097377,0.9890238,2,98,0.027670415,0.88658905,2,119,0.0011022609,1.0195328,2,142,0.0034423596,1.086612,2,200
65,0.01501403,0.96668136,2,20,0.01922206,1.0071329,2,41,0.06571213,0.9963207,0,63,0.0168091,0.96216774,2,83,0.0,0.9945138,2,103,0.0053605447,1.0327611,2,124,0.007472981,0.9317598,2,145,0.01992877,1.0479825,2,167,0.01999179,0.9241271,2,200
66,0.0,0.94671595,2,21,0.0035785898,0.9831497,2,44,0.02980789,0.8432306,2,64,0.0,0.67975545,0,84,0.0,0.7067296,0,104,0.0,0.5316569,0,125,0.0128984675,0.82424927,0,146,0.05235331,0.6883378,2,166,0.05940924,0.48671696,2,200
67,0.00080659037,0.9586193,2,22,0.0012028143,1.0542914,2,46,0.030672729,0.91368556,2,68,0.0114608025,0.95882463,2,88,0.027564298,0.9807867,2,111,0.006090605,0.94664955,2,133,0.011134974,0.9151546,2,153,0.002063507,0.9085764,2,175,0.012528908,0.99832124,2,200
68,0.0,1.065428,2,21,0.016522761,1.0072857,2,41,0.00140032,0.99484444,2,70,0.007826782,1.036049,2,92,0.0,1.0709327,2,112,0.0031939365,1.0970339,2,132,0.0,1.1184523,2,152,0.0,1.0742184,2,173,0.0,1.0136038,2,200
69,0.0030243138,1.0295118,2,21,0.0,1.0075009,2,41,0.0,1.0251282,2,65,0.0,0.96987677,2,85,0.0,1.0265267,2,105,0.0,1.0516268,2,133,0.0006546742,1.0383096,2,155,0.004395029,1.0212789,2,178,0.0008646839,1.0035809,0,200
70,0.010648667,1.039748,2,22,0.01214054,1.0264968,2,48,0.010473782,1.0125732,2,88,0.0035207917,1.0338494,2,121,0.00083220535,0.9589642,2,141,0.002597612,1.003957,2,161,0.0007206101,1.0201197,2,200
71,0.01547025,0.97223103,2,20,0.0,0.97107196,2,47,0.0032458748,0.9666811,2,67,0.018101962,0.9118841,2,91,0.012406723,0.9678509,2,112,0.055791225,0.8245433,2,133,0.0063917665,0.72856635,0,154,0.011291811,0.62863225,2,177,0.012339823,0.51668924,0,200
72,0.0070797005,1.0083791,2,27,0.012348976,0.9862232,2,53,0.0015968408,0.97798806,2,75,0.009649207,0.95417136,2,95,0.010612634,1.0243815,2,128,0.03312742,1.0345298,2,149,0.0023124062,1.0472572,2,169,0.008120327,0.9719392,2,200
73,0.0,0.9878131,2,20,0.0,1.0004057,2,46,0.004889971,0.97593737,2,66,0.012924349,1.0237832,2,87,0.006921737,1.0374666,2,111,0.013121424,0.94295776,2,140,0.023216082,0.9808008,2,163,0.0035300786,1.0199466,2,200
74,0.0,0.9211112,2,20,0.020792326,0.83779347,2,40,0.039583333,0.81323576,2,60,0.05443784,0.62014925,2,100
75,0.0047452063,0.9860856,2,20,0.013707517,0.94848955,0,40,0.05249179,0.91880435,2,60,0.019353604,0.90181553,2,80,0.014507843,0.9037571,2,101,0.009268664,1.0299611,2,124,0.005248375,0.970034,2,146,0.0069925645,0.9325357,2,167,0.014294601,0.9854793,2,200
76,0.012730574,1.0142848,2,20,0.0,1.0462168,2,42,0.0047492934,0.9744825,2,68,0.004401676,0.9417822,2,91,0.017511254,0.97058856,2,111,0.024252497,0.9501492,2,131,0.0054604574,0.9611379,2,152,0.005255668,0.9464909,2,172,0.0069646384,0.96813905,2,200
77,0.025940284,0.8931418,2,21,0.013627039,0.8472077,2,42,0.08781729,0.5271499,2,63,0.058691498,0.63475394,2,85,0.0431846,0.803974,2,108,0.020064509,0.9224895,2,131,0.05035178,0.89665663,2,151,0.025826382,0.6831959,2,174,0.096512064,0.4797828,2,200
78,0.007502998,1.0444627,2,25
79,0.002925293,1.0102589,2,37
80,0.0044581126,1.0219635,2,20,0.0025112955,0.9985834,2,53,0.0065329606,1.0383675,2,73,0.012508233,0.9880388,2,96,0.014084752,0.96208656,2,117,0.0030710709,1.0037278,2,137,0.004093901,0.9843839,2,157,0.019712502,1.0007218,2,178,0.0065971334,1.0299462,2,200
81,0.02471418,0.9936116,2,25,0.00096723164,1.0131987,2,47,0.0011301441,1.0188637,2,67,0.0127930045,1.0176249,2,87,0.012182352,1.0052476,2,109,0.0,1.0009241,2,129,0.020809459,1.0273273,2,152,0.020140994,0.96698886,2,172,0.0059823436,1.0173342,2,200
82,0.004369675,1.0020216,2,21,0.035923608,0.95230025,2,41,0.009428524,0.9555295,0,62,0.037020143,0.9628971,2,82,0.02028157,0.9504269,2,104,0.0068322998,0.9171536,2,130
83,0.013360399,1.0167365,2,22,0.0015094589,0.9909904,2,43,0.004103727,0.9994782,2,64,0.0046146386,0.9685199,2,85,0.0045885686,0.8850662,2,114,0.0010949876,0.95782363,2,134,0.014764241,1.0165759,3,155,0.0,0.9651765,2,177,0.011798015,0.79309297,2,200
84,0.0057771476,1.0135442,2,23,0.009214358,1.0230548,2,60,0.00021100575,1.0036796,2,80,0.01891079,1.0112076,2,103,0.016807921,1.0034105,2,129,0.008394956,0.9976912,2,152,0.00014149044,0.9749967,2,172,0.048810363,0.94061327,2,200
85,0.0014001508,1.0275778,2,45
86,0.0015210237,1.0062941,2,23
87,0.03574495,0.95914626,2,30
88,0.017674929,0.99265057,2,30,0.0030463391,1.0247073,2,51,0.011013521,0.9573267,2,71,0.003976812,0.9805272,2,102,0.01943263,1.021113,2,122,0.007345786,1.00359,2,142,0.035962127,0.95844346,2,162,0.0033405984,1.0317346,2,200
89,0.0,1.0612601,2,27,0.015942102,1.006579,2,47,0.0100966655,0.9452206,3,67,0.008488254,0.97197825,2,88,0.003191195,0.9996562,2,109,0.0,0.94873935,2,137,0.01238034,1.1081688,2,157,0.0059111235,1.0142243,2,180,0.02876179,1.0629947,2,200
90,0.008730145,0.99755967,2,20,0.019488478,1.0510874,2,42,0.009512005,0.99041504,2,71,0.017083563,1.0297005,2,95,0.012371435,0.98177356,2,115,0.0034200454,1.0582631,2,145,0.0072469753,1.0037886,2,166,0.01578914,1.0128522,2,200
91,0.0005180313,0.99008334,2,27,0.02118309,0.9983579,2,54,0.0022198618,1.0389787,2,77,0.011246585,1.0107262,3,97,0.0025305187,1.000603,2,118,0.0,1.1020736,2,141,0.004112734,1.0614896,2,162,0.0068136617,1.0527872,2,200
92,0.006806226,0.96112907,2,21,0.0028835821,0.97590935,2,42,0.006595949,1.0176442,2,62,0.0,1.000013,2,83,0.0,1.0383682,3,104,0.0,1.0136715,2,125,0.0,1.0513104,2,145,0.0,1.0059615,0,167,0.0049494617,0.8770399,2,200
93,0.0072534233,1.0090585,2,22,0.017727032,0.9582256,2,45,0.0313999,1.000848,2,65,0.0065126605,1.0475198,2,86,0.009902906,1.0279286,2,106,0.00992267,0.9916747,2,126,0.003509976,1.0392919,2,148,0.0,1.1043185,2,170,0.0,1.0689976,2,200
94,0.0045919367,1.0086318,2,39
95,0.0034429363,1.0219039,2,20,0.016463464,1.0065669,2,41,0.0152594475,1.0181957,0,62,0.007582086,1.0255493,2,82
96,0.014774786,1.0186632,2,20,0.017752295,0.9434171,2,40,0.054565508,0.9112306,2,64,0.02846687,0.9276634,2,86,0.010459193,1.0190903,2,108,0.059949387,0.9052658,3,128,0.008348087,0.92094666,2,150,0.0,0.93418133,2,170,0.0076416214,0.85145265,2,200
97,0.014576462,0.9449894,2,24,0.0,0.9402756,2,46,0.0021445244,0.8405005,2,66,0.0,0.8410511,2,86,0.0,0.84680784,2,111,0.0010288394,0.7952503,2,132,0.02081872,0.8876584,2,152,0.009097188,0.9439169,2,172,0.027566914,0.83015156,2,200
98,0.040057354,0.97232944,2,23,0.013718387,1.0251414,2,46
99,0.0073730024,1.0164471,2,20,0.00036773217,1.0064021,2,40,0.008908323,1.0230328,2,65,0.0,1.073879,2,85,0.0021588951,1.0068711,2,105,0.0010844516,1.0562819,2,132,0.0043086056,1.0967774,3,152,0.0,1.0482883,2,173,0.002338852,1.0204667,2,200
100,0.007863785,0.9886855,2,29,0.004362697,0.95890874,2,50,0.0047065644,0.93497884,2,72,0.0,0.92520124,2,92,0.022433616,0.94423866,2,113,0.016090317,0.9024089,2,133,0.009444728,0.9632759,2,156,0.0005278402,1.0344177,2,179,0.0033171054,0.9579099,2,200
101,0.005591714,0.8604453,2,20,0.007622052,0.6771717,2,40,0.014317316,0.5908783,2,62,0.0021645145,0.81608236,2,84,0.021340093,0.86350995,2,105,0.01782447,0.9444358,2,136,0.009409986,0.97623634,2,157,0.022323787,0.96785337,2,177,0.075746246,0.93148017,2,200
102,0.0014200616,0.8707542,3,22,0.026672121,0.7170459,3,42,0.0045155464,0.94083804,2,62,0.0,1.0942644,2,84,0.0099049425,1.0765067,2,104,0.0051055374,0.93307275,2,124,0.0,0.93860495,2,144,0.016727949,0.97892034,2,164,0.0004894511,0.8723548,0,200
103,0.026384141,0.98973686,2,20,0.032370236,0.91111183,2,40,0.0046671354,0.8913754,2,60,0.024183812,0.97324145,2,80,0.06639224,0.9796493,2,101,0.021810053,0.87405455,2,123,0.0014137061,1.040203,3,144,0.043997973,0.9430343,2,165,0.045139134,0.929977,2,200
104,0.019194461,0.9985611,2,22,0.004513825,0.93581116,2,42,0.0076848036,0.9350601,2,65,0.014046499,0.93430907,2,92,0.004862567,0.9335938,2,119,0.009422811,1.0335472,2,139,0.02126327,0.88745195,2,161,0.00967361,0.9360469,2,200
105,0.0048972354,1.0313596,2,41,0.0048772595,1.0340084,2,61,0.03915587,0.9932072,2,82,0.011195232,0.96211827,2,102,0.027782453,0.9603557,2,124,0.0,1.0057695,2,149,0.010696807,0.91593635,2,169,0.023880001,0.96684206,2,200
106,0.0036607394,0.9188428,2,23,0.0,0.90051895,2,44,0.010748984,1.0828729,3,64,0.0,0.98247683,2,84,0.0073146517,1.002283,0,107,0.0,0.8585409,0,127,0.0,0.7010988,0,147,0.026370745,0.706199,0,184
107,0.011293921,1.0558882,2,21,0.007363551,1.0360731,2,43,0.010114046,1.0212985,2,65,0.011788368,1.00744,2,101,0.021201339,0.96782476,2,121,0.03763321,0.915054,2,148,0.0014821738,0.9429084,2,169,0.01410882,0.9558012,2,200
108,0.0124527775,1.0293295,2,30,0.014923456,1.0172789,2,50,0.0,1.0071638,2,71,0.016521687,0.99600077,2,91,0.0024569049,1.0310994,2,122,0.0062470073,1.044182,2,145,0.0038574778,1.0033828,2,167,0.010489031,0.99402654,2,200
109,0.021845471,0.88647556,2,20,0.03010225,0.84449327,2,40,0.0,0.8257729,0,60,0.0,0.8421027,0,83,0.0003417056,0.5691839,0,103,0.02397672,0.3332786,2,129
110,0.01657681,1.0041069,2,27
111,0.0051067946,1.0186005,2,26,0.022214036,1.026367,2,46,0.008274966,0.99059546,2,68,0.048821907,1.0112417,2,93,0.005069573,1.036195,2,125,0.009462716,0.9853231,2,145,0.013696225,0.9716433,2,165,0.026687069,1.0301915,2,200
112,0.020902814,1.0384738,2,25
113,0.026482642,0.9700386,3,22,0.00056258735,0.9282259,2,61
114,0.0155124245,0.9922682,2,20,0.0,0.88867104,2,40,0.0,0.86755246,0,60,0.015548563,0.7880584,2,80,0.005145673,0.8296401,2,101,0.0,0.8492159,2,123,0.0,0.75116545,1,146,0.0,0.5332123,2,166,0.0043723397,0.5509105,1,200
115,0.002141331,1.0402265,2,20
116,0.0069919983,0.9191078,2,21,0.007010836,0.9108401,2,42
117,0.0073937178,0.97461486,2,22,0.0037661537,1.0621164,2,42,0.011460051,0.9553611,2,64,0.0009889511,0.9854795,2,85
118,0.0038895688,0.9247385,2,22,0.0,1.033755,2,44
119,0.01469182,0.9589499,2,20,0.008515426,0.95605415,2,45,0.004005668,0.94416684,2,69,0.038146183,0.8682614,2,91,0.025037114,0.8882039,2,112,0.0,0.99024224,2,135,0.009463805,0.79390913,2,155,0.0,0.46744633,1,175,0.0,0.8421663,2,200
120,0.008243396,0.9181118,2,21,0.0133124925,0.8066044,2,44
121,0.0007475147,0.9987139,2,22,0.016911581,1.00122,2,43,0.0051858313,0.94393474,2,64,0.00015573238,0.967557,2,85,0.024966137,0.8631354,2,106,0.01096223,0.9620291,3,126,0.010381869,0.98003733,2,147,0.014235775,0.8847054,0,167,0.025309503,0.81422466,2,200
122,0.0021990058,0.99946374,2,21,0.011074351,0.97062904,2,41,0.021130513,1.0017916,2,61,0.010521852,0.909252,2,81,0.0012065573,0.9670713,2,116,0.0,0.9923282,2,142,0.0009410431,0.9934299,2,163,0.0077566905,0.9783242,2,200
123,0.006786066,0.9659212,2,20,0.0,0.9609505,2,40,0.0,0.8608438,2,61,0.002869505,0.836304,2,82,0.0,0.8797135,2,108,0.00786999,0.9399729,2,128,0.012486054,0.991253,2,148,0.013596687,0.9705864,2,170,0.017420571,0.8268796,2,200
124,0.0075822542,0.9873849,2,34,0.014474645,0.9643095,2,58,0.029655334,0.97253317,0,79,0.011411734,0.92271805,2,104,0.059411913,1.0145133,0,125,0.027883882,0.9422387,2,145,0.05544833,0.8894224,2,165,0.0047567184,0.90439034,2,200
125,0.00017429516,0.98076403,2,20,0.026787275,0.96524084,3,41,0.029991537,0.971832,2,65,0.009259433,0.9918976,2,85,0.0059497394,0.8803347,2,106,0.012814856,0.9536669,2,129,0.0067719584,0.9595024,2,149,0.031536907,0.76987296,2,177,0.042439066,0.79907453,2,200
126,0.01033865,0.60362744,2,24,0.055581525,0.47650847,2,45
127,0.0,0.9821157,2,26,0.007948666,1.0313866,2,48,0.0,0.87215596,2,68,0.0,0.7433487,2,88,0.0,0.8497332,2,108,0.0,0.84187573,2,128,0.010569552,0.880107,2,151,0.0061444207,0.8432016,2,176,0.007662272,0.9552271,0,200
128,0.0018693164,1.0341468,2,20,0.015251676,0.918085,2,40,0.0063493126,0.9462423,2,61,0.0,1.026468,2,81,0.0,1.0045797,2,110,0.0,0.96199,2,130,0.0,0.9476344,2,150,0.005966056,1.0009282,2,179,0.050674062,0.8540759,2,200
129,0.0029884495,1.0259967,2,22,0.0,1.0994225,2,46,0.0,1.033746,2,71,0.0020134484,1.0261217,2,92,0.003955537,1.0542252,2,113,0.001235896,0.9942028,2,136,0.035654902,1.0522053,2,156,0.03826478,0.9997964,2,179,0.0,1.0234724,2,200
130,0.025222529,0.81106824,2,20,0.023178153,0.7595858,2,54
131,0.011399856,0.9662248,2,26,0.011225855,1.0816878,2,48,0.00012221113,1.102366,3,68,0.010808379,1.042752,3,90,0.0038596475,0.99648803,2,144,0.009784062,0.94038427,2,165,0.013590453,1.0051891,2,200
132,0.0009503551,1.0195236,2,20,0.0021990251,0.98486215,2,40,0.010098039,1.0031033,2,61,0.019783126,0.9437696,2,81,0.0,0.9943902,2,101,0.0026271238,1.0282571,2,128,0.005054268,0.9974316,2,148,0.015621689,0.8817771,2,168,0.022971688,0.7512458,2,200
133,0.009200327,0.98196524,2,23,0.008492,1.0083258,2,54,0.0013585007,1.1216049,2,74,0.0,1.1406072,2,95,0.006578098,0.997249,2,118,0.027078995,1.0006655,2,138,0.0029561059,0.93609416,2,159,0.021780534,0.9829741,3,180,0.052402385,0.89773685,0,200
134,0.023723507,0.9021191,2,23,0.01569623,0.85047656,2,44,0.008050107,0.88560414,2,65,0.0,0.673511,0,87,0.0,0.8574155,2,108,0.0,0.8319033,2,129,0.03059975,0.68575597,0,151,0.0,0.51689583,0,172,0.020616293,0.4656539,2,200
135,0.0017049653,1.0442053,2,41,0.023639271,0.99476624,2,61,0.0035520068,0.9988743,2,82,0.008908485,1.0523584,2,122,0.005926692,1.0676987,2,167,0.0049713324,1.0113572,2,200
136,0.0029342738,0.9933748,2,20,0.0010666167,1.063528,2,40,0.007371596,1.0301405,2,61,0.014670568,0.97481555,2,86,0.0,0.8384193,2,106,0.0,0.9736435,2,126,0.027268127,0.8672999,0,146,0.0,0.8909747,0,166,0.001679482,0.9037804,2,200
137,0.014081369,0.9578968,2,21,0.01306964,0.96395963,2,42,0.023836557,0.9918666,2,62,0.025572482,0.96652806,2,83,0.017658597,0.95487165,2,103,0.012187974,0.9399799,2,124,0.028471563,0.9183248,2,144,0.0033149605,0.78071344,2,173
138,0.0,0.94550675,2,21
139,0.011600669,0.91064006,2,26,0.0,0.83042276,2,46,0.025165731,0.8482129,2,66,0.011939128,0.89230615,3,86,0.0044801948,0.5630671,0,108,0.041902147,0.781062,2,129,0.0030140025,0.79434425,2,155,0.025381539,0.87367046,2,176,0.016930237,0.75645775,2,200
140,0.008055586,0.97930884,2,22,0.008310292,0.98521924,2,61,0.005476877,1.0010252,2,88,0.0060828384,0.9564176,2,110,0.0394709,0.99206525,2,130,0.019514497,0.9166976,2,151,0.035058986,0.8879207,2,171,0.028939582,0.95279765,2,200
141,0.0145520745,1.0193818,2,20,0.012233721,0.9900438,2,43,0.02201024,0.9018905,2,64,0.008207777,1.0274636,2,84,0.011427536,1.0209941,2,106,0.0022038356,1.0348345,2,126,0.001301304,0.96709716,2,151,0.0019623723,0.8020528,0,171,0.029116247,0.8526745,0,192
142,0.011557052,0.98094726,2,22,0.013741041,0.9297754,2,43,0.002494751,0.9769095,2,63,0.0053578606,0.9615435,2,92,0.011772696,0.9948342,2,128,0.00910643,1.0002229,2,148,0.0031261113,0.9808849,2,171,0.0074583734,1.0143716,2,200
143,0.008382323,0.9963076,2,25,0.00039485274,1.009025,2,49,0.0,1.0813332,2,70,0.0,1.0459139,2,98,0.035794206,0.9862957,2,118,0.0041971914,0.8980508,2,138,0.009554044,0.99924386,2,165
144,0.026014246,0.87494624,2,21,0.021859894,0.87857664,2,47,0.03579808,0.89484626,2,68,0.004314,0.83568716,2,99,0.0039808564,0.7683274,2,123,0.077266,0.7281438,2,143,0.0,0.6737524,1,163,0.00049668195,0.37688634,0,200
145,0.004795938,0.9740697,2,21,0.0073383073,0.9191728,2,42,0.0068353876,0.8233199,2,63,0.012938302,0.844815,2,85,0.0549786,0.8881483,2,105,0.0,0.8896329,2,126,0.005733348,0.97365606,2,148,0.05282478,0.8668963,2,170,0.014565873,0.97974974,2,200
146,0.005013647,1.0100061,2,20,0.02042181,1.0394146,2,43,0.0,1.0001122,2,63,0.008237834,0.95780104,2,90,0.0018948378,1.0747882,2,110,0.021479592,1.0166754,2,133,0.0016352513,1.0244055,2,161,0.03662505,0.99783874,2,200
147,0.0,1.0062371,2,24,0.018924234,0.94865,2,44,0.0,1.060399,2,64,0.017920565,0.9023775,2,84,0.0,0.92982686,3,104,0.0,0.93351185,2,124,0.0,0.7932704,2,144,0.0,0.82715625,2,164,0.026109636,0.62884927,0,200
148,0.0008496168,0.9901535,2,22,0.011727151,0.9941265,2,50,0.00013705743,0.9791733,2,70,0.008255939,0.9928707,0,90,0.00791922,0.9964218,2,110,0.01869368,0.9878748,2,131,0.0058003822,1.0310984,2,151,0.0038601898,0.99307764,2,171,0.005340736,1.016628,2,200
149,0.0,0.9693694,2,20,0.005065142,1.0023565,2,40,0.011183773,0.97295356,2,72,0.03234087,0.9585768,2,94,0.025248094,0.94800377,2,115,0.0,0.8676033,2,138,0.005219084,0.90077716,0,158,0.0055125514,0.89740485,0,178,0.0029158925,0.6728845,2,200
150,0.014433871,0.97668517,2,20,0.006224644,1.0243465,2,43,0.0021478322,0.994507,3,64,0.0,0.99910164,2,86,0.0051160525,0.92741925,2,108,0.03460389,0.9277868,2,130,0.0,0.9557209,2,150,0.0,0.8627015,2,173,0.0020372127,0.79449224,2,200
151,0.0062897303,0.9768081,2,23
152,0.002902689,1.021083,2,29
153,0.012531984,0.9687678,2,39,0.0,0.9892081,2,65,0.00945604,1.0061467,2,86,0.008258905,0.9895185,2,112,0.006330737,0.97927314,2,137,0.019700792,0.9678768,2,157,0.0021939923,0.9908085,2,178,0.0,1.0123258,2,200
154,5.033954e-05,0.9743728,2,24,0.007655269,1.0020897,2,44,0.04735813,0.9422496,2,70,0.003642005,0.93914896,2,91,0.008843255,0.8887812,2,111,0.053034116,0.9481241,2,131,0.033152964,0.99337864,2,155,0.014461793,1.004072,3,176,0.0010940259,0.8769495,2,200
155,0.02503033,1.0232522,2,20,0.012387717,0.9391484,2,40,0.0018258234,0.90731764,2,63,0.017825123,0.9583171,2,83,0.008595301,0.93323857,2,109,0.0022288426,1.0522332,2,129,0.0,1.0587919,2,149,6.770706e-05,1.0320508,2,169,0.0032511824,1.051283,2,200
156,0.012661261,1.0303853,2,20,0.013678171,0.98657423,2,52,0.0052997926,0.9727065,2,80,0.0019655335,0.9068176,2,100,0.00017092776,1.0136298,2,129,0.0043687685,0.91875535,2,149,0.0046040835,0.97087795,2,172,0.014678041,0.91678584,2,200
157,0.009033264,1.0001278,2,24,0.0,0.95947087,2,44,0.00043735007,0.9863066,2,65,0.005485691,1.0372723,2,85,0.037090722,0.92981946,2,108,0.009839342,0.9569912,2,128,0.018403772,1.0314837,2,148,0.012345653,0.9499045,3,169,0.029910482,0.88026744,2,200
158,0.0,1.0075505,2,20,0.0,1.0791129,2,40,0.0,1.0759901,2,60,0.005289952,0.9823414,2,80,0.004564138,0.98585117,2,113,0.0006887598,0.94380265,2,133,0.04830635,0.91428584,2,153,0.04327721,0.96166813,2,174,0.056239042,0.9564994,2,200
159,0.0023713957,1.0448183,2,30,0.00025660472,0.9936952,2,56,0.011925459,1.0423197,2,80,0.0012622635,0.9878023,2,102,0.0055763004,1.0125654,2,137,0.010401657,0.9734374,2,157,0.0061369846,1.0138599,2,177,0.012141191,0.9949008,2,200
160,2.4628072e-05,0.9994236,2,21,0.0020100148,0.96767825,2,53,0.009112014,0.9302508,2,76,0.039883107,0.9789204,2,98,0.0030948536,1.0090305,2,132,0.0108312415,0.81727964,2,152,0.0,0.772759,0,173,0.00013025878,0.71998495,0,200
161,0.014609367,0.925501,3,20,0.038142722,0.95357406,2,40,0.00410102,1.0164281,2,64,0.046595562,0.92503005,2,84,0.07933635,0.9440578,2,113
162,0.004871245,1.0184098,2,26,0.030379105,1.0180464,2,52,0.008778312,1.0365444,2,89,0.0036153637,1.0114927,2,112,0.0015979371,1.0486577,2,159,0.0046821707,0.9866187,2,200
163,0.00028044003,0.95536155,2,20,0.009433289,1.0188644,2,47,0.0,0.9571496,2,68,0.012897995,1.0159786,2,89,0.0008609444,0.98273635,2,120,0.03801813,0.9855797,2,142,0.029478664,0.9807838,2,163,0.007560042,1.0019443,2,200
164,0.04297351,0.904848,2,20,0.0055839084,0.86900294,2,41,0.0026403475,0.90023935,3,61,0.002868268,0.93052,2,84,0.0054437313,0.9675871,2,104,0.015982224,0.9566336,2,126,0.0063677877,0.94861114,2,146,0.0036118408,0.97310126,2,177,0.00023258704,1.0134088,2,200
165,0.0,1.0360265,2,20,0.0041237175,1.010386,2,50,0.007308249,0.9787423,2,71,0.018121373,0.97447044,2,92,0.015197237,0.97254074,2,112,0.0023276163,0.98996127,2,134,0.0008213414,0.94810164,2,154,0.0043638865,1.0188864,2,179,0.01731107,0.9748462,2,200
166,0.017153153,1.0090289,2,30,0.0036561084,1.0142508,2,51,0.0,0.92477226,2,71,0.043881185,0.9638422,2,91,0.0014504049,0.8695763,2,114,0.0060066385,0.7277858,2,134,0.0,0.75342345,2,156,0.0045433403,0.5631391,2,176,0.037272554,0.6548195,0,200
167,0.015131908,1.0058972,2,21,0.019311769,0.9737747,2,42,0.0027774507,0.96266854,3,68,0.009145737,0.9713539,2,88,0.038139183,0.8902507,0,108,0.04112838,1.0131012,3,131,0.0,1.0657897,3,151,0.01581019,0.88141996,2,171,0.041959804,0.94171417,2,200
168,0.0066917287,0.95780945,2,38,0.022721156,0.9325682,2,58,0.00848315,0.9768044,2,80,0.00523002,0.8567532,2,100,0.00088952866,0.76000947,2,121,0.013634721,0.85363233,2,141,0.02237933,0.59596705,2,162,0.010190047,0.7841385,2,200
169,0.0,0.9780396,2,20,0.0020157197,1.0572982,2,40,0.006443618,1.0218949,2,69,0.019928098,0.9820526,2,89,0.012597851,0.96768636,2,120,0.0078007677,0.9724398,2,143,0.008630967,1.0148023,0,163,0.014444746,0.94511354,2,200
170,0.0022368494,0.9827708,2,21,0.0036105283,0.99386245,2,42,0.0027266203,1.0044066,2,63,0.0,1.0309659,3,83,0.0,1.0684124,2,108,0.0,1.0336882,2,132,0.0047675874,1.0136095,2,153,0.023085225,1.0328323,2,175,0.0016646663,1.0086721,2,200
171,0.0034580252,0.9147321,2,21,0.0,0.848355,3,42
172,0.023522697,0.9923056,2,21,0.011444581,0.98728585,2,57,0.0002905116,1.0433226,2,82,0.0,0.9895126,2,104,0.0,1.0038171,2,124,0.00042408562,0.9678429,2,146,0.009552093,1.0104772,2,166,0.0013108157,0.969094,2,200
173,0.0032396317,1.001537,2,20,0.022287639,0.99570864,2,40,0.037393916,0.9337889,2,62,0.031596098,0.90420306,2,82,0.05981314,0.9945713,2,109,0.033055265,1.0056771,2,130,0.01378246,0.96250796,2,152,0.0019958895,0.9986122,2,172,0.009220228,0.9450374,2,200
174,0.0,0.87597865,2,21,0.0037995013,1.0919852,0,42,0.0,0.71245253,2,62,0.0,0.8766392,0,82,0.0,1.0961466,0,105,0.0,0.39695036,0,137
175,0.006086093,1.0065657,2,38
176,0.004764939,0.97010744,2,20,0.0026650466,0.9546467,2,40,0.017283957,1.0004356,2,60,0.0,1.0449437,2,80,0.009198367,0.9734643,2,109,0.0010016008,0.9775039,2,134,0.018960733,0.9668392,2,156,0.0009146707,1.0016083,3,177,0.0016790546,0.9682967,2,200
177,0.0060331984,0.9948032,2,35,0.0,1.0267522,2,56,0.0037190453,1.0166755,2,78,0.027272549,1.0019488,2,98,0.023877714,0.99857503,2,131,0.018577283,1.0493802,2,151,0.016032223,0.9990042,2,172,0.0,1.0669752,2,200
178,0.0,0.9218901,0,20,0.0,0.53523505,0,40,0.0,0.33149606,2,60,0.16001739,0.23037563,2,82,0.0058715465,0.20983501,2,102,0.16964324,0.17925967,2,132
179,0.009598846,0.96586525,2,45,0.007701316,1.0070186,2,65,0.013570112,0.9382572,2,85,0.008597829,0.94867414,2,108,0.019192496,0.9202165,2,129,0.010350957,0.92162424,2,151,0.017503943,0.9446902,2,179,0.0040097223,0.94368047,2,200
180,0.005908055,0.9880449,2,42,0.0021114838,1.0012465,2,63,0.003568914,0.9753029,2,85,0.00013463078,0.98836213,2,105,0.0,1.0221933,2,125,0.0,1.0155389,2,145,0.008831863,0.9846143,2,178,0.0,0.9957643,2,200
181,0.0,1.0154778,2,20,0.012374712,0.983551,2,40,0.0011813777,0.97859174,2,62,0.007975924,0.9249882,2,84,0.015053933,0.975986,2,104,0.011413811,0.9605076,2,124,0.027707946,0.89929295,3,144,0.054309975,0.92960054,2,164,0.0551647,0.9239881,2,200
182,0.012223751,1.0074406,2,33
183,0.0036036868,0.96746624,2,21,0.018599909,1.0119997,2,41,0.014131858,0.95656586,2,62,0.008639994,1.005934,3,88
184,0.008886425,0.8659833,2,20,0.0,0.4134897,0,46,0.0,0.5421236,2,66,0.011747079,0.2763647,2,89,0.053879965,0.21345453,1,109,0.0,0.2529237,2,130,0.0,0.1618369,1,155,0.0,0.24123728,1,180,0.0,0.18866608,1,200
185,0.0014168182,1.0242568,2,20,0.0042786845,0.9718352,2,41,0.00798905,0.98102885,2,61,0.012735476,0.973203,2,84,0.006572421,0.9486558,2,112,0.011960083,0.9899251,2,140,0.0048920577,1.0547616,2,160,0.0026451936,1.0840701,2,180,0.0073832707,0.986863,0,200
186,0.016198732,0.9889786,2,21,0.0033593208,1.0313189,2,52,0.005763244,1.0717833,2,73,0.010131479,0.99960446,2,95,0.011584968,1.0042332,2,126,0.0010058517,1.0240338,2,149,0.0,1.0242422,2,169,0.0025507794,1.0189885,2,200
187,0.0031775425,0.9995062,2,22,0.0063872808,1.038344,2,43,0.00064811297,0.9720332,2,64,0.01473724,1.0098848,2,85,0.0157675,1.0250093,2,115,0.011558841,1.0414876,2,141,0.025620062,1.0244997,2,161,0.007534195,1.0325099,2,200
188,0.006125932,0.9778718,2,20,0.0,1.0663145,2,60,0.0036712736,1.0120142,2,81,0.0,0.9709492,2,105,0.0039502294,1.0352191,2,128,0.0074768094,0.968675,2,148,0.014160382,0.9250684,2,171,0.00579325,0.96684986,3,200
189,0.020194426,0.9043072,3,31
190,0.00182919,0.9989055,2,21,0.003493908,0.9710154,2,43,0.007306105,1.0272019,2,63,0.01602068,0.97041124,2,85,0.00040541394,0.98594576,2,106,0.000959473,1.0087173,2,127,0.011705827,0.87793756,2,149,0.023035465,0.87328196,2,172,0.016319886,0.9823348,2,200
191,0.00027148382,1.0217478,2,21,0.014592604,0.97815824,2,46,0.00683112,0.9611588,2,69,0.0069646644,1.0043808,2,91,0.014728731,0.9946074,2,116,0.01863878,0.9777134,2,136,0.001199338,0.98931885,2,160,0.0058865333,0.9989069,2,200
192,0.0028481646,0.96878415,2,33
193,0.0,0.9838246,2,20,0.0035188633,1.0741285,2,41,0.0039273365,1.0125927,2,69
194,0.013126374,1.0100889,2,22,0.001916536,0.9964985,2,54,0.004716976,0.9544625,2,91,0.0,0.9856618,2,111,0.00011739958,1.0368823,2,135,0.020119607,0.99470556,2,155,0.024040597,0.94239515,2,177,0.0,0.7633408,2,200
195,0.016464097,1.0026671,2,21,0.0,0.8841276,2,41,0.0,0.9747894,2,63,0.0,0.9241494,2,83,0.003990851,0.93453264,2,103,0.0,0.886265,2,123,0.0,0.8867448,2,143,0.008532559,0.8554246,2,167,0.005951336,0.9247172,2,200
196,0.0046316828,0.9573926,2,25,0.009197267,0.9797684,2,46,0.000972371,0.9510162,2,78,0.013838144,0.92009753,2,98,0.000657341,0.9548464,2,118,0.0,0.8720905,2,140,0.019063162,0.8807144,2,163,0.0014218889,0.9044924,2,200
197,0.0015888319,1.0117285,2,20,0.0058186892,0.98991466,2,42,0.0,0.97832966,2,62,0.013068941,0.8932939,3,84,0.0,0.9933411,2,104,0.0047725956,0.9510647,2,124,0.0009716605,1.0530633,3,145,0.0,1.0861491,3,165,0.0017511925,1.0196468,2,200
198,0.013107588,0.96385795,2,20,0.058381516,0.9355835,2,40,0.0057107727,0.9371522,2,63,0.013451457,0.6769255,0,83,0.0,0.80079246,0,105,0.03512319,0.6402377,0,125,0.010380115,1.0309469,0,147,0.09162385,0.6037409,1,169,0.09143355,0.5544194,2,200
199,0.0013215055,0.9873761,2,29,0.008198979,1.0334009,2,50,0.0037438471,0.9879371,2,87,0.0019816766,1.022639,2,119,0.0005517966,1.0230701,2,144,0.0026650347,1.0291266,2,166,0.005265745,0.9793416,2,200
200,0.0,0.9550969,2,20,0.0,0.94409436,0,40,0.008365664,1.0338023,3,60,0.0034726984,0.9699851,3,80,0.0033377022,0.9683363,2,100,0.0,1.05485,2,129,0.01578958,0.8426262,2,149,0.007362007,0.98195785,2,183
201,0.025119754,0.98070866,2,22,0.0019572305,1.0322694,2,42,0.0012006669,1.0074803,2,67,0.0074051907,1.0378821,2,107
202,0.0,1.0117285,2,20,0.010819185,1.0265769,2,42
203,0.0,0.9933981,2,20,0.008221109,1.0134338,2,50,0.0011623728,1.0409279,2,94,0.00083191553,1.0267924,2,128,0.0,1.0379139,2,151,0.0037956755,1.0478164,2,177,0.0015124918,1.0078734,2,200
204,0.024338031,0.9605492,2,20,0.0029804874,0.99857837,2,41,0.0068638367,1.0349075,2,72,0.004333029,0.96544707,2,95,0.014481553,0.98038465,2,116,0.0031781665,1.0292585,2,138,0.01075239,0.9606654,2,162,0.021266546,0.86457324,2,200
205,0.0056878966,0.9874973,2,22,0.0,1.0386516,2,46,0.012068717,0.98824245,2,74,0.013803177,0.99977195,2,99,0.004785657,0.96711296,2,129,0.0,0.985405,2,154,0.006670127,0.9635154,2,175,0.00067633897,1.0082039,2,200
206,0.002340463,0.95947146,3,21,0.022774236,0.9040565,2,52
207,0.0015946554,0.9902938,2,26,0.0,1.0145375,2,47,0.012197644,0.9747108,2,69,0.005420969,0.91211355,2,90,0.016691172,0.9078554,2,125,0.0026938107,0.962472,2,147,0.005390438,0.94084626,2,167,0.0060170563,1.0079553,2,200
208,0.009659759,0.94547683,2,20,0.0,1.0171878,2,40,0.0,1.0315887,2,62,0.0,0.96773845,0,85,0.0,1.0023469,2,110,0.00224545,0.91609675,2,133,0.0,0.9743557,2,153,0.0,1.0402474,3,175,0.011659338,1.0414158,3,200
209,0.010612857,0.9944701,0,20,2.3371913e-05,0.9703374,2,40,0.010111013,0.8706218,2,75
210,0.0046084835,0.99217063,2,21,0.0068847234,1.059183,2,44,0.013016904,1.0210357,2,66,0.0022806057,0.971535,2,105,0.0,0.9442578,2,129,0.0041460022,0.920543,2,149,0.0,0.7105042,2,169,0.012786477,0.63502717,1,200
211,0.0,0.99316597,2,20,0.018021107,0.94805276,2,40,0.007932527,1.0439842,2,60,0.008769611,0.99183273,2,82,0.0,0.95574075,2,102,0.007309393,1.0253861,2,122,0.0053941174,1.034279,2,142,0.0,0.9781965,2,162,0.018436467,0.94050026,2,200
212,0.005242805,1.0031859,2,34
213,0.015813721,0.9834916,2,33,0.007677435,0.99617785,2,53,0.017371759,0.9745992,2,74,0.002250232,0.9679446,2,95,0.010011736,0.9761471,2,117,0.0,1.0268427,0,138,0.0013277995,1.0028969,2,158,0.00011969013,0.9389405,2,178,0.0074437503,1.0176197,2,200
214,0.017134568,0.9785156,2,38
215,0.007508059,0.9986661,2,31
216,0.018663414,0.93032575,2,25,0.005878595,0.9129684,2,46,0.0,0.9396182,2,67,0.0,0.7416935,2,93,0.0076750917,0.58582574,2,115,0.02048886,0.6596777,0,135
217,0.020622307,0.9073121,2,20,0.009866368,0.6966521,0,40,0.0,1.2476753,3,60,0.0,0.8959788,0,80,0.0,0.64278185,2,100,0.0,0.7346698,1,121,0.0,0.80827034,0,141,0.0,0.6814408,2,168,0.0030484954,0.7941928,2,200
218,0.008909545,0.9910378,2,33,0.011854167,1.0139862,2,63,0.005742894,0.9767701,2,94,0.002175807,0.9948913,2,114,5.8017737e-05,0.9459641,2,143
219,0.026116854,1.0166863,2,20,0.011045981,0.97585714,2,46,0.008812904,0.99037474,2,86,0.0,1.0200018,2,110,0.027399091,0.91606504,2,131,0.0055085407,0.8665286,0,153,0.0,0.8848689,0,173,0.002841902,0.732923,2,200
220,0.010658452,1.0210043,2,20,0.015420924,0.9707518,2,47,0.01265313,0.905485,0,67,0.014426887,0.8730068,2,89,0.028219538,1.0062274,2,114,0.02159894,1.0086344,2,134,0.037030306,0.9044195,2,156,0.0,0.77058643,2,176,0.013346839,0.8747158,2,200
221,0.025974527,0.9755828,2,20,3.392687e-05,0.99666995,2,40,0.028700544,0.8911628,2,62,0.027119834,0.797937,2,82,0.041153885,0.68335664,2,108
222,0.015026157,0.9500918,2,21,0.024034083,1.0145568,2,46,0.0016829487,0.9895881,2,66,0.0,0.934019,2,88,0.012140342,0.9999735,0,109,0.014567392,0.91198504,2,130,0.0,0.9178455,2,152,0.0065659857,0.9984328,2,172,0.0012408799,1.0179163,2,200
223,0.0017801643,1.0259237,2,33
224,0.011792589,0.998212,2,21,0.02869314,0.97850925,2,41,0.018703649,0.90427744,2,61,0.00029830876,0.94751805,2,81,0.045256466,0.9289478,2,101,0.019471783,0.9380924,2,121,0.011411815,0.91516984,0,141,0.0,0.921527,2,161,0.0,0.9204112,2,200
225,0.022339815,0.9620469,2,20,0.0027237034,0.99110895,2,48,0.0052508293,0.9881195,2,78,0.004412245,1.0471859,2,99,0.0,1.0092536,2,121,0.0022861594,1.0236454,2,142,0.008416571,0.98872554,2,169,0.004238518,0.97964257,2,200
226,0.0012270856,1.0146816,2,27
227,0.007972852,0.9813351,2,23,0.021285918,0.9389493,2,44,0.0,0.9843293,2,66,0.026474094,0.9417241,2,86,0.0056367144,0.92733496,2,126
228,0.001922936,0.98946846,2,20,0.0023932518,0.97949207,2,40,0.015038746,0.9784197,2,69,0.021139102,0.9446654,2,97,0.009347031,0.93928856,2,118,0.0,1.0195446,2,138,0.00014614873,1.0044106,2,168,0.008334467,0.9974621,2,200
229,0.009608884,1.0055661,2,27,0.00091866014,0.9935569,2,49,0.0,1.0016258,2,70,0.012819968,0.9530469,2,90,0.0,1.0105793,2,110,0.0,1.0382028,2,132,0.004862599,1.0294694,0,154,0.00581699,1.0324106,2,175,0.00476937,1.0156057,2,200
230,0.00046457816,1.0449144,2,20
231,0.0,1.0418603,2,25,0.0016009065,1.0406715,2,64
232,0.0010365288,0.96466553,2,23
233,0.016173726,0.98563075,2,30,0.010732454,0.96502817,2,50,0.0055476464,0.9414895,2,71,0.012018189,0.97102356,2,95,0.008726438,0.9621024,2,119,0.0048259622,1.0034736,2,140,0.0005893924,1.0005995,2,162,0.0019609283,0.9962475,2,200
234,0.005489996,1.0263608,2,20,0.0,1.0366697,2,40,0.0,0.9690124,2,60,0.0,1.006478,2,81,0.017902259,0.9982485,2,110,0.012170244,0.9742967,2,131,0.0053928206,0.9715892,2,151,0.00040113978,1.0214047,2,176,0.0037366215,0.99652195,2,200
235,0.030174918,0.9505914,2,32
236,0.010084932,0.9943321,2,26,0.0020461835,0.9555688,2,47,0.0022428422,1.0417002,2,67,0.0,0.98101026,2,91,0.0010475132,1.0768856,2,111,0.0034448425,1.0332832,2,146
237,0.0025882977,0.97510445,2,21,0.00074273394,0.9792415,2,41,0.0,1.0170628,2,65,0.0021431406,0.975482,2,101,0.018972894,0.9681922,2,122,0.0021623995,1.031859,0,143,0.0,1.0705726,2,163,0.0053782286,1.0009185,2,200
238,0.001575155,0.97130597,2,20,0.050204948,0.96251124,0,42,0.020144114,0.97094625,0,63,0.032558374,0.89480084,2,83,0.0448686,1.0958276,3,106,0.033489153,1.0134231,2,131,0.0,0.94226086,2,152,0.0,0.91788214,2,172,0.038803007,0.8577947,2,200
239,0.00689586,0.9630909,2,21,0.00476123,1.0045855,2,42,0.003683044,0.98879015,2,76,0.0026218796,0.9859783,2,104,0.0023168225,1.028095,2,125,0.00403379,1.0338396,2,146,0.0015146505,0.983991,2,166,0.0036923047,1.0154059,2,200
240,0.0077660177,0.99556804,2,21,0.0033118047,1.0017197,2,41,0.0026514966,1.0281574,2,63,0.0027409252,1.0370603,2,83,0.0042675356,0.9937574,2,116
241,0.0,1.0027827,2,23,0.015004418,0.9405919,2,48,0.009025567,0.99902415,2,70,0.0032694235,0.99692404,2,90,0.0029804055,0.9395589,3,111,0.007988533,0.9478963,2,140,0.001691784,0.95331705,2,175,0.0020527712,0.946743,2,200
242,0.019463746,0.9925357,2,20,0.013253369,1.026175,2,42,0.010059438,0.9955942,2,66,0.0,1.0252615,2,87,0.014876144,1.0103978,2,107,0.002090806,1.0162495,2,145,0.0,1.0432842,2,165,0.0027259844,0.9409582,2,200
243,0.0032929739,1.005486,2,24
244,0.0008164632,1.0109118,2,33,0.0,1.0488462,2,53,0.002365464,1.0279965,2,76,0.017261548,0.99959695,2,101,0.0074799196,0.98233587,2,121,0.027121872,1.0002854,2,143,0.0030187883,1.0324647,2,164,0.008007982,1.0189441,2,200
245,0.0012856112,0.9999563,2,20,0.017623505,1.0169742,0,40,0.01614579,0.9494656,2,60,0.0,0.9130685,2,87,0.006607381,0.95064163,2,108,0.013810211,1.0054686,2,130,0.0041857357,0.9814121,2,154,0.0019834521,0.97413164,2,175,0.020791125,1.0177312,2,200
246,0.019400673,0.97226775,2,20,0.0,0.9813067,2,40,0.019297063,0.96691674,2,60,0.008795325,0.95980924,2,81,0.0013711146,0.9911381,2,102,0.012523448,0.9817284,2,122,0.004693308,1.0245136,2,145,0.0,1.0285302,2,165,0.012278617,0.99529475,2,200
247,0.0061533004,0.9684057,2,20,0.0,1.0494032,2,40,0.0,1.0330539,2,62,0.016191162,0.86521316,2,84,0.008212317,0.9532342,2,104,0.0,0.91657895,2,124,0.007895664,0.84365994,2,146,0.00024024548,0.77291286,2,167,0.030944113,0.8915682,2,200
248,0.0,1.0457443,2,20,0.0,1.0282714,2,40,0.0,0.9668201,2,67,0.0020056602,1.0340698,2,98,0.0074861944,1.0625081,2,120,0.0005463836,1.0461531,2,144,0.0,1.052882,2,164,0.0037460243,1.024503,2,200
249,0.0,1.0180866,2,22,0.0014232829,1.0495683,2,43,0.0036791875,1.0091051,2,72,0.0064069317,1.049199,2,96,0.0028714896,0.99120766,2,140,0.0021971115,0.9930751,2,160,0.025424624,1.0149114,2,180,0.0069509125,0.95962894,2,200
250,0.033666898,0.9720841,2,28,0.00059642235,0.99754983,2,48,0.005499342,1.0420065,2,69,0.0116487965,1.002744,2,92,0.0,1.0043579,2,112,0.0,0.97211194,2,134,0.011536801,1.0268729,3,154,0.0024017429,1.0320522,3,174,0.0017764494,1.0078318,2,200
251,0.0070542013,0.94443977,2,21,0.019719617,0.9276215,2,41,0.010360705,0.92267287,2,61,0.010927141,0.9373103,2,85,0.0039468654,0.77659136,2,108,0.0,0.6600186,2,134,0.020046562,0.59534544,2,156,0.004190489,0.68649495,2,200
252,0.0006931083,1.0297751,2,20,0.0031063217,1.0190461,2,54,0.005111612,1.0402253,2,82,0.0,1.0602868,2,102,0.0041288068,0.9895859,2,123,0.020430936,0.9327229,2,149,0.022431074,0.9376227,2,169,0.0,0.79899037,2,200
253,9.231382e-05,1.0267482,2,33,0.004874262,1.0051372,2,61,0.0016856616,1.0277833,2,85,0.010620653,0.9921091,2,123,0.0,0.9839776,2,143,0.0,0.833786,2,166,0.008139897,0.888292,2,200
254,0.0022587737,1.0067198,2,20,0.0025037525,0.9989432,2,40,0.0021207915,0.990938,2,60,0.0011363288,0.98928815,2,82,0.0,0.9268351,2,120
255,0.007911092,0.9665567,2,30,0.010211206,0.98997635,2,51,0.0058709304,0.9822997,2,80,0.0044424585,1.0173216,2,112,0.0053961063,0.9742023,2,140,0.0,1.0112674,2,160,0.011624353,1.054393,2,180,0.0008683905,0.9575318,2,200
256,0.014711726,0.9908026,2,21,0.008320631,0.98108965,2,43,0.014551388,0.99919975,2,63,0.019136773,0.9486768,2,85,0.010532535,1.0041751,2,105,0.0009880115,1.0159516,2,130,0.0070285415,0.98122233,2,150,0.0030656443,0.9797408,2,171,0.0054657226,1.0135287,2,200
257,0.0044924244,0.9730522,2,24,0.003130038,1.0079542,0,44,0.014600754,0.96456575,2,64,0.0,0.99366903,2,85,0.0029794448,0.9705272,2,105,0.004483378,0.9954508,2,125,0.0016040691,0.9510802,2,152,0.0028421993,1.0185534,2,200
258,0.0026401416,0.9859556,2,20,0.0038784032,1.0404531,2,42,0.003679692,1.0070313,2,66,0.00078744686,0.98345023,2,96,0.0,0.9905289,2,116,0.015111811,0.99407554,2,145,0.0065473625,0.961752,2,178,0.0025140815,0.9797258,2,200
259,0.00014292837,0.9984815,2,24,0.010718012,1.0398356,2,44,0.0,1.0081772,2,68,0.007489577,0.93249303,2,89,0.0007181745,1.0348718,2,119,0.00075210223,1.0527353,2,139,0.0075590913,1.0277159,2,166,0.0,0.99440944,2,200
260,0.004363192,1.0029466,2,43,0.0016972721,1.0128452,2,65,0.0069368985,1.0007054,2,87,0.008233405,0.9756767,2,121
261,0.0,0.6553791,2,21,0.0,0.352022,1,50
262,0.006700142,0.99824196,2,36
263,0.01325022,0.93757534,2,24,0.003926255,0.94022435,2,44,0.0,0.8645312,2,64,0.026225558,0.91976327,2,85,0.011307893,0.9360154,3,105,0.0,0.9064681,3,126,0.0023936508,0.8273686,2,157,0.004323819,0.69152284,2,177,0.007522805,1.04459,2,200
264,0.010117745,1.0268309,2,34
265,0.0068292497,0.9772223,2,20,0.008239428,1.0192856,2,42,0.0,0.9780608,2,66,0.01964052,0.98282623,2,94,0.01347175,1.0174394,2,114,0.0022652403,0.96429265,2,142,0.0,0.9499067,2,165,0.006755306,1.0096508,2,200
266,0.00093716837,1.0238092,2,20,0.0004646519,0.98767287,2,42,0.00026421732,0.97043085,2,62,0.01414733,0.95973134,2,86,0.01281172,0.982095,2,107,0.012118689,0.9489696,2,128,0.008257826,0.9513156,2,149,0.046266645,0.9420414,2,170,0.0006977407,0.98518765,2,200
267,0.012365386,0.94808227,2,20,0.0,0.9708823,2,48,0.0045518354,0.94896126,2,72,0.0,0.9917914,2,92,0.00025685233,1.0739163,2,112,0.0019532,1.0296438,2,133,0.011952301,1.0390371,2,154,0.0035387096,1.0356286,2,200
268,0.0047774035,0.99096763,2,20,0.002795862,1.0010762,2,42,0.0047339504,1.0261565,2,65,0.003189349,0.96729267,2,86,0.0,1.0011822,2,109,0.0,1.0821446,0,130,0.0,0.992589,0,150,0.0,1.0470145,2,170,0.006235592,0.9797458,2,200
269,0.0016776463,0.9694643,2,20,0.019413685,0.9836981,2,47,0.012822176,0.9939549,2,68,0.005502369,0.96449834,2,98,0.014016215,0.9946243,2,122,0.014920483,0.9736928,0,142,0.004275822,1.056944,2,169,0.014973076,1.0440773,2,200
270,0.012766551,1.0016978,2,22,0.0011289697,1.0330064,2,42,0.0,1.0263492,2,80,0.0,0.92843837,2,100,0.0,0.95669115,2,120,0.00036070094,1.0253747,2,140,0.0,0.9235724,3,166
271,0.005266352,0.9937173,2,33
272,0.0024314043,0.9964916,2,20,0.010757904,0.9497534,2,57
273,0.0041776043,0.8744508,2,21,0.008289793,0.9407815,2,41,0.10422118,0.8932287,2,61,0.0,0.8777002,2,81,0.041704576,0.83202827,0,101,0.050523095,0.64413357,2,122,0.0,0.8327874,0,142,0.007822777,0.84308136,0,165,0.023446867,0.8446799,2,200
274,0.018228117,0.9136602,2,20,0.0013852888,0.9380366,2,41,0.0,0.9445823,2,61,0.0,0.9296507,2,82,0.0,0.7209318,0,102,0.0,0.6828744,0,132,0.0,0.6575863,0,152,0.0,0.7516404,2,173,0.010199126,0.8316381,2,200
275,0.008312535,1.0249815,2,21,0.0,0.96010727,2,42
276,0.0027843781,1.0049444,2,21,0.015866918,1.021347,2,43
277,0.0019285145,0.99467003,2,20,0.014648014,1.0009028,2,69,0.01488714,1.0287571,2,90,0.021878757,0.91343933,2,111,0.0,0.75080585,0,131,0.0,0.39415967,0,156
278,0.008298674,1.0238665,2,28,0.0014512362,0.9959904,2,48,0.0025015965,0.96207976,2,81,0.014036156,1.037605,2,101,0.017387668,1.0435686,2,122,0.00094274053,1.0186008,2,145,0.0050592925,1.0270624,2,165,0.011809138,1.0173193,2,200
279,0.002499402,0.9660976,2,31,0.0,0.9585579,2,53,0.02893607,0.8924038,2,73,0.02100165,0.9666814,2,96,0.0059786723,0.9858442,2,118,0.02772455,0.9691909,2,138,0.008461572,0.9783039,2,158,0.0,0.94487953,3,180,0.041089196,0.9200829,2,200
280,0.0038536421,0.97657377,2,20,0.005740041,0.94551706,2,44,0.004759414,0.96317583,2,73,0.00971074,0.9369288,2,95,0.0015027019,0.95226705,2,115,0.002357578,0.93509007,2,135,0.0,0.9295645,2,155,0.010753744,0.9261563,0,177
281,0.006729752,0.99237406,2,21,0.0083754575,1.0276637,2,41,0.0043016635,1.002138,0,61,0.010828452,0.95428914,2,82,0.011101406,0.9419093,2,102,0.0,0.9425769,2,126,0.017224815,0.9260251,2,146,0.0050813863,0.9779254,2,166,0.020256521,0.9388145,2,200
282,0.0015116812,0.9555815,2,24,0.005736001,1.026594,3,45,0.0029286556,1.0090097,2,65,0.0066487305,0.9677762,2,86,0.0060379123,0.9561413,2,106,0.0,1.0908786,2,126,0.012189584,1.0009084,2,147,0.0029366442,1.020118,2,167,0.0041678646,1.0509322,2,200
283,0.006555038,1.0139573,2,20,0.0173313,1.0253756,2,40,0.0,1.0916166,2,60,0.021572763,0.9688076,2,90,0.0013124263,0.9684266,0,110,0.006555274,0.9562831,2,131,0.001754421,0.96592176,2,151,0.005438025,0.9467168,2,171,0.0043154955,0.91738117,2,200
284,0.0066717253,1.0134077,2,20,0.018845811,1.009135,2,40,0.024317268,0.92707366,2,60,0.004184821,0.9772829,2,80,0.0,0.8661353,2,100,0.009967487,0.8685579,2,126,0.0052975,0.9180048,2,146,0.036004383,0.6765796,2,166,0.0011354963,0.8363633,0,200
285,0.0031065082,0.9950626,2,21,0.017980443,1.0027603,2,51,0.00079472805,1.0198138,2,72,0.0016324325,0.9965249,2,100,0.0038460188,0.9807345,2,120,0.0035973825,1.0601648,0,140,0.0027819106,1.018582,2,161,0.0,1.0446377,2,200
286,0.0009404759,1.0066746,2,21,0.007845249,1.0486856,2,41,0.025401007,1.0216218,2,62,0.004306939,0.9988808,2,84,0.013876237,1.0487149,2,104,0.0010787048,0.97877437,2,125,0.013110469,0.9496771,2,145,0.0,1.1003375,2,166,0.038750295,0.8748793,2,200
287,0.0,1.0474707,2,25,0.0071335384,1.0145563,2,45,0.003501968,0.9941861,2,66,0.013974204,0.9601155,2,95,0.0,1.0020386,2,115,0.009392105,1.0013336,2,136,0.010999283,1.0377162,2,156,0.0,1.0638657,2,178,0.014749646,1.0099567,2,200
288,0.005337643,0.9492728,2,20,0.0026111281,0.9489413,2,46,0.014842243,0.9678679,2,70,0.008572316,0.8731124,2,93,0.0,0.6388348,0,126
