0,0.0047740536,0.99121743,2,23,0.0149462735,0.99927145,2,45,0.0034533723,0.98224616,2,71,0.0048792413,0.9209711,2,92,0.0,0.9925934,2,117,0.00015684133,0.9919437,2,137,0.0,1.0418782,2,161,0.002378456,0.9906483,2,200
1,0.0014535144,0.9834751,2,20,0.018401632,0.9896383,2,40,0.0019181523,0.9803823,2,60,0.0061609163,0.9950965,2,80,0.0067523583,0.93928516,2,100,0.0024980619,0.97124034,2,127
2,1.5610067e-05,1.0064372,2,22,0.0054828287,1.0053793,2,70,0.0005398828,1.033353,2,92,0.0,1.0440254,2,117,0.0074224137,1.0390521,2,138,0.0,1.0587246,2,159,0.015343314,1.0515902,0,179,0.0,1.0204399,2,200
3,0.00562792,0.98702604,2,20,0.019995824,0.949711,2,42,0.003408819,0.99587387,2,68,0.020721797,0.9228428,2,88,0.0,0.9511606,2,109,0.00520519,0.93428755,2,138,0.0,0.91263443,2,165,0.0,0.8095386,2,200
4,0.0022396678,0.9904966,2,26,0.011651507,1.0171362,2,51,0.004939313,0.9185182,2,71,0.0071062134,0.9960369,2,91,0.009702217,0.93907607,2,111,0.0,0.90026486,2,131,0.0,0.6890204,2,151,0.059339885,0.6412055,2,174,0.06372639,0.7911692,2,200
5,0.0039477083,0.96400756,2,23,0.0027196317,0.96765405,2,47,0.02008235,0.93641025,2,70,0.0153827565,0.8674469,2,90,0.011076948,0.89852077,0,110,0.0018096231,0.9104546,2,130,0.0,0.90847296,2,155,0.0,0.8909475,2,175,0.016242605,0.93252915,2,200
6,0.004549134,0.9891285,2,33,0.0072306665,1.0321648,2,53,0.0,0.9843425,2,75,0.001394623,0.797966,2,108
7,0.0075491006,0.95754945,2,20,0.009569449,0.95638275,2,49,0.03438541,0.9459267,2,74,0.0027959985,0.92667603,2,97,0.0016745214,0.9876045,2,117,0.0,1.0203164,2,137,0.011573172,0.8458135,2,160,0.020028392,0.8942858,2,200
8,0.010098066,1.0158415,2,27,0.002554501,1.0436802,2,47,0.0,0.9985769,2,76
9,0.0029721973,1.0005327,2,31,0.002104111,1.0630249,2,52,0.0006978099,1.035927,2,82
10,0.008993411,0.99027973,2,22,0.0012553195,1.0396986,2,43,0.012396679,1.0233701,2,64,0.0,1.0560586,3,87,0.0075122896,1.0311962,2,116,0.0,1.0344756,2,137,0.0,1.0691206,0,158,0.0,1.0801438,0,178,0.0,1.0251262,2,200
11,0.006379866,1.0071137,2,21
12,0.0058660368,0.9959428,2,20,0.005869654,0.9699027,2,40,0.025189482,0.9629898,2,61,0.0,0.9912071,2,81,0.0,0.9730562,2,101,0.0,0.9855989,2,130,0.021874141,0.92492896,2,151,0.018405767,0.8774617,2,176
13,0.0,1.0085943,2,20,0.013676396,0.9736239,2,40,0.025905196,0.95014817,2,61,0.025952134,0.9619753,2,81,0.039133333,0.91861564,2,114
14,0.008416548,1.027497,2,21,0.0,0.95903206,2,45,0.0057650236,0.9480889,2,67,0.013921533,1.0100108,2,103
15,0.0069230995,0.99344504,2,20,0.003263918,1.0206468,2,40,0.01061278,1.0301367,2,63,0.0066894246,1.0570148,0,83,0.0,1.0962733,3,103,0.0018752837,1.0299125,2,124,0.0,1.0719187,3,144,0.010634736,0.99997836,3,165,0.0006846434,1.0623354,0,200
16,0.0008963613,1.0146129,2,47
17,0.007397072,0.9959747,2,20,0.019055596,0.93524945,2,40,0.01814287,0.9438726,2,61,0.0036498934,0.96723473,2,81,0.0074064834,0.9769066,2,106,0.03933138,0.94485056,2,132,0.0019926562,1.0095013,2,152,0.00875477,0.95443594,2,172,0.004519828,0.9155998,2,200
18,0.011583344,0.9762901,2,22,0.0,0.9665098,2,42,0.0079042,0.94157684,2,62,0.0,0.9914753,2,96
19,0.0025441379,0.96186537,2,24,0.005727832,0.9907071,2,52,0.0013280502,1.0451219,2,100
20,0.0062089832,0.9974474,2,22,0.004379844,1.0155919,2,44,0.010842237,1.005,2,65,0.004446812,1.0444019,2,85,0.0,1.007478,2,106,0.0,1.0369481,2,128,0.0055304975,0.99905425,2,148,0.0070715635,1.0300258,2,172,0.0015636528,1.0460178,2,200
21,0.00793636,1.0186663,2,20,0.01628571,1.0008407,2,41,0.0021932533,1.0018123,2,62,0.0047083735,0.9952223,2,86,0.0,0.9885701,2,107,0.026047098,1.0484577,2,134,0.007147374,1.0441884,2,158,0.0053742817,1.0346402,2,180,0.001719694,1.0026071,2,200
22,0.004305948,1.0231217,2,39,0.02051393,1.0306484,2,61,0.0,1.0158769,2,81,0.015149494,0.9744543,2,101,0.0,1.018388,2,121,0.015055736,1.0183827,2,154,0.021937935,1.0160621,2,175,0.0037943625,1.014423,2,200
23,0.005160966,0.99555856,2,22,0.003835552,0.9713693,2,43,0.013593538,0.9969657,2,63,0.011925786,0.9982844,2,86,0.0011451149,1.0127289,2,115,0.0017676894,1.0306176,2,135,0.0008453755,0.98334986,2,158,0.0,0.9802822,2,179,0.0015118616,0.99893206,2,200
24,0.010993028,0.93644965,2,22,0.02801893,0.7182836,2,46,0.059706733,0.7525369,2,67,0.0,0.7390692,1,87,0.04005047,0.9246974,2,107,0.0,0.96928406,2,127,0.0,0.906638,0,147,0.015643405,0.9320894,2,173,0.009594367,0.69052035,2,200
25,0.0014288813,0.9988815,2,24,0.0,1.0160471,2,45,0.004966713,0.9994437,2,75,0.008632245,1.0203798,2,95,0.010735152,1.0098019,2,115,0.0063220426,1.0472324,2,136,0.0024903368,1.0195938,2,174,0.0038218005,1.0255744,2,200
26,0.0034019947,1.0108631,2,42
27,0.0,1.0558372,2,22
28,0.0058980933,0.9805399,2,20,0.06348058,0.96015567,2,41,0.056645732,0.9186308,2,61,0.02089399,0.9143787,2,83,0.015887039,0.91828346,2,109,0.026389953,0.99276084,2,129,0.019833146,0.9954336,2,178,0.010271721,0.9642238,2,200
29,0.0009544068,0.98980266,2,20,0.0031248024,0.9863222,2,40,0.0043730536,0.9920503,2,76,0.0,0.96571857,2,100,0.0072282916,0.96272445,0,123,0.004469255,0.95336336,2,150,0.0030842754,1.0101987,0,170,0.0062103015,1.004746,2,200
30,0.0,1.0041257,2,20,0.026775718,0.9701821,2,40,0.020497391,0.9625856,2,63,0.01662801,0.9390342,2,84,0.0046984944,0.98954403,2,105,0.011921619,1.0016946,2,126,0.025145337,0.98758054,2,147,0.0063990895,0.99098796,2,172,0.018015787,0.9938151,2,200
31,0.0020901521,1.0282499,2,22,0.006572628,1.0046508,2,42,0.0,1.0319378,2,67,0.017845275,0.9824907,2,87,0.01999794,0.91530937,2,108,0.01008804,0.9343175,2,137,0.013192267,0.9344704,2,163,0.0037851427,0.96806264,2,200
32,0.015495936,0.92835844,2,20,0.008217424,0.85537136,2,40,0.02211463,0.9335802,2,60,0.017283795,0.8913071,2,81,0.0,0.7758168,0,102,0.0,0.90596783,2,123,0.0,0.84915763,2,143,0.0,0.81904554,2,163,0.011080441,0.7443672,0,200
33,0.010886912,1.0062119,2,25,0.0,1.0091754,2,51,0.0034070956,0.98416173,2,72,0.00049277255,1.0134989,2,95,0.010147144,0.9973345,2,115,0.034219533,0.99288636,2,138,0.010514278,0.99151975,2,162,0.004316058,0.9932911,2,200
34,0.003641709,1.0340798,2,41
35,0.0055279797,1.0004232,2,21,0.0,1.0112584,3,41,0.0,1.0554271,2,61,0.027923893,1.0181155,2,81,0.008419982,0.9784075,2,111,0.0,1.0669734,2,137,0.0,0.89914876,2,157,0.036632195,0.9067092,2,177,0.013610055,0.9094397,2,200
36,0.0,0.98331416,2,20,0.004166163,1.0054214,2,40,0.009225213,0.9444701,2,61,0.001591217,0.97953665,2,81,0.002396238,1.0074881,2,117,0.00484657,1.0533652,2,144,0.0,1.0677075,2,164,0.006576313,0.99915206,2,200
37,0.009450102,0.9836956,2,23,0.0030085118,1.0052587,2,45,0.011233995,0.9770753,2,65,0.023182077,0.99902755,2,90,0.014425285,1.0297304,2,111,0.0012386866,0.9751709,2,131,0.0016765181,1.0201737,2,151,0.012253004,0.91852474,2,171,0.01479068,0.9211042,2,200
38,0.00032055427,0.9392601,2,22,0.029086009,0.94092005,0,43,0.00097460096,0.8387307,2,64,0.005126701,0.826841,2,85,0.019097462,0.66007364,2,106,0.0,0.7117673,2,127,0.0,0.82394564,2,148,0.0,0.8158528,2,169,0.022863816,0.85010237,2,200
39,0.015671358,0.94401455,3,39
40,0.00027692123,1.0123537,2,25,0.0024739704,1.0556382,2,50,0.0,1.0354048,2,70,0.01302983,1.0239328,2,106,0.0,0.9851796,2,131,0.0009926258,0.98661536,2,154,0.014282072,0.9964423,2,175,0.0,0.9816635,2,200
41,0.005905595,1.0117896,2,32,0.0069318535,0.95269644,2,52,0.00787316,0.98220766,2,72,0.012061104,0.8386547,2,92,0.0,0.9570176,3,112,0.014244786,1.047748,2,133,0.0,0.7751379,2,155,0.0,0.6876472,0,175,0.00015301198,0.7346549,2,200
42,0.0020389683,1.0373355,2,22
43,0.008526304,1.0262179,2,31
44,0.0023012478,1.0083377,2,23,0.008679356,0.9881562,2,56
45,0.002665733,1.0430185,2,22,0.011782625,0.9770899,2,54,0.009843448,0.939596,2,76,0.026645016,0.959102,2,99
46,0.0,0.9726408,2,24,0.0,0.972484,2,44,0.028424367,0.8288919,2,64,0.0101967305,0.87961876,2,85,0.011669073,0.92463726,2,108,0.0,0.9342231,2,130,0.0015986308,0.9141138,2,155,0.019536268,0.9212124,2,175,0.01140812,0.8424015,2,200
47,0.008067356,0.97859585,2,20,0.012223428,0.93861586,2,43,0.0020218855,0.95642555,2,63,0.02073186,0.9326061,2,83,0.0025101968,1.0212328,2,103,0.005391117,1.0123956,2,123,0.011950956,0.9558882,2,144,0.017280605,0.89763355,2,164,0.0019381405,0.8688658,2,200
48,0.028026218,1.0193663,2,20,0.0,0.9776948,2,40,0.0022955532,0.9763798,2,62,0.0061168997,0.9473442,2,82,0.005083686,0.917068,2,102,0.0021750086,0.97565097,2,124,0.0,0.95735157,0,144,0.0,0.97942626,2,165,0.0019218085,0.8867603,2,200
49,0.004974662,0.9849957,2,21,0.014466731,0.98701996,2,49,0.0058296663,1.0076606,2,78,0.0,1.0368403,2,103,0.018651377,1.0310975,2,129,0.0011202364,0.99714416,2,150,0.0014855978,1.0110687,2,200
50,0.017340733,0.9274988,2,24
51,0.0043257736,1.0450356,2,28
52,0.028040275,1.0334984,2,20,0.0,1.0398504,2,41,0.009362074,1.0640225,2,61,0.010825811,1.0223596,2,88,0.007870142,1.0734518,2,124,0.026398597,1.0229646,2,151,0.0019233922,1.0486166,2,175,0.009369582,1.0244496,2,200
53,0.020184599,1.0090735,2,20,0.00792263,1.0420307,2,44,0.0016325284,1.0140908,2,64,0.01148484,0.9114483,2,84,0.020178474,0.9779021,2,120,0.0037520914,0.98993236,2,141,0.014812827,0.9644955,2,161,0.0044018254,0.9746933,2,200
54,0.0064865137,1.0340599,2,20,0.017662918,1.0344324,2,40,0.0,0.99027085,2,66,0.01180862,0.9865784,2,88,0.012739634,1.0718092,2,109,0.0024037212,1.0409875,2,131,0.0,1.0753587,0,152,0.0020131478,1.0057379,2,177,0.0051923534,1.0259564,2,200
55,0.0029343115,1.0183598,2,20,0.006669567,1.0271591,2,40,0.010922144,0.9950542,2,68
56,0.0,0.98124194,2,26,0.00068674574,1.0719846,0,46,0.0018298682,1.0898496,2,66,0.0048755165,1.0298334,2,87,0.022750346,0.9588667,2,107,0.0,1.058523,2,129,0.0,1.0977185,0,155,0.0,1.0407426,2,177,0.0,0.9828305,0,200
57,0.01431031,0.9689786,2,20,0.023917018,1.0033008,2,40,0.010360386,0.8953481,2,61,0.0046587884,0.97042924,2,81,0.0,1.1260289,2,103,0.012999562,0.8960207,2,123,0.002290203,0.9028758,2,143,0.049709164,0.7372054,2,163,0.033594105,0.8747416,2,200
58,0.009756602,0.97057724,2,23,0.009020174,0.9579484,2,43,0.014155787,0.8867652,2,63,0.008757767,0.966292,2,103
59,0.0,1.0893083,2,21
60,0.010295223,1.0149244,2,21,0.012549513,1.0438428,2,48
61,0.0015847726,1.044266,2,28
62,0.010929093,0.9430584,2,26,0.015296442,0.9489666,2,47,0.0,1.033624,2,69,0.013559679,1.1362083,2,94,0.0040990496,1.0451024,2,114,0.0,1.0906751,2,136,0.0,1.016825,2,156,0.0,0.9445925,2,176,0.011586174,0.87038404,2,200
63,0.0046860105,1.0130185,2,28,0.005118542,1.0363961,0,51
64,0.0,1.0048827,2,24,0.021957573,0.97345674,2,44,0.032691933,0.8997373,2,72,0.020071523,0.9180441,2,92,0.027216991,0.9134714,2,123,0.0006943827,0.9336419,0,144,0.07183534,0.9387965,2,164
65,0.010299146,1.0168661,2,28
66,0.0,0.98398983,2,20,0.005067865,0.9833846,2,40,0.0140708275,0.93598413,2,72,0.019942684,1.0024233,2,99,0.015685156,1.0400288,2,125,0.0019894915,1.0313871,2,158,0.0022742357,1.0537733,2,200
67,0.01805829,0.9967713,2,28,0.006494674,1.0535758,2,48,0.003863722,1.014343,2,71,0.023952786,1.0413852,2,91,0.010584535,1.010164,2,112,0.00058046513,0.99610204,3,133,0.0,1.0298055,2,154,0.0066861315,1.0513248,0,174,0.0029138695,1.0060525,0,200
68,0.009363963,1.0161388,2,20
69,0.0048573995,0.9896448,2,20,0.0044608642,1.0188121,2,41,0.0034265516,1.0867329,2,68,0.023123944,0.96636873,2,90,0.0110114,0.9996277,2,111,0.011418031,1.0434481,2,131,0.002249449,1.0338314,2,152,0.008218974,1.008207,2,175,0.0001286751,0.98487264,2,200
70,0.0,0.9712698,2,20,0.0021835286,0.905237,2,40,0.0042659612,0.83479327,2,60,0.006020558,0.79619116,2,85,0.0070462893,0.7242351,2,107,0.01732092,0.798308,2,127,0.0,0.80989057,2,147,0.0058397963,0.87384903,2,167,0.022683147,0.7096145,2,200
71,0.04193454,0.7028561,2,20,0.042607315,0.6600297,2,40,0.011566673,0.44251373,2,61,0.05540018,0.7968678,2,81,0.0,0.78765726,2,101,0.0,0.6566408,1,124,0.0,0.40571642,2,144,0.0,0.37765342,1,164,0.036607966,0.6154744,2,200
72,0.0071081305,1.0356131,2,21,0.0019363853,1.029613,2,59,0.005845426,0.9855796,2,79,0.011453512,0.99142915,2,99,0.009903326,0.95490754,2,122,0.016680656,0.95007706,2,142,0.010208781,0.9367746,2,162,0.0068537914,0.9819619,2,200
73,0.004259824,0.9936638,2,36,0.009061906,0.9974736,2,66
74,0.012396718,0.9921185,2,21,0.0,0.96526647,2,46,0.0065939776,1.0144402,3,70,0.0,1.0532707,2,90,0.011320616,1.0052111,0,116
75,0.01937379,1.0098537,2,23,0.015230463,0.97317255,2,67
76,0.0022571674,1.0255376,2,23,0.010881278,1.0069909,2,45,0.011925255,1.0030226,2,69,0.011767173,0.9800453,2,103
77,0.007812269,0.9943899,2,20,0.014320779,1.0011457,2,43,0.006049427,1.0736932,2,71,0.010915634,1.0236337,2,92,0.014626389,1.0905577,2,118,0.003105261,1.0587555,2,146,0.0,1.1400506,2,170,8.8460554e-05,1.0379535,2,200
78,0.0,0.9983422,2,20,0.0028347971,0.997032,2,40,0.02877971,0.8954592,2,60,0.026341865,0.83226824,0,80,0.0025245824,0.90724885,2,100,0.009660135,0.9174369,2,128,0.0,0.83931863,2,148,0.0072327466,0.8490404,2,168,0.0044098827,0.8042564,3,200
79,0.00010815094,0.98666835,2,21,0.009922876,0.92431474,2,47,0.01610853,0.9113342,2,70,0.012466821,0.9915042,2,93,0.0099152075,0.96031696,2,113,0.029110502,0.8823339,2,133,0.02979108,0.91223896,2,154,0.005334112,0.9797105,2,200
80,0.01315889,1.0024587,2,20,0.012976035,0.94412404,2,41,0.0040890137,0.96611714,2,62,0.015218421,0.911402,2,88,0.011268614,0.94116676,2,108,0.023036623,0.9386851,2,128,0.013609233,1.0354291,2,148,0.0103146825,0.9898182,2,174,0.0,0.9720783,2,200
81,0.023704067,0.9145384,2,20,0.004774968,0.85511935,2,40,0.046834387,0.90358573,2,60,0.012261935,0.7108408,2,80,0.0,0.513453,0,101,0.020880286,0.5196454,2,121,0.0124317845,0.71310204,2,142,0.023485707,0.7394177,0,162,0.012213074,0.6750689,2,200
82,0.014044273,0.97547835,2,20,0.002781454,1.0263993,3,40,0.00016656239,1.0285077,2,60,0.009106382,1.0506263,3,82,0.0,1.0154133,2,102,0.0,0.9932126,0,122,0.0,1.0823424,2,144,0.013827517,0.94255567,2,166,0.004328528,0.93347955,2,200
83,0.029859744,0.9391905,2,22,0.00015919078,0.85516584,2,42,0.0,0.8584414,0,65,0.0,0.75008386,0,85,0.0,0.7120347,0,105,0.015945377,0.67655075,2,127,0.0,0.53011906,0,147,0.0,0.43665484,0,170,0.022844613,0.37329334,2,200
84,0.001885578,0.8652527,2,20,0.0,0.98300636,2,45,0.0,1.0099027,0,65,0.003548654,1.058567,2,89,0.0,0.92309934,0,111,0.0,0.94168967,0,131,0.0,1.1530706,0,152,0.0,0.87607986,0,172,0.0024023263,0.66296625,0,200
85,0.019270357,1.0074624,2,21,0.030606722,1.0032614,2,43,0.010139917,0.9907196,2,67,0.0006780019,1.0538282,2,88,0.0056224624,1.094085,0,108,0.015483403,0.9884324,2,137,0.0,1.068043,3,158,0.00026375856,0.97157574,2,178,0.00040084065,1.0050069,2,200
86,0.011787814,0.96646273,2,31,0.012969806,1.0207075,2,52,0.0,1.0187049,2,76,0.014210836,1.0777156,3,99,0.0,1.0717878,2,120,0.02527241,1.0027177,2,140,0.0011524109,0.95455116,2,161,0.0045009027,0.98636734,2,200
87,0.0036787004,0.9194168,2,21,0.0,0.8785402,3,41,0.0,0.83005,2,61,0.0005819851,0.8022539,2,83,0.0,0.679109,2,106,0.0,0.5534388,1,126,0.0,1.0325196,3,146,0.0,0.9084511,3,166,0.0135554895,0.6180013,2,200
88,0.0017527918,0.9757465,2,22,0.013159087,0.98525405,2,48,0.0063589416,1.028211,2,68,0.00064701407,0.9508616,0,88,0.0,0.96789587,2,111,0.0019224843,0.9661104,2,131,0.026320508,0.9571891,2,151,0.0,1.020856,2,171,0.00017246386,0.9045358,2,200
89,0.040702134,1.0047629,2,21,0.0060387067,0.98103493,2,41,0.0,1.023908,2,62,0.005946088,1.032828,2,90,0.019958038,1.0244701,2,116,0.014108632,1.0113971,2,138,0.011040287,1.015976,2,158,0.010988696,0.9777447,2,178,0.010787299,0.99207324,2,200
90,0.0015437014,1.0181433,2,20,0.008982859,1.0549021,2,48,0.0049969377,0.98370934,2,68,0.009153323,1.0367639,2,89,0.0036324367,1.0235887,2,111,0.008080434,1.025523,2,138,0.0066563375,1.0377898,2,162,0.010117076,1.0389557,2,200
91,0.0026084848,0.9908435,2,23,0.005918031,1.0100775,2,51,0.016085174,0.9598638,2,71,0.0,1.0400832,2,92,0.0,1.0899053,2,112,0.0,0.8128203,2,132,0.011563663,0.8238675,2,153,0.0,0.98681927,2,173,0.012554502,0.7860157,2,200
92,0.0092728445,1.0032055,2,23,0.009549162,0.97366565,2,46,0.008726759,0.9188843,2,70,0.02294156,1.0218109,2,94,0.0028895084,1.0500723,2,114,0.013802308,0.9977713,2,144,0.0015522459,0.97042704,2,200
93,0.012083451,0.9285975,2,31,0.020117404,1.0644742,2,56,0.010552539,0.9598174,2,79
94,0.000533566,1.00233,2,20,0.0036940286,1.0120722,2,50,0.01365798,0.9805517,2,74,0.00095977023,1.034497,2,99,0.017244857,0.9699528,2,125,0.003280318,0.98441285,2,145,0.0111639295,0.9906767,2,165,0.008263872,1.0108554,2,200
95,0.0012924112,0.9652367,2,22,0.027350754,0.9889305,2,42,0.006573526,0.98166406,2,74,0.0041120015,1.0230008,2,100,0.0,0.9891483,2,122,0.018334772,0.93695325,2,150,0.0071877097,0.9103606,2,172,0.005510141,0.89420974,2,200
96,0.0050551714,0.98021907,2,30
97,0.0013784517,0.95202047,2,20,0.016319122,1.0250684,2,40,0.0036104727,1.0170941,2,60,0.026115851,0.9859364,2,85,0.0010816636,1.0813024,2,108,0.00900184,1.0176817,2,128,0.02631471,0.99322945,2,149,0.0,1.0508351,2,174,0.0025293215,1.0578767,0,200
98,0.007463593,0.9236629,2,21,0.012642255,0.9346129,2,41,0.019683413,0.96971285,2,61,0.0040560374,0.88637316,3,82,0.0,0.8289191,2,102,0.090200104,0.8486797,2,122,0.0,0.7364848,2,143,0.0070052566,0.8616735,2,163,0.06015843,0.7759156,2,200
99,0.0071589425,1.0192559,2,20,0.0022711335,1.0177791,2,50,0.019712161,1.0392531,2,80,0.0077952086,1.0209566,2,115,0.023192566,1.0168078,2,138,0.022456571,1.0485791,2,158,1.400789e-05,1.000633,2,179,0.0,0.9886435,2,200
100,0.012193847,0.9975638,2,21,0.016408404,1.0211207,2,44,0.010611024,0.96905625,2,65,0.009976663,1.0158464,2,87,0.008901916,1.0115039,2,110,0.005717998,0.9917466,2,130,0.008029207,1.0216764,2,150,0.008264369,0.97862804,2,170,0.016266527,0.9664469,2,200
101,0.0008485267,1.0196095,2,25,0.02418098,0.9604006,2,45,0.0068406835,0.9479523,2,65,0.009873758,0.924613,2,89,0.029948577,0.9342628,2,120,0.026923051,0.9247133,2,148,0.05866702,0.9362867,2,177,0.028873364,0.9794388,2,200
102,0.000638275,1.0032393,2,21,0.0069316505,0.9750434,2,41,0.00029874034,0.9495164,2,61,0.0,0.88048077,2,81,0.019963697,0.8269615,2,101,0.0,0.7733464,2,122,0.0014632358,0.86375797,2,142,0.006483635,0.99328476,2,166,0.017950937,0.9770622,2,200
103,0.010891185,0.95961297,2,21,0.0054011145,0.97843325,2,42,0.028723126,0.9656603,0,62,0.0020407964,1.0177064,2,83,0.0027111117,1.0043021,2,103,0.0,1.1558428,2,128,0.0,1.1022195,3,148,0.0,1.0925602,2,168,0.0034256182,1.0729927,2,200
104,0.00084686896,0.8802557,2,20,0.0,0.9307724,2,43,0.0,0.8333991,0,69,0.0,0.61932266,3,89,0.0,0.82488936,3,111,0.03704822,0.6993304,3,131,0.02353767,0.96804047,0,151,0.0013039962,0.9528014,2,171,0.012802475,0.82154477,2,200
105,0.011443572,0.9442113,2,20,0.022974562,0.9570916,2,41,0.0028028288,1.0199848,2,61,0.016742667,0.9032014,2,81,0.078601316,0.7175282,2,114
106,0.011456958,1.0276214,2,21,0.0046168156,1.0007325,3,41,0.0082578715,1.0164036,2,64,0.014521338,1.0529646,2,88,0.0,1.0503527,2,113,0.0,1.0193164,2,133,0.0,0.97972226,2,159,0.0,0.920791,2,180,0.003883689,0.90168476,2,200
107,0.006290402,0.9847335,2,22,0.005604715,0.9711268,2,44,0.0,1.081226,2,72,0.0,1.1377628,2,92,0.006430596,1.0074812,2,113,0.0053688996,1.0502555,2,133,0.03964481,0.83838356,2,153,0.0,0.6397693,2,175,0.015796045,0.756284,2,200
108,0.0,1.0217713,2,28,0.01610934,1.0330551,2,55,0.02380832,0.9933058,2,78,0.01045854,1.0412627,2,100,0.0,0.9723616,0,121,0.00292477,1.0447335,3,143,0.0073087364,1.034702,2,168
109,0.006390645,1.0133182,2,21,0.01113963,0.8475374,2,44,0.0061311005,0.8675926,2,69,0.0014311261,0.83213484,2,98,0.0,0.7650506,2,118,0.0071864314,0.6782391,0,141,0.0150754135,0.56239927,2,161,0.09381228,0.5987343,2,200
110,0.012693627,0.99325573,2,21,0.018957822,0.9883933,2,48,0.0058099814,1.0170393,0,69,0.008610869,0.9193494,2,94,0.01892154,0.88731843,2,117,0.049651515,0.7408334,2,138,0.0,0.78189677,0,159,0.0,0.42246866,0,196
111,0.015383169,1.0401838,2,20,0.011148624,0.936618,2,43,0.015648901,0.9730023,2,63,0.003809895,1.0121382,2,90
112,0.004592856,1.0524553,2,24,0.011189075,1.0048618,2,44,0.0030521888,0.9989519,2,68,0.037950274,0.9730657,2,88,0.005579704,1.0978448,2,111,0.0,1.0557241,2,131,0.0037896633,1.0093149,2,151,0.01281093,1.0281295,2,176,0.002331345,1.080963,2,200
113,0.0,0.9835373,2,21,0.0028098912,1.0429406,2,47,0.00014475429,0.98339915,2,69,0.004052283,0.97347915,2,92,0.0024614546,1.0108751,2,113,0.0022244216,0.929173,2,133,0.00678742,0.9991318,2,156,0.0,1.0670707,0,176,0.0,1.0760263,2,200
114,0.0061669447,0.985531,2,28,0.0,1.0026433,2,48,0.015545862,0.9153892,2,69,0.0023751822,1.0344646,0,89,0.008021799,0.9960532,3,110,0.006593461,0.9957549,2,130,0.021983167,1.0441566,2,150,0.008855711,0.9940268,0,172,0.007248026,1.0681812,2,200
115,0.021454953,0.93239105,2,20,0.004479728,0.9355157,2,43,0.010730683,0.8692311,2,63,0.0,0.8294384,2,85,0.0,0.7836518,2,106,0.0,0.6382514,2,127,0.0,0.5471074,2,148,0.0018503669,0.7599841,2,168,0.026737591,0.61661905,2,200
116,0.013821068,0.9785283,2,21,0.003973895,1.0364534,2,42,0.017345628,1.0493901,2,63,0.018447908,1.058793,2,84,0.008845343,1.0102267,2,105,0.0,0.96736765,2,130,0.0074868514,1.0024427,2,150,0.0015791219,1.0172545,2,175,0.0075126016,1.0122336,2,200
117,0.01151551,1.0435956,2,20,0.004132312,0.9669048,2,40,0.007498807,0.97021353,2,60,0.0032107306,0.94777006,2,85,0.0041202367,0.9687009,2,110,0.025674496,0.9130809,2,131,0.023716131,0.8908364,0,152,0.03711694,0.95470774,2,175,0.05978809,0.92596596,2,200
118,0.0,0.9954671,2,22,0.0037570691,0.947448,2,44,0.010006002,0.89197975,2,69,0.00680856,0.9532098,2,90,0.02793354,0.9233164,2,127,0.034486268,0.9245157,2,147,0.023163805,0.9559795,2,167,0.0079136705,0.95935607,0,200
119,0.009094165,1.0054095,2,29,0.006035551,0.96865547,2,52,0.002999703,0.8627569,2,72,0.0,0.8012021,3,92,0.0018826375,0.83617723,2,112,0.0,0.9156456,2,136,0.0,0.8264864,2,156,0.0,0.8437855,2,178,0.02942635,0.89631826,2,200
120,0.00052098697,1.0124329,2,27,0.0004515726,0.9888607,2,49
121,0.014708505,1.0028477,2,21,0.0075642834,0.97763747,2,55,0.0143189905,1.0206935,2,75,0.01488178,0.9572385,2,101,0.007222989,1.0081613,2,121,0.003404492,0.95302474,2,148,0.0052503888,1.0460017,2,174,0.003094572,1.0185797,2,200
122,0.008892958,0.99564195,2,39,0.0022798458,1.0157619,2,82,0.0,1.0910927,2,102,0.013498977,0.9663831,2,122,0.022392472,1.0003887,2,145,0.00980541,1.0229448,2,173,0.014718602,1.0422186,2,200
123,0.011606856,0.9383912,2,42
124,0.0042574233,1.0004681,2,20,0.0042533837,0.92462283,2,40,0.060204644,0.8093109,2,60
125,0.009114996,0.9985758,2,20,0.021618858,1.0258226,2,40,0.007293047,1.0054221,2,65,0.0041242437,1.0150146,2,92,0.0011660062,0.9963378,2,112,0.01596126,1.0084031,2,132,0.021175226,0.9941068,2,156,0.0,1.067015,2,176,0.008478991,1.0286664,2,200
126,0.0030527073,1.0530803,2,40
127,0.008516344,1.0075997,2,20,0.0,1.0008523,2,40,0.004814687,0.96111834,2,60,0.0,0.95379674,2,81,0.010496058,0.9943583,2,103,0.0041888743,1.0180126,2,123,0.0,0.9154951,2,143,0.0044121547,1.0222954,2,166,0.019860338,0.9016746,2,200
128,0.0037256018,1.0236228,2,20,0.008393271,0.9449682,2,40,0.00736113,0.92771924,2,60,0.003920256,0.96276677,2,81,0.0028938262,0.95017767,2,104,0.013351725,0.9982042,2,131,0.013316791,0.9962362,2,151,0.0034708541,0.9582395,2,200
129,0.01930177,0.9913856,2,20,0.020317683,0.99497813,2,44,0.0040885624,0.9513756,2,71,0.01131352,0.9672095,2,92,0.030260898,0.93787295,2,114,0.004268597,0.97361106,2,134,0.009977605,0.9631402,2,155,0.0022802919,0.9443534,2,176,0.008237332,0.99957705,2,200
130,0.0076582665,0.97090596,2,23,0.014223673,0.9762023,2,51,0.0012998207,0.9278653,2,71,0.03620072,0.88442427,2,94,0.0049122195,0.76995504,2,117,0.010529529,0.81238616,0,137,0.010543259,0.56319815,0,158,0.0,0.42108712,0,179,0.038935073,0.5687462,2,200
131,0.018008534,1.0303476,2,20,0.006631269,1.0300806,2,40,0.009295273,0.97482944,2,61,0.0020081697,1.0482267,2,84,0.0053887637,1.0165802,2,104,0.014736627,1.027895,2,128,0.008893139,1.0636744,2,148,0.00076843135,1.0411737,2,168,2.2134453e-05,1.0108724,2,200
132,0.00983283,0.9499114,2,21,0.011962173,0.946157,2,44,0.013234017,0.9791267,2,85
133,0.008580543,1.0289079,2,20,0.017624784,1.00361,2,40,0.0046992796,1.0170848,2,60,0.0072261253,0.9995078,2,92
134,0.00075561524,1.0229177,2,34,0.0031852485,0.96620744,2,61
135,0.003786477,0.89739454,2,30,0.0,0.8307854,3,50,0.020760184,0.772058,2,70,0.0,0.8047915,2,100
136,0.015043212,0.949925,2,21,0.06284412,0.60284984,2,41,0.05620017,0.85173243,2,62,0.036452692,0.76821446,2,83,0.036077876,0.57828265,0,104,0.014647861,0.51241755,0,124,0.0592947,0.21427867,0,152
137,0.0,0.9471706,0,20,0.01114426,0.9651397,2,41,0.035130013,0.8658773,0,61,0.024506675,0.8509811,3,87
138,0.0007603164,0.9588582,2,20,0.027253348,0.9433118,2,40,0.012491365,1.0406206,2,61,0.0,1.0102127,2,81,0.012703605,0.9648987,2,102,0.016414264,0.9947094,2,123,0.008229626,1.0165957,2,159
139,0.005857146,1.0404581,2,24
140,0.009893474,0.9376969,3,24,0.0,1.1181605,2,44,0.0023194808,0.94949615,2,65,0.0,0.83375645,0,85,0.0130457645,0.72482437,0,111,0.0,0.32576168,0,143,0.063502565,0.3469805,0,163,0.023313817,0.7791588,2,200
141,0.014922719,0.9874344,2,35,0.010688876,1.0256011,2,55,0.0060407263,0.9235193,2,76,0.0,0.9906205,2,97,0.0037585453,1.0712265,2,121,0.014866595,1.0282564,2,141,0.009366993,1.0092559,2,170,0.0054753423,0.9788388,2,200
142,0.001278467,1.0065941,2,31
143,0.0067405226,0.9734695,2,22,0.01828742,0.87817746,2,43,0.011655809,0.9095759,2,73
144,0.038531058,0.93640226,2,21,0.0071672606,1.0331459,2,52
145,0.006462139,1.0239416,2,22
146,0.0053037247,0.9633797,2,20,0.0,0.9828875,2,45
147,0.005875359,1.019915,2,21,0.009690451,0.9614171,2,41,0.018775353,0.87182295,2,61,0.0005990946,0.86817855,2,84,0.009037485,0.8618409,2,105,0.04710526,0.7405261,2,126,0.0,0.68186694,0,146,0.0,0.66348636,2,167,0.03322561,0.61387753,1,200
148,0.00086710515,1.0053799,2,21,0.0012614506,1.0145762,2,42,0.004397805,0.96940917,2,66,0.0069594,0.97766477,2,87,0.02676215,1.036102,2,108,0.014005584,0.99171484,2,128,0.0017268123,0.98150027,2,148,0.0076596225,1.0021651,2,200
149,0.004128508,1.0005128,2,21,0.008628617,1.0149574,2,41,0.017490933,0.95815814,2,62,0.039492283,0.95049417,2,82,0.028615912,0.9303121,2,103,0.019442182,0.957969,2,123,0.021006042,0.9927594,2,143,0.046303112,0.95825493,0,163,0.015052009,0.93957037,2,200
150,0.0042974707,0.9867302,2,21,0.03409061,0.9250139,2,41,0.029540326,0.91445243,2,61,0.010095465,1.0079224,2,81,0.0024235244,0.9661056,2,101,0.0033516944,0.92678785,2,121,0.01725698,0.9073533,2,141,0.0043305494,0.96263736,2,165,0.019784454,0.8909807,2,200
151,0.022965228,0.9446928,2,20,0.008114804,0.8452734,2,40,0.0,0.75216335,0,60,0.0,0.8264873,2,81,0.014321097,0.6353102,1,106,0.0029633879,0.64719903,1,126,0.0039460137,0.5562817,1,146,0.0,0.5690092,2,166,0.0022844276,0.8186877,2,200
152,0.01975137,0.77813375,0,20,0.0,0.7443554,0,40,0.0059359153,0.562892,2,61,0.0,0.23346548,2,81,0.5236372,0.19779071,0,101
153,0.0024286692,0.9577999,2,24,0.04760979,0.93338203,2,46,0.015777083,0.91596895,2,67,0.03705749,1.0042946,2,87,0.008875037,0.99931777,2,107,0.04557408,0.90603065,2,128,0.021336053,0.9878904,2,148,0.03369434,0.8754711,2,169,0.026259439,0.93590486,2,200
154,0.013079251,1.0331526,2,24,0.0041395957,1.0341396,0,45,0.0073629534,1.0088,2,68,0.008479008,1.0298277,2,89,0.018200798,0.98296887,3,111
155,0.0052952464,0.96396613,2,26,0.0087683145,0.96876925,2,46,0.009859002,0.95240057,2,71,0.0,0.99485415,2,92,0.02277216,1.0045775,2,112,0.002156254,0.9352356,2,132,0.018868119,0.9395051,2,152,0.012419749,0.9198815,2,176,0.0036107695,0.96242523,2,200
156,0.00081382354,1.0199409,2,28
157,0.011069673,0.94664115,2,20,0.0010040497,0.9814215,2,40,0.022977844,0.99696445,2,60,0.0021890544,1.000115,2,80,0.00038779536,0.9849469,2,100,0.00735048,1.01398,2,144
158,0.0053566587,1.0106193,2,20,0.008242037,0.9866398,2,40,0.026197115,0.9273987,2,61,0.038423747,0.94880956,2,82,0.01437615,0.9507051,2,103,0.028372172,0.7796308,2,123,0.034853917,0.7867351,3,143,0.0,0.961792,0,163,0.008120867,0.7383043,2,200
159,0.006975532,0.999941,2,29,0.00018474678,1.0401468,2,52,0.012185045,0.9982284,2,76,0.0075198067,1.0213771,2,96,0.0031122558,1.0146332,2,116,0.016772667,1.0549518,2,140,0.008906993,1.0686649,2,170,0.0070679085,1.0490612,2,200
160,0.002051543,0.9437005,2,20,0.0144726345,0.98790365,2,44,0.015489245,0.9581421,2,64,0.010501071,0.97381955,2,86,0.0076279156,0.8291961,2,106,0.0,0.8232476,0,127,0.0,0.82747,2,147,0.0184801,0.9263876,3,167,0.01966407,0.92570096,2,200
161,0.023343045,0.91114587,3,20,0.013005785,0.9167807,2,45
162,0.008325871,0.89914954,2,20,0.0093910415,1.0192347,2,53,0.010637834,0.97923476,2,81,0.007814067,0.98355186,2,102,0.0072187767,0.9558428,2,123,0.015978364,0.9867394,2,145,0.005879421,1.0079464,2,165,0.013166834,1.002375,2,200
163,0.011523356,1.0202106,2,24
164,0.011200708,0.99346435,2,35
165,0.011809159,0.9755742,2,21,0.022714052,0.95573145,2,44,0.0010233772,0.978586,2,65,0.0007625864,1.0044643,2,86
166,0.011016457,0.9725472,2,22,0.0,1.050568,2,45,0.0061205276,1.0104927,2,69,0.009490919,0.8904368,2,89,0.013597084,1.0421711,2,112,0.0,0.95346427,2,135,0.022299714,0.87954044,2,155,0.0014396444,0.94354385,2,200
167,0.012279955,0.9520641,2,22,0.0,0.9794227,2,42,0.03542031,0.9850337,2,62,0.0,0.9944336,2,82,0.0030885756,1.0521613,2,102,0.023312999,0.98814905,2,124,0.010890627,0.91852725,2,147,0.016979486,0.93387014,2,167,0.0,1.0076176,2,200
168,0.013825342,0.9653969,2,22,0.0036590572,0.98966503,2,42,0.029192956,0.94327146,2,65,0.0048209974,0.9500187,2,85,0.0070613474,0.86495316,2,105,0.0011688131,0.9317372,2,126,0.0094296625,0.9309188,2,146,0.055326678,0.9239791,2,166,0.024523787,0.86649424,2,200
169,0.0069146855,0.99713683,2,22,0.0,0.9377492,2,42,0.014189986,0.9733557,2,64,0.004476225,0.99203545,2,86,0.0003048118,0.9464653,2,106,0.046682123,0.90182287,2,126,0.0072616218,0.7899454,2,147,0.0,0.70606685,0,168,0.013647119,0.7713629,0,200
170,0.0,0.97166336,2,23,4.5692006e-05,1.0745705,2,47,7.122272e-06,1.0589815,2,74,0.0160455,1.0849154,2,95,0.0056368364,1.0729251,2,118,0.002631878,1.0284386,2,149,0.00046522298,1.0433636,2,171,0.0016744275,1.0627494,2,200
171,0.006628471,0.9813932,2,20,0.022357758,0.9822653,2,41,0.004271301,0.9757611,2,61,0.019019386,0.92548853,2,82,0.019094663,0.9178959,2,102,0.04483959,0.91265553,2,123,0.0,0.99466914,2,143,0.0068101515,0.9994932,2,165,0.03167341,0.92720556,2,200
172,0.024254596,0.9578142,2,24,0.0015733084,0.98372716,2,44,0.0,1.0042017,2,64,0.0012945299,1.0112942,2,88,0.004351677,0.9878955,2,108,0.003002479,1.0170473,3,129,0.0,0.9726366,2,149,0.0033092166,0.9568527,2,171,0.01815865,0.9260259,2,200
173,0.004169841,1.0311879,2,45
174,0.015197795,0.9283465,2,21,0.0,0.94706917,2,41,0.018177912,0.9418053,0,63,0.0032486382,1.0212386,3,83,0.0006940001,1.060687,0,103,0.0,1.0483348,2,126,0.0,1.0907718,2,147,0.0,0.29507864,1,177,0.0140221175,0.4459536,2,200
175,0.0076112594,0.9901323,2,25,0.012116052,0.90076244,0,46,0.037534017,0.9371984,2,71,0.0,1.0125121,2,95,0.008696492,1.0100513,2,116,0.010846434,1.0527936,2,147,0.0028250732,1.0984,2,200
176,0.010107484,0.9887355,2,30,0.0071226023,0.99962324,2,53,0.0060409456,1.0032371,2,74,0.017337387,0.989519,2,94,0.02014294,0.99299216,2,116,0.005555202,1.0338773,2,136,0.0,1.0806124,2,157,0.013205434,0.98162514,2,178,0.015024196,1.0198092,2,200
177,0.008125032,0.99951106,2,21,0.008663223,0.9529987,2,50,0.00094610837,1.0315653,2,77,0.0058544697,0.99519217,2,105,0.022652753,0.96473616,2,125,0.0,0.94551355,2,145,0.0,0.9798807,2,165,0.003026019,0.9938139,2,200
178,0.012278843,0.96370494,2,20,0.008187397,1.0239084,2,59
179,0.01302479,1.0033231,2,21,0.023228996,0.99152523,2,60
180,0.039121643,0.9122211,2,20,0.0013417342,0.997283,2,42
181,0.0,0.99554497,2,21,0.0063277576,0.98845404,2,50,0.00018603755,0.95353323,2,77
182,0.012583034,0.95319194,2,20,0.0073653525,0.9855671,2,40,0.007785219,1.045379,2,60,0.0016397234,1.0284235,2,80,0.0,0.9632114,2,100,0.010649884,1.0642767,3,127,0.0,1.1186137,2,148,0.0013522225,1.0970697,2,169,0.0040556826,0.95116806,2,200
183,0.0,1.0536528,2,21
184,0.0120750945,1.0242655,0,20,0.0,1.101136,0,41,0.008265086,1.0556135,2,75
185,0.0029880789,0.8816487,2,21,0.0014942376,0.86263674,2,42,0.0,0.7744422,2,62,0.0,0.7585986,3,82,0.0,0.6791069,2,103,0.0,0.6777538,2,123,0.0,0.64884925,2,150
186,0.0007424527,1.0280671,2,21,0.002970315,1.0380995,2,41,0.010181356,1.0047042,2,63,0.0036609038,1.0587648,2,84,0.02132879,1.0087794,2,109,0.0,1.0769099,2,129,0.021768868,0.9991555,2,150,6.0071237e-05,1.0310043,2,176,0.019908272,1.058311,2,200
187,0.01143025,1.0585394,2,21,0.0034307882,1.0121363,2,46
188,0.004333013,0.9886681,2,20,0.010965325,1.023843,2,43,0.028719014,1.0305982,2,67,0.009947318,1.0042951,3,87,0.0,1.0402108,2,107,0.018496826,0.85788345,2,127,0.018136397,0.90146744,2,147,0.052968074,0.9733354,2,167,0.045510117,0.75507504,0,200
189,0.007842232,0.98971885,2,27,0.008430187,0.9453649,2,49,0.0,0.85597676,2,69,6.741977e-05,0.9210431,2,90,0.0,0.97409105,3,111,0.006174762,0.96574163,2,132,0.01947871,0.9719942,2,152,0.008357672,0.9820964,2,186
190,0.005701002,0.99479675,2,39,0.014580832,0.97315854,2,60,0.024747523,0.9833746,2,99,0.00010223066,1.0301013,2,126,0.025951067,0.99838555,2,147,0.005238415,1.0323522,2,176,0.0036477044,1.1019226,2,200
191,0.0014197528,1.0160346,2,23,0.011450837,1.0155132,2,49,0.0039453944,0.95285106,2,75,0.017322177,0.96366805,2,95,0.0,0.9709466,2,115,0.006879901,1.0053396,2,141,0.0,1.0010291,2,163,0.0028745825,0.9990134,2,200
192,0.014390202,0.9880874,2,21,0.0066400613,0.9299781,2,49,0.0059778118,0.9810359,2,69,0.0076392377,0.9337342,2,90,0.0,0.88589144,2,110,0.0,0.9796358,2,132,0.0036324654,0.93513346,2,175,0.0035409532,1.0040511,2,200
193,0.01698983,0.9998703,2,29,0.0,0.98576146,2,51,0.009275486,1.0025296,2,71,0.008143324,0.90125483,2,94,0.0,1.0134199,2,114,0.007354031,1.0890914,2,140,0.0032797395,0.9917455,2,160,0.029919421,0.8945378,2,180,0.032051902,0.94466466,2,200
194,0.0033048,0.98171455,2,20,0.04723137,0.9739629,3,40,0.0,1.0506996,2,61,0.008009224,1.0695357,2,83,0.0,0.990269,2,103,0.0,0.9716032,2,124,0.0,0.97348547,2,145,0.0,0.9898092,0,165,0.0,0.94167995,2,200
195,0.011511358,0.85567003,2,22,0.04643389,0.74077225,2,42,0.017082129,0.8465849,2,62,0.0,0.7444814,2,83,0.034211565,0.47885814,2,103,0.0,0.53770757,2,125,0.03257393,0.24970841,2,145,0.0,0.5434423,1,166,0.0012004017,0.5688683,2,200
196,0.00445564,0.99553716,2,20,0.003808745,0.9751568,2,42,0.01592782,0.9655681,2,64,0.005715268,1.0205209,2,85,0.01086156,1.0002339,2,108,0.00036116922,1.0380331,2,136,0.010007268,1.0429533,2,156,0.0026505166,1.1043333,2,179,0.0,1.1168865,3,200
197,0.014899855,1.0055218,2,20,0.0017652258,0.87875766,2,40,0.0145230815,0.82245535,2,67,0.0,0.83785117,2,87,0.0,0.75015175,2,108,0.0,0.4914915,0,128,0.0,0.48024854,0,149,0.0,0.5559319,0,169,0.0,0.7490038,2,200
198,0.0085520875,1.05222,2,24,0.008587934,0.97686803,2,46,0.011562808,1.011965,2,77,0.006026794,1.0240868,2,97,0.0036970982,1.0415764,2,121,0.0072563463,1.0289044,2,156
199,0.0,0.9718846,2,20,0.0132114235,1.0019639,2,40,0.0024785395,0.98570263,2,61,0.0,0.9710527,2,85,0.02289249,0.9636099,2,105,0.0,0.8871319,0,126,0.0028229754,0.9598001,2,146,0.007467783,0.9905268,2,166,0.012842889,0.95520365,2,200
200,0.022701338,0.99114305,2,20,0.01435279,0.9381771,2,44,0.016647508,0.9101945,2,64,0.038394053,0.8917843,2,85,0.0,0.87529486,2,105,0.0,0.9488737,2,126,0.0,0.7875758,0,147,0.00938605,0.8206965,2,167,0.0,0.87829274,2,200
201,0.009605567,0.95288277,2,20,0.001468729,0.9272997,0,40,0.0,0.90245235,0,60,0.0065118903,0.61590123,2,81,0.0,0.52517,0,101,0.0,0.6261199,1,121,0.0,0.76581764,2,141,0.0208277,0.76797974,2,161,0.0083390465,0.63424945,1,200
202,0.00022654701,0.96498835,2,20,0.0059892833,0.99174386,2,40,0.00653772,0.9203455,2,64,0.018564485,0.9905698,2,84,0.023600288,0.8980789,2,108,0.0020367987,0.9558489,2,128,0.009012875,1.0431589,2,149,0.0,1.0308573,2,169,0.012016968,1.0751597,2,200
203,0.0006762734,1.0049123,2,21,0.0043489565,1.0321288,2,42,0.0025097071,1.0219066,2,63,0.025464857,0.9630893,2,83,0.03178538,1.0014614,2,103,0.0,1.0221763,2,124,0.012770054,0.9964729,2,167,0.008247052,1.0575813,2,200
204,0.0,1.0175894,2,21,0.005656604,1.0434916,2,42,0.006552082,1.0373689,2,79,0.0012782185,0.9666315,2,110,0.012640775,1.0617489,2,136,0.01586636,1.004018,2,164,0.019273786,1.0091083,2,200
205,0.005754994,1.0294639,2,20,0.010460172,0.92571086,2,45,0.01566831,0.9161597,2,79,0.026080659,0.89658594,3,99,0.011247806,0.91918224,2,123,0.017732337,1.0199139,2,143,0.00061344553,1.0634413,2,163,0.0,1.0873691,2,200
206,0.0030191487,1.0104448,2,20,0.017929615,0.9500435,2,54,0.013854903,0.9641494,2,76,0.024779957,0.9364413,2,96,0.004266761,0.9644674,2,116,0.0,0.9729241,2,143,0.012739723,0.9754526,2,163,0.013013335,0.96993273,2,200
207,0.023107456,1.000851,2,30,0.0,1.0209646,2,51,0.002356044,1.0467914,2,74,0.022062633,1.0481241,2,94,0.030133512,1.0261021,2,127
208,0.0050682924,1.0098739,2,24,0.01174294,0.940268,2,47,0.0041008075,0.9670485,2,77,0.017529024,0.97819835,2,112
209,0.009689449,0.989347,2,21,0.0,1.0128669,2,44,0.0,0.9818436,2,64,0.0030984276,1.0054045,2,84,0.0,1.0306892,2,109,0.0,0.96247274,2,133,0.0,0.9305167,2,154,0.064584814,0.8034924,2,174,0.019344512,0.7296385,2,200
210,0.0035302483,0.97321826,2,23,0.0,1.0333374,2,43,0.011645449,0.95483106,2,64,0.023599943,0.9868171,2,88,0.0,1.0260296,2,109,0.018522136,0.9676962,2,131,0.0065432684,0.9464056,2,153,0.013948232,0.9875525,2,174,0.008939998,1.0218258,2,200
211,0.0068280664,0.9670476,2,23,0.0,0.93882376,2,52,0.0,0.73552626,2,76,0.0052578608,0.70434475,2,96,0.0008526269,0.60543376,0,119,0.0,0.5753354,0,140,0.0,0.7719718,2,160,0.022590164,0.48082668,1,200
212,0.0,1.0164648,2,21,0.014154452,1.001204,2,61,0.005844509,0.94749004,2,82,0.009950475,0.93550044,2,103,0.01809447,0.96464694,2,123,0.014087394,0.98564136,2,143,0.021495113,0.97867805,2,164,0.02140226,0.96183777,2,200
213,0.00328162,0.98863584,2,20,0.013498113,0.99939746,2,44,0.0066479715,1.0098728,2,64,0.010740722,0.947447,2,84,0.01697887,0.92782295,2,114,0.017377708,0.9846923,2,134,0.028648261,0.9331407,2,155,0.010427089,0.9481534,2,175,0.021676622,0.92139524,2,200
214,0.012351135,0.9831818,2,20,0.0016089976,0.9339354,2,42,0.005926091,0.86564904,2,62,0.013254918,0.9424917,2,83,0.0,1.053238,2,107,0.0,0.9636669,0,127,0.008229678,0.9848536,2,154,0.020301318,0.9966785,2,200
215,0.003510213,0.98877335,2,22,0.0,0.9878704,2,45
216,0.004204472,1.062475,2,20,0.011078233,0.987932,2,42
217,0.00081313064,0.9963569,2,30,0.013679865,1.0024308,2,52,0.0058572576,0.92262304,2,75,0.0007548391,0.98856384,2,103,0.016972786,0.98690635,2,145
218,0.01750359,0.922918,2,20,0.0,0.9297819,2,44,0.013251297,0.9248792,0,64,0.0,0.8901094,2,84,0.034787394,0.9405142,2,104,0.0,0.9021686,2,124,0.03649698,0.9306709,2,144,0.0038070618,0.786463,2,164,0.0,0.76456046,3,200
219,0.005032198,0.9812275,2,21,0.0,0.9762184,2,43,0.00587781,1.0241839,2,63,0.0,1.00382,2,83,0.011625905,0.9613816,2,118,0.026364481,0.912008,2,138,0.008491778,0.94525653,2,159,0.026897814,0.9771392,2,179,0.020311518,0.99076825,2,200
220,0.008322171,0.9740075,2,20,0.01096659,0.94299823,2,40,0.0,0.98766136,2,61,0.008378369,0.95081383,2,86,0.02077651,0.9221755,2,113,0.054473117,0.8867589,2,134,0.019940848,0.898574,2,159,0.045362268,0.9397664,2,180,0.0117804725,0.89306706,2,200
221,0.0,1.0416931,2,20,0.0,1.1516039,3,40,0.0,1.1753085,3,60,0.0,1.1303868,3,80,0.0,1.0077254,2,101,0.009481708,0.9971463,2,121,0.01676255,0.88658917,2,142,0.0003286556,0.8915467,2,166,0.030810626,0.8676073,2,200
222,0.0,1.00967,2,20,0.0053942427,1.0154443,2,40,0.028884636,0.98053926,0,63,0.012801044,0.99930143,0,83,0.02876094,0.87901497,2,103,0.010364934,0.90503824,2,125,0.0029444736,0.88232994,0,145,0.02394862,0.5046451,2,165,0.095749944,0.3901256,0,200
223,0.005981424,0.99915797,2,25,0.0,0.9523428,2,48,0.023946393,0.88113266,2,70,0.03398339,0.8992876,2,90,0.032790665,0.9162213,2,110,0.02612937,0.92916024,2,131,0.002548093,0.9554502,2,152,0.00056335673,0.9007609,2,179,0.0,0.8779732,2,200
224,0.0029579056,0.98773587,3,20,0.016401095,1.0074278,2,45,0.007884077,1.0124137,2,76,0.0037334624,1.0298948,2,107,0.0020557975,1.0310663,2,131,0.0,1.0438601,2,151,0.005249408,1.0035632,3,174,0.0020403287,1.0402477,2,200
225,0.0065028057,1.0128759,2,20,0.03225638,0.9972695,2,41,0.020739386,0.973698,2,61,0.011975062,0.97111017,2,84,0.01726008,0.83517486,2,104,0.013960123,0.93304986,2,125,0.005533326,0.89336526,2,145,0.03164701,0.8599229,3,166,0.03311214,0.85278815,2,190
226,0.0042327074,0.9713147,2,33,0.003011224,0.90715444,2,53,0.05161954,0.90704995,2,73,0.031161327,0.92663157,2,93,0.031119,0.87374276,2,113,0.006869492,0.9824066,2,133,0.021075463,0.8887499,0,153,0.03213039,0.8530733,2,174,0.033081003,0.8690726,0,200
227,0.0029393903,0.960894,2,29,0.0061756168,1.0872961,2,54
228,0.0,1.0116054,2,20,0.060726933,0.97099286,2,41,0.0057360134,0.95389587,2,61,0.014620284,0.95802516,2,81,0.031796172,0.9089129,2,103,0.011526741,0.9278934,2,141
229,0.0030644527,1.0237311,2,23,0.0063927444,1.0179529,2,59,0.0064047817,0.9966025,2,80,0.007906334,0.98545474,2,102,0.0038907034,1.0159011,2,128,0.003038536,1.0104373,2,151,0.013929462,0.9961401,2,173,0.0066978573,0.95794857,2,200
230,0.0031655915,1.0276988,2,20,0.009795398,1.0210565,2,42,0.005025465,1.0018473,2,63,0.0048626484,1.0139294,2,103,0.0021940582,0.969243,2,125,0.003968408,1.0797546,2,153,0.0028651697,1.05419,2,173,0.0017455198,1.0316861,2,200
231,0.017387668,0.874356,2,20,0.0,0.83049846,0,41,0.008682723,0.92125475,0,61,0.0,0.88590693,0,82,0.0,0.87468386,2,102,0.0,0.68858296,0,122,0.022993317,0.70978534,0,143,0.0036474678,0.8152206,0,164,0.012222637,0.7238708,2,200
232,0.10333102,0.6804883,2,21,0.0,0.6051236,2,42,0.005921252,0.6870227,0,66,0.061306886,0.74492115,2,87,0.00069607125,0.9642154,2,123
233,0.015234545,0.93239075,2,22,0.009835019,1.020779,2,42,0.0036066487,1.0379298,2,63,0.009286102,1.0165672,2,83,0.011625919,0.9449891,2,103,0.020800311,0.9658404,2,128,0.004916553,0.9962763,2,149,0.0025956053,1.0643904,2,200
234,0.0045213923,1.0286635,2,24,0.0030740688,1.0386796,2,46,0.0013186613,1.0043966,2,67,0.017746886,0.9817625,2,87,0.0320564,0.941448,2,114,0.0013491989,0.85995096,2,136,0.014478062,0.94732696,2,156,0.0,0.8751788,2,177,0.02489202,0.9317425,0,200
235,0.0036954265,0.9727069,2,23,0.010907359,0.9803111,2,44,0.00603088,1.0346715,2,64,0.013461855,1.0321925,2,84,0.01701314,0.99982417,2,115,0.0,0.9799144,2,141,0.006044836,1.0174806,2,170,0.002491211,1.0036285,2,200
236,0.007478416,0.9837948,2,20,0.0051212036,1.0094258,2,40,0.0030864761,0.9796074,2,60,0.0019100908,0.9538724,2,81,0.001706435,0.91087663,2,101,0.0026671696,0.8905576,2,121,0.011674217,0.9386412,3,143,0.0,1.0049725,2,168,0.013078971,0.8814423,2,200
237,0.0067964485,1.0180532,2,31,0.010630656,1.04734,2,68,0.0,1.0559236,2,93,0.0018720353,1.0237114,2,113,0.0,0.9680645,2,136,0.0,1.0706348,3,157,0.00084437506,1.0447233,2,177,0.00061815116,1.0299896,2,200
238,0.0014716287,1.0113981,2,20,0.005284947,1.0044818,2,42,0.005133329,0.99607617,2,78
239,0.0013369003,1.0481435,2,22,0.011065081,0.9685699,2,42,0.0014992652,0.99772453,2,62,0.01278219,1.0243386,2,92,0.00067052443,0.9802884,2,113,0.05462598,0.9519227,2,142,0.021871762,0.90724325,2,163,0.029406376,0.93571854,2,200
240,0.019080762,0.9758992,2,20,0.013547063,0.93825,2,42,0.0013542684,1.0194032,2,74,0.011568167,0.98584414,2,95,0.016589697,0.9373029,0,115,0.0,0.9764884,2,135,0.0011113441,0.8757782,2,155,0.0,0.97756946,2,175,0.0,0.8660199,2,200
241,0.0032395558,1.0307539,2,20,0.0,0.9726286,2,48,0.0016428096,1.0129372,2,68,0.0057940846,0.99320567,2,88,0.0051301555,1.0816448,2,111,0.0,1.0666263,2,131,0.0,1.0676379,2,155,0.018076215,1.0068204,2,175,0.003626579,1.0478,2,200
242,0.06488334,0.71959054,2,20,0.047348496,0.59045357,2,43,0.0,0.61166054,2,70,0.040362455,0.3752388,0,91,0.013078548,0.47325978,0,112
243,0.016326968,0.9015169,2,20,0.0024285596,0.95807725,2,45,0.0032831552,0.91979736,2,66,0.014985326,0.9396057,2,90,0.1054369,0.7824947,2,110,0.13979377,0.7691931,2,132
244,0.0,1.020872,2,20,0.0035248694,1.0166163,2,47,0.0104043735,1.0261223,2,70,0.011410353,1.0239472,2,92,0.0042496067,1.0366597,2,114,0.005065353,1.0060823,2,134,0.0005749222,0.98456085,2,162,0.009421463,0.99579066,2,200
245,0.0,1.0304478,2,21,0.0,1.0186584,2,41,0.017521814,1.002798,2,62,0.0020217753,0.98567855,2,82,0.034936503,1.0038984,2,103,0.009217679,1.0331969,3,124,0.014646624,0.9179183,2,144,0.0085781505,0.9644832,2,169
246,0.010755202,1.0353492,2,20,0.0007072509,1.0127261,2,40,0.009844261,0.9778574,2,60,0.016121482,1.0173553,2,80,0.0132855745,1.1142762,2,100,0.0012044745,1.0028408,2,120,0.0,1.0930537,3,140,0.0,1.1727406,2,160,0.0,1.1077461,0,180,0.0057882606,1.023818,2,200
247,0.0121162115,1.0269911,2,20,0.01326657,1.025242,2,43,0.0066109565,0.96785337,2,65,0.0039240653,0.9500793,2,85,0.0,1.0101198,2,105,0.001366593,1.0175482,2,125,0.013638156,1.0168798,2,146,0.0014292884,1.1249444,2,166,0.0061169695,1.0473571,2,200
248,0.008324409,0.9340738,2,20,0.00029509878,0.98924524,2,40,0.0,0.93992794,2,60,0.0040361728,0.9311061,2,80,0.041937485,0.9239684,2,102,0.034473676,0.85893357,2,122,0.0,0.86212415,2,142,0.041759685,0.9698888,2,162,0.0360072,0.8853421,2,200
249,0.003130813,1.0562614,2,20,0.0056540817,1.0952073,2,48,0.0029399942,1.0738616,2,68,0.017502477,0.9773589,2,89,0.0,0.95994216,2,110,0.0,1.0023264,2,130,0.0,0.91063446,2,151,0.0,0.9579513,2,173,0.0073045273,0.9276761,2,200
250,5.019501e-05,0.9868627,2,25,0.0036426424,1.0198628,2,54,0.009927866,0.97327524,2,75,0.0,1.0272808,2,96,0.026496382,0.9750923,2,117,0.024531301,0.96778995,2,137,0.0,0.9965727,2,157,0.008819869,0.9776598,2,200
251,0.015452934,0.9312762,2,20,0.0,0.996342,2,41,0.0041484092,1.0254328,2,63,0.011530017,0.96726054,2,83,0.0032310414,1.0070739,2,106,0.010828849,0.977044,2,137,0.0,0.9779609,2,157,0.0,1.0703821,2,178,0.005244312,0.9707994,2,200
252,0.030811554,0.9383982,2,25,0.0,0.9665517,2,48,0.008926091,0.95110494,2,72,0.00046767556,0.8979877,2,94,0.027516294,0.8877422,2,114,0.03667102,0.80853236,2,134,0.016114956,0.8732312,2,158,0.006202885,0.9108361,2,179,0.021193292,0.91906077,2,200
253,0.014790699,1.0046675,2,20,0.012518589,1.0478728,2,41,0.0036256076,1.0571425,2,61,0.0028303755,1.018156,0,81,0.016989902,1.0078579,2,104,0.002027347,0.99947643,2,124,0.0,1.0128691,2,144,0.0,1.0513679,2,166,0.012085334,1.0389843,2,200
254,0.010593536,1.0057101,2,20,0.00829252,0.9631187,2,45,0.007975364,1.024719,2,65,0.023292929,1.0062857,2,85,0.005090689,0.9697143,3,105,0.0,1.0037137,2,125,0.02075808,1.0182538,2,146,0.0003508674,0.9778943,2,170,0.0077704187,0.9810656,2,200
255,0.011176876,1.014108,2,20,0.0,1.0139793,2,45,0.029309839,0.981785,2,65,0.0011965604,0.97168744,2,86,0.019006893,0.94068235,2,107,0.0011030908,1.0525033,3,127,0.0152757615,0.91583574,3,147,0.0,0.9294105,3,170,0.022956017,0.8619709,0,200
256,0.0085954815,0.915368,2,21,0.016191255,0.9195471,2,41,0.0,0.81724423,2,61,0.0,0.944805,2,81,0.018873444,0.7383693,2,102,0.0,0.37465572,0,122,0.0,0.5497888,1,142,0.0,0.47088113,1,163,0.012510901,0.308857,1,200
257,0.012122585,1.0056603,2,22,0.0022008473,1.0456876,2,44,0.04826609,0.94191915,2,64,0.0,0.9647237,2,84,0.009859177,0.95845014,2,109,0.021099165,0.8708643,2,129,0.019555459,0.7459636,2,149,0.036232073,0.63399994,2,176,0.005265146,0.74890375,2,200
258,0.0028598718,0.9835661,2,44,0.029677179,0.97712165,2,64,0.013985086,0.9913901,2,85,0.0,0.9729866,2,108,0.0019668592,0.9901124,2,128,0.0,0.96360517,2,149,0.00829496,0.91986173,2,170,0.015096959,0.96677524,2,200
259,0.0011711151,0.9710343,2,26,0.0,1.0255876,2,47,0.0022627946,0.9335554,2,69,0.0,0.99387914,2,90,0.0,0.97984827,2,110,0.018685391,1.0068442,2,131,0.0060587577,0.9544652,2,152,0.0,0.9670002,2,172,0.009913106,0.94228214,2,200
260,0.012660956,0.96663743,2,22,0.0,1.0164459,2,42,0.0009090826,0.9617196,2,64,0.009165043,0.9715435,2,84,0.005621146,0.9868135,2,114,0.002622497,0.98374945,2,137,0.0,1.0105555,2,157,0.0018975731,1.0143613,2,200
261,0.020110914,0.88733184,2,20,0.012049663,0.61751115,2,40,0.025993682,0.8238885,2,61,0.015995413,0.64643914,2,85,0.0,0.39532563,1,105,0.0,0.5980866,2,128,0.0,0.46499693,1,153,0.0,0.3959217,1,173,0.003818767,0.7459157,2,200
262,0.0013066551,1.0158457,2,20,0.018601077,1.0056155,2,50,0.019305179,1.0583497,2,76,0.0034020399,1.0301218,2,116,0.027904423,1.001789,2,144,0.0,0.97200596,2,164,0.013819869,0.9493719,2,200
263,0.011386843,0.9637626,2,20,0.0016945372,0.99501854,2,46,0.012572537,0.99147385,2,66,0.0023296427,0.9279296,2,87,0.020181583,0.97699445,2,113,0.012730116,1.0026224,2,133,0.02140629,1.0170052,2,153,0.0,0.9871799,2,173,0.016679034,0.94360393,2,200
264,0.0,0.9777031,2,21,0.01262596,0.9771533,3,41,0.043114386,0.9229039,2,61,0.03735823,0.9083563,2,81,0.006102456,1.0119387,2,106,0.006013787,0.97146994,2,134,0.0,0.9487608,2,154,0.010134852,0.9793774,2,174,0.00046966082,0.9773127,2,200
265,0.004590327,0.99640214,2,26,0.013125914,0.99246466,2,46,0.0027260678,1.0142283,2,72,0.010066146,0.9673488,2,97,0.011911741,1.0049512,2,118,0.0,1.0428747,2,139,0.014301014,1.0199599,2,163,0.005536588,1.0141584,2,200
266,0.0017716346,0.9999352,2,24,0.0,1.0247092,2,46,0.0055245627,0.9986133,2,68,0.006403816,1.068493,2,88,0.0,0.96637446,2,109,0.0,0.97482556,2,129,0.0,1.0018018,3,149,0.031112814,0.9175168,2,169,0.022493176,0.9320484,2,200
267,0.011466104,1.0381972,2,21,0.0,1.0369867,2,43,0.0013724625,1.0277746,0,63,0.0057084486,1.0238061,2,85,0.0,1.011041,2,105,0.014410576,0.9759904,2,125,0.023762964,0.96521497,2,151,0.034753524,0.9309368,2,171,0.015942663,0.9748449,2,200
268,0.0074945954,0.9977454,2,26,0.023344398,0.9819097,2,51,0.018240565,0.96947,2,71,0.030524869,0.88412076,2,91,0.00494117,0.91161436,2,114,0.0,0.9226561,2,137,0.0011731798,0.9460515,2,157,0.00020496857,1.0209233,2,178,0.0024523593,0.9751337,2,200
269,0.0057288087,0.96999055,2,24,0.0030532463,1.0180943,2,50,0.0018421306,1.0175693,2,74,0.011633167,0.99782866,2,94,0.005038939,0.94672966,2,114,0.0028217176,1.0140921,2,134,0.0015586012,0.9721049,2,160,0.0029977316,1.0226272,3,180,0.008819362,0.95353365,2,200
270,0.0,1.0448529,2,20
271,0.0010260897,1.0133394,2,36,0.0011209149,0.99655414,2,61,0.015350922,0.9792321,2,82,0.0,0.9901061,2,103,0.0008183619,1.0298908,2,123,0.0053934264,1.0313321,2,145,0.0024099979,0.9527672,2,165,0.0021931047,1.0569274,2,200
272,0.0026277488,0.9921892,2,24,0.012987885,1.0387095,2,48,0.029025571,0.83193517,2,70,0.0,0.92010343,2,90,0.0,0.9654747,2,115,0.00510255,0.95610654,2,136,0.011844484,0.945798,2,163,0.0048490535,1.0223949,2,200
273,0.012768691,0.99165136,2,20,0.0,0.9917673,2,40,0.013323593,0.9632487,2,60,0.0,1.0027763,2,80,0.05043163,0.8797291,2,100,0.0018224161,0.9214567,2,140,0.019372592,1.0078065,2,160,0.033145897,1.023776,2,180,0.001321601,1.1230038,2,200
274,0.016667407,0.90785563,2,28,0.08271221,0.7401078,2,49,0.0076675494,0.6964017,2,70,0.012739656,0.8484171,0,90,0.0,0.5693642,0,110,0.0,0.74761957,3,130,0.0,0.7457031,3,150,0.0,0.62330526,1,172,0.0,0.6298437,1,200
275,0.0,0.9930754,2,20,0.0031563481,1.0639536,2,52
276,0.0,1.0670879,2,25
277,0.02499035,0.95929605,2,22,0.009133985,0.9553577,2,45,0.008091132,1.0314145,2,69,0.0021190387,1.0382805,2,95,0.0,1.078522,2,115,0.011373957,1.0106363,0,139,0.0037994212,1.0481398,2,159,0.0,1.0830022,2,180,0.007726566,0.98196423,2,200
278,0.002021561,0.98558253,2,23,0.026289362,0.9646603,2,43,0.0039158035,0.9187522,2,72,0.0,0.9499871,2,92,0.019978793,0.9737905,2,123,0.01219122,0.9842043,3,143,0.0012735425,0.96338487,2,166,0.0,0.9727341,2,200
279,0.0031965238,1.031836,3,20,0.0,0.9801974,2,40,0.0019875846,0.95761174,2,60,0.0072636027,0.99097425,2,83,0.014503747,0.9874755,2,103,0.0,0.99100894,2,124,0.0,0.9701049,2,144,0.0,0.9182209,2,164,0.0037656554,0.9504227,2,192
280,0.0148591185,0.9347857,0,21,0.0,0.7795955,0,42,0.0,0.7821433,0,65,0.008141248,0.65564555,2,86,0.0,0.8221961,0,107,0.0,0.6385801,0,128,0.0,0.5530232,0,148,0.067382544,0.59497756,0,168,0.04478459,0.5328005,0,200
281,0.0,1.0184216,2,24,0.023512973,0.89899325,2,45,0.012196477,0.8649521,2,65,0.060701944,0.723941,2,85,0.059681274,0.82456857,2,105,0.0016280941,0.8120019,0,125,0.0244303,0.6360698,0,148,0.043845877,0.733503,0,168,0.013409718,0.6195292,1,198
282,0.0,1.0346496,2,21,0.037034504,0.92452115,2,41,0.05435576,0.93995684,2,61,0.017302312,0.8814947,2,83,0.018537175,0.94331795,2,104,0.010852056,0.9238699,2,124,0.03347261,0.95353895,2,146,0.015326386,1.0301994,2,168,0.006639644,0.99351436,2,200
283,0.003666732,1.0280523,2,20,0.02199831,0.94736975,2,40,0.0,0.9350811,2,62,0.00144156,0.91672724,2,90,0.024919521,0.979216,2,113,0.0089336755,0.9124276,2,144,0.004413515,0.90119743,2,170,0.020403,0.8110564,2,200
284,0.0044536823,0.97135913,2,26,0.014212636,0.9816859,2,52
285,0.0013136562,0.9496314,2,23,0.016904477,0.8979934,0,43,0.0033748,0.9024776,2,64,0.0,0.9614576,2,84,0.0,0.9162509,2,108,0.003596318,0.9297468,2,130,0.0856636,0.78100747,0,150,0.0,0.78018314,2,170,0.005258448,0.7920956,0,200
286,0.009544996,1.0206513,2,24
287,0.0,1.036886,2,22
288,0.028780987,0.7577757,2,21,0.0,1.0251384,3,42,0.0,0.91742784,0,62,0.0,1.1034806,0,82,0.0,0.5409812,0,114
289,0.0009031229,0.9707273,2,20,0.016298736,0.9689986,2,40,0.0,1.0390784,2,60,0.0,0.98456013,2,80,0.0,0.9820662,2,106,0.002825446,1.0157118,2,128,0.01611005,0.9303314,2,150,0.033693817,0.93386143,2,174,0.0,0.9924784,2,200
290,0.0017973945,1.021949,2,20,0.0,1.0598983,3,42,0.0036736932,1.0394392,2,63,0.014742482,0.9891928,2,84,0.00063011574,0.9488624,2,105,0.001449572,0.9273605,2,128,0.0015195786,1.0312814,2,148,0.014595768,0.9463045,2,169,0.026544167,0.88525647,2,200
291,0.0,1.0050226,2,20,0.02183551,0.93999016,2,40,0.0,0.9765254,2,63,0.009408178,0.90445715,3,91,0.0,0.9685907,2,114,0.011762994,0.93544406,2,137,0.019391898,1.0051031,0,157,0.010978408,1.0200546,2,200
292,0.0,1.0130204,2,21,0.0,1.0094669,2,41,0.004593677,0.98577356,2,64,0.003429586,1.0026674,2,85,0.01062725,1.0164193,2,105,0.0006131378,1.0535005,2,125,0.0080376705,1.0422959,2,147,0.008303269,1.0213054,2,167,0.002838154,1.0262054,2,200
293,0.012935196,0.97830045,2,20,0.0048946436,1.0279915,2,45,0.0072700055,0.97608614,2,65,0.011550843,0.9047111,2,86,0.02446978,0.94343704,2,108,0.007272067,0.9433859,2,128,0.02173702,1.0017301,2,148,0.040707976,0.9747957,2,168,0.012381084,1.0216584,2,200
294,5.607112e-05,0.98112833,2,21
295,0.0039173476,1.0215886,2,20
296,0.006387401,1.0199215,2,23,0.0027817197,0.97924316,2,44,0.007831855,0.9728191,2,65,0.0,0.90977734,2,85,0.0,0.8661917,2,106,0.0,0.91159487,2,126,0.036413122,0.80435055,2,146,0.008620461,0.8769577,2,166,0.051556505,0.87436795,2,200
297,0.0,0.9815238,2,21,0.089029744,0.8940088,2,41,0.010320513,0.91674775,2,61,0.0,0.92674446,2,83,0.0,0.90001535,2,103,0.016913574,0.70788044,2,123,0.018124128,0.88054997,2,153,0.0120507935,0.77070457,2,174,0.04637875,0.76697695,2,200
298,0.008797005,1.0398139,2,26,0.0,1.0220152,2,46,0.013652583,1.0208431,2,66,0.0073879515,1.0813367,2,89,0.0028708603,0.9994366,2,110,0.0,1.0319412,2,130,0.0019170122,1.0122427,2,154,0.007707592,1.0527678,2,177,0.011554264,1.02936,2,200
299,0.008117037,0.8491122,2,28
300,0.0,1.0048465,2,31,0.019054051,0.99810284,2,51,0.020693177,0.8606106,2,72,0.014586477,0.9909786,2,98,0.014706985,0.9132474,2,121,0.011733181,0.963161,2,145,0.0,0.86134803,2,166,0.017220458,0.6057653,0,200
301,0.0018311478,1.0035285,2,20,0.006872098,0.96310484,2,40,0.024495346,0.9485825,2,60,0.015945777,0.9472947,2,80,0.020939052,0.9111962,2,106,0.0089813415,0.98028743,2,126,0.0,0.9675518,2,149,0.0,1.0123086,2,170,0.0014782673,1.0011234,2,200
302,0.0052360836,1.0025547,2,21,0.037353467,0.91628444,2,41,0.0044572223,1.0190831,0,61,0.02036963,0.91652346,0,81,0.0,0.93697566,2,101,0.039259274,0.94864863,2,121,0.025353115,0.91685736,0,141,0.00066171476,0.90930367,2,165,0.025153352,0.89976674,2,200
303,0.010089855,1.0359938,2,21,0.011186455,0.9784971,2,49,0.0,1.0280734,3,70,0.013260842,0.99243265,2,95,0.008574676,1.0287843,2,116,0.024454135,1.0151565,2,136,0.0029732524,1.0099735,2,156,0.0010483006,1.094168,2,176,0.00227065,1.0186304,2,200
304,0.0046491497,0.988003,2,23,0.017134374,0.997365,2,45,0.0038722705,1.0265709,2,69,0.007951741,0.9990244,2,102,0.0,1.0404713,2,127,0.0058647776,1.00563,2,163,0.008847693,0.9886682,2,200
305,0.025829423,1.0471686,2,26,0.013151217,1.0315434,2,47,0.009963306,1.0193905,2,106,0.0,1.019415,2,129,0.009062116,0.97649634,2,149,7.5909884e-05,0.9640075,2,170,0.002940455,1.0070093,2,200
306,0.0074723037,1.0240958,2,45
307,0.0036311082,1.0030594,2,31
308,0.013838348,1.0063461,2,20
