0,0.028925728,0.9681347,2,20,0.016095553,1.045779,2,43,0.0008011847,1.0348155,2,75,0.017345926,0.9713742,2,96
1,0.0023309179,1.0369279,2,20
2,0.0011277056,0.9045567,2,28,0.0,0.97428465,2,48,0.008987344,0.92025805,0,68,0.011277665,0.8415624,0,89,0.005982066,0.7290494,0,109,0.0141874105,0.7262694,2,129,0.0,0.6119793,2,162,0.035846103,0.35800663,2,200
3,0.0074069374,0.9877497,2,30,0.011601837,0.99779385,2,60,0.0,0.9925519,2,86,0.004968912,1.0226202,2,106,0.020984836,0.99975985,2,129,0.0,1.0637138,0,150,0.0,1.0091114,2,170,0.0048268507,0.95477587,2,200
4,0.0128888935,0.947985,2,20,0.027185788,0.98590547,2,45,0.02201251,0.98625827,2,80
5,0.0025099963,1.0117856,2,20,0.0,1.040118,2,40,0.017874584,0.96899194,2,61,0.031863708,0.9474503,2,81,0.018129881,0.97445804,2,101,0.013600516,0.99420613,2,121,0.0201131,1.0285426,2,143,0.0009564837,1.0190681,2,168,0.0042368607,1.00149,2,200
6,0.008694634,1.0014421,2,20,0.0006082478,0.9789459,2,40,0.0032493323,0.9802607,2,61,0.010386871,1.000266,2,87,0.026495462,0.9654186,2,109,0.0,1.0185552,2,132,0.0,0.97260123,2,152,0.011521174,0.9952076,3,172,0.0049242014,0.9792585,0,200
7,0.0051299306,0.99926496,2,25,0.02160332,1.0055778,2,45,0.028945431,0.9386281,2,66,0.009838651,0.8896832,2,88,0.013632084,0.98212594,2,108,0.009163397,0.9312997,2,128,0.04536346,0.93345517,2,148,0.01934253,0.88976586,2,168,0.030535966,0.9027784,2,200
8,0.0,0.9920873,2,25,0.0,1.0614445,2,45,0.010787923,0.9653679,2,72,0.005352986,0.944792,2,92,0.010581931,0.97281915,2,112,0.0,0.9971186,2,134,0.0072606234,1.0203645,2,154,0.0106544485,1.013929,2,200
9,0.03199211,1.0089589,2,24,0.01408692,1.0137805,2,47,0.008333509,1.0146867,2,71,0.03208544,0.9198652,2,93,0.01110672,0.82249844,2,113,0.044801347,0.72108936,2,139
10,0.009830079,0.9625801,2,20,0.0060850615,0.939428,2,43,0.014806233,0.96501863,2,63,0.0,0.7420694,0,85,0.0,0.8225624,0,107,0.03761617,0.6548301,2,127,0.049252562,0.79893863,3,147,0.0078117577,0.7328423,0,167,0.0,0.7532226,0,200
11,0.0074873255,0.9840386,2,22,0.0,0.9682345,2,43,0.0064061806,0.7739848,2,73
12,0.0019622194,1.0235094,2,26
13,0.0,0.8345823,2,20,0.012812403,0.73852813,2,40,0.0006264262,0.69228697,2,60,0.0016263484,0.63944066,0,80,0.0888685,0.7891929,2,102,0.0,0.48171848,2,122,0.010404215,0.56361794,2,152
14,0.0049954,1.0060408,2,20,0.019517234,0.9933825,2,48,0.007321626,1.0510015,2,71,0.0025725593,1.0560801,2,134,0.0026090916,0.9600277,2,157,0.012191165,0.9442016,2,178,0.0,0.83817214,0,200
15,0.013204849,0.75351757,3,31
16,0.00041641667,1.0064694,2,20,0.031715594,0.98286504,2,40,0.023831312,1.0034438,2,60,0.018850503,0.9894858,2,82,0.0028137835,0.9900192,2,121,0.008517774,1.0294263,2,142,0.0,1.0498252,2,162,0.0,1.0086426,2,200
17,0.00499078,0.8288391,0,20,0.032070585,0.8906804,2,42,0.002473447,0.92544866,2,63,0.046972632,0.78447884,2,89
18,0.013852699,1.0079896,2,20,0.00982777,0.99562657,2,41,0.009337328,0.96775055,2,61,0.0031687724,1.0134673,2,81,0.025416331,0.94543374,2,102,0.0026071703,1.0157206,2,122,0.0025495607,1.0277635,2,143,0.0,0.99993706,2,169,0.0055476925,1.0121163,2,200
19,0.017027985,0.9256675,2,36
20,0.0,0.69804174,0,20,0.00153368,0.57961667,2,40,0.0,0.94192004,2,62,0.0,0.74713385,0,82,0.0,0.5432993,2,102,0.0,0.98885614,0,122,0.0,0.5517684,0,152,0.13229392,0.33243135,0,187
21,0.009767375,1.023727,2,22,0.0044838395,0.9618699,2,43,0.006227374,0.9935647,2,63,0.0044362242,0.9842406,2,89,0.006364598,0.9900996,2,109,0.00302585,1.012507,2,130,0.0024773078,1.0387489,2,152,0.014398764,0.9774062,2,172,0.0019971093,1.0477873,2,200
22,0.010305277,0.99415225,2,20,0.020567076,1.008583,2,48,0.0066000507,1.083345,2,77,0.0,0.9990837,2,97,0.0006378501,1.1067183,2,120,0.0,1.1083192,2,142,0.00068666565,1.0321143,2,162,0.03752947,0.90174747,2,200
23,0.021388968,0.88589954,2,28,0.0040044235,0.92552173,2,48,0.0,0.8231017,2,69,0.005082219,0.7990724,2,89,0.04377189,0.660112,2,109,0.0,0.43056303,0,129,0.0,0.5091968,1,159,0.060614493,0.2027033,1,200
24,0.003585183,1.0237753,2,22,0.0069769947,0.95275986,2,42,0.0057069454,0.9611929,2,66,0.009930891,0.91478217,2,86,0.016967628,0.95404184,2,106,0.021165837,0.9480054,2,127,0.008987068,0.95753586,2,148,0.027126348,0.99762744,2,173,0.010077537,1.0120002,2,200
25,0.028986704,0.9545172,2,20,0.040157206,0.9371775,2,40,0.0,0.9383934,2,60,0.0,0.94784343,2,81,0.0,1.0343264,2,102,0.0,1.0113679,2,125,0.003373199,0.9635641,2,145,0.0,0.96600205,2,167,0.0060414476,0.934587,2,200
26,0.016831929,0.9566523,2,20,0.020610398,0.99851185,2,49,0.0,1.1347638,2,71,0.0,0.9239885,2,91,0.019314982,0.7512236,2,111,0.013207992,0.8094004,0,132,0.0,0.75425977,2,153,0.0,0.44655934,2,173,0.004565835,0.6375238,2,200
27,0.0004097249,0.96751314,2,21,0.035753,0.89523935,2,41,0.010720241,0.94458973,2,61,0.0025411292,0.8416811,2,84,0.0,0.7222759,2,108,0.0009037644,0.665224,2,128,0.0044395393,0.5761787,1,148
28,0.014187527,0.95699245,2,20
29,0.0019340201,1.0734766,2,23,0.0018561728,1.0422412,2,47,0.044775303,0.97359216,2,72
30,0.006997411,0.99202186,2,20,0.0016262322,1.01308,2,41,0.0,0.99964345,2,61
31,0.011086486,0.9208851,2,20,0.022941083,0.96805555,2,42,0.03674122,0.9417097,2,64,0.0057637924,0.94520485,2,97,0.005487283,0.8966802,2,118,0.0,1.0075697,2,139,0.013136369,0.94674957,2,162,0.0118583795,0.92713886,2,200
32,0.0057569137,0.9918806,2,20,0.0,0.9857203,2,40,0.01396682,0.9806368,2,62,0.021649834,0.9587588,0,83,0.033683054,0.94847953,2,103,0.050621126,0.9639662,2,126,0.029581439,0.98762023,2,146,0.0,1.0196967,3,167,0.052112795,0.98486596,2,200
33,0.0039333683,1.031905,2,22,0.007551372,1.0534874,2,51
34,0.010943985,1.0038966,2,20,0.0022508374,0.94885415,2,40,0.019433523,0.9589263,2,61,0.020579658,0.94557977,2,84,0.00041222278,0.9815884,2,121
35,0.005908378,1.0077294,2,23,0.0017190301,1.0575434,2,44,0.009581322,1.0078286,2,70
36,0.0054668235,0.9866267,2,21,0.0,0.99330634,2,45,0.017431201,0.9446528,2,68,0.003423058,0.9230017,2,89,0.017192153,0.94356567,2,109,0.002118451,0.9576431,2,133,0.019704947,0.8514544,3,153,0.020445127,0.9249391,2,175,0.0,0.81590116,2,200
37,0.0,0.9913683,2,20,0.011594143,0.9102256,2,41,0.006007043,0.9453428,2,67,0.004449258,0.99292314,2,87,0.0,0.8609444,2,108,0.018903984,0.73760533,2,130,0.005663211,0.55861664,2,150,0.02777416,0.65678173,2,172,0.040582933,0.6632871,2,200
38,0.0,1.0108904,2,20,0.0033750334,1.0121912,2,40,0.0,1.1000776,0,60,0.011245499,1.0650936,2,80,0.0038056057,1.0700625,2,103,0.010682185,1.1128881,2,125,0.0,1.099476,3,145,0.023521105,0.9652669,2,180
39,0.0,1.0341634,2,20,0.0034064264,1.0030589,2,50,0.011613561,0.9438636,2,70,0.0,1.0252173,2,90,0.008110287,1.0166501,2,110,0.017456584,0.9741339,2,132,0.0034507003,0.98243904,2,156,0.0026805438,1.0017354,2,200
40,0.01119309,1.0091151,2,20,0.0044682254,1.0040045,2,43,0.0036615222,1.012397,2,66,0.03157834,0.9874836,2,88,0.005062756,1.0736134,2,108,0.00977693,1.0372307,2,130,0.02404532,1.0352345,2,153,0.0,1.0533966,2,173,0.0,1.0226631,2,200
41,0.012229302,0.98834455,2,21,0.022766158,0.95796365,2,42,0.043681137,1.0450926,2,62,0.005508271,0.9813253,2,82,0.013246631,0.9728962,2,102,0.0,0.8287463,2,123,0.01083517,0.52364075,0,143,0.024995724,0.9572837,2,169,0.010205719,1.0291301,2,200
42,0.006032656,0.99864495,2,20,0.0,1.0575466,2,43,0.0021567408,1.0249876,2,63,0.0021700556,1.0126371,2,84,0.027887566,1.0293777,2,109,0.0,0.9885733,2,140,0.0,1.0534452,2,160,0.006246792,0.9990487,2,200
43,0.0048622754,0.98642665,2,20,0.0010292777,0.9572133,2,41,0.0017839734,0.99555576,2,62,0.019739775,0.9844254,2,85,0.016303979,0.98588,2,106,0.006066094,0.96996707,2,134,0.019641826,1.0218602,2,155,0.0042211823,0.96142495,2,175,0.034312148,0.94552726,2,200
44,0.018823886,0.9799215,2,24,0.0123829385,0.9804509,2,45,0.006962305,0.9426266,2,66,0.01816493,0.9108588,2,87,0.015361421,0.89816386,0,111,0.0,0.98963183,2,132,0.03933069,0.8279152,0,152,0.00075790694,0.8805911,2,175,0.016256977,0.9264049,2,200
45,0.017907254,0.99756384,2,20,0.006314274,0.95584923,2,41,0.024057383,0.8835493,2,63,0.023916677,0.88727117,2,84,0.033514604,0.8942429,2,110,0.020931931,0.9541191,2,140,0.04043836,0.9672703,0,162,0.028204536,0.9750322,2,200
46,0.01668885,1.0063641,2,23,0.0035090956,1.0241839,2,43,0.016362527,0.9825546,2,81
47,0.0,1.0658855,2,25
48,0.0058094054,0.9694221,2,22,0.014439854,0.930623,2,44,0.0020500503,0.9169548,2,74
49,0.022488099,0.9665332,2,20,0.0,0.85596514,0,40,0.030531147,0.8933948,2,66,0.03199458,0.9187115,2,91
50,0.0053639635,1.0193644,2,24,0.0022583567,1.0873375,2,48
51,0.012981415,0.9909379,2,30,0.017158484,0.9795781,2,59,0.009785895,1.0577133,0,79,0.005433811,0.9987198,2,100
52,0.00073447824,1.0162485,2,22,0.009524357,0.9308828,2,42,0.004440858,0.9316713,2,63,0.0,0.74950486,2,83,0.014223581,0.81653416,2,103,0.0,1.1009482,0,123,0.0,1.0062417,2,143,0.0,0.9063903,2,163,0.030577112,0.8608148,2,200
53,0.010104791,1.0117481,2,33,0.012951638,1.0121619,2,60,0.0010336586,0.9629153,2,81,0.009515224,1.0257268,2,110,0.0043827607,0.9811116,2,133,0.012465244,1.0002075,2,155,0.008323649,0.9960871,2,175,0.013307032,0.9674896,2,200
54,0.017497068,0.8710135,2,20,0.009081861,0.8416578,2,40,0.0,1.1180097,2,61,0.0,1.001,2,82,0.0,0.6548079,2,103,0.0,0.93764955,2,123,0.0,0.6646443,0,145,0.0,0.71418077,2,165,0.012841416,0.9590375,2,200
55,0.012062302,0.92241144,2,20,0.015492745,0.9214026,2,40,0.020022983,0.77483153,0,62,0.008500844,0.8029044,2,83,0.018310728,0.8748983,2,106
56,0.0058923014,0.9759202,2,20,0.010789192,1.0508944,2,59
57,0.0012361114,1.0166014,2,20,0.0076886,0.98150265,2,50,5.838129e-05,0.9983421,2,73,0.016661704,0.97447264,2,93,0.04264176,1.0306524,2,115,0.011532607,0.87905294,2,135,0.0034158335,0.9500004,3,155,0.025287928,0.94869703,3,178,0.01694262,0.64775604,2,200
58,0.006418915,0.99936503,2,22,0.012563441,0.9523686,2,54
59,0.00462009,1.034904,2,20,0.027160298,0.91404206,2,41,0.0026335702,0.94482917,2,61,0.0,0.963673,2,81,0.0,0.89482766,2,101,0.013120418,0.7583718,2,122,0.066463426,0.7742651,2,145,0.083207205,0.6369834,2,165,0.011613582,0.62778497,2,200
60,0.011193674,0.9367031,2,22,0.00077342056,1.0105157,2,47,0.0,0.9433994,2,73,0.013829511,0.9049925,2,94,0.0,0.87486917,2,116,0.0,0.8052924,2,136,0.0,0.53641593,2,159,0.004905312,0.58486366,1,180,0.0,0.6927715,0,200
61,0.025900817,0.976871,2,24,0.013776785,0.9833457,2,44,0.010156853,0.993495,2,66,0.0,0.88790196,2,86,0.0,0.89440453,0,106,0.0036280383,0.9189576,2,127,0.005868029,0.8916149,2,147,0.0137714995,0.7333119,2,167,0.0,0.84352887,2,200
62,0.009493705,0.94718665,2,20,0.012087846,1.0028739,2,40,0.00077739754,0.8915835,2,72,0.03478408,0.9253731,0,93,0.01791934,0.8260598,2,117,0.009884457,1.0477765,2,138,0.0046270047,1.0767462,2,164,0.008918043,1.0086254,2,200
63,0.0009317856,0.97663826,2,27,0.0015125432,0.97944766,2,47,0.011551332,0.99663895,2,67,0.027551992,0.937558,2,102,0.025156518,0.9454807,2,122,0.030777138,0.9516605,2,142,0.07480147,0.9500945,2,162,0.039235592,0.9202231,2,198
64,0.004050857,1.0288218,2,31,0.0,1.0422423,2,53,0.011811579,1.0159007,2,73,0.0008870918,0.972115,2,120,0.0,0.8910717,3,142,0.0006292653,0.9511191,3,163,0.003781932,0.88649213,2,200
65,0.0026779105,1.045843,2,20,0.009713901,0.9577118,2,40,0.0067116776,1.0211878,2,61,0.0,1.020874,2,81,0.008560586,1.040394,2,104,0.0070717293,1.0602727,2,131,0.0035809674,1.0302186,2,159,0.014225434,0.9946191,2,179,0.01636299,1.011341,2,200
66,0.0025176406,0.9963061,2,20,0.00922694,0.9790699,2,40,0.014828635,0.982322,2,61,0.0044983043,0.9747776,0,82,0.0043623396,0.98847723,2,111
67,0.0135200275,0.91585934,2,21,0.0009967737,1.0399898,2,53,0.0009863352,1.0833449,2,74,0.005747338,0.9948654,2,94,0.0,1.0036799,0,114,0.0001934509,1.0160731,2,144,0.00022471086,1.0136666,2,166,0.004310213,0.83526427,0,200
68,0.015344297,1.01473,2,21,0.010517587,0.9991473,2,42,0.021455277,1.0198982,2,62,0.006925673,1.0690696,2,83,0.012008798,0.99889886,2,108,0.005361844,0.97633207,2,130,0.0122069605,0.96214235,2,150,0.006398909,1.0464528,2,170,0.005405869,1.0535741,2,200
69,0.004771649,1.0098708,2,25,0.013957122,0.98107547,2,45,0.007190603,0.9809539,2,71,0.0032282933,0.9574095,2,91,0.0072491816,0.9777617,2,112,0.012134257,0.98924565,2,133,0.004800276,1.0115561,2,154,0.0,1.0395244,2,178,0.021339597,0.9625378,2,200
70,0.0029867939,0.97855574,2,26,0.04844193,0.9894732,2,46,0.0045720213,0.9827747,2,79,0.007960314,0.9734413,2,106
71,0.014028132,0.9753345,2,20,0.0,0.75065297,2,40,0.0031264455,0.7100826,2,60
72,0.0071304515,1.0752054,0,20,0.019882882,0.95749635,2,40,0.047799043,1.0238848,2,61,0.0,1.0552402,3,86,0.02546961,0.95112556,0,107,0.0022378676,1.0374342,3,127,0.011108483,1.1791342,2,148,0.013384646,0.83386886,2,168,0.052340146,0.84689254,2,200
73,0.015873801,0.9861965,2,20,0.0,0.9805171,2,40,0.017099313,0.9786103,2,62,0.0,0.98824215,0,82,0.008562808,0.9894459,2,107,0.007854302,0.98355114,2,133,0.0,1.0342135,2,165,0.007654866,1.0488613,2,200
74,0.00068563793,1.0196847,2,20,0.012529177,1.026028,2,40,0.023910528,0.97224116,2,61,0.0011640027,0.9888441,2,82,0.029773388,0.9644722,2,102,0.01754521,0.9650854,2,122,0.021927875,0.9623594,2,142,0.010452658,0.97857356,2,163,0.0108884275,0.9478637,2,200
75,0.001225489,0.99415815,2,23,0.0062070764,1.0039654,2,44,0.002989999,1.0168154,2,69,0.0041845334,0.91389847,2,95,0.003680937,0.7568252,0,115,0.013658576,0.7801897,2,136,0.00978083,0.5072162,2,162,0.06775058,0.54653674,2,200
76,0.014036991,0.9836615,2,40,0.007113339,0.9606584,2,60,0.008958488,0.96026117,2,80,0.0015813321,0.9561344,2,104,0.029950812,0.97947824,2,124,0.009264844,1.0015244,2,144,0.009738688,0.964331,2,165,0.0038958974,0.79300076,3,200
77,0.0,1.0196135,2,20,0.005068972,0.9864669,2,40,0.00913669,0.99243623,2,71,2.0709618e-05,0.9785556,2,94,0.0030542498,0.99695796,2,114,0.025544958,0.9943087,2,139
78,0.008522524,1.0089009,2,20,0.016666023,0.96281356,0,40,0.001642076,0.9821466,2,60,0.006308367,0.9670925,2,80,0.029227043,1.0427328,2,102,0.008994381,1.0425774,2,122,0.009000881,1.0729276,2,142,0.0,1.0137945,2,162,0.015313334,1.0754101,2,200
79,0.008579152,0.9720724,2,20,0.0057807006,1.0025713,2,40,0.015445287,0.9440079,2,61,0.0,0.99738103,2,83,0.0,1.0033628,2,103,0.02653515,0.90374815,2,123,0.0,0.92854726,2,143,0.009179735,0.92902154,2,163,0.0,0.9347168,2,200
80,0.008074542,1.0491254,2,20,0.01300861,0.97861516,2,41,0.0005072509,1.0064646,2,61,0.012699762,1.035162,2,89,0.009254811,0.9972404,2,110,0.013260779,0.9993262,2,130,0.009439976,1.0338997,2,167,0.0020255658,1.0492755,2,200
81,0.009409662,0.9975421,2,20,0.0,0.7991709,2,40,0.029612178,0.8511736,2,62,0.043836646,0.81969446,2,89
82,0.005286064,1.0182203,2,23,0.00037737502,1.0282605,2,50
83,0.007111472,1.0368989,2,25,0.0,1.0628762,2,45,0.008046215,1.0233973,2,71,0.005998471,1.0214329,2,98,0.014037293,1.0075376,2,118,0.0085067,1.0443745,3,142,0.014820651,1.0412503,2,164
84,0.0,0.9826116,2,23,0.0072357072,0.86373985,2,43,0.0632626,0.7710756,2,63,0.11833411,0.6754255,2,85
85,0.0328701,0.99894404,2,21,0.018028578,0.9115683,2,46,0.009668814,0.9395137,2,66,0.006575884,0.92487323,2,86,0.012673845,0.8916545,2,109,0.0067983,0.98488504,2,131,0.025958443,0.9315305,2,151,0.034243166,0.91539824,2,179,0.055272568,0.9438314,2,200
86,0.014742122,1.0132614,2,21,0.016387051,1.0178941,2,41,0.031741608,0.96498746,3,61,0.02146709,0.95397085,2,85,0.024035295,0.97008026,2,106,0.08857371,0.9771285,2,126,0.031544548,0.94433546,2,147,0.04713367,0.9252623,2,168,0.029031308,0.9627351,2,200
87,0.008184957,1.0210325,2,29
88,0.024859168,0.9338125,2,20,0.0,0.90383905,3,44,0.016765732,0.872904,2,64,0.017301062,0.938272,2,85,0.053976096,0.75647336,2,122
89,0.0003447934,0.98352146,2,20,0.0113245845,0.9914334,0,42,0.021357741,1.0067943,2,63,0.016007438,0.9257143,2,83,0.01667325,1.0240577,3,105,0.009156637,0.89832336,2,126,0.018073913,0.9062972,0,146,0.017919712,0.9720198,2,166,0.02554749,0.9614206,2,200
90,0.009925417,0.9916765,2,24,0.0,1.0129406,2,44,0.011955934,0.929916,2,64,0.011921602,0.9945164,2,84,0.009261624,1.0089382,2,149,0.020842727,0.7742747,2,170,0.004362819,0.65770185,2,200
91,0.013358151,0.89159924,2,31,0.0181503,0.98602295,0,51,0.011061313,1.0542805,0,71,0.00044180124,0.8454602,2,92,0.0,1.0432917,3,112,0.0019219182,0.8607037,2,133,0.0,0.7655267,2,153,0.004272339,0.8038026,2,173,0.03229569,0.7593085,2,200
92,0.003912484,1.0212768,2,20,0.004598711,1.0169178,2,41,0.024678435,0.95404166,2,61,0.032335132,0.90347826,2,82,0.021307468,0.9598565,2,102,0.01798844,0.93004227,2,122,0.0011213903,0.9345905,2,159,0.009472512,0.9851995,2,200
93,0.0,0.919158,2,22,0.004880073,0.86374575,2,43,0.0012557493,0.84854096,2,64,0.002972514,0.9509578,2,84,0.0077629434,0.9117063,2,106,0.03948386,0.7189103,2,126,0.0369772,0.5973324,0,147,0.12011041,0.44854546,0,167,0.032105748,0.551265,2,200
94,0.0,1.0190568,2,20,0.0024616874,1.0264856,2,40,0.0023095165,1.0184022,2,64,0.022768257,0.96168643,2,85,0.0050443616,0.9862138,2,111,0.001530035,0.94526446,2,132,0.008455444,1.0107391,2,160,0.040921498,0.95623636,2,180,0.003122895,1.0203753,2,200
95,0.006172674,0.9405925,2,25,0.03442756,0.96868783,2,45,0.006385103,0.81457883,0,85
96,0.025330424,0.89339435,2,20,0.012723913,0.8239523,2,40,0.0,0.8620847,2,60,0.0,0.9509074,2,80,0.0012676363,0.93832034,3,100,0.0,1.0215553,0,121,0.0,0.81681323,0,142,0.007315076,0.5453823,1,163,0.008880523,0.37193397,0,200
97,0.008243443,1.032681,2,22,0.00075644534,1.0592811,2,42
98,0.02412368,1.0261712,2,20,0.017263023,1.0160813,2,43,0.0,0.98891795,2,65,0.019132446,0.9793701,2,85,0.0,1.0375628,2,114,0.005537008,0.90829635,2,139,0.0,1.0525377,2,160,0.0,1.0756204,2,200
99,0.017974399,0.98389035,2,20,0.006552806,0.97780764,2,47
100,0.0014939546,0.9829129,2,21,0.052398477,0.9694545,2,43,0.016754072,0.95139635,0,63,0.0,0.8877088,2,84,0.019897912,0.8301713,2,105,0.019459957,0.7683979,2,127,0.051586907,0.92428315,2,147,0.005150485,0.8573945,2,167,0.03660455,0.8437674,2,200
101,0.02011409,0.89103997,2,20,0.032579564,0.9375355,2,41,0.0,0.7938016,2,61,0.002058436,0.87174195,2,81,0.0015202026,0.86553866,0,102,0.0072452463,0.72336656,0,122,0.0,0.6404944,0,143,0.031642117,0.60220015,0,163,0.036173075,0.7792612,2,184
102,0.0035348595,1.0136653,2,20,0.016278526,0.97643626,2,40,0.016154688,0.90600705,2,61,0.009122147,0.9596504,2,81,0.022155726,0.8824245,2,101,0.0,0.8808457,2,125,0.0055014286,0.8048175,2,149,0.0,0.80051553,2,169,0.020482427,0.8635056,2,200
103,0.0139527805,0.8859521,2,21,0.004123311,0.7693355,2,45,0.0489739,0.7788747,2,65,0.33713514,0.5379466,2,85,0.0,0.5859729,2,107,0.0,0.16236767,1,127,0.0,0.47464412,2,147,0.041686147,0.61659735,2,168,0.014917546,0.48268664,1,200
104,0.004068347,1.0220232,2,31,0.007960913,1.0060802,2,63,0.0039906763,0.9787022,2,83,0.00079784234,1.0068693,2,104,0.029602002,1.0221101,2,126,9.462172e-05,0.96110505,2,146,0.0014195555,1.0083852,2,166,0.007559054,0.96646667,2,200
105,0.010686383,0.9453341,2,20,0.0011914301,0.9734038,2,41,0.0,0.98320496,2,61,0.0,0.94101775,2,83
106,0.0,1.0307058,2,21,0.01900675,0.9041131,2,44,0.005775197,0.9623868,2,64,0.005066991,1.0183235,2,86,0.005178519,1.0093743,2,111,0.0006941558,1.0121067,2,131,0.029336628,0.93695223,2,152,0.02159307,0.93152153,2,173,0.022629468,0.88376075,2,200
107,0.009884909,0.9959496,2,23,0.004364523,0.96548414,2,43,0.0,0.95052826,0,64,0.008750959,0.8217853,2,88,0.0013952546,0.88870573,2,109,0.0024179216,0.9664279,2,129,0.007198578,1.008526,3,149,0.0068951542,1.0328366,3,172,0.023435438,0.85679734,2,200
108,0.001187772,1.0199637,2,26,0.028314445,1.0552447,2,47,0.0015789496,1.0204259,2,81,0.007824181,0.98137087,2,103,0.008207648,1.0355265,2,131,0.022494655,0.96756935,2,151,0.011776961,0.9717497,2,172,0.02557994,0.87044185,2,200
109,0.0013821609,1.0445806,2,23,0.021808324,0.9491259,2,46,0.0046770177,0.9796504,2,66,0.019426499,0.98131496,2,86,0.011786651,0.945347,2,106,0.0024811146,0.8753865,0,127,0.0,0.9854654,3,149,0.0,0.92640275,0,169,0.04985679,0.8129537,0,200
110,0.008672819,0.9888183,2,51,0.0,1.0339531,2,71,0.00077949965,1.048064,2,94,0.0,0.99706185,2,114,0.0037010468,1.0362043,2,135,0.0029212567,1.009484,2,155
111,0.0059680254,0.9258838,2,23
112,0.009215831,0.911251,0,22,0.007299277,0.97325623,3,42,0.026937546,0.8431874,2,65
113,0.0146387275,1.007407,2,20,0.029146353,0.9202256,2,40,0.063620135,0.77533853,2,60,0.0,0.60883653,2,80,0.012319788,0.5747052,2,102
114,0.039152756,1.0014796,0,22,0.020686356,0.9615668,2,52
115,0.012641421,0.9970079,2,39
116,0.004840515,1.0043876,2,20,0.0,1.0360949,2,40,0.0077612353,1.0025481,2,66,0.0074217916,1.0461059,2,96,0.011338789,0.9966132,2,117,0.013802782,1.0655419,2,139,0.0,1.0285655,2,161,0.004828573,1.0492083,2,200
117,0.0,1.026206,2,22,0.004329907,1.0038457,2,48
118,0.0,1.0138555,2,21
119,0.0,1.0369368,2,26
120,0.010832288,0.9721933,2,41
121,0.010562862,0.9588591,2,32,0.02053851,0.9671317,2,53,0.0069395253,1.0367352,2,73,0.0022177468,1.0172672,2,93,0.033807363,0.9592718,2,113,0.0088917855,0.92190665,2,135,0.0,0.94784135,2,155,0.0,0.9887169,3,175,0.01602309,0.86611104,2,200
122,0.02710181,0.9521638,2,20,0.012321635,0.92692834,2,47,0.005135206,0.9266609,3,67,0.004215538,1.0339243,2,89,0.012948971,1.0057348,2,121,0.0003216168,0.97439975,2,141,0.0026005823,1.0084052,2,175,0.009044209,0.9695077,2,200
123,0.0068888254,0.9689991,2,25,0.008628557,0.960502,2,45,0.003204178,0.93201923,2,65,0.009824332,0.86239356,2,87,0.0,0.5133721,1,107,0.0,0.6563862,2,127,0.0026905243,0.43557483,2,147,0.0,0.6607381,2,167,0.0046173963,0.7986969,2,200
124,0.0078890035,1.0278944,2,33,0.00756001,0.9903547,2,53,0.0,1.0404104,2,75,0.0012555622,1.032153,2,108
125,0.0,1.0332389,2,24,0.0,1.0090578,2,52
126,0.009695229,0.9653506,2,20,0.01048161,0.9643435,2,41,0.029587507,0.9146563,3,61,0.0,0.95043343,2,81,0.011956484,0.84987706,2,101,0.0010028142,0.6182865,2,123,0.053874385,0.6073647,2,143,0.0,0.70578444,0,163,0.051041525,0.76059294,2,200
127,0.00824319,1.0053899,2,21,0.007844791,0.98415357,2,43,0.0,0.9594282,2,65,0.03911201,0.925015,2,86,0.017126942,0.90022916,2,106,0.057965573,0.9545443,2,128,0.027665423,0.9994886,2,151
128,0.00363595,0.9682569,2,21,0.0037925148,0.96107763,2,46,0.01453883,0.9736396,2,66,0.016689125,0.8978446,2,86,0.019817356,0.95139235,2,106,0.015969375,0.9604514,2,126,0.02721267,0.9847783,2,146,0.015165736,0.9669736,2,172,0.0075209965,1.0481426,2,200
129,0.02022392,0.9260783,2,20,0.04762313,0.6923295,2,40,0.0,0.56119096,3,60,0.0,0.8036931,2,81,0.0,0.78927916,2,101,0.0,0.3938852,1,132
130,0.02061466,0.9948303,2,23,0.0126159005,0.99321264,2,44,0.00012497362,0.93627965,2,64,0.00969159,0.89102095,2,84,0.022134455,0.87749827,2,104,0.0,0.77352625,2,126,0.009668454,0.9252089,2,147,0.017458884,0.91789055,2,167,0.0014959113,0.9699551,2,200
131,0.002327594,0.94828993,2,22
132,0.0,0.8562227,2,21,0.0,0.5924021,1,41,0.0,0.77266103,2,62,0.005694397,0.6651989,1,82,0.0,0.52004606,2,102,0.0027686923,0.7083527,2,123,0.006004797,0.9109893,2,143,0.040164936,0.9374088,2,166,0.035687484,0.707076,2,200
133,0.015892385,1.0252357,2,26,0.009486625,0.96878666,2,49,0.0010872416,0.9725945,2,81,0.03523852,0.97716844,2,101,0.011877098,0.9483983,2,125,0.0,0.9820399,2,150,0.027671263,1.0121228,3,170,0.0045348485,0.9334153,2,200
134,0.010476782,1.016427,2,34
135,0.007596443,0.9709101,2,36,0.017524336,1.0203855,2,57,0.014007728,0.9626031,2,81,0.0031935174,0.97107804,2,102,0.011010912,1.0080607,2,122,0.036492936,0.9642042,2,148,0.014396805,0.9048479,2,169,0.016872043,0.9565312,2,200
136,0.0037189939,1.0114732,2,24,0.010917152,0.95887214,2,51,0.0100377565,1.0257372,2,71,0.015061584,0.91656834,2,101,0.0004327176,0.91352737,2,121,0.0,0.9388334,3,141,0.037687965,0.93620336,2,162,0.022147601,0.90405685,2,200
137,0.009280772,0.9552533,2,26,0.007904946,1.0173825,2,47,0.016393546,1.0201542,2,68,0.0020605256,1.0599527,3,88,0.0,1.0546206,2,109,0.002794222,1.0162033,2,129,0.017031306,0.94256973,2,158,0.010537801,0.98025286,2,179,0.0017391244,1.05688,2,200
138,0.024633775,0.94830585,2,25
139,0.0016093098,1.0557151,2,26
140,0.005751345,1.009202,2,32,0.0049344995,1.0478865,2,59
141,0.013552937,0.91743976,2,20,0.0091426335,0.8800108,2,40,0.0063683004,0.97149456,2,60,0.011124969,0.828508,2,80,0.0024528834,0.9212302,2,100,0.0,0.961977,2,120,0.0,0.9721916,2,142,0.017874897,0.978122,2,167,0.06337856,0.9118265,2,200
142,0.009824739,0.9930836,2,34,0.0075598597,0.94703835,2,54,0.010240572,0.96663743,2,87,0.0011889073,0.9706499,2,108,0.04534486,0.86797154,2,129,0.0017476659,0.9843794,2,151,0.015944645,0.92678607,2,172,0.0096963,0.8331408,2,200
143,0.021335075,0.989823,3,20,5.4068863e-05,0.9499313,2,40,0.0053648045,0.8178914,0,61
144,0.0015333929,1.0296601,2,25
145,0.007470426,0.99458814,2,21,0.0031403839,0.95624924,2,41,0.000717717,0.94504327,2,65,0.0,0.8788129,2,85,0.0,0.86611956,0,105,0.0,0.7966844,2,125,0.0,0.7564659,2,147,0.011722302,0.8907363,2,175
146,0.019362276,1.012538,2,21,0.0075958506,1.0280522,2,41,0.009391964,1.0042937,2,61,0.0055528614,1.0036528,2,89,0.0,1.0544423,2,110,0.0061640623,1.0315764,2,133,0.0,1.0390679,0,154,0.013910038,0.98354995,2,174,0.010268337,1.0211828,2,200
147,0.0,0.97928756,2,22,0.020700797,1.0629624,2,45,0.020493235,1.0748252,2,66,0.0,1.0370446,2,109,0.0073452303,1.0096574,2,129,0.0,1.0238516,2,163,0.0004209798,1.0492667,2,200
148,0.0021319857,1.009508,2,20,0.0056810267,0.99063766,2,48,0.048238907,1.0332927,2,70,0.012721875,1.0110098,2,91,0.0,1.0175338,2,114,0.0022581532,0.94922286,2,134,0.003163328,1.0236812,2,163,0.009272201,0.9588221,2,200
149,0.00041449044,1.0191815,2,22,0.0,1.026294,2,42,0.00457307,0.9450243,2,62,0.0,0.98305976,2,82,0.0,0.98261976,2,114,0.0026689584,0.99075586,2,134,0.0043538637,1.0042616,2,165,0.0068898136,1.0460801,2,200
150,0.01809358,0.94753075,2,38
151,0.018354382,0.96545285,2,20,0.0,0.97513306,2,41,0.017993413,0.97115046,2,64,0.0052610007,0.9147684,2,88,0.010999173,0.9797764,2,122
152,0.005465205,1.0283191,2,23,0.0041520186,1.055203,2,46
153,0.0036237803,0.92258227,2,20
154,0.0038274147,0.9627102,2,20,0.0,1.0155121,2,43,0.0055627124,0.97887814,2,63,0.0031964313,1.0274314,2,83,0.002316992,0.8741864,2,106,0.021985875,0.88509077,2,127,0.0032925932,1.0474178,3,149,0.030431742,0.9707138,3,169,0.024441743,0.81348944,2,200
155,0.011506989,0.9053817,2,20,0.0,0.9379967,2,45,0.025554156,0.971444,2,65,0.060615636,0.7651061,2,85,0.06981075,0.79177684,0,107,0.030446785,0.72860664,2,129
156,0.03909513,0.97557104,2,22,0.0033045856,0.99416757,2,45,0.0052680783,0.97129434,2,72,0.0,0.96397156,2,93,0.008756077,0.96145993,2,113,0.008342582,0.9713777,2,133,0.0,0.9952059,2,157,0.007691849,0.99912554,2,200
157,0.005971755,0.92280364,2,39
158,0.0075859656,0.98053116,2,21,0.007373424,0.93537295,2,42,0.0,0.91731274,2,62,0.0016259454,0.85325277,2,82,0.00078468653,0.69386655,2,106
159,0.0,0.93971777,0,21,0.0,0.8855896,2,41,0.0,0.6969682,2,62,0.0,0.7828777,0,84,0.04409402,0.78539276,2,104,0.0,0.77703005,1,124,0.0,0.6501281,0,146,0.0,0.7731918,2,166,0.009264626,0.21741517,0,200
160,0.003529185,1.0365341,2,67
161,0.004512222,0.8892207,2,20,0.026368635,0.6589132,3,54
162,0.0024700041,0.99727833,2,20,0.010297032,0.9914943,2,40,0.011887158,0.9955088,2,60,0.019049123,1.0081953,2,81,0.0,0.983784,2,101,0.010426454,0.98527163,2,125,0.008949804,1.0042114,2,165,0.01750232,1.0207081,2,200
163,0.0075280443,0.9606587,2,20,0.012831595,0.9429817,2,42,0.018046083,0.9623334,2,78
164,0.0,0.99751395,2,20,0.021556977,0.9882013,2,40,0.012683192,0.9056727,2,60,0.011145416,0.97572535,2,95
165,0.020209443,0.96895826,2,20,0.00922691,1.0032277,2,44
166,0.01685158,0.982164,2,20,0.0047798133,0.984324,2,44,0.01828996,0.9803394,2,64,0.036488753,0.9430268,2,85,0.0009236821,0.9878695,2,116,0.00589593,1.0394366,2,136,0.022979062,0.9441081,2,156,0.00775394,0.9989071,2,179,0.0010041387,1.0105402,2,200
167,0.006934071,1.012524,2,24
168,0.0048848568,0.9784187,2,25,0.0039061555,1.0224838,2,60,0.0032183893,0.99783564,2,100
169,0.0054052225,0.95878375,2,20,0.0,0.93610483,3,43,0.0,1.0920844,3,63,0.0,1.0610516,3,84,0.01681594,0.9600628,3,104,0.0,1.0451463,2,124,0.02354168,0.83773094,2,162
170,0.007030492,0.95227623,2,29,0.0021398875,1.00506,2,61,0.008522973,1.0156307,2,83,0.029848624,0.8577822,3,103,0.0,0.91460973,2,124,0.008000224,0.86098677,0,147,0.0054791756,0.8250952,2,167,0.0,0.84378475,2,200
171,0.006619209,1.0021546,2,20,0.00933586,0.992767,2,43,0.013973737,0.96303093,2,63,0.0122067155,1.002515,2,83,0.009143807,0.9714265,2,104,0.0005629029,0.99595135,2,124,0.0164539,0.9668164,2,145,0.00073077437,0.9744924,2,166,0.008334509,0.98924166,2,200
172,0.013549877,0.97586524,2,20,0.0,0.9608526,2,40,0.0,0.98837954,2,61,0.0064145937,0.9545123,2,81,0.0,0.9193027,0,106,0.0,0.9227858,2,128,0.0,0.9185836,2,154,0.020135986,0.9715214,2,174,0.03942351,0.95876586,2,200
173,0.006205596,1.0107013,2,20
174,0.009969068,0.9760135,2,20,0.015611987,0.99439687,3,41,0.021680975,0.8919606,2,61,0.0072694793,0.87177247,2,81,0.014737375,0.92896634,3,101,0.0146959275,0.92242396,2,121,0.036920715,0.8958448,2,159
175,0.00031892248,1.0361534,2,25
176,0.019687433,0.9413546,2,23,0.0,0.98382497,2,44,0.006030099,1.0084146,2,72,0.005315682,0.98450637,2,97
177,0.0045101135,1.0067728,2,31
178,0.012466207,0.9346935,2,22,0.0053861607,1.0535262,0,42,0.0014322122,0.9996087,2,73
179,0.0,1.001503,2,32,0.0037872521,0.9886734,2,63,0.021188047,0.9875642,2,84,0.004075114,0.9916277,2,108,0.00026516174,1.0162079,2,129,0.0055171684,0.9742579,2,150,0.0,0.9910862,2,170,0.0014999579,0.9710091,2,200
180,0.015786806,0.9710039,2,20,0.006513312,0.96829027,2,47,0.009876517,0.9641113,2,85,0.0048852204,1.0231103,2,105,0.0021362475,0.9954253,2,126,0.0,1.0159208,2,146,0.0024181197,0.9744704,2,172,0.003445436,1.0571684,2,200
181,0.0016578973,0.9937833,2,20,0.010065154,1.0085559,2,44,0.001127818,1.0215608,2,86
182,0.0025751449,0.99285233,2,21,0.0026217839,0.998856,2,44
183,0.00015014662,0.9955665,2,20,0.0,0.9518379,2,41,0.0,0.9147875,2,61,0.0,0.73317385,2,84,0.0,0.68983907,2,105,0.0,0.67352504,2,125,0.0,0.2895822,1,145,0.010742338,0.558397,0,165,0.015325859,0.55561733,1,200
184,0.006973557,0.9585072,2,20,0.008055863,0.9974627,2,42,0.0,0.941556,2,74,0.00811395,0.9634362,2,102,0.0047787377,0.9724332,2,122,0.0033546437,0.9861848,2,142,0.007958469,0.92122585,2,166,0.008285608,1.0013422,2,200
185,0.012597956,0.99340236,2,20,0.0024421578,1.0116903,2,45,0.0044057304,1.01862,2,65,0.0,0.99604267,2,87,0.004274555,0.98977506,2,107,0.001067392,0.9733984,2,127,0.0,0.9650254,2,147,0.0,0.92782086,2,168,0.0029775177,1.0028105,2,200
186,0.008029004,0.8121938,3,38
187,0.030074768,0.92338973,2,31
188,0.0060307104,0.96958333,2,23,0.009603505,1.016659,2,43,0.010682836,1.0622809,2,63,0.00855601,1.0397936,2,83,0.010599113,1.012532,2,103,0.011694972,1.0639256,2,123,4.3970977e-05,1.0077124,2,146,0.0,1.0448844,0,166,0.0038143909,1.0552758,2,200
189,0.007012228,0.7940765,2,20,0.04133948,0.7848576,2,40,0.037855446,0.76303464,3,60,0.0,0.77635825,0,80,0.002406214,0.59820193,2,100,0.0,0.6496985,3,121,0.0,0.9738833,2,141,0.01082402,0.58487207,0,166,0.064369105,0.30775702,0,200
190,0.002091816,0.9612021,2,31
191,0.0,1.0192595,2,20,0.011788167,0.96374667,2,49
192,0.006056039,1.0073127,2,29
193,0.0045751333,0.99749434,2,20,0.0023842468,0.99620277,2,40,0.004513337,1.0133212,2,62,0.0,1.0182735,2,92,0.0040743914,0.98873335,2,120,0.00564698,1.0286369,2,140,0.010329434,0.9877459,2,166,0.018503875,0.9906162,2,200
194,0.019965362,1.0182145,2,20,0.0035085888,1.0066988,2,40,0.0093532875,1.0350252,2,61
195,0.00021636738,0.9874357,2,23,6.4947235e-05,0.88344365,2,48,0.010331918,0.93969196,2,70,0.0032935895,0.92517674,2,90,0.0065302714,0.97486115,2,110,0.0057421615,0.9944953,2,130,0.0032245952,0.9749772,2,150,0.006577526,0.9287971,2,170,0.017181452,0.9829697,2,200
196,0.0058814157,0.8896166,0,26,0.0,0.8789193,2,46,0.013522078,1.0112989,3,66,0.0,0.9528038,2,86,0.007670997,0.7563946,1,106,0.019688375,0.88340485,2,131
197,0.004708633,1.001175,2,26,0.0,0.99873626,2,46,0.00080671965,1.0232121,2,66,0.027853062,1.0023872,2,86,0.000819,1.0261824,2,107,0.014734009,1.0114459,2,129,0.013252628,0.98193944,2,149,0.0,0.9779762,2,172,0.0024982826,1.0416434,2,200
198,0.002346885,0.98933077,2,20,0.017762102,1.0243806,2,41,0.001154092,1.0238177,2,72
199,0.0032684775,1.0413672,2,21,0.00730288,1.0226976,2,43
200,0.005348411,1.0263612,2,36
201,0.0,0.98373574,2,26,0.016274732,0.9572747,2,48,0.0062761884,0.9219347,2,71,0.001562911,0.9845796,2,93,0.0026158798,0.9264363,2,119,0.014204071,0.83774996,2,140,0.010132372,0.82267886,0,160,0.0,0.90884,2,180,0.015876973,0.8991434,2,200
202,0.0,1.019537,2,23,0.011176361,1.0203693,2,59,0.0,1.0513732,2,84,0.0,1.0267948,2,106,0.013257314,1.0103695,2,130,0.0070748217,1.0558425,2,150,0.0055308603,1.0296677,2,170,0.0026446427,0.98692113,2,200
203,0.0,1.0163544,2,20,0.0032041327,0.96676385,2,40
204,0.003580193,0.9769811,2,29,0.013833145,0.92665184,2,49,0.0,0.98326874,2,69,0.0,1.0626525,2,91,0.010059655,1.0119414,2,126,0.0064586243,0.9600168,2,154
205,0.006280979,0.9716705,2,21,0.0015213905,0.9995393,2,42,0.019344732,0.9971741,2,66,0.0030941651,0.9669187,2,97,0.005431173,0.99248934,2,118,0.0,0.95829237,2,141,0.0054714447,0.9144769,2,164,0.007068422,0.977268,2,200
206,0.0,0.9819869,2,20,0.0011023093,0.9821757,2,40,0.0033099302,0.94013613,2,60,0.007818332,1.0064065,2,80,0.027142059,0.98252726,2,103,0.018796299,1.0066411,2,123,0.023059519,0.9986217,2,144,0.024630953,0.98724747,2,164,0.020635232,0.94949543,2,200
207,0.005276851,0.9780311,2,23,0.0,0.9397262,2,43,0.0010834364,0.998854,2,69,0.004680497,1.0313318,2,89,0.009302349,1.0217624,2,111,0.011183236,1.0435779,2,136,0.0,1.0953655,2,159,0.0036268136,1.060742,2,200
208,0.003961631,1.0308036,2,26,0.010315978,0.99255157,2,52,0.011084208,1.0125394,2,72,0.0,1.0138285,2,98,0.011964265,1.0067275,2,118,0.0010159836,1.0156851,2,145,0.0019150969,1.0009655,2,168,0.008628602,1.0137684,2,200
209,0.0,1.0106056,2,20,0.0020945724,1.019588,2,40,0.0038343917,0.9570505,2,68,0.013816055,0.9874489,2,91,0.034123708,1.0634974,2,111,0.019108128,0.94374055,2,137,0.013096841,0.9869567,2,158,0.0,0.79657567,0,178,0.0,0.90241426,2,200
210,0.0,1.0382712,2,21,0.023304084,0.909124,2,42,0.034312658,0.906624,2,67,0.017381782,0.92160547,2,87,0.010342736,0.9495803,2,119,0.039765112,0.96872413,0,139,0.02178405,0.9349585,2,164,0.015209873,0.93939346,2,200
211,0.0018013442,0.9813163,2,21,0.009637954,0.99712086,2,49,0.00033382233,0.9871845,2,69,0.0018041021,0.93155897,2,92,0.0,0.90217125,2,115,0.0,0.79575026,2,135,0.053117447,0.9565445,2,155,0.026089013,0.7831012,3,175,0.03220816,0.53749174,0,200
212,0.005474313,0.9450356,2,37
213,0.005522116,0.9871882,2,20,0.02685838,0.9881413,2,41,0.0010503576,0.95393145,2,61,0.0008815078,0.9852668,2,84,0.027973756,0.9213583,2,115
214,0.0017279309,1.0373304,2,28
215,0.0027874305,0.98572105,2,22,0.006893881,0.9707663,2,46,0.010548104,0.95828915,2,66,0.011372542,1.0082166,2,93
216,0.0027443473,0.99116,2,22,0.034393255,0.9681707,2,44,0.004096162,1.0164307,2,79,0.0,1.0115155,2,99,0.005324067,1.0424044,3,119,0.012334637,0.9995106,2,148,0.0,0.85788643,2,169,0.003878386,0.88154805,2,200
217,0.010674191,1.0156099,2,22,0.012213108,1.0153373,2,46,0.012073864,1.0205232,2,66,0.027749246,0.98737115,2,90,0.0055147535,0.9929708,2,110,0.0026581932,1.0157956,2,130,0.0061970614,1.0160663,2,151,0.011135188,1.0288332,2,171,0.0037128024,1.0205061,2,200
218,0.0075909295,0.6808609,2,20,0.0,0.85824555,2,40,0.0,0.9630593,0,60,0.0,1.0604334,0,80,0.0,0.8183158,2,100,0.014988385,0.6328518,0,135
219,0.008136734,1.0020632,2,22,0.00865856,1.004956,2,42,0.010976512,0.97554064,2,73,0.0040458334,1.0114498,2,94,0.01595425,0.9808278,2,119,0.015525964,0.97468287,2,141,0.0,1.0416441,2,161,0.009851619,0.98269117,2,200
220,0.0,1.0192516,2,22,0.004304526,1.0072685,2,45,0.0,0.945142,2,75
221,0.006202986,1.0101062,2,23,0.0056966576,0.9902,2,68
222,0.0008139376,0.9563517,2,22,0.0,0.94735956,2,43,0.010965182,0.835768,2,69
223,0.012434556,0.9308722,2,26
224,0.0,0.94746923,2,21,0.0026280493,0.9742349,2,41,0.002541349,1.0032982,2,61,0.0,0.8834352,2,82,0.00938598,0.84264994,2,102,0.014466308,0.9913252,2,122,0.0,0.69793254,2,143,0.027786534,0.65071476,0,166,0.041844394,0.7317827,2,200
225,0.0,0.8426911,2,20,0.0,0.9329024,2,43,0.0,0.8366351,0,63,0.0,0.8499841,0,87,0.011981802,0.48144275,2,107,0.050100982,0.6522261,2,127,0.24415548,0.4526557,2,147,0.13083191,0.4146596,0,167,0.0833913,0.26995516,0,200
226,0.008111547,0.97556293,2,27,0.01165827,0.9823565,2,52,0.0,1.0197282,2,80,0.005270782,1.0278827,2,100,0.0067997086,0.98141503,2,122,0.0,1.0227586,2,147,0.0023101547,1.056782,2,167,0.0,0.92551965,2,200
227,0.019155923,0.96259385,2,20,0.0,0.90146226,2,44,0.0,0.9849861,2,64,1.912227e-06,0.8675469,2,85,0.0,0.9110466,2,105,0.019134331,0.83581316,2,125,0.0,0.9874428,3,145,0.014742176,0.99026155,2,166,0.0011973521,0.91172934,2,200
228,0.0,0.9908756,2,20,0.003467206,1.0119855,2,40,0.0001240473,1.0156255,2,71,0.0023542226,0.99553126,2,101,0.011314258,0.97197616,2,121,0.008990991,0.9906648,2,141,0.0,0.9971299,2,161,0.013859904,1.0279961,2,200
229,0.008217808,0.8439815,0,21,0.04495809,0.86375463,0,41,0.019974437,0.9387057,2,70
230,0.0031493956,1.0235974,2,25,0.009943728,0.98235893,2,45,0.030034939,0.9654585,2,65,0.01788341,0.98806465,2,85,0.0124442885,0.9524782,2,110,0.0069023333,1.0200952,2,130,0.039044417,0.9687773,2,150,0.02677394,0.9659627,2,170,0.0,1.0372097,2,200
231,0.0,0.9269849,2,21
232,0.008137827,0.94943655,2,20,0.012192918,0.9790441,2,40,0.0059207687,0.9722368,2,60,0.0030931532,0.97846967,2,84,0.017578013,0.9213173,2,106,0.021522453,0.9384996,2,127,0.0049819667,0.96360505,2,150,0.028348636,0.9344967,2,170,0.02050916,0.92368525,2,200
233,0.0045398474,1.0064272,2,20,0.008308296,0.9742128,2,44,0.015891513,1.0068451,2,68,0.004485776,0.9867793,2,95,0.0,0.991638,2,116,0.009029036,0.9669297,2,137,0.0047811037,0.98067373,2,159,0.010099625,0.94052994,3,180,0.006398067,1.03279,2,200
234,0.0,1.0067881,2,20,0.028502438,0.9087197,2,41,0.0054603815,0.9697687,2,62,0.013700042,0.96746296,2,84,0.014461651,0.9760159,2,104,0.010687429,1.0084347,2,126,0.0,0.9753597,2,147,0.008956495,0.9852529,2,168,0.014012555,0.9889564,2,200
235,0.0040382706,0.97531927,2,23,0.0037818311,0.9736708,2,46,0.012096095,0.9279752,2,66,0.0,0.84028083,2,86,0.0,0.7948801,2,108,0.017309645,0.83735657,0,130,0.0,0.46054167,1,151,0.0,0.6448455,1,171,0.008832233,0.6334764,2,200
236,0.0088632265,0.961982,2,44,0.0017909269,0.993361,2,65,0.013082808,0.9719717,2,85,0.010047824,0.9698323,2,108,0.015192983,0.91012114,2,128,0.018931672,0.91632074,2,155,0.0054366477,0.9505492,3,176,0.0025302044,0.9333275,2,200
237,0.0062169638,0.97989535,2,22,0.0029881366,0.94225365,2,43,0.01874322,0.9394464,2,64,0.0039682616,0.9895529,2,85,0.0,0.99025124,2,106,0.0106546655,0.9820765,2,126,0.002088874,0.9914915,2,146,0.01301757,1.0043247,2,166,0.005490906,0.9716156,2,200
238,0.0003664438,0.9700205,2,37
239,0.0023159967,1.0434502,2,20,0.0054931287,1.0335535,2,41,0.004233227,0.95824975,2,61,0.0014012277,1.0193393,2,84,0.008213319,0.96052706,2,104,0.006249901,0.97495204,2,127,0.008627201,0.91585815,2,148,0.019776808,0.9405882,3,169,0.0023892724,0.8410747,3,200
240,0.0004048113,0.997825,2,20,0.0,0.9706408,2,43,0.012403765,0.9465996,2,74,0.004249599,0.9533575,2,95,0.008183707,1.0080972,2,117,0.07174382,0.8540196,2,143,0.028336683,0.95152867,2,163,0.0,0.94080114,2,200
241,0.0058943154,0.9636133,2,22,0.0,0.9830968,2,57,0.0,0.99993795,2,78,0.005417178,0.9763647,2,106
242,0.02010365,0.9497477,2,20,0.025872413,1.0028056,3,40,0.0017690137,0.98560905,2,82
243,0.00712864,0.9479393,2,20,0.0031679317,0.9829229,2,40,0.009787528,1.0065533,2,60,0.0059089577,1.0094392,2,80,0.011101859,1.0393238,2,101,0.006190331,0.969475,2,121
244,0.0023198226,1.0074327,2,20,0.025108423,0.9337268,2,45,0.011566376,1.038771,2,65,0.0,0.97823477,2,85,0.0017412829,0.89237106,2,105,0.028878773,0.95144,2,125,0.026597131,0.9484316,2,145,0.0014304011,0.80108404,2,166,0.0034561574,0.7045084,2,200
245,0.0032792178,1.0097839,2,24,0.010881397,1.0050844,2,55,0.00018755122,1.0093642,2,75,0.019887932,0.97195506,3,96,0.008938259,1.0160612,2,116,0.01237716,1.0120679,2,147,0.0,1.0429114,2,170,0.0023427722,0.9630253,2,200
246,0.004460838,0.9809671,2,27
247,0.0045353235,0.95038676,2,24,0.03603844,0.87063867,2,44,0.0,0.7556399,2,64,0.014033694,0.44897872,3,102
248,0.01423757,0.9968068,2,20,0.0070153796,1.0038042,2,48
249,0.008671631,1.000674,2,28
250,2.603561e-05,1.0095285,2,21
251,0.01936776,0.93919784,2,20,0.02323279,0.9953009,2,45,0.011949984,0.9328751,2,74,0.020717686,0.960386,2,110,0.007037119,0.9247393,2,131,0.024114326,0.93502903,2,167
252,0.0029364203,0.9641305,2,30,0.010031669,0.8298972,2,50,0.0,0.86929834,0,70,0.001148906,0.8247125,2,95,0.023614611,0.68006283,0,115,0.0,0.4697678,2,135,0.0,0.56169206,0,156,0.0,0.6179839,2,177,0.035056707,0.55951643,2,200
253,0.0023143587,1.0103469,2,32,0.007965406,0.9607298,2,54,0.013067715,0.9850876,2,74,0.010471602,0.9843973,2,107,0.004510682,0.9179795,2,139
254,0.01706217,1.0100578,2,25,0.010887687,0.9806031,2,46,0.0,1.0082915,2,66,0.0,1.0529052,3,88,0.0099552255,0.9881924,3,108,0.007404898,0.96337837,2,129,0.0045172377,0.9744334,2,149,0.007907014,0.9229937,2,175,0.018536508,0.95253754,2,200
255,0.007194303,1.0187862,2,20,0.0,1.0305736,2,40,0.0047812676,0.9779846,2,60,0.0012240814,1.0143496,2,105,0.0009830067,0.9716719,2,129,0.010921257,0.9941458,2,150,0.0,0.9859992,3,171,0.0024804755,0.9805978,2,200
256,0.0,0.82728195,2,21,0.0,0.6451204,2,41,0.0,0.79797363,2,61,0.0023366907,0.58498144,0,81,0.0,0.72107416,2,101,0.0,0.41375387,1,133,0.0,0.2686573,1,158,0.0,0.2726753,2,186
257,0.010702544,0.9811846,2,20,0.009433156,0.97598773,2,40,0.020401198,0.99105185,2,73,0.008862558,0.98283494,2,93,0.0032835621,0.9774378,2,114,0.0053548324,0.9265416,2,144,0.012604843,0.91140246,2,179,0.017685961,0.9260923,2,200
258,0.013484816,0.98244905,2,21,0.024238557,0.94184417,2,41,0.012680469,0.8932681,2,62,0.041207254,0.90478057,2,84,0.01730117,0.88571054,2,109
259,0.011651029,1.0207827,2,30,0.003309356,0.9912995,2,50,0.00933711,1.0099611,2,71,0.0082401745,0.9909169,2,103,0.01637789,0.98646027,2,133,0.016220616,1.0247788,2,153,0.012488484,1.0338931,2,173,0.009748177,0.9690473,2,200
260,0.0029030228,1.0154326,2,23,0.0042496407,0.96482706,2,44,0.0,0.8673854,2,83
261,0.004272838,0.97557914,2,23,0.024139402,0.93820226,2,43,0.0,0.9682278,3,65,0.018755749,0.93751544,2,86,0.016882455,0.92035425,2,108,0.011840796,0.9011477,2,128,0.0049183504,0.94224864,2,148,0.00847281,0.953782,2,182
262,0.0034967982,0.9978868,2,20,0.024153942,0.99753803,2,42,0.04851825,0.98830813,2,64,0.004465303,0.96883225,2,88,0.0094755115,1.0217648,2,108,0.005390106,0.9781733,2,131,0.0063898675,1.0134062,2,158,0.021100607,0.98000073,2,200
263,0.037388682,0.97414035,2,21,0.0,1.0379074,2,41,0.0010267283,1.0149815,2,61,0.00029678864,1.0079218,2,87,0.002152181,1.0444156,2,108,0.0033504474,1.0065153,2,129,0.009991539,0.98849297,3,149,0.0,1.0154682,2,170,0.008026765,1.00015,2,200
264,0.004537546,1.056084,2,48,0.0,1.000015,2,68,0.0015599731,1.0219297,2,88,0.020420909,1.0167674,2,110,0.006442978,1.0026762,2,142,0.019792277,1.0114596,2,171,0.013568196,1.0142716,2,200
265,0.006390377,0.99531716,2,20,0.005479173,1.019267,2,65,0.0,0.9936222,2,85,0.005935531,0.99940693,2,106,7.435972e-07,1.0188822,2,157,0.012916395,0.9760784,3,177,0.0022185252,0.93280894,2,200
266,0.0,0.9961902,2,26,0.014599392,1.0251226,2,46,0.004433283,1.0071442,2,66,0.012467212,0.9636574,2,86,0.010485838,1.0047402,2,113,0.011399569,1.0784695,2,133,0.03251991,1.017768,2,155,0.015367957,1.0431795,2,200
267,0.0043072673,0.99541974,2,21,0.009968487,0.99692106,2,46,0.0,1.0456822,2,66,0.010637058,1.046213,2,87,0.0,1.020402,2,115,0.0030506477,1.0110577,2,137,0.0039409525,1.010854,2,157,0.009356108,0.9860081,2,200
268,0.0,0.907606,3,21,0.0,0.8371024,2,42,0.0,0.64085203,2,64,0.0,0.57710844,0,88,0.0041569956,0.81564534,0,125
269,0.0,0.86524564,3,21,0.0,0.9410944,2,41,0.012349111,0.60352206,0,78
270,0.014779891,1.0105782,2,20,0.018911975,0.876142,0,43,0.003766789,0.9326038,2,66,0.013008088,0.88193333,2,87,0.017913114,0.8225199,2,107
271,0.0028902693,1.025326,2,20,0.005996936,0.9957669,2,45
272,0.004214573,0.9980839,2,23,0.010623136,1.0205989,2,50,0.01791225,1.0037308,2,70,0.01436125,0.9838665,2,100,0.0018517899,1.0264058,2,121,0.002526119,0.9764048,2,141,0.00019330205,1.0373967,2,161,0.011246414,1.0339916,2,200
273,0.01243509,0.95057964,2,20,0.0320232,0.96267855,2,40,0.001781478,0.93268603,2,68,0.020979892,0.89324176,2,88,0.020543216,0.91582745,2,111,0.027551938,0.97954,2,131,0.043804813,0.8916359,2,151,0.017031014,0.9337362,2,173,0.024467722,0.86726874,2,200
274,0.051729184,0.7588865,2,20,0.0,0.8581232,2,40,0.0,1.0641664,2,64,0.0,0.8031949,1,84,0.0,0.55630964,0,105,0.015382569,0.17574793,0,126
275,0.023017038,0.96547353,2,23,0.017103508,0.97572833,2,43,0.0026158728,0.98498046,2,63,0.0054748715,0.9995592,2,92,0.0,0.9224659,2,112,0.0032731553,1.028847,2,133,0.007172195,1.0773096,2,154,0.0,0.98136216,2,178,0.019960009,0.9496033,2,200
276,0.009882031,1.0299906,2,21,0.0042653345,1.0304586,2,41,0.0099213505,0.98462313,2,65,0.0023282182,0.9398014,2,93,0.004080053,0.9721422,2,123,0.000872867,0.9920568,3,146,0.005937918,1.0790508,2,166,0.00022957858,1.0238351,2,200
277,0.010115514,0.920848,2,20,0.0052758283,0.97353685,0,40,0.0,0.8953301,2,61,0.0,0.8536037,2,81,0.0030124446,0.89419574,2,101,0.0,0.91345215,2,121,0.006527046,0.9120722,2,141,0.0,0.9929688,0,162,0.004582806,0.8870612,2,200
278,0.017438421,0.9845149,2,34
279,0.0063677905,0.99501985,2,23,0.0038894669,1.0254947,2,43,0.0013162518,1.058613,2,63,0.024727345,0.98789346,2,86,0.042470388,0.99597776,2,114,0.008605412,1.0540416,2,141
280,2.8966926e-05,0.9727909,2,20,0.00010012137,0.98115283,2,44,0.016809564,0.94890404,2,64,0.0022157857,0.97781336,2,89,0.0,1.0627525,3,109,0.0,1.1007487,0,129,0.0017632023,1.0819641,2,152,0.0019759738,1.0101336,0,174,0.00094927073,1.0521268,2,200
281,0.008687577,0.9900327,2,20,0.009122696,1.0436839,2,56,0.002471008,1.0513449,2,76,0.008582298,0.9800424,2,102,0.00012226518,1.0359762,2,123,0.011137333,1.0147742,2,146,0.01140506,0.9919174,2,167,0.0014294477,0.95340174,2,200
282,0.009652499,0.99202013,2,24,0.020650785,1.0030144,2,46,0.016532369,0.96813893,2,67,0.008309337,1.0086892,2,90,0.011383056,0.9687169,2,110,0.007772494,1.0410581,2,130,0.014151675,1.0203984,2,150,0.008016524,1.0223888,2,173,0.0,0.9490063,2,200
283,0.008551471,0.97139144,2,36,0.0066655106,0.90364355,2,62,0.015189533,0.94060117,2,82,0.013994562,0.9224332,2,102,0.006709036,0.9844187,2,125,0.028227216,0.92293406,2,146,0.0054388284,0.8944913,2,166,0.0102943815,0.9370836,2,200
284,0.009648359,0.992427,2,20,0.0012574784,1.0117747,2,41,0.012962798,0.94728744,0,61,0.0,0.93124896,2,81,0.0064833537,1.0077188,2,101,0.0075127794,0.9546301,2,121,0.016291875,0.9325274,2,141,0.021443607,0.95868796,2,161,0.009047267,0.9237413,2,200
285,0.0010200046,0.95451105,2,20,0.012297852,0.776186,2,41,0.031174714,0.9296549,2,61,0.0005327602,0.6923694,2,83,0.001454043,0.72215843,2,103,0.0,0.74397194,2,123,0.0021422445,0.685287,2,152,0.012126365,0.7383147,2,179,0.008404414,0.7676412,2,200
