0,0.0059955167,0.9750269,2,20,0.008280708,1.0155004,2,44,0.0016096855,0.94194734,2,64,0.015033088,0.9127504,2,85,0.011215852,0.94457686,3,105,0.03565135,0.90729797,3,125,0.027141482,0.8640057,3,145,0.0029508683,0.9402,2,165,0.023867035,0.8656645,2,200
1,0.0069295047,0.96706337,2,30,0.0024338083,1.0351269,2,50,0.0019229546,1.0179751,2,70,0.002614229,0.98941666,2,104,0.0030748933,0.9735414,2,124,0.010882205,0.9842068,2,146,0.0064104553,1.0094135,2,200
2,0.0022238428,0.9805462,2,30
3,0.0,0.849479,2,20,0.0,0.7380434,2,40,0.013906851,0.6621059,2,60,0.05323435,0.7853164,2,82,0.0,0.6241031,1,102,0.0,0.42657715,1,122,0.0,0.46827635,1,142,0.06048605,0.4567298,1,166
4,0.001275944,0.9929798,2,24,0.012590969,1.0162964,2,47,0.01828066,0.9814379,2,69,0.0,1.0069818,2,89,0.0053413366,1.0264624,2,109,0.0,0.98329866,2,129,0.00938586,0.9863078,2,150,0.0046592057,1.0366608,2,170,0.013782724,1.0017899,2,200
5,0.0048250933,1.0013028,2,30,0.00013706871,1.0159838,2,50,0.0048144585,0.9121019,2,70,0.011044764,0.9013256,0,90,0.0,0.7576632,2,110,0.04128059,0.925294,3,131,0.038993914,0.877929,2,152,0.009429815,0.89564055,2,174,0.028063837,0.9361629,2,200
6,0.006366378,1.0069476,2,24,0.0066257482,1.0044217,2,53,0.0,1.0174963,2,73,0.006548004,1.039811,2,112,0.0,1.0165504,2,134,0.008016733,0.9981979,2,154,0.0013802624,0.98823833,2,180,0.0051457407,0.99156064,2,200
7,0.0018830652,1.020544,2,29,0.0038201786,1.0246421,2,49,0.028732229,0.98061675,2,69,0.0,0.99599373,2,89,0.008989461,0.95422184,2,116,0.00770136,1.023086,2,140,0.004152539,0.9882305,2,163,0.0038016548,0.95939016,2,200
8,0.0063010366,0.99339014,2,37,0.005040597,0.9915255,2,57,0.016496142,0.98610437,2,77,0.00035891664,0.9692013,2,98,0.0029134394,1.0025178,2,118,0.0,0.9468401,2,140,0.0,0.8186723,0,160,0.0,0.8364998,2,180,0.0,0.67993724,0,200
9,0.0068448633,0.94293463,2,25,0.021689657,1.0073678,2,46,0.0042485064,0.9607609,2,66,0.011022787,0.9257934,2,88,0.024161382,0.94879717,2,110,0.019796725,0.9564835,2,130,0.026399601,0.9673753,2,150,0.021898407,0.9540595,2,170,0.00091615145,0.94546723,2,200
10,0.0050292686,1.0158625,2,36
11,0.0,0.9857122,2,21,0.0061344453,0.955589,2,49,0.02207366,0.93333197,2,69,0.006679488,0.8550798,2,90,0.0116669275,0.91471624,0,110,0.0013178417,0.67681426,0,130,0.031560984,0.51783115,2,152,0.009257009,0.57908237,2,172,0.079663895,0.48477343,2,200
12,0.021298371,1.0034261,2,22,0.0005857408,1.003614,2,42,0.0044502737,0.9616132,2,65,0.0035797555,0.97382146,3,85,0.0067537697,0.99567497,2,106,0.009504825,1.0156752,2,128
13,0.0005504537,1.0318706,2,24,0.0040393034,1.0134072,2,54
14,0.0,0.9965315,2,28,0.0029654389,0.9965336,2,48,0.003326119,1.0242387,2,73,0.0039026532,1.0493985,2,94,0.0020600727,1.0319647,2,122,0.018749356,1.0250103,2,142,0.016602766,1.0048095,2,164,0.016280582,1.0198584,2,200
15,0.0051190434,1.0023142,2,40
16,0.004878394,0.95811343,2,33,0.004833241,1.0309808,2,53,0.021056458,0.9822386,2,74,0.0030291588,0.99605465,2,94,0.0,1.0084833,2,114,0.00030675158,0.9558906,2,139,0.003644559,0.9819099,2,159,0.0,0.9787137,2,179,0.0,0.99002177,2,200
17,0.0173016,0.97491634,2,20,0.0117627615,0.99964213,2,41,0.0031306879,1.0263112,2,61,0.009826215,1.0245448,2,82,0.009244467,0.9683627,2,102,0.0066563273,0.97014153,2,122,0.022430798,0.95465183,2,142,0.014759937,0.89556307,2,165,0.011913186,1.0110046,2,200
18,0.00245408,1.0135888,2,22,0.004382863,1.0258925,2,61,0.0,1.0226843,2,81,0.0010728358,1.0610485,2,101,0.0003412225,0.9666577,2,124,0.007901447,0.9765731,2,149,0.0036827703,0.97579736,2,177,0.02204175,0.9485768,2,200
19,0.010669001,0.98372424,2,20,0.016791211,0.9487396,2,46,0.001595663,0.938602,2,67,0.023986157,0.97858584,2,87,0.004440282,0.96585757,2,108,0.007921726,0.99467206,2,134,0.024997715,0.857065,2,155,0.031089256,0.8638137,2,176,0.02403897,0.92536396,2,200
20,0.0,0.9892318,2,24,0.01984326,0.96899253,2,44,0.0012312247,0.9784675,2,67,0.0038887085,1.0077246,2,88,0.0,0.99094886,2,110,0.00016937059,0.9945278,2,131,0.0018592069,1.0053356,2,151,0.0012564218,0.980771,2,172,0.0065836734,0.9489514,2,200
21,0.0,0.97408557,2,24,0.0018817965,1.0225116,2,47,0.003692871,0.9998575,2,68,0.0,0.9820475,2,89,0.016681576,1.0102112,2,109,0.002427813,1.0375384,0,130,0.006934158,0.97515684,2,156,0.010835367,0.98983204,2,176,0.0072336216,0.9534912,2,200
22,0.0,1.0375715,2,23,0.0054860213,1.0633603,2,46,0.0018069459,1.0241442,2,67,0.0061921333,0.96339643,2,90,0.0042951163,1.0171814,2,114,0.0042122584,0.8808026,2,137,0.027405733,0.93329084,2,157,0.01749337,0.8946384,2,177,0.0,1.0024544,2,200
23,0.010402916,1.0116533,2,20,0.006331408,0.98464984,2,40,0.009496306,1.0534685,0,61,0.002291674,1.0441989,2,83,0.0,1.022184,3,103,0.015515184,0.9439719,2,128,0.008260129,0.9368087,2,148,0.0064677238,1.0023905,2,168,0.0035368046,1.0357021,2,200
24,0.010958947,0.9878776,2,21,0.0,0.965936,2,41,0.0,0.9940635,2,61,0.016414303,0.8932217,2,83,0.0,0.9445089,2,103,0.011069515,0.94713503,2,125,0.0034601206,0.90984964,2,146,0.010014658,0.93281835,2,171,0.002398374,0.9787333,2,200
25,0.017039208,1.0037681,3,26,0.0,0.9605826,3,46,0.012362915,0.86137646,2,70
26,0.016159473,1.0272145,2,20,0.0038780682,1.0163364,2,40,0.01905499,1.0049418,2,60,0.0,1.072083,2,82,0.002153858,1.0226597,2,104,0.001717645,1.0017841,2,124,0.0,1.0311393,2,144,0.0008232715,1.0789341,2,167,0.0,1.0460961,2,200
27,0.0,0.99855757,2,21,0.0074747875,1.0088788,2,49,0.011731515,0.98436713,2,71,0.010828672,1.0049522,2,97,0.00023948078,1.0452399,2,131,0.0,1.0677357,2,166,0.003252248,1.0377545,2,200
28,0.0,1.0248357,2,32
29,0.010091543,1.0060627,2,26,0.0068395473,1.0235193,2,54,0.0043295403,1.0349934,2,106,0.008044759,1.0369163,2,126,0.0,1.012439,2,146,0.016367454,1.0008492,2,166,0.00773773,1.0251741,2,200
30,0.03394701,0.9835101,2,21,0.0045081107,1.006489,2,46,0.014124418,1.0303111,2,66,0.011308437,0.978939,2,88,0.0,1.0279026,2,115,0.002612853,0.9681241,2,135,0.01883354,0.9749955,2,171,0.008153835,1.0019692,2,200
31,0.01818214,0.8623762,2,20,0.001730498,0.88709104,2,43,0.035687562,0.9098813,2,63,0.0,0.74615705,2,83,0.0,0.7274773,0,104,0.002465168,0.6526544,0,124,0.0,0.8505743,3,144,0.05072592,0.8315612,0,164,0.16581888,0.5702199,2,200
32,0.009674901,1.0047265,2,26,0.0022754082,1.0128961,2,56
33,0.0074316263,1.0242469,2,20,0.0,1.0070628,2,45
34,0.0023964136,1.0029898,2,25,0.0102115935,0.985524,2,49,0.0028348067,0.9619193,2,70,0.02177308,1.0017378,2,90,0.0069111814,0.97781444,2,114,0.03109549,0.92621833,2,134,0.0056245737,0.9293256,2,159,0.000898901,1.015838,2,179,0.0012992244,1.0210596,2,200
35,0.010884667,0.99401873,2,20,0.0052296794,0.9575702,2,45,0.015599604,0.9941503,2,65,0.0055280807,0.91533333,2,93
36,0.0,0.9530277,2,20,0.01313326,1.0097355,2,45,0.0,1.0540496,2,67,0.006489427,0.9303014,2,93,0.0047661187,0.9381059,2,113,0.0016501894,0.9436324,2,137,0.029364197,0.98254275,2,158,0.014124255,0.8939128,2,179,0.041177686,0.93844014,2,200
37,0.00090606156,1.0044736,2,21,0.0,0.9806315,2,41,0.004261366,1.0077015,2,61,0.0028205586,1.0528635,2,82,0.003919582,1.0139188,2,105,0.0,1.0954921,2,125,0.00061112264,1.0470606,0,149,0.00272844,1.0107554,2,172,0.00023323543,1.0294629,2,200
38,0.0065167667,0.89431226,2,21,0.028885424,0.97529745,2,41,0.009032324,0.836427,2,62,0.0024891861,0.9195595,2,93,0.02546142,0.7980658,2,113,0.053502183,0.89589196,2,133,0.007908831,0.97307986,0,157,0.01706368,0.90646493,2,200
39,0.0003882334,0.982079,2,23,0.011177182,0.9759861,2,45,0.0,1.0021219,2,65,0.020601654,0.95850515,2,85,0.018498171,0.9617386,2,105,0.0018093481,1.0268328,2,125,0.007222819,1.0154978,2,146,0.0084481565,1.0387695,2,166,0.005411018,1.0195578,2,200
40,0.0008538902,1.0040302,2,20,0.00036138398,0.96719193,2,42,0.0,0.9732429,2,67,0.0129150245,0.92908573,2,87,0.019487133,0.8872065,2,109,0.01110842,0.8513043,2,130,0.009349579,0.95505136,3,152,0.0,0.88381654,2,175,0.0014519409,0.845868,0,200
41,0.011573428,1.0030117,2,20,0.0,1.0000911,2,42,0.007141533,0.9868597,2,70,0.0067277797,0.98516256,2,98,0.019505315,0.9810046,2,118,0.004576873,0.9864451,2,138,0.0065366332,0.9733074,2,160,0.0066617667,1.0249976,0,180,0.01693471,0.99476993,2,200
42,0.02009993,1.0171571,2,22,0.0043183435,1.0144752,2,42,0.0033899327,0.9568865,2,63,0.0069417707,0.99950624,2,97,0.0041274754,1.0457404,2,118,0.006118682,1.002687,2,139,0.0,0.97696525,2,163,0.004170561,1.0201772,2,200
43,0.0,0.9916886,2,20,0.0,0.925467,2,40,0.0,0.9443793,2,60,0.0037101083,1.044517,2,80,0.009960574,0.9931412,2,103,0.010477711,0.9831689,2,124,0.0,0.9062645,2,144,0.0,0.9578815,2,175
44,0.0138407005,0.9663823,2,20,0.012594637,0.8821752,2,43,0.0,0.99437386,2,64,0.04869492,0.86657596,2,88,0.0074238023,0.9766711,3,108,0.07778442,0.7782069,2,128,0.0055771507,0.9014392,2,149,0.034237202,0.92345554,0,169,0.012056229,0.43468687,0,200
45,0.013232999,0.9546722,2,21,0.009495882,1.0003641,2,47,0.01897363,0.9837206,2,67,0.007855577,1.0163554,2,87,0.004441029,0.9338652,2,112,0.01185994,0.9481614,2,132,0.024749417,0.9727442,2,154,0.019172471,1.0227859,2,174,0.012594134,0.9723699,2,200
46,0.0058617494,1.045889,2,21,0.004772996,1.0044168,2,56
47,0.009249764,1.0098054,2,20,0.0136679625,1.018122,2,41,0.024418412,0.9760172,2,64,0.005812897,0.98878545,2,84,0.0008260378,0.99671185,2,104,0.006442954,0.98225397,2,127,0.001349078,0.98179424,2,148,0.0122554945,0.9857285,2,169,0.0073594186,0.9695649,2,196
48,0.01140319,0.92956465,2,20,0.018850058,0.89068186,0,41,0.0023199322,0.85773116,2,61,0.06512884,0.92471397,2,81,0.047356497,0.8993205,3,102,0.0,0.6916978,2,123,0.03191542,0.7608061,2,143,0.0,0.6571863,2,163,0.043535225,0.6241919,1,200
49,0.0,1.0273191,2,20,0.009871395,1.0097052,2,41,0.014211906,0.95265186,2,73,0.014206277,0.9514949,2,109,0.008706529,0.9463278,2,134,0.0072768177,0.97380894,2,157,0.005485992,0.93507445,2,177,0.008575631,0.921001,2,200
50,0.0061148587,0.95342255,2,20,0.0037013441,0.9602314,2,40,0.009268428,0.91429794,2,61,0.0023371114,0.913717,2,81,0.0023108749,0.9252836,2,101,0.0010361681,0.970585,2,122,0.011130182,0.86599606,2,142,0.03713091,0.8376163,2,162,0.014169459,0.8347923,2,200
51,0.013663757,0.92875326,2,20,0.037708845,0.8583856,2,46,0.059890974,0.77142906,2,66,0.08824064,0.7628764,2,86,0.016874617,0.63814604,2,110,0.09447573,0.7265678,2,130,0.07969742,0.5124318,2,150,0.045224793,0.5899225,0,170,0.11588917,0.47625694,2,200
52,0.0058099725,0.939866,2,23,0.018405132,0.9543785,2,46,0.0126104625,0.99965286,2,66,0.018546578,0.9988727,2,98
53,0.00795389,0.9233259,2,23,0.023971511,0.9805631,2,50,0.005843361,1.0102344,2,81
54,0.0059564654,1.0028152,2,29,0.0025888614,0.97906715,2,49,0.0,1.0253465,2,70,0.007970607,1.0367382,2,102,0.0049754577,1.0054185,2,122,0.0017315099,1.046074,2,142,0.00059833715,1.0812956,2,175,0.0069357916,1.0061046,2,200
55,0.010307266,1.0085241,2,25,0.009836048,0.99879456,2,45,0.025897374,1.0063127,2,72,0.01267609,0.9629649,2,92,0.0011895775,1.0525241,2,112,0.017306084,1.0028412,2,132,0.013975747,0.92200434,2,153,0.0,1.0165622,2,173,0.0,0.981657,2,200
56,0.014975636,1.0074608,2,22,0.0024380514,0.99023134,2,44,0.0035668395,0.9959051,2,66,0.0045384034,0.96407884,2,91,0.0,1.0294766,2,116,0.0,1.0236049,2,140,0.0073524853,0.9555158,3,161,0.008062118,0.98411274,2,200
57,0.00038141315,0.9299344,2,21,0.0075106937,0.79632145,2,44,0.012678502,0.8728816,0,64,0.0019489279,0.7818496,0,85,0.0027140907,0.90177554,0,105,0.02718083,0.9506316,3,126,0.03598617,1.0277144,3,147,0.093558736,0.859583,1,167,0.032977015,0.9203033,2,200
58,0.015076958,0.99260616,2,24,0.0067160795,0.9944355,2,49,0.0026091826,1.0100567,2,74,0.008644691,1.0472834,2,96,0.024798984,0.9814756,2,119,0.01680072,0.9544698,2,139,0.027012916,0.95761615,2,160,0.0090586,0.9315559,2,200
59,0.00544295,1.0344081,2,20,0.025578057,0.9649177,2,44,0.0033257436,0.9850202,2,65,0.018061552,0.9819722,2,85,0.00081479026,0.9801544,2,105,0.016878681,0.9673611,2,125,0.009639371,0.94351476,2,149,0.0014587599,0.9529116,2,171,0.017503025,1.006364,2,200
60,0.0036456608,0.9488252,2,20,0.018373923,1.0647247,2,45,0.0,1.018478,0,68,0.0,0.9401661,2,93,0.0034503439,0.8880458,2,113,0.0,0.9364059,2,138,0.011967865,0.9184235,2,162,0.007863105,0.9028256,2,200
61,0.01261046,0.9760187,2,22
62,0.0050244112,0.95184124,2,26,0.0006310063,0.98640597,3,47,0.007431177,0.94082606,2,75,0.024257055,0.90746176,2,95,0.025049312,0.8656772,3,116,0.003430609,0.924447,2,147,0.014126919,0.91755503,2,168,0.0034790598,0.76198274,2,200
63,0.0051658847,0.99464256,2,33,0.012033106,0.9972488,2,55,0.0050453707,0.95789504,2,86,0.0,0.94610375,2,110,0.012653413,0.96080846,2,130,0.007858685,0.9934998,2,152,0.0070407544,0.90196383,2,175,0.0049067275,0.6503906,0,200
64,0.023326693,0.9576211,2,20,0.0038312888,1.0187757,2,50,0.005259438,1.0203539,2,78,0.0032904842,0.9934856,2,103,0.0,0.99398035,2,130,0.0020368623,1.0251839,2,153,0.00762385,0.9854879,2,178,0.024549615,0.92530817,2,200
65,0.0012919457,1.0315629,2,23,0.003861156,1.0384953,2,47,0.0,1.0377799,2,67,0.006867425,1.0314686,2,87,0.023094682,1.0068948,2,114,0.01298178,1.0002303,2,147,0.0074429535,1.0247564,2,172,0.007852772,1.0115546,2,200
66,0.01126764,0.99759203,2,21,0.000352398,1.0180736,2,43,0.00030226607,1.055258,2,64,0.0,0.98529273,2,85,0.0,0.94122374,2,105,0.0077745477,1.0001233,2,126,0.0,1.0174071,2,150,0.0027669403,1.0017656,2,171,0.0047150855,1.0286093,2,200
67,0.0015530932,0.9997297,2,34,0.008735461,0.9770607,2,54,0.0,0.98009783,2,75,0.020688014,1.0021784,2,100,0.0,0.96801484,2,123,0.0021769686,0.9150735,2,143,0.0,0.9303333,2,168,0.0059225727,0.839315,2,200
68,0.019301184,0.79780626,2,21,0.0047591156,0.82606596,2,46,0.00896213,0.6255062,0,66,0.0,0.71746385,2,86,0.11398087,0.3578008,2,106,0.0,0.4154202,1,126,0.0,0.44187322,0,146,0.0,0.5276483,1,174,0.03890202,0.30633938,1,200
69,0.06578133,0.6875935,0,20,0.02186732,0.37133598,0,45,0.025519252,1.0469918,0,65,0.0,0.95854074,2,85,0.0,0.3960116,0,109,0.0,0.22052167,0,130,0.0,0.7219441,0,152,0.0,0.38969687,1,172,0.09370786,0.535776,2,200
70,0.009300671,1.0181813,2,31,0.0,1.031085,2,51,0.0,1.0213993,2,75,0.0,1.011536,2,104,0.0088864695,1.0485905,2,125,0.0063977134,1.0122716,2,157,0.0013516635,1.0004432,2,200
71,0.0067491746,0.98786145,2,20,0.000497959,1.0190673,2,40,0.004205071,1.0192643,2,60,0.0,1.0344379,0,80,0.0,1.0551608,2,100,0.002855553,1.01376,2,120,0.009158866,1.0428855,2,145,0.0041558933,0.9993579,2,166,0.0,0.92846626,2,200
72,0.008390705,0.9665559,2,26,0.0020412374,0.95487416,2,53,0.0,0.7479618,2,73,0.0,0.7873107,2,93,0.0,0.80824834,2,113,0.0,0.83486825,2,133,0.004310115,0.56567085,0,153,0.0,0.8006212,2,173,0.011354452,0.7037667,0,200
73,0.007991855,1.0122684,2,23,0.0061430843,0.98141676,2,47
74,0.018072648,0.9473763,2,31,0.0,1.0352284,2,55,0.0,0.98198915,2,81,0.020057797,0.9437494,2,114
75,0.0,0.9666705,2,20,0.0,0.9753964,2,42,0.0072646826,0.94628257,2,62,0.0036115411,0.8895607,2,93,0.009932531,0.96493196,2,113,0.016766805,0.81820744,2,133,0.006281063,0.8691913,2,153,0.010634655,0.8368384,2,173,0.0,0.5987012,0,200
76,0.0016658399,0.9686362,2,20,0.028773746,0.9346485,2,40,0.0006572154,0.9464635,2,68,0.046982806,0.8944406,2,89,0.034153614,0.9367484,2,110,0.00800934,0.9179802,2,131,0.0,0.93166953,2,152,0.019269768,0.9041094,3,177,0.012306204,0.87595665,2,200
77,0.009520939,0.98678744,2,20,0.0,1.0179497,2,42,0.0,0.95310146,0,62,0.0,0.99705905,2,87,0.0027536792,0.9879076,2,108,0.017789219,0.98889226,2,128,0.0,1.050102,2,148,0.030674595,0.93917835,2,168,0.0010696532,0.9798057,2,200
78,0.0028619408,1.0067289,2,22,0.0,1.013204,2,43,0.0,1.0261753,2,64,0.0,0.97453254,2,86,0.0039995457,1.0245861,2,110,0.0140731735,0.97645265,2,130,0.005681074,0.93258417,2,150,0.0038317821,1.0263113,2,170,0.009736165,1.0209678,2,200
79,0.002748896,1.0034385,2,21,0.0043509775,1.0230825,2,41,0.01035689,0.9488482,2,63,0.0,1.0185752,2,84,0.016573092,0.88724077,2,107,0.06901598,0.9167131,2,127,0.051698767,0.7372576,2,147,0.016598543,0.7774953,2,178,0.0,0.9076651,2,200
80,0.004253858,0.9905839,2,25,0.0054255454,0.9487221,2,54,0.00954467,0.99612653,2,76,0.009810808,0.98077166,2,96,0.0006183314,0.9936409,2,116,0.008749089,0.92232805,2,142,0.010914154,0.9808041,2,169,0.0117158815,0.9786411,2,200
81,0.009051515,1.0057025,2,29,0.015963238,0.97948563,2,49,0.026887929,0.97875845,2,71,0.0016299763,1.0223423,2,92,0.0042201797,1.0014411,2,120,0.01826578,1.0275459,2,140,0.0062159183,1.0217273,2,168,0.0041641654,0.99352884,2,200
82,0.0064478414,1.0590206,2,26
83,0.0063214386,0.9293562,2,40,0.023663456,0.8660077,2,63,0.029861495,0.6548647,0,87,0.0,0.7831169,0,110,0.0,0.9580253,2,130,0.027153458,0.826587,3,150,0.01564713,0.6262814,2,186
84,0.003841515,0.95332265,2,22,0.0,1.0389413,2,42,0.0009927134,1.0151671,2,66,0.0,1.0923389,0,86,0.00717526,1.0333544,2,107,0.0,0.9961435,0,128,0.0,0.99690104,2,149,0.012422442,1.0105761,2,174,0.004453274,1.046935,2,200
85,0.0017029677,1.0081508,2,20,0.00846457,1.0115064,2,69,0.0009990396,1.022379,2,90,0.0042350134,0.9960265,2,111,0.024840139,1.0089625,2,131,0.00063082826,1.0041007,2,151,0.0,1.0114946,2,173,0.0,1.0563163,2,200
86,0.006868396,0.9649963,2,28,0.0008578241,1.0157481,2,48,0.019206969,1.0147103,2,72,0.005848859,1.0384694,2,96,0.0,1.0561906,2,119,0.0073566358,1.0781422,2,144,0.01117827,1.01099,2,166,0.009860393,1.0175837,2,200
87,0.002004456,0.95002866,2,22,0.018293012,1.0149099,2,45,0.015438646,0.99475014,2,65,0.014257705,1.0067718,2,102,0.0,0.99605036,2,123,0.0,1.014185,0,146,0.0012303244,1.0300391,2,166,0.004579256,1.0306474,2,200
88,0.011430495,0.89127433,2,21,0.01683503,0.92386246,2,41,0.009714173,0.8352531,2,62,0.016869422,0.91044414,2,82,0.007551911,0.9935998,2,102,0.015624224,0.9224689,2,129,0.005012945,1.024181,2,151,0.012251107,0.98372424,2,200
89,0.0032718224,1.0063778,2,21,0.008187585,1.0144876,2,54,0.004365263,0.99312,2,74,0.003098322,1.0214561,2,99,0.012051137,1.0090215,2,120,0.005890268,1.0171587,2,140,0.0046877554,1.0309911,2,164
90,0.014330101,1.0212566,2,20,0.0,1.0345345,2,40,0.013648291,0.98152924,2,60,0.02108844,0.9976751,2,82,0.0068576136,0.9807766,2,106,0.0018548848,1.0002599,2,131,0.010372261,1.03335,2,151,0.0037413195,1.0141402,2,173,0.00514654,1.0002505,2,200
91,0.0001990824,1.0202538,2,20,0.008480382,1.0033934,2,40,0.0023804375,1.0002074,2,66,0.01020537,1.0164069,2,86,0.003079437,0.9930714,2,109,0.0053528436,0.99183404,2,129,0.006569857,1.0143859,2,171,0.0016117904,0.98478556,2,200
92,0.00067771063,0.97084534,2,25,0.0059414,0.9855534,2,45,0.003697848,0.9381418,2,65,0.0121335555,1.0089,2,88,0.0,0.9625346,2,108,0.0,0.8964141,3,128,0.0,0.9010825,2,148,0.01324856,0.90033054,0,168,0.0,0.8204783,2,200
93,0.0075296992,0.9321232,2,21,0.0,0.9092659,2,41,0.010153937,0.94126904,2,62,0.022564875,0.82181895,3,82,0.0,0.7234107,2,102,0.027926253,0.56518674,2,124
94,0.0015991417,0.9892309,2,23
95,0.017825892,0.96061116,2,20,0.0039511505,0.97430134,2,42,0.01748136,1.003631,2,62,0.003179263,0.9889725,2,84,0.0,1.0183159,2,105,0.015738647,0.94461375,2,128,0.009326429,0.90617937,2,150,0.0018166016,0.918395,2,171,0.019467589,0.7922206,2,200
96,0.0024441897,0.9774779,2,30,0.016633235,1.0044382,2,51,0.010078003,0.99602646,2,72,0.014531207,0.97062504,2,101,0.0067333565,0.96278447,2,121,0.0068571074,1.0260459,3,143,0.0014182108,0.945474,2,163,0.003985616,0.9977588,2,200
97,0.016478391,0.891797,2,22,0.036162656,0.75616616,2,42,0.0,0.9283321,0,63,0.0,1.0281197,0,85,0.0022995102,1.1377249,0,109,0.0,0.9556989,2,130,0.06514305,0.60452896,0,150,0.009489212,0.35262895,2,174,0.06925012,0.33445936,2,200
98,0.006449343,1.0180304,2,20,0.0064349375,0.98134834,2,46,0.014346602,1.0393559,2,66,0.015331002,1.0027685,2,86,0.009134342,0.9901434,2,114,0.004700376,1.0674926,2,136,0.0021435048,1.0200852,2,159,0.0009301054,1.0223241,2,200
99,0.0,0.93410563,2,21,0.0,0.8047879,2,42,0.006158737,0.75636417,0,62,0.0,0.8462213,2,82,0.0,0.87861943,2,103,0.0,1.014005,0,123,0.0,0.8571027,3,143,0.048126597,0.79263216,2,163,0.023755193,0.8901143,2,197
100,0.0053036483,0.88374406,2,28,0.008019101,0.8896834,3,48,0.0,0.94844764,3,70,0.018679615,0.9582955,3,90,0.005569853,0.8860964,2,112,0.048616312,0.86733365,2,134,0.0037386252,0.8058947,0,157,0.03680487,0.84669435,2,179,0.046884753,0.8371835,2,200
101,0.0021788431,0.9177598,2,23,0.05363078,0.85891086,2,43,0.007993343,0.80291086,2,66,0.0029241159,0.8524879,2,87,0.0,0.46566027,0,108,0.0063789017,0.47435325,2,128,0.027760614,0.40114102,0,148,0.0,0.4229386,2,168,0.014447564,0.4581849,1,200
102,0.018158067,0.93651354,3,20,0.00951785,1.0261165,2,44,0.0035461702,0.9893063,2,64,0.0049577802,0.9875231,2,84,0.0,1.0270125,2,108,0.008784848,0.97680867,2,129,0.0,1.0553772,2,169,0.0,0.97203803,2,200
103,0.00092170155,1.0217618,2,21
104,0.003289222,1.0263213,2,23,0.008241353,0.99588525,2,49,0.0128133185,0.9973333,2,81,0.017032642,0.98438966,2,101,0.006951806,0.9417743,2,131,0.001221419,0.9803111,2,151,0.010306618,0.9881731,2,171,0.0052847317,0.9463239,2,200
105,0.0011403345,1.0056224,2,22,0.012521145,1.0088084,2,43,0.008637169,1.0469853,2,66,0.0033910626,1.0051764,2,88,0.013683284,1.0138776,2,108,0.0040608486,1.0089079,2,128,0.0,0.99509907,2,148,0.00483275,1.0072036,2,175,0.0034337526,1.0024407,2,200
106,0.0,0.8209404,2,21,0.010093106,0.83418965,2,42,0.0,0.8500533,2,62,0.0,0.7720887,2,83,0.008628302,0.5638853,2,103,0.015703972,0.8223678,0,134
107,0.0021291028,1.0231516,2,20,0.0032193586,1.0454586,2,46
108,0.0,1.0048039,2,20,0.011035627,0.93204325,2,43,0.0026064808,0.9347278,2,64,0.010816954,1.0018866,2,93,0.00464001,0.9260952,2,113,0.0060843723,0.9782192,2,133,0.018583324,0.94851303,2,153,0.0013964684,0.9740025,2,175,0.0,0.98749405,2,200
109,0.0042422526,1.0358349,2,39
110,0.008343753,0.98595417,2,21,0.0024942313,1.0031123,2,41,0.0,0.9002031,2,61,0.03398632,0.9818839,2,81,0.005480915,0.9695545,2,104,0.037406716,0.9005148,2,125,0.0,0.9925066,2,145,0.0,0.762028,2,167,0.01862851,0.94322383,2,200
111,0.01702233,0.8675601,2,20,0.0,0.7444366,3,40,0.0,0.501057,1,64,0.0,0.6016408,1,85,0.0,1.0301942,2,105,0.022059444,0.7691156,2,125,0.021183025,0.773054,2,145,0.0,0.846057,0,166,0.037494194,0.5672998,0,200
112,0.007447801,1.0513558,2,21,0.0005714062,0.9779008,2,41,0.0027588254,1.0205791,2,61,0.006384424,0.99683565,2,86,0.0,0.9900378,2,106,0.0074028927,1.0493324,2,128,0.0,1.0043212,2,149,0.011982078,1.0244614,0,169,0.011236758,1.0225129,2,200
113,0.003975446,0.96965945,2,21,0.000693695,1.0368352,2,45,0.0007333825,1.0297748,2,67,0.0021085266,0.97822714,2,91,0.0010715027,0.9234153,2,114,0.0026023209,0.98898935,2,139,0.004908394,0.9825835,2,159,0.0038456537,0.9611789,2,179,0.0018462187,0.94804883,2,200
114,0.0012935484,0.9923604,2,39
115,0.003681341,0.98454404,2,24
116,0.0016797082,1.0343719,2,23,0.007215484,1.0231079,2,43,0.008481356,0.99369514,2,63,0.0019658431,0.96984553,2,84,0.022929452,0.93240863,2,105,0.0062331054,0.89617825,2,127,0.06484879,0.8671668,0,147,0.0,0.9806966,2,168,0.006822911,0.9151237,2,200
117,0.0,0.98719186,2,21,0.008581235,1.0577867,2,73,0.0004654391,1.0286,2,94,0.0,1.0809942,2,133,0.015571982,0.9878891,2,155,0.0035685666,0.9807747,2,175,0.0048029874,0.92705226,2,200
118,0.00012784194,1.0235723,2,21,0.0034924578,1.0038604,2,75,0.0069312644,1.0101937,2,97,0.0075576548,1.0169545,2,119,0.0047885114,0.9848976,2,139,0.0019766293,0.99781954,2,174,0.009495216,0.99392456,2,200
119,0.0042587314,0.9591266,2,33,0.018772967,0.9380456,2,65,0.011592393,0.8820027,0,85,0.0,0.9098113,2,105,0.003323154,0.75456977,2,128,0.0,0.76095504,2,156
120,0.0,0.846447,2,22,0.010341015,0.82811755,2,59
121,0.0020269605,1.0007154,2,27,0.0074608894,0.94628304,2,47,0.0016414899,0.9548345,2,71,0.008045967,0.9888126,2,98,0.0,0.96013844,2,118,0.0014307898,0.98982316,2,140,0.0013533459,0.96194005,2,165,0.043010417,0.858496,2,200
122,0.022561029,0.9713099,2,29
123,0.0021348929,1.0145861,2,25,0.0025017993,1.0235415,2,78,0.0034267474,0.9998779,2,109,0.00557398,1.0239568,2,168,0.0,1.042098,2,200
124,0.0023298506,0.98015916,2,23,0.007691742,1.0214732,3,44,0.009191894,1.0172989,2,70,0.0,0.96228135,2,99,0.0016152196,0.9495766,2,126,0.0012736066,0.9246812,2,150,0.0052795857,0.9734905,2,174,0.011208634,0.9510111,2,200
125,0.0,0.9141642,2,20,0.015362175,0.93478894,2,41,0.0,0.8312649,2,64,0.0,0.64526856,2,85,0.008320813,0.5471474,0,108,0.005872199,0.49937218,2,128,0.008326452,0.42155033,0,148,0.0,0.28108388,0,168,0.09018246,0.42655984,2,200
126,0.0021707234,0.9454718,2,21,0.0034672834,0.8912069,2,41,0.0,1.0013604,2,64,0.01211942,0.9546455,2,85,0.006272899,0.89270604,2,114
127,0.008520074,0.9880872,2,34
128,0.005028237,1.0073229,2,21,0.0022609914,0.9424981,2,41,6.572132e-05,0.9404119,2,63,0.002031967,0.9766598,2,83,0.0077601997,1.01607,2,104,0.00018135803,1.0477043,3,124,0.024961783,1.0330727,2,144,0.0,1.0600893,2,164,0.008762952,0.98335713,2,200
129,0.0,1.0253023,2,23,0.0,1.0065937,2,44,0.0,0.9798932,2,65,0.0021686726,1.0636699,2,85,0.002410843,0.93713534,2,107,0.007241269,0.9972149,2,128,0.00353005,0.9888412,2,156,0.0,0.959193,2,178,0.0050295666,0.94028777,2,200
130,0.0052378736,0.9557723,2,21,0.00537333,1.0163566,2,42,0.00326265,1.0219684,2,64,0.043003384,1.0188152,2,85,0.00011264657,1.0196294,2,109,0.0,0.8763395,2,130,0.0011753519,0.8982591,2,153
131,0.0036910318,1.0311142,2,25,0.0041075386,1.0427631,2,45
132,0.0,1.0311658,2,26,0.0,1.0748549,2,49,0.006628,1.0457335,2,70,0.01180753,1.0390445,2,99,0.010174258,0.94175595,2,120,0.005327333,1.0237613,2,154,0.013551937,1.0236846,2,200
133,0.00048855075,1.027247,2,42,0.010160831,0.985332,2,63,0.032181237,0.9437169,2,83,0.01869816,0.9178145,2,105,0.001206555,0.96164715,0,126,0.012451209,0.96841174,2,146,0.0395009,0.9393524,2,166,0.0093133105,0.9337138,2,200
134,0.005834371,1.0484699,2,23,0.003323558,0.9971504,2,43,0.0029088694,0.91116214,2,70,0.028443178,0.97802335,2,90,0.017496482,0.9311967,2,111,0.021436676,0.973657,2,131,0.011056095,0.9889963,2,153,0.007834744,0.9728081,2,179,0.022750696,1.0173434,2,200
135,0.0048314594,0.99220884,2,20,0.009405313,0.95729816,2,41,0.0066672694,0.9468992,2,68,0.03828041,0.9822391,2,88,0.010479642,1.0292908,2,109,0.0,0.9084592,2,129,0.001999666,0.94888747,2,149,0.012385346,0.8992292,2,169,0.012614402,0.89900255,2,200
136,0.0008161509,0.9499117,2,20,4.3279237e-05,1.002214,2,42,0.0028553884,1.0274346,2,66,0.0038820293,1.0040575,2,87,0.0,1.0476228,2,107,0.0059114713,0.9751097,2,139,0.02061395,1.0110834,2,159,0.0,0.96390706,2,184
137,0.0012125713,1.0296856,2,49
138,0.02417447,1.0251127,2,20,0.0004206649,1.0629144,2,40,0.006552827,1.0192531,2,71
139,0.0,1.013073,2,25
140,0.00024655063,0.96817344,2,22,0.00708478,0.9808629,2,51,0.008507216,0.9929183,2,71,0.0045933262,0.9921793,2,91,0.011976575,0.96375066,2,112,0.0,1.0094844,2,132,0.0114185205,0.97142017,2,152,0.014238828,0.9327493,2,176,0.0044522374,0.9631335,2,200
141,0.00227567,1.0281236,2,38
142,0.010659109,0.9809337,2,22,0.008893679,0.9922311,2,43,0.0019617889,0.966159,2,63,0.0,1.0375592,2,89,0.02116152,0.991933,2,112,0.01103815,1.0272262,2,132,0.006430943,1.0123097,2,153,0.0032248495,0.96445143,2,200
143,0.0,0.9695853,2,20,0.016885744,0.98656785,2,42,0.035147447,0.9904191,2,62,0.018010072,1.0432956,2,83,0.0,1.0339683,2,103,0.0,1.1059847,2,124,0.007397479,0.98102176,2,144,0.0,0.9457036,0,164,0.021879215,0.8255617,2,200
144,0.0070664706,1.0268923,2,42,0.007639146,1.0193933,2,62,0.005479635,1.0170864,2,99,0.0019865998,1.0174938,2,130,0.0009876298,0.9900192,2,158,0.0015943048,0.9667117,2,179,0.0,1.0162535,2,200
145,0.0,1.0548698,2,22,0.00014746189,1.072285,2,44,0.006693669,1.0285546,2,69
146,0.0,1.0323062,2,20
147,0.0042044083,0.99836624,2,21,0.00788969,0.9897208,2,42,0.0031983377,1.0134957,2,64,0.0028835477,1.0219275,2,99
148,0.0059760096,0.9963079,2,22,0.0045840163,1.0220159,2,42,0.0060814917,1.0225949,2,62,0.005107646,0.9581457,2,83,0.00033453235,0.9813617,2,125,0.00077785517,0.97587174,2,145,0.0,0.9620476,0,165,0.00078475045,0.99236745,2,200
149,0.0043324404,0.97165936,2,21,0.008116771,1.0198203,2,47,0.01199,1.003237,2,73,0.009390294,0.96987104,2,93,0.018351594,0.9989924,2,114,0.00092914014,0.96776927,2,134,0.01750583,0.9864131,2,154,0.0038296306,0.93918955,2,174,0.011596253,1.0020032,2,200
150,0.0051850523,0.9906246,2,22,0.0048867236,1.0244873,2,45,0.008295149,0.9992445,2,65,0.0048145107,0.90876603,2,88,0.044149503,0.92982095,2,110,0.007169726,0.9475316,2,131,0.0,0.9840954,2,156,0.012043068,0.94066906,2,176,0.0,0.99700695,2,200
151,0.0054601547,0.94241244,2,21,0.0,0.9677866,2,41,0.00184633,0.9222972,3,62,0.0062075485,0.974805,2,88,0.05311369,0.88916326,2,109,0.0025957155,0.95689166,2,131,0.0,1.054591,2,152,0.0,0.82697695,2,173,0.0,0.8684223,2,200
152,0.003566937,1.0059937,2,22,0.0061880765,1.0137882,2,55,0.012047752,1.0092459,2,78,0.0004995593,1.0293438,2,99,0.0057643442,1.0317943,2,122,0.017840121,1.0194836,2,142,0.007196332,1.0159444,2,162,0.00929123,1.0217803,2,200
153,0.012487443,1.0153571,2,20,0.0,1.0653111,2,45,0.0010605544,1.0467718,2,65,0.0024070316,1.0189749,2,85,0.007141486,1.0205184,2,114,0.0014942482,0.97375613,2,135,0.011738493,0.9825405,2,165,0.0017128424,0.9933418,2,200
154,0.0072630695,1.0093913,2,24,0.03013202,1.0076051,2,46,0.03472472,0.96534,2,75,0.025976727,0.9873012,2,95,0.007005879,1.0757551,2,115,0.0,0.97479725,2,135,0.013306744,0.98369277,2,155,0.002835458,0.9285639,2,175,0.046772305,0.91472316,2,200
155,0.0006359557,1.0098367,2,23,0.008235673,0.96584696,2,66
156,0.003463524,1.0117667,2,25,0.0030288042,1.019505,2,47,0.004086024,1.0036333,2,75
157,0.012028276,0.9957871,2,33,0.0027419017,1.0218787,2,53,0.0,1.0059667,2,73,0.00603408,0.9957676,2,97,0.011850213,0.97161067,2,117,0.0068035196,0.99661463,2,138,0.033385083,0.9846277,2,160,0.005406741,1.0018528,2,180,0.019996395,0.97964495,2,200
158,0.0,0.9888055,2,21,0.0068076467,0.9346915,0,42,0.0015134767,0.90502965,2,62,0.0050930935,0.96363693,2,83,0.02014347,0.86403835,2,103,0.012477937,0.90010446,2,125,0.003709004,0.860897,0,148,0.00037879293,0.87550676,2,170,0.0047989124,0.7971888,2,200
159,0.0005499568,1.0124422,2,21,0.00656223,1.0132332,2,58,0.0116767725,1.0231351,2,78,0.0,1.0104368,2,103,0.0024174277,0.9969632,2,124,0.010634458,0.9643643,2,151,0.0073567424,1.0229943,2,200
160,0.0,1.0125476,2,25,0.01669848,0.9860546,2,45,0.0028164894,1.0319829,2,74,0.014831131,1.0221341,2,95,0.013055878,1.0210481,2,115,0.013101686,0.9834894,2,137,0.020755049,1.0221694,2,168,0.0018011185,1.0290772,2,200
161,0.0067923577,0.972334,2,20,0.0075816424,0.9659138,2,40,0.0028339934,0.9049419,2,75,0.01564466,0.9825629,3,101,0.016165946,0.8123871,2,121,0.030105155,0.83489716,1,141,0.053353127,0.8405232,2,163,0.039681878,0.9275261,3,200
162,0.003477134,0.9985458,2,25,0.0014218865,1.0244513,2,46,0.010153868,0.99680316,2,74
163,0.0034334115,0.95671046,2,25,0.009511271,0.9889816,2,55,0.0020255735,0.99781275,2,75,0.033487342,0.9336043,2,96
164,0.0,1.0025615,2,23,0.0,1.0084914,2,43,0.013059402,1.0069621,2,63,0.0038087515,0.9643665,2,87,0.00085610134,1.0260375,2,107,0.0030930322,1.0234308,0,130,0.0024565402,1.0851401,2,157,0.011288277,1.0752369,2,178,0.0,1.0533191,2,200
165,0.004590641,1.0067394,2,20,0.0017362304,0.9801871,2,61
166,0.0036278076,1.0288062,2,22,0.005343093,1.0038979,2,42,0.01098434,1.0265768,2,62,0.014127354,1.0297155,2,85,0.0050907866,1.0072731,2,105,0.023081388,0.97349644,2,125,0.011283124,0.9791179,2,145,0.022778375,0.98206663,2,165,0.007273858,0.9789771,2,200
167,0.007255064,0.9691339,2,21,0.007815136,0.97993636,2,44,0.0012174563,0.95515436,2,67,0.019218933,0.9562233,2,90,0.011654505,0.9481477,2,118,0.008471907,0.9976725,2,140,0.04048732,0.9544612,2,160,0.023864271,0.9374975,2,180,0.019056525,0.97944605,2,200
168,0.0078198705,0.9979497,2,21,0.016364507,0.9891896,2,52,0.0,0.94313145,2,72,0.0,0.95524234,2,92,0.018761953,0.970091,2,112,0.007144947,0.94639975,2,138,0.002992267,0.9433631,2,168,0.0014498136,1.0509912,2,200
169,0.006816123,0.98455745,2,21,0.010551301,0.95276314,2,46,0.0,0.98859835,2,67,0.0,1.0214705,2,87,0.007289212,0.9751481,2,107,0.0,0.9800474,2,127,0.013259043,0.9484603,2,161,0.002559819,0.9806194,2,200
170,0.0025483938,1.0038753,2,27,0.006485413,1.0180914,2,47,0.0023738293,1.047038,3,69
171,0.0,1.0295832,2,20,0.008379147,0.98318195,2,50,0.002786421,0.9985571,2,70,0.010343866,0.9756008,2,93,0.0005680227,0.98823947,2,134,0.010247981,1.0193521,2,162,0.013908368,0.94175005,2,200
172,0.0,1.0074213,2,21,0.004744182,1.0185097,2,42,0.01436569,0.9408671,2,78,0.007830145,0.94463736,2,105,0.0128957825,0.7983106,2,129,0.0,0.61873543,0,150,0.0003784934,0.5631686,0,173,0.0,0.6507958,2,200
173,0.0033251562,0.99758023,2,20,0.039954394,0.989295,2,40,0.022234287,0.9698356,2,76
174,0.013119517,0.9631178,2,21,0.0016027123,1.0722611,2,41,0.0011198972,1.1051508,2,65
175,0.0,1.0337474,2,25,0.005742424,1.0154969,2,45,0.001707831,1.0061144,2,79,0.0048984345,0.97227126,2,100,0.0013209372,0.94739723,2,120,0.014680369,0.98157704,2,140,0.07318359,0.85869455,2,163,0.007097064,0.88032883,2,200
176,0.0005892298,0.99006456,2,23,0.0051989495,0.9968602,2,43,0.007548093,0.9456746,2,64,0.011419451,1.0108982,2,86,0.0,1.0385919,3,106,0.0005311625,1.0126467,3,126,0.018856518,0.97376835,2,146,0.067014724,0.949642,2,166,0.012457943,0.9553134,2,200
177,0.007592843,0.9902086,2,26,0.0,1.0243663,2,49,0.0084018335,1.0187364,2,70,0.007119138,1.054508,2,97,0.0,0.99218273,2,133,0.0,0.85245687,2,158,0.0,0.95263493,2,200
178,0.0034835865,0.8908764,2,32,0.008566174,0.7147497,2,53,0.00081407186,0.7351304,2,73,0.0,0.81276965,2,94,0.0,0.45729366,2,114,0.003549826,0.6660869,2,134,0.0,0.19765042,2,154,0.0,0.35333043,1,174,0.021171022,0.26487586,1,200
179,0.0031640443,0.98411435,2,20,0.0058211805,0.9516054,2,54,0.017903456,0.93168485,2,74,0.00093630626,1.0135556,2,94,0.007008159,1.0395411,2,125,0.023244176,0.97895026,2,148,0.0,1.0087178,2,168,0.0021912106,1.025486,2,200
180,0.0027324806,0.9762978,2,38
181,0.0024464317,1.0157084,2,36,0.0019341776,0.9818099,2,72
182,0.016965652,0.9883353,2,20,0.00706662,0.95870066,2,44,0.0041784104,0.9398115,2,69,0.003034339,0.88334364,2,91,0.023185268,0.907234,2,111,0.018859496,0.68606174,2,131,0.0,0.62911975,1,151,0.0003149521,0.74284005,2,172,0.0,0.63442695,0,200
183,0.0115240645,0.976013,2,20,0.010916741,1.011167,2,40,0.011757397,0.9714902,2,83,0.013413537,0.9204469,2,104,0.024943486,1.0089236,2,125,0.015733864,0.95269,2,145,0.0,0.8152024,0,166,0.023015836,0.80793023,0,200
184,0.00026023792,0.95495564,2,29
185,0.0054323603,0.99925077,2,37
186,0.003577346,1.0217049,2,21,0.00063862384,1.0031116,2,41,0.0,1.0311944,2,61,0.0,1.0300019,2,81,0.0,0.94197065,3,101,0.001396284,0.996525,2,124
187,0.0048493687,0.99780244,2,20,0.00782113,0.93224704,2,40,0.016617194,0.9868228,2,71
188,0.0045027835,0.98128355,2,20,0.016583033,1.0090969,2,46,0.00311095,1.0168575,2,67,0.0046204994,0.98274595,2,88,0.008487373,1.0159,2,125,0.0035897049,0.9941696,2,147,0.008899303,0.93415123,2,168,0.05789449,0.9407392,0,200
189,0.01633902,1.0001692,2,20,0.002599122,1.0264941,2,64,0.0024081243,1.0336848,2,86,0.04409339,0.93361986,2,108,0.005894494,0.99631524,2,131,0.0041224128,1.0401535,2,151,0.0033186083,0.95759326,2,177,0.0,0.8402915,3,200
190,0.0,0.67008954,2,20,0.0,0.5681087,2,40,0.0,0.5469068,0,60,0.0,0.858875,0,80,0.0,0.96357054,0,101,0.0,0.8592985,0,121,0.0,0.23824936,0,143,0.09429111,0.12512591,0,163,0.24691616,0.05158745,2,194
191,0.0,1.0101099,2,20,0.0,1.0051757,2,47,0.010675786,0.9894246,2,68,0.0,0.97458684,2,88,0.016890818,0.96092397,2,109,0.0055941013,0.9521033,2,129,0.0084036905,1.0208149,2,149,0.008374265,0.96836644,2,169,0.005046145,0.99677044,2,200
192,0.010864401,1.0193607,2,20,0.0,0.97049505,2,40,0.0005949317,0.950675,2,76
193,0.0006039419,1.0001869,2,26,0.016385507,0.96020764,2,46,0.008101671,0.97973615,2,67,0.029868042,0.9297781,2,91,0.009154241,0.9736918,2,112,0.0008319701,0.9714297,2,138,0.016744876,1.0151403,2,159,0.050599866,0.96340144,2,200
194,0.0422887,0.93144625,2,20,0.006113826,0.9396164,0,40,0.029424472,0.9618047,2,79
195,0.006209023,1.018986,2,23,0.0,1.0510607,2,45,0.0042153723,1.0164641,2,65,0.002827385,1.0331125,2,85,0.009151204,1.0000807,2,126,0.0012041545,1.0288383,2,155,0.004542409,1.0412215,2,200
196,0.0003885676,0.93143594,2,22,0.009399495,0.9056175,2,47,0.0,0.91706276,2,67,0.0023468756,0.78446853,2,87,0.0,0.83086276,2,108,0.0,0.54833996,2,129,0.01818647,0.37925497,3,149,0.0,0.43619195,3,169,0.0010688748,0.5338617,2,200
197,0.006132956,1.0085533,2,21,0.020424826,1.0295935,2,42,0.018727085,1.0364094,2,62,0.012828363,1.0153117,2,82,0.0025704536,1.0109116,2,106,0.0040489226,1.0054221,2,127,0.008975294,0.97202235,2,147,0.0038102951,0.9682102,2,167,0.013078651,0.9748022,2,200
198,0.017319504,0.9971463,2,20,0.04367212,0.9941729,2,45,0.014912846,0.92330664,2,65,0.0025978195,0.9305719,2,85,0.0,0.9949236,2,107,0.017010763,0.84830844,2,127,0.0,1.1106535,3,149,0.0030713407,0.645273,3,170,0.031985104,0.9004581,2,200
199,0.030880636,0.9581742,2,20,0.0033274314,0.98364234,3,42,0.00095266785,0.94896334,3,62,0.044167206,0.79354167,2,87
200,0.0052403505,0.98342496,2,30,0.0014595371,0.9499139,2,62,0.0014200888,0.9705421,2,82,0.009329822,1.0075577,2,102,0.014354375,0.98592985,2,131,0.0,0.9577384,2,156,0.0021371902,1.0026474,2,176,0.0040141065,0.9763786,2,200
201,0.0014668296,1.0013306,2,20,0.011475148,0.9746714,2,53
202,0.0037841147,1.0074835,2,24
203,0.0,1.0232316,2,29
204,0.0018507459,0.9242368,2,21,0.00548874,0.976109,2,41,0.006940198,1.0609813,2,64
205,0.008580152,0.9759034,2,29
206,0.006547587,0.96042424,2,31,0.11045326,0.9039629,2,51,0.0050965073,0.9046663,2,71,0.0010229569,0.8631078,3,91,0.028694103,0.9341286,2,115,0.0,0.8435653,2,135,0.0,0.8552725,2,155,0.0,0.7673882,2,175,0.0011026752,0.7024757,2,200
207,0.01636789,0.9486034,2,27,0.017188003,0.9740106,2,47,0.0,0.9706438,2,68,0.0,0.8912673,2,88,0.006685329,0.9115755,2,121,0.00849538,0.9217862,2,144,0.018510172,0.72490203,2,164,0.0,0.6615966,2,189
208,0.00023575961,1.039464,2,21,0.0,1.0144706,2,41,0.008885453,1.029509,2,62,0.0063994853,1.0138457,2,83,0.0225311,0.98171073,2,103,0.005470966,0.98205256,2,125,0.0,1.000711,2,155,0.00095387275,1.020939,2,200
209,0.017620998,0.9954222,2,20,0.005504045,1.0167441,2,57
210,0.0032278306,1.0153013,2,42,0.00010186267,1.0344799,2,80,0.010873043,1.0469233,2,108,0.0,1.0644948,2,129,0.011381855,1.0169015,2,149,0.024839494,1.0643753,2,169,0.0045119096,1.0461892,2,200
211,0.0,0.9978922,2,20,0.015712468,0.9902805,2,42,0.0,0.9636274,2,64,0.0,0.9847966,2,91,0.0,0.9310262,2,113,0.0,0.94933474,2,134,0.0034989729,1.0122639,2,154,0.008933218,0.97482806,2,200
212,0.0023091896,0.90996754,2,32,0.0030984133,0.64601916,2,55,0.010231192,0.6342815,2,81,0.0,0.58420795,2,102,0.08723269,0.48756376,2,122,0.15852527,0.56891745,2,161
213,0.001041288,1.0096698,2,22,0.007999504,1.0201957,2,42,0.012890894,1.056235,2,64,0.010027153,1.0123969,2,85,0.002367336,0.9957228,2,107,0.0,1.0223718,2,133,0.014981233,1.0186981,2,157,0.008544023,0.9919219,0,178,0.015410358,1.0001649,2,200
214,0.0061558234,0.99146235,2,20,0.001388717,0.9807616,2,44,0.0063512847,0.91183823,2,64,0.002713041,0.966729,2,84,0.008478229,0.9508916,2,104,0.009573056,0.95912457,2,124,0.02609243,0.95634663,2,144,0.013126579,0.94134927,2,167,0.009422517,0.9208491,2,200
215,0.0,1.0254632,2,27
216,0.0,1.0279069,2,24,0.0,1.0015361,2,44,0.00045181668,0.99628204,2,71,0.036676634,0.9838733,2,93,0.050106008,0.9663324,2,116,0.053859156,0.9002186,2,137,0.030864388,0.9493164,2,169,0.033744983,0.9710179,2,200
217,0.0037068673,1.0257313,2,26
218,0.0006551146,1.0225022,2,20,0.0,0.91738874,2,40,0.0035747834,0.9813576,2,60,0.020324446,0.9909077,2,82,0.011091859,0.84421724,2,123,0.022190033,0.92717254,2,146,0.010252206,0.88130236,2,166,0.055432837,0.6650036,2,200
219,0.038833458,0.9946105,2,21,0.027048364,0.9167185,2,45,0.0,1.0549803,2,66,0.0,0.9196621,2,89,0.0,0.89012164,0,109,0.0068010185,0.9404782,2,130,0.0,0.8458859,2,150,0.06478298,0.6004226,2,186
220,0.0076056225,0.9851746,2,23,0.003995587,1.0248117,2,43,0.0,1.0462385,2,63,0.0035781353,0.9858934,2,85,0.0036887324,0.9911804,2,111,0.05181119,0.9759592,2,131,0.020101652,0.97125006,2,151,0.011910179,0.9588023,2,173,0.0037577536,0.97769773,2,200
221,0.00909405,0.97170866,2,20,0.04368498,0.949623,2,40,0.02469679,0.9356505,2,69
222,0.0068548233,1.0475826,2,20,0.010321921,1.011431,2,65
223,0.0054738903,0.9850651,2,20,0.0032833575,0.97817105,2,48,0.008534721,0.9692552,2,70,0.0007600794,0.96861225,2,93,0.0020921305,0.9963936,2,121,0.0,0.9436277,2,141,0.0014165888,0.9484006,2,162,0.012924259,0.95441294,0,200
224,0.0,1.0273598,2,22,0.005964446,0.93794477,2,42,0.01136714,1.009074,2,62,0.00034711487,1.0285366,2,85,0.0,1.0015506,2,110,0.00020669325,0.9884174,2,132,0.00071128074,0.96093667,2,152,0.014427798,0.86169213,2,172,0.0026657258,0.79481983,2,200
225,0.0074643074,1.0063183,2,20,0.0,1.0357366,2,42,0.0060225856,1.0040746,2,62,0.0018865147,1.051402,2,83,0.0,1.0165083,2,103,0.013628823,1.0490214,2,123,0.003027449,0.9968422,2,143,0.014986024,0.9804918,2,165,0.009198933,0.9888019,2,200
226,0.041814175,0.7965597,0,20,0.0,0.8210111,0,41,0.0,0.9031237,2,62,0.0,0.953019,0,82,0.0,0.81154925,0,103,0.0,0.62999773,0,123,0.0,0.3571485,0,145,0.052455567,0.49748644,0,168,0.0006282997,0.9227749,2,189
227,0.0,1.0280293,2,22,0.006850532,1.0254344,2,42,0.0502279,0.96797514,2,62,0.037157007,0.92840654,2,82,0.025991404,0.9672645,2,102,0.029223165,0.9186262,2,122,0.012978414,0.90213174,2,142,0.0,0.97645223,2,163,0.03456326,0.9333596,2,200
228,0.000517678,0.94404733,2,20,0.0056291064,1.0045102,2,46,0.0040061595,1.0035751,2,92,0.022258867,0.9873219,2,117,0.010423882,0.93001413,2,138,0.021298667,0.94740903,2,200
229,0.0,0.987238,2,27
230,0.008263306,1.0248786,2,26
231,0.001976089,0.92241794,2,21,0.033993214,0.9274325,2,48,0.004245852,0.9324603,2,68,0.002404924,0.9040562,2,88,0.010185644,0.95564264,2,116
232,0.0027077491,1.0289643,2,28
233,0.0,1.0524973,2,20
234,0.015895352,1.0173696,2,21,0.017009102,0.968955,2,42
235,0.0020105506,0.9436466,2,20,0.01587746,0.8817641,2,40,0.0013817492,0.9427991,2,74,0.029217258,0.94077593,0,95,0.0,0.96349126,2,116,0.010048469,0.9886476,2,155
236,0.013006922,1.026046,2,26
237,0.03658075,0.97637653,2,20,0.03257184,0.9327205,2,40,0.0062280633,0.9856571,2,61,0.001162154,0.8760727,2,81,0.0050636875,0.98426896,2,101,0.011263871,0.96155626,2,124
238,0.006327598,1.0151492,2,25
239,0.049084056,0.939453,2,21,0.18752615,0.77653825,2,41,0.0,0.5734391,2,61,0.012020759,0.5123664,2,81,0.0,0.4458819,2,101,0.0,0.5876438,0,121,0.05704889,0.61098665,2,157,0.049034487,0.6180708,2,177,0.07298523,0.7070294,2,200
240,0.022729892,0.95146817,2,20,0.0036666375,0.9315351,3,48,0.0,0.9767724,3,68,0.026014268,0.9590525,2,92,0.008311395,0.90851283,2,113,0.0015711877,1.1464529,3,133,0.0,0.82319176,2,154,0.014019099,0.6659471,1,174,0.021301655,0.6802258,2,200
241,0.0,0.9569438,0,20,0.014618106,0.80760807,2,51
242,0.011241801,0.9324142,2,20,0.010976641,0.9768461,3,40,0.0,0.8587531,2,60,0.0,0.96767056,2,80,0.0,0.80934,2,112
243,0.010973871,0.9809686,2,31,0.0,0.9893367,2,72,0.012667705,1.0208447,2,99,0.039405327,0.93423855,2,119,0.0014818689,0.8032319,3,140,0.0,1.0256597,2,162,0.0039292555,0.7309292,2,200
244,8.9318404e-05,1.0115026,2,33,0.007843202,0.9683648,2,55,0.00878945,0.961861,2,75,0.00045179744,0.91451967,2,95,0.017086096,0.9139078,2,116,0.0017204735,0.9801012,2,136,0.012528868,0.9435416,2,157,0.0109165795,0.96752554,2,179,0.03234591,0.96454793,2,200
245,0.01306068,0.93537694,2,20,0.0,0.8453951,2,42,0.0,0.6728203,2,62,0.0,0.75853837,0,82,6.524948e-05,0.95931935,3,104,0.0,0.9923029,2,124,0.0,0.9825703,2,144,0.0031395603,0.7948835,2,180
246,0.00143335,0.99873173,2,20,0.0034897425,1.014772,2,46,0.0070784795,0.91707975,2,71,0.021931881,0.92209655,3,91,0.0,0.9831134,2,118,0.0069349827,0.97465974,2,140,0.021938851,0.97395086,2,165,0.0077448743,0.96380264,2,200
247,0.0056278887,1.011465,2,27,0.018412342,0.9716646,2,47,0.016819846,0.9695206,2,70,0.02385917,0.9503023,2,90,0.0034487376,0.960147,2,111,0.01455771,0.9737154,2,131,0.036874644,0.8815632,2,151,0.012130993,0.93113714,2,174,0.006900526,0.989988,2,200
248,0.0024274178,1.0274633,2,20,0.0,1.0046126,2,40,0.0037400045,1.026902,3,60,0.0,1.0497025,2,84
249,0.0077170245,1.0151993,2,24,0.007821837,0.9870486,2,44,0.015746117,0.9382987,2,68,0.0033266104,0.93612707,2,90,0.00058105856,1.0136917,3,110,0.0017970708,1.0238794,2,131,0.0059924917,1.0360096,2,151,0.0,1.0080382,2,171,0.005946546,1.0643607,2,200
250,0.0052895085,1.0470393,2,20,0.0022875804,1.0122954,2,41
251,0.0,1.0206038,2,20,0.010180394,0.9880713,2,41,0.00069654576,1.0528958,2,61,0.012544911,1.0223824,2,83,0.024566598,0.9971729,2,106,0.0,1.0401564,2,135,0.0061791996,1.0605131,2,155,0.0018460605,1.0147004,3,175,0.005060166,0.9981716,2,200
252,0.015592236,0.9728849,2,32
253,0.010741556,1.008366,2,29,0.012974662,1.0128627,2,52,0.0010618132,1.0181736,2,75,0.0022526009,0.9987745,2,97,0.0,1.1070148,2,117,0.003744724,1.0195347,3,137,0.0,1.0596262,0,157,0.0,1.0512459,3,177,0.00082561973,1.0477551,0,200
254,0.0,0.98668665,2,22,0.004064035,1.0081761,2,46,0.0031882927,0.98866117,2,66,0.0,0.9724803,2,86,0.0,0.9897102,2,107,0.00050714356,0.99510026,2,129,0.0,0.9817561,2,149,0.023373619,0.9681422,2,169,0.0,0.98269063,2,200
255,0.027275244,0.9592643,2,20,0.01559228,0.8484586,0,40,0.04447279,0.9004202,2,60,0.020473778,0.9871476,2,80,0.00022789743,0.9362038,2,100,0.002324365,0.9389502,2,120,0.012398921,1.063331,2,140,0.0,0.98327935,2,160,0.012460714,0.82165015,2,200
256,0.0062405593,0.89860153,2,20,0.01765106,0.9300145,2,43,0.0,0.7891401,2,63,0.00847768,0.7132387,2,83,0.0,0.5419714,2,106,0.0,0.49935254,2,126,0.0,0.48750487,2,148,0.059083007,0.46544537,2,168,0.07248316,0.50424635,2,200
257,0.004228662,1.0232488,2,24,0.0,1.0026133,2,45,0.005082061,0.96403736,2,69,0.017898342,0.9930533,2,103,0.016599862,1.0276167,2,123,0.000229338,0.9527046,2,143,0.024107292,0.964605,2,166,0.03197949,0.95781785,2,200
258,0.008215909,1.0023808,2,36,0.0015556889,1.0417972,2,88,0.037338886,1.0267658,2,111,0.00135229,0.95234835,2,143
259,0.0035108107,1.0303135,2,39
260,0.0035939168,1.00508,2,28,0.0118104955,0.9766882,2,48,0.031235144,0.9500725,2,69,0.0018385422,0.9388997,2,89,0.011577093,1.0086584,2,122,0.001658199,0.98872554,2,142,0.0025555552,1.053858,2,162,0.0547431,0.8906595,2,200
261,0.0014201902,0.96400124,2,24,0.0197084,0.95299304,3,44,0.023753494,0.9036089,2,64,0.015821638,0.8894183,2,87,0.022571648,0.93670547,2,108,0.020531505,0.9450087,2,129,0.009805484,0.8665577,2,155,0.07103,0.7435311,2,176,0.06901556,0.73757344,0,200
262,0.017402282,0.9623024,2,25,0.0057864822,1.0064833,2,54,0.0049726903,1.0264767,2,74,0.0034989363,1.0404954,2,101,0.0023925714,0.9778123,2,121,0.0,1.0439925,2,141,0.008209103,0.98697567,2,165,0.017942674,0.8998071,2,200
263,0.018843895,0.92953056,2,22,0.0085548,0.95708036,2,43,0.032030843,0.9668814,2,63
264,0.0105062565,0.9870477,2,34,0.0060416274,0.98822427,2,63,0.0068463045,0.9771242,2,85,0.0,1.0222746,2,106,0.017105056,1.0089206,2,134,0.0,1.0255656,2,156,0.012465635,1.0237712,2,200
265,0.005353158,1.04859,2,20,0.0003129338,1.0229111,2,43,0.020416612,0.97197926,2,63,0.009575997,1.0142014,2,84,0.031233555,1.0367258,2,107,0.017344108,1.0079194,2,127,0.0054214476,1.0177773,2,149,0.01371552,1.0731316,2,170,0.009790719,1.0332018,2,200
266,0.0053453217,1.0414016,2,26,0.0,1.0411507,2,46,0.008440437,1.0428493,2,68,0.0070060077,1.064689,2,96,0.013563904,1.0437737,2,119,0.006202974,1.0379126,2,139,0.0058299587,1.0236752,2,160,0.0005892211,1.041014,2,200
267,0.0026246153,0.9874569,2,20,0.011940846,1.0253823,2,40,0.0002599609,1.0326934,2,60,0.010782165,1.0579673,2,80,0.0,0.9446827,2,101,0.005642414,1.0072161,2,140,0.009424641,0.9881302,2,162,0.004416023,1.0143961,2,200
268,0.0116995955,1.0155076,2,21,0.00593955,0.9647345,2,52,0.0034462868,1.0092086,2,75,0.00020378121,1.0211418,2,95,0.012986181,0.9752594,2,116,0.012532632,0.9351861,2,136,0.007406924,0.8918355,2,157,0.0072686695,0.8863143,0,177,0.009520855,0.9448288,2,200
269,0.0,1.0132263,2,28,0.0,1.0057786,2,50,0.0,0.9984778,3,70,0.008344658,0.9921055,2,102
270,0.00031744456,0.992637,2,20,0.025251668,0.97155577,2,45,0.0,0.93793994,2,65,0.05646324,0.8391655,0,85,0.0019215776,0.946997,2,106,0.0006454485,0.7251022,0,128,0.015322748,0.39606005,0,149,0.009497592,0.6094129,0,169,0.00062462554,0.4033608,0,200
271,0.001101282,1.0438874,2,20,0.00091893726,1.0185127,2,43,0.013056254,1.0064087,2,82,0.0024524853,0.93741196,2,102,0.031963028,0.9589483,2,124,0.038255103,1.0193886,2,145,0.0,1.0452042,2,165,0.0006895784,1.0339986,2,200
272,0.0078289155,0.9341101,2,21,0.0061368304,0.8376324,2,60
273,0.0,1.0376832,2,20,0.012508907,0.9798381,2,41
274,0.0,1.0594926,2,20,0.0008791005,1.0317479,2,53,0.0046068397,0.9738016,2,73,0.0,1.0095682,2,100,0.0,1.0132438,2,120,0.003226243,1.0090301,2,140,0.0,0.95900613,2,160,0.0013881344,1.0005773,2,200
275,0.0,0.5832479,0,20,0.0033165938,0.5307107,0,40,0.0,0.55473995,2,60,0.0,0.31142163,2,81,0.0,0.22596504,1,107,0.0,0.5263344,1,129,0.0,0.6147453,1,154,0.039285123,0.74160427,2,187
