0,0.0,0.9640622,2,20,0.0014862599,1.0079659,2,40,0.0,1.0372121,2,61,0.00027942727,1.0483733,2,82,0.0089396695,1.0186927,2,107,0.0035375392,0.9955429,2,134,0.0032386347,0.9569115,2,157,0.019203687,1.0005535,2,179,0.034469385,0.99798113,2,200
1,0.025108382,0.8188785,2,20,0.0,0.9981135,3,40,0.015272868,0.84438276,3,60,0.019745769,0.85645074,3,86
2,0.0,0.9620311,2,21,0.013566069,0.97010326,3,41,0.0,0.94813395,2,61,0.024173765,0.81597364,2,88
3,0.016405066,0.9430337,2,20,0.011769858,0.81042135,2,40,0.0039785067,0.85316503,2,61,0.016634103,0.7984788,2,81,0.035656318,0.5877522,2,124
4,0.015185678,0.9604204,2,21,0.010235427,0.99366224,2,41,0.01338314,0.9853157,2,62,0.0052538128,1.0094907,2,82,0.004168791,0.98937654,2,109,0.021934535,0.9300073,2,129,0.011476963,1.0162915,2,153,0.0021465211,1.0323207,2,173,0.004301885,1.0228642,2,200
5,0.004921847,0.9747421,2,31
6,0.0,0.9531617,2,20,0.004330039,0.9350305,2,45,0.0,0.90579194,2,71,0.0,0.9279248,0,91,0.0,1.0011756,2,111,0.009154991,0.9863942,2,140,0.014894168,0.9782249,0,160,0.0,1.0181254,2,180,0.0,1.0214056,2,200
7,0.0016369494,1.0145832,2,20,0.0060184924,1.0168709,2,40,0.005433454,0.92740667,2,63,0.0046753916,0.9119189,2,87,0.008736181,1.0696723,2,107,0.028117355,0.87033963,2,133,0.0038894296,0.94376296,2,153,0.008191533,0.89812833,3,174,0.0044406797,0.99507684,2,200
8,0.006409448,1.0362924,2,24
9,0.00953866,1.017386,2,20,0.0,1.0681306,2,40,0.0025384363,1.0232347,2,66,0.023176555,0.95576465,2,86,0.022816302,0.9836891,2,110,0.027243871,0.926706,2,130,0.044773974,0.9103589,2,150,0.048929624,0.8960773,2,170,0.018346904,0.95815045,2,200
10,0.0060747373,1.0200341,2,20,0.0012929487,1.0348718,2,40,0.007506189,1.0018382,2,60,0.021731416,1.017491,2,81,0.0030646322,1.0150818,2,106,0.028382804,1.0444458,2,126,0.0,1.0169023,2,146,0.005759678,1.0590448,2,167,0.007822019,1.0516515,2,200
11,0.0070046852,0.9712898,3,25,0.0011207053,1.0841104,2,47,0.011110714,1.0240152,2,68,0.0,0.9396533,3,88,0.0,1.0177549,3,112,0.028637847,0.9261182,2,132,0.006251311,0.94798905,3,153,0.006600467,0.9782063,2,174,0.0034777941,0.95927495,2,200
12,0.0037454227,1.0331732,2,33
13,0.008655174,1.0581105,2,20,0.0,1.059327,2,40,0.0015756224,1.0009649,2,60,0.016517704,0.9917159,2,80,0.0040751495,0.9887563,2,100,0.0,1.0028926,2,123,0.004524911,0.99180245,2,145,0.0149366055,1.0031993,2,165,0.010720045,1.0047841,2,200
14,0.01002268,1.012597,2,24,0.023064569,1.0511792,2,45,0.0049496326,1.0333656,2,65,0.0013253689,1.031824,3,87,0.0,1.0386981,2,107,0.013537464,0.99396324,2,127,0.0,0.94039124,2,147,0.0035035603,1.0308765,2,168,0.0013848166,1.0180074,2,200
15,0.0038588229,1.0208495,2,21,0.000709512,1.0287467,2,43,0.008791812,0.9773954,2,63,0.014972514,1.0151235,2,85,0.006806298,1.0237893,2,106,0.0,1.0356708,2,142,0.0017667415,1.0067573,2,168,0.008256916,1.0217127,2,200
16,0.0052448213,0.89212763,2,21,0.010306513,0.9655215,2,42,0.0,0.9903862,2,66,0.027584493,0.9060316,2,86,0.004258711,0.93820477,2,106,0.0,1.0366986,3,131,0.0,0.96939516,2,154,0.016843436,0.93531555,2,176,0.017534675,0.8594019,0,200
17,0.003613899,0.9465097,2,20,0.0028696412,0.96692574,2,45,0.0070680445,0.95005786,0,65,8.504562e-05,0.89776397,2,90,0.0046174293,0.8868222,2,110,0.0071370774,0.8843185,2,130,0.04302244,0.9712775,2,152,0.040859155,0.88273275,2,173,0.020921769,0.90170246,2,200
18,0.0042561553,1.0363152,2,29,0.0065560522,1.0074923,2,51,0.0039572027,1.0154706,2,84,0.004524815,1.0515678,2,104,0.017071335,1.0354074,2,126,0.01483891,1.0136211,2,149,0.016226511,0.993814,2,169,0.004349595,1.0228336,2,200
19,0.014836216,0.9672617,2,22,0.025235528,0.94841826,2,42,0.0,0.9773405,0,62,0.0,0.9948836,2,84,0.00018993272,0.9465178,2,104,0.0,0.9132112,2,124,0.014737601,0.85398924,2,144,0.0,0.9399432,2,164,0.0057283374,0.88699996,2,200
20,0.018098328,1.0325034,2,21,0.0021344386,1.019182,2,43,0.022506833,0.9972839,2,69,0.00090982823,1.0148478,2,89,0.0070076464,0.9841716,2,110,0.01916786,1.0263064,2,130,0.0065717916,1.0199674,2,156,0.0,1.0643277,2,180,0.004477425,1.0277144,2,200
21,0.017683826,0.77197075,2,21,0.00029121168,0.76006764,0,45
22,0.012096478,1.0077233,2,20,0.009951607,0.9687285,3,44,0.0012013088,0.9501647,2,65,0.0,0.98224753,2,89,0.00824464,0.99821234,2,109,0.013049283,0.9599862,2,130,0.00049249287,0.877524,2,152,0.0041808425,0.9608933,2,172,0.0,0.6466732,2,200
23,0.004557035,1.0184318,2,20,0.010375433,0.9860072,2,40,0.022823624,0.988621,2,63,0.015321151,0.96417236,2,86,0.016710406,0.96680063,2,108,0.0045425524,1.0051055,2,131,0.011202732,0.949841,2,151,0.011188637,0.9184014,2,171,0.037950248,0.9862673,2,200
24,0.019930173,1.0352509,2,20,0.0017281474,1.0306072,2,44,0.0015002969,1.0293361,2,84,0.009132751,1.0274907,2,110,0.00079278665,1.0005115,2,130,0.008840373,1.0168164,2,150,0.001630925,1.0361937,2,173,0.014724811,0.991524,2,200
25,0.0073215947,0.9521039,2,21,0.018676415,0.93340814,2,44,0.006363001,0.833828,2,66,0.004050113,0.882408,2,87,0.0041244538,0.84876996,2,107,0.0,0.52021986,2,128,0.0057934644,0.84658813,2,148,0.021516573,0.8823736,3,173,0.0036872183,0.93684334,2,200
26,0.010285811,1.0172229,2,20,0.012211255,0.9844245,2,41,0.0049836943,1.1104164,3,62,0.0,1.0973445,2,83,0.0,1.0554718,2,106,0.00461657,1.0432144,2,126,0.0027139639,1.0399969,2,152,0.002182231,0.9474999,2,173,0.0033052086,1.005371,2,200
27,0.0008928807,1.0415031,2,22,0.006835821,0.99212956,2,43,0.023370307,1.021208,2,63,0.010482784,0.9973009,2,85,0.039405737,0.92725885,2,105,0.0,0.9216293,2,125,0.00744992,0.8975468,2,148,0.057453018,0.99177706,2,168,0.004163414,0.9886133,2,192
28,0.0,0.99466,2,20,0.004416952,0.98165566,2,42,0.02302325,0.9521389,2,63,0.011449936,0.8863164,2,83,0.01732539,0.87266326,2,109,0.0049558054,0.82039016,2,130,0.014009346,0.70161474,2,151,0.043825928,0.7694803,2,172,0.005690755,0.4564773,1,193
29,0.009798276,1.0012444,2,22,0.0,0.97058374,2,42,0.004453421,1.0767682,2,62,0.0044195326,1.0690954,0,85,0.005353713,1.0188148,2,125
30,0.0,1.0309263,2,20,0.0021990784,1.0780276,2,45,0.000244008,1.0391647,2,65
31,0.0066142688,1.00857,2,21,0.0046984805,0.92704976,2,49
32,0.0042293174,1.003879,2,26,0.005675293,0.92613417,2,49,0.0,0.9108483,2,70,0.0,0.9919999,2,91,0.0,0.9610082,2,111,0.0038905623,0.8671104,0,134,0.061206203,0.6457062,2,154,0.019978123,0.76728934,2,174,0.002261201,0.3976073,1,200
33,0.0060286433,0.98082906,2,22,0.012589748,0.9599074,2,42,0.01512568,0.9782452,2,77,0.0049120113,0.96934634,2,97,0.0019304855,0.9666885,2,118,0.0,0.92801,0,138,0.0,0.94527733,0,159,0.0,0.9796054,2,179,0.0,0.8610396,0,200
34,0.009940902,1.0041472,2,28,0.0136202555,0.99977654,2,49,0.008499147,0.9853891,2,77,0.0014514842,1.0059257,2,104,0.0,0.96739864,2,126,0.0,1.0133597,2,146,0.0018698658,1.005568,2,168,0.018533746,0.9795384,2,200
35,0.010492488,0.9714853,2,20,0.008698831,0.96581286,2,41,0.0,0.94321615,2,64,0.022759657,0.97827035,2,84,0.0,0.93746245,2,104,0.0,0.925775,2,129,0.02770949,0.88597894,2,153,0.010199662,0.96141267,2,175,0.0,0.7790115,2,200
36,0.0052902605,1.017185,2,21,0.0071106195,0.9746779,2,56
37,0.0070367297,1.0181074,2,31
38,0.0065183383,0.936577,2,28,0.008198776,0.7462767,2,50,0.002310827,0.8830762,2,70,0.021742634,0.97309715,2,95
39,0.0,1.0255771,2,22,0.0028870318,1.0411216,2,43,0.0024991292,1.0168744,2,67,0.0,1.0165883,2,95,0.02634581,0.98271877,2,116,0.0,0.99659497,2,138,0.0,1.069577,2,158,0.011149396,1.0175291,2,200
40,0.0031473644,0.9883346,2,22,0.0114249885,0.86262244,0,45,0.0,0.9021958,2,65,0.0,0.8898905,2,88,0.021942995,0.84544176,2,110,0.00025104807,0.93886095,2,142,0.015257182,0.9820878,3,163,0.0056457534,1.0027611,2,200
41,0.01391919,0.99949646,2,20,0.027357107,0.95850384,2,40,0.006801802,0.9616784,2,66,0.00032801618,1.0384617,2,86,0.004316513,1.0053618,2,108,0.040992104,0.98232543,2,129,0.019683706,0.90274704,2,149,0.009893348,0.8888874,2,169,0.007152569,0.9494688,2,200
42,0.003437025,0.98686945,2,20,0.015020251,1.0085949,2,40,0.0015588189,1.0216826,2,60,0.011115149,0.9739633,2,84,0.028829552,0.9175907,2,106,0.028854096,0.91399115,2,130,0.0076757646,0.9443549,2,165,0.020503713,0.96896535,2,200
43,0.0022794697,1.0457294,2,29,0.013628607,1.0082,2,50,0.0050228373,0.98588437,2,74,0.007708258,1.014418,2,95,0.0039205663,1.0443671,2,116,0.00020951136,1.027645,2,170
44,0.0,1.0537347,2,27
45,0.0019529109,0.9916883,2,45,0.006008104,1.0030758,2,71,0.01599604,0.94863975,2,96,0.0,0.97517127,2,116,0.0,0.8117464,2,136,0.013527083,0.99875486,2,156,0.023026926,0.93811333,2,177,0.000900325,0.889439,2,200
46,0.007068607,0.9050726,2,22,0.0,1.0368179,2,43,0.0,1.0025237,3,63,0.008357479,0.9241538,2,83,0.0009888179,0.98685443,0,103,0.0,0.9902977,2,123,0.0012227751,0.91995466,2,143,0.0074972427,0.9368808,2,179
47,0.010901431,0.9961957,0,20,0.008094165,1.0421413,2,42
48,0.0029426669,1.0214012,2,21,0.0,0.9848425,2,41,0.022846429,1.0108346,2,62,0.0,0.9623147,2,82,0.0,0.8963233,2,102,0.0,0.8437396,2,123,0.026948813,0.7408946,2,143,0.007120845,0.9314944,2,163,0.004461555,0.9635278,2,200
49,0.0071622096,0.98156786,2,20,0.017467787,0.95743847,2,40,0.008680258,0.9606826,3,60,0.019354403,1.0143497,2,80,0.0,1.0139936,2,101,0.0091002835,0.9714063,2,121,0.0057036052,0.9486628,2,147,0.014779182,0.9314743,2,168,0.043602325,0.92742115,2,200
50,0.020556912,1.0041648,2,20,0.019130047,0.9630772,2,40,0.026151955,0.9124346,2,60,0.0,0.9101507,2,85,0.017152656,0.89749175,2,105,0.014658797,0.9787952,2,125,0.006617455,0.9237759,2,147,0.01924168,0.99359864,3,168,0.022952156,0.82715595,0,200
51,0.01123719,0.9897987,2,23,0.0028154426,1.0588558,2,43,0.006835912,1.0176997,2,64,5.3589374e-05,1.0206801,2,97,0.01061252,1.0115426,2,122,0.019034639,0.96522075,2,143,0.010084711,1.025666,2,165,0.006282935,1.0208569,2,200
52,0.004078894,1.0100747,2,23,0.005245496,1.0146887,2,43,0.015775155,1.0232348,2,66,0.0,1.0152369,2,87,0.0,0.96964234,2,111,0.004835726,1.0000913,2,131,0.008265508,0.90650356,2,151,0.013306701,0.9600969,2,173,0.02620217,0.9551072,2,200
53,0.0042725643,0.9665307,2,20,0.0021113993,0.9329287,2,40,0.0020877314,0.9650807,2,63,0.020528456,0.77215505,2,84,0.0,0.8428068,2,104,0.017143803,0.7877911,2,128,0.025584877,0.72828823,2,148,0.0,0.67218226,2,168,0.0124161,0.73200023,0,200
54,0.0024721771,0.9867072,2,20,0.0010932819,1.0345054,2,41,0.0053383196,0.9879563,2,68,0.025556004,0.99282205,2,88,0.025529806,1.0133449,2,108,0.032479905,0.94564354,0,133,0.01819252,0.8859499,2,153,0.06429403,0.94934833,2,174,0.020189496,0.94160247,2,200
55,0.0077200877,0.9991629,2,29,0.0019154728,1.0069234,2,49,0.0004954578,0.9731376,2,71,0.014327189,0.97817564,2,91,0.012646444,0.9250927,2,114,0.007612431,0.9448069,2,134,0.0067743673,0.9947549,2,154,0.01818948,0.9496973,2,175,0.007248398,0.93388987,2,200
56,0.011151646,1.0168184,2,35
57,0.0,1.0651393,2,32
58,0.0029333886,1.0232219,2,20,0.0,1.0046194,2,43,0.0049143885,1.0263803,2,72,0.016747493,0.9781412,2,98,0.0015284354,0.99391603,2,122,0.002707335,1.0126996,2,142,0.025277272,1.0306493,2,162,0.0017682643,0.9986283,2,200
59,0.006401078,1.0126033,2,26
60,0.0047170706,0.98424625,2,20,0.013619311,0.95183855,2,45,0.007144413,0.9380136,2,78
61,0.001339018,0.94576025,2,23,0.039132517,0.91966796,2,56,0.047380716,0.93725777,2,84,0.006787175,0.88639104,2,104,0.00617592,0.90410316,2,127,0.018314606,0.7545226,2,147,0.021141117,0.90427035,2,167,0.018896636,0.7181206,2,200
62,0.0067740036,0.9732525,2,22,0.0069080545,1.025084,2,42,0.0076265335,1.0273726,0,63,0.0,1.0065703,2,83,0.006579754,1.0437858,2,103,0.0011284857,0.9736805,2,123,0.0073788143,1.0025392,3,143,0.006091158,0.96657455,2,163,0.0022073449,0.9690724,2,200
63,0.0027239467,1.0087228,2,20,0.0,1.053599,2,57
64,0.0048964103,1.0084208,2,21,0.0011290954,1.0523988,2,41,0.0030648082,1.0004834,2,65
65,0.0014267602,0.94001406,2,24,0.0,0.9916312,2,44,0.0,0.9965371,2,73,0.0035213649,0.98406905,2,96,0.0080361385,0.925609,2,116,0.0141384825,0.95545673,2,140,0.0066072233,0.9486507,2,161,0.0024802643,0.70466155,2,200
66,0.0066361437,0.90793306,2,20,0.0,0.861682,2,41,0.030860314,0.9049646,0,61,0.035357267,0.86183214,2,81,0.0,0.74596065,2,101,0.0007482503,0.4571003,0,124,0.043436,0.68338174,2,144,0.004334707,0.6261337,2,171
67,0.0040141107,1.0046468,2,22,0.0032619354,1.0155185,2,45,0.0016352618,0.9977417,2,72,0.0053738565,1.082599,2,92,6.131677e-05,0.998454,0,113,0.0,0.9901637,2,133,0.008385484,0.992298,2,160,0.004265481,1.0379633,2,200
68,0.012964785,0.9728786,2,20,0.002770236,0.97589725,2,43,0.02718146,0.86922085,2,95
69,0.0051754476,1.0003546,2,20,0.0,0.940974,2,54,0.0,0.91792935,2,74,0.0069326577,0.9373009,2,98,0.0017544889,1.0200131,2,121,0.020005465,0.9098672,2,143,0.0011773724,0.6980899,3,165,0.008155584,0.5637629,2,200
70,0.014836791,0.9322354,2,37,0.0060520815,0.88652915,2,57,0.039752632,0.90193737,2,78,0.0,0.9098603,2,98,0.019643173,1.0036304,2,119,0.014859779,1.0872734,3,139,0.0,0.94690704,2,159,0.0046195174,0.8621209,2,179,0.0060698604,0.7774443,2,200
71,0.025111409,0.9572111,2,21,0.022096375,0.97723204,2,44,0.0072355084,0.9057341,2,65,0.016698567,0.79414976,2,85,0.0,0.78378993,2,106,0.05774324,0.4455837,0,140
72,0.015193352,0.9418224,2,22,0.0,1.0410585,2,42,0.0,0.9106245,2,62,0.0,0.980456,0,82,0.0,0.9688085,0,102,0.037742585,0.63416207,0,128
73,0.014465239,1.0077478,2,32,0.005979511,1.0153974,2,52,0.0059910333,0.9243292,2,73,0.0019263976,0.9820579,2,96,0.008267736,0.9853732,2,116,0.0022089593,0.99868745,2,137,0.0052925367,1.0207038,2,160,0.0043618768,1.0390706,2,200
74,0.0041217804,0.9294707,2,21,0.015326376,0.92173404,2,41,0.04779718,0.61044097,2,74
75,0.0029112853,0.96245265,2,22,0.015775446,0.8531229,2,43
76,0.00049158547,1.0375468,2,20,0.006903784,1.0028064,2,40,0.0019331893,0.9945776,2,60,0.00629808,1.0275455,2,84,0.0036341161,1.0593102,2,106,0.0073677055,1.0066365,2,137,0.0,1.1090271,2,157,0.0,1.0395474,2,177,0.0051550707,1.0035207,2,200
77,0.0,1.0122696,2,20,0.0019925484,0.9999205,2,40,0.0022213846,1.0812671,2,68,0.005505713,1.0502982,2,95,0.0016441969,1.0450866,2,115,0.01741875,1.0395439,2,136,0.010880252,1.0527152,2,159,0.00510357,0.95796657,2,200
78,0.010838507,1.0135171,2,20,0.015337582,0.9143861,2,40,0.009475625,0.9242655,2,60,0.0034969233,0.9315399,2,80,0.021014607,1.0175618,3,104,0.0,0.9781652,2,125,0.012605146,0.96336365,2,145,0.0,0.9986197,2,165,0.006391267,0.8347469,2,200
79,0.00031767102,0.99681383,2,21,0.0087988805,1.0115007,2,42,0.023380654,0.96313727,2,67,0.0,0.9366538,2,87,0.0041938145,0.8888348,2,110,0.0,0.8714232,0,132,0.004947987,0.72208595,2,156,0.003192984,0.92928815,2,177,0.00045570635,0.9140137,2,200
80,0.0066022626,1.0501336,2,20,0.0,1.0481807,2,42,0.012507129,0.98952645,2,63,0.0110676205,0.98665625,2,85,0.0017779189,1.0416662,2,106,0.0014358958,1.0449921,2,127,0.004731345,0.9161817,2,147,0.0054478166,0.9744238,2,175,0.0022810462,1.0045493,2,200
81,0.0,0.96835274,2,25,0.007179129,1.0014268,2,46,0.007882291,1.0047793,2,67,0.022769036,0.97120446,2,88,0.0,0.9853007,0,108,0.0,1.1267222,2,129,0.0071986862,1.1001117,2,149,0.0041942718,1.0721391,2,169,0.006102941,1.010619,2,200
82,0.0,0.93692464,2,20,0.08801567,0.60288274,2,41,0.0038159601,0.72506756,0,65,0.0,0.30382597,0,89,0.0,0.16613545,2,109,0.086851105,0.1613124,0,129,0.65855104,0.37897232,0,149,0.07958957,0.3645758,0,169,0.12941496,0.3392943,2,200
83,0.0036911168,1.0180821,2,20,0.014235742,0.98661184,2,40,0.00043252538,1.0031351,0,60,0.013223877,0.9977559,2,80,0.00022818423,0.93483347,2,103,0.010467492,1.0107281,2,132,0.016886946,0.9616935,2,165,0.04066129,0.91664416,2,200
84,0.011289273,0.97280234,2,20,6.325064e-05,0.9981664,2,41,0.0,0.97983664,2,61,0.011140772,0.93913555,2,83,0.0,0.8814942,2,103,0.020101845,0.81323135,2,123,0.00019302622,0.8692501,2,147,0.01357533,0.8982962,2,167,0.004947806,1.0082967,2,200
85,0.014532927,1.0349694,2,33,0.0063640587,1.0169581,2,60,0.003870763,1.0577472,2,80,0.004159489,1.0034435,2,100,0.014202428,1.0410357,2,123,0.0017159585,1.0288025,2,146,0.0070143337,1.0352292,2,179,0.0042556333,1.019061,2,200
86,0.0031790528,0.99309015,2,21,0.0037502998,1.0342429,2,42,0.0,1.0688052,2,67,0.0040844213,1.0370029,2,88,0.0045188544,1.0142596,2,109,0.0074172947,0.99399495,2,131,0.004201716,0.99730456,2,152,0.005859455,0.9616337,2,173,0.0018932403,0.9808631,2,200
87,0.0039409576,0.9900429,2,31
88,0.0051653977,0.8545016,2,20,0.07031847,0.9252951,0,46
89,0.0011133782,1.0123394,2,20,0.00060877856,1.0526645,2,60
90,0.024116466,0.9367272,2,24,0.0010984879,0.98715806,2,47,0.016083296,0.95617974,2,67,0.0085345395,1.0367242,2,89,0.0016463546,1.1197879,0,109,0.0,1.0400594,0,130,0.0,0.9881787,0,152,0.0,1.0507878,2,173,0.0,0.98198646,2,200
91,0.02151738,0.9878251,2,20,0.0,1.0255271,2,40,0.007251989,1.0013396,2,60,0.0031926981,0.9809591,2,83,0.0,0.967408,2,106
92,0.009454253,0.99019384,2,20,0.013981223,0.9795621,2,40,0.007825337,0.93455505,2,61,0.00012453533,0.9861436,2,81,0.0015262876,0.94677335,2,102,0.0017733129,0.7968828,2,122,0.0,0.88617545,2,142,0.0,0.8804368,2,162,0.015325017,0.8726064,2,200
93,0.011246553,0.95448595,2,22,0.035315417,0.9853178,2,42,0.0,0.9332762,2,62,0.00846075,0.9588037,2,96,0.00086726097,0.9764942,2,116,0.011553478,0.9919151,2,148,0.033780143,1.010624,2,169,0.0042981617,0.9915178,2,200
94,0.009418366,0.9439651,2,21,0.0,0.8997348,2,41,0.0,0.9664583,2,61,0.0036895915,0.9387256,2,81,0.04601378,0.84975386,2,102,0.005743639,0.7533411,0,122,0.0,0.8499349,2,145
95,0.007292053,0.9415645,2,37
96,0.016638415,1.0112032,3,21,0.0024985624,0.9876078,2,44,0.004235888,0.9634237,2,70,6.2571926e-05,1.0166752,0,92,0.0,1.0132121,2,118,0.0053391866,1.0247079,2,138,0.0,0.9978851,2,161,0.012400797,0.9699913,2,200
97,0.021352852,0.98036087,2,21,0.00641591,0.9763312,2,46,0.019784868,0.9292321,2,67,0.0,0.98479396,0,88,0.04120455,0.98456085,2,108,0.0,0.9533742,0,128,0.0,1.0557894,0,149,0.0,1.0487227,0,171,0.0077761146,0.7465195,2,200
98,0.0029719442,1.013447,2,22,0.008596869,0.97853243,2,42,0.0,0.87800443,2,62,0.0,0.9392338,0,84,0.0,0.8193761,0,104,0.0,0.8124884,0,124,0.0,0.6310141,2,144,0.0,0.85731477,2,165,0.01703747,0.95359594,2,200
99,0.016049227,0.97946674,2,21,0.013349831,1.0071142,2,46,0.0061202147,1.0118092,2,66,0.00069419015,1.0441669,2,90,0.008969854,1.0337389,2,110,0.004394601,1.005578,2,133,0.0018484704,1.013343,2,157,0.0,1.0651017,2,177,0.009276873,1.0530617,2,200
100,0.0006349298,0.9996944,2,24,0.018108947,0.9498768,2,46,0.01978694,0.9472373,2,70,0.03235661,0.9208865,2,90,0.0,0.9702579,2,111,0.025779866,0.95064306,3,132,0.0066884756,0.9961497,2,152,0.0031725317,0.9316394,2,172,0.014525987,0.8898006,2,200
101,0.0055915504,0.9251588,2,27
102,0.0023384169,0.9611778,2,22,0.010722195,0.95628583,3,42,0.0,1.0212171,2,65,0.0,0.9146687,0,85,0.006556484,0.9381851,2,120,0.008741747,0.9770021,2,141,0.0,1.0985276,2,166,0.010953419,0.9927863,2,200
103,0.0066303597,1.0321531,2,21,0.009917262,0.9653703,3,41
104,0.017027337,0.9609917,2,20,0.017157556,1.0198538,2,42,0.006778968,0.982222,2,70,0.007919039,0.89973533,2,93,0.007105289,1.0144756,2,122
105,0.0019427519,1.0000818,2,20,5.8943762e-05,1.0243434,2,46,0.0060704644,1.0262259,2,72,0.009388193,0.95262676,2,110,0.0018860467,0.9752161,2,131,0.009800229,0.9517481,2,151,0.0,0.8652824,2,171,0.0,0.5807159,2,200
106,0.0020185201,1.0059333,2,20,0.026589036,0.96661913,2,40,0.013952367,1.030411,2,60,0.0,0.99329996,2,80,0.0037516127,0.99706197,2,101,0.0,1.0152434,2,122,0.0055523315,1.0543017,2,149,0.017340932,0.9860843,2,169,0.0029856255,1.0574996,2,200
107,0.008993621,0.9693391,2,24,0.009699024,0.91837883,2,46,0.0,0.9543098,2,68,0.0,0.99876755,0,88,0.015781844,1.0288069,3,108,0.04457039,0.87641895,2,128,0.008136,0.91683495,2,148,0.0,0.9188289,2,171,0.014692136,0.936147,2,200
108,0.051385783,0.45608035,0,20,0.006492234,0.3615945,0,40,0.0,0.39313066,0,61,0.0,0.5121373,0,81,0.0,0.4553636,0,102,0.0,0.38874155,2,123,0.0,0.8541254,1,143,0.0,0.92352515,1,163,0.043098032,0.31720272,2,198
109,0.009768082,1.010803,2,20,0.00038899516,0.9922547,2,52,0.00013640162,1.0348873,2,85,0.0036473176,1.0505166,2,107,0.004032835,0.9538488,2,129,0.019908458,1.0319958,2,150,0.005895506,1.0367538,2,170,0.012209017,1.0311034,2,200
110,0.053109657,0.92320293,2,22,0.015655356,0.9651134,2,44,0.024796672,0.9335758,2,67,0.036335815,0.9195625,3,89,0.019284116,0.89863366,2,113,0.07414435,0.9394242,2,134,0.017651401,0.96692556,2,156,0.009766899,0.95839006,2,179,0.0014227316,1.0529422,2,200
111,0.0007293652,1.0014064,2,22,0.0080702305,1.0507824,2,47,0.028490368,1.0362326,2,67,0.010835801,1.0154052,2,87,0.009406609,0.9791001,2,108,0.00849779,0.9719308,2,129,0.02251838,0.93043137,2,151,0.0066628633,0.9239038,2,171,0.012024918,0.9192869,2,200
112,0.0014478251,1.0253251,2,20,0.0,1.0125296,2,40,0.0043959976,0.9777,2,76
113,0.00046626647,1.057043,2,20,0.0045026294,1.0544813,2,41,0.0,1.075328,2,63,0.0028258557,1.0715609,2,84,0.0058124727,1.0217159,2,107,0.0,0.95688295,2,127,0.0024397846,1.0184838,2,147,0.0005753754,1.0374931,2,167,0.0009655081,1.0313323,2,200
114,0.004069472,1.0185815,2,21,0.0012511187,1.0774763,2,41,0.0005821167,1.0184005,2,67,0.0081981495,0.9972167,2,87,0.009056051,0.93060046,2,108,0.0023605046,0.93173647,2,129,0.013443232,0.9022074,2,149,0.059977613,0.8268353,2,169,0.02858906,0.9813073,2,200
115,0.0,1.0334353,2,21,0.008399819,1.010923,2,44,0.01351728,1.0161511,2,64,0.006426601,0.965834,2,85,0.006254089,0.94887054,2,105,0.0,1.0043844,2,128,0.0,1.0108325,2,148,0.0069470643,0.9468424,2,168,0.0,0.9179116,2,200
116,0.0045946585,0.9499596,2,20,0.017051948,0.96079004,2,40,0.0,0.85262764,2,60,0.0038545951,0.6650987,0,84,0.016145546,0.4553051,0,104,0.0,0.50776184,0,125,0.0,0.51827455,0,147,0.0,0.64406055,2,167,0.0031611305,0.77141947,2,200
117,0.0060788286,0.9828745,2,25,0.0,1.0019728,2,45,0.02678508,0.9765204,2,65,0.003825359,0.9488097,2,88,0.033156823,0.94246155,2,113,0.0,1.0488638,2,140,0.017297793,0.806059,2,160,0.004103666,0.95338213,2,200
118,0.0058972896,1.0046407,2,24,0.0034371316,0.9257078,2,44,0.022345925,1.010397,2,64,0.005747733,0.96540916,2,84,0.0,0.91684985,2,109,0.017723458,0.79970706,2,139,0.019055318,0.6063672,2,162,0.044016067,0.7438407,2,200
119,0.0,0.9562381,2,21,0.04958828,0.8227912,2,41,0.0,0.6517126,2,62,0.018231746,0.54306746,2,93
120,0.01565275,0.97963536,2,20,0.00012235646,0.9437254,2,44,0.0066102636,0.9134575,2,66,0.008540878,0.9467675,2,91,0.0,0.92902786,2,112,0.018549247,0.84584284,0,132,0.0033628787,0.72589886,2,153,0.0,0.6247757,0,173,0.005388299,0.4480376,2,200
121,0.0,0.9677834,2,22,0.002748959,0.9648269,2,47,0.041227,0.8994404,0,68,0.010792861,0.92611843,2,91,0.0050841025,0.8070843,2,112,0.0025787132,0.94905007,2,133,0.010051676,0.95144993,2,159,0.024425507,0.98683137,2,200
122,0.0033592922,1.0211012,2,20,0.005450177,1.0584399,2,42,0.0022537964,1.0230185,2,68,0.014939533,0.94488794,2,91,0.013486655,1.0256437,2,112,0.0012143813,0.9542038,2,134,0.016404506,0.98309416,2,155,0.014830865,0.96026754,2,179,0.002885107,0.9632506,2,200
123,0.0,1.0016329,3,20,0.002896872,1.0333846,2,45,0.006970639,1.0506991,2,66,0.013971394,1.0130563,2,86,0.0027434828,1.0219998,2,106,0.008859589,1.0354357,2,131,0.0044070696,1.0342826,2,154,0.015374755,1.0437844,2,174,0.021990102,1.0275337,2,200
124,0.0061208247,1.0178381,2,24,0.0,1.0140178,2,44,0.008270869,1.0160388,2,64,0.0008991241,1.0169473,2,85,0.009871785,0.9697569,2,106,0.0032163297,1.0477111,2,131,0.009906563,0.9945513,0,151,0.014812251,1.0365082,2,172,0.002872787,1.0187699,2,200
125,0.0018857317,0.9754449,2,21,0.01410398,0.9134031,2,46,0.031958774,0.8784783,0,70
126,0.00015257132,1.0067323,2,39
127,0.014250665,0.93937236,2,23,0.019897614,0.99279946,2,44,0.0064175697,0.9876112,2,64,0.0023673582,1.0056444,2,84,0.00978549,0.98582023,2,108,0.0036346866,0.9520189,2,129,0.0010872941,1.03411,0,150,0.003856074,1.0697951,3,170,0.0021869997,1.0496482,2,200
128,0.0,0.9385826,2,20,0.0025808506,0.94305676,2,43,0.038689308,0.92008555,2,63,0.04061956,0.913613,2,84,0.0,0.7842391,0,104,0.00028751622,0.86518306,3,124,0.013653453,0.98819345,2,153,0.0,1.0159527,2,174,0.009216607,0.971167,2,200
129,0.009866222,1.0058272,2,30,0.0,1.0384715,2,50,0.003999029,1.0177026,2,71,0.023700904,0.9524585,2,91,0.0020749155,0.98449063,2,112,0.026251452,1.0425236,2,133,0.0011874039,0.95609766,2,158,0.00928415,0.93007094,2,180,0.0045327293,1.0030541,0,200
130,0.010825829,1.0065736,2,22,0.0,1.0451704,2,44,0.0019875239,1.0064726,2,65,0.0083957575,0.99983335,2,86,0.0065174103,0.9977319,2,110,0.0035204485,1.0888187,2,130,0.0044870204,1.048327,2,152,0.00231456,1.0479873,2,200
131,0.014725218,0.9715954,2,20,0.0067146663,0.94971526,2,46,0.0,0.9575793,2,75,0.0048942924,1.0111259,2,95,0.022424318,0.90465975,2,115,0.0071205795,0.93725044,2,135,0.0084014,0.9766758,2,155,0.0196684,0.92219096,2,175,0.018463481,0.845027,2,200
132,0.022232752,1.0317807,2,25,0.010984031,1.0125502,2,45,0.0004914703,1.029814,2,70,0.01386747,1.0471736,2,105,0.00088307157,1.0563376,2,133
133,0.004157865,1.0415298,2,22
134,0.0051911916,1.0109333,2,22,0.0019522093,1.0391171,2,42,0.0016079545,1.0514833,2,65,0.0,1.0282964,2,87,0.0058810795,0.9818389,2,116,0.0,0.9682677,2,139,0.00084504747,1.0171809,2,161,0.0018137959,1.0253899,2,200
135,0.035809375,0.8231902,2,20,0.0038215027,0.9660069,2,40,0.0,1.1319039,2,60,0.0,0.77062863,2,81,0.0,0.9163648,0,101,0.0,1.1104639,2,121,0.0,0.9695624,0,141,0.0,1.0681906,0,161,0.075016804,0.6141329,2,200
136,0.023280535,0.9022972,2,20,0.0022182046,0.8205093,2,41,0.0,0.78049135,2,62,0.0,0.77283865,2,82,0.003721405,0.9423076,2,103,0.0097277,1.064839,3,124,0.0,1.0768431,2,144,0.0,0.64691865,1,164,0.0,0.44417724,1,200
137,0.016442604,0.97920495,2,20,0.038453605,1.0260389,2,42,0.018909533,0.98208547,2,68,0.025641324,0.9687344,2,91,0.0,0.9123835,2,113,0.0,0.76763433,2,133,0.0,0.9562454,2,153,0.03775539,0.84624994,2,178,0.043549143,0.660991,2,200
138,0.007980108,1.0408646,2,23,0.0036058656,1.1102628,2,43,0.009940009,1.0577265,0,68,0.00020204988,1.0410397,2,88,0.0,1.0171704,2,108,0.00037358853,1.0942001,2,129,0.001609678,0.94261855,2,153
139,0.003982476,1.0051945,2,20,0.0,1.0202203,2,42,0.00017368214,1.0378827,2,69,0.0008608412,1.0307333,2,89,0.0,0.93600494,2,109,0.0034540587,1.0008898,2,134,0.031388942,1.01663,2,157,0.0034923055,1.0024831,2,200
140,0.0076729464,1.0039076,2,27,0.004994007,1.01633,2,50,0.001709176,0.99138093,2,75,0.0016566261,0.99859726,2,100,0.014061925,0.9904721,2,125,0.020745108,0.93260765,2,145,0.0,1.0094458,2,165,0.0031767604,1.0287931,2,200
141,0.00043300848,1.0036539,2,23,0.018362477,0.8996544,2,43,0.004919701,0.95221734,2,65,0.003329462,0.96512806,2,85,0.016628949,0.9512208,2,106,0.014974196,0.9231017,2,126,0.024233185,0.95557106,2,147,0.024838854,0.97735757,2,167,0.008365883,0.99498516,2,200
142,0.0042451336,1.0013745,2,37,0.013086234,0.90667474,2,57,0.056302357,0.8845992,2,77,0.06327585,0.90907216,2,98,0.005040134,1.0051447,2,119,0.0,1.0769912,2,140,0.004037159,1.0546973,2,166,0.006450468,1.0016441,2,200
143,0.0,0.89448166,2,20,0.0,0.89731264,2,40,0.013717504,0.82938415,2,61,0.0,0.82469594,2,81,0.011314528,0.853162,2,101,0.0,0.8181993,3,121,0.0,0.75445235,0,141,0.0,0.92034376,3,161,0.022914343,0.63109624,1,200
144,0.0118399365,1.0053399,2,20,0.011920309,1.0167409,2,40,0.0016593792,0.9830131,2,69,0.0075575127,0.9316789,2,89,0.0,1.0482893,2,109,0.003086678,1.0538268,0,131,0.0,0.94961464,2,151,0.0071145934,1.0543169,2,178,0.0052671013,0.9961763,2,200
145,0.026012927,0.9528325,2,20,0.02099912,0.95968837,2,40,0.008218335,0.9596785,2,61,0.009326283,0.9160229,2,90,0.0,1.0407257,3,110,0.017214773,0.89536387,2,131,0.027148305,0.94581336,2,164
146,0.017076911,0.98576176,2,21,0.0,1.0453693,2,43,0.0,0.95660937,2,63,0.0045426013,0.98576593,2,83,0.021380296,0.88856274,2,106,0.035098992,0.9154671,2,126,0.0010770798,0.8728811,2,146,0.005534968,0.7045784,0,166,0.0,0.6736447,2,200
147,0.009133528,1.010391,2,21,0.0014408209,1.0129328,2,42,3.4902776e-05,1.075683,2,63,0.00642343,1.0352492,2,94,0.0025935061,0.95501196,2,117,0.014443919,1.0129075,2,137,0.00021038437,1.0217617,2,157,0.029957386,0.9246131,2,178,0.08585336,0.9073366,2,200
148,0.0,0.97903454,2,20,0.011889571,0.93232536,2,40,0.0032772964,0.9603199,2,65,0.0030068362,0.97613674,2,87,0.001666767,1.0305963,2,119,0.010354873,1.0089588,2,156
149,0.0043970193,0.95285237,2,26,0.01331955,0.9535636,2,47,0.009898218,0.99750394,2,67,0.07157951,0.8619314,2,89,0.004833891,0.96101457,2,109,0.029360827,0.93078065,2,135,0.0,0.95386475,2,155,0.058261923,0.9171418,2,176,0.045616288,0.92190266,2,200
150,0.0,0.9743464,2,22,0.019351646,0.8720949,2,42,0.0,0.7971356,2,63,0.0,0.8332899,2,83,0.021013323,0.83970344,2,104,0.0,0.7720715,2,124,0.0,0.74114203,2,146,0.0066359947,1.1003299,2,166,0.0,0.7831102,2,200
151,0.007902023,1.0375237,2,22,0.010363316,1.0795139,2,42,0.008888014,1.0015115,2,62,0.03235533,0.917868,2,82,0.0,0.9527876,2,102,0.030729134,1.0115031,2,122,0.006075888,0.9836844,2,142,0.0069676726,1.0740204,2,162,0.007899256,0.99718875,2,200
152,0.0059793396,0.92294097,2,22,0.0073604607,0.8278268,2,42,0.0,0.80487806,2,66,0.0,0.77567536,2,86,0.0,0.70868635,2,107,0.011412632,0.55968183,0,129,0.0,0.69722736,2,149,0.0017664734,0.73179483,2,169,0.010057679,0.6647633,0,200
153,0.012050324,1.0015875,2,34
154,0.00465903,0.9927986,2,23,0.037455577,0.9506562,2,44,0.02752943,0.91988486,2,64,0.0064579765,0.9227242,2,86,0.0062924074,0.9202588,2,122
155,0.01702504,0.9680997,2,43
156,0.008102249,1.0006514,2,20,0.011258488,0.9935831,2,40,0.009661937,0.9644464,2,60,0.03759277,0.9272047,2,80,0.024969071,0.9095958,2,116
157,0.0,0.98483145,2,22,0.0032701977,1.0288447,2,42
158,0.017078515,0.9861362,2,21,0.0,1.0400492,2,49,0.0,1.0713054,2,73,0.0033481466,1.1180547,2,94,0.004330297,1.0810039,2,114,0.0005841327,1.0366708,2,144,0.0059425095,1.0244296,2,164,0.004029075,1.0540941,2,198
159,0.0012919854,1.0245824,2,25,0.002049107,1.061871,2,47,0.0059004175,1.0183629,2,67,0.010212411,0.9576279,2,90,0.013730356,1.0013186,2,138,0.0018138041,1.0305179,2,168,0.0038403235,1.0029737,2,200
160,0.0009410578,0.9795658,2,25,0.0056475704,0.91536134,2,50,0.0029552942,1.026842,2,74,0.030961083,0.98160934,2,101,0.006866479,0.9714645,2,121,0.0,0.92008287,2,141,0.0057799313,0.90328044,2,165,0.0033928286,0.9428495,2,200
161,0.0,0.9530443,2,20,0.015076527,0.97874105,2,40,0.0,1.0481784,2,61,0.0,1.0448632,2,81,0.0029760834,1.010414,2,101,0.006672555,1.0241785,2,126,0.020461068,0.9581709,3,148,0.0,1.0312036,2,168,0.010514959,0.98763406,0,200
162,0.013931746,0.94421387,2,21,0.0,0.88296133,2,43,0.0,0.6840653,0,63,0.0,0.783879,2,83,0.0,0.8946291,0,103,0.0,0.9212782,2,125,0.018332351,0.99293375,2,145,0.011008676,0.8648199,2,167,0.026185205,0.89070106,2,200
163,0.020680513,1.0219029,2,22,0.018571846,1.0005275,2,51,0.008199919,0.8627213,2,71,0.022516204,0.91102165,2,99,0.0,0.916623,2,119,0.008745965,0.99045646,2,140,0.004476907,0.8589707,2,165,0.019760424,0.8159198,2,200
164,0.016309893,1.0027117,2,20,0.014928551,1.0164793,2,41,0.0,1.0052478,2,61,0.006040539,1.0371202,2,88,0.003272837,1.0121149,2,112,0.0032275647,0.9916436,2,136,0.0035966053,1.0229794,2,156,0.013794534,0.9200964,2,176,0.0033471088,0.9962838,2,200
165,0.020261357,0.9476349,2,20,0.012396381,0.9719665,2,42,0.023927486,0.8140808,2,69
166,0.033857495,0.9647425,2,20,0.012729982,0.9615585,2,43,0.019063944,0.89150995,2,66,0.020501263,0.84547126,2,87,0.010947263,0.79815996,2,112,0.00131545,0.8061999,0,133,0.020986265,0.7565698,2,156,0.006565752,0.77391994,2,177,0.07311282,0.71142614,2,200
167,0.011488909,0.9832896,2,20,0.009962763,0.9889431,2,43,0.0,1.035764,2,63,0.02244037,1.0054392,2,84,0.013528754,0.9559042,2,105,0.0028535898,0.97636706,2,126,0.006615167,0.969722,2,155
168,0.0,1.0238274,2,40
169,0.018341834,0.9886246,2,20,0.007740561,1.0006346,2,40,0.0060149617,0.9824833,2,67,0.0033376568,0.9722648,2,89,0.020433325,0.99298614,2,117,0.015771827,0.9998614,2,137,0.003443464,1.0487516,2,158,0.0068974444,1.0310699,2,200
170,0.020404283,1.000211,2,20,0.00013589891,1.0285666,2,43,0.008780048,1.017624,2,66,0.015103281,1.018228,2,91,0.0028388572,1.0234298,2,114,0.005570196,0.98220336,2,134,0.018324934,1.005541,2,156,0.008340499,1.0366484,2,200
171,0.005707785,0.99309397,2,35,0.020355487,0.93083143,2,60,0.04186529,0.91440207,2,82,0.016053487,0.9339692,2,102,0.010086544,0.96548927,2,127
172,0.004601084,0.9088413,2,20,0.0,0.85847855,2,40,0.0,0.8874663,2,60,0.0,0.9560155,2,81,0.0,0.6587099,2,101,0.0,0.63431966,2,121,0.0,0.33992398,1,146,0.0,0.36708194,1,166,0.0,0.41365805,1,200
173,0.0065784324,0.9971145,2,25,0.0058864197,0.9830479,2,61,0.0,0.9700158,2,82,0.0,1.1055456,0,103,0.0,1.1495894,3,125,0.0,1.0845959,3,148,0.0,1.0735886,3,168,0.012455195,0.99914634,2,200
174,1.407396e-05,1.0023658,2,20,0.009125487,0.8351212,2,42
175,0.009014151,1.0000437,2,22,0.0,0.8769458,2,43,0.009806268,0.8748675,2,66
176,0.012060924,0.9620211,2,22,0.0063243876,1.0159119,2,43,0.001281372,1.0073388,2,64,0.0,0.89069796,2,84,0.0,1.0230248,2,106,0.0,0.91507876,2,126
177,0.0,1.0294889,2,22,0.0029956142,1.000779,2,71,0.004828794,0.969515,2,92,0.007857787,0.977836,2,117,0.0021890723,0.97428477,2,137,0.0,1.0372875,2,157,0.016455952,0.9697892,2,200
178,0.003981526,0.93970686,2,23,0.0083058,0.96837926,3,44,0.022307,0.88990283,2,65,0.006137376,1.0277779,2,93,0.007458654,1.0144429,2,113,0.028722858,0.9439163,2,137,0.041997325,0.9618031,2,160,0.025839591,0.8958274,2,200
179,0.008118368,0.96610516,2,28,0.00964774,1.0766252,2,48,0.004282732,1.0330896,2,74,0.017576026,0.9720669,2,96,0.017140936,0.9947055,2,116,0.0028162214,1.0130365,2,136,0.0,1.0379726,2,156,0.0029053702,1.0341778,2,176,0.016577926,0.97992057,2,200
180,0.00023364268,1.0436603,2,24,0.0039636334,1.0325854,2,64,0.0030269956,1.0215003,2,91,0.0,1.0544171,2,111,0.0019159913,1.0120955,2,131,0.015018615,1.0073731,2,151,0.0096180905,0.99732226,2,171,0.0070680426,0.9925574,2,200
181,0.008310586,1.0019757,2,20,0.0037494197,1.0356848,2,47,0.0050790887,1.0566845,2,67,0.011018081,1.0271776,2,87,0.0004601596,1.0448722,2,110,2.2593964e-05,1.0170953,2,134,0.017444966,1.0051953,2,159,0.0066322065,1.0364988,2,180,0.011513354,1.0071614,2,200
182,0.0020597621,0.8636189,2,25
183,0.0009863761,0.9937608,2,34
184,0.021118026,1.0008651,2,20,0.0,0.97254777,2,42,0.005846117,0.9890695,2,66,0.014289242,0.9813798,2,86,0.016588712,0.91622627,2,106,0.020942355,0.9335084,2,127,0.013567315,0.899193,2,150,0.0034778672,0.94245374,2,171,0.0027624222,0.9955199,2,200
185,0.0018264698,0.9559602,2,23,0.030612046,0.909613,2,45,0.0,0.8223569,2,66,0.00687843,0.96424484,2,87,0.015198816,0.8807637,2,108,0.0,0.96425676,2,129,0.004267695,1.02303,2,149,0.0,1.0613056,2,171,0.0,0.96955955,2,200
186,0.0033540498,0.9711258,2,20,0.016108785,0.9371618,2,45,0.008081146,0.9662433,2,76,0.0,1.0226877,3,97,0.024214068,0.9659564,2,120,0.018470908,0.9414794,2,140,0.0022029479,0.81193507,2,160,0.019765614,0.9567526,2,200
187,0.008955428,0.9996281,2,25,0.015374489,1.0067414,2,48,0.0066543827,0.9708732,2,102,0.0041987775,1.0355673,2,122,0.019872228,0.97809756,2,142,0.008254686,1.0459368,2,163,0.0039115264,1.0366856,2,200
188,0.0033464166,0.98503697,2,36,0.0041688494,1.0348978,2,59,0.00046405144,0.9685184,2,85,0.002333643,0.97619843,2,107,0.0,1.0402285,2,138,0.0,1.0527512,2,159,0.0046026856,0.9921065,2,180,0.01142921,0.9762083,2,200
189,0.025997639,0.9420624,2,22,0.008959748,0.9105844,2,43,0.0065904767,0.89712733,2,63,0.0,0.8884305,2,83,0.0026279879,0.8160865,2,104,0.0,0.7986549,1,124,0.011245486,0.80827975,0,148,0.06543201,0.720032,2,179
190,0.0,1.0199723,2,20,0.012040188,0.9599945,2,40,0.0002806306,0.9885194,2,60,0.008025053,0.9150431,2,82,0.0,1.0679399,2,103,0.0,1.0303923,2,123,0.0,1.0222262,2,155,0.008993141,1.0071615,2,175,0.0043453947,0.9679135,2,200
191,0.0015363775,1.0292866,2,20
192,0.0019385265,0.9707078,2,20,0.0,0.97687805,3,55
193,0.01752805,0.98438996,2,24,0.02750428,0.9237589,2,61
194,0.0019991063,0.9566895,2,20,0.0026444963,1.0132602,2,55,0.024017382,1.0001876,2,82,0.04133616,1.0109146,2,102,0.006843526,1.0135899,2,127,0.00022414187,0.9864106,2,147,0.004210773,0.9862798,0,167,0.009014624,0.94871783,2,200
195,0.00019539396,0.99697226,2,24,0.009977333,1.0745143,2,44,0.0117750475,1.001458,2,64,0.010534702,1.030812,2,103,0.0005653436,1.0076826,2,123,0.0016994918,1.0025374,2,144,0.0061738244,1.0217535,2,165,0.0012606678,1.0088094,2,200
196,0.0025266393,0.9421392,2,21,0.01267109,0.97641087,2,43,0.00029446892,0.90192986,2,63,0.009926537,0.8969604,2,84,0.028909411,0.9746831,2,105,0.02082974,0.79759055,0,126,0.024990913,0.48312217,2,146,0.105196044,0.43142295,2,166,0.06940608,0.3942325,2,200
197,0.014689489,1.0077231,2,30,0.0015886154,1.0293008,2,53,0.008641488,1.0259337,2,73,0.018829567,1.02083,2,99,5.767154e-05,1.0239908,2,128,0.0,1.0158429,2,161,0.009887288,1.0503458,2,200
198,0.0003663947,1.0130193,2,20,0.007882844,0.9975823,2,41,0.0075501218,0.9915412,2,61,0.0,1.0389313,2,82,0.011256822,0.994111,2,110,0.008205892,1.0220991,2,133,0.0,1.03576,2,154,0.00095472066,0.97337866,2,175
199,0.012084325,1.0032536,2,24,0.008327976,1.024504,2,44,0.006877108,1.0136898,2,69,0.018168634,1.0181867,2,100,0.010080224,1.0100994,2,132,0.0,1.0157168,2,152,0.010952879,1.0030798,2,174,0.011999449,1.0163206,2,200
200,0.002748492,1.017968,2,21,0.0015636481,0.9964477,2,41,0.002857069,1.0221977,2,64,0.0031101264,1.0225736,2,84,0.020163026,0.9291755,0,104,0.0,1.0906739,2,125,0.0,1.0235724,2,146,0.0,1.0587806,2,166,0.0012735939,0.9544414,2,200
201,0.004603551,1.0498233,2,20,0.0,1.014077,2,45,5.010019e-05,1.0148225,2,75,0.015116976,0.9960234,2,100,0.010538064,0.99088126,0,120,0.0028430994,0.9227226,2,141,0.015382335,0.9783557,2,161,0.0031212105,0.9861322,2,200
202,0.003980844,1.0306196,2,22,0.006881733,0.9898468,2,47,0.0040679537,0.96141297,2,68,0.0,1.0221901,2,88,0.0,1.0677857,2,108,0.010855304,0.9907802,2,138,0.007478185,0.971029,2,158,0.005016777,0.8786601,2,179,0.025433952,0.79693806,2,200
203,0.001955171,1.0347686,2,22,0.012944155,0.99546343,2,46,0.0135369,1.0133265,2,80,0.003568581,0.9912767,2,101,0.0038923793,1.0158616,2,133,0.001809215,0.9778751,2,160,0.014040579,0.9818214,2,200
204,0.012797479,1.0135541,2,26,0.015834173,1.0141938,2,47,0.008519399,0.98283017,2,68,0.019292327,1.0008433,2,88,0.00056836003,1.0197743,2,109,0.0046872133,0.9916107,2,132,0.013763508,0.8647535,2,155,0.019122789,0.98059744,2,179,0.008148838,0.96287715,2,200
205,0.0,1.0459235,2,21
206,0.0148161035,0.98678076,2,20,0.0018115358,1.0408299,2,43
207,0.0019168089,0.9783804,2,21,0.005659006,0.9984894,2,45,0.013225111,0.96439505,2,65,0.01750153,0.9065655,2,85,0.096329555,0.94953287,2,110,0.027209958,0.96048117,2,145
208,0.0057361242,1.0063888,2,30,0.0038700209,1.0206602,2,50,0.006511372,0.963057,2,73,0.05480527,0.9453605,2,94,0.019356081,0.932631,2,118,0.004663641,0.99239033,2,144,0.043258492,0.9500437,2,164,0.034750436,0.9216439,2,200
209,0.010078343,0.97154534,2,21,0.014282455,1.067968,2,41,0.0046162894,1.0520337,2,61,0.0026607793,0.98380977,2,82,0.034737933,1.0296037,2,102,0.009171317,1.0103381,2,122,0.005013773,0.9737999,2,157
210,0.01595625,0.99716115,2,25,0.025764829,0.96053714,3,45,0.0030121629,0.91818047,2,68,0.0,0.827223,2,97,0.050792333,0.78845084,0,122,0.04032103,0.8773303,2,142,0.012161496,0.95016134,2,163,0.021157693,0.98253614,2,200
211,0.0044433703,0.9849422,2,26,0.0025224928,0.995371,2,53,0.0034986818,1.0064527,2,88,0.0,1.0134621,3,108,0.010119919,0.94950104,2,139,0.005407804,0.97919637,2,161,0.0,0.9722823,2,200
212,0.0,1.009689,2,28
213,0.009992319,1.0116122,2,33
214,0.0114283925,1.0148962,2,20,0.017213162,1.0088456,2,40,0.01970787,0.9873713,2,61,0.0,0.993553,2,81,0.012157443,1.012639,2,102,0.005121966,1.0596068,2,125,0.0,1.0960878,2,146,0.0,1.1201407,2,167,0.0,1.0919604,2,200
215,0.005711085,0.98360556,2,20,0.041151248,1.0491409,2,40,0.0,1.0120561,2,63,0.0,0.92131853,2,83,0.0,0.9404982,2,103,0.003198084,0.9012326,2,123,0.0,0.81078994,0,144,0.0,1.016403,0,165,0.0023525213,0.9231513,2,200
216,0.0074785925,1.005774,2,26,0.010142123,0.94584525,2,75,0.017897364,0.8606186,2,95,0.0017747574,0.87434924,0,115,0.021773342,0.98785484,2,135,0.024653906,0.87968546,2,157,0.035165306,0.8537153,2,200
217,0.0,1.0433418,2,20,0.008072967,0.9879743,2,40,0.0023813213,0.89697,2,60,0.0037826414,0.9303726,2,81,0.008909346,0.95519406,2,104,0.020420922,0.983434,2,134,0.03889403,0.96092844,2,154,0.0,1.0524137,2,174,0.0002636229,0.944358,2,200
218,0.0039336183,1.0077214,2,20,0.0093990555,0.96923864,2,40,0.00446683,0.97228056,2,63,0.0014585055,0.9751198,2,87,0.023382623,0.9968445,2,107,0.011178632,0.9757249,2,127,0.025716942,0.9156058,2,150,0.008444424,0.89786017,2,170,0.01926121,0.9024508,2,200
219,0.008942621,0.99274874,2,20,0.0076417136,1.0252949,2,51,0.0053159134,0.99899447,2,73,0.003961169,1.0034949,2,94,0.00039736123,1.0290124,2,120,0.0026845238,0.99474895,2,140,0.014882372,0.9677866,2,161,0.016180879,0.9712657,2,200
220,0.0025829142,1.0454853,2,25,0.0,1.0405867,2,46,0.0060793506,1.0146092,2,79,0.017456736,0.9892692,2,104,0.024922248,0.96490383,2,124,0.00698031,0.9838956,2,147,0.006814904,0.94871086,2,168,0.005160239,0.98742604,2,200
221,0.0088737765,1.0376315,2,25
222,0.0055596977,1.0408376,2,40
223,0.0,1.033355,2,23
224,0.035858534,0.96311504,2,20,0.0,1.0305773,2,41,0.0,1.0348457,2,61,0.0055418434,0.93465936,2,81,0.0015813103,1.1386863,0,102,0.016211554,0.97344947,2,127,0.0,0.7971082,2,147,0.058096208,0.754109,2,167,0.07964908,0.52180284,2,200
225,0.012049621,0.99949104,2,20,0.01766627,0.98103166,2,47,0.009758664,1.0133685,2,67,0.0019762614,1.0544472,2,87,0.005659453,1.0206333,2,108,0.0,1.0869591,2,128,0.0,0.9817029,2,149,0.01486017,0.7886716,2,170,0.032458793,0.81509703,2,200
226,0.007972873,0.9657915,2,20,0.012851739,1.0047677,2,40,0.0054735285,0.98638475,2,78,0.00011640379,1.0125393,2,99,0.0052811923,0.9340108,2,120,0.0,0.8380232,2,140,0.0065148524,0.91843885,2,161,0.0062676743,0.77756584,0,200
227,0.0012232333,0.99579763,2,48,0.012592564,0.96949625,2,68,0.0,1.0480101,2,88,0.0065584094,0.97337055,2,108,0.0026350582,0.9972921,2,137,0.0,1.0516988,2,164,0.011760268,1.0212538,2,200
228,0.0072783167,0.9517001,2,31,0.0,0.9556378,2,51,0.005466361,1.0271174,2,72,0.005323573,1.0558883,2,99,0.008416737,1.0480077,2,120,0.006698919,1.0236472,2,141,0.00932803,1.0309322,2,161,0.0008215158,1.0081179,0,200
229,0.0158357,1.0023081,2,23,0.020129902,1.0244844,2,50,0.0049725208,1.0034426,2,73,0.0,0.97726226,2,100,0.008184111,1.019769,2,120,0.006134935,0.9572714,2,142,0.005815146,0.9552235,2,168,0.00548119,0.96529377,2,200
230,0.0048147454,1.0238779,2,20,0.0053728893,1.0028228,2,42,0.014538387,0.959015,2,71,0.011294209,0.9454169,2,94,0.007958558,0.9991536,2,127,0.008551621,0.9685429,2,147,0.015267536,1.0088278,2,167,0.0,1.0407848,2,200
231,0.0043589915,0.9928538,2,23,0.0012465306,0.8873687,2,44,0.010635078,1.0119472,3,64,0.020261249,0.9281579,3,103
232,0.011986779,0.89551836,2,21,0.036425404,0.72252744,2,46
233,0.0,1.0374819,2,37
234,0.010271176,0.9750739,0,23,0.017647218,0.8388263,2,43,0.0010783932,0.8332323,2,65,0.0,0.7731708,1,86,0.04172148,0.76416916,2,107,0.0035195753,0.7455135,0,134
235,0.0033985341,0.68109465,2,21,0.0,0.3047117,2,41,0.0,0.18602064,1,61,0.0,0.38705057,1,81,0.0,0.50445163,2,101,0.0,0.22731829,1,122,0.0,0.21422581,0,142,0.0,0.34625623,0,165,0.004200831,0.12549588,0,200
236,0.0011263428,1.0038893,2,21
237,0.00055844506,1.0209323,2,21,0.0039869742,1.0542004,2,59,0.0,1.064578,2,81,0.0123673575,1.0297287,2,105,0.003136397,1.0286674,2,125,0.00087619945,1.0431912,2,145,0.0045276512,1.006981,2,169,0.025636343,1.0207114,2,200
238,0.004052454,1.0140725,2,21,0.0,0.9915419,2,47,0.0034521837,0.9690653,2,67,0.012273819,0.9836117,2,92,0.0009367168,1.0638044,2,115,0.0035293223,1.0143616,2,139,0.02311871,0.9849653,2,159,0.0035824818,1.0066501,2,179,0.007083455,1.0018107,2,200
239,0.010352814,0.9903718,2,20,0.011282676,1.0086125,2,40,0.0041013598,1.0765116,2,62,0.0076857097,1.0057191,2,86,0.016186945,1.0227501,2,106,0.010869131,0.9751155,2,132,0.0020953834,0.9905904,2,152,0.0010224776,0.9794735,2,174,0.0023710667,1.0348101,2,200
240,0.0062759006,0.97988695,2,25,0.004082976,0.9895449,2,47,0.0019856945,0.9705225,0,67,0.01245402,1.0454868,2,90,0.009164831,1.0637761,2,110,0.0059993113,1.0388448,2,133,0.0,1.0956275,2,155,0.008816259,0.89611244,2,176,0.015433957,0.8999885,2,200
241,0.023563145,0.85224545,2,21,0.0,1.099023,0,44,0.0,0.58144915,0,64,0.0,0.88859,2,85,0.0,0.5727034,0,106,0.0,0.8977297,0,126,0.0,1.0137609,0,146,0.010750925,0.7350892,1,166,0.0080003515,0.49205157,0,200
242,0.006383695,0.97445315,2,23,0.0,1.0207028,2,45,0.0019885176,0.971138,2,65,0.009388758,0.85606164,2,85,0.0,0.9195442,2,105,0.00045296628,0.8537667,2,126,0.014620642,0.86748326,2,146,0.016027302,0.9056905,0,166,0.0,0.833057,0,200
243,0.010496421,1.0067809,2,20,0.013514946,1.0034965,2,50,0.00561835,1.0392963,2,72,0.005782522,1.0345467,2,92,0.00976702,1.0112333,2,112,0.0005143497,1.0033514,2,132,0.0040409686,0.927968,2,152,0.0,1.0165623,2,172,0.017867263,0.9777833,2,200
244,0.025936058,0.94574463,2,20,0.0,1.0055853,2,41,0.011037603,0.9149917,2,61,0.0,1.0064614,3,81,0.0,1.0038996,2,102,0.017028634,1.0428504,2,127,0.0029066515,1.0039577,2,148,0.06570266,0.94590336,2,177
245,0.0036542062,1.0010227,2,23
246,0.0,0.8236694,0,23,0.032179706,0.8577369,2,44,0.026808646,0.39994127,2,72,0.13692369,0.44441068,2,94,0.0,0.42385513,2,114
247,0.0028696216,1.005002,2,21,0.010457034,1.0304817,2,54,0.012718455,1.011937,2,79,0.01890115,0.9789818,2,99,0.025398577,1.0278975,2,127,0.0013262129,1.003514,2,150,0.009436727,1.0140212,2,170,0.004282354,1.0257399,2,200
248,0.0013352002,1.0188407,2,23,0.03215937,0.97858894,2,46,0.0035789926,0.99238664,2,66,0.0,0.9772703,2,87,0.0,0.9438824,2,111,0.0036014125,0.95821095,2,131,0.0064813048,1.0244293,2,151,0.028256716,0.9893227,3,174,0.0,0.8547208,2,200
249,0.0,0.9672095,2,21,0.0,0.92548674,2,46,0.0,0.91981775,2,68,0.051510137,0.9277776,2,89,0.0010418447,0.8526409,2,109,0.022817703,0.98549706,2,130,0.007492951,0.91432464,2,150,0.0,0.8337671,0,170,0.0,0.6002859,0,200
250,0.007904076,1.0035672,2,22,0.029765716,0.9815486,2,48,0.009256242,0.9621705,2,68,0.0073316116,0.97904074,2,91,0.013122191,0.9649876,2,111,0.01494414,1.0225866,2,133,0.006480819,0.981681,2,153,0.00027882803,0.9981071,2,173,0.0036324742,0.99803597,2,200
251,0.0021426007,0.96988755,2,20,0.01107913,0.89583933,2,41,0.0077220057,0.8981839,2,69,0.024280993,0.92111915,2,91,0.0,0.9338635,2,112,0.0,0.6541216,2,132,0.0,0.80100965,2,152,0.0044301758,0.624052,2,172,0.0026084955,0.7221642,2,200
252,0.0054935426,0.993778,2,25,0.0,0.98942363,2,45,5.768466e-05,0.9705518,2,68,0.01414651,1.002353,2,88,0.007806058,0.988756,2,110,0.0,1.0085515,2,132,0.0,1.0757363,0,152,0.00777642,1.0156214,2,173,0.010279004,1.0432706,2,200
253,0.0,1.0498607,2,20,0.00073876407,1.0335959,2,49,0.0054184543,1.0512161,2,71,0.0006776898,1.0652627,2,102,0.011477514,1.0593818,2,137,0.007003453,1.0060833,2,164,0.0076328334,1.036824,2,200
254,0.014827678,0.9510302,2,31,0.012950437,0.9606476,2,51,0.025018219,0.90433466,2,71,0.008871382,0.8783165,2,97,0.0058902903,0.9732623,2,117,0.004046014,0.6543204,2,146
255,0.022723088,0.9745871,2,20,0.0015558965,0.92605674,2,47
256,0.005312927,0.91735375,2,20,0.002294915,0.9317165,2,46,0.062599614,0.8459886,0,66,0.032060433,0.59959155,2,87,0.0,0.5630125,0,107,0.13806124,0.48531586,0,128,0.0,0.74887323,0,148,0.0,0.5272384,2,168,0.07378425,0.68796694,0,200
257,0.022300804,0.9463452,2,25,0.0,1.0503025,2,45,0.012777467,1.0323349,2,66,0.026348969,1.0625172,2,86,0.0033344962,1.0290796,2,106,0.0,1.0883281,2,126,0.0,1.1008813,2,147,0.003859348,1.1298963,2,167,0.0015676905,1.0194974,2,200
258,0.003981166,0.9866569,2,25,0.016027698,0.9114131,2,45,0.029215308,0.92336464,2,66,0.00043389256,0.9242157,2,86,0.0013706718,0.90751857,2,107,0.0003160198,0.8179045,2,127,0.0,0.80343723,0,147,0.0,0.8420836,2,167,0.0043083583,0.96898144,2,200
259,0.004798453,0.99747986,2,27,0.008990575,0.99999666,2,54,0.012425506,0.9735638,2,86,0.0076464387,0.9339864,2,108,0.0,1.0243888,2,138,0.0014990175,1.0237501,2,159,0.0054952255,1.0385193,2,180,0.0065121995,1.0227909,2,200
260,0.012725407,1.0003769,2,20,0.0068104235,0.9696341,2,42,0.007263966,1.0192165,2,62,0.0048691616,0.9550273,2,82,0.010819921,0.966442,2,108,0.0065239063,0.96846354,2,129,0.003854809,1.0492201,2,150,0.004085519,1.0292859,2,180,0.0,1.0211678,2,200
261,0.002597953,0.9464566,2,20,0.0,0.9242186,2,42,0.0037906498,0.962424,2,66,0.0,0.89217865,2,87,0.027207296,0.9690692,2,107,0.0144512085,0.9137901,3,127,0.0,0.7490943,2,147,0.021883493,0.68419766,2,169,0.02034385,0.8020564,2,200
262,0.019492263,0.9866269,2,23,0.0020103,1.000128,2,43,0.0028490135,1.0305396,2,76,0.0,1.0204444,2,103,0.0,1.0607992,2,141,0.0011330561,1.0175011,2,178
263,0.0,1.0313002,2,26,0.006950804,1.0141727,2,46,0.022519382,0.99297357,2,71,0.006201431,1.0191731,2,92,0.02589596,0.9825867,2,115,0.017368468,0.93958545,2,137,0.07218215,0.92043257,2,157,0.03229934,0.95686466,2,200
264,0.0057529877,0.9876418,2,29,0.00030567986,0.9827552,2,53,0.0,0.9307524,2,73,0.03736261,0.6703468,2,93,0.025577432,0.8184843,2,113,0.0030420618,0.866346,2,135,0.0,0.8841885,2,158,0.025608271,0.9074705,2,180,0.016497165,0.9577675,2,200
265,0.0019271955,1.0387896,2,20,0.025781795,0.9463221,2,40,0.011548137,0.91931707,2,61,0.017588843,0.97616416,3,81,0.020399693,0.9589533,2,108,0.08181397,0.9130021,2,130,0.011995223,0.9438195,2,150,0.03526015,0.9007041,0,171,0.014592823,0.9176749,2,200
266,0.008179588,1.0155103,2,21,0.0,1.0219494,2,41,0.006187941,1.0196673,2,69,0.004751918,0.9754964,2,99
267,0.0,1.0053052,2,20,0.005898931,1.0320075,2,60
268,0.0054318993,0.9604393,2,28,0.003435362,1.0046788,2,49,0.021308953,1.0406826,2,69,0.010469906,1.0544715,2,92,0.017321702,0.98204046,2,118,0.014945437,1.0209025,2,158
269,0.0035194969,1.0208957,2,39,0.0105385985,0.97069216,2,70,0.0024717208,0.9380454,2,90,0.0,0.95109904,2,124
270,0.0066275126,0.99175316,2,21,0.022429375,1.0062693,2,42,0.009629663,0.94858956,2,68
271,0.002892887,0.98526055,2,32,0.009420397,0.9713475,2,52,0.033388816,0.94311464,2,72,0.022963297,0.9575531,2,92,0.013825524,0.9771538,2,112,0.0,1.0327917,2,133,0.0,1.0079479,2,155,0.024920398,0.9665588,2,177,0.0073484816,0.9802485,2,200
272,0.0057005817,0.95199883,2,20,0.014830666,0.9380308,2,41,0.0139328325,1.0053008,2,62,0.010519638,0.94248927,2,82,0.016676456,0.97081655,2,108,0.010370055,1.0009462,2,130,0.004505857,0.9800078,2,151,0.0011249477,0.9551725,2,172,0.007392301,0.8901319,0,200
273,0.014399549,1.0164597,2,20,0.0005823966,0.99595046,2,47,0.0,1.0307572,0,67,0.013403053,0.9919863,2,87,0.003978569,1.0194379,2,112,0.0,1.0437804,2,132,0.009178523,1.0108442,2,153,0.020681463,1.0500977,2,176,0.008424692,1.0423616,2,200
274,0.014593318,0.9077479,2,20,0.023479726,0.87223524,2,41,0.020106556,0.8128584,2,63,0.051315676,0.8310609,0,83,0.05053816,0.77269495,2,103,0.09009461,0.566557,0,123,0.0055898004,0.46312562,0,143,0.0021628016,0.55409276,0,163,0.03616799,0.6239445,2,200
275,0.0025520483,1.0105307,2,20,0.009742784,1.0095707,2,53
276,0.0033194441,1.0031116,2,25
277,0.022299197,0.9912454,2,33
278,0.0,1.0210844,2,28
279,0.007252945,1.0128773,2,20,0.004784097,1.0080161,2,49,0.0,1.0246689,2,74,0.006476713,1.0063059,2,95,0.010804172,1.0217274,2,115,0.012796866,0.9955833,2,136,0.0037637788,1.0200257,0,156,0.00064083544,1.0146729,2,176,0.024563467,0.98954654,2,200
280,0.0,1.0263815,2,20,0.00011394834,1.0411674,2,40,0.008230077,1.0308661,2,61,0.010010287,0.98453426,2,85,0.0033468206,0.98566884,2,106,0.016973505,0.96407217,2,127,0.016549995,1.009372,2,147,0.0055653765,1.0314605,2,167,0.0013153288,1.0286996,2,200
281,0.0032432782,0.9952663,2,20,0.011973262,1.0299518,2,42,0.011526129,0.9587156,2,73,0.0061325203,0.9641086,2,94,0.002073536,0.9621274,2,118,0.0019352016,0.9954242,2,143,0.0024559456,1.0005656,2,163,0.004817841,0.9729477,2,200
282,0.017974723,1.0073903,2,22,0.0035915952,1.0015199,2,42,0.033366732,0.99039584,2,62,0.010566151,0.9416852,0,82,0.01137704,0.97846204,2,104
283,0.0077961246,0.99681604,2,20,0.0,0.9465076,2,41,0.00024293666,1.0295376,2,65,0.0,0.950807,2,85,0.0,1.0065421,2,105,0.0,1.0445538,2,127,0.0,1.0215958,2,151,0.0058819,1.0135527,2,172,0.0018494524,1.0254769,2,200
284,0.0073458767,0.98316103,2,27,0.004981733,1.0826207,2,49,0.0043723895,1.0751879,2,72,0.012945886,0.97592515,2,92,0.0017745568,1.0071766,2,116,0.021183502,1.0101407,2,136,0.015895562,0.9870135,2,156,0.0046639554,1.0101467,2,179,0.0051838253,0.9622227,2,200
285,0.017897235,0.9896353,2,46,0.0034870815,0.9120738,2,66,0.0,1.040843,2,86,0.0,1.0386233,2,107,0.0,1.006721,2,127,0.00030296147,0.9868897,2,147,0.0028851766,1.0308979,2,173,0.0016970006,1.0175061,2,200
286,0.0044306125,0.95663494,3,29,0.006198329,0.9858313,2,51,0.006050111,0.9749893,2,71,0.004183571,1.0594074,2,93,0.0,1.0423702,0,114,0.0,1.0629842,0,135,0.0,1.0905422,0,155,0.0,1.017288,2,177,0.012180427,0.96526957,2,200
287,0.0064884084,0.9442192,2,24
288,0.0027857502,0.90888214,2,20,0.00056918873,1.0019634,2,43
289,0.006511183,1.0308633,2,35
290,0.014069274,0.95436794,2,20,0.014974249,0.98964614,2,42,0.006563286,1.006968,2,63,0.0031834038,1.0032948,2,87,0.018754736,0.96074176,2,109,0.009913114,0.9470253,2,130,0.008716987,0.94173396,2,150,0.006533173,0.9904755,2,172,0.0030627847,0.9871012,2,200
291,0.008374255,1.0125564,2,24,0.018358804,0.9986013,2,47,0.004929155,1.0016415,2,70,0.0,0.9890008,2,90,0.001166426,0.9861478,2,112,0.0,1.0020999,2,136,0.0082144905,0.9720545,2,156,0.01736175,1.0040823,2,178,0.010808491,1.0201879,2,200
292,0.0012203876,0.96522665,2,20,0.0,1.004689,2,40,0.03568881,0.9432219,2,61,0.0048381984,0.9773168,2,88
293,0.011454062,0.9751568,2,20,0.018708939,0.98396987,2,40,0.0,1.065411,2,64,0.0,1.0851481,0,85,0.0,1.0825884,2,105,0.009573446,0.90120995,2,125,0.011894099,0.9706823,2,149,0.0023659733,1.0051863,2,176,0.0,1.0210768,2,200
294,0.0035938176,0.9667463,2,23,0.026344404,0.9364683,2,43,0.028995132,0.9402121,2,63,0.025649395,0.9024701,2,83,0.024840793,0.8771813,2,104,0.0,0.9410704,2,124,0.0,0.9957525,2,144,0.0,0.9604906,0,164,0.013571966,0.93244743,3,200
