0,0.0006293337,1.0201735,2,23,0.008256288,1.0230483,2,44,0.0072072204,1.0064847,2,74,0.009656297,0.9991624,2,102,0.0095253335,1.0379658,2,123,0.0033896854,0.9823725,2,145,0.0,0.99108523,2,165,0.0017532092,1.0138992,2,200
1,0.0074803145,0.99668044,2,23,0.0004975249,1.0372277,2,44,0.0018269985,1.0097607,2,64,0.0018992,0.95884615,2,85,0.004861691,0.9778302,2,121,0.001728561,1.0468988,2,147,0.007936681,1.0277082,2,167,0.01640483,1.0250778,2,200
2,0.00472914,1.044134,2,26,0.0,1.007956,2,46,0.008492907,0.96555245,2,74,0.0067855217,0.8715414,2,94,0.021663522,0.95812356,2,117,0.00093831704,0.9613951,2,140,0.004085984,0.99097526,2,160,0.006686213,0.87881976,2,180,0.03858075,0.95704824,2,200
3,0.015488069,1.0544008,2,20,0.0,1.0672637,2,42,0.010385223,1.0794356,2,62,0.003093146,1.0130892,2,91,0.0,1.0401919,2,111,0.0,1.0029856,2,133,0.0,1.044545,2,155,0.0022114282,1.0630423,2,179,0.00431932,1.0445276,2,200
4,0.0,1.0149968,2,21,0.01823181,1.037071,2,42,0.0063481685,1.0028944,2,63,0.007941669,1.0166322,2,83,0.008510094,0.9488041,2,108,0.014076554,0.97866786,2,130,0.0068096905,0.97115785,2,150,0.030370262,0.9740755,2,170,0.0,0.97569376,2,200
5,0.009869953,0.9813529,2,21,0.0023091424,1.0139018,2,42,0.011990142,1.0724752,2,67
6,0.0004514393,1.042013,2,33
7,0.00078416924,0.9950352,2,23,0.011574699,0.9815634,2,43,0.003203395,0.99822176,2,63,0.011718869,0.9881483,2,93,0.00076887856,0.97684157,2,115,0.00549869,0.9897466,2,136,0.00028146847,1.0133153,2,161,0.0030604408,1.0158334,2,200
8,0.0,0.8568932,2,20,0.035019107,0.95227623,0,40,0.06819327,1.0750027,0,60,0.0,1.0484825,3,80,0.0,0.74385947,3,100,0.0,0.44683823,3,120,0.0,0.6820787,2,140,0.111055195,0.5748766,2,165
9,0.006269332,0.9646496,2,23,0.027220886,0.9314989,2,43,0.0039814906,0.930912,0,63,0.040862344,0.905763,2,84,0.03315634,0.8936591,2,105,0.016894232,0.7900696,2,126,0.0058776424,0.87474424,2,146,0.0,0.84979916,2,166,0.006217191,0.4810041,0,200
10,0.007313375,0.9974509,2,22,0.00062857795,0.9967488,2,53,0.015083233,0.90788114,2,75,0.0041077295,0.9643906,2,95,0.0010853333,0.99790037,2,115,0.0,0.92219645,2,137,0.012153553,0.9314653,2,158,0.047214665,0.94034016,2,178,0.0048917737,0.97009546,2,200
11,0.010097055,0.9930199,2,20,0.008472865,1.013154,2,41,0.000719312,1.0014434,2,61,0.0009573552,1.031267,2,81,0.015685782,0.98366666,2,108,0.0065527754,0.97580534,2,134,0.0,1.038286,3,154,0.0,0.9869034,2,176,0.0,1.0263462,0,200
12,0.003542696,0.9876226,2,20,0.0,0.9944331,2,40,0.001681575,1.0079858,2,63,0.0040752827,1.0219855,2,90,0.015812417,1.0095257,2,114,0.0062707267,1.0523787,2,157,0.0,1.0614995,2,178,0.00047626288,1.0439814,2,200
13,0.009295581,0.9417634,2,21,0.017810928,0.8970908,2,42,0.0006886672,0.90611964,2,62,0.026989713,0.90358114,2,82,0.004037561,0.9256236,2,102,0.0,0.99053365,2,122,0.024414295,0.9417225,2,142,0.009147569,0.97362655,2,163,0.0060185194,1.0185238,2,200
14,0.01431223,0.96228987,2,27,0.016325096,0.9370152,2,47,0.03765185,1.0063238,2,67,0.044464305,0.9698516,2,88,0.031235611,0.9177639,2,115,0.007349319,0.9832648,2,135,0.012931736,0.93426913,0,155,0.0038045496,0.873078,2,175,0.019484207,0.94082236,2,200
15,0.011460416,0.9618211,2,21,0.04652834,0.92900175,2,55
16,0.00091677846,1.0175529,2,22,0.026800578,0.9593976,2,46,0.0,0.9798201,2,66,0.007902762,0.9665745,2,86,0.019049535,1.0079747,2,106,0.012900661,0.94202805,2,127,0.01217987,0.8087689,2,147,0.034715448,0.91178674,2,167,0.007967263,0.9184798,2,200
17,0.0012456876,1.020659,2,20,0.008866335,0.978874,2,41,0.009575328,0.95554876,0,62,0.014974639,0.90219074,2,86,0.010115684,0.9865418,2,118,0.004586248,0.9954438,2,138,0.0055763125,0.99191964,2,166,0.022147141,0.9437267,2,200
18,0.0010950295,0.9973219,2,21,0.05283589,0.92413247,2,42,0.0,0.91144323,2,62,0.0046922513,0.9406148,2,83,0.06196386,0.7288792,0,108
19,0.0030227397,1.0284079,2,29
20,0.030746618,1.01109,2,20,0.0,1.0581009,2,47
21,0.0021975583,0.9911256,2,20,0.01125065,0.9883674,2,41,0.008982183,0.95174915,2,61,0.0,0.89058256,2,81,0.0,0.80562913,2,101,0.028197248,0.88482344,2,124,0.0,0.8346967,2,148,0.0,0.8506687,2,170,0.036099482,0.72573954,2,200
22,0.0075595356,1.0006006,2,26,0.014023101,0.9850477,2,46,0.0035592176,1.0035881,2,66,0.0074583828,1.0091722,2,86,7.249075e-05,1.0448657,2,109,0.0036427428,0.99963045,2,130,0.0,0.91154057,2,153,0.025494903,0.9187256,2,173,0.013983355,0.9498866,2,200
23,0.0023173168,1.0168658,2,21
24,0.0017056593,0.96457374,2,20,0.020230208,0.81179106,2,42,0.0,0.83480227,2,62,0.0,0.7726551,0,83,0.0,0.6669777,1,103,0.0,0.79353386,2,124,0.0,0.6745383,2,145,0.0,0.5936185,2,165,0.009021323,0.9090983,2,200
25,0.0005124265,1.0512868,2,23,0.026946291,1.0225576,2,43,0.0024934597,1.0528758,2,63,0.019304954,0.9856968,2,83,0.008712287,0.9740032,2,106,0.0048172674,1.0018845,2,129,0.0021770953,0.99182206,2,152,0.0028240718,0.94758576,0,172,0.009083784,0.88575983,2,200
26,3.8842805e-05,1.0213906,2,28,0.0,1.0393306,2,51,0.001316947,1.017795,2,71,0.0,0.9668749,2,91,0.009968325,1.0243872,2,120,0.0017064593,0.96630645,2,145,0.012526873,1.0117954,2,167,0.017049283,0.9955074,2,200
27,0.0063102096,0.9573884,2,27
28,0.004090868,0.8240774,2,20,0.0,0.504553,0,41,0.008465848,0.8807558,3,61,0.01872517,0.9533904,2,82,0.0,1.0010803,2,102,0.0,0.5804845,2,122,0.0,0.4020566,0,142,0.15155768,0.12730879,1,162,0.14210132,0.10636049,2,200
29,0.0030637458,0.9786471,2,20,0.02415023,0.9143866,2,41,0.028184164,0.9779936,2,84
30,0.013160925,0.9463612,3,21,0.0,0.99025583,0,41,0.012206305,0.6821058,2,67
31,0.0,1.0035528,2,27
32,0.0022746485,1.0013678,2,30
33,0.013681538,0.959103,2,25,0.0,0.9703466,2,45,0.0,0.58340687,1,67,0.0,0.5312574,2,89,0.021976128,0.4211678,0,112,0.0,0.512539,1,132,0.0,0.46520537,1,155,0.015473008,0.53822446,1,175,4.9137045e-05,0.7939822,2,199
34,0.0040698913,1.0465987,2,22,0.008539692,1.0344132,2,42,0.0003706606,1.0414897,2,76
35,0.0023455804,1.0307269,2,23
36,0.0003260093,0.9685935,2,20,0.010676254,0.98122776,2,41,0.0011833333,1.0097451,2,62,0.018846123,1.0140365,2,86,0.015933901,1.0299764,2,108,0.014718456,0.97566634,3,128,0.00994456,1.020803,2,155,0.0026960466,1.0305582,2,200
37,0.0058189468,0.9749152,2,20,0.0046153837,0.99446535,2,40,0.027191795,0.9463788,2,61,0.011543806,0.9206945,2,81,0.0034449804,0.90044487,2,102,0.011505237,0.97095233,2,122,0.01178907,0.9520901,2,142,0.011487318,0.95842505,2,167,0.03070811,0.95657325,2,200
38,0.0053528342,0.97286856,2,32,0.010971906,0.9666891,2,67
39,0.00648347,1.0082083,2,20,0.0030817308,1.084827,2,42
40,0.009282729,1.0043336,2,22,0.00888996,0.9800606,2,43,0.002861411,0.971938,2,63
41,0.0,1.0215338,2,21
42,0.009270845,1.021079,2,20,0.001654194,1.007446,2,45,0.015223471,1.0226752,2,65,0.009198072,1.01531,2,91,0.004978248,1.0063429,2,116,0.009809079,0.9858094,2,143,0.018002132,0.9593136,2,163,0.00402661,0.9581744,2,200
43,0.002261467,1.0156835,2,26,0.0014180879,0.97465396,2,48,0.013960068,0.9325681,2,69,0.019359369,0.94350404,2,106
44,0.013270016,0.9779238,2,31
45,0.008126966,0.9794239,2,20,0.038614698,0.9225504,2,40,0.02529316,0.97574586,2,60
46,0.012485293,0.9587095,2,29
47,0.0016485817,0.96339506,2,27,0.0,0.9983304,2,53,0.010222478,0.96541643,2,73,0.0015679867,0.99692804,2,97,0.0017944142,0.8905281,2,117,0.0,0.79429674,2,138,6.410301e-05,0.7969102,2,161,0.0,0.8879033,2,200
48,0.006219316,1.0219454,2,23,0.0,1.0420663,2,46,0.007824056,0.9826604,2,67,0.010643376,0.9651702,2,88,0.0010248335,0.9500412,2,108,0.008536823,0.98638535,2,132,0.0060835145,0.98552066,2,153,0.0,0.94276726,2,174,0.043838166,0.8278361,2,197
49,0.0053863237,1.0114306,2,26,0.00862716,0.98718566,2,46,0.010737842,0.96709955,2,66,0.0041871173,0.9456212,2,86,0.03143123,0.9323719,2,106,0.027117718,0.95722723,2,127,0.0064738644,0.93590987,2,147,0.006977233,0.92574346,2,174,0.012521909,0.9406963,2,200
50,0.0039371676,0.97810185,2,27,0.012412914,0.97701377,3,47,0.008398034,0.8791701,0,71
51,0.016187869,0.9964868,2,20,0.003420353,1.0645102,2,40,0.0040278183,1.0284599,2,62
52,0.0072939307,1.0011044,2,23,0.024385268,0.95827204,2,44,0.057173904,0.90978146,2,70,0.0056763925,0.93910456,2,93,0.04093019,0.8756981,2,114,0.0017911876,0.94055635,2,134,0.055802874,0.90243036,2,154,0.025315918,0.84232414,2,190
53,0.0013771905,0.9895573,2,25,0.0391037,0.9428957,2,45,0.0058415956,0.9021902,2,65,0.0033937283,0.9522322,2,85,0.0009188129,1.0447042,2,105
54,0.0124263065,1.0490127,2,31
55,0.005638946,0.93931264,2,20,0.0080382265,1.0142264,2,43,0.006267902,1.0373961,2,66,0.0005892951,1.0440955,2,91,0.014651125,1.0127118,2,111,0.021367852,1.0324668,2,131,0.004586687,1.0985881,2,151,0.0,1.074315,2,171,0.006470419,1.0687417,2,200
56,0.009468441,1.0037997,2,20
57,0.00860327,1.0216575,2,22,0.00095707754,0.99699855,2,46,0.0040014754,0.99740255,2,67,0.027017286,0.99982816,2,87,0.0068138298,1.0234237,2,118,0.00041203937,1.0093305,2,139,0.0,1.0715797,2,159,0.009397713,0.9887387,2,200
58,0.0010293396,1.0149033,2,27,0.009775965,0.99274534,2,50,0.007477069,1.0219126,2,74,0.0,1.015368,2,95,0.0,1.0042115,2,115,0.011462931,0.9798574,2,142,0.0057300436,0.9987729,2,163,0.015544073,0.9597921,2,200
59,0.0044985265,0.9323236,2,21,0.0019199126,1.0223174,2,43,0.023529341,0.9364241,2,63,0.00245373,0.9690833,2,84,0.02076185,0.98613566,2,104,0.0065896483,0.9345726,2,126,0.006052057,0.99094814,2,154,0.0052798307,0.89453834,2,175,0.020252261,0.8751468,2,200
60,0.013302797,0.97823775,2,20,0.01746968,0.9558407,2,40,0.054847013,0.92882127,2,60,0.0074018734,0.9580326,2,80,0.022190286,0.9782563,2,104,0.0038889113,0.9841397,2,129,0.02044042,0.9782876,2,158,0.011060767,0.9731181,2,179,0.03167104,0.9526385,2,200
61,0.016245248,1.015713,2,20,0.0017965421,0.9743441,2,49,0.00430987,0.99221015,2,76,0.0,1.0023202,2,96,0.01140263,0.96035606,2,117,0.0069581117,0.9399454,2,142,0.005146853,0.9990588,2,164,0.0053866906,0.9781739,2,200
62,0.0010198671,1.0031031,2,22,0.0010900277,1.0156745,2,50,0.025771912,0.99680406,2,70,0.0067820265,0.9720497,2,94,0.011776068,0.95300335,2,118,0.014407437,1.0019661,2,153,0.0044038305,1.0389836,2,174,0.00822155,1.0653334,2,200
63,0.010277046,1.0036845,2,25,0.0015291095,1.0064509,2,47,0.006515067,0.9703395,2,68,0.0039246837,1.0238484,2,101,0.004506051,0.9823889,2,123,0.0037551317,1.0182371,2,144,0.0023501506,1.0263581,2,166,0.00022521697,1.0281038,2,200
64,0.0,1.0148505,2,22,0.0011777221,1.0322242,2,43,0.0021911531,1.006088,2,78
65,0.004418475,0.9979841,2,21,0.037822753,0.9137879,2,46
66,0.009716877,0.8807131,2,20,0.0071488647,0.8555042,2,40,0.009845367,0.8352214,2,60,0.0,0.7372617,2,84,0.0026034717,0.62391055,0,104,0.0,0.45879683,0,124,0.0,0.76670134,0,144,0.015096784,0.50948036,1,182
67,0.002246249,0.9925864,2,34
68,0.0036723465,0.9480455,2,22,0.008246725,1.0002829,2,51,0.004670145,0.9615926,2,89
69,0.0,0.83924234,2,20,0.019827714,0.9226033,2,44,0.0023024166,1.0386244,2,65,0.015387605,0.912365,2,111
70,0.029156653,0.68419987,2,23,0.054488905,0.71197206,2,43,0.09077664,0.6695489,0,63,0.085231274,0.33966407,2,83,0.0,0.17763333,2,103,0.30203044,0.22977862,2,138
71,0.0072923414,0.99201477,2,21,0.014334303,0.93254775,2,41,0.0049532764,0.92799175,2,62,0.0,0.9698955,2,88,0.005713401,0.97865456,2,108,0.009978303,0.93461496,2,131,0.001347676,0.8917341,2,151,0.0033775226,0.7553497,0,171,0.0,0.92074704,2,200
72,0.02786738,0.9942436,2,21,0.0119891325,1.0113231,2,41,0.005170944,1.0252376,2,61,0.007364597,1.022669,2,82,0.009932995,1.0185745,2,102,0.016761674,0.9694096,2,128,0.0020470987,1.033571,2,148,0.012263656,0.9916708,2,168,0.009492099,1.0314788,2,200
73,0.011612023,0.9956577,2,21,0.006276587,0.9682634,2,57,0.008001086,0.97674096,2,77,0.007236882,0.9766092,2,107,0.013621131,0.9905416,2,127,0.009748809,0.983099,2,148,0.015279723,1.0159043,2,168,0.007173647,1.0092741,2,200
74,0.002339216,1.0158188,2,20,0.006548371,0.986239,2,49
75,0.009857566,1.0179074,2,26,0.0043246597,0.97614443,2,49,0.012505019,0.9211456,2,79,0.0026409733,1.0107746,2,122,0.020559162,0.9848872,2,143,0.023341557,0.9419949,2,178,0.058007143,0.85938734,2,200
76,0.0029518728,1.01664,2,21,0.011199266,1.0322205,2,45,0.012063665,1.0022036,2,65,0.0,1.0110918,2,86,0.008899332,0.93465316,2,122,0.008554057,0.94902265,2,143,0.016669158,0.9901305,2,164,0.003142728,0.99101585,2,200
77,0.004529137,1.0295097,2,21,0.011095108,1.0000238,2,42,0.0011621837,1.0173135,2,67,0.024950078,0.96740973,2,87,0.00030331902,1.042938,2,107,0.004478375,0.99928945,2,131,0.002838939,0.9859775,2,151,0.002827437,1.0574563,2,173,0.00875796,1.0479648,2,200
78,0.010028307,0.983237,2,21,0.029187955,0.94652057,2,50
79,0.00045396562,1.019718,2,26
80,0.008558665,1.0420867,2,28
81,0.0,0.98230284,2,20,0.0,1.0255371,2,40,0.00056132535,0.9873791,2,72,0.01712243,0.96334654,2,94,0.011285479,1.0442488,2,119,0.008167788,1.0262935,2,139,0.019268915,0.8830286,2,162,0.014065057,0.92095476,2,200
82,0.0035851996,0.96610963,2,20,0.009436868,0.9402255,2,41,0.010479063,1.0372235,2,64,0.010408807,0.9574476,3,88,0.0,1.0600923,2,109,0.0,0.9409991,0,131,0.006121489,0.9904175,2,151,0.0,0.9783742,0,171,0.028933244,0.726409,0,200
83,0.020975294,0.99094296,2,35
84,0.0006631721,1.0490282,2,20,0.009418028,1.0118604,2,43,0.03349919,0.97785914,2,64,0.010736556,0.9987641,2,87,0.0,1.0282047,2,107,0.0045357486,0.93894356,2,127,0.006372693,1.0243046,2,147,0.04848206,0.91289836,2,167,0.05257847,0.86976296,2,200
85,0.017716274,0.9457634,2,23,0.023668693,0.91910857,2,43,0.015658554,1.0568767,2,64,0.0045667654,0.9799142,3,85,0.08045551,0.8387327,2,105,0.0,0.9397847,2,125,0.0035122724,0.9682611,2,151
86,0.0006472241,0.98556226,2,38,0.0,0.9806253,2,58,0.00552254,0.972732,2,80,0.0013540359,1.0188297,2,100,0.0015558981,1.0277059,2,126,0.0045692464,1.0430996,2,147,0.00093224936,1.0424484,2,167,0.009659859,0.9378893,2,200
87,0.0043550925,1.0300515,2,20,0.0020547775,1.0345361,2,51,0.001626436,1.0279812,2,71,0.006501565,1.0354853,2,92,0.009618614,1.0365189,2,116,0.006351753,0.9919071,2,136,0.0008444229,1.0657827,2,156,0.0,1.0989616,2,177,0.018194804,1.0460399,2,200
88,0.0,0.97357494,2,20,0.0,0.9678697,2,43,0.004685557,0.87386703,2,83
89,0.0007126987,1.0036699,2,22,0.0057536433,0.96168256,2,44,0.00063224946,1.0120443,2,64,0.0047609736,1.0255345,2,86,0.0007376264,0.9738588,2,107,0.009123438,0.995019,2,133,0.00021802969,0.9202815,2,153,0.0020607263,0.9869008,2,177,0.017084124,0.9592897,2,200
90,0.0,1.0275652,2,31
91,0.0,1.0219259,2,24
92,0.008996574,0.9957774,2,21,0.0030092315,0.9993205,2,61
93,0.011163164,0.92839766,2,20,0.0,0.9610361,2,40,0.0,0.9915986,2,60,0.0,0.98701257,2,81,0.020885535,0.9516848,2,101,0.0,1.0043676,2,122,0.020235565,0.9382022,2,142,0.0,0.84885436,2,162,0.0023561113,0.9138292,2,200
94,0.028567636,0.99190485,2,20,0.01669631,0.9373195,2,41,0.0,1.0388033,2,67,0.0,0.96220857,2,87,0.0,0.93175566,0,107,0.0,1.0209452,2,127,0.0,0.9360454,2,148,0.0,0.9929117,2,168,0.0,1.0188798,2,200
95,0.01141512,0.923595,2,29,0.0008630052,0.7139047,2,50,0.0786397,0.6310982,2,75,0.07573555,0.77812177,1,96,0.037054658,0.89971954,2,116,0.0,0.47325388,0,136,0.033054367,0.22453013,1,156,0.020053817,0.567604,0,178,0.0,0.31850818,1,200
96,0.021226132,0.94831187,2,33,0.00040332522,0.92712814,2,54,0.0,0.9753222,2,75,0.007963384,1.0011334,2,98,0.0017687881,0.9789216,2,123,0.0,0.9607466,2,143,0.0,0.9782239,2,163,0.0102796,0.8503432,2,186
97,0.0047099823,1.0037819,2,25,0.0011313076,0.9835413,2,45,0.012636168,0.986114,2,66,0.0,0.9703795,2,86,0.004344578,1.0130206,3,106,0.0018093981,0.95413744,2,126,0.009035202,0.93367404,2,146,0.037009176,0.96033216,2,167,0.0061652376,0.9816737,2,200
98,0.00045488152,0.9552169,2,23,0.011822231,0.925546,2,46,0.033942413,0.86115533,2,66,0.0011986466,0.8588279,3,86,0.015515624,0.9020996,0,106,0.0,1.0522997,2,126,0.021172613,0.99063253,2,147,0.0031304434,0.7965217,0,167,0.036039673,0.6007972,2,200
99,0.0011876331,1.011162,2,21,0.0,1.0083294,2,44,0.0,0.99133873,2,64,0.0,1.0686541,2,84,0.0,0.9592396,2,105,0.0,0.9924916,2,125,0.012536753,0.9290152,2,149,0.014760584,0.9840454,2,172,0.0,0.98625153,2,200
100,0.0,1.0299459,2,27,0.0,1.063914,2,48,0.0020409015,0.99909,2,73,0.00012079457,1.0093108,2,95,0.013926725,1.0136522,2,119,0.005296552,1.0002143,2,141,0.009372246,1.0166646,2,165,0.0053789206,1.020978,2,200
101,0.00069089583,0.9924084,2,22,0.006719405,0.91799015,2,48,0.018458534,0.9475416,2,71,0.006217581,0.940983,0,91,0.028446943,0.91999656,0,111,0.00055105274,0.81974375,2,131,0.006973112,0.91044796,0,152,0.015169765,0.93523246,0,176,0.027321532,0.8275363,2,200
102,0.018023128,1.0153481,2,20,0.0,1.0233908,2,41,0.012996984,1.0483811,3,61,0.0,1.0488778,2,81,0.0,1.0254185,2,101,0.0016254389,0.8916616,2,136,0.0055031064,0.6768369,2,159,0.0,0.81452036,2,179,0.008736539,0.748212,2,200
103,0.0016237397,0.99393576,2,23,0.021289008,0.96062475,2,45,0.0,0.92061436,2,65,0.0,0.96966445,2,85,0.0075717703,0.84058857,2,105,0.0034542824,0.847065,2,125,0.0070285317,0.9161335,2,148,0.009585894,0.7682742,2,168,0.0,0.70983946,2,200
104,0.0,1.0514334,2,25,0.0,1.0493025,2,47
105,0.0,1.0128746,2,28,0.0018581301,1.0314498,2,56,0.0049335137,0.995337,2,76,0.008916789,1.0002103,2,102,0.006586705,1.005377,2,123,0.003231273,0.98262686,2,146,1.1894759e-05,1.046046,2,166,0.007880858,1.0078263,2,200
106,0.008285448,0.90541804,2,20,0.007168941,0.8746341,2,40,0.007645091,0.95007443,2,61,0.022912137,0.8387421,2,81,0.0,0.89638203,3,104,0.0,0.8077816,2,125,0.0,0.6746932,0,145,0.0,0.6717086,0,165,0.013294447,0.26861283,0,200
107,0.008649139,1.000615,2,20,0.006710415,0.9569813,2,50,0.0026467266,0.9915392,2,71,0.0136888875,0.9530426,2,91,0.020574667,0.991268,2,112,0.008941931,0.92152154,2,132,0.026329745,0.95138675,0,155,0.05046455,0.9414112,2,185
108,0.0036860758,1.0145047,2,31,0.0015941979,1.0209562,2,51,0.004384163,0.97449523,2,71,0.002102573,0.9914203,2,94,0.050403632,0.98724246,2,120,0.021396285,0.9762421,2,145,0.013468964,0.91628826,2,165,0.012087684,0.9622541,2,200
109,0.0,1.0296358,2,21,0.006182668,0.9895231,2,43,0.0065259533,0.9737687,2,68,0.0,1.0181451,2,93,0.004397434,0.9968958,2,113,0.0,0.9909964,2,135,0.0009372498,1.0116047,2,168,0.00070093723,0.9954653,2,200
110,0.005006425,0.9968648,2,34,0.0076053543,1.0053772,2,57,0.0061939466,0.9939785,2,81,0.015701352,0.98906,2,107,0.0,0.9840506,2,127,0.008875877,0.9174484,2,147,0.006686328,0.93928415,2,171,0.0059518004,0.8996423,2,200
111,0.0012632222,0.98274505,2,21,0.0059385644,1.0281937,2,41,0.0038331312,0.9836682,2,61,0.0,1.0734781,2,81,0.005396807,1.0113026,2,104,0.014450572,0.8819419,2,124,0.008613844,0.97436917,3,144,0.0,1.0649028,2,164,0.0039839656,1.0103755,2,200
112,0.012006137,1.018913,2,25,0.0015386072,1.0315121,2,45,0.0069306353,0.9907949,2,71,0.0,1.0111754,2,92,0.0054568895,0.9955866,2,113,0.00027666372,1.0191177,2,136,0.0068019656,0.92819643,2,157,0.0023524947,0.973767,2,177,0.0011661022,0.9559572,2,200
113,0.0033483682,1.0156316,2,22,0.009301039,1.0469825,2,42,0.0022823934,1.0442501,2,82,0.0021106168,0.99420613,2,103,0.0,1.0748807,2,125,0.0020149294,1.1053071,2,145,0.0,1.0767677,2,165,0.0066113574,1.0486816,2,200
114,0.010609051,0.9938489,2,20,0.00633709,0.88322556,2,40,0.0,0.8950791,2,63,0.018671181,1.0238127,2,84,0.0023138921,0.9727007,2,104,0.009381821,0.8681894,2,125,0.01144551,0.89765567,2,145,0.02849028,0.9065545,2,165,0.006614153,0.907545,2,200
115,0.020555265,0.9723518,2,21,0.008130521,1.0360965,2,41,0.0,1.0159708,2,68,0.0,1.0495929,2,92,0.0004931677,0.96827734,0,112,0.0023662203,0.95729196,2,132,0.00035951287,0.98698264,3,152,0.0019710741,1.0114008,3,172,0.009195966,0.97948086,2,200
116,0.0,1.0342581,2,21,0.028665831,0.9877861,2,45
117,0.0,0.98303574,2,20,0.005954304,0.96537226,2,40,0.021991642,0.9625242,2,62,0.022393977,0.9608724,2,85,0.021851879,0.9184568,2,108,0.012330072,0.94929045,2,128,0.005472186,0.9031939,2,164,0.0005661605,0.8854754,2,200
118,0.02287714,0.94803363,2,21,0.015354546,0.97241646,2,42,0.0006074228,0.9991922,2,63,9.3920346e-05,0.9584645,2,83,0.040261786,0.9080588,2,104,0.039793186,0.93421996,2,124,0.012671119,0.9558193,2,144,0.0019647158,0.89460945,2,164,0.075086854,0.6704564,2,200
119,0.0040078573,1.0143864,2,20,0.0,1.0020982,2,48,0.004733084,0.99739444,2,77,0.0021844658,0.95890385,2,113,0.005721278,0.9993477,2,134,0.007314342,0.9736805,2,155,0.0038384013,0.97999305,2,175,0.0036052628,0.99018997,2,200
120,0.0022486863,0.9852582,2,20,0.0,0.9887441,2,44,0.003314235,0.9968726,2,64,0.017301444,0.8961277,2,84,0.004664555,0.9726741,2,105,0.015022412,0.92812526,2,125,0.0027492596,0.9491855,2,146,0.016984856,0.95557004,2,167,0.018954236,0.9750172,2,200
121,0.009751537,1.0070341,2,34,0.006406386,1.0422812,2,63,0.000802824,1.037285,2,130,0.005388812,1.0157349,2,151,0.0034357049,1.021658,2,200
122,0.008643574,1.0088198,2,20,0.0,1.0185325,2,40,0.0,1.0412071,2,60,0.0041126185,1.0008411,2,86,0.0011256865,0.99453074,2,107,0.0003634651,1.0071003,3,127,0.0031019258,1.0024701,3,147,0.017071769,0.9961467,2,168,0.0053534964,1.0345232,2,200
123,0.0,1.037597,2,26,0.004852999,1.0521318,2,46,0.0,1.0357869,2,67,0.0,0.9937265,2,90,0.0,0.9598393,2,112,0.0,1.0267248,2,148
124,0.008143751,0.9846253,2,22,0.0014963278,0.9918807,2,42,0.0016788695,0.9429708,2,63,0.0072451197,0.93252784,2,83,0.014055195,0.9977781,2,103,0.025437145,1.0411619,2,125,0.00087094074,0.9526588,3,145,0.0025498404,1.0177428,2,169,0.05169075,0.96748567,2,200
125,0.011059545,0.9971076,2,21,0.0058501926,1.0229086,2,75,0.0041856994,1.0328985,2,101,0.0,1.0031563,2,124,0.007758352,0.99348336,2,144,0.002270955,0.93646085,2,164,0.009868365,0.7688107,0,200
126,0.007656835,0.96677923,2,20,0.0021702833,0.913569,2,41,0.007965436,1.0053879,2,73
127,0.0,1.0172535,2,21,0.0017481815,0.99355936,2,41,0.030356947,0.95200187,2,61,0.0029754934,0.9522665,2,82,0.0,0.9328516,3,103,0.0026007043,0.9772245,0,124,0.006673983,0.95141774,0,144,0.009580002,0.8825442,2,165,0.0063451445,0.93345416,2,200
128,0.009083776,0.9710425,2,21,0.018840184,0.9678033,2,42,0.012544601,0.8270662,3,65,0.0020615067,0.9510355,2,85,0.10347403,0.92028886,2,107,0.039082192,0.90875584,2,131,0.027234117,0.90156215,2,155,0.0,0.92935234,2,177,0.0050850413,0.8810834,2,200
129,0.001911828,0.9806486,2,25,0.016279934,0.9991093,2,47,0.05115114,0.9453494,2,70,0.014590013,0.92082167,2,90,0.009039218,0.8953433,2,115,0.014995189,0.9357548,2,136,0.010175416,0.9315505,2,156,0.0049088937,0.9921106,2,200
130,0.008906793,0.9858353,2,21,0.012877716,0.94260865,2,46,0.0034587735,0.9783073,2,73
131,0.008085934,0.98738205,2,20,0.0086624455,1.0551685,2,43,0.015844021,0.9669503,2,76,0.0,1.0048903,2,100,0.028169898,1.0049679,2,125,0.0,1.0358002,2,145,0.0,0.97289497,2,170,0.0020466996,1.0129281,2,200
132,0.0015663569,1.026721,2,26
133,0.0015138198,1.0464957,2,20,0.004981833,0.97163135,2,41,0.00097317214,0.9941472,2,61,0.01090233,0.94420815,2,82,0.0042104493,0.96328425,2,103,0.004532675,0.9646487,2,123,0.018024646,0.91804606,2,144,0.0011175501,1.004217,2,165,0.008984554,0.98776656,2,200
134,0.0,1.0228919,2,22,0.009951996,1.0025772,2,53,0.013773176,0.9708549,2,73,0.0,0.9706787,2,96,0.017047582,0.9602513,2,118,0.0003279926,0.96230966,2,140,0.0011401818,0.9869695,2,169,0.0040069646,0.96474415,2,200
135,0.013830446,0.9948746,2,21,0.019505499,1.0417953,2,43,0.00868019,0.98914444,2,69,0.0032103383,1.0363284,2,102,0.009267412,1.0430876,2,122,0.007103371,1.009228,2,142,0.005141427,0.97369635,2,162,0.002494552,0.987415,2,200
136,0.0,1.0410767,2,24,0.00264845,1.0244881,2,56,0.0055597876,1.0851119,2,79,0.0053104656,0.9989408,2,111
137,0.005404815,0.94513196,2,20,0.0030073132,0.96800905,2,41,0.008593191,0.9614317,2,62,0.053823292,0.90180266,2,82,0.01329124,0.90192604,2,103,0.004848636,0.9629119,2,124,0.014542514,0.9529004,2,144,0.09629309,0.8377759,2,164,0.013646941,0.85072297,2,200
138,0.0052500083,1.0149947,2,21,0.003972011,0.9769203,2,51,0.001307203,0.93848646,2,74,0.0019650913,0.95103276,2,95,0.017724019,0.97113687,2,115,0.013431837,0.9337745,2,136,0.0135304555,0.9576974,2,157,0.0035165346,0.9777697,2,179,0.0035473432,0.9899441,2,200
139,0.0054172548,1.0039845,2,22,0.011516872,1.0407668,2,51,0.01643968,1.048164,2,71,0.010384561,0.99409604,2,93,0.008278082,1.0400951,2,115,0.0,1.0174954,2,141,0.0,1.0495753,2,178,0.016846562,0.9576448,2,200
140,0.0,0.98348063,2,25,0.0047394116,1.0133433,2,56,0.0,1.0767397,2,78,0.0,1.0880332,3,100,0.0020265828,1.0470709,2,120,0.0013378786,0.99941564,2,141,0.0,1.0197124,2,166,0.011738829,1.0186852,2,200
141,0.0020672511,1.0278685,2,20,0.00072624936,0.9868013,2,40,0.0063120597,0.9622566,2,60,0.0,0.94965506,2,80,0.019751472,0.9735306,2,104,0.030307867,0.88759506,2,125,0.012103821,0.9945386,3,146,0.0002706566,0.9921609,2,166,0.02716327,0.9401085,2,200
142,0.0028402717,1.0382475,2,20,0.0005314123,1.0310242,2,52,0.0017963883,1.0286015,2,72,0.004339737,1.0048808,2,98,0.0,1.036669,3,118,0.0,1.0565299,2,138,0.0021416142,1.0062743,2,166,0.0073748636,0.99894106,2,200
143,0.002884803,1.0503465,2,21,0.00039918907,0.97933745,2,46,0.04094235,0.98454314,2,66,0.0073000044,0.989036,2,98
144,0.0036047131,0.94844997,2,20,0.0027551078,1.0705525,2,40,0.00999286,0.9476582,2,81
145,0.011608026,1.0124048,2,22,0.0045984546,1.0524555,2,52,0.0,1.0882292,2,72,0.0,1.0305812,2,95,0.002247958,1.0356821,2,119,0.0018272297,1.0614238,2,152
146,0.001399596,1.021382,2,22,0.02282388,0.95819855,2,48,0.0073917517,0.98879355,2,89,0.0,1.0012918,2,115,0.003482446,1.0164205,2,138,0.00607102,1.0262139,2,158,0.004928634,1.0256497,2,200
147,0.0062761568,1.0005178,2,21,0.011536276,0.90300906,2,46,0.0047815205,0.9268964,2,66,0.0,0.9588651,2,87,0.014163139,0.92123336,2,107,0.017831307,0.944381,2,129,0.023652747,0.9082985,2,152,0.0019701573,0.92730874,2,172,0.008887417,1.0403904,2,200
148,0.0138318185,0.9591351,2,22,0.0046396507,1.0311334,2,42,0.0017361006,0.9937047,2,68,0.0025902905,0.9895433,2,91,0.0032142862,0.96131897,2,114,0.00860246,0.97823894,2,134,0.0049046115,0.9915123,2,154,0.030107275,0.9404276,0,175,0.014457839,0.9705441,2,200
149,0.036642265,0.8553445,2,20,3.260309e-05,0.90974206,2,40,0.006165969,0.95797396,2,60,0.050284255,0.84609306,2,80,0.0,0.48375884,1,100,0.00807695,0.65420824,0,122,0.03690914,0.9544164,2,142,0.0015915832,0.73276216,2,180
150,0.0,1.0702953,2,25
151,0.0047018244,1.0092328,2,20,0.0,0.995119,2,41,0.017317185,0.92200613,2,61,0.015355781,0.9388755,0,85
152,0.016898084,0.95990527,2,20,0.0071068616,0.94878435,2,43,0.027531357,0.9067777,2,64,0.0,0.70395577,2,85,0.0,0.8178538,2,105,0.0,0.8165538,2,125,0.0,0.9406887,2,150,0.0146427285,0.7901752,2,171,0.0070028664,0.9659637,2,200
153,0.0,1.015004,2,20,0.0,1.0020337,2,40,0.0022738266,1.0082029,2,65,0.017100176,0.92504275,2,86,0.02805692,1.0015554,2,107,0.009031384,0.9281645,2,133,0.0045453077,0.9684331,2,153,0.04039137,0.90720063,2,176,0.07359776,0.95538014,2,200
154,0.012645704,0.9633951,2,20,0.003536284,0.9470294,2,44,0.0059058545,0.915695,2,64,0.05094775,0.85324335,2,85,0.015763871,1.0074329,2,106,0.022789335,0.8804394,2,134,0.008603604,0.85712034,2,154,0.008583297,1.0123093,3,175,0.018980034,0.9269041,2,200
155,0.007146356,0.97690237,2,27,0.0028717793,0.9677992,3,47,0.039871637,0.9444877,2,68,0.016288951,0.8661602,0,88,0.0,0.94516563,2,109,0.011659721,1.0024718,2,129,0.0,0.94664454,2,151,0.023133067,1.009274,2,171,0.007816907,0.8042652,2,200
156,0.011960769,0.89251363,2,22,0.0,0.9351824,2,42,0.023153786,0.7458898,0,63,0.0025861207,0.8534311,2,83,0.00089690584,0.7756599,2,104,0.0,0.8779704,2,124,0.010723732,1.0026515,0,145,0.0,0.9115269,2,166,0.018605256,0.74996877,2,200
157,0.0,1.020863,2,25,0.00015966123,1.0222583,2,57,0.0,1.0066053,2,80,0.0032055713,0.9763882,2,102,0.0077323616,0.96443397,2,126,0.0,0.99535704,2,151,0.0,1.038628,2,171,0.0070017693,1.0081664,2,200
158,0.0018399876,1.0031182,2,25,0.0,0.98130506,2,53,0.0,0.9175267,2,73,0.010631114,0.929571,2,93,0.010922168,0.9757794,2,113,0.02148271,0.9675485,2,133,0.015340415,0.9151189,2,154,0.0008016622,0.9523712,2,200
159,0.050940044,0.8079543,2,20,0.0,0.7256189,2,40,0.0,0.90976334,0,60,0.0049900734,0.7719138,2,80,0.0057720444,0.72274417,3,100,0.0,0.6810069,2,121,0.0,0.9173859,2,141,0.0,0.699143,0,162,0.09384538,0.22291696,0,200
160,0.0,1.0063922,2,39,0.0052235597,0.98329115,2,60,0.0,1.0141915,2,83,0.019549182,1.0163132,2,108
161,0.0,1.0325717,2,33,0.0005125733,1.052223,2,53,0.0,1.0142764,2,74,0.0,0.9965565,2,95,0.01122965,1.0234452,2,117,0.01676567,1.0282638,2,142,0.005445932,1.0532656,2,162,0.010690771,1.0165682,2,200
162,0.0,1.0219359,2,24
163,0.012908277,1.0055417,2,20,0.031431194,0.99347734,2,40,0.009394714,1.0220152,2,61,0.0023795678,1.0037497,2,83,0.012027087,1.0526841,2,103,0.021047488,1.028751,2,137
164,0.0,1.0401491,2,29,0.0052152695,0.9949585,2,50,0.0012870327,1.0260592,2,81,0.0,1.049428,2,102,0.0,0.99763757,2,122,0.008503617,0.99221313,2,142,0.011976202,0.99088484,2,169,0.007832435,0.97325945,2,200
165,0.014958893,0.97765064,2,24,0.0,0.9855019,2,44,0.0,1.0033516,2,67,0.00093133876,1.0085499,2,87,0.0016443271,1.0471593,2,113,0.0033375598,1.0400184,2,141,0.0025398347,1.029272,2,161,0.010901177,0.9724153,2,200
166,0.0,0.99977416,2,20
167,0.0025451432,1.0295191,2,23,0.0,1.0621524,2,44,0.002211627,1.0153283,2,72,0.013565093,1.0315212,2,104
168,0.017033678,0.91591704,2,23,0.0,1.0439277,2,45,0.0,0.62500966,2,66,0.0050377506,0.50997454,2,87,0.0,0.8715161,0,107,0.0,0.47622782,0,128,0.0132618155,0.21556816,2,148,0.05717326,0.39220002,2,169,0.15033406,0.24575832,2,200
169,0.006042412,0.99134505,2,20,0.0035712067,0.9699279,2,40,0.004975685,1.0310568,2,60,0.015772197,1.0155635,2,96,0.010560649,1.0172207,2,118,0.008223651,1.0169313,2,139,0.0020261821,0.99681807,2,163,0.015040478,0.94003576,2,200
170,0.010557207,0.98729753,2,25,0.008448374,1.0127621,2,78,0.004791633,1.030443,2,106,0.013285497,1.0274478,2,126,0.0036664058,1.0141809,2,163,0.017210789,1.0545173,2,200
171,0.01050859,1.0022881,2,20,0.0032598686,0.96293557,2,40,0.0,1.0197862,2,60,0.018669482,0.9745024,2,92
172,0.02788869,0.99612224,2,20,0.00026589524,1.0384151,2,41,0.013885029,1.0614737,2,61,0.0017994423,0.9953002,2,97
173,0.012655722,0.96722096,2,27,5.472531e-05,0.9706151,2,48,0.009165424,0.9820692,2,68,0.027629517,0.8862383,2,89,0.011162156,0.9424375,2,109,0.0,0.93636376,2,131,0.0,0.7019317,2,151,0.0,0.78449154,2,171,0.026304398,0.9453244,2,200
174,0.01238426,1.0014697,2,20,0.003969437,0.9952612,2,44,0.0073233997,1.0357885,2,67,0.0,0.97936225,2,94,0.0008390954,0.9948103,2,115,0.0021059136,0.97560704,2,135,0.00916547,0.95113134,2,158,0.0,0.91842926,2,178,0.0075748293,0.9789148,2,200
175,0.015982717,1.0206716,2,20,0.0030261683,0.9643506,2,40,0.0,0.9251906,2,63,0.004218928,0.9411017,2,86,0.0,0.97691435,2,124,0.00021990592,1.0017918,2,156,0.013575452,0.9958413,2,179,0.0063733296,0.9902561,2,200
176,0.0,1.0121764,2,28,0.038540725,0.95761627,2,53,0.0054229475,1.0144193,2,74,0.005297104,0.96207774,2,95,0.004598047,0.8523191,2,117,0.039382752,0.91444343,2,143,0.012539716,0.87471443,2,164,0.022828925,1.0063591,2,200
177,0.0011087193,1.032857,2,21,0.0058268793,0.9810724,2,41,0.0,1.0159916,2,62,0.0,1.0226868,2,84,0.0,1.0406274,2,104,0.0,1.0545614,2,127,0.0,1.0078747,3,147,0.0,1.0568442,3,168,0.0020460016,1.0037086,2,200
178,0.014992458,1.0130451,2,20,0.010277561,0.9991587,2,40,0.031649936,1.0151362,2,60,0.0008173427,1.0085655,2,82,0.005546783,1.0005397,2,102,0.012933138,1.0377532,2,124,0.00066378695,1.0147932,2,144,0.0019051778,1.0050392,2,169,0.001007078,0.9745452,3,200
179,0.0030929681,0.9997964,2,21,0.014913526,1.0211664,2,41,0.0016913296,1.0164286,2,71,0.00070256536,1.0404235,2,91,0.0042910194,0.98625284,2,158,0.0,0.94540423,2,180,0.008075593,0.92666996,2,200
180,0.0059621674,0.95698005,2,20,0.0014871169,0.9946215,2,53
181,0.0030414222,0.9920764,2,20,0.01178587,1.0226794,2,42,0.01953255,0.97872376,2,66,0.019260159,0.9764972,2,86,0.0065545514,0.97518456,2,106,0.012812206,0.9994767,2,132,0.02311103,0.9423877,2,153,0.0077088154,0.9715876,2,174,0.00058604905,0.9747518,2,200
182,0.0,0.93414474,2,29,0.006280713,1.0329074,2,51,0.016439008,0.86587787,2,83
183,0.0,1.0111482,2,20,0.0,1.0328087,2,57,0.011409632,1.0152844,2,79,0.00986811,0.97623086,2,102,0.002760185,1.0177908,2,126,0.007155697,1.0256516,2,166,0.003584962,1.0316097,2,200
184,0.008085926,0.91481423,2,36
185,0.0,0.9705519,2,22,0.0016933882,0.93861705,2,42,0.008258557,0.9079885,2,63,0.0,0.96589214,2,83,0.012749281,0.98693544,2,105,0.0022000093,1.0220807,2,128,0.006253138,0.969693,2,152
186,0.0008927006,0.9841822,2,20,0.0027921,1.0579835,2,42,0.0052821212,1.026364,2,63,0.0014922351,1.0451994,2,88,0.0014285746,1.0182307,2,120,0.009035241,1.0046493,2,141,0.011593909,0.94506186,2,161,0.0028993094,0.9603418,2,200
187,0.0027483406,1.0221938,2,20,0.012716742,0.9524257,2,41,0.014161115,0.9244901,0,62,0.0,0.8044198,2,82,0.019123036,0.9725443,3,102,0.0,1.1063541,3,122,0.0,0.9136816,3,144,0.0,0.73027897,2,164,0.0015251568,0.7526316,2,200
188,0.0068312655,0.98904335,2,26,0.019100567,0.95498526,2,46,0.0274865,0.96055657,2,79,0.014857235,0.98122996,2,99,0.018895399,0.91898894,2,135,0.011830055,0.9575567,2,155,0.002951733,0.9139023,2,177,0.015556158,0.92621934,2,200
189,0.039799523,0.6838982,2,23,0.0,0.87041295,2,43,0.0017562967,1.0517681,2,63,0.0,0.4981729,2,83,0.00031939376,0.14500606,2,106,0.31165475,0.1279158,2,135
190,0.0054672617,0.9802509,2,26
191,0.0033678028,0.9677399,2,20,0.0040512313,1.0198568,2,59
192,0.009581324,0.98859733,2,22,0.0057000937,0.97674114,2,61
193,0.0093268845,0.94618183,2,35
194,0.001854077,1.0262141,2,21,0.0034882317,1.0200735,2,43,0.0021284833,1.0092436,2,73
195,0.003805957,0.9699089,2,20,0.01398923,0.94796634,2,46,0.006592305,0.96798736,2,66,0.0,1.0100508,2,86,0.0059259455,1.0496196,2,108,0.009250841,1.0360761,2,128,0.0,1.0294778,2,157,0.003137912,1.0175346,2,180,0.00011740737,0.94968957,2,200
196,0.011210688,0.9998722,2,20,0.003536968,1.0296788,2,40,0.001163895,1.018897,2,61,0.0036162531,1.0237551,2,93,0.007989355,1.0184942,2,114,0.009480111,0.9971303,2,134,0.009582841,1.010898,2,157,0.00190431,1.0026158,2,177,0.000116665404,1.0255783,2,200
197,0.008680851,0.9958651,2,27,0.017926967,0.9723123,2,47,0.0007447456,0.92815965,2,70,0.0,0.8974045,2,90,0.0,0.8961924,2,110,0.012213038,0.8133292,2,130,0.0,0.78039986,0,152,0.0,0.6564349,2,172,0.0,0.7312053,2,200
198,0.0031500575,1.0163647,2,20,0.0,0.95113504,2,48,0.0,0.9193268,3,70,0.015690472,0.94984436,2,93,0.0,0.79196256,2,113,0.0,0.69346225,2,134,0.0,0.7410851,1,155,0.021673698,0.84837395,2,186
199,0.018642211,0.9860647,2,24,0.004786779,1.0236659,2,44,0.0,1.0092334,2,64,0.015156591,1.0188168,2,84,0.010832293,0.9811346,2,104,0.005768625,1.0098262,2,125,0.005660585,0.9877668,2,153,0.005768857,0.9696425,2,173,0.0024918208,1.0186528,2,200
200,0.018128188,0.9870257,2,22,0.014399743,1.0024145,2,42,0.0,1.0122952,2,65,0.0053756274,1.0188354,2,85,0.004145377,0.9188706,2,116,0.0,1.0432471,2,141,0.0074625746,0.96013355,2,161,0.0,0.9829711,2,200
201,0.005227448,1.0004287,2,22,0.0,1.0027484,2,42,0.0026459459,1.0213912,2,63,0.0021241673,0.9281329,2,83,0.012757356,1.0242137,2,109,0.013236305,1.020242,2,129,6.839271e-05,1.0206745,2,166,0.003022233,0.98285395,2,200
202,0.01484561,0.9887298,2,20,0.0,1.0509758,2,50,0.0009474094,1.019641,2,73,0.0,1.0720083,2,98,0.004989212,1.0625455,2,119,0.0,1.0002685,2,150,0.0017362857,1.0194662,2,173,0.0010558,1.0099581,2,200
203,0.0068083876,1.0075494,2,24,0.03049747,0.99443346,2,45,0.0,0.97398067,2,69,3.6298297e-05,0.8958148,2,89,0.017511245,0.7976267,2,109,0.017522056,0.9138837,2,129,0.004680924,0.90258133,2,149,0.0,0.8072705,2,178,0.022341331,0.8690563,2,200
204,0.00315348,1.0014113,2,20,0.0,1.0412241,2,40,0.01214201,1.0087421,2,63,0.0019201776,0.99675816,2,84,0.03266441,0.95895386,2,104,0.0042640623,0.9908022,2,126,0.0,1.048098,2,146,0.015668675,0.94076896,2,171,0.019576171,0.97189116,2,200
205,0.0015861456,0.9856153,2,22,0.001964189,1.0073287,2,42
206,0.0013702451,0.99064535,2,22,0.0,1.0473033,2,45,0.0,1.0812808,2,72,0.0,1.1125728,3,96,0.0,1.0712669,2,116,0.0062781735,0.99613917,2,137,0.0,1.012927,2,158,0.0038820892,1.0255044,2,178,0.0154164545,0.94688934,2,200
207,0.0,1.0069325,2,21,0.009284835,0.9993863,2,42,0.0060926713,0.97526467,2,67,0.0014969235,1.0061935,2,87,0.0,1.0164618,2,107,0.016016753,0.9712764,2,128,0.031600647,0.9441323,2,148,0.014442477,0.89285547,2,173,0.02697674,0.9542072,2,200
208,0.0,1.0259302,2,24,0.002385458,1.0338883,2,86
209,0.0034945058,1.0386808,2,27
210,0.00023044882,0.96902114,2,30,0.015939504,0.99640864,2,50,0.0069650933,1.0055431,2,70,0.00083225523,0.98137915,2,96,0.0036918665,1.0117371,2,130
211,0.004667577,1.0127531,2,28
212,9.979494e-06,1.0140059,2,20,0.004225823,1.011781,2,42,0.0077271257,0.9715619,2,63,0.015278733,0.96293515,2,86,0.011329447,1.028012,2,119,0.00085028243,0.9602288,2,142,0.0025887436,1.0051737,2,165,0.001274994,0.99922127,2,200
213,0.0,0.9746435,2,22,0.0028574583,0.9929221,2,42,0.00954682,0.98442507,2,71,0.0041943416,0.9551424,2,91,0.018238407,0.99497354,2,116,0.0055699525,0.9787866,2,144,0.0013805034,0.99652725,2,165,0.00604042,1.0119486,2,200
214,0.005215151,0.9845464,2,24,0.0055871746,0.92928666,2,44,0.016980046,0.9805107,2,68,0.0026657064,1.0449585,2,89,0.0,1.0181042,2,109,0.0,1.0427421,2,129,0.0,0.9938235,2,149,0.00192746,1.0260513,0,169,0.003938327,1.0219139,2,200
215,0.0058077374,0.9679055,2,20,0.0054585584,0.98073715,2,44,0.008591984,0.97124606,2,64,0.0014233643,0.89119196,2,84,0.0,0.9824514,2,105,0.0013208254,0.9542456,2,126,0.014755058,1.0031202,2,146,0.012527298,1.0073571,2,168,0.0012215322,0.9258127,2,200
216,0.0,1.0220397,2,20,0.013692277,0.95743525,2,48,0.024347356,0.8999282,2,68,0.014489882,0.96966076,2,92,0.015753256,0.92753863,2,113,0.007884972,0.9331509,2,133,0.006398824,0.8891541,2,154,0.0033716422,0.8578296,2,174,0.014438037,0.90735877,2,200
217,0.00019131287,0.9893874,2,35,0.0026902931,0.9189787,2,57,0.0052622985,1.004474,2,79,0.004945426,0.961732,2,100,0.0,1.0034955,3,120,0.04357519,0.7927316,2,140,0.0,0.66804045,2,160,0.072869994,0.6997596,2,180,0.06307806,0.5943311,2,200
218,0.035512406,0.971552,2,20,0.0,0.88042897,0,40,0.0,0.9179998,0,62,0.0,0.667205,2,82,0.0,0.3018997,2,104,0.0,0.76422906,0,127,0.0,0.6923307,0,147,0.0,0.58044386,1,167,0.079014406,0.39081252,0,200
219,0.004693992,0.9925095,2,22,0.008116678,1.0007403,2,58
220,0.00030986615,1.007502,2,24,0.005431658,0.9626681,2,44,0.0036237412,0.9470277,2,64,0.007790342,0.997806,2,85,0.004635667,1.0470266,2,105,0.013398165,1.0185889,2,128,0.0041730385,0.97053355,2,152,0.008929927,0.9759391,2,200
221,0.0,0.5852462,2,25,0.0,0.10973465,1,48,0.0,0.38972676,2,68,0.0,0.2703215,1,88,0.0,0.2280527,0,108,0.06325426,0.68073624,2,129,0.0,0.29604945,0,149
222,0.006155949,0.97529185,2,20,0.0025314,1.0215523,2,76
223,0.0,0.98671204,2,21,0.013040491,0.96508294,2,49
224,0.0061119543,0.995592,2,34
225,0.0,0.9916561,2,25,0.0,0.9625797,2,53,0.019074345,0.9688622,2,74,0.012674463,0.9555115,2,96,0.01126473,0.94369936,2,121,0.05356856,0.92347544,2,145
226,0.017582538,0.9686269,2,21,0.012866314,0.93183935,2,41,0.02485597,0.8869326,2,63,0.010101513,0.96934766,2,84,0.0,0.92605364,2,104,0.0,1.0115566,2,124,0.0,1.0215428,3,145,0.02557021,0.7528447,2,165,0.061313998,0.79769933,2,200
227,0.0,0.95382786,2,20,0.0063318745,0.9607066,2,40,0.0052863723,0.8543086,2,61,0.0,0.781013,0,82,0.00071334495,0.89697075,2,107,0.0038502135,0.92202014,2,127,0.0,0.94024944,2,147,0.006079995,0.90354425,0,167,0.002737916,0.96316576,2,200
228,0.01337027,0.96212643,2,26,0.0,0.96762115,2,46,0.011428985,0.96434474,0,70,0.009393232,0.9082117,2,90,0.0,0.9708233,3,112,0.0014211235,0.9793167,2,132,0.013246319,0.8615589,2,154,0.00909433,0.79009473,2,174,0.0,0.77279663,2,200
229,0.008772096,1.0215094,2,23,0.002471451,1.0507306,2,45,0.0015999263,1.038417,2,65,0.006431406,1.0298264,2,88,0.0060070264,0.97909135,2,108,0.00066974486,1.006785,2,130,0.0,1.0599072,2,150,0.01121041,0.98542863,3,170,0.004594817,1.0325052,2,200
230,0.0034257194,1.0213666,2,21
231,0.003192125,0.9746035,2,20,0.0071803303,1.0172777,2,42,0.017264072,0.96199816,2,65,0.0,1.0248083,2,85,0.0,1.002111,2,105,0.0,1.0143888,2,125,0.005227978,0.96168584,2,145,0.019656513,1.0120153,2,165,0.019328533,0.9836864,2,200
232,0.0028092912,0.9960388,2,23,0.0,0.9684049,2,44,0.0012927806,0.9143609,2,64,0.014734443,0.92493945,0,88,0.0018858989,0.87507826,2,110,0.003278899,0.83236986,2,131,0.0046455404,0.859302,2,152,0.0033820868,0.6600012,2,173,0.027396683,0.8223689,2,200
233,0.001723443,0.98931545,2,26,0.014039016,0.9631069,2,48,0.022233536,0.9940473,2,69,0.0010819024,0.96004814,2,91,0.0,1.0083963,2,113,0.0,1.0467405,2,134,0.0,1.0761037,0,156,0.00010051085,1.0968264,3,176,0.0011503944,1.0774046,3,200
234,0.021449335,0.9555881,2,29
235,0.010369925,0.9795438,2,20,0.015878694,1.0322429,2,45,0.0,1.0416554,2,66,0.0,1.0002741,2,88,0.0,1.0321532,2,109,0.0,1.002466,3,130,0.006349077,1.0174047,2,164
236,0.0061695375,1.0035447,2,24,0.0074164956,0.9904817,2,48,0.0056978315,0.97955114,2,83,0.008248999,0.9768828,2,110,0.005939451,0.9868992,0,133,0.002185057,0.9990593,2,154,0.007715941,1.0112476,2,178,0.0,1.0029432,2,200
237,0.004265979,0.96332794,2,27,0.02864027,0.90093154,2,47,0.0035644695,1.0415308,2,81
238,0.0035398128,1.0259,2,26
239,0.0,1.0289946,2,21,0.011375364,0.99548286,2,43
240,0.013455608,1.0074481,2,24,0.007928117,1.0197301,2,46,0.014365092,0.9345546,2,70,0.028546417,0.86633813,2,90,0.0035946614,0.8329874,2,115,0.008519648,0.76671356,2,135,0.0,0.6919904,2,155,0.0,0.5590413,3,176,0.017671792,0.32749343,2,200
241,0.003032635,0.98815596,2,33,0.014988042,0.98926514,2,53,0.0005963236,1.0120876,2,82,0.0055161268,0.95652646,2,102,0.01679871,0.9543261,2,127,0.004451797,0.91177946,2,149,0.011777743,1.0593613,2,171,0.025380401,0.99184334,2,200
242,0.014466352,0.9893603,2,30,0.013285333,0.95539045,2,50,0.0122908065,0.94857323,0,73,0.018189913,0.9571188,2,93,0.026697768,0.9623266,2,117,0.048718136,0.86575556,2,137,0.0032290195,1.0336277,2,157,0.008486411,0.9717484,2,180,0.014782852,0.98885524,2,200
243,0.0,0.9556328,2,22,0.013601819,0.6609243,2,42,0.005588086,0.67611444,0,62,0.020235175,0.8090162,2,82,0.0,0.6617056,2,105,0.007966562,0.57241094,2,125,0.08750878,0.63188845,2,145,0.12583569,0.42567652,0,165,0.0,0.25332442,0,193
244,0.0069370153,1.0167695,2,24,0.0096448045,1.0227447,2,66,0.013158565,1.0386488,2,91,0.0,1.0436906,2,116,0.0019414125,1.0385938,2,144,0.025256788,0.9661585,2,164,0.014233304,0.9975116,2,200
245,0.004494164,0.9866881,2,25,0.0023568703,0.95604104,2,46,0.0017599651,0.96108866,2,75,0.00106979,0.9106466,2,95,0.0063049877,0.9163356,2,116,0.035672724,0.95348704,2,136,0.005117522,0.9581489,2,158,0.0088558,0.9383654,2,180,0.03611396,0.8324725,2,200
246,0.0063543697,0.96168673,2,21,0.0006844668,0.9915341,2,42,0.011563014,0.99725914,2,68,0.0,0.9586482,2,92,0.0,0.99128085,2,113,0.0,0.95714694,0,133,0.0,0.9674401,2,157,0.0,0.97747403,3,179,0.008052741,0.98414576,3,200
247,0.0014285708,1.0544922,2,20,0.01260923,0.94335306,2,45,0.049314555,0.9215674,2,67,0.054639023,0.9494694,2,87,0.080522,0.93944275,0,110,0.017386716,0.85505235,2,130,0.02864041,0.90110475,2,150,0.007673516,0.96752626,2,170,0.014745762,0.9502352,2,200
248,0.0,0.8553125,2,20,0.0067325654,0.60572964,2,41,0.015245043,0.81683093,1,61,0.002769709,0.93030226,2,81,0.0,0.7277789,2,101,0.0,0.93627393,3,121,0.0,0.57807714,1,141,0.0,0.5260329,1,161,0.028450817,0.5420339,1,200
249,0.0054510706,1.046181,2,41,0.0047911294,1.0405451,2,62
250,0.0027468356,0.9855933,2,21,0.0035990174,1.0054752,2,52,0.006247168,0.929436,2,73,0.03831938,0.9316021,2,93,0.0,1.0040528,2,113,0.0066180574,1.0331603,2,133,0.020523394,0.9553987,2,153,0.0,0.95197964,2,173,0.004176248,0.9770226,2,200
251,0.0028302795,0.9834301,2,25,0.004231777,0.9718479,2,58,0.0034594282,0.9657019,2,78,0.0,0.98811674,2,98,0.008970053,0.9914261,2,124,0.015657231,0.9576655,2,152,0.015439267,0.9998429,2,179,0.00946367,1.0281531,2,200
252,0.0,1.0294435,2,20,0.010457091,1.0195565,2,45,0.009808672,0.9782423,2,65,0.058413316,0.94188124,2,88,0.0814421,0.78312737,2,110,0.008900544,0.90962905,2,133,0.0,0.8260611,2,154,0.007584302,0.77445346,2,174,0.074975714,0.63774914,0,200
253,0.033451345,0.96433175,2,23,0.007298023,0.90700006,2,47,0.0,0.9760289,2,67,0.013297697,0.8658351,2,87,0.006716054,1.0136734,0,107,0.0,0.7120782,0,127,0.0,0.8437775,0,150,0.0,0.6960995,0,172,0.0039392556,0.54270214,2,199
254,0.0082994895,0.9726341,2,32,0.021078244,0.93877286,2,53,0.015512273,0.971338,2,73,0.004282612,0.93727016,2,97,0.014250976,1.0865191,2,117,0.0,1.1027125,2,139,0.003942255,1.073214,2,160,0.0006973518,1.0075047,2,200
255,0.0074539324,0.9893905,2,20,0.009998762,0.93200725,2,46,0.0138050895,0.99556875,2,66,0.008653356,0.9653946,2,88,0.025511792,0.9543617,2,109,0.012972858,1.0278729,2,132,0.0,0.9863836,2,152,0.004781471,1.0537708,2,172,0.008212602,0.8306203,2,200
256,0.004298798,1.0428644,2,28,0.0078097177,1.0251101,2,53,0.0059734844,1.0664731,2,74,0.0,1.0191426,2,94,0.016402796,1.0698618,2,114,0.0036075278,1.0278311,2,134,0.0074504926,1.0053015,2,154,0.0006900407,0.94820404,2,174,0.004849772,0.95051,2,200
257,0.0,0.967583,2,20,0.013986295,0.9500524,2,40,0.0072701746,0.94292796,3,60,0.043810938,0.9196624,2,83,0.021520633,0.9892837,2,103,0.01071834,0.95423645,2,134,0.016081426,0.984759,2,163,0.007946276,0.97078305,2,200
258,0.0010711576,0.9242979,3,29
259,0.008962275,0.9816594,2,20,0.048032537,0.9034616,2,40,0.013694926,0.95565295,2,76
260,0.005539882,0.99073535,2,20,0.0022144492,0.98224413,2,48,0.007584637,0.9997976,2,80,0.0,1.0412905,2,100,0.00835995,1.0301983,2,121,0.021324392,0.9957806,2,153,0.0068488983,1.031344,2,180,0.004944019,1.06025,2,200
261,0.008317478,1.017645,2,20,0.011167966,1.0183806,2,52,0.0005294499,1.0142676,2,75,0.009760501,1.0261544,2,95,0.0,1.0263914,2,119,0.0007059428,1.0037582,2,139,4.6616035e-05,1.0494483,2,168,0.0046775206,1.0557783,2,200
262,0.0080994265,0.9832337,2,24,0.0020560005,1.0492028,2,51,0.0014362026,0.9962451,2,71,0.0043911426,0.9669061,2,91,0.0044144997,0.962386,2,111,0.016864624,0.9543833,2,136,0.0074239774,0.9269102,2,158,0.00453654,0.9436037,2,178,0.0070249145,1.0663967,2,200
263,0.0028092922,0.9640405,2,32,0.0,1.038078,2,55,0.007999461,0.9736538,2,77,0.013918017,0.96356624,2,109,0.014060026,0.94545746,2,132,0.022725333,0.9474146,2,155,0.0038746595,0.8385962,2,175,0.024113145,0.88619155,2,200
264,0.011636814,1.0131967,2,20,0.011789261,1.0467945,2,45,0.0018097698,0.96145785,2,66,0.0022928466,1.0005735,2,94,0.0073546832,1.0062524,2,115,0.0005005888,0.99350274,2,135,0.016458502,1.012941,2,163,0.0052911835,1.0162635,2,200
265,0.0,1.0289718,2,20,0.013768099,1.0093374,2,40,0.012722837,0.8979887,0,60,0.035107404,0.8931276,2,80,0.0018947115,0.9731067,2,101,0.0069057783,0.89345044,2,122,0.007628841,0.99388087,2,143,0.0,0.9480014,2,164,0.027268514,0.9310184,2,200
266,0.04539053,0.98242503,2,20,0.015090975,0.96841013,2,40,0.0,1.0616723,0,63,0.0036480804,0.98502934,2,102
267,0.023904327,1.0169728,2,30
268,0.004153849,1.0315442,2,20,0.00069115154,1.0055323,2,47
269,0.019138213,0.8830175,2,21,0.0014447465,0.7925456,0,41,0.016592812,0.77152336,2,61,0.0,0.4593438,1,83,0.0,0.57143956,1,103,0.0,0.5157708,1,124,0.0,0.62174857,1,145,0.017481785,0.5166789,2,165,0.048270956,0.29450366,2,200
270,0.0059757927,0.989596,2,23,0.0011337196,1.0344523,2,48,0.005745678,1.0831672,2,75
271,0.0011694052,1.0125996,2,28
272,0.006748955,0.9975953,2,25,0.020228164,0.9793906,2,59
273,0.021405922,0.9210409,2,20,0.016758686,0.9792357,3,41,0.0,1.0362148,2,62,0.0,0.9778491,3,82,0.0026597744,0.9296599,2,104,0.0,1.0039693,2,128
274,0.0,0.9178165,2,25,0.08134805,0.64675516,2,49,0.0,0.7585047,2,69,0.01294302,0.73737276,2,91,0.017320704,0.73955184,0,111,0.0,0.65173155,2,131,0.0032222539,0.5639749,0,151,0.0,0.5613126,2,171,0.042343903,0.62163866,2,200
275,0.0089577865,1.0200603,2,22,0.0,1.025402,2,45,0.004894916,1.0547442,2,70,0.01006981,1.028713,2,99,0.006606501,0.9693893,2,121,0.0105512,0.9558679,2,141,0.01124237,0.96405375,2,161,0.0047071334,1.0004613,2,200
276,0.006899287,0.94230276,2,23,0.008287381,0.9007276,2,43,0.0,0.66285765,2,63,0.00095221354,0.68835324,2,84,0.0,0.60517967,0,104,0.0,0.631129,2,126,0.0,0.5796175,2,146,0.003464251,0.37831104,1,169,0.007799129,0.5249798,1,200
277,0.021276228,0.98395133,2,22
278,0.0016116633,0.9644,2,23,0.032602895,0.95314074,2,61
279,0.0159495,0.70184314,2,21,0.04825918,0.96193725,2,42,0.005320507,0.80408394,0,62,0.0,0.4446281,0,82,0.0,0.32440123,2,102,0.032288834,0.55059284,2,133
280,0.019163307,1.0053073,2,22,0.02246662,0.9603472,0,42,0.008248528,0.9376823,2,65,0.003570419,1.0016503,2,87,0.0,1.0148789,2,107,0.0032004192,0.97682935,2,127,0.025030775,0.96312577,2,151,0.0060698073,1.023254,2,174,0.019066144,0.9970672,2,200
281,0.004977235,0.97944695,2,21,0.011214299,1.0118123,2,50,0.009217216,0.97225696,2,71,0.0056356294,0.9807804,2,91,0.003908837,0.95845723,2,132,0.0,1.0396711,2,152,0.013670662,0.9250392,2,172,0.014112875,0.93941003,2,200
282,0.0043989746,0.97644943,2,31,0.010580354,0.9289034,2,52,0.021738,0.9354808,2,75
283,0.011352194,1.021432,2,22,0.005302412,1.0466516,2,42,0.009395867,0.99222004,2,80
284,0.003314119,1.0281816,2,26
285,0.0054621287,0.9686125,2,28,0.0056742253,1.0251542,2,50,0.004800848,1.0034417,2,76,0.0037616852,1.0439005,2,97
286,0.014661468,0.9835306,2,27
287,0.020746557,0.95899916,2,20,0.0,0.99971676,2,40,0.023048839,0.8974538,2,61,0.0,0.89825237,2,81,0.0042701266,1.0555792,3,102,0.0,0.9414614,0,122,0.009950994,0.7571087,0,142,0.068214774,0.47043806,2,162,0.080422126,0.44750348,2,200
288,0.038498316,0.85597605,2,24,0.07387126,0.6736325,2,44,0.06356682,0.7292551,2,64,0.013061297,0.5535537,0,84,0.0,0.641314,2,104,0.0,0.46104816,1,127,0.0047755097,0.40174833,2,150,0.0,0.45014745,2,172,0.02254976,0.25282902,1,200
