1718094899624 2.201882754392069 0
1718094998164 2.379628006020809 0
1718095086997 2.109591104568281 0
1718095173252 1.9768689771083239 0
1718095261063 1.808612344323135 0
1718095352309 1.7895240480412238 0
1718095442099 1.7155462703382767 0
1718095528283 1.5808601860257518 0
1718095613259 1.5046172425626143 0
1718095698927 1.5298770435308202 0
1718095784443 1.513050412639668 0
1718095869704 1.4943852193807348 0
1718095955019 1.4634166234429737 0
1718096039848 1.447656582086216 0
1718096132991 1.4750389326356812 0
1718096218247 1.4482082865251609 0
1718096308991 1.4255649988020562 0
1718096407520 1.4340009625812409 0
1718096498534 1.357937261624363 0
1718096583409 1.3718337140432217 0
