1718094899646 0.8815335631370544 0
1718094998182 0.9459560513496399 0
1718095087016 0.9536124467849731 0
1718095173269 0.9550660252571106 0
1718095261085 0.9580677151679993 0
1718095352333 0.9593836069107056 0
1718095442128 0.9604019522666931 0
1718095528303 0.9604947566986084 0
1718095613301 0.9628467559814453 0
1718095698946 0.9641979932785034 0
1718095784460 0.9653327465057373 0
1718095869727 0.9651111364364624 0
1718095955040 0.9649441838264465 0
1718096039864 0.9702751040458679 0
1718096133019 0.9673018455505371 0
1718096218270 0.9683260321617126 0
1718096309013 0.9711960554122925 0
1718096407561 0.968893826007843 0
1718096498555 0.9689726233482361 0
1718096583454 0.9723250865936279 0
