1719236883587 0.8652519392517378 0
1719238176086 0.7462045584084853 0
1719239320019 0.7188508038250905 0
1719240390572 0.7065604718226307 0
1719241431959 0.6949717182033467 0
1719242446699 0.6957229677236305 0
1719243456731 0.6918517816741512 0
1719244460869 0.6855218113593335 0
1719245452621 0.6859148180709695 0
1719246447021 0.6860388126013414 0
1719247432534 0.6803368968783684 0
1719248417350 0.6822871813234294 0
1719249394979 0.6769352737462746 0
1719250370304 0.6737554089078364 0
1719251349668 0.6734457479332978 0
1719252323052 0.6743716179199939 0
