0,0.0071301386,0.9863025,2,28,0.0,0.8668507,2,48,0.0,0.84605616,2,68,0.01636192,0.78734076,2,88,0.11620007,0.75378704,2,108,0.02341735,0.67730874,0,129,0.006417106,0.73081255,0,149,0.00012718196,0.70916873,2,169,0.0,0.42085356,0,200
1,0.025441388,0.95223016,2,20,0.005819963,0.97919065,2,40,0.01985912,0.88921756,2,60,0.006459132,0.8551734,2,81,0.0,0.9061455,2,103,0.008033206,0.96002656,2,130,0.004319002,0.9732636,2,150,0.0,0.86101407,2,170,0.004191756,0.7576402,3,200
2,0.0002627684,1.0036252,0,20,0.0107761845,1.0149806,2,40,0.0042563444,0.93316567,2,60,0.011552531,0.9428361,2,84,0.020591293,0.9943659,2,104,0.024717472,0.9725898,2,135,0.016129456,0.95948803,2,155,0.0015590896,0.91372377,2,175,0.0072830487,0.8770282,2,200
3,0.0027157788,0.96598923,2,20,0.049822997,0.91262025,2,40,0.02555588,0.89603424,2,61,0.003660305,0.97186214,2,84,0.0,1.0012177,2,104,0.0039761285,1.0029025,2,128,0.012746641,1.0149851,2,148,0.007714659,0.95830333,2,168,0.0040203645,0.88609856,2,200
4,0.0,1.0647554,2,21
5,0.018692054,0.9544729,2,22,0.0,0.87901133,2,42,0.004783939,0.95627886,2,63,0.0,0.87619865,2,83,0.0005307781,0.8555781,2,103,0.016124729,0.7372461,0,123,0.0015583804,0.8486191,0,143,0.0,1.1532965,3,164,0.009915783,0.7302849,2,200
6,0.010951905,1.0423703,2,20,0.016724333,0.9540532,2,40,0.0018701603,1.0644864,2,67
7,0.005958204,1.0108008,2,22,0.012171395,0.8731386,2,42,0.008212314,0.8342134,2,62,0.0021578535,0.9544249,2,83,0.00144316,0.84705245,0,104,0.0,0.87961215,2,125,0.0070148744,0.8202318,0,145,0.020104695,0.76131546,2,166,0.036976293,0.9229091,3,200
8,0.009923939,1.0014433,2,25,0.017708963,1.019611,2,46,0.0,1.0829579,0,66,0.0,1.0818994,2,86,0.0013806211,1.0623316,2,110,0.0054031457,1.0485449,2,132,0.02325394,0.980265,2,152,0.00788888,1.1131293,2,172,0.016396208,1.0819504,2,200
9,0.012977051,0.9529894,2,23,0.00944368,0.9490156,0,43,0.0032904595,0.9585555,2,64,0.008267814,0.9585422,2,85,0.03263028,1.0434453,2,107,0.01561057,1.0007589,2,127,0.025786739,0.99058306,2,147,0.0022941993,0.9700159,2,170,0.0021611645,1.0320754,2,200
10,0.0022574565,1.0631948,2,25
11,0.0036340067,0.9984287,2,22,0.0,0.9765835,2,42,0.021357043,0.91443634,2,63,0.0043471693,0.9235611,2,83,0.029281706,0.9122521,2,107,0.019764239,0.9173015,2,127,0.012883035,0.9138501,2,147,0.02491877,0.98521733,2,174
12,0.008383035,1.0150254,2,20,0.012949748,1.0567893,2,49
13,0.0,1.0310365,2,20,0.021052891,1.0021749,2,40,0.015574382,0.95395523,2,61
14,0.0,1.0601151,2,20,0.016362822,1.0256827,2,40,0.0030907153,1.0437489,2,75
15,0.022664886,0.84514344,2,20,0.014507765,0.58763045,0,40,0.0,0.7493161,2,61,0.0,0.50243175,0,81,0.0,0.8387579,2,101,0.0,0.5958014,0,121,0.11749524,0.73291445,2,142,0.0,0.48130265,2,162,0.014227817,0.4828812,2,200
16,0.021712948,0.9335043,2,22,0.002936887,0.94477844,2,42,0.015260701,0.9584948,2,62,0.0031540715,0.93017167,2,82,0.0,0.94413173,2,102,0.008457133,0.948116,2,122,0.012439043,0.91436225,2,142,0.018350005,0.9421078,2,162,0.0076989294,0.9792366,2,200
17,0.0,0.9543011,2,21,0.041814316,0.91450405,2,45,0.012450079,0.8574991,2,69,0.029670322,0.8992465,3,89,0.0,0.87748593,1,112,0.019904917,0.97103816,3,133,0.03225506,0.9556118,0,153,0.035878412,0.98406065,2,173,0.025999669,0.9932227,2,200
18,0.008979394,0.9575332,2,21,0.018683024,0.97135067,2,41,0.015635345,0.8108876,2,62,0.010899274,0.96543276,2,83,0.0155642275,0.90920943,2,105,0.025044631,0.9085091,2,125,0.039809592,0.87411165,2,146,0.0038921474,0.9510951,2,175,0.010672504,0.97472537,2,200
19,0.025999332,0.91976964,2,20,0.029048758,0.88873553,2,42,0.007026177,0.5996358,3,62,0.0,0.5845767,2,83,0.0,0.66767746,1,105,0.0,0.58510834,0,125,0.0,0.6623101,0,146,0.0,0.82996815,2,170,0.0053869216,0.8808604,2,200
20,0.013134416,1.0211604,2,22,0.007559026,0.98367625,2,42,0.0044891634,0.9348689,2,63,0.03141526,0.9936598,2,83,0.014096572,0.94245684,2,104,0.0,0.940715,2,124,0.0047020474,0.9598486,2,144,0.024573088,0.9724196,2,164,0.0068636006,1.018809,0,200
21,0.014175222,0.9984714,2,23,0.033461384,0.985289,2,44,0.0077019706,1.0729733,2,68,0.0013300761,1.0397276,2,89,0.0075222347,1.0210345,3,111,0.01984045,1.0061209,2,131,0.0136754075,0.9851976,2,155,0.0055186553,1.0225382,2,175,0.016215995,1.0698203,2,200
22,0.008396637,1.0327595,2,21
23,0.009430121,1.0745445,2,20,0.003985603,1.0332786,2,53,0.010013027,0.93471086,2,81,0.025732746,0.86429936,2,109
24,0.0019390718,1.036041,2,26,0.004061613,1.071956,2,56
25,0.033862438,0.94576615,2,35
26,0.009008128,1.0337077,2,20,0.011192845,1.0081595,0,40,0.033580102,0.90645236,2,63,0.0,0.9758,2,85,0.034290444,0.957932,2,106,0.09528683,0.85504293,2,126,0.004960107,0.9687041,2,146,0.0065418957,0.93035316,0,166,0.020869842,0.92831117,2,200
27,0.0,1.0326855,2,21
28,0.0,0.9778021,2,20,0.012062859,1.060306,2,41,0.002344098,1.0870669,0,61,0.0006810573,1.0184896,2,88,0.0027417548,1.030406,2,108,0.004586547,0.96701825,2,139
29,0.0039586383,1.0123625,2,21,0.011048325,1.0117759,2,49,0.018097484,0.9906176,2,69,0.007209717,1.0110635,2,91,0.00066664757,1.0370429,3,111,0.023912389,1.0473884,2,131,0.026047766,1.0034486,2,151,4.3825807e-05,1.1409401,2,171,0.0007841597,1.0050583,2,200
30,0.007415942,0.9301469,2,20,0.0,1.0057948,2,40,0.0065835575,1.1013495,2,60,0.0,0.96570235,2,81,0.0020999878,0.9928022,2,109,0.00027083987,0.9929892,2,129,0.0136344,1.0416214,2,149,0.0052215187,1.0815128,2,174,0.007547726,1.0144014,2,200
31,0.0106231235,0.9840822,2,24,0.0,0.98633564,3,44,0.0048134127,0.93397534,2,64,0.02620234,0.92259103,2,84,0.0037543476,0.9891993,3,104,0.0,0.73302794,0,125,0.018605942,0.84357995,3,145,0.011111523,0.84297335,2,165,0.014375014,0.9074422,2,200
32,0.008343759,0.9836074,2,20,0.017108772,0.935406,2,40,0.007406874,0.8969405,2,60,0.03235803,0.9098851,2,81,0.03256069,0.92855084,2,101,0.015402652,0.9624791,2,121,0.001673346,0.9777638,2,141,0.0012148783,1.0143145,2,161,0.018503578,1.0039135,2,200
33,0.009419562,1.041726,2,20,0.0270148,1.0575132,2,45,0.0,1.0477237,2,67,0.019080713,0.94465363,2,87,0.0,0.9541647,2,107,0.0,0.90580046,2,127,0.011186927,0.8334765,2,148,0.0,1.0181017,2,170,0.0004929361,0.7757453,0,200
34,0.00048735028,1.0025294,2,21,0.025720926,0.98298585,2,43,0.028679347,0.8494717,2,66,0.015954923,0.95036036,2,89,0.010645062,0.98879063,2,110,0.0016323576,0.99741614,2,130,0.009057494,0.97969544,2,150,0.020466745,0.9267,2,170,0.021532424,0.9095513,2,200
35,0.014674455,0.99018335,2,20,0.033328265,0.95061475,2,40,0.0046651084,0.9302501,2,71
