0,0.010766447,1.0230273,2,31
1,0.0,1.0156652,2,25
2,0.0033798304,1.049435,2,21
3,0.0,1.0578564,2,21
4,0.0,0.98490846,2,20,0.0004651051,0.9690012,2,42,0.005430673,0.8549898,2,65,0.004425266,0.9759665,2,86,0.0,0.9556975,2,107
5,0.015171853,0.99804175,2,23,0.0,0.93856907,2,43,0.009109372,0.9372662,2,63,0.006529809,0.9437111,2,91,0.0060414053,0.93458813,2,111,0.0,0.9307526,2,134,0.0,0.9189803,2,154,0.014526825,0.8984984,2,175,0.0017605493,0.9406596,2,200
6,0.0047514304,0.94084346,2,20,0.031735398,1.0055563,2,40,0.007408357,0.98723745,2,61,0.0,1.0018108,2,81,0.0018125847,0.96776676,2,101,0.014743725,0.9532566,2,121,0.004007875,0.95566255,2,141,0.028138572,0.9573022,2,161,0.014025333,0.91593885,2,200
7,0.0,1.0008885,2,20,0.009023276,0.95300037,3,43,0.007112561,0.92275023,2,65,0.03993623,0.9109904,2,86,0.031350285,0.9339012,2,111,0.004322155,0.9326932,3,131,0.0062280763,0.96305895,2,154,0.008895959,1.0017678,2,174,0.020757608,0.92437845,2,200
8,0.024745736,0.9304668,2,20,0.0,0.8160669,2,40,0.019121125,0.77534187,2,60,0.0,0.8184258,2,80,0.0,0.802287,2,100,0.0,0.72032374,2,121,0.0,0.43800312,1,141,0.00858247,0.5529712,1,164
9,0.008612094,1.0060629,2,30
10,0.0035209707,1.0049183,2,20,0.010755393,1.076445,2,40,0.0050034653,0.9823395,2,62,0.0,1.0868292,2,82,0.0061903778,0.9776351,2,105,0.013119244,1.0294636,2,127
11,0.0030684788,1.0139824,2,21,0.007901842,0.94417495,2,43,0.0119963195,0.9681231,2,66,0.04168954,0.99803215,2,88,0.024963718,0.9600033,2,117,0.005501916,0.91112036,2,138,0.013414383,0.9703902,2,173,0.01703812,0.9856971,2,200
12,0.018098034,0.9448362,2,41
13,0.019710355,1.0202582,2,20,0.006322587,1.0317806,2,44
14,0.016945206,1.0445623,2,22
15,0.0068889493,0.9595968,2,20,0.014606389,1.0359734,2,40,0.004141576,0.98309684,2,63,0.0035935878,0.96566564,2,83,0.0006380667,1.0563327,2,105,0.028920755,0.92365557,0,126,0.009546794,0.99773365,2,149,0.0,0.9678755,2,169,0.02970824,0.844091,2,200
16,0.009420294,0.9096812,2,21,0.03139601,0.8823416,2,43,0.04155587,0.80998456,2,65,0.03728068,0.612475,2,85,0.088836715,0.60173345,2,107,0.06893111,0.6254398,2,127,0.07117987,0.5983021,2,156
17,0.0,1.02226,2,20,0.0029570232,0.8872665,2,41,0.053136386,0.8720305,2,74
18,0.006640521,0.9801988,2,22,0.009956358,0.99047124,2,43,0.008555499,1.0629097,2,65,0.012440842,1.0018557,2,86,0.0034615279,1.0133891,2,106,0.008852152,0.9700879,2,127,0.008572596,0.9749154,2,150,0.019282198,0.90261626,2,173,0.0051931255,1.0289518,2,200
19,0.031985015,0.895153,2,23,0.0012049903,0.9388388,2,45,0.05028439,0.9012028,2,77
20,0.0,1.0235194,2,20,0.017795937,1.0032806,2,44,0.009681754,0.89920664,2,65,0.0,0.9588418,2,86,0.00052642054,0.9281273,2,113
21,0.0076881745,1.0062704,2,23,0.010962077,1.0769577,2,43,0.009357988,0.9948912,2,65,0.006665873,0.9437835,2,90,0.009424803,1.0023925,2,110,0.0,0.9400701,2,132,0.0049938546,0.93719035,2,152,0.0,0.9466747,2,182
22,0.0,1.0079976,2,22,0.016919551,1.0112656,2,43,0.0,0.9593816,2,63,0.016685119,0.9455324,2,84,0.010430162,0.99860245,2,105,0.044575356,0.8939926,2,125,0.03240921,0.9161947,2,147,0.0,1.0864044,0,168,0.01648102,0.9443474,2,200
23,0.013691547,0.94649255,2,20,0.00901721,1.0278335,2,41,0.005892678,1.1153141,0,62,0.00521062,1.0503743,2,99
24,0.031197725,1.0021625,2,25,0.0062071946,0.98614407,2,47,0.0,0.9753035,3,68,0.011679291,0.98056245,2,100
25,0.01000394,1.0351499,2,20,0.0054341024,1.020417,2,40,0.020514682,0.9879695,2,60,0.0060952096,1.042979,2,88,0.0018898258,1.058532,2,108,0.004670209,0.9471083,2,130,0.0072659245,0.9562074,2,150,0.0,1.045964,2,170,0.0,0.96741074,2,200
26,0.020511054,0.750476,2,20,0.013312749,0.85318214,2,41,0.00075743994,1.0407822,2,64,0.005592941,1.0717432,2,97
27,0.0007830275,0.9737608,2,20,0.011198005,0.9280289,2,40,0.041221775,0.98567086,2,60,0.0081569,1.0266345,2,80,0.00091241597,1.0070196,2,105,0.0,1.0349658,2,126,0.020507673,1.0102701,2,147,0.010950226,0.9896372,2,167,0.004693414,0.9607388,2,200
28,0.0019749396,0.9530067,2,22,0.0046854415,0.86827815,2,49,0.030444285,0.90371084,2,69,0.0,0.80360955,2,89,0.0,0.6794946,1,111,0.0,0.71468747,2,131,0.012818372,0.7314191,2,151,0.009483606,0.8900156,2,173,0.011109179,0.82278895,2,200
29,0.007561982,0.9811251,2,26,0.009108027,0.93624175,2,46,0.0019180013,1.0304381,2,66,0.0076598744,0.9196158,2,87,0.010548984,0.7366863,2,108,0.0,0.9055637,0,128,0.021497967,0.9417834,2,148,0.040605843,0.9065321,2,168,0.0265408,0.87388206,2,200
30,0.010856562,0.9946005,2,20,0.01483164,0.9614686,2,41,0.012219159,0.93662035,2,61,0.023016665,0.97636193,2,82,0.027028726,0.9393515,2,104
31,0.012914764,1.0002604,2,20,0.0,0.9773509,2,47,0.0100073265,0.7675947,2,67,0.001144297,0.8248625,2,87,0.0,0.8815721,2,107,0.0,0.6047818,0,128,0.0,0.5372465,0,148,0.0,0.601631,0,168,0.002761047,0.4788515,2,195
32,0.008623442,1.0161045,2,20,0.0079076225,1.0263621,2,40,0.0105733005,0.94944745,2,60,0.0,1.064524,2,80,0.020486696,0.9051464,2,100,0.0,1.0506942,2,126,0.0,0.89788944,0,149,0.0,0.9103278,0,170,0.014812435,0.92876184,2,200
33,0.015094347,0.91201144,2,21,0.0,0.991889,2,41,0.007394291,0.9720632,2,62,0.0,0.92291194,2,102
34,0.015250484,0.97408104,2,21,0.0028560741,1.0766481,0,41,0.009476934,0.89026797,2,62,0.007360641,0.93093103,2,96
35,0.009831404,0.9255964,2,22,0.0070318873,0.9832934,2,51,0.0047475784,1.0943016,0,74,0.007325762,1.0605955,2,100,0.012400976,0.9677706,2,120,0.031452823,0.9305377,2,141,0.0,0.9205003,0,168,0.004053301,1.0334344,3,200
36,0.022254033,0.9776925,2,20,0.008869866,1.024484,2,45,0.00010212898,1.0063148,2,70,0.016621921,1.0236675,2,91,0.005197899,0.89957637,2,112,0.007171016,0.9690546,2,132,0.0,0.9560051,2,152,0.0004422036,0.9311902,3,176,0.003671188,1.0225074,2,200
37,0.0147965485,0.91086954,2,27,0.008126778,0.8819712,2,47,0.0,0.6300146,2,69,0.0005515118,0.7497867,2,89,0.0,0.71868634,1,109,0.0,0.7920547,2,129,0.030404037,0.77014005,2,149,0.03331966,0.8441512,2,170,0.048353914,0.91885144,2,200
38,0.0024873815,0.91117114,2,22,0.021604931,0.85735786,3,43,0.0,0.8289727,2,63,0.044413753,0.870408,0,84,0.0,0.94510716,2,105,0.029699171,0.7793587,2,125,0.010557367,0.80148095,0,145,0.0,0.8307778,0,165,0.0,0.75164986,0,200
39,0.0026325083,1.0281104,2,25,0.004490645,0.99999845,2,46,0.027682105,0.9384783,2,69,0.037924085,0.92688406,0,91,0.010647492,0.9895286,2,114,0.0035409005,1.0268161,2,135,0.023167035,1.011421,2,156,0.018439032,1.0144926,2,176,0.0,1.0188442,2,200
40,0.00025535154,1.0497669,2,22,0.003009626,0.97184277,2,46,2.656894e-05,0.8785227,2,68,0.0032499693,0.92246175,2,90,0.021310423,0.9280717,2,111,0.0,1.016485,2,132,0.011546247,0.8460468,2,155,0.019658914,0.8732378,0,175,0.0009977383,0.91405123,2,200
41,0.00877333,0.94188803,2,20,0.022024527,1.0451593,2,41,3.2090767e-05,0.98222035,0,61,0.011308837,0.90370977,2,95,0.0,0.873902,2,115,0.0038313784,0.879804,2,135,0.008381405,0.9917718,2,155,0.07737581,0.9381816,2,176,0.0005744701,0.8543342,2,200
42,0.018339597,0.96897674,2,32
43,0.0,0.93446845,2,20,0.008945894,1.0017737,2,43
44,0.0009567461,1.0662143,2,32
45,0.013035207,1.0152184,2,39
46,0.013714976,0.9155842,2,22,0.010534312,0.9317745,2,42,0.006150443,0.9648948,2,69,0.01527459,0.949743,2,90,0.0080810655,1.0008256,2,128
47,0.0023973726,0.97123194,2,38
