0,0.009000106,0.9968529,2,21,0.009810268,0.9407257,2,46,0.03326902,0.9359544,2,69,0.011968257,0.7709625,0,89,0.0042667435,0.9018259,2,109,0.0,0.61496997,2,131,0.00048314725,0.5552776,0,156,0.0,0.33862275,0,177
1,0.016763069,0.95338637,2,25
2,0.005524858,0.9770431,2,29
3,0.00973245,1.0527802,2,36,0.018440789,1.0360975,2,57
4,0.010656242,0.9722816,2,21,0.020702899,0.9173281,2,57
5,0.024825122,0.9217264,2,40
6,0.004572238,1.0193,2,22,0.0058315727,1.0847589,2,44,0.015542243,0.980502,2,67,0.0,0.9665532,2,87,0.018161891,0.9304957,2,112,0.0039372845,0.99810314,2,132,0.026769996,0.93108857,2,152,0.010780717,0.7505253,2,172,0.015706677,0.7556224,2,200
7,0.035945274,0.9784342,2,23,0.01091127,0.92931974,2,49,0.008739544,0.9678535,2,72,0.012374071,1.0439594,2,92,0.0054921405,1.0803561,2,112,0.008487085,0.82734454,2,132,0.011544892,0.9261571,2,152,0.0048485612,0.9667144,2,172,0.035384268,0.9816546,2,200
8,0.036673784,1.037862,2,24,0.0056322077,0.9849148,2,44,0.0044689137,1.010436,2,72,0.015459447,0.936173,2,94,0.0109080095,0.88622725,2,125,0.007390575,0.97225213,2,156
9,0.02094785,0.9513179,2,20,0.026518568,0.95005035,2,40,0.015138606,0.75277245,2,60,0.0,0.7724792,2,81,0.0,0.84291553,2,101,0.0,0.8359958,2,121,0.0,0.896207,2,142,0.0,0.8377225,3,163,0.020465367,0.9046333,2,200
10,0.009946567,1.0104768,2,22,0.020566983,1.001508,2,42,0.0,0.93028784,2,62,0.019629441,0.9820558,2,83,0.0074091707,1.0387485,2,115,0.009426779,0.9213668,2,135,0.014440243,0.9144602,2,159,0.031365,0.93590605,0,179,0.002254281,1.0012205,2,200
11,0.023806414,0.96116704,2,20,0.01747759,0.9495676,2,40,0.025402613,0.8703079,2,63,0.005854047,0.92876375,2,83,0.03153256,0.93821496,2,107,0.0132631175,0.9557016,2,150,0.03092683,0.9396562,2,171,0.06994562,0.8879831,2,200
12,0.010426836,1.0096353,2,21,0.0246843,1.0065858,2,41,0.0077725556,0.8537145,2,62,0.02052031,0.79753125,2,82,0.065831415,0.87156653,2,105,0.0053900266,0.9773022,2,125,0.035156272,0.9920147,2,145,0.0022312491,0.9896077,3,165,0.021926016,0.92724454,2,200
13,0.013525734,0.9465418,2,20,0.012381002,0.81646633,2,40,0.017400324,0.57576436,2,65,0.0019452708,0.5383147,0,85,0.0,0.5679036,0,105,0.0,0.5466507,2,125,0.0,0.6787404,3,145,0.015238732,0.7522502,2,165,0.0067356625,0.85667074,0,200
14,0.011616719,0.99466085,2,21,0.01620495,0.8410249,2,41,0.0032112875,0.89821315,2,62,0.011254018,0.94343203,2,82,0.006093462,0.97936594,2,104,0.02635182,0.8913225,2,124,0.008260233,0.8693873,2,144,0.0,0.9612892,0,164,0.05768417,0.7886886,2,200
15,0.007126971,1.0423565,2,20,0.011288365,0.9487193,2,45,0.014294038,1.0030826,2,76,0.0,1.0306156,2,101,0.017553955,0.98065186,2,121,0.008955129,0.9716263,2,141,0.010143281,0.9955832,2,161,0.016028594,0.88894576,2,200
16,0.0145166395,0.99852645,2,20,0.005753578,0.8962383,2,40,0.013079422,0.7460128,2,60,0.0064087897,0.80490226,2,80,0.011572093,0.8069929,2,100,0.0,0.7664607,3,120,0.0,0.9639721,2,140,0.0,0.8160533,2,161,0.030911718,0.59667873,2,200
17,0.01573376,0.996433,2,34
18,0.0,1.0838352,2,28
19,0.009851157,0.9506279,2,21,0.014698824,1.0222064,2,50
20,0.000733554,1.032601,2,20,0.03431332,1.0111425,2,43,0.0035778985,0.9523218,2,65,0.0044696745,0.9550152,2,86,0.03260514,0.911314,2,106,0.011161351,0.9435592,2,147,0.0,0.99108744,2,172,0.0,0.98240614,2,200
21,0.008282463,1.0157802,2,21,0.01178947,0.9961724,2,42,0.012477365,0.92179805,2,62,0.011845169,0.9854533,2,85,0.05238989,0.96247166,2,106,0.011535385,0.94909304,2,128,0.012426038,0.9254175,2,149,0.013376188,0.9463128,2,169,0.001009204,0.96417373,2,200
22,0.0056160176,0.99292105,2,20,0.0040629585,1.0083339,2,46,0.04893499,0.88342303,2,66,0.072167575,0.8659197,2,86,0.0,0.98818827,2,107,0.0,0.70990765,2,128,0.0,0.8048371,0,148,0.0,0.6893776,0,168,0.018119635,0.4425414,2,200
23,0.0074458555,0.9362755,2,24,0.017800292,0.7490079,2,44,0.06976485,0.8236909,2,64,0.0064321365,0.83442885,0,86,0.018584168,0.78607404,2,106,0.02856976,0.7404178,2,145
24,0.002126316,0.94408387,2,20,0.066294715,0.94840777,2,41,0.0,0.9403507,2,61,0.027675724,0.92706364,2,81,0.004474881,0.9683834,2,103,0.012768611,1.0323373,2,123,0.005909336,0.990306,2,143,0.014823525,1.0549854,2,167,0.013622657,1.0569134,2,200
25,0.0202569,0.99850506,2,22,0.01886764,0.93663245,2,42,0.021299237,0.9763956,2,62,0.031130925,0.8280896,2,82,0.012188226,0.8869675,2,102,0.014802126,0.90472764,2,122,0.0,0.8299317,0,144,0.013913928,0.87352693,0,164,0.10490428,0.66823447,2,200
26,0.0074477294,1.0073557,2,21,0.0,0.98093694,2,42
27,0.007714624,0.95023537,2,20,0.00030584243,0.7217748,2,40,0.029735727,0.89981645,2,62,0.017074334,0.92593837,2,84,0.030288469,0.9161927,2,104,0.03371948,0.9346329,2,141
28,0.04762695,0.8154483,2,20,0.008998853,0.98501587,2,41,0.009925496,0.95566696,2,75
29,0.0032482175,1.0506886,2,36
30,0.004170268,0.98812675,2,20,0.017250901,1.0019326,2,44,0.01236468,0.9379967,2,66,0.011323919,0.99566305,2,87,0.011156432,0.962936,2,110,0.00073259405,0.9211747,2,130,0.015235743,0.70451844,2,150,0.041163437,0.69769454,2,173,0.016421603,0.7234344,2,200
31,0.013224995,0.99685585,2,25,0.0,1.0156786,2,45,0.012887727,0.9496762,2,65,0.018768458,1.0254128,2,89
32,0.01947672,1.0413535,2,22,0.009637143,1.0575533,2,56
33,0.0051384405,1.0379822,2,29
34,0.01522276,1.0166419,2,21,0.0,1.0219529,2,41,0.0137823345,1.045365,2,68,0.011064223,0.9056121,2,93
35,0.0,0.91751766,2,20,0.015699603,0.80053127,2,41,0.058296777,0.80901164,0,61,0.016018145,0.9201301,2,81,0.011650992,0.8682334,2,101,0.0054457774,0.8679428,2,121,0.0066528884,1.0076287,3,143,0.0017575519,0.8566683,2,163,0.035573766,0.7187536,0,200
36,0.01433437,0.9956681,2,20,0.0,0.9631222,2,40,0.030224526,0.8899051,2,67,0.016801294,0.9985355,2,87,0.010418848,0.94226265,2,107,0.032209374,0.8413819,2,128,0.004432091,0.8341814,2,148,0.00019352298,0.78451,2,169,0.039576124,0.78400964,2,200
37,0.0007312065,1.0141946,2,22,0.0040689693,0.9470866,2,51
38,0.0140529275,1.0154494,2,41
39,0.0011391186,0.9340507,2,21,0.009880973,0.965037,2,41,0.014077073,1.0029896,2,62,0.028069254,0.8583985,2,90,0.0010682516,0.99148965,2,115
40,0.029252578,0.9189452,2,20,0.0031260913,0.9604627,2,56
41,0.0023977933,0.9444581,2,21,0.0005638525,0.9190566,2,42,0.009180025,0.84905976,2,63,0.0,0.65959966,2,83,0.0,0.584436,1,103,0.0,0.47624183,2,123,0.010490356,0.44582912,1,144,0.0013497,0.6582967,2,164,0.004003781,0.6691451,2,200
42,0.008415205,0.9539102,2,21,0.01093853,0.9257343,2,42,0.007061402,1.065441,2,62,0.0,1.0438039,3,82,0.0024588453,0.9413297,2,104,0.021731967,1.0397724,2,126,0.0016981941,1.0148124,2,146,0.0010892845,1.0819855,2,166,0.014601162,0.956076,2,200
43,0.011432775,0.92262983,2,25,0.0092670275,1.0014656,2,55,0.001513832,0.9706092,2,76,0.006472353,0.97534686,3,97,0.030290961,0.9043463,2,117,0.005515891,0.909781,2,137,0.00626222,0.95765716,2,161,0.038686555,0.9513521,3,200
44,0.012639946,0.9336096,2,22,0.01658815,0.902449,2,45,0.056032676,0.8368351,2,69,0.0056296415,0.9527931,2,112,0.00590812,1.0988157,2,139,0.004075866,1.0813774,2,159,0.0,1.0285932,2,179,0.0,1.0777138,2,200
45,0.006226702,0.9471367,2,20,0.015521023,0.92882234,2,43,0.028415425,0.8583138,2,65,0.015228011,0.9349616,2,92,0.0053329603,0.93306017,2,112,0.0052502425,0.8335547,2,133,0.07274081,0.75540155,2,153,0.047892395,0.8728523,2,175,0.06744614,0.909463,2,200
46,0.027525276,0.96597135,2,20,0.008403172,0.893202,0,40,0.046645314,0.8812498,2,68
47,0.023225183,0.98106396,2,20,0.0,0.96149147,2,40,0.007578315,0.9965263,2,63,0.0229526,1.0245779,2,83,0.004251381,1.0904597,2,105,0.0045434837,0.9750013,2,131,0.026452692,0.93923455,2,153,0.016974626,0.92213523,2,173
48,0.007648566,1.0092554,2,21,0.074597396,0.9595885,2,42,0.06803458,0.8895114,2,67,0.017625926,0.8807117,2,87,0.035822023,0.8591489,2,108,0.0068776533,0.91374165,2,130,0.0,0.8491297,2,150,0.0188317,0.8851895,2,172,0.009575228,0.84849125,2,200
49,0.0,0.97307646,2,20,0.00438161,0.96939486,2,40,0.02469744,0.9778887,2,62,0.023349334,0.9528308,2,83,0.014988415,0.9551048,2,103,0.03010803,0.90729266,2,123,0.008869013,0.8940781,2,143,0.03424507,0.7580059,0,163,0.037732672,0.72270375,2,193
50,0.0,1.1077007,2,24,0.008044327,1.0634197,2,46
51,0.011323474,1.009911,2,37
52,0.020381989,1.0490298,2,23,0.013245706,1.0262307,2,51
53,0.005839234,0.99418414,2,29,0.015975045,1.029578,2,53,0.0059919376,1.0224086,2,87
54,0.004887582,0.9587701,2,20,0.0,0.9780281,2,40,0.0038688336,0.8697381,0,60,0.05861538,0.8761732,2,80,0.01106812,1.0359355,2,100,0.02405891,1.012282,2,121,0.027670713,0.98306566,2,149,0.0,0.9872645,2,169,0.004606297,1.0262574,2,200
55,0.025392577,0.95582706,3,20,0.00079329516,0.73187387,2,40,0.0,0.9804665,2,60,0.0,0.951892,2,80,0.0,0.92688656,0,100,0.0,0.7638837,0,120,0.010181923,0.6020164,0,140,0.0,0.725023,0,160,0.0,0.61159086,0,180,0.15960659,0.5109904,2,200
