0,0.026554156,0.9489074,2,20,0.0,0.9117667,2,43,0.008748613,0.8861251,2,68,0.015803067,0.82950777,2,90,0.0,0.93138534,2,111,0.013786247,0.8016079,2,131,0.032367863,0.7973522,2,151,0.0,0.6101681,2,171,0.0,0.40521428,0,200
1,0.005463664,0.99937814,2,22,0.0069284653,0.97042954,2,51,0.0,0.90320426,2,71,0.00112416,0.96353215,2,92,0.05388445,0.80221385,2,113,0.0,0.9022576,2,133,0.034623582,0.8872879,2,153,0.0091387965,0.7296124,2,176,0.021550054,0.8238589,2,200
2,0.006161794,1.0177512,2,22,0.0,0.98336446,2,43,0.014109951,0.9766261,2,73
3,0.0065140524,1.0235107,2,28
4,0.0036187943,0.9323507,2,21,0.03088436,1.0017701,2,51
5,0.0,1.0212783,2,22,0.0050143762,1.0120618,2,42,0.022658655,1.007216,2,62,0.024526216,0.9691982,2,86,0.013795456,0.9248155,0,106,0.030660596,0.9523881,2,127,0.002154022,0.88063085,2,147,0.0043865154,1.0084903,2,175,0.008351192,1.0907973,2,200
6,0.0033352175,1.0425231,2,20,0.016789457,0.96441364,2,40,0.002979584,0.9629972,2,63,0.013366046,0.9938836,2,83,0.00761461,0.86274385,2,103,0.008438902,0.82964706,0,123,0.008610015,0.7598952,0,143,0.002649331,0.7633906,2,163,0.0030733198,0.6508746,2,200
7,0.016398901,0.9290132,2,21,0.046216663,0.981851,2,41,0.029992616,0.8181915,2,61,0.037825,0.8745126,2,82,0.0,1.0986791,2,112,0.022084555,0.8685275,2,133,0.0,0.86124295,2,154,0.003992437,0.94897574,0,174,0.00523474,1.0249548,2,200
8,0.0,0.93559116,2,23,0.0032979674,0.8211838,2,49,0.011735724,0.60736704,1,69,0.018917417,0.78910255,2,89,0.00024667924,0.93067855,2,109,0.0,0.8003193,2,129,0.0,0.7926693,2,150,0.0131278,0.8814714,2,172,0.013576562,0.78756475,2,200
9,0.031776924,0.94135845,2,21,0.0067603844,0.92567676,2,48,0.0109589305,0.90947914,2,80
10,0.017491734,0.99737644,2,20,0.01387807,0.99871504,0,40,0.013928217,0.7406005,2,60,0.042928886,0.8001006,2,80,0.03935368,0.96797764,2,100,0.024824044,0.89224595,2,120,0.0015940514,0.9424283,2,141,0.014852369,0.8847061,2,163,0.053580318,0.920437,2,200
11,0.0075276378,1.0103801,2,22,0.0,0.890339,2,43,0.008637195,0.93699074,2,63,0.000110273526,0.9443844,2,83,0.013121419,0.83666897,2,103,0.003858981,0.8430828,0,123,0.029326225,0.8586448,2,143,0.011774556,0.88779736,2,163,0.012203047,0.963272,2,200
12,0.00541623,0.9920685,2,25,0.020135267,0.9694541,2,49,0.019319752,0.91765803,2,69,0.026729077,0.9375965,2,89,0.01033102,0.96758693,2,112,0.0058135805,0.93832403,2,134,0.016074631,0.8955886,2,154,0.03651827,0.8693143,2,175,0.021348769,1.0362194,2,200
13,0.008685985,1.014484,2,23,0.0159792,0.9395101,2,47,0.008574517,0.7838396,2,67,0.0,0.72767365,2,87,0.01895332,0.71828806,2,107,0.0,0.6688302,2,127,0.0,0.7486583,2,147,0.014697281,0.84922105,2,171,0.0039753458,0.9604128,2,200
14,0.0,1.0790789,2,20,0.006384862,1.0229745,2,40,0.017834146,1.0867627,2,60,0.0,1.0502411,2,80,0.0,1.0980312,2,100,0.013028485,1.1136407,2,123,0.0,1.091982,2,147,0.011923337,1.076218,2,168,0.010858951,1.0819227,2,200
15,0.0033933797,0.9619057,2,22,0.021616524,1.0840396,2,42,0.00792264,0.962468,2,65,0.034386523,0.92509526,2,85,0.0047680014,0.90992355,2,106,0.005860591,0.91769403,2,133,0.011187368,0.8809328,2,153,0.009483075,0.8776372,2,173,0.01742899,0.86825114,2,200
16,0.008705453,1.035915,2,34,0.006923765,0.9531493,2,54,0.017245028,0.9994596,2,74,0.0008762293,0.90509415,2,96,0.0006172911,1.0466996,2,123,0.0069020046,0.97004956,2,157,0.0,0.92359936,2,177,0.0010317937,0.9896855,2,200
17,0.017791806,1.0015719,2,20,0.0,1.1165909,2,40,0.0054311273,1.0741841,2,64,0.021183368,0.9784771,0,84,0.036507703,0.95003366,2,104,0.06293155,0.8419033,2,124,0.08682157,0.81664324,2,144,0.06566811,0.8083073,0,164,0.00930188,0.6655241,0,200
18,0.009728708,0.9819126,2,20,0.04239223,0.9750571,2,40,0.029288223,0.9618502,2,61,0.0,0.9460982,2,82,0.0,0.8123058,2,102,0.03009813,0.73592174,2,122,0.007688275,0.6996048,2,142,0.04614902,0.68524283,0,162,0.054293606,0.6667116,0,200
19,0.00078102166,0.9877459,2,22,0.015457792,1.0098754,2,48,0.01124092,0.9533788,2,68,0.035333447,0.98576295,2,88,0.026838904,0.9464201,2,110,0.11274233,0.88376075,0,130,0.028705606,0.93838763,2,151,0.063305154,0.8792653,0,171,0.023586126,0.869588,2,200
20,0.00083948823,0.96865386,2,20,0.0025414715,1.0513166,2,42,0.004370554,1.0227903,2,62,0.00791762,1.0113887,2,100
21,0.0,1.0227413,2,20,0.0078116395,0.99786025,2,44,0.011241701,0.9876386,2,64,0.008984672,1.0133611,0,84,0.011722635,0.987505,2,112,0.022376841,0.9717184,2,147
22,0.0092740385,0.9856574,2,34
23,0.004041274,0.98288023,2,20,0.015426608,0.99509877,2,41,0.0,0.9873236,2,61,0.0,0.9825324,3,81,0.019342808,0.99790657,2,109,0.005025836,0.9904423,2,135,0.023441544,0.98928297,2,155,0.00981105,0.900325,2,175,0.017805729,0.9899512,2,200
24,0.0038964257,0.87351847,2,20,0.0,0.70841616,2,40,0.0,0.5660417,1,60,0.017400777,0.46252814,1,104
25,0.010855782,0.97729456,2,21,0.00047482815,1.0699995,2,42,0.0,1.0551269,2,63,0.019813413,0.97729254,2,84,0.009659795,0.9140261,2,104,0.053090375,0.8817218,2,124,0.0019530455,1.0257654,2,144,0.017795045,0.989226,2,166,0.0032968342,1.0267308,2,200
26,0.0064900694,0.9189224,3,23,0.009015602,0.9319962,2,46,0.0,0.9432289,2,66,0.0,0.9200053,2,86,0.008450331,0.99874246,2,106,0.013672151,0.9390122,2,126,0.00630736,0.7700123,2,146,0.021482574,0.64926845,2,168,0.021874035,0.64953774,2,200
27,0.018166343,1.0162512,2,20,0.005588929,0.9985768,2,40,0.0046191323,0.9513872,2,64,0.004986091,1.0419567,2,97
28,0.04485281,0.9699917,2,20,0.017658822,0.8569591,2,41,0.0,0.8733565,2,62,0.0,0.7334706,2,82,0.0,0.59073174,1,104,0.022255141,0.73423076,2,125,0.0,0.8462467,2,145,0.0,0.79704887,2,166,0.049215216,0.830677,2,200
29,0.0012459477,1.0069797,2,20,0.0012328721,1.0316036,2,40,0.008235051,1.0038955,2,61,0.001741792,1.0298265,2,82,0.0067560263,0.9834417,2,102,0.0,1.0107948,2,124,0.0012607544,1.1106368,2,144,0.04729196,1.024661,2,166,0.007149478,0.9960905,2,200
30,0.0,1.077661,2,22,0.0024596006,1.0637959,2,43,0.014526188,1.0138489,2,79,0.013230967,0.99208194,2,103,0.0061168657,0.9482387,2,124,0.0,0.98130614,2,146,0.02525712,0.9245993,2,166,0.019296678,0.97913206,2,200
31,0.0120740365,1.0043037,2,21,0.019678105,0.9454403,2,49,0.023011101,0.96484274,2,70,0.0,0.72515744,2,91,0.0,0.7863099,2,112,0.0,0.7485801,2,132,0.0065402477,0.77274615,2,154,0.018108064,0.5833305,2,180,0.044475734,0.7046555,2,200
32,0.01855897,1.0003475,2,20,0.034617335,0.98651135,2,41,0.012365298,1.0442082,2,62,0.01921992,0.93138677,2,82,0.00013680765,0.81768614,2,104,0.0,0.97741747,2,124,0.0,0.98599917,2,145,0.008340779,0.94906616,0,168,0.016970411,0.9656866,2,200
33,0.011820512,0.9654242,2,20,0.01823722,0.9808557,2,42,0.002783491,1.0634952,2,63,0.0061813644,1.0003145,2,84,0.036017686,0.9234335,2,104,0.0095308665,1.0502596,2,124,0.010167149,1.0166653,2,152,0.0,0.9764403,2,172,0.025235325,0.9804588,2,200
34,0.00488514,1.0025173,2,22,0.00027645592,1.0097954,2,44,0.0027612278,1.0272079,2,66,0.0053791977,0.9660398,2,96,0.0,1.0301219,2,120,0.0,0.99892,2,144,0.0,1.1844847,2,164,0.0,1.1151145,2,200
35,0.021491762,1.0013813,2,20,0.018214118,0.95686275,2,40,0.0025909585,1.0263503,2,61,0.013892954,1.0084479,2,81,0.0086304,0.8394113,2,102,0.0142520545,0.9217024,2,122,0.017052537,0.8796469,2,142,0.00020044831,0.905048,2,165,0.0014667026,0.86156,2,200
36,1.1719054e-05,0.96902263,2,21,0.0026519657,0.9116589,2,41,0.004684801,0.78720796,2,63,0.02698349,0.82939386,2,83,0.0013977268,0.987596,2,111
37,0.02403811,0.95888644,2,20,0.034350954,0.9044426,2,40,0.005188494,0.9449744,2,60,0.07174578,0.8808854,2,91
38,0.004902147,0.92801756,2,44,0.025554534,0.8895713,2,64,0.0,0.8525423,2,84,0.0,0.78089863,2,104,0.008252752,0.571146,0,129,0.0,0.41275257,0,150,0.0,0.25476438,1,180,0.021895947,0.42468008,1,200
39,0.01809281,0.9588516,2,22,0.006337147,1.0291849,2,42,0.004840175,0.9638712,2,62,0.00021463099,0.98752314,2,84,0.0,1.0970852,2,106,0.0068091345,1.0504166,0,128,0.0,1.028197,2,151
40,0.026354183,0.97531253,2,20,0.035992537,0.9739714,3,44,0.052007083,0.9398106,2,76
41,0.01058539,0.9956684,2,34
42,0.0,1.0056485,3,20,7.819282e-05,0.9633975,2,40,0.013192095,0.97669935,2,61,0.012405563,1.0372343,2,81,0.007849784,0.9903489,2,132,0.011623556,0.96862966,2,152,0.035910953,1.0151944,0,174,0.016773459,0.99669206,2,200
43,0.03488683,1.012784,2,20,0.008410591,1.0173674,2,41,0.005551965,0.89342403,2,61,0.02239033,0.8524296,2,82,0.0,0.7995619,2,102,0.0,0.9662784,2,122,0.027646732,0.87893176,2,144,0.0069620544,0.8169033,0,164,0.015723262,0.8513245,2,200
