0,0.025343597,0.96443665,2,20,0.009502266,0.8875578,0,40,0.018619549,0.97399294,2,77,0.026936729,0.9332113,2,97,0.0055773538,0.9756229,0,118,0.010704825,0.9594642,2,138,0.045134384,0.8811644,2,158,0.019479703,0.70521533,2,178,0.029442012,0.8072795,2,200
1,0.0114288805,0.97850084,2,39
2,0.014383276,0.99975055,2,43
3,0.005502922,1.0541711,2,26,0.00031636306,1.0029205,2,51,0.0057178102,1.0174797,2,71,0.038598016,0.95122564,2,93,0.005029802,1.0097783,2,119,0.041235946,0.95278406,2,146,0.0055523654,0.8798622,2,166,0.0056268373,0.96964693,2,200
4,0.025582114,0.9762889,2,23,0.009373565,0.96326953,2,53,0.034901112,0.9522365,2,73,0.0,0.8440794,2,96,0.0,0.73130447,2,116,0.05076518,0.7390448,2,136,0.045288406,0.83643216,2,156,0.047177188,0.7029062,2,176,0.108923525,0.73155516,2,200
5,0.001368302,0.9160421,2,24,0.0073918924,0.91649324,2,46,0.033932455,0.89464396,2,66,0.0038284617,0.8103355,2,87,0.0,0.7303847,2,107,0.026226135,0.75012887,0,142
6,0.010844311,0.9521668,2,26,0.04233628,0.94760287,2,52
7,0.004331513,1.0340717,2,24,0.010467326,1.0084628,2,44,0.021429965,1.0080869,2,65,0.017385045,1.032951,2,85,0.029622594,0.9426185,2,105,0.0,0.986954,0,128,0.0,0.95310706,2,150,0.0,0.8776756,0,172,0.0009061809,0.94146246,2,200
8,0.0216352,1.0042096,2,20,0.013332869,1.0480602,2,40,0.0014397555,1.0566782,2,61,0.01221017,1.0528922,2,81,0.024902955,1.0469694,2,105,0.01092683,0.8684065,2,125,0.0071329055,0.9401188,2,145,0.0025132117,0.97414196,2,165,0.047309104,0.90571773,2,200
9,0.001974045,1.0022124,2,20,0.00014836865,0.9289994,2,41,0.010391325,0.9258027,3,61,0.0,1.0073202,2,81,0.018452326,0.84926134,2,104,0.012642641,0.7608824,2,125,0.035966408,0.86401594,2,145,0.00061607343,0.89836055,2,165,0.05713032,0.77466697,2,200
10,0.003350953,1.0351253,2,32,0.0,1.0064769,2,52,0.008549211,0.9512088,2,75,0.032580562,0.94572943,2,95,0.025447862,0.8837422,2,116,0.0078969365,1.0137346,2,137,0.007825293,0.9566932,2,162,0.009117169,1.0014538,2,200
11,0.0038275688,0.9912138,2,20,0.01257454,0.9877013,2,40,0.020222917,0.975031,2,61,0.031835645,0.9387942,2,82,0.0,1.0562979,2,103,0.0,1.044469,2,123,0.008456066,1.1023366,2,144,0.004146189,0.92754936,2,170,0.028230948,0.96533585,2,200
12,0.012180563,0.9780981,2,20,0.009303402,0.9256717,2,40,0.001547308,0.9436371,2,60,0.01641423,0.8924681,2,80,0.0021398526,0.8124997,2,100,0.012760574,0.6825244,2,120,0.0,0.67419064,2,148,0.02572182,0.7765059,2,182
13,0.016189316,0.88794094,2,23,0.0,0.94589037,2,46,0.02524038,0.9316497,2,66,0.0027429375,0.92684704,2,102
14,0.004024732,1.0248663,2,23
15,0.014504051,1.0321805,2,34
16,0.027110314,0.957984,2,20,0.023366833,0.931979,2,40,0.0085144155,0.9800683,2,60,0.010349649,1.0417246,2,80,0.017133694,0.93912303,2,100,0.0,0.99618524,3,122,0.0,1.0011587,0,144,0.0,0.88632995,0,164,0.0026853643,0.8858574,0,200
17,0.039765194,0.8951602,2,29
18,0.014789407,1.0121336,2,20,0.0,1.0280457,2,58
19,0.0,0.92802924,2,20,0.037830792,1.0213056,2,40,0.029545143,0.9965494,2,61,0.008826607,0.90453416,2,81,0.03297917,0.93737555,2,101,0.0010119582,1.0025892,2,122,0.007729975,0.9611407,2,143,0.0067910613,0.9926577,2,166,0.0029242465,1.0097975,2,200
20,0.0035884692,0.89903384,2,23,0.0,0.9241357,2,47,0.024534838,0.8653573,2,67,0.0,0.9225739,2,87,0.020247485,0.90539086,2,107,0.002313781,0.70395565,2,128,0.032801274,0.7438343,2,150,0.018020228,1.0074904,2,171,0.0,0.72909015,2,200
21,0.0021762922,1.0087959,2,31
22,0.004744506,0.9694903,2,22,0.013269036,0.9681399,2,45,0.005818066,1.0156561,2,65,0.021534258,0.9790365,2,85,0.013219188,0.8730565,2,108,0.04940947,0.90099525,2,128,0.0,0.94610953,2,153,0.0020575959,0.9760265,2,175,0.009642302,0.99069625,2,200
23,0.01198414,1.0011722,2,34,0.00524372,1.0610335,2,54,0.008676118,1.0285219,2,87,0.008502443,0.9879885,2,107,0.023832278,0.93778926,2,127,0.013910244,0.9464318,2,151,0.0058323257,0.9627923,2,171,0.036505543,0.91974634,2,200
24,0.00939132,1.0384676,2,20,0.0063187648,0.96623695,2,43,0.0084016165,0.945322,2,66,0.0,0.9310439,2,86,0.0075717904,0.84282583,2,107,0.0,0.9374772,2,129,0.01521495,0.9440342,2,155,0.007139647,0.8549306,2,175,0.0,0.87590826,2,200
25,0.010838481,0.9071315,2,20,0.0020434982,0.8392991,2,43,0.0,0.8820914,2,64,0.029459968,0.94426364,2,85,0.0,0.9816547,2,113,0.0028327096,1.041032,2,133,0.01887023,0.9579045,2,153,0.067501016,0.96886,2,173,0.0025467658,0.8603268,2,200
26,0.029469958,0.8924405,2,20,0.029698014,0.941702,2,40,0.01065183,0.97199833,2,60,0.006617766,0.82621944,0,81,0.0,0.93828166,2,103,0.0,0.9597742,2,123,0.029820165,0.83117366,2,144,0.026230097,0.7440889,2,164,0.09041389,0.54580903,0,200
27,0.0,0.95502394,0,20,0.0033194125,0.9931183,2,40,0.004468533,0.95238286,2,60,0.0,0.9687742,0,80,0.0,0.8178933,2,106,0.0,0.8648423,2,127,0.036098357,0.799462,2,156
28,0.014218317,0.94088566,2,41
29,0.0012844033,1.0144324,2,27,0.014384968,0.95955884,2,50,0.011642444,0.9761408,2,80,0.006087624,0.98703855,2,103,0.015757248,0.9370488,2,123,0.0,0.92872596,2,146,0.0031361498,0.8831477,2,166,0.0,0.6692894,2,200
30,0.0069472566,1.0279623,2,24,0.010423749,0.9404656,2,44,0.0015897903,0.965803,2,65,0.04236912,0.9081953,2,85,0.014823466,1.0238657,2,108,0.042659648,0.945066,2,129,0.0,1.0235587,2,149,0.022688465,0.97810143,2,173,0.0019595036,1.0024912,2,200
31,0.0,0.97339994,2,20,0.0020333882,1.0748475,2,40,0.00018323456,1.0505868,2,83,0.0038546026,1.0091566,2,104,0.009922727,1.0293278,2,127,0.0053108963,1.0218228,2,149,0.014475599,0.97547376,2,169,0.023896659,0.99747103,2,200
32,0.0,0.9591015,2,22,0.030611508,0.8140869,2,44,0.011646737,0.9244043,2,67,0.029163366,0.926341,2,88,0.022245249,0.90817565,2,108,0.0,0.99246424,2,128,0.0,0.963956,2,148,0.0,1.0483478,0,169,0.021964272,0.77611053,0,200
33,0.005813368,0.9882484,2,22,0.008708356,0.9279361,2,43,0.004588287,0.82711744,2,64,0.011606375,0.8650082,2,84,0.009483635,0.9052431,2,104,0.02948673,0.8567435,2,128,0.002560718,0.6320923,3,151,0.0,0.41415444,1,171,0.009888167,0.551775,1,200
34,0.0093163615,0.96512556,2,20,0.0,1.0228697,2,41,0.0077264966,0.96811855,2,61,0.028677225,1.0040555,2,81,0.01068351,0.95728016,2,103,0.016604168,0.79417485,2,124,0.06901168,0.88245916,2,148,0.0,0.9704111,2,170,0.018986296,0.9619262,2,200
35,0.0041685286,1.0610808,2,29
36,0.0,1.0006946,2,20,0.014521089,1.0118259,2,40,0.0069297035,0.93607324,2,66,0.014488771,0.91083896,2,87,0.02096323,1.0046446,2,107,0.045886815,0.96950305,0,129,0.0,0.82519966,2,150,0.0,0.69008386,2,170,0.010337006,0.8391636,2,200
37,0.011949307,1.025833,2,22,0.0013323769,0.98221934,2,42,0.020683235,0.88609934,2,62,0.0,1.0513002,2,86,0.0019388957,1.009081,2,106,0.018241517,0.9988183,0,126,0.04968216,0.90449697,2,146,0.02995944,0.9711529,2,174,0.021337695,0.9650418,2,200
38,0.011884045,0.93926036,2,33,0.00092068344,0.9771936,2,58,0.016526146,0.92569256,2,78,0.013955,0.8974369,2,98,0.019192684,0.9111374,2,121,0.0013846,0.9033893,2,141,0.031152755,0.94725287,2,163,0.07029069,0.94653094,2,200
39,0.013273073,0.9576832,2,20,0.0049023293,0.9065572,2,40,0.0111498125,0.8890096,2,60,0.001722008,0.7968642,1,80,0.0,0.6751538,2,102,0.0,0.7763799,0,123,0.0,0.7609487,2,145,0.0015215147,0.8339974,3,165,0.026232127,0.8898283,2,200
40,0.02083129,0.94556737,2,21,0.011339739,0.93863916,2,56
41,0.0,0.75568736,2,21,0.0,0.6957,0,42,0.0,0.6330599,0,63,0.033215918,0.78252774,0,86,0.0,0.48670197,0,106,0.0,0.54356426,2,143
42,0.036862727,0.9342071,2,20,0.002603367,1.049064,2,40,0.009301083,0.9620775,2,60,0.028238043,0.91690445,2,81,0.012088212,0.88397884,2,101,0.03748015,0.86833316,2,130,0.011440006,1.0055898,2,151,0.01627257,0.9397197,2,172,0.022339117,0.9555898,2,200
43,0.0,0.911082,2,22,0.0,0.833168,2,46,0.027999181,0.9360877,2,72
44,0.004765183,1.0179404,2,25,0.0067282654,0.9811571,2,45,0.0,0.9688423,2,69,0.018825954,0.91804755,2,89,0.040647537,0.90477705,2,114,0.0,0.95742273,2,135,0.022601318,0.90111953,2,155,0.002415074,0.9330723,2,176,0.073524915,0.8993244,2,200
45,0.0052486863,0.9906856,2,36
46,0.0100033665,1.0033959,2,23,0.017299695,1.0374013,2,44,0.0051696673,1.023597,2,65,0.010912021,1.0284778,2,88
