0,0.028657222,0.9767563,2,20,0.032670934,0.9702007,2,40,0.008612376,1.0137782,2,60,0.0084987795,0.9917873,2,81,0.013660069,1.0335076,2,101,0.015944961,0.97590953,2,121,0.03914009,0.91343707,2,146,0.0,0.8442515,2,166,0.00446435,0.8723348,2,200
1,0.014193058,0.94491315,2,22,0.036230706,0.9244372,2,42,0.051285844,0.92072225,2,63,0.042045526,0.8912511,2,83,0.02769416,0.98808336,2,104,0.00046645742,0.9265577,2,125,0.0017910877,0.7196996,2,146,0.021708298,0.7169956,2,166,0.022836221,0.97290176,2,200
2,0.0031804293,0.96294796,2,20
3,0.023531115,0.88635236,2,20,0.007557392,0.95123565,2,40,0.0,0.8405489,2,60,0.034877166,0.9353954,2,98
4,0.0035445676,0.981611,2,22,0.017756749,0.8799433,2,46,0.036177855,1.0121155,2,67
5,0.0123370495,0.9239104,2,32
6,0.0013146307,0.9900273,2,20,0.008059305,0.88655823,2,55
7,0.021120854,0.9670285,2,32,0.035211116,1.0238818,2,55,0.017656581,0.9695428,2,76,0.0,0.9355407,2,97,0.027528152,0.7292065,2,138
8,0.0,0.9948158,2,34,0.0014877386,1.0697069,2,55,0.0024588169,0.95821273,2,80,0.019267581,1.0028716,2,100,0.0,0.9224249,2,120,0.0031944409,0.8104157,2,142,0.0065011457,0.7554935,2,162,0.0,0.8247208,2,200
9,0.014203144,0.945145,2,20,0.004193205,0.9879632,2,58
10,0.015027913,0.9930334,2,20,0.018244818,1.0433763,2,41,0.014509403,1.0210111,2,82
11,0.0095824925,0.9727044,2,20,0.017070552,0.88295597,2,46,0.011969151,0.7978316,2,66,0.011031083,0.66981906,2,86,0.015202029,0.7268635,2,106,0.0,0.5666997,2,126,0.015678607,0.6916848,3,146,0.0,0.93617964,0,166,0.019879106,0.851162,3,200
12,0.0,0.9170973,2,24,0.009506667,0.888851,3,44,0.025502292,0.85378855,2,65,0.000287905,0.95746833,2,86,0.00013858816,0.95896465,2,106,0.008036383,0.8689791,2,128,0.012250414,1.0138787,2,148,0.048601564,0.95840234,3,168,0.03516056,0.8951937,2,200
13,0.007438551,1.0158033,2,21,0.03855853,0.8220483,2,41,0.0151393395,0.9297141,2,61,0.00016143071,0.79239726,2,81,0.014969642,0.77241147,2,101,0.0,0.91210157,2,121,0.0,0.87998784,2,141,0.031866007,0.9575161,0,161,0.0030713533,0.8188077,0,200
14,0.028765952,0.9875841,2,20,0.0046312874,0.95997083,2,47,0.008533394,1.0089827,2,69,0.002312365,1.0561119,2,91,0.017359128,0.9746623,2,111,0.0063714394,0.8962639,2,131,0.0076391674,0.92930394,2,151,0.0,0.57371056,0,173,0.0,0.3571129,2,200
15,0.0014947515,0.9176997,2,20,0.006894536,0.96018755,0,41,0.0026695228,0.9699204,2,66,0.032430865,0.943649,2,87,0.01196968,0.8718943,2,108,0.015975475,0.9071296,2,128,0.008909809,0.99831605,2,153,0.0023697456,0.986907,2,175,0.0031781625,1.000995,2,200
16,0.016331945,0.97944933,2,28,0.0056767045,0.7919661,2,48,0.0,0.8239357,2,68,0.013937804,0.91256666,2,89,0.01287569,0.93681264,2,110,0.008538865,0.9608879,2,130,0.016611371,1.0041082,2,161,0.03919178,0.91395205,2,200
17,0.013535003,0.9766139,2,21,0.0,1.0056522,2,43,0.0014931242,0.98395,2,63,0.009382624,0.7521396,2,85,0.03758781,0.786397,2,105,0.0,0.8326747,2,126,0.018942047,0.8768416,2,151,0.026821148,0.81420106,0,172,0.029591318,0.7893682,2,200
18,0.022151517,0.9647575,2,23,0.016863098,0.9922918,2,43,0.0054704454,1.019117,2,79,0.0042012185,1.0765895,2,108,0.002854816,0.9962072,2,129,0.009672704,0.9769353,2,151,0.014395196,0.99337053,2,172,0.025398185,0.910808,2,200
19,0.0,1.0504787,2,23,0.010011775,1.0748982,2,45
20,0.009652531,0.9964536,2,20,0.0035088765,0.9836398,2,41,0.0028307622,0.9443799,2,62,0.04131263,0.9361661,3,82,0.0023525883,0.95950115,2,103,0.0057401895,0.94398415,2,124,0.00030513442,0.9727937,2,144,0.0059647094,0.9829466,2,164,0.014087934,0.96702874,2,200
21,0.0042126053,1.0039544,2,20,0.0,1.1212413,2,40,0.017279627,1.0240246,2,61,0.008891363,0.9781453,2,88,0.009130666,0.9951984,2,108,0.006213486,0.94400424,2,128,0.0074919974,0.98442113,2,151,0.034286957,0.95835465,2,171,0.030252786,0.9508783,3,200
22,0.0022991782,0.9790425,2,30,0.0043255524,0.95420265,2,52,0.015029164,0.99884194,2,78,0.018843016,0.92266804,2,117
23,0.008082074,0.96060586,2,30
24,0.013125525,0.95656776,2,21,0.021996435,0.9599706,2,41,0.023379412,0.97511846,2,66,0.054819345,0.88639724,2,86,0.023909159,0.90742236,2,109,0.015613826,0.9227511,2,130,0.021845086,0.886961,2,154,0.0,0.8041378,2,174,0.0,0.7585987,2,200
25,0.024046738,0.9267743,2,20,0.0,0.9774457,2,40,0.006792819,0.8550005,2,62,0.0076477733,0.7442431,2,84,0.017373735,0.88041127,2,104,0.02151538,0.83248997,0,124,0.03731245,0.9622427,2,144,0.010152349,0.8438781,2,164,0.046278182,0.9549863,2,200
26,0.0020092397,0.98337966,2,25,0.007502954,0.9790243,2,47,0.024075309,0.93540037,2,70,0.03123477,0.92981005,2,91,0.0,0.9784936,2,111,0.048849143,0.945008,2,144
27,0.003912932,0.9945185,2,35
28,0.009771829,1.0084386,2,22,0.03509125,0.953411,2,42,0.0070630847,0.90709364,2,62,0.00055599894,0.94475925,2,82,0.017929858,1.0880855,2,102,0.017146725,0.944083,2,123,0.045095112,0.8405061,2,163
29,0.0030639782,0.97421265,2,20,0.015150875,1.0083272,2,42
30,5.5028187e-05,1.0260953,2,31,0.008702609,0.85828894,2,69
31,0.023134539,0.7984511,2,20,0.0,0.7974812,2,40,0.071330726,0.64974374,0,60,0.015611714,0.52019787,2,80,0.05791561,0.5762588,0,101,0.092935115,0.52426106,2,130
32,0.0,0.9592512,2,21,0.016131919,0.9945404,2,41,0.047119867,0.9735633,2,61,0.00051383756,0.9013486,2,81,0.012141678,1.0529925,2,103,0.00033447248,1.0250605,3,123,0.009995732,0.9083053,2,143,0.0053302776,1.042026,2,166,0.0033368424,0.8639776,2,200
33,0.0056188973,1.000929,2,21,0.014375286,0.954179,0,44,0.0047128885,0.9318199,2,66,0.017709736,0.91673356,2,86,0.044252843,0.9296357,0,106,0.019043216,0.8034956,0,126,0.0041259835,0.86624783,2,146,0.0018015598,0.95364344,2,171,0.03554574,0.7542329,2,200
34,0.016956238,1.0019397,2,24,0.0021126014,1.0806912,2,44,0.02241148,0.8131869,2,66,0.014036989,0.8565192,2,86,0.0030284855,0.8681668,2,106,0.0,0.8947511,2,126,0.0,1.0153037,0,148,0.0,0.96415263,2,168,0.0075320606,0.84140575,2,200
35,0.0025720585,0.97668207,2,20,0.004690577,0.82723516,2,44,0.017669206,0.7698007,2,65,0.0009851465,0.7964863,2,85,0.0,0.7892337,2,105,0.0,0.5007257,2,125,0.0,0.51237077,1,145,0.0,0.49594292,1,171,0.0,0.42615974,2,200
36,0.003203686,1.0083534,2,26,0.0020841225,1.0064412,2,46,0.03723965,0.9514736,2,68,0.065301575,0.943908,2,89,0.004293454,0.8923024,2,109,0.018346483,0.93055016,2,130,0.0050857835,0.96123314,2,152,0.005529587,0.9525135,2,172,0.0028484236,0.9776255,2,200
37,0.009606145,0.9522986,2,21,0.023953205,0.8960333,2,56
38,0.0,1.077413,2,22,0.005567854,1.0414618,2,51,0.0,1.006683,2,73,0.006164721,0.9468796,2,94,0.0075730844,0.98187095,2,118,0.012578612,0.96016824,2,141,0.010642308,0.9164164,2,166,0.049209118,0.83157873,2,200
