0,0.0153299095,1.011239,2,23,0.0,0.95434517,2,44,0.01757866,0.9405103,2,64,0.0,0.9452831,0,84,0.003242671,0.994368,2,117
1,0.005207636,1.0232369,2,38,0.009608353,1.0106266,2,75,0.03607664,0.9481668,2,97,0.012654338,1.0452421,2,119,0.021979893,1.0013725,2,139,0.011220623,0.9821682,2,161,0.003405713,0.8684874,2,200
2,0.0056509175,0.93773496,2,21,0.0038885274,1.0518291,2,41,0.0022751081,0.8649522,2,61,0.034020554,0.88156354,2,84,0.01645254,0.8541842,2,105,0.010812153,0.84201014,2,126,0.0,0.5780319,1,146,0.0,0.46341905,2,166,0.004456358,0.6834315,2,200
3,0.0043937545,0.97311383,2,21,0.017871264,0.8694963,2,46,0.01014594,1.0348841,2,67,0.020564834,0.94853836,2,89,0.009261133,0.9314023,2,109,0.0,0.9774338,2,129,0.0,0.9997401,2,149,0.0,1.143191,0,170,0.028551083,0.8165152,2,200
4,0.018028041,0.9569742,2,20,0.008227503,0.8863431,2,40,0.0069249235,0.912821,2,60,0.009583438,0.8701438,2,80,0.0,1.0367632,2,100,0.0,0.9186748,2,121,0.012447701,0.7657422,2,141,0.0,0.85608673,2,161,0.010769697,0.7722196,2,200
5,0.0,1.0541483,2,20,0.007913589,0.99551696,2,42,0.0036752415,0.9781591,2,70,0.01039287,0.9858449,2,96,0.0107865725,1.0993025,3,116,0.0,1.1108246,2,141,0.0056293323,1.0348092,2,164,0.007577104,1.0907593,2,200
6,0.0,0.8612026,2,20,0.0,0.809951,2,40,0.0,0.79283625,2,62,0.0,0.73413366,2,82,0.0,0.5439812,1,102,0.0,0.5881688,2,122,0.0,0.40183744,1,142,0.0,0.30862662,1,162,0.016213987,0.34512213,1,200
7,0.0014851481,1.0180098,2,30,0.0061644516,1.023742,2,50,0.040599383,0.91583776,2,70,0.00064695993,0.9660127,2,104
8,0.0055152923,0.94094193,2,20,0.014794623,0.9387728,2,40,0.0034400471,0.8968552,2,60,0.0014716445,0.87774605,2,85,0.011787259,1.0497135,2,105,0.029033858,1.020911,2,125,0.025789388,1.0363386,2,154,0.0,1.0941445,2,174,0.010151996,1.0479265,2,200
9,0.0,1.0190638,2,20,0.042078286,0.9433108,2,44,0.0,0.9100407,2,64,0.035180543,0.8407201,2,91,0.0,0.75806123,2,111,0.006963519,0.8433135,2,131,0.009587109,0.83322406,2,152,0.0077974983,0.8594543,2,173,0.0,0.642648,2,200
10,0.0019645588,0.9285455,2,21,0.0011479004,1.0698614,2,43,0.0,1.007076,2,63,0.02142192,0.9970207,2,85,0.0011675997,1.0205328,2,105,0.00058158423,1.0207205,2,125,0.009539937,1.0084797,2,145,0.0,0.9934163,2,165,0.0066741705,0.8853436,2,200
11,0.0024527493,1.0430771,2,38
12,0.0,0.9515568,2,20,0.0067698853,0.98692316,2,46,0.025122527,0.99429095,0,66,0.028535858,0.962402,2,87,0.0058547338,0.8878758,2,121
13,0.009961208,0.9926317,2,32
14,0.0,1.0285994,2,20,0.0,0.96276104,2,40,0.016004384,0.9580763,2,63,0.0038240172,0.9917635,2,96,0.0064667654,0.95889443,2,134,0.034659784,0.98279047,2,154,0.012735668,1.0018107,2,175,0.018895816,0.93893355,2,200
15,0.0047738226,1.040824,2,21,0.019432887,0.9802342,2,46,0.015238138,0.99279416,2,84,0.017883118,0.9661367,2,106,0.009487503,0.90158427,2,126,0.009391883,0.9838553,2,147,0.0044241743,0.8826836,2,167,0.0028811193,0.9151483,2,200
16,0.0044671483,1.0530312,2,20,0.00046780315,0.995727,2,42
17,0.0049609197,0.87328,2,22,0.03228102,0.8884985,2,45,0.020470344,0.89796597,2,83
18,0.0047274223,1.0038848,2,20,0.0024632353,1.013113,0,41,0.012711708,1.120019,0,61,0.03575565,0.89511037,2,83,0.020784276,0.99570936,2,108,0.004521525,1.0356331,2,135,0.0024968623,1.0004332,2,155,0.026530871,0.8926589,2,175,0.037825566,0.85269266,2,200
19,0.035385698,0.9018699,2,20,0.027270062,0.95446056,2,42,0.0026847317,0.91054046,2,62,0.0046632495,0.89656174,2,83,0.008117998,0.8857094,2,103,0.024086744,0.8884495,2,127,0.0,0.88068306,0,148,0.007892298,0.9394647,2,168,0.04136925,0.88439786,2,200
20,0.011987388,0.98954403,2,20,0.030287728,0.90396404,2,40,0.0042810477,0.8321754,2,63,0.019293677,0.8749611,2,83,0.02658988,0.91572696,2,103,0.009879438,0.94907564,2,126,0.022447817,0.88100004,2,149,0.028868418,0.9388958,2,169,0.0061056404,0.88826185,2,200
21,0.0269389,0.9907298,2,21
22,0.013738434,0.9339315,2,34,0.03849294,0.7549947,2,54,0.011539807,0.8839985,3,75,0.0,0.9330069,2,95,0.006817123,0.7458179,2,116,0.022797965,0.8140574,2,138,0.0037501664,0.88271123,0,158,8.205101e-05,0.5793145,0,178,0.008592072,0.35376948,0,200
23,0.009978624,0.9873047,2,20,0.015330137,0.9721859,2,45,0.040275246,0.77219784,2,65,0.04268418,0.81321347,2,86,0.03706183,0.83298796,2,106,0.0,0.89038783,2,126,0.0054253363,0.5859686,0,146,0.0,0.7998998,2,166,0.0077791205,0.5401745,2,200
24,0.0005668433,0.98952866,2,20,0.003415232,0.92417526,2,40,0.020260103,0.9034502,2,62,0.0,0.9118298,2,82,0.0,0.9189337,2,102,0.007160346,0.92688024,2,122,0.030008376,0.8076654,2,143,0.016303401,0.9849003,2,187
25,0.010720053,0.94424444,2,22,0.007436958,0.978052,2,43,0.00563961,0.96793455,2,64,0.0,0.91870344,0,84,0.0004254875,1.0191436,2,106,0.0,1.0161415,2,127,0.0022488988,0.9777074,2,147,0.036090333,0.9514278,2,168,0.032434925,1.0058849,2,200
26,5.823855e-05,1.0708777,2,24,0.026449379,0.9200665,2,44,0.006863485,0.9657383,2,64,0.0,0.9414903,2,94,0.007171065,1.0075053,2,116,0.107538834,0.782534,0,136,0.0043354067,0.8522889,0,156,0.0,0.8301897,2,176,0.066144794,0.7515605,2,200
27,2.2427737e-05,0.96876526,2,20,0.017123582,1.0427021,2,40,0.003263029,0.9533491,2,64,0.010185911,0.98541087,2,84,0.030017994,0.83149654,3,105,0.0,0.98676056,2,126,0.032698356,0.9089667,2,146,0.005802573,1.0494859,0,166,0.010301695,0.97701216,2,200
28,0.00013763347,0.9529062,2,22,0.11248915,0.95100516,2,42,0.016409513,0.9462595,2,62,0.007929227,1.0279176,2,82,0.011525676,0.82643783,2,102,0.0,0.9069835,2,123,0.009801518,0.7234073,2,143,0.0303262,0.6945844,2,166,0.12391288,0.5229563,2,200
29,0.0028869167,1.0184151,2,23,0.0,0.9956854,2,46,0.0,1.0132152,2,73,0.0035547928,0.9198245,2,100,0.0,0.967245,2,129,1.8838142e-05,0.6355531,2,149,0.076553255,0.7269357,2,180
30,0.03012996,0.9370462,2,21,0.010522984,0.9905578,2,58,0.041325733,1.0249887,2,78,0.020313125,0.87340623,2,98,0.0,0.91577053,2,118,0.0,0.8782506,2,139,0.0,1.0818946,2,167,0.010950269,1.0768363,2,200
31,0.02823383,0.8832881,2,21,0.014559613,0.8727741,2,43,0.0023897788,0.85145396,0,64,0.008045754,0.8526942,3,84,0.0036948735,0.82048863,0,105,0.013387801,0.7412416,2,125,0.041286103,0.8177819,2,145,0.037160464,0.7572156,2,165,0.08096443,0.50210816,0,200
32,0.027122727,0.9767231,2,20,0.052495603,1.0377342,2,42,0.034977596,0.9304911,2,62,0.018234283,0.8946823,2,82,0.010340073,0.9343465,2,102,0.0,0.90559185,2,122,0.032628983,0.8874389,2,142,0.016773691,0.9633875,2,166,0.02189107,0.95860606,2,200
33,0.007541146,1.0139134,2,20,0.02065043,1.0541561,2,42
34,0.023258377,0.99543583,2,20,0.0034626855,0.98902315,2,49
35,0.0014934912,0.9933664,2,20,0.025444947,0.97589314,3,41,0.0033044964,0.8819134,0,62,0.027334753,0.96120656,2,82,0.04349541,0.74688804,2,102,0.05885154,0.90839064,2,122,0.0,1.0401304,2,144,0.0,0.84791404,2,164,0.029700305,0.9279992,2,200
36,0.010066183,0.9426069,2,20,0.019103235,0.9930229,2,40,0.0,0.9642208,2,60,0.0,1.0229163,2,80,0.021074247,1.0161899,2,107
37,0.0068618683,1.0066489,2,20,0.022092035,1.0271816,2,45,0.029956466,0.9911357,2,66,0.0047885226,0.9369774,2,86,0.021733249,0.9312173,2,106,0.0073286174,0.9870065,2,126,0.017206892,0.96202576,2,147,0.019968731,0.9254362,3,168,0.0065049063,0.84866405,2,200
38,0.00084608374,1.0270276,2,31,0.0008018816,0.93685967,2,53,0.0015847745,1.1336603,0,73,0.0,1.0746349,0,93,0.0019273681,1.0138456,2,113,0.0,1.036559,2,135,0.00808538,1.0309284,3,156,0.023867205,0.978666,2,177,0.012858098,1.0288379,3,200
39,0.0013362026,1.0250237,2,24,0.0051745623,0.9403251,2,44,0.008982459,1.029804,2,64,0.012018556,1.0455678,2,86,0.007642033,0.9304828,2,111,0.0,0.8867199,2,133,0.0,0.8451052,2,153,0.0,0.701756,2,174,0.031617995,0.77326643,2,200
40,0.0064441105,0.9267293,2,21,0.022846524,0.9605341,2,41,0.021005338,0.89013577,2,61,0.054458965,0.781354,2,81,0.0,0.9088664,2,101,0.0,0.802578,0,122,0.0055121966,0.90689003,2,142,0.0,0.90195465,2,162,0.0,0.85047644,0,200
41,0.013321853,1.018845,2,22,0.009602926,0.9572915,2,55
42,0.0037286289,1.0280471,2,21
43,0.0016283765,1.0357815,2,20,0.015987562,1.0887147,2,40,0.014111879,0.97462624,2,60,0.02450488,0.98373634,2,80,0.029808134,0.9714819,2,100,0.0,0.9980599,2,121,0.0,0.96309865,2,149,0.0,0.938506,2,170,0.005239491,0.968759,2,200
