0,0.0077013616,0.98534286,2,25
1,0.0,0.9807206,2,23,0.009786141,1.0217297,2,43,0.010028382,0.9527357,2,63,0.014349332,0.9612905,2,83,0.0050061727,1.0208609,2,112,0.007841869,1.0329161,2,146,0.007249835,1.0821875,2,167,0.014252267,1.0021077,2,200
2,0.017830668,0.97189367,2,26,0.066332296,0.91489774,2,46,0.0006942872,0.87837905,2,66,0.04107382,0.7907804,2,86,0.05866738,0.8933488,2,107,0.024746824,0.7931962,2,127,0.002199077,0.928711,0,149,0.031882934,0.9167245,0,170,0.052645963,0.654425,2,200
3,0.0051836157,1.0179772,2,20,0.012224965,0.9776642,2,40,0.009733593,1.0028372,2,71,0.0009201964,0.9924493,2,91,0.011411167,0.9184904,2,111,0.010947439,1.0467769,2,131,0.0,1.1126939,2,152,0.005493386,1.0079658,2,172,0.016057601,1.031268,0,200
4,0.015883598,1.0016749,2,24,0.015597861,0.9214042,2,59,0.006719924,1.0607529,2,80,0.009679304,1.0424217,2,101,0.0056900796,0.93827754,2,124,0.0,0.75304925,2,144,0.0,0.7039257,2,180
5,0.0029579212,1.0086725,2,25
6,0.001977663,0.98089945,2,21,0.031093437,0.949061,2,49,0.009709717,0.82923496,2,69,0.010582218,0.8514222,2,89,0.0,0.9631945,2,112,0.0,0.78986377,2,135
7,0.0037656496,1.0209084,2,21,0.010863304,0.9811053,2,53,0.019520694,0.94986004,2,76,0.002714365,0.945055,2,96,0.016353728,0.96621746,2,122,0.008010065,0.9636617,2,143,0.030470293,0.93315357,0,166,0.015876338,0.90183157,2,200
8,0.00567752,1.0242007,2,21,0.0,1.0082271,2,41,0.027719602,1.0162838,2,61,0.013722407,0.95904005,2,84,0.009193338,0.9982227,2,104,0.022248803,1.0061301,3,131
9,0.007030925,1.0354351,2,21,0.006760311,0.9603874,2,55,0.005492418,1.0508226,2,76,0.0012450529,1.0593847,2,96,0.007883934,1.0097784,2,117,0.008622099,0.9962854,2,139,0.0070067956,1.0196694,2,161,0.004311305,1.035204,2,200
10,0.0,1.0479856,2,23
11,0.0018033017,0.9944002,2,23,0.033401467,0.9970392,2,43,0.0054719183,0.9596206,2,69,0.008611938,0.9801957,2,89,0.0050426535,0.9525674,2,109,0.003450569,1.0028795,2,132,0.045240466,0.86659545,2,154,0.01716999,0.9201101,2,174,0.0055801203,0.9598112,2,200
12,0.0,1.0039706,2,25,0.0,1.0040649,2,45,0.01203878,0.9939445,2,65,0.0,0.9957416,2,86,0.010438386,0.95563537,2,106,0.0015644227,0.9673283,2,128,0.018190023,0.9580248,2,153,0.0,0.98501,2,173,0.02383043,0.8786233,2,200
13,0.00060830516,1.0040413,2,20,0.005365051,0.9910424,2,46,0.0,0.9567896,2,66,0.01014991,0.9751896,2,89,0.0,0.9754284,2,109,0.008466881,0.92499244,2,130,0.005481827,0.9562851,2,150,0.007207688,0.9549841,0,171,0.0021123237,0.8691448,2,200
14,0.019689672,0.9852532,2,27,0.02175751,0.99056304,2,47,0.0071335076,0.8549183,2,67,0.044562418,0.6549746,0,87,0.012530763,0.7057128,2,109,0.03849084,0.65809566,2,130,0.06223471,0.45886365,2,150,0.071658865,0.45037496,2,172,0.043691915,0.4395601,2,200
15,0.017394874,0.9410076,2,21,0.0012588308,0.9340628,2,41,0.001489813,0.8845908,2,61,0.0,0.96292865,2,89,0.0,0.8772011,2,110,0.005526077,1.0035288,2,131,0.0,1.0311807,2,151,0.0,0.98822147,2,171,0.022021452,0.9966852,2,200
16,0.024437675,1.0353701,0,20,0.010733507,0.91874886,2,40,0.025051545,0.9715462,2,61,0.013663803,0.9783577,0,81,0.0018449118,1.0122843,2,102,0.0027334797,1.0058517,2,127,0.010016634,0.9844668,2,153,0.0114730215,1.019396,2,200
17,0.0041344287,1.0065173,2,26,0.015423916,0.97482693,2,47,0.020203684,0.93651974,2,67,0.022607949,0.9805638,2,87,0.03136352,0.935251,2,109,0.04358665,0.9216943,2,129,0.021524733,0.89927965,2,151,0.024454474,0.93462217,0,173,0.04871346,0.88394195,2,200
18,0.008093519,1.009487,2,20,0.019050721,0.9982265,2,40,0.01077405,0.98516846,2,66,0.007427471,0.922944,2,87,0.008369047,1.0332142,2,108,0.019220423,0.9661058,2,130,0.007177949,0.9416476,2,151,0.0,0.8716047,2,174,0.03499142,0.8979469,0,200
19,0.012321884,1.0021954,2,26,0.01037152,1.0154706,2,47,0.0,1.0688058,2,67,0.006376364,1.0151846,2,104
20,0.028163888,0.8785391,2,24,0.0,0.84542143,2,44,0.00448534,0.79106915,2,64,0.0,0.7147604,2,86,0.037644703,0.7631378,2,107,0.026380876,0.85357654,2,127,0.0,0.67732745,2,150
21,0.008189493,1.0069706,2,20,0.007121215,0.99551666,2,41,0.0,1.0364991,2,62,0.00028892403,0.9942157,2,83,0.007692285,1.0277333,2,103,0.0,0.923837,2,123,0.007857018,0.9514185,2,145,0.009402076,0.9348831,2,165,0.032672774,0.88654125,2,200
22,0.0061238017,0.9894693,2,25,0.013934236,0.973977,2,50,0.0019063343,0.9416082,2,76,0.012556335,1.0115874,2,96,0.016304623,0.9521057,2,116,0.005620703,0.8764641,2,137,0.007631864,0.92147326,2,158,0.0024811462,0.95552284,2,178,0.052945934,0.95130783,2,200
23,0.007730992,1.0181892,2,25,0.010649008,1.0033436,2,45,0.031045428,0.9264477,2,65,0.006613463,0.9483572,2,85,0.02642122,0.9310997,2,105,0.003132461,0.88137263,2,125,0.0,0.9307936,2,146,0.00012736963,0.7530724,0,166,0.03401148,0.7345465,2,200
24,0.0,0.99899566,3,20,0.024903527,0.99339545,2,40,0.044120457,0.9884903,2,62,0.013427156,0.9685302,2,82,0.0,0.958635,0,102,0.019881884,0.9449038,2,123,0.04098342,1.0452493,2,143,0.020093117,0.85087675,2,164,0.053458154,0.8436835,2,200
25,0.010677321,0.9456148,2,20,0.006331105,0.89631295,2,43,0.008030352,0.8328579,2,63,0.0046276995,0.8287505,2,83,0.0,0.89043826,2,104,0.0006123398,0.8897008,0,124,0.03316526,0.88243234,0,144,0.0,0.7753849,1,165,0.004537937,0.5488421,2,200
26,0.013955644,0.9617164,2,21,0.0009487866,0.96196204,2,41,0.044661134,0.87128896,2,65,0.01534838,1.056925,2,87,0.0064026606,0.9663839,2,113,0.037638355,0.7356862,2,133,0.035379954,0.7454458,2,153,0.005565358,0.6921641,2,174,0.076421514,0.7857829,2,200
27,0.01585962,0.99311423,2,22,0.023915282,0.9675971,2,43,0.036139756,0.88511294,2,63,0.015433085,0.9997366,2,83,0.07343777,0.8431306,0,103,0.025118837,0.79690635,2,124,0.00017227027,0.7602097,2,144,0.00027023163,0.8157681,2,164,0.0073651373,0.74713564,0,200
28,0.020598417,0.9718197,2,22,0.0,1.0208542,3,42,0.0,1.0698016,2,68,0.02960061,0.9599759,2,88,0.009831057,0.95103955,2,112,0.0,1.0893462,2,133,0.032028288,0.9946325,2,155,0.0,1.0001711,2,176,0.000120618766,0.99407893,2,200
29,8.123405e-05,1.0387163,2,20,0.008468388,0.9796904,2,41,0.01602968,0.96054673,2,66,0.010566964,0.9722421,2,90,0.0070303073,0.9872523,2,111,0.004016582,0.8120692,2,135,0.0025865475,0.96003264,2,157,0.0037537129,0.90012443,2,177,0.012014163,0.8016734,2,200
30,0.0094982935,0.9463711,2,22,0.015908325,0.949855,2,45,0.0047389967,0.982341,2,77,0.05923248,0.89181674,3,97,0.010407893,0.77675915,2,129
31,0.009699508,0.9953268,2,21,0.003527123,1.0364507,2,42
32,0.01954991,1.0206032,2,29,0.0379234,0.9906193,2,51,0.0,1.0516653,2,71,0.0331341,0.8834735,2,92,0.01833733,0.8025686,2,115,0.010059274,0.96189374,2,136,0.0,0.8215392,0,156,0.0056955516,0.62868774,2,177,0.0025870972,0.7218901,2,200
33,0.0,1.0092547,2,20,0.00991423,0.8838003,2,40,0.007960229,0.970504,2,60,0.005918114,0.7909194,2,80,0.022581466,0.8515419,2,100,0.021261025,0.8336734,2,127,0.010257679,0.66142935,2,149,0.0,0.76165277,2,169,0.0118837375,0.58648485,2,200
34,0.0062716147,1.0000129,2,20,0.0004056677,0.9290039,2,42,0.038367197,0.7034605,0,62,0.039053667,0.75743246,2,82,0.0,0.6881393,2,102,0.0,0.54867613,1,123,0.0,0.8509389,2,143,0.0,0.60229874,0,163,0.0,0.5875552,1,200
35,0.0002485238,1.0424792,2,20,0.016340507,0.9177687,2,42,0.0098126605,0.943865,2,65,0.01020306,0.94503975,2,85,0.019800043,0.9481991,2,105,0.0070853108,0.9387311,3,125,0.008527621,0.70364016,2,159
36,0.020955015,0.9849304,2,42
37,0.0022497496,1.0304942,2,21,0.010950403,0.9743139,2,41,0.027338749,0.993138,2,61,0.0071558985,0.9337331,2,87,0.02344909,1.0574628,2,107,0.0,1.0415449,2,138
38,0.0064520882,0.97118914,2,23,0.0031308099,0.96781546,2,45,0.01908375,0.91644585,2,65,0.012473434,0.82762134,0,85,0.0,0.6366854,2,107,0.0,0.60714537,2,128,0.0,0.50781834,2,148,0.015535089,0.59184587,2,168,0.021407895,0.63550663,2,200
39,0.0,0.9411215,2,21,0.013090827,0.9667499,2,42,0.017282646,0.9574418,2,63,0.04193037,0.9436694,2,86,0.005978636,0.9333394,2,107,0.018786266,1.0401999,2,127,0.0,1.0092323,0,147,0.002731358,1.0046762,2,168,0.0015873213,0.92760044,2,200
40,0.0,0.92994976,2,20,0.02935666,0.9493061,2,59
