0,0.0,1.0715618,2,20
1,0.0022453743,0.94895315,2,32
2,0.005227992,1.043626,2,32
3,0.0037322214,0.93694633,2,22,0.0,0.9365989,2,43,0.007880198,0.8637716,2,63,0.0062608263,0.95456314,2,84,0.021689232,0.93822587,2,104,0.022930482,0.8732946,2,139
4,0.013488976,0.9301945,2,21,0.0010004438,1.0107453,2,41,0.0031720079,0.9533556,2,61,0.038749088,0.89297175,2,82,0.027211085,0.83599967,2,102,0.013059792,0.82563055,2,122,0.0175113,0.8482213,2,142,0.019851482,0.87090015,2,162,0.042361796,0.6945728,2,200
5,0.0020268552,1.0015017,2,22,0.01088098,0.983168,2,42,0.0120831095,0.9486175,2,65,0.0047360887,1.0410035,2,85,0.019838626,1.0226481,2,105,0.013189274,0.9541685,2,125,0.016404279,0.96161443,2,148,0.0,1.0175257,2,169,0.016866637,1.0477996,2,200
6,0.0066573457,0.95613587,2,20,0.018748363,1.003413,2,40,0.006223997,0.944569,2,66,0.0071064993,0.8952912,2,89,0.026533203,0.83506435,2,111,0.015951378,0.84270954,2,131,0.009380907,0.92349935,2,152,0.0018646969,0.78055257,2,180
7,0.021505203,0.9458136,2,25,0.027383192,1.005954,2,50
8,0.005404545,0.99151564,2,32
9,0.015263701,0.9821922,2,31,0.008021376,0.93962353,2,51,0.020254573,0.9536251,2,72,0.056485306,0.87367535,2,92,0.027606685,0.9842356,3,112,0.002987634,0.6916874,1,144
10,0.018155595,0.9363671,2,22,0.0039775413,0.9427833,2,47,0.03690829,1.0031607,2,67,0.010541518,0.9215422,2,90,0.0,0.92170125,2,110,0.0,0.999005,2,131,0.014968221,0.8754324,2,166,0.020041846,0.8992041,2,200
11,0.0100610135,0.9516896,2,21,0.016914207,0.92492217,3,41,0.03852502,0.8953864,2,61,0.045114942,0.91374385,2,81,0.0077681243,0.8387619,2,101,0.026096553,0.7863981,2,121,0.0,0.7964653,2,141,0.0022275185,0.7698577,2,171
12,0.0038862545,0.9232338,2,20,0.033624522,0.97507006,2,41,0.060961884,0.91530955,2,61,0.06863506,0.49770123,2,81,0.028226884,0.72939724,2,109,0.030496156,0.93293893,2,129,0.0,0.9489664,2,151,0.05087207,0.8257963,2,172,0.03417756,0.82122755,2,200
13,0.0080633685,0.87278783,2,20,0.036055405,0.9407427,2,41,0.026995068,0.8968824,2,61,0.024730816,0.8769188,2,81,0.007238782,1.0039351,2,101,0.029250946,0.8664548,2,121,0.006191721,0.9766157,0,142,0.051753107,0.91988134,2,163,0.03568362,0.94896257,2,200
14,0.03196405,0.9760256,2,22,0.033365924,0.88460237,2,45,0.0060392143,0.98421633,2,65,0.034485772,0.9369236,2,86,0.0026780786,0.9301184,2,107,0.0,0.90598583,2,127,0.0,0.9680346,2,147,0.0,0.8130415,2,169,0.005593332,0.549438,1,200
15,0.01301953,0.93861187,2,34,0.0018237706,1.0018442,2,54,0.0011441852,0.9784379,2,74,0.0,0.9330379,2,97,0.019231422,0.8465351,2,123
16,0.0074237036,0.99675804,2,32
17,0.0031129175,1.0140225,2,22,0.028456425,0.9687785,2,42,0.027867362,0.86050653,2,62,0.020917725,0.7637269,3,82,0.03909297,0.8620642,0,102,0.0699317,0.9580426,2,122,0.004667283,0.9822067,2,142,0.004853334,1.0093219,3,164,0.0612465,0.8663979,2,200
18,0.019894782,0.99810565,2,20,0.0,1.0985723,2,42
19,0.0,1.0421859,2,21,0.016819807,0.9983781,2,42,0.015642535,0.94937044,2,63,0.005769813,0.9544719,3,83,0.0,0.9579344,2,103,0.0020152405,0.91117036,2,123,0.013175498,0.98524725,2,143,0.0052646985,0.9748417,2,164,0.0063314806,1.018466,2,200
20,0.006041515,1.0302457,2,40
21,0.0,1.0118428,0,20,0.008935876,1.0672995,2,41,0.006998928,1.0371977,2,62,0.006551108,1.0506183,2,82,0.008331663,0.9879639,2,104,0.008049205,0.9690747,2,124,0.0,1.0396278,2,147,0.03903213,0.85144883,2,167,0.011855308,0.6606443,0,200
22,0.027028011,0.9548733,2,22,0.037615936,0.95179397,2,43,0.0,0.97905874,2,63,0.0078497,0.97026825,2,85,0.007994936,0.9612787,2,108,0.038672283,0.9308132,2,134,0.0,1.0227972,2,155,0.0053884955,1.0468086,2,176,0.0,1.0367906,0,200
23,0.0014732073,0.9219491,2,20,0.0022130727,0.96061265,2,40,0.010797793,0.96152925,2,60,0.028282568,0.9211456,2,80,0.065953344,0.9465796,2,100,0.026299505,0.9541069,2,131
24,0.006160301,1.0093784,2,20
25,0.0,1.0495423,2,22,0.00059579377,1.0498222,2,42,0.033377368,0.9755847,2,66,0.025684183,0.9456649,2,86,0.0,0.97240865,2,106,0.023673134,0.9185034,2,126,0.035963707,0.8899372,2,146,0.0033944063,0.9456836,2,166,0.014897385,0.92298365,2,200
26,0.0,1.0185305,2,24,0.02140674,0.9496634,2,46,0.00047593983,0.9730371,2,66,0.0038311428,0.9604299,2,88,0.032615982,0.900708,2,110,0.0004656411,0.9717965,2,130,0.0044075646,0.97983485,2,150,0.021176549,0.93598056,2,180
27,0.00046042295,1.0362633,2,26
28,0.019636238,0.9168095,2,22,0.003856837,0.99784786,2,43,0.007933116,0.9566838,2,69,0.016080482,0.9928103,2,97
29,0.030557465,0.9291682,2,20,0.00073124934,1.0178854,2,41,0.0,0.9568281,0,61,0.0,1.0377549,2,83,0.0,0.85303146,3,103,0.0,0.69610655,2,123,0.02798299,0.9954239,2,143,0.0105992155,0.8985343,2,164,0.013545695,0.83139944,2,200
30,0.0008281703,0.98899484,2,24
31,0.017183315,1.0369306,2,20,0.0,0.9969654,2,40,0.009940637,0.9419271,2,60,0.015833924,0.93811375,2,95
32,0.0031268536,1.0221298,2,20,0.0232027,0.97228086,2,50,0.010179447,1.020586,2,71,0.008983744,1.0425762,2,95,0.00016096483,0.9466455,2,119,0.014128858,1.0264826,2,140,0.008555124,1.0808651,2,160,0.0115579665,1.0373625,2,180,0.00030803418,1.0350748,0,200
33,0.008509954,0.9300233,2,20,0.0,0.9303568,2,40,0.0,0.8412143,2,60,0.01589295,0.5341411,2,82,0.0,0.74795365,2,102,0.0061284923,0.59726495,0,122,0.0,0.41262302,2,142,0.0,0.7466551,0,165,0.019825328,0.46878722,0,200
34,0.005841586,1.0319535,2,23,0.033116106,1.0366598,2,44,0.0007459502,1.0358196,2,68,0.022068154,0.91687125,2,90,0.003522627,0.9770749,2,113,0.016952848,0.92667943,2,133,0.00302779,0.9353547,2,153,0.0027033181,1.0178308,2,177,0.011516946,0.9945163,2,200
35,0.013887994,1.0104325,2,21,0.0059542316,1.0174494,2,42,0.025717894,0.95768213,2,62,0.009237113,0.9699968,2,82,0.0,0.9738101,2,102,0.0029455633,1.0589714,2,127,0.0069945557,1.030445,2,147,0.024314858,0.9977729,2,167,0.013876167,1.0316601,2,200
36,0.0,0.96376574,2,21,0.035396006,0.96611583,2,41,0.011519047,0.9214773,2,61,0.0033992373,1.0040183,2,81,0.017550755,0.95399714,2,101,0.009320209,0.8599467,2,121,0.0115927225,0.9030299,2,160
37,0.0051216776,1.0035536,2,23
38,0.008668593,0.99521154,2,30
39,0.019697728,0.97256976,2,20,0.04146708,0.96989805,2,40,0.01833159,0.7784616,2,61,0.013522351,0.9921401,2,81,0.019538041,0.90357846,2,101,0.0,0.76994085,2,121,0.012500291,0.75617343,2,141,0.01500963,0.68939173,2,161,0.110813804,0.61301655,0,200
