0,0.0040846285,1.030705,2,27,0.058490157,0.9056081,2,48,0.016585369,0.94748914,2,68,0.0021688608,0.93318474,2,88,0.008764463,0.97061473,2,111,0.0145618515,0.8680709,2,135,0.0,0.96606034,2,155,0.0,1.0188873,2,176,0.0,0.8037328,2,200
1,0.001319184,0.9785949,2,23,0.024382187,0.9614511,2,45,0.009145325,0.9372649,2,65,0.011248817,0.96583813,2,85,0.005680144,0.8570539,2,105,0.020024711,0.9398632,2,128,0.0056298887,1.0111542,2,149
2,0.0026706136,0.9781243,2,20,0.01848254,0.9744544,2,52
3,0.0,1.0303475,2,20,0.017610678,0.9911626,2,41,0.008280786,1.0349102,0,68
4,0.004132934,0.99219006,2,20,0.03358332,0.94483596,2,40,0.0064583123,0.9343676,2,61,0.012232227,0.874627,0,81,0.0,0.95259243,2,103,0.011686033,0.88293624,2,126,0.013026765,0.9294268,2,146,0.027034331,0.9217656,2,169,0.08283094,0.88446635,2,200
5,0.0047402554,0.93697673,2,20,0.0,0.93041736,2,40,0.0,0.97883207,2,63,0.0,0.97050524,2,83,0.0,0.98511934,2,107,0.019534415,0.74720484,2,130,0.009333695,0.47023872,2,153,0.08423994,0.405378,2,174,0.067904755,0.49270836,2,200
6,0.01799416,0.96598846,2,20,0.0,0.9954368,2,40,0.01685428,0.92286944,2,61,0.012314696,1.0785449,2,82,0.0,1.0276524,2,106,0.006281011,0.9035815,2,126,0.0,0.91865426,2,150,0.009266686,0.8732462,2,170,0.07839406,0.81699985,2,200
7,0.0,0.9678969,2,21,0.016962834,0.8771003,2,41,0.01540721,0.91478026,2,63,0.012315227,0.9800873,2,83,0.038188156,0.7854178,0,103,0.0,0.8806077,2,123,0.0,0.96218956,2,146,0.0,1.0060017,2,166,0.009005345,1.0043819,2,200
8,0.0039214008,1.029709,2,21,0.009489017,1.0028396,0,41,0.042022616,0.93660414,2,78
9,0.0024356265,1.0424411,2,20
10,0.024701897,0.92482126,2,20,0.042457752,1.0413712,2,46
11,0.0,0.9829852,2,21,0.019615088,1.0017253,2,44,0.026484754,0.99075556,2,69,0.014043105,1.0161885,2,89,0.010516696,1.0200149,2,116,0.015442678,1.0535827,2,138,0.011821116,1.0191242,2,158,0.025357956,0.99511385,2,178,0.012134186,1.0286098,2,200
12,0.005186998,0.9787219,2,25,0.010930865,0.97226715,2,45,0.017163442,0.8316245,2,65,0.0,0.8094741,2,85,0.0,0.7990926,2,106,0.04603617,0.48870358,2,127,0.0,0.60706246,2,147,0.0,0.85280496,2,167,0.0,0.7586188,2,200
13,0.0021718915,1.031638,2,24
14,0.002024006,1.0331347,2,27
15,0.008865176,0.9521345,2,20,0.005569977,0.99851716,2,40,0.003647919,0.9242507,2,60,0.0,1.0663849,2,82,0.0,0.9819634,2,103,0.020331332,0.9281561,2,143
16,0.014763529,0.9704369,2,20,0.009961546,0.9778186,2,40,0.010259183,1.0154281,2,62,0.01569432,0.9570142,2,82,0.03975523,0.85072863,2,104,0.018945832,0.74912614,2,124,0.0,0.8990057,2,145,0.12314089,0.6245823,2,165,0.041341055,0.7346822,2,200
17,0.001694393,0.95735216,2,24,0.031929433,0.8871915,2,44,0.006853534,1.0166118,2,74
18,0.0060615204,0.94354725,2,20,0.008679532,0.99168015,2,40,0.0134194,1.0113364,2,60,0.031416614,0.9849582,2,80,0.010346467,0.9947383,2,101,0.012867203,0.98102796,2,121,0.01431648,0.84752876,2,142,0.0,0.94845283,2,162,0.013732515,0.8902157,2,200
19,0.0051847985,0.9973588,2,27,0.0024742144,0.96334296,3,47,0.004813948,0.8555013,2,67,0.030105917,0.93009365,2,88
20,0.0,0.88475484,3,20,0.010797066,0.7814487,2,40,0.0,0.9487192,2,60,0.0,0.9915353,2,80,0.073951036,0.71266425,2,101
21,0.0061922325,0.9626338,2,20,0.0065659247,1.0520886,2,41
22,0.011716282,0.9461086,2,39
23,0.002192379,1.0194825,2,27,0.007966672,1.0529375,2,47,0.0,1.0677794,2,72
24,0.014636905,1.0157562,2,24,0.0034357451,0.9820828,2,47,0.0064739883,0.9648733,2,67,0.027328307,0.94842607,2,87,0.0025801866,0.99075156,2,115,0.01937987,0.9892855,2,140,0.011062771,1.0416307,0,170
25,0.021955911,1.0258096,2,21,0.010555399,0.99752444,2,41,0.0007952737,1.0300138,2,61,0.0061311955,1.0517298,2,81,0.0050173616,0.9950986,2,106
26,0.00979836,0.9791806,2,38
27,0.0004199023,0.95447433,2,21,0.0012917353,1.0707992,2,41,0.0,0.9432837,2,61,0.010201528,0.8925448,2,82,0.0,0.98894185,2,105,0.004902827,0.9252464,2,128,0.0021271196,0.97431004,2,149,0.00065645477,0.9564171,3,169,0.0150075,1.0004499,2,200
28,0.0047107274,0.94308895,2,30,0.017240027,0.98324805,2,50,0.020952966,0.9224658,2,71,0.031051,0.91351783,2,91,0.0102655245,0.81275254,2,115,0.040471844,0.8648492,2,136,0.04063647,0.87524796,2,157,0.02315893,0.89378947,2,179,0.007020369,0.9037175,2,200
29,0.008745106,0.9365757,2,32
30,0.004729265,1.0097076,2,36
31,0.010188251,0.9698907,2,33
32,0.0005537564,0.9226448,2,23,0.0,0.6324954,2,44,0.0,0.5809501,2,64,0.0,0.5305977,0,88,0.0,0.41835058,0,115,0.0,0.62913704,0,136,0.0,0.5906091,2,157,8.986378e-05,0.60203403,2,177,0.0053454754,0.6805586,2,200
33,0.0029381043,0.97835,2,21,0.0013882905,0.92787695,2,41,0.0025681749,1.0598207,0,63,0.0,0.84991205,2,83,0.00047749848,0.7556695,0,104,0.0,0.6584555,0,124,0.0,0.88716257,0,144,0.017351666,1.002748,0,164,0.03546576,0.7267011,0,200
34,0.0,0.8828072,2,28
35,0.00085340964,1.0292541,2,21,0.031670462,1.0085582,2,43
36,0.009602602,0.9650396,2,20,0.008404019,0.8927555,2,40,0.01757819,0.90655345,2,71
37,0.007524091,0.9872191,2,26,0.0,1.0173737,0,46,0.0,1.0052642,2,69,0.05234198,0.972384,2,90,0.04940497,0.87646616,2,110,0.016775759,0.98877156,2,130,0.02075241,0.8890859,2,150,0.06892997,0.75029814,2,170,0.043668076,0.75014305,2,200
38,0.014623128,0.97570914,2,20,0.0098862685,0.9924561,2,40,0.028292244,1.0176585,2,77
39,0.027955363,0.9738954,2,20,0.005080235,1.0071107,2,40,0.0,1.003023,2,60,0.0004615654,0.8648449,2,88
40,0.0,0.9917055,2,26,0.0022170178,0.99305785,2,59,0.0,1.0302132,2,81,0.0033175463,1.0637301,2,103,0.007882775,0.8723304,2,125,0.006354188,0.97179383,2,145,0.018780738,0.9658407,2,165,0.03515146,0.9533106,2,200
41,0.0011783108,0.96254647,2,23,0.042819686,0.9916028,2,43,0.0074631516,0.8976336,2,65,0.005826261,0.96030754,2,89,0.023066008,0.97961557,2,111,0.0,0.9155072,2,131,0.0,0.89925766,2,153,0.009746532,0.95966524,2,176,0.00063499337,0.94953793,2,200
42,0.007898846,1.0229499,2,21
43,0.011319423,0.89923686,2,20,0.022628231,0.9075135,2,45,0.065296635,0.9441851,2,65,0.03285456,0.7136179,2,85,0.014779098,0.86621124,0,105,0.0,0.87363845,2,126,0.003395352,0.6083565,0,147
44,0.030641751,0.9191957,2,21,0.03285427,0.9347973,2,41,0.019395635,0.9317152,0,61,0.0,0.92100495,2,81,0.0,0.9243892,2,101,0.017201805,0.77936834,2,124,0.0,0.91272706,2,145,0.02019172,0.7210677,2,165
45,0.007881989,1.0267467,2,24
46,0.003348628,1.04469,2,38
47,0.005854204,1.0255156,2,32,0.012416314,0.9325432,0,54,0.046904344,0.98560524,2,74,0.042265367,0.9529697,2,94,0.022428226,1.0116628,2,115,0.010194021,0.92139405,2,135,0.0055447565,0.90624124,2,157,0.008923503,0.9946502,2,178,0.014179772,0.9909257,2,200
