0,0.0060591525,0.97788477,2,21,0.008936869,0.91568154,2,41,0.015434277,0.98061407,2,61,0.022110399,0.94967943,2,82,0.06658242,0.97999793,2,102,0.0,0.8925605,2,127,0.0068456223,0.9584793,0,147,0.035939176,1.0030614,2,169,0.014414395,0.78865534,2,200
1,0.0022897027,1.0093164,2,20,0.028962241,0.95592225,2,46,0.030526334,0.9507173,2,66,0.022765314,0.93914795,2,86,0.013123612,0.7133325,2,106,0.0,0.54509485,2,126,0.0041311514,0.66032463,2,148,0.0022165827,0.4978847,2,168,0.00072523195,0.8100365,2,200
2,0.036161974,1.0112474,2,20,0.01816825,0.94392514,2,42,0.04046052,0.98576707,2,63,0.0,1.0550253,2,85,0.012090371,0.98366827,2,109,0.0,0.96426547,2,131,0.0034011097,1.0365556,2,159,0.0,1.1772726,0,180,0.0034713806,1.0860124,2,200
3,0.010968387,1.0292146,2,37
4,0.012049078,1.0240034,2,20,0.002860527,1.0538031,2,40,0.0029207123,0.9790329,2,74
5,0.0019880978,0.9684555,2,27
6,0.008068268,0.98959893,2,21,0.016278068,1.0206882,2,41,0.007742452,0.987559,2,67,0.0012068222,0.97264045,2,101
7,0.014399374,0.98609465,3,20,0.00484355,0.94349056,2,43
8,0.010387362,0.9581107,2,20,0.04222669,0.924823,2,42,0.023722617,0.95258874,2,66,0.005520667,0.96786255,2,88,0.017957654,0.96516514,2,108,0.0052038236,0.9054071,2,128,0.007999097,0.8845448,2,150,0.0045024203,0.92279685,2,170,0.0025623627,0.9980434,2,200
9,0.0059275916,1.0124508,2,20,0.012691812,1.03218,2,41,0.013412218,1.01382,2,71,0.012141796,1.07088,2,91,0.00044291018,1.0417169,2,111,0.00080320117,0.95821893,2,131,0.0,0.95368594,2,151,0.006561305,1.0522077,2,172,0.00817112,1.0012611,2,200
10,0.008213352,1.0291603,2,21,0.019298341,1.0255,2,41,0.005414911,1.0345259,2,68
11,0.0031520699,0.98266506,2,20,0.026886137,0.94393986,3,41,0.068179056,0.91911954,2,61,0.021886526,0.9732986,2,84,0.009631566,1.0201924,2,113
12,0.018369762,0.97563535,2,28,0.002287647,0.9368631,2,49,0.0077762143,0.9825573,2,69,0.0065984484,1.0171307,3,91,0.0,1.0526009,2,111,0.0,1.0465417,2,133,0.0006010923,0.97509694,0,154,0.017984232,1.0259223,2,177,0.0021735968,1.0562294,2,200
13,0.011386078,1.0416934,2,25,0.0,1.0617027,2,45,0.005754064,0.9750694,2,65,0.0067211627,0.97126037,2,85,0.0,0.935304,3,106,0.027235124,0.99533623,2,126,0.017852133,0.9640782,2,155,0.012178397,0.944843,2,175,0.012153471,1.0043579,2,200
14,0.0138854515,0.8991663,2,20,0.008449008,0.9072129,2,40,0.007370996,0.85226727,2,60,0.0,0.88475215,2,80,0.0,0.84963447,2,100,0.038652178,0.79607064,0,122,0.028043473,0.8992673,2,142,0.03345004,0.8954308,2,163,0.015631244,0.9131509,2,200
15,0.0012238335,0.948082,2,20,0.007022942,0.859895,2,41,0.005484485,0.8146246,2,61,0.003049837,0.59556925,0,81,0.0060642543,0.61400056,2,101,0.0,0.6347304,1,123,0.0,0.5956452,2,144,0.0,0.5736989,2,164,0.0037252125,0.77645314,2,200
16,0.0023068197,1.0254185,2,33,0.0030227501,1.0272349,2,53,0.002801762,1.0177249,2,73,0.007794838,0.9262138,2,95,0.011099914,0.8914831,2,115,0.005730446,0.9270875,2,136,0.0068637314,0.88009626,2,160,0.016498048,0.8822359,2,180,0.054913968,0.88360226,2,200
17,0.00023207946,1.004184,2,21,0.0,1.0094653,2,41,0.009112063,0.9440217,2,66,0.016494522,0.7886248,2,87,8.15155e-05,0.8210069,0,107,0.046844635,0.72916263,2,127,0.0117448745,0.8681525,2,147,0.0,0.5042562,2,171,0.09744548,0.62108904,2,200
18,0.010066941,0.991264,2,20,0.0,0.9513389,2,47,0.009393724,0.98163575,2,68,0.006929036,0.9198653,2,89,0.0,0.96502876,2,110,0.007546558,0.9261187,2,130,0.009673657,0.9162995,2,150,0.017295158,0.8917259,2,173,0.035184514,0.7987815,2,200
19,0.018959334,0.91565305,2,20,0.0038326504,0.9781599,2,42,0.0,0.95498973,2,65,0.0034289416,1.069144,0,85,0.0,1.0909206,2,105,0.0007774427,1.1413171,2,126,0.0024283875,1.0741221,2,147,0.0,0.9808261,2,178,0.0097148465,0.9065081,2,200
20,0.0038644553,0.8911994,2,20,0.0019374421,1.0192604,2,45,0.006841124,1.0358305,0,66,0.0024747713,1.0266693,2,86,0.0036046111,1.0360711,2,112,0.010547022,1.0053025,2,132,0.009322825,0.99866664,2,153,0.010675084,0.98808765,2,200
21,0.031016119,1.0604569,2,26,0.0,0.9940081,2,48,0.038971826,0.98655874,2,69,0.00095900457,0.9324829,2,89,0.008014311,0.9940772,2,113,0.008324283,0.9754303,2,138,0.0,0.89161783,2,162,0.004260807,0.8641984,2,200
22,0.006469667,0.98813283,2,20,0.0037939653,1.0620999,2,40,0.0012848834,0.990656,2,61,0.0026529687,0.8879519,2,83,0.0408533,0.79412633,2,103,0.016286379,0.70118594,2,128,0.008951925,0.7787091,2,148,0.025952004,0.802947,2,169,0.03427288,0.6028504,2,200
23,0.04251287,0.9305298,2,20,0.01089864,1.0039011,2,46
24,0.014489552,0.9880875,2,38
25,0.001242016,0.9962346,2,20,0.0010286904,1.0402687,2,43
26,0.0030028406,1.027126,2,20,0.003644457,1.0370185,2,45,0.0067600473,1.087785,0,67
27,0.007019122,1.0079825,2,20,0.0016146421,1.0156009,2,40,0.0061898855,0.97694796,2,61,0.0107741775,0.8584979,2,81,0.012075481,0.96632993,2,102,0.0051841266,1.0361718,2,122,0.027692016,0.98033905,2,142,0.04196015,0.94663674,2,163,0.008315853,0.929388,0,191
28,0.0071408604,1.0214376,2,22,0.015149464,0.9420557,2,50
29,0.021776022,0.9593676,2,23,0.010495946,0.9066259,2,44,0.022506729,0.89027035,2,64,0.0,0.8417522,2,85,0.006622056,0.93496877,2,106,0.0015318017,1.0687159,2,130,0.021094827,0.94220316,2,150,0.014860112,1.001096,2,180
30,0.002233856,1.0113187,2,23,0.0078749675,0.96960676,2,43,0.0,1.0147034,3,63,0.042404454,0.93642366,2,83,0.006254114,0.87508947,2,103,0.0,0.8469769,0,126,0.0,0.7107351,0,146,0.0,0.8636954,2,168,0.0,1.0461074,2,200
31,0.0007874789,1.0194978,2,20,0.034948003,0.9691409,2,40,0.002258425,0.9744702,2,63,0.0,0.8771657,2,83,0.006343172,0.93195444,2,111,0.0075719794,0.989818,2,131,0.0,1.006479,2,152,0.0,0.9712923,2,172,0.029222354,0.9838794,2,200
32,0.03530645,0.98735666,2,20,0.0,1.007997,2,43,0.0087931175,0.984508,2,64,0.00027090422,0.9058633,2,84,0.015637284,0.9610183,2,106,0.00016378167,0.9197478,2,127,0.04300141,1.0789223,2,147,0.0,1.1068617,3,167,0.0013650538,1.0222845,2,199
33,0.0,0.9920512,2,21,0.011101358,1.0013763,2,46,0.015610297,0.9891432,2,66,0.0066956677,0.9920471,2,87,0.017966885,1.042517,2,112,0.00069366815,1.0214047,3,132,0.0,1.0327642,2,153,0.0017828757,0.9418075,2,174,0.01055042,1.0109993,2,200
