0,0.0081670005,1.0362448,2,39
1,0.0047471104,0.9768489,2,24,0.00590371,0.961778,2,45,4.11262e-05,0.99435043,2,71
2,0.006103215,0.97769964,2,20,0.02406324,0.95360464,2,48
3,0.009461967,0.89464426,2,21,0.009885776,1.036956,2,44,0.0050425264,1.0447929,2,79
4,0.002697835,0.99184173,2,26,0.029099144,0.95957404,2,51,0.006140331,0.9613245,2,72,0.017214721,1.0331972,2,92,0.0,1.0688168,0,115
5,0.03727762,0.93926233,2,30
6,0.031323146,0.95406735,2,20,0.016753715,0.9244421,2,53
7,0.0,0.9432418,2,21,0.018658774,0.9985938,2,41,0.013715233,1.0389555,2,61,0.00487163,0.9166307,2,96,0.02337927,0.8876547,2,117,0.020374294,0.93780124,2,137,0.0006321312,0.89527106,2,160,0.0,0.76321316,2,180,0.043079823,0.9604289,2,200
8,0.00034259327,1.0361968,2,22,0.023410583,0.9662182,2,42,0.026076179,0.9886054,2,62,0.0,0.9627387,2,88,0.033884995,0.9086961,2,111,0.04829917,0.8853604,2,132
9,0.0018382367,0.95518064,2,20,0.017552946,0.91601235,2,46,0.0,1.0150648,2,68,0.0,0.9224758,2,88,0.0,0.9856142,2,108,0.011712685,0.72891194,2,128,0.0,0.88686675,2,150,0.022717215,0.6321682,0,170,0.14413212,0.5700707,2,200
10,0.024104495,1.016633,2,20,0.0,1.144985,2,40,0.006605946,1.0810926,2,61,0.009696814,1.0573435,2,82,0.0,1.1007588,2,102,0.00024988427,1.0745716,2,122,0.0072811036,0.99396956,2,142,0.01837093,0.9475922,2,172,0.022786926,0.9517148,2,200
11,0.003990143,1.0755372,2,26
12,0.0013839591,1.0329443,2,21,0.0029176334,1.0628018,2,42,0.008054279,1.0597956,2,63,0.005423669,1.0352411,2,84,0.012356501,0.99808276,2,104,0.001628607,0.974077,2,134,0.019990118,0.9646072,2,158,0.009320525,0.9555982,2,200
13,0.002882804,0.9844105,2,22,0.026917595,1.009478,2,42,0.013595327,0.98436236,2,63,0.021879409,0.907113,2,84,0.0028615172,1.1007938,0,104,0.0,1.0215371,2,124,0.0,0.7766556,2,144,0.0,0.97117627,2,172,0.040598832,0.82792103,2,200
14,0.0138647705,0.95191514,2,30,0.0022173182,0.9226886,2,50,0.0,0.9056629,2,71,0.0,0.794645,0,92,0.0,0.9865507,0,114,0.016752876,0.9659166,0,135,0.014812145,0.9796866,2,161,0.0047632074,1.037582,2,200
15,0.01597866,0.9106113,2,20,0.0,0.80960447,2,40,0.009384517,0.9245878,2,61,0.0039388603,0.94708246,2,87,0.034012582,0.91734254,2,107,0.009060332,0.84437716,2,127,0.026239123,0.6525639,0,147,0.0,0.84553254,0,168,0.016063172,0.8153142,2,200
16,0.014471302,0.92697084,2,20,0.03423839,0.9366894,2,40,0.014353132,0.90464634,2,62,0.001633194,0.7684773,2,82,0.0030005656,0.4462157,1,115
17,0.0019342282,1.0109617,2,29,0.009157852,0.9741584,2,49,0.05948484,0.919489,2,70,0.019085273,1.0079143,3,93,0.024558144,0.902087,2,114,0.0046862024,0.9119429,2,136,0.011421508,0.99634314,0,156,0.002301839,0.7842876,0,176,0.03983058,0.9074152,2,200
18,0.014678012,0.9427169,3,20,0.0,0.9481047,2,40,0.008073456,0.8477964,2,62,0.0,1.0087824,2,85,0.0016171798,0.9644432,0,105,0.0048002563,0.93651223,2,139
19,0.007136814,1.0040809,2,23,0.0053263027,0.9413013,2,47,0.0218698,0.99088204,0,67,0.01624106,0.8625154,2,89,0.026919907,0.9458334,2,118
20,0.03580556,0.9857577,2,20,0.013276009,0.83101445,2,40,0.023753896,0.91882527,2,60,0.028748306,0.9001518,2,83,0.021742266,0.8736858,2,105,0.0018531752,0.7558077,3,126,0.0,0.72959834,2,147,0.0,0.8366847,2,168,0.0033233613,0.8240918,2,200
21,0.011613297,0.99132204,2,25,0.01038125,1.0239154,2,46,0.031465046,0.8943416,2,66,0.0,0.9293148,2,86,0.0,0.9768117,2,107,0.018082744,0.8910452,2,127,0.0,0.8713556,2,149,0.0,1.0543883,2,170,0.0,1.0144227,2,200
22,0.03513784,0.96144897,2,20,0.01661837,0.86147845,2,42,0.009704331,0.992525,2,63,0.036805097,0.9145859,2,83,0.0031494857,0.94749796,2,103,0.0,0.8513724,2,126,0.007990404,0.91670346,3,153
23,0.025671404,0.9657207,2,22
24,0.014019787,1.0326614,2,24
25,0.0075119836,0.9121273,2,31,0.0,0.941529,2,51,0.008413883,0.8095344,2,77,0.00781633,0.71748936,2,97,0.0,0.672533,2,120,0.023735762,0.64358026,2,143
26,0.013059614,0.98090965,2,20,0.035865165,0.8826534,2,40,0.0,0.90172374,2,60,0.009742174,1.0134711,2,82,0.0,0.9893654,2,122
27,0.024853582,0.99299735,2,22,0.014844911,0.95433843,2,47,0.0,0.7658622,0,67,0.013779288,0.9096693,2,87,0.0007475705,0.7548265,2,107,0.0,0.61538947,1,127,0.018666588,0.74606067,2,147,0.0018873889,0.65928984,2,167,0.0,0.49434015,0,200
28,0.024772327,0.9871108,3,20,0.003151123,0.9286828,2,40,0.025753772,0.9634613,2,60,0.0,0.99372566,2,83,0.039522085,0.9289906,2,104,0.0,0.7117372,0,125,0.006312497,0.9515029,2,145,0.0,0.83217794,2,165,0.012270276,0.7341107,0,200
29,0.009033897,1.0246986,2,24,0.0052094595,0.9017017,2,46,0.022129243,0.9776946,2,67,0.013992444,0.89230376,2,87,0.023218507,0.8782711,2,108,0.011621803,0.94185656,2,128,0.010957463,0.9183903,2,155,0.031736396,0.9002451,2,175,0.0028895056,0.611688,2,200
30,0.00434611,1.0317019,2,20,0.022804273,0.9913509,2,44,0.008484264,0.96860194,2,65,0.032952193,0.8554822,2,85,0.002516651,0.85381424,2,105,0.011975385,0.942074,2,125,0.0060812333,0.9608036,2,146,0.0,1.1299406,2,166,0.014525436,1.0651132,2,200
31,0.0006790919,1.039989,2,20,0.0,1.071099,2,41,0.0,1.0734359,2,64,0.013333537,1.0158653,2,84,0.019170472,0.87564296,2,104,0.06652278,0.9828321,3,124,0.0,0.8879677,2,144,0.0,0.9289845,0,164,0.0029805107,0.8277684,2,200
32,0.014416751,1.0133122,2,34
33,0.02407488,0.9916034,2,23,0.0,1.0539441,2,43,0.020951744,0.99447834,0,63,0.038018417,0.88884306,0,83,0.06882713,0.9708576,2,103,0.012647852,0.91182864,2,123,0.016887542,0.9842354,2,143,0.020207675,0.8987671,2,164,0.0011311669,0.7712914,2,200
34,0.018509433,0.9721417,2,22,0.0035298786,0.9479778,2,43,0.046245653,0.92622566,2,63,0.0,0.92395824,2,86,0.009776822,0.9698025,2,106,0.010310255,1.0495217,3,126,0.00400138,0.9790212,2,146,0.02509514,0.97767127,2,166,0.006716152,0.93799824,2,200
35,0.0026424597,0.9776127,2,20,0.0041326764,0.9016971,2,42,0.0,0.90385866,2,62,0.002037358,0.89033157,2,82,0.03150465,0.81955475,2,107,0.014956901,0.8437545,2,127,0.015848327,0.8289095,0,147,0.0,0.69765466,2,167,0.0009971939,0.39398676,0,200
36,0.0033634098,0.988161,2,28,0.008213331,0.94931823,2,49,0.009448726,0.8950558,2,69,0.031778365,0.88892347,2,92,0.025484407,0.83245194,2,112,0.003177939,0.884394,2,136,0.0,0.8477625,2,158,0.0356603,0.885407,2,200
37,0.015232202,1.0015395,2,33,0.006517138,0.97395027,2,60,0.012249905,0.99328077,2,80,0.003077625,0.9874965,2,101,0.0,1.0170088,2,128,0.01645768,0.96930885,2,148,0.027164629,0.8778671,2,168,0.01563774,0.92396134,2,200
38,0.0,0.95548546,2,25
39,0.016557755,0.9658515,2,20,0.03229187,0.9349691,0,41
40,0.0,0.9941204,2,20,0.025530916,0.9037436,2,40,0.0,0.88927335,2,60,0.006714575,0.94981766,2,80,0.0,1.0071563,3,102,0.029635554,0.9876091,3,125,0.014986068,0.87967587,3,145,0.019718219,0.8531349,2,166,0.008369672,0.9240918,2,200
41,0.0030142963,0.81456256,2,26,0.010213138,0.7133861,2,46,0.012919509,0.7604405,2,70,0.0,0.63086903,2,90,0.0,0.56584615,2,110,0.0,0.50441206,1,131,0.0,0.5478004,2,151,0.0,0.6724757,1,172,0.036558382,0.8477198,2,200
42,0.012397571,0.97078985,2,25,0.027629463,0.85492694,2,46,0.002889592,0.85786706,2,66,0.0,0.6838988,2,86,0.008808452,0.7659911,2,106,0.01057444,0.5584795,0,126,0.0075418353,0.532323,2,146,0.05823598,0.698834,2,166,0.025794674,0.5521482,2,200
43,0.0,1.0167269,2,20,0.0022424534,0.90916914,2,42,0.012014724,0.91811496,2,62,0.03124564,0.90050554,2,100
44,0.0021563573,1.0270919,2,25
45,0.0025455072,0.9301896,2,20,0.023981811,0.9697619,2,52
46,0.005308354,1.0379317,2,25
47,0.0058733243,0.96982044,2,23
48,0.021676213,1.0327319,2,24,0.0071436367,1.0346483,2,50
49,0.03072643,0.9721551,2,20,0.010155735,0.90790385,2,42,0.03962794,0.77453655,0,62,0.043374605,0.8140114,0,82,0.00065443193,0.7105272,3,104,0.013336335,0.70572746,2,142
50,0.015193397,1.0195929,2,21,0.03614418,0.9892073,2,42,0.017733548,0.9729868,2,62,0.017055454,0.9888479,2,87,0.017496584,1.0220424,2,109,0.0017072266,0.96727604,2,136,0.010968806,0.93805325,2,156,0.03391007,0.9638154,2,177,0.0016959708,1.0335686,2,200
51,0.006045562,1.0522486,2,20,0.007660926,0.9306337,2,44,0.0,0.7804358,2,64,0.012245352,0.50348747,2,85,0.0,0.749176,2,105,0.041977376,0.7099569,2,125,0.004752708,0.8541272,2,145,0.027428783,0.8371639,2,167,0.0072833663,0.8846555,2,200
