0,0.0027519802,0.96786183,2,20,0.0033460478,1.0240163,2,41,0.036314476,0.981845,2,62,0.005295772,1.0386474,2,82,0.0,0.9858097,0,102,0.025789851,1.037483,2,122,0.0,0.9702837,0,143,0.0019576256,0.94659305,2,164,0.054825388,0.82069755,2,200
1,0.0,1.0209092,2,20,0.014523703,1.0190102,2,42,0.034347855,0.8879247,2,62,0.0740699,0.95621586,2,82,0.0131017845,0.94785464,2,102,0.003239891,1.0343436,2,122,0.012433819,0.83461756,2,149,0.0,1.0280697,2,172,0.011702423,1.0438684,2,200
2,0.0071491166,0.98735356,2,21,0.0097093275,1.04791,2,58
3,0.0068253665,1.0402704,2,38
4,0.012392747,0.9347987,2,33
5,0.016980976,0.99880844,2,22,0.0049479865,1.0372148,2,51
6,0.0116131585,0.9957986,2,20,0.0,0.9290435,2,40,0.009752656,0.9019689,2,64,0.017704237,0.86557317,2,86,0.010861357,0.9460639,2,106,0.018198328,0.9296903,2,128,0.031045984,0.7011171,2,148,0.011116186,0.6080969,2,168,0.14826839,0.45770136,2,189
7,0.011779157,0.97379637,2,21,0.014419915,0.9968988,2,41,0.008685175,1.0171117,2,64,0.026638474,0.924399,2,84,0.03023496,0.95344764,2,111
8,0.009720165,1.0012072,2,26
9,0.000847456,1.0442648,2,21,0.004938885,1.0225171,2,45,0.027962634,0.99138117,2,66,0.0057029347,1.0129147,2,86,0.017000102,0.976017,2,111,0.0046482556,0.9454265,2,135,0.040670656,0.9250085,2,155,0.00801418,0.8951966,0,176,0.042411104,0.95859975,2,200
10,0.006995622,1.0218971,2,20,0.002392888,1.0899943,0,41,0.0008409916,1.0382732,2,72,0.004619813,1.0387722,2,96,0.012123153,0.98004115,2,116,0.0,0.87899,2,136,0.008219491,0.8637125,2,156,0.0,0.92965853,2,200
11,0.0024383103,0.9760037,2,23
12,0.018518727,0.87666667,2,20,0.008398555,0.99013793,2,41,0.020090874,0.9206034,2,61,0.0077670114,0.90926564,2,81,0.014377219,0.8313767,2,101,0.00085148046,0.9470099,2,121,0.03873024,0.8596887,2,142,0.07497665,0.9909404,2,172
13,0.0012113255,0.9091143,2,21,0.05835626,0.88579744,2,60
14,0.006339496,1.0220255,2,21
15,0.02321102,0.9886884,2,22,0.011054133,0.94674957,2,42,0.017615214,0.8749237,2,73
16,0.00862994,1.0259714,2,23
17,0.012097025,0.9787812,2,20,0.009664321,0.94764924,2,50
18,0.017675275,0.9584629,2,20,0.02256475,0.8310064,2,40,0.010658314,0.79686373,2,61,0.0014915839,0.93943477,2,82,0.0,0.96984065,2,102,0.011594005,0.8533107,0,123,0.034931585,0.8769188,2,143,0.0,0.89116395,2,163,0.026124539,0.91583985,2,200
19,0.030422335,0.8287628,2,20,0.038902804,0.95032465,2,40,0.022907745,0.93484735,2,63,0.0047901673,0.91060793,2,83,0.0072721043,0.8812743,2,107,0.020383114,0.953687,2,128,0.014878683,0.97255176,2,151
20,0.01643905,1.0490252,2,22
21,0.009799118,1.0648966,2,27
22,0.02428954,0.9762415,2,21,0.021861862,0.94824934,2,42,0.002922485,0.9259139,2,63,0.0010630602,0.93707865,2,83,0.0,0.86174643,2,103,0.0,1.0143538,0,123,0.0,0.9224353,2,143,0.0,0.7739486,2,165,0.0,0.83152884,0,200
23,0.015173163,0.94977117,2,22,0.01224969,0.9304765,2,42,0.018806437,0.9193259,2,71
24,0.0035075743,0.98295563,2,27
25,0.031786688,0.9134203,2,20,0.0,0.88485783,2,40,0.0,0.97084725,3,60,0.0,0.93123657,3,80,0.0,0.9681956,2,100,0.0,0.7581786,2,121,0.0,0.9702743,2,141,0.0,1.1016624,0,161,0.008256002,0.71240103,0,200
26,0.010345356,1.0125701,2,23,0.02455745,0.99054945,2,43,0.0022036743,0.9379869,2,64,0.03214657,0.94079494,2,86,0.0,0.8425047,3,106,0.007535998,0.8642767,3,126,0.00082219375,0.8672921,0,146,0.0,0.8894822,0,166,0.008754623,0.61361384,0,200
27,0.0024008062,1.0496725,2,27,0.010427072,1.0056171,2,48,0.0015017712,0.9135861,2,74
28,0.010432065,0.952689,2,20,0.011844662,0.916227,2,52
29,0.013969541,0.97634524,2,20,0.00649168,0.8932773,2,41,0.010502449,1.0148895,2,63
30,0.010708527,0.9851084,2,22,0.014637443,0.96375066,2,42,0.013021874,0.93354017,2,62,0.016273685,0.95297784,2,95
31,0.023444211,0.94073206,2,24,0.015500935,0.93228704,2,44,0.0,0.97951955,2,64,0.003982303,0.9229707,2,85,0.022605484,0.9527675,2,113,0.0056060585,0.942897,2,141,0.0039743837,1.0215714,2,176,0.025158321,0.9906562,2,200
32,0.0003034508,0.99732673,2,20,0.013852676,0.925821,2,40,0.020389568,0.9683777,2,61,0.012728961,0.9597563,2,82,0.0056134234,0.99355435,2,107
33,0.045102797,0.9667776,2,20,0.008407313,0.9553465,2,45,0.0074283727,1.0393162,2,81
34,0.0,0.9944389,2,25,0.021689408,1.0125287,2,45,0.0,0.982431,2,68,0.0033515093,1.0032024,2,90,0.0058523878,0.9335248,2,110,0.053322934,0.81302017,2,132,0.031892005,0.7548717,2,155,0.0,0.6773531,2,184
35,0.0,1.026443,0,20
36,0.005593517,0.99616015,2,21,0.024860967,0.98097736,2,41,0.022486797,0.97123003,2,75
37,0.0023019398,1.0222776,2,20,0.0075700297,0.9930786,2,40,0.0,0.9909008,2,62,0.0037802502,0.9881239,2,86,0.0,0.94667447,2,106,0.013058247,0.92909753,2,126,0.008371016,0.9718876,3,146,0.01679059,0.9537994,2,166,0.0023710732,1.0020677,2,200
38,0.010226505,1.0609277,2,21
39,0.017185204,1.0271176,2,54
40,0.0,0.8736364,2,21,0.0,0.8881154,2,44,0.025830338,0.89773816,2,64,0.0024736566,0.63559586,2,84,0.0,0.8323251,2,104,0.0,0.745326,0,125,0.0,0.92112285,1,145,0.0,0.54793096,2,169,0.026755769,0.5589617,1,200
41,0.0212899,1.0261745,2,20,0.0026004773,1.0070275,2,40,0.0008219277,0.9877693,2,60,0.025219884,0.9230196,2,85,0.013102958,0.9035473,2,105,0.010166057,0.91241163,2,127,0.019311521,0.9173482,2,147,0.004625137,0.98138684,2,167,0.0062843077,0.85812926,2,200
42,0.014884931,1.0075231,2,27
43,0.005578342,0.91595364,2,20,0.0007169972,0.9594591,2,41,0.051690187,0.9326361,2,63,0.0,0.9838828,2,83,0.009820125,0.9944497,2,105,0.017303564,0.93768626,2,125,0.005896274,0.92053235,2,145,0.0068159364,0.7875066,2,166,0.0028199907,0.81224453,0,200
44,0.021817738,0.96543896,2,20,0.009789214,0.8738026,2,44,0.017838113,0.90832233,2,64,0.0,0.8098262,2,84,0.0,0.73137057,2,104,0.0,0.6130523,0,124,0.031682137,0.417247,0,144,0.0,0.72793496,2,164,0.009155568,0.71359664,1,200
45,0.0036192469,1.0059415,2,48
46,0.01268151,1.0141182,2,26,0.0,0.92719465,2,48,0.006569516,0.95585185,2,71,0.026790764,1.0271299,2,91,0.02084583,0.99395734,2,113,0.015762977,0.9675463,2,137,0.0,1.0321512,2,157,0.043221623,0.97937596,2,178,0.016807206,0.9931744,2,200
