0,0.009597723,1.0431206,2,20,0.019201007,0.90829504,2,40,0.002862288,0.98010963,2,68,0.02080826,0.98078156,2,88,0.017647551,0.9702773,2,109,0.048888694,0.9895199,2,129,0.0014322898,0.9665479,2,154,0.0016032216,0.960551,2,175,0.0011154292,0.9847503,2,200
1,0.0064603807,1.0547311,2,33
2,0.0670444,0.8675512,2,20,0.008363553,0.93572307,2,41,0.0,0.7574748,2,61,0.0,0.62829447,2,84,0.00904488,0.40127054,2,107,0.0,0.4118859,1,127,0.0,0.17001958,1,147,0.0,0.23691204,0,167,0.0064392504,0.34685752,1,200
3,0.0,1.1044692,2,20,0.014037589,1.0102751,2,43,0.019840809,0.92226,2,68
4,0.006206288,1.0157744,2,21,0.020667711,1.0165015,2,42,0.0,0.9942152,2,63,0.0,0.89725304,2,83,0.0074961735,1.0076402,2,103,0.00017781723,1.005237,2,133,0.0,1.0098927,2,153,0.0014917508,1.0939764,2,173,0.008211409,0.97409356,2,200
5,0.01925373,0.99221516,2,20,0.015276117,0.88610685,3,40,0.036697168,1.024912,3,60,0.0,1.0282377,3,80,0.04889054,0.9443164,3,101,0.0,0.9269096,2,121,0.0638908,0.98462534,2,141,0.06650315,0.9509388,0,162,0.014656255,0.74943155,0,200
6,0.018240226,1.0054611,2,21,0.022630876,0.99790245,2,50,0.0,0.99840844,2,71,0.0,0.9289152,2,92,0.06297892,0.8724719,2,112,0.0032566758,0.8552534,0,133,0.0,0.94761264,2,153,0.021517567,0.80944663,2,173,0.024660347,0.8868672,0,200
7,0.00088608323,0.9620678,2,20,0.0049869535,1.0051043,2,41
8,0.0,0.89259964,2,22,0.006864483,0.59628284,2,43,0.018541612,0.58717966,0,63,0.0,0.59821033,2,86,0.08402514,0.48896405,0,108,0.05989415,0.57056415,0,129,0.0,0.5587925,0,149,0.104403354,0.77859104,2,169,0.0017039073,0.83411294,0,199
9,0.0017486106,0.9663733,2,20,0.0,0.9002408,2,41,0.008313553,0.9359481,2,61,0.007449513,0.98647356,2,81,0.034113027,0.89629763,2,101,0.014906729,0.9008767,2,121,0.020343937,0.93756324,2,141,0.0010207726,0.9521483,3,161,0.121076904,0.8264975,2,200
10,0.0042069564,1.0009971,2,21,0.028976781,0.9358425,2,43,0.0037222938,1.0338972,2,65,0.0016781988,0.9787765,2,91,0.0005824935,0.8855584,2,111,0.007417069,0.8172213,2,131,0.0,0.9472429,2,152,0.04886829,0.915043,2,172,0.0,0.9160632,2,200
11,0.0,0.893655,2,23,0.0032374416,1.0081261,2,43,0.0012747509,1.0074193,2,63,0.013909462,0.9811796,2,83,0.0,0.9917086,2,103,0.0,1.0720919,2,123,0.0,0.9857248,2,145,0.0,0.9994979,2,172,0.004883867,0.9822963,2,200
12,0.021006148,0.91940737,2,31,0.04317114,0.7769762,2,51,0.02423222,0.93543935,2,73,0.0,0.73072857,0,93,0.06691974,0.6342455,0,113,0.0049881306,0.5038967,2,137,0.0154619245,0.53564656,2,157,0.0,0.64509714,1,180,0.006708221,0.75636643,2,200
13,0.012780571,0.9994728,2,20,0.016483169,1.0139834,2,43,0.009443687,0.9566143,2,63,0.0,0.9879284,2,87,0.010930726,0.95408803,2,107,0.008189855,0.9404863,2,127,0.028339619,0.9808113,2,147,0.0,0.8656309,2,169,0.035990477,0.7467919,0,200
14,0.0010927694,0.9847624,2,20,0.00985501,1.0345643,2,43,0.016794987,1.0026822,2,67,0.013985547,0.9544236,3,87,0.016318718,1.0598906,2,107,0.021753525,0.97383094,2,130,0.011492413,0.9994747,2,152,0.0028361145,0.9228977,2,172,0.0012295324,0.96485275,3,200
15,0.005554405,0.9483637,2,22,0.008536254,1.0198542,2,42,0.024464233,0.9246487,2,64,0.021864166,0.9336481,2,84,0.0,1.0192873,2,104,0.015278047,0.85734636,0,124,0.015614433,0.91371536,2,144,0.0,0.943715,0,165,0.0,0.88150495,2,195
16,0.015507391,0.96435934,2,30,0.01224597,0.9454836,2,51,0.0059920168,0.9269298,2,71,0.0066406894,0.9100872,2,93,0.03257514,0.7758411,2,113,0.101463355,0.82294047,2,133
17,0.0034894573,1.0392809,2,22,0.018943101,0.98898613,2,42,0.004254894,0.983806,2,79
18,0.015843688,1.015442,2,22,0.018799663,0.9758576,2,42,0.012231009,0.9734458,2,63,0.010206645,0.9947524,2,84,0.0026974534,1.0799874,2,104,0.0144296065,0.90864855,2,125,0.0,0.94279814,2,145,0.027863052,0.91191816,2,165,0.0100113675,0.96713483,2,200
19,0.028659165,1.0309887,2,20,0.03735586,1.0016404,2,40,0.0,1.0130317,2,60,0.0086983405,1.0558283,2,80,0.005524579,1.0215309,2,100,0.0357695,0.9654311,2,120,0.015551604,0.93923485,2,149,0.01908436,0.9714356,2,174,0.015860865,0.98193526,2,200
20,0.006522517,1.049622,2,31,0.008211252,1.0052302,2,51,0.025226185,0.9669565,0,71,0.0053385287,0.9515041,2,91,0.03165524,0.9738782,2,111,0.014416254,1.0072049,2,133,0.0,0.9898772,2,156,0.0025441446,0.8753443,2,176,0.018158527,0.8836689,2,200
21,0.0,1.002046,3,24,0.017718336,0.98802984,2,44,0.023909759,0.8285597,2,64,0.030222507,0.8865751,2,102
22,0.0124614965,0.9633128,2,20,0.027407188,0.9747491,2,40,0.017414728,0.80073065,2,61,0.0063629663,0.90276957,2,81,0.023479193,0.9367979,2,103,0.044735312,0.8673042,2,123,0.0,0.70503235,2,143,0.027568225,0.8906088,2,163,0.058854517,0.6467895,2,200
23,0.01859084,0.9676279,2,22,0.0061947815,0.89005005,2,42,0.016150357,0.89783335,2,62,0.0,0.9474676,3,83,0.017035529,0.75485843,2,103,0.0011398967,0.9516047,2,123,0.0,0.81233287,0,145,0.032662775,0.7505132,0,183
24,0.002519643,1.0103633,2,20,0.0,0.97896814,2,44,0.01790708,0.9643505,0,64,0.0044341013,0.95184666,2,86,0.014748134,1.0257425,2,107,0.031993534,0.95144576,2,127,0.06625925,0.8335651,2,147,0.0073962994,0.85570747,2,167,0.0026838728,0.8471959,0,200
25,0.014086267,0.9297899,2,20,0.0075051426,0.9498125,2,42,0.033407386,0.92984444,2,64,0.013592458,0.9717797,2,87,0.054478966,0.92078316,2,107,0.0047290255,0.9655462,2,129,0.04381371,0.97607595,2,150,0.001250637,0.8607386,2,170,0.0,0.9466439,2,200
26,0.01963281,1.0132011,2,20,0.013578509,0.9992846,2,40,0.010406926,0.9996332,2,60,0.010347655,0.9823179,2,80,0.005408035,1.0053389,2,101,0.011845204,0.97707945,2,123,0.00429946,0.977797,2,146,0.0076739197,0.9960114,2,172,0.009795614,1.0465167,2,200
27,0.0026395142,0.9631967,2,25
28,0.0,1.0273457,2,33
29,0.009980457,0.98081064,2,21,0.0025564816,0.96455795,2,47
30,0.0016404291,0.9841415,2,20,0.074964054,0.88724965,2,41,0.032336164,0.8795395,2,69,0.040863466,0.7840889,2,89,0.017506132,0.7636232,0,109,0.019975727,0.9439372,2,130,0.017695703,0.89256155,2,153,0.07594671,0.84628105,2,173,0.022877945,0.87227225,2,200
31,0.000528628,1.0179412,2,20,0.011320872,1.0252703,2,42,0.013701538,0.9557598,2,62,0.0011438833,0.96128535,2,84,0.018767307,0.90518504,2,104,0.01351775,0.9398691,2,124,0.0010768719,1.0209812,2,144,0.0026322065,0.9571436,3,164,0.023562705,0.8248785,0,200
32,0.0019662082,0.9964459,2,21,0.016717711,0.9148615,2,45,0.016966883,0.98827285,2,65,0.030559752,0.9629895,2,86,0.0047516385,0.9547226,2,106,0.0,0.976874,2,126,0.0,0.9252833,2,146,0.0,0.81203353,2,166,0.004793062,0.96239626,2,200
33,0.0102680605,1.0184877,2,20,0.007900073,0.9976712,2,42,0.02926255,0.9719838,2,69
34,0.004845639,1.0371705,2,33
