0,0.017399263,0.9521605,2,20,0.017832983,0.8412058,2,41,0.0089579085,0.8984939,0,61,0.01244947,0.82530993,2,82,0.01655758,0.9301887,2,105,0.0,0.76873094,2,125,0.002909048,0.93211806,2,147,0.004298742,0.84778297,0,167,0.02864994,0.6234718,2,200
1,0.0040286207,0.97654045,2,45,0.006675098,0.8970779,2,66,0.034425743,0.96887124,2,86,0.0,0.85769683,2,107,0.0,0.6722518,0,128,0.0012679992,0.7624585,0,149,0.0042121545,0.85632324,0,169,0.0075212526,1.0053765,2,200
2,0.00789497,1.0582122,2,29
3,0.0011324328,1.059978,2,26
4,0.023329725,0.88042605,2,25,0.0073889666,1.0061721,2,52
5,0.0020928422,1.0130172,2,20
6,0.006508778,0.9016856,2,20,0.0007161409,0.84549075,2,40,0.041294225,0.7436007,2,60,0.0,0.8958556,0,80,0.051539917,0.7607358,2,100,0.089421265,0.76082355,2,123,0.077037215,0.54492366,0,147,0.096469596,0.6367276,0,168,0.029783882,0.63596964,2,200
7,0.007533662,0.96182936,2,20,0.0,0.9414263,2,42,0.006168004,0.9508299,2,67,0.0054885056,0.90410876,2,88,0.014531136,1.0228294,2,109,0.011371057,1.0402122,2,130,0.00042989673,0.99807155,2,150,0.01715001,0.897717,2,170,0.027594635,0.96227133,2,200
8,0.024811933,0.9848131,2,20,0.030601054,0.9295572,2,40,0.024986718,0.9371109,0,60,0.0,0.84582293,2,80,0.008793049,0.92057437,2,119
9,0.028328959,0.9547832,2,21,0.0039509484,1.0099947,2,41,0.010835038,1.0079728,2,61,0.013958717,0.958353,2,84
10,0.0074367393,0.9443333,2,22,0.019469358,0.94822294,0,44,0.0,0.95794183,0,66,0.0072283964,1.0342503,2,90
11,0.024697766,1.0001228,2,23,0.02333491,1.0307293,3,43,0.018881299,0.95711404,2,67,0.05332285,0.9363424,2,87,0.02984005,0.9402644,2,110,0.019112892,0.93727034,2,133,0.03776341,0.8608702,2,153,0.0020631081,1.0487316,2,173,0.014141767,0.9621535,2,200
12,0.0048402874,0.95572406,2,20,0.0035140952,1.0285842,2,52,0.03056421,0.98097116,2,72,0.0008770466,0.92942286,2,93,0.0065669348,0.9488248,2,114,0.011550118,0.89762366,2,134,0.03899459,0.9577207,2,155,0.0011609133,0.8586331,2,181
13,0.00906387,0.93900335,2,20,0.004057654,1.0001532,3,42,0.020936495,0.9347932,2,62,0.032393765,0.8546078,2,87,0.0016089343,0.9376728,2,107,0.025657551,0.99217725,2,128,0.008625741,0.96714157,3,149,0.0061315433,0.98944587,2,169,0.021173274,0.8393656,2,200
14,0.007748167,0.9364614,2,28,0.01787429,0.99441737,2,48,0.01055812,1.0234177,2,71,0.004092806,0.9339713,2,91,0.033649866,0.8891647,2,113,0.0,0.8757199,2,136,0.013982322,0.85207605,2,159,0.010606589,0.82986367,2,196
15,0.009890787,0.9466734,2,33
16,0.013579702,0.9788323,2,45
17,0.004207323,1.0326144,2,22,0.0,1.0185872,2,45,0.0,1.0512446,2,67,0.01098897,0.988929,2,87,0.003975964,1.0944202,2,107,0.016230604,1.0806468,2,128,0.0482107,0.921411,2,149,0.030252114,0.83954763,2,169,0.03986081,0.7543929,2,200
18,0.014465988,1.0570464,2,29
19,0.038051434,0.98189443,2,33
20,0.017630551,0.97937334,2,20,0.010660718,1.0124604,2,41,0.019174298,0.9102043,2,63,0.013624874,0.93094826,2,85,0.006463273,0.9103778,2,105,0.001952748,0.8603989,2,125,0.008476467,0.7222216,2,145,0.0076204166,0.6168132,2,165,0.00014837172,0.9233308,0,200
21,0.0049631414,0.99204683,2,20,0.0017599283,0.9223973,2,41,0.01995111,0.9514923,2,62,0.056981046,0.78689975,2,83,0.0101340525,0.9167805,2,104,0.0,0.9320008,2,124,0.0018460024,1.0167125,2,148,0.023322713,1.0699947,2,168,0.013021208,1.0136229,2,200
22,0.0150832655,1.0289432,2,20,0.010732816,0.9914903,2,47,0.008828339,1.002562,2,67,0.05074658,0.8912882,0,88,0.019356415,0.85847795,2,108,0.009453582,0.9495269,2,128,0.0,0.95612496,2,156,0.0013570096,0.825595,0,176,0.017627982,0.5068215,0,200
23,0.034804266,0.80655575,2,20,0.0,0.950795,2,40,0.0,0.8845024,2,60,0.0,0.8793181,2,81,0.034641482,0.51174164,0,101,0.0,0.5231821,2,121,0.0051442445,0.8303733,0,141,0.009595477,0.66629726,0,161,0.035403494,0.65453035,0,200
24,0.027269607,0.9383693,2,20,0.0,0.9286226,3,40,0.023750622,1.0367706,0,60,0.0043839114,0.8435332,2,80,0.0,0.8723016,0,101,0.0,0.888651,2,121,0.025948856,0.97733176,2,141,0.0071509173,0.9856292,2,161,0.015146445,0.9156993,2,200
25,0.0,1.0436865,2,20,0.027706185,0.9931655,2,43,0.018258289,1.0452839,0,63,0.013059141,1.0062659,2,84,0.0010564366,0.9971185,2,104,0.0,0.98527855,2,125,0.020048903,0.95827883,2,146,0.03822167,0.9467937,2,169,0.004738211,0.9428717,3,200
26,0.015439652,0.9587518,2,21,0.013488629,0.95135695,2,49,0.017862849,0.9388205,2,69,0.005996811,0.86883754,2,91,0.0,0.8609499,2,111,0.0,0.798565,2,131,0.029280648,0.65562177,2,151,0.065811664,0.62830436,2,171,0.061002802,0.59420073,2,200
27,0.01284112,0.99487627,2,38
28,0.0048201643,1.0573173,2,32
29,0.0024989482,1.0033972,2,32
30,0.0049331067,0.98336303,2,25
31,0.014631711,1.0238928,2,38
32,0.03726197,0.97556776,2,21,0.028099304,1.0102142,2,41,0.0,0.7818803,2,62,0.0,0.8011238,2,86
33,0.020990074,1.0315062,2,25,0.0048719742,0.91510427,2,45,0.008588569,0.9121006,2,65,0.0030428246,0.7703306,2,87,0.0,0.856985,2,107,0.049329095,0.81018883,2,128,0.008808257,0.9414617,2,148,0.060078807,0.9776023,2,168,0.010302573,0.9934006,2,200
34,0.008735852,1.0427268,2,20,0.01137418,0.99916637,2,40,0.0014375547,1.0191574,2,60
35,0.002052545,0.94874525,2,24,0.017111257,0.96484786,2,45,0.029358568,0.9123375,2,74
36,0.018190883,1.0361822,2,21
37,0.015076485,0.92451876,2,20,0.04619306,0.6792971,0,40,0.038639937,0.6287713,2,79
38,0.015924202,0.9926598,2,21,0.00657752,0.90835,2,41,0.0041242237,0.8627736,2,61,0.03645328,0.9182682,3,82,0.059045635,0.95265543,2,102,0.0154594835,0.8781217,2,122,0.024253352,0.97688836,2,143,0.05294493,0.954758,2,163,0.049965587,0.82230514,2,200
39,0.014244611,1.0210341,2,25,0.020312922,1.0938832,2,46,0.0,1.0336101,2,77
40,0.01594544,0.9932859,2,23,0.0045219488,1.0499915,2,49,0.0,1.0213286,2,70,0.023406899,0.9499056,2,91,0.00017843806,0.9350513,2,111,0.0,0.9336154,2,131,0.00018796725,0.91931164,0,151,0.012324856,0.91668844,2,172,0.034614604,0.9429444,2,200
41,0.016075056,1.0242575,2,21,0.013625476,1.0782127,2,42,0.008811082,1.0371827,2,66,0.017346246,0.97617656,2,86,0.008365918,1.0136362,2,108,0.0,1.0085762,2,128,0.047065895,0.892125,2,156
42,0.009363838,0.87998044,0,20,0.022305397,0.9681092,2,43,0.00054173806,0.92204344,2,63,0.0062009925,0.9497321,2,83,0.05241117,1.0296075,0,103,0.0078324685,0.9397213,2,123,0.0055863257,0.98473644,2,145,0.0,0.97153246,2,167,0.00848018,0.9742118,2,200
43,0.085356,0.854205,2,20,0.044941757,0.95591044,2,42,0.031728953,0.7401736,2,62,0.02686737,0.8340491,2,83,0.020094901,0.903532,0,105
44,0.0013348918,0.90768754,2,20,0.0029798497,0.9307422,2,53
45,0.028925639,1.0145521,2,20,0.012436887,0.9995735,2,40,0.0064307875,1.0440321,2,61,0.013537509,0.98659915,2,90,0.04815632,0.81264293,2,110,0.0,0.79027325,0,130,0.0049276566,0.8236747,0,150,0.0039256313,0.9315313,0,170,0.011374579,0.78690094,2,200
