0,0.0053950227,1.0433378,2,27
1,0.007198436,1.00396,2,23
2,0.0062542637,1.0123916,2,24,0.026436925,0.9273283,2,44,0.037509065,0.8818777,2,65,0.08955409,0.97414505,2,85,0.022113131,1.0158317,3,108,0.0,0.8543379,3,129,0.0,0.84403676,2,150,0.0,0.85496676,2,170,0.0047701835,0.8280249,2,200
3,0.010237222,0.9745556,2,21,0.017238915,0.95450413,2,42,0.0094339885,1.0107088,2,64,0.023419581,0.97218233,2,85,0.0,1.0360595,2,118
4,0.00567415,1.0675119,2,21,0.0006623507,1.0687249,2,41,0.025702542,0.99348843,2,61,0.010657462,0.9248217,2,98,0.007485338,1.0759944,2,119,0.006766529,0.98801935,2,139,0.0,0.9867641,2,159,0.00012383105,0.96049327,2,180,0.015554788,0.9401498,2,200
5,0.0,0.98348415,2,20,0.024116421,1.0559171,2,43,0.002515546,0.892783,2,66,0.029622952,0.864988,2,86,0.051683255,0.9804419,2,106,0.00690271,1.0215286,2,130,0.0008225597,1.0426419,2,151,0.0,1.1016023,2,171,0.0,1.0108534,2,200
6,0.014410159,0.9920957,2,23,0.011861873,1.0032578,2,47,0.017613955,0.726861,2,69,0.068735026,0.7594938,2,91
7,0.00445421,0.8417845,2,22,0.0,0.9222624,2,45,0.016742514,0.9852255,2,84
8,0.015162183,0.9443221,2,20,0.01692327,0.9553839,2,40,0.013982862,0.5995873,2,60,0.06447649,0.77580696,2,80,0.008795838,0.6675999,2,100,0.0040320666,0.7942369,2,120,0.017065628,0.6481438,1,141,0.036848195,0.66291386,0,161,0.086273186,0.83583313,2,200
9,0.0,0.99086463,2,20,0.018582666,0.9528223,2,42,0.0060478966,0.97939616,2,66,0.018864384,0.956518,2,87,0.038857784,0.81949216,2,109,0.0,0.89871943,2,129,0.0,0.7812702,2,149,0.00072943844,0.7348584,2,170,0.0,0.59841305,2,200
10,0.008368465,0.94776344,2,30,0.045120765,0.95523053,2,50,0.008006257,1.0252019,2,72,0.0,1.0346102,2,92
11,0.0122136,1.0150853,2,22,0.0003716428,1.0925668,2,46,0.0019966767,1.0047723,2,89
12,0.00021169317,1.0242606,2,21,0.011809006,1.0007846,2,45,0.0066066356,0.9918185,2,91
13,0.017171877,0.97519493,2,20,0.03271815,1.0275663,2,40
14,0.014269644,1.0125169,2,20,0.0,0.9051748,2,47,0.0058101676,0.98135763,2,71,0.017594136,0.9236991,2,91,0.0,0.9874253,2,111,0.0,1.0168483,2,131,0.020788183,0.9194745,2,151,0.009627847,0.80157673,2,171,0.008267821,0.63387895,2,200
15,0.0,1.0028354,2,22,0.005191438,1.015094,2,42,0.0,0.943241,2,62,0.0,0.968935,2,83,0.0,0.8111943,2,104,0.0,0.9948635,2,126,0.008760188,0.72919285,2,146,0.0,0.8098461,2,166,0.00016298359,0.7216483,2,200
16,0.010233021,0.9482109,2,20,0.01474676,0.8191293,0,40,0.038229145,0.62950134,2,72
17,0.010071994,0.92387253,2,22,0.01168879,0.97495985,2,50,0.0044095493,1.0024478,2,70,2.4144336e-05,0.9342287,2,93,0.005619145,0.9036228,2,126
18,0.02455073,1.0161763,2,25,0.0029246325,1.0114454,2,55,0.008330139,1.0014372,2,104,0.015338746,0.93277264,2,124,0.013191694,0.97721165,0,144,0.04924191,0.93778294,2,164,0.022441097,0.96854085,2,200
19,0.023265265,0.9893451,2,20,0.0,1.0267814,2,43,0.02523606,0.9387469,3,63,0.00549136,0.8659367,2,94
20,0.0434575,0.90701836,2,26,0.006941187,0.9432769,2,46,0.04975588,0.73680985,2,67,0.07243087,0.74547833,2,105
21,0.018261667,1.0440218,2,20,0.003607843,0.9676963,2,52,0.017344391,0.96881884,3,72,0.0067674937,0.9766587,2,92,0.026410338,0.95477104,2,113,0.0,0.9972162,2,133,0.009835369,1.0740192,2,153,0.014522682,0.92737335,2,174,0.0017767051,0.99981844,2,200
22,0.0020107464,0.9516075,2,20,0.0036013778,0.97300816,2,40,0.0,0.9930671,2,60,0.0,1.0287311,2,80,0.010247104,0.8899004,0,100,0.0,0.84227455,2,123,0.0,0.7613702,0,148,0.0,0.7025437,0,168,0.002659517,0.90157604,2,200
23,0.009518955,0.94204295,2,21,0.026317352,0.85658073,2,41,0.006861787,0.9108508,2,66,0.02136991,0.73787606,2,91,0.0057641775,0.80133027,2,111,0.014712565,0.82439005,2,131,0.04675343,0.76053387,2,151,0.0,0.9188605,2,172,0.01182964,0.70404196,0,200
24,0.028399628,0.94389105,2,20,0.05165075,0.8433329,2,40,0.009360687,0.8206071,2,62,0.00060872413,0.9873265,0,82,0.0090963,0.76969045,0,102,0.0,0.8567373,2,124,0.0094689755,0.8328716,2,144,0.027051821,0.60065836,2,164,0.01995367,0.7729004,2,200
25,0.0,1.0231283,2,20,0.0,0.9986476,2,41,0.018256536,0.96870905,2,62,0.011274407,1.0502195,2,83,0.017368237,0.9313323,2,103,0.002065223,1.0120602,2,125,0.008024082,1.0043442,2,145,0.025060052,0.96086586,0,165,0.004869961,1.006258,2,200
26,0.014071983,1.0117072,2,22,0.008821979,0.8560392,2,42,0.03433363,0.78506047,3,62,0.011732818,0.83935344,0,83,0.009487646,0.9756017,0,104,0.009837511,0.8964671,2,124,0.0031762854,0.83690614,2,144,0.013878652,0.8693409,2,165,0.01731824,0.86645603,2,200
27,0.007598831,0.9386013,2,20,0.04118744,0.8702273,2,46,0.01834112,1.0312872,2,66,0.010918433,0.8881483,2,86,0.0006597886,0.94649136,2,106,0.05737161,0.9289978,2,126,0.0,0.93517894,2,146,0.02511134,0.97333705,2,167,0.0059319646,1.032917,2,200
28,0.0073785246,0.95584846,2,25,0.016102927,0.90087736,2,45,0.012454014,0.9719611,2,66
29,0.008375429,1.039864,2,25,0.004000696,0.980604,2,46,0.0,1.021106,2,66,0.003086884,0.95434654,0,86,0.031978186,1.022098,2,107,0.0074051702,0.932405,2,127,0.0018808793,0.97946125,2,153,0.009726891,0.95825547,2,178,0.0278692,0.9484506,2,200
30,0.013951633,1.0086834,2,27,0.011447291,0.9457593,2,48,0.022952978,0.93532044,2,69,0.005293563,0.993333,2,89,0.015565306,0.95810926,2,110,0.023243643,0.8867691,2,130,0.0116519425,0.944543,2,155,0.013741786,0.97838163,2,175,0.014481772,0.7974385,2,200
31,0.013048739,1.0307713,2,35,0.016187072,0.99490035,2,55,0.027385658,0.9631716,2,75,0.031077418,0.882074,2,96,0.04217788,0.909423,2,116,0.003574314,0.816833,2,136,0.0,0.767784,2,156,0.0,0.68379647,2,176,0.024782807,0.7861336,2,200
32,0.016292261,0.80882317,2,22,0.0,0.69466734,2,44,0.0,0.5917421,1,65,0.0032003871,0.6636933,2,85,0.0,0.7339946,2,108,0.03757624,0.5870117,2,128,0.0,0.7366922,1,158
33,0.012078708,1.0095085,2,22,0.01788067,0.9118382,2,42,0.009597071,0.95985466,2,63,0.00546735,1.0331974,0,83,0.0025926249,0.936534,2,104,0.0,1.0051119,2,125,0.010593341,0.92903006,2,145,0.03288882,0.8892394,2,169,0.046584073,0.9816879,2,197
34,0.020672051,0.9403018,2,20,0.0,0.8468616,2,41,0.025560994,0.71462506,0,61,0.0,0.97234106,2,81,0.0017829596,0.97901994,2,101,0.0045657703,0.96765196,2,134
35,0.027180942,0.95576936,2,34
36,0.016596958,1.0495188,2,21,0.009767815,1.0810394,2,42,0.0041705975,1.0515436,0,63
37,0.007266498,0.9208579,2,21,0.012536526,0.57899845,2,41,0.082547426,0.7359557,2,61,0.0,0.6990931,0,81,0.0,0.8301241,2,104,0.036276396,0.6887335,2,126,0.012219582,0.81206095,2,146,0.010221255,0.71366,2,167,0.0040106326,0.81932116,2,200
38,0.020045362,1.0076636,2,23,0.032009967,0.92104757,0,43,0.011354907,0.9065194,2,86
39,0.0070570186,1.0528082,2,33
40,0.010210218,1.0217361,2,20,0.024105813,1.0320152,2,46
41,0.0074675996,1.0165719,2,29
42,0.024093421,0.94276196,2,22,0.023396038,0.9661252,2,48,0.0,1.0087262,2,69,0.014890267,1.0436366,2,90,0.010132469,1.0414617,2,133,0.0067346734,1.0120614,2,163,0.0111318035,0.99935436,2,200
