0,0.013479176,0.99125355,2,20,0.0045100595,0.9788803,2,42,0.009985836,0.9404069,2,63,0.019445948,1.0045943,2,90,0.0154731935,0.99903226,2,112,0.008256544,0.9304347,2,135,0.0126065435,0.9306248,3,155,0.020747503,0.8032737,2,175,0.005654906,0.4567353,2,200
1,0.013388973,0.9031772,2,31
2,0.012173281,0.99944836,2,26,0.005408321,0.9729802,2,50,0.00041766625,0.94975495,2,86
3,0.0077048945,0.97993326,2,34
4,0.00479974,1.0906963,2,23,0.016927337,1.0032998,2,47,0.011121076,0.9077235,2,68,0.013840636,1.0318215,2,88,0.023826838,0.99470377,2,115,0.0024718393,1.0633764,2,136,0.0030329423,1.05666,2,156,0.015429074,1.0086813,2,177,0.0,1.0643644,2,200
5,0.006711617,1.0011643,2,20,0.03400369,0.94350666,2,42,0.0034376972,0.94099015,2,62,0.006628192,0.98450434,2,82,0.00048713078,0.93095857,2,102,0.066332154,0.9165542,2,123,0.0063518393,0.9274395,2,145,0.0050920793,0.97524834,2,165,0.028413946,0.9353893,2,200
6,0.0141837625,0.89061666,2,22,0.040072702,0.81113005,2,42,0.0005589897,0.96350163,0,62,0.021919556,0.8254317,0,82,0.005174885,0.83241063,2,102,0.0146402875,0.67049485,2,123,0.03136206,0.5994353,2,144,0.0,0.61808884,1,164,0.025061438,0.7274549,2,200
7,0.014131056,1.0523063,2,20,0.0018166808,1.0559908,2,46
8,0.042814765,0.93679225,2,20,0.0,1.07486,2,43,0.014198119,1.0172201,2,63,0.0024526364,0.9812658,2,85,0.00095111004,1.0154401,2,105,0.008307624,0.9737152,2,125,0.0020619435,0.971444,2,145,0.010247251,0.98903334,2,165,0.0024749616,0.99573374,2,200
9,0.0011806799,1.0086986,2,20,0.0010582051,0.9471048,2,42,0.014433548,1.042277,2,62,0.012770061,1.056804,2,82,0.025704544,0.9315111,2,102,0.0060357414,0.8636182,2,122,0.014092308,0.8670548,2,143,0.013890358,0.8590665,2,163,0.01529007,0.80068827,2,200
10,0.00032039554,0.9097521,2,20,0.009252417,0.9438085,2,41,0.02192315,0.9824521,2,61,0.023789104,0.95107925,2,81,0.014541549,1.0144222,2,109,0.0,1.0024241,2,137,0.020310279,0.99260217,2,157,0.0,0.9663076,2,180,0.0,1.0859567,0,200
11,0.0029248302,0.99033713,2,31,0.0,1.0463241,2,51,0.015912984,0.94835246,2,71,0.00025192986,0.97567993,2,98,0.036803566,0.903031,2,118,0.01701871,0.87337506,2,138,0.00837556,1.0015142,2,159,0.009307747,1.005599,2,200
12,0.0010891476,0.997874,2,21
13,0.0,1.0309803,2,25
14,0.0,1.0174712,2,28
15,0.0028580516,0.99066126,2,20,0.009821982,0.9102576,2,42,0.010278467,0.74720734,2,62,0.0014058138,0.5606317,2,82,0.0,0.7327065,2,102,0.0,0.92459166,2,122,0.008573341,0.91541225,2,142,0.005237498,0.79993314,2,163,0.024397748,0.90334374,2,200
16,0.022118086,0.99356925,2,25,0.014891735,1.0642511,2,47,0.0052389535,0.9940639,0,69,0.0,0.99784696,2,90,0.008507557,1.0040334,2,110,0.017257256,1.0072482,2,130,0.0132876495,0.9888327,2,169
17,0.016472997,1.0194163,2,26,0.010517713,0.953033,2,46,0.003957105,0.95648175,2,66,0.0034578417,1.0385915,2,89,0.0064911824,1.0242622,2,114,0.017853195,0.988997,2,135,0.0,1.005979,2,157,0.007465855,0.93019265,2,177,0.011698912,0.85560304,2,200
18,0.0015103809,1.0127404,2,20
19,0.0032226213,0.9090581,3,20,0.0064017745,0.9427594,3,41,0.037751384,0.9640564,2,61,0.0317653,0.898627,2,82,0.0,0.9938431,2,102,0.0428544,0.9154456,2,126
20,0.0093445415,0.98242444,2,24,0.042119913,0.86555177,2,44,0.004037355,0.91363585,2,64,0.00096608157,0.84035635,2,85,0.0,0.8309349,2,108,0.0,0.8968071,1,128,0.0,0.56441844,2,148,0.0,0.57217336,2,170,0.00055052066,0.66050154,2,200
21,0.007177673,0.9450051,2,30,0.016204163,0.9294284,2,55,0.0,0.9206282,2,75,0.03069075,0.8959597,2,95,0.00091045705,0.8036315,2,124,0.013855742,0.5912053,0,147,0.017015787,0.7585822,2,168,0.10935116,0.64919174,2,189
22,0.012570849,0.98381865,2,20,0.03306546,0.8725136,2,40,0.040383577,0.8720122,2,65,0.046579026,0.92646676,2,85,0.0,0.9625433,2,105,0.054873347,0.9055056,2,126,0.063291,0.81808585,2,149,0.048963916,0.7075458,2,169,0.053595215,0.7951919,2,200
23,0.0042476184,1.0155644,2,20
24,0.010685086,0.97251856,2,20,0.01063661,1.0020846,2,50
25,0.0029243752,0.9434712,2,22,0.0,0.93076533,2,42,0.041283745,0.8938397,2,63,0.0,0.9773901,2,83,0.013418401,0.8745748,2,109,0.03632749,0.8304169,2,130,0.0,0.99937886,2,151,0.0,1.0064975,2,173,0.00215156,0.86329687,2,200
26,0.013812413,0.9951026,2,20,0.0029224586,0.97026086,2,43,0.019395556,0.98067987,2,63,0.015133597,0.9360696,2,84,0.07198285,0.73375195,2,104,0.048256353,0.7798515,2,126,0.00505883,0.6351461,2,146,0.0,0.5294789,1,166,0.040976238,0.5523194,0,200
27,0.011344869,0.9989505,2,24,0.0,0.9438475,2,53
28,0.0,1.0416468,2,20,0.016675258,0.9458816,2,41,0.02433063,0.98561114,2,61,0.0035200776,0.9800192,2,100
29,0.0,0.9229017,2,22,0.0010763677,0.9603153,2,44,0.0021546457,0.9357226,2,67,0.005302271,0.8720445,2,89,0.0,0.8128662,2,109,0.0,0.84256107,2,129,0.0021813442,0.7974125,1,157
30,0.03969912,0.8805299,2,21,0.00076892355,0.90735644,2,41,0.07173852,0.9388647,2,61,0.01769663,0.88993025,2,81,0.03704159,0.9125965,2,101,0.029938007,0.8604091,2,121,0.022315988,0.92217934,2,142,0.04575044,0.88432807,2,170,0.018319521,0.964981,2,200
31,0.019502334,0.9651688,2,23,0.0,0.91323024,2,43,0.01207863,0.824223,2,66,0.00891715,0.8368986,2,86,0.046459097,0.6850609,2,106,0.031795736,0.49794817,0,126,0.0,0.43030667,2,146,0.0,0.5349831,0,166,0.0,0.45729348,2,200
32,0.001993758,1.0043011,2,39
33,0.007086081,0.9832199,2,20,0.026703995,0.8928748,2,48
34,0.009588843,0.9428026,2,25,0.007624466,0.9511715,2,50,0.0,0.8973999,2,73,0.0,0.9568675,2,93,0.0,0.8567864,2,113,0.066375494,0.7167096,2,133,0.0,0.61609685,2,153,0.06958064,0.46406588,2,174,0.044814724,0.58941394,2,200
35,0.00026825492,0.97278064,2,22,0.0033832334,0.8469715,2,42,0.0,0.8857501,2,63,0.015361533,0.92123854,2,83,0.028257947,0.87612283,2,103,0.0077970945,0.7435826,2,123,0.0,0.48682857,1,143,0.022831995,0.6384938,2,163,0.04318323,0.75382894,2,200
36,0.0028222068,1.0278056,2,40,0.0,1.013979,2,60,0.004713355,1.0182886,2,80,0.041669805,0.9087221,2,103,0.039915033,0.9699686,3,123,0.01474864,0.97923726,2,146,0.0084184995,1.0225204,2,166,0.017814104,1.0075016,2,200
37,0.030501194,0.95401025,2,22,0.020343732,0.9444804,2,42,0.00031000705,1.0335095,2,63,0.0,1.0396401,2,83,0.0027916,1.0058352,2,105,0.00042156884,0.9689139,2,126,0.0011836188,1.0400648,0,146,0.015275371,0.9570759,2,166,0.012175506,1.0022357,2,200
38,0.0,0.93226767,2,20,0.022286424,0.95179385,2,40,0.018250626,0.90689087,2,60,0.01886739,0.8714322,2,80,0.014863999,0.93667555,2,103,0.018435894,0.8735076,2,124,0.019367067,0.92812425,2,144,0.014287484,0.90614545,2,167,0.0031328534,0.8921378,2,200
39,0.014614857,0.97448045,2,23,0.02406927,0.91302145,2,43,0.019233357,0.9087302,2,63,0.005509378,0.98656696,2,85
40,0.0071874917,1.0434747,2,20,0.02708498,0.9409613,2,41,0.00059184444,0.94943464,2,61,0.016504506,0.9853251,2,83,0.011890998,0.901,2,113
