0,0.011839853,0.98340464,2,20,0.005534774,0.9640152,2,42,0.011934865,0.8942154,2,64,0.020602869,0.98338926,2,84,0.0,1.0442318,2,104,0.005180463,1.0375496,2,126,0.0017523939,1.0079427,2,146,0.0295801,0.94066864,3,168,0.032894783,0.9312862,0,200
1,0.0053674835,0.9633456,2,22,0.009351032,0.9809516,2,42,0.0014618088,0.93634874,2,62,0.012629509,0.9327759,2,84,0.00792592,0.9056737,2,104,0.015056548,1.0233786,2,124,0.009905049,1.0042561,2,146
2,0.001803655,1.0460664,2,21,0.0019694038,1.0826937,2,43,0.015395664,1.0258424,2,63,0.014756024,1.0573183,2,83,0.013028294,0.9805433,2,106,0.0051427637,1.0407417,2,132,0.00047834677,1.0431038,2,166,0.0032024041,1.0533504,2,200
3,0.0037256451,0.9797393,2,21,0.00645253,1.0000485,2,47,0.008568215,0.8831126,2,77,0.0,0.84666747,2,97,0.0,0.9547807,2,117,0.009311633,0.8739656,2,137,0.008003016,0.8514794,2,157,0.0,0.89678067,2,178,0.018925278,0.85671717,2,200
4,0.015542953,1.0602719,2,28,0.0037206304,0.98321104,2,51,0.0053562066,1.0160067,2,71,0.01981212,1.0055676,2,95,0.012627396,0.93589747,2,115,0.0027885258,0.98681766,2,139,0.012705937,1.020479,2,159,0.0043868497,0.7059055,2,195
5,0.0066996245,1.0307381,2,20,0.007018982,0.9961723,2,40,0.004693571,1.009955,2,64,0.017941458,1.0076406,2,84,0.010261389,1.0242915,2,113,0.0048463265,1.0497204,2,159,0.0,0.9538084,2,179,0.0052222707,0.79624504,0,200
6,0.008865354,1.0082235,2,20,0.0051621906,1.010848,2,41,0.00657562,1.0203869,2,63,0.00305752,1.0406358,2,92
7,0.0,0.9571658,2,23,0.017957801,0.8889945,2,44,0.01668915,0.9842977,2,65,0.019702122,0.80838275,2,87,0.021742085,0.7583644,2,107,0.0065877223,0.7955674,2,130,0.0058415,0.6246579,0,151,0.067954786,0.5895253,2,171,0.06851117,0.5842096,2,200
8,0.0,1.023492,2,38
9,0.0,1.0742091,2,29
10,0.024099229,0.9302218,2,23,0.00018448402,1.0245974,2,53
11,0.0038578701,0.98964614,2,40
12,0.028834607,0.87310636,2,28
13,0.0022629835,0.9826387,2,22,0.0032731574,0.85155696,2,42,0.0,0.8469167,2,62,0.0,0.76737124,2,84,0.0,0.7423054,2,105,0.0048834067,0.74883515,2,129,0.0,0.6404315,1,149,0.0,0.7657422,2,169,0.019113537,0.85483193,2,200
14,0.059652943,0.9143597,2,33
15,0.008597844,0.98358285,2,22,0.04490773,0.9239656,0,42,0.062835865,0.8851592,2,62,0.070834555,0.9626473,3,82,0.015793476,0.93129873,3,102,0.0,0.92531693,2,122,0.0,1.0156782,2,142,0.0,0.7452919,2,162,0.006536532,0.83967507,2,200
16,0.038552232,0.9182294,2,20,0.00021765921,0.93968356,2,40,0.0,1.029296,2,81
17,0.010415804,0.89449,2,21,0.22067226,0.65386736,0,42,0.04287718,0.540071,2,62,0.0049683116,0.543554,1,82,0.1151248,0.54218626,2,102,0.0,0.3234224,2,129,0.0,0.2944663,2,151,0.036965452,0.30895096,1,171,0.04014315,0.41071704,2,195
18,0.02025792,0.9791042,2,20,0.0,0.961933,2,40,0.0,0.73879504,2,62,0.008794142,0.84607315,2,84,0.014082772,0.89071393,2,108,0.009103766,0.924336,2,132,0.01283319,0.8688741,2,152,0.02096434,0.8598244,2,176,0.0042483355,0.9850853,2,200
19,0.0069676754,0.98280036,2,36
20,0.02894019,0.9225582,2,20,0.0,0.9939002,2,40,0.015642574,0.8658751,2,61,0.045235258,0.96797913,2,81,0.018818682,0.937097,2,117
21,0.028351352,0.9735818,2,24,0.0,1.024567,2,44,0.0,0.9402461,0,64,0.0,0.98694134,2,88,0.014573367,0.9625459,0,108,0.0,1.0655347,2,128,0.0,1.0865821,2,148,0.0,1.0179362,2,169,0.0068598622,0.96433073,3,200
22,0.0,1.0048044,2,20,0.0038128712,0.9972919,2,40,0.0030846628,1.0071735,2,60,0.0,1.006732,2,80,0.0014139017,1.0170316,2,100
23,0.002351617,1.0212526,2,29
24,0.010284271,1.0055232,2,20,0.0028582383,1.002567,2,59
25,0.019995267,0.9155405,2,20,0.0031815954,0.8756176,2,40,0.027512226,0.95089275,3,61,0.0,0.93575,1,81,0.0,0.7873984,1,103,0.017625466,0.5908318,1,123
26,0.025944937,0.9441034,2,20,0.016091581,0.9711714,2,40,0.025834177,0.9531418,0,61,0.0023672623,0.97350365,2,82,0.0,1.0138032,2,102,0.0,0.9339377,2,122,0.0,1.0414011,2,142,0.0048859864,0.7702946,2,164
27,0.014413649,1.0465648,2,21,0.027827507,1.0265446,2,43,0.0,1.0279506,2,63,0.018769292,1.0556605,3,83,0.00054954644,1.0444741,0,105,0.0014312089,0.99441904,0,127,0.0154564455,0.97722054,2,147,0.0,1.0820658,3,167,0.0128218,0.77171427,0,200
28,0.0068217088,1.0807835,2,22,0.012134339,1.0257539,2,43,0.008477772,0.96644324,2,77
29,0.0147153335,0.99417067,2,23,0.042909976,0.9473777,2,44,0.036246326,0.89980733,2,72,0.018869443,0.9868542,2,98,0.0678565,0.93809557,2,118,0.014096374,0.90136665,2,139,0.0,0.88417023,0,159,0.01811273,0.95627177,0,179,0.075396985,0.89207333,3,200
30,0.016183402,0.95314246,2,21,0.005274559,0.9901026,2,42,0.011744905,0.76251704,2,63,0.021956652,0.98744047,2,83,0.020095859,0.80153936,2,104,0.0,0.95646846,0,125,0.0051582567,0.75089175,2,145,0.028135482,0.5952213,2,165,0.102451526,0.5954806,2,200
31,0.024036342,1.0461972,2,20,0.0059828,1.0040791,2,43,0.009793034,1.0639052,2,86,0.0,1.0535685,2,125,0.0051439293,1.009711,2,145,0.0060603605,1.0049236,2,168,0.0032719546,1.0452807,2,200
32,0.0030460553,1.0080202,2,38,0.030803418,0.9795165,2,58,0.0063154045,1.032622,2,88,0.003970729,1.0486182,2,109,0.0,1.0156949,2,132,0.014048412,0.89460164,2,152,0.009600194,0.9184022,2,172,0.026877314,0.9856771,2,200
33,0.009658145,0.93611157,2,20,0.007211093,1.0261185,2,40,0.0013507537,1.0040116,2,60,0.018363105,0.9752019,2,80,0.025499187,0.9192238,2,102,0.0,0.9964919,2,123,0.014463469,0.94594896,2,143,0.0,0.972713,2,163,0.0028260136,0.9226969,2,200
34,0.017236583,0.9116344,2,41
35,0.0006655516,1.0528758,2,20,0.0027919963,0.9529587,2,51
36,0.0,1.0416776,2,29
37,0.0,0.977927,3,20,0.0142737115,0.8863713,2,41,0.013801694,1.0252692,2,62,0.01405068,0.9919189,2,85
38,0.01676077,0.99612945,2,28,0.006541591,1.07024,2,57,0.018164344,0.95783496,2,79,0.009391313,0.99701357,2,104,0.0028531614,1.064289,2,130,0.0,0.88713264,2,150,0.017188173,0.9866611,0,171,0.0044823447,1.013614,2,200
39,0.009459672,0.9671938,2,21,0.00959087,1.0287584,2,41,0.022372713,1.0421066,2,65,0.025607396,0.9802493,2,85,0.014776436,0.92350876,2,105,0.027562913,1.004872,0,126,0.02612058,0.8794328,2,147,0.023722352,0.84105074,2,167,0.013861844,0.89662457,2,200
40,0.0036365504,0.94660044,2,21,0.044124655,0.9478766,2,41,0.040750187,0.9451542,2,62,0.04262511,0.9039782,2,82,0.009247007,0.91437894,2,103,0.001210346,0.8820948,2,130,0.0,0.95365864,2,153,0.0,0.9562248,2,174,0.02239639,0.9575791,2,200
41,0.017195098,0.9788516,2,20,0.01200466,0.843571,3,41,0.0,1.0902969,2,63,0.0,0.901518,2,84,0.0,0.9039118,2,106,0.0,0.8714937,2,129,0.0,0.9888757,2,150,0.039268147,0.8897223,2,172,0.0,0.7899685,2,200
42,0.009984753,1.0373359,2,22,0.0023922084,0.96800333,2,56,0.0048779403,0.9625832,2,78,0.0,0.9827689,2,98,0.034590326,0.85221833,2,118,0.00636365,0.9392456,2,138,0.005179711,0.8991957,2,164,0.0036941937,0.81944203,2,200
43,0.003911843,1.0177369,2,25,0.02118951,0.78871423,2,45,0.014652371,0.9506884,2,67,0.0075101806,0.9839347,3,87,0.0,1.0682052,2,107,0.002503707,1.0631012,2,136,4.4952103e-05,1.1009532,2,157,0.005416914,1.0524571,2,178,0.0062717344,0.9853323,2,200
