0,0.0007742628,0.94371504,2,26,0.00016797958,1.0118202,0,46,0.020846175,0.9558875,2,67,0.0104955,0.96728116,2,97,0.03992694,0.9334428,2,117,0.035554193,0.98128164,2,139,0.010517088,0.9497075,2,168,0.008391087,0.94503194,2,200
1,0.01914503,1.0218947,2,21,0.0,0.98463124,2,41,0.017088983,0.9993957,2,62,0.0022982103,1.0918595,2,82,0.00076389837,0.98762023,2,102,0.02984778,0.8575032,2,123,0.0044390364,0.8944274,2,143,0.0,0.98685515,0,163,0.031800166,0.9907666,2,200
2,0.0,1.080733,2,22
3,0.00781823,0.95979893,3,20,0.036313087,0.8994822,2,44
4,0.006754434,0.99238884,2,25,0.019867722,1.016835,2,46,0.00046332917,1.0620314,2,66,0.0,1.0493599,2,86,0.050422635,0.9637426,2,114
5,0.010310878,0.9861687,2,24,0.009398327,0.98188525,2,44,0.0,0.91106385,2,71,0.0,0.8795067,2,91,0.0015359438,0.707211,2,111,0.010771491,0.70352405,2,131,0.0,0.6646199,2,152,0.0039932663,0.80163395,2,172,0.006591354,0.7013615,2,200
6,0.01622352,1.0371227,2,20,0.0,1.0551258,2,43,0.016121048,1.0131999,2,64,0.007187272,1.0474453,2,84,0.0028083406,1.0010529,2,105,0.024665786,0.8908342,2,125,0.0,0.87134236,2,145,0.0,0.9187916,2,165,0.00205218,0.9016083,2,200
7,0.01114583,0.9663981,2,21,0.0016930772,0.9355644,2,42,0.009263368,0.8441842,2,62,0.0,0.9909887,2,83,0.0072715348,1.0851228,2,103,0.009124786,0.9582652,2,124,0.0019849096,1.0518777,2,144,0.059364695,0.9932231,3,164,0.00407627,0.9590325,2,200
8,0.0,1.0459112,2,21,0.010578548,0.97308165,2,46,0.013638069,1.0688982,2,66,0.016375897,1.0353229,2,86,0.013719127,0.9895385,2,106,0.0028315808,1.105678,2,126,0.00025739294,0.9435293,2,168
9,0.0061920322,1.0422302,2,23
10,0.017394112,1.0301791,2,22,0.019817524,1.029651,2,49,0.03661781,1.0251288,2,71,0.015819743,1.0173517,2,91,0.010506239,0.918382,2,112,0.02232725,0.8842846,2,133,0.0,0.96567863,2,162,0.012696008,0.7973151,2,200
11,0.003099093,1.0276372,2,23,0.003710135,1.0581955,2,53,0.0096547045,0.98083043,3,78,0.011164777,0.9363809,2,99,0.0064215125,0.98325104,2,129,0.0030520195,0.9612278,2,152,0.0052850544,1.1012101,2,173,0.017425293,0.9917028,2,200
12,0.012577059,0.967662,2,21,0.034929525,0.93926495,2,44
13,0.022604695,0.89342064,2,21,0.010068243,0.9309001,2,41,0.006911274,0.96497566,2,61,0.0030278168,0.77417487,2,84,0.0,0.54224855,2,104,0.0037946003,0.7946037,2,126
14,0.0,0.9765297,2,23,0.017982487,0.9371559,2,43,0.01966789,0.88955337,2,63,0.013335103,0.85335267,2,83,0.025799565,0.9163098,2,105,0.020747382,0.9531682,2,125,0.04334381,0.9172177,2,147,0.009116697,0.88397986,2,171,0.050531372,0.986176,2,200
15,0.017518366,1.0048501,2,20,0.0,1.0591618,3,40,0.008119074,0.95557594,2,60,0.0,1.0241661,2,80,0.019471752,0.9532819,2,101,0.028582867,0.9686858,2,122,0.013179149,0.9512463,2,146,0.018302415,0.9632295,2,166,0.031142088,0.96455,2,200
16,0.005607735,0.9875989,2,20,0.056159563,0.90063256,2,40,0.036862813,0.89221066,2,60,0.004534815,0.82150894,2,81,0.02019354,0.9666834,2,101,0.07730754,0.8563916,2,121,0.0,0.8677909,2,141,0.0010607331,0.756675,0,161,0.014609539,0.7063853,0,200
17,0.01268184,0.9585573,2,20,0.025889939,0.891391,2,40,0.010654746,0.9681717,0,60,0.0,0.95642483,2,80,0.0048176073,0.72767544,2,100,0.0,0.3783443,0,120,0.015903464,0.65041715,1,141,0.023409043,0.5271377,0,162,0.049967904,0.5458748,2,200
18,0.01133099,1.0092503,2,20,0.0,1.0273559,2,41,0.0041046953,0.996677,2,64,0.009999418,1.0222403,2,85,0.016719079,0.97756565,2,105,0.0054042125,0.8944291,2,125,0.0,0.89519703,2,145,0.012277848,0.98236805,2,167,0.0017119807,1.0559512,2,200
19,0.031273644,0.91604626,2,20,0.0025948742,0.947279,2,40,0.012345307,1.0681165,2,63,0.0140654575,1.0065669,2,84,0.019557094,0.9737476,2,109
20,0.0094748875,1.0146406,2,24,0.007186916,1.0204287,2,46
21,0.016216936,0.9845052,2,23,0.029237285,0.9724744,2,51,0.0048700385,0.9969132,2,72,0.03737136,0.9615628,2,92,0.005973582,0.89878213,2,112,0.030900925,0.9572586,2,132,0.06424306,0.9431761,2,152,0.023342978,0.81749505,2,173,0.01684944,0.79881626,2,200
22,0.0042513567,0.85431015,2,20,0.007493208,0.8429968,2,40,0.003197816,0.93781835,2,64,0.00062343257,0.7485087,2,86,0.01310006,0.5070518,1,106,0.0058631105,0.29613596,2,126,0.0,0.39665717,1,146,0.0,0.4652677,1,169
23,0.0008995429,1.0179999,2,20,0.032660823,0.8797814,2,40,0.018727368,0.91495115,2,62,0.036896404,0.9179991,2,82,0.022034746,0.9007286,2,102,0.00246643,0.9050074,2,124,0.015022027,0.7919768,0,144,0.029461015,0.77204096,2,165,0.077027164,0.7678617,2,200
24,0.011413487,1.0278504,2,21,0.009598742,0.9917736,2,41,0.004770913,1.0580734,2,62,0.007246557,0.9784432,2,85,0.033648945,1.0487133,2,106,0.012596304,1.0741881,2,131,0.015502001,1.0019933,2,151,0.024420928,0.9037016,2,172,0.06284647,0.77751356,2,200
25,0.022212077,1.0225184,2,20,0.0050818264,0.966539,2,40,0.004547628,0.956818,2,60,0.050869413,0.8678317,2,81,0.027738621,0.85340834,2,102,0.005539554,0.8707558,2,122,0.012011557,0.81061816,2,144,0.009243863,0.67282915,0,165,0.015244889,0.622605,2,200
26,0.009775516,0.9435451,2,21,0.048127707,0.92743886,2,41,0.010277019,0.76160944,2,62,0.00013609162,0.92136055,2,84,0.016559036,0.9227555,2,105,0.014869723,0.9526137,2,125,0.0069454173,1.0829283,0,146,0.0,1.130349,0,166,0.0067522624,1.1050972,3,200
27,0.014562242,0.98648196,2,20,0.017752323,0.9133116,2,40,0.0031314879,0.9300928,2,60,0.010696856,0.9605684,2,80,0.021679316,0.9327887,2,100,0.03256369,0.9712831,3,120,0.0040569,1.0368452,2,140,0.031994943,0.8478597,2,160,0.015924133,0.89160186,2,180,0.053163074,0.9150443,2,200
28,0.022197777,0.96135986,2,28,0.00627636,0.7729851,2,57
29,0.008786372,1.0316285,2,22,0.009453936,0.98851466,2,43,0.0,0.995636,2,64,0.0,0.9915051,2,87,0.016216692,0.8948206,2,107,0.00070865365,0.87498987,2,129,0.0068625296,0.9832452,2,150,0.007738933,0.91335696,2,170,0.015893547,0.95056325,2,200
30,0.0068034707,1.0259045,2,20,0.0,1.0753832,2,41,0.028134549,1.0124199,2,61,0.0,0.9138753,2,81,0.015263342,1.0400925,2,107,0.0051425328,1.0109013,2,128,0.0028974896,0.9733939,2,148,0.0,0.96395236,0,168,0.010542506,1.0377327,0,200
31,0.0051217866,1.0764678,2,22
32,0.018924473,0.9286719,2,23,0.012325558,0.9505262,2,46,0.0,0.94775736,2,67,0.050535023,0.95043254,2,91,0.0,0.92320746,2,111,0.0011882514,1.0692232,2,156
33,0.016267005,1.0525391,2,25
34,0.0032427572,0.9234937,2,20,0.0026236626,0.8917394,2,42,0.03919028,0.9432689,2,62,0.018909654,0.89924955,3,82,0.0362454,0.93571997,2,102,0.0,1.0003647,2,122,0.0008467113,0.899312,2,142,0.0142399045,0.77847314,0,162,0.0049769552,0.5577073,0,200
35,0.007981319,0.9928381,2,32
36,0.0008403117,1.0964295,2,23,0.0008632139,1.0748423,2,48,0.0,1.096318,2,68,0.0,1.0559018,3,88,0.0,1.0263764,2,108,0.0,1.0526147,2,133,0.0063056005,1.0076654,2,156,0.0,1.0341153,2,176,0.0,0.89382523,2,200
37,0.010491611,1.000553,2,29,0.009625178,0.9872284,2,56,0.0048115295,0.9537627,2,76,0.0025387828,0.992062,2,97,0.0,1.0386177,2,119,0.032987274,0.8803765,2,139,0.02921835,0.9468129,2,159,0.013710542,0.934288,2,179,0.039420355,0.8971665,2,200
38,0.0057301074,0.89963514,3,21,0.026107585,0.9829157,2,41,0.013408244,0.9413837,2,61,0.010984141,0.80103445,0,81,0.032802433,0.8483906,2,105
39,0.01675168,0.9910569,2,21,0.010634059,0.9437429,2,42,0.0009702822,0.98223215,2,63
