0,0.015542637,0.9480693,2,20,0.045148686,0.9418518,2,42,0.0,0.8558464,2,62,0.012744755,0.76092786,2,82,0.0,0.95339525,2,102,0.00050489494,0.62245023,2,122,0.0011955276,0.68977016,1,142,0.0065575554,0.6464232,2,163,0.00916628,0.55636847,2,200
1,0.0,1.0084797,2,20,0.010738148,0.9446626,3,41,0.01730438,0.89553165,2,76
2,0.011936112,0.95437425,2,22,0.025600081,0.89283246,2,42,0.005872593,0.7584847,2,62,0.042430453,0.8114992,0,83,0.0,0.8412914,0,103,0.009312489,0.6417346,0,124,0.008545521,0.6338399,2,144,0.0,0.83610094,2,164,0.0015622001,0.98115855,2,200
3,0.0011392549,0.85308254,2,20,0.007921597,0.79833394,0,40,0.0,0.8661768,2,60,0.022294108,0.85143423,2,81,0.024219938,0.9497916,2,101,0.023833755,0.82379884,2,121,0.0006765295,0.8018688,2,158
4,0.012868959,1.0070624,2,33
5,0.008218238,0.9711731,2,20,0.002580065,0.98289007,2,44,0.014789619,0.9023585,2,65,0.0031247495,1.0185562,2,85,0.08232455,0.9711853,2,105,0.031205961,0.94483167,2,125,0.019576972,0.9335144,2,145,0.0590687,0.90924203,2,165,0.024242943,0.9657207,2,200
6,0.0,0.8358387,2,20,0.012745042,0.94078815,3,40,0.0,0.81106055,2,60,0.030274367,0.5338265,1,80,0.0,0.55277854,2,101,0.0,0.5307347,1,121,0.045192175,0.6779515,2,141
7,0.0059092627,0.9997781,2,21,0.016360799,0.9926373,2,42,0.010356244,0.992757,2,66,0.032906204,0.8930152,2,86,0.022465313,0.99656314,2,109,0.0032814331,0.9281455,2,129,0.0051211766,0.9250029,0,149,0.0,0.8293764,2,169,0.014714168,0.8287883,2,200
8,0.0038191695,1.0019457,2,25,0.024477992,1.0377756,2,48,0.020376164,1.011027,2,68,0.019689338,0.8929294,2,89,0.0068661817,0.90645206,2,109,0.005172447,0.91978985,2,132
9,0.0007623492,0.95536715,2,25,0.00037270467,0.9387139,2,45,0.009185742,0.9741276,2,65,0.0107124215,0.96124184,2,85,0.007968262,0.93158865,2,105,0.0060126567,0.9775649,2,128,0.0040862737,0.8975614,2,148,0.012237276,0.9118299,0,169,0.0041573746,0.84440255,3,200
10,0.019613106,0.98823214,2,20,0.01422179,0.94989985,0,40,0.0075027705,1.0562146,2,65,0.051036395,0.9711854,2,85,0.01561174,1.0515988,2,105,0.014497735,0.98312724,2,126,0.012681603,0.97344726,2,148,0.008265697,0.9962627,2,168,0.015003312,0.9735788,2,200
11,0.0068700938,0.98279285,2,20,0.059575778,0.9252842,2,40,0.03733534,0.98511976,2,61,0.0,0.83813304,0,81,0.0,0.77173746,2,103,0.001205014,0.65349436,2,123,0.008180375,0.6722678,1,144,0.03312604,0.51962054,0,164,0.025898037,0.6657835,2,200
12,0.00913574,1.0200828,2,20,0.011509858,1.0160873,2,40,0.0075644017,0.96988,2,60,0.009810845,0.952246,2,80,0.003861242,0.9447927,2,104,0.023482956,0.9525295,2,126,0.0075465194,0.9202293,2,147,0.0,0.7507106,2,167,0.039731734,0.7876472,2,200
13,0.013146108,0.9727788,2,20,0.011437817,0.99051905,2,45,0.014962217,0.9197216,2,65,0.06466042,0.8092182,2,85,0.019595455,0.8422449,2,119
14,0.022547457,0.891292,2,20,0.007356712,0.9600009,2,54
15,0.036348965,0.975634,2,22,0.0058153323,1.0005357,2,42,0.00782429,1.0013506,2,62,0.00109317,0.94843125,2,87,0.016792309,0.99796724,0,107,0.007963892,0.9447408,2,132
16,0.009573154,1.018107,2,20,0.021517787,1.0016656,2,41,0.031690806,0.9052451,2,65,0.015840914,1.0456564,2,92,0.036443945,0.92775357,2,112,0.0062985495,0.97140133,2,132,0.039760996,0.74757475,2,155,0.017993843,0.7443975,2,178,0.031327065,0.62441593,0,200
17,0.0,1.0157069,2,20,0.0165029,0.9841487,3,41,0.02689347,0.9372088,2,61
18,0.00017496198,0.9418601,2,40,0.053266436,0.91082895,0,60,0.0069066286,0.9042142,2,81,0.0,0.9943584,0,103,0.019609952,0.8703635,2,126,0.0,0.7089962,2,151,0.025438512,0.76959455,2,171,0.037933234,0.7309053,3,200
19,0.015430398,0.8883683,2,20,0.012447341,0.8606086,2,40,0.031856067,0.8374564,2,61,0.013814239,0.9602494,2,82,0.0037428422,0.8265196,2,104,0.0,0.970741,2,124,0.03249793,0.9662074,2,144,0.012159593,0.81005514,0,165,0.00013880666,0.8546626,2,200
20,0.0,0.93007725,2,20,0.01475232,0.9810692,2,42,0.006627362,0.9195671,2,62,0.010895375,0.9428186,2,92
21,0.009796671,0.9970662,2,20,0.017940149,1.003352,2,41,0.013938995,0.9839434,2,62,0.02409544,0.9786743,2,82,0.008751666,1.0017221,2,102,0.016245365,1.0127783,2,122,0.0,0.97892404,2,144,0.0016437921,0.9995189,2,164,0.008268524,0.90470016,2,200
22,0.017493539,0.9249571,2,20,0.027394116,0.8692144,2,40,0.035628676,0.84201336,2,60,0.011648006,0.9291626,2,82,0.011421856,0.92058843,2,105,0.0,1.0967157,2,125,0.0,1.0818847,2,146,0.015313606,1.0320688,0,167,0.014513081,0.9149703,2,200
23,0.004961365,1.0190078,2,26,0.018850768,0.7789105,2,53,0.0,0.66703606,2,77,0.011288692,0.8704112,3,98,0.01008396,0.93471354,2,118,0.02557612,1.0000119,2,139,0.0068501644,1.0090073,2,171,0.0033143086,0.9153345,2,200
24,0.0038529946,0.9885188,2,21,0.009058915,0.9185369,2,43,0.0015387548,0.8835203,2,63,0.010800811,0.9024685,2,83,0.050591916,0.89759856,2,103,0.027699847,0.8147112,2,123,0.040534064,0.9328468,2,150
25,0.01223157,1.0080354,2,21,0.0014231039,1.0291806,2,46
26,0.0047115847,0.9464906,2,20,0.0130158365,0.8278049,2,40,0.052566685,0.9641901,2,60,0.0214,0.77764195,2,80,0.009888629,0.8980169,2,100,0.044707544,0.821463,2,120,0.004899473,0.85202193,2,149,0.008169962,0.9805436,2,169,1.3575018e-05,0.939052,2,200
27,0.001684903,1.01655,2,29,0.00012527304,1.0035219,2,49,0.0,0.9404734,2,69,0.0068189176,0.88742524,2,89,0.012319818,0.9941631,2,113,0.015449369,0.90720594,2,135,0.0,0.7546377,2,155,0.06625168,0.63736564,2,175,0.071752995,0.50105184,2,200
28,0.019300379,0.97896445,2,20,0.049370985,1.0559952,2,40,0.0,0.9900754,2,63
29,0.004035631,0.9945083,2,22,0.011973164,1.094105,2,42,0.0,0.992957,2,62,0.008983984,0.9356075,2,86,0.0,0.99056053,2,107,0.0051714233,1.0372988,2,129,0.0018438791,0.97174287,2,151,0.008339652,0.98544824,2,173,0.0,1.0313529,2,200
30,0.004451383,0.9677315,2,20,0.0048996317,0.9331731,2,42,0.016356798,0.9972855,2,63,0.010477213,1.0107278,2,83,0.0030486875,0.9857916,2,105,0.006634909,1.0063851,2,128,0.020913107,0.9847065,0,148,0.0,1.0763737,2,172,0.016263684,1.0656315,2,200
31,0.075264595,0.8991413,2,21,0.0,0.9556743,2,42,0.0,0.8728406,0,62,0.0,0.8260993,0,82,0.0,0.8921021,0,102,0.0,0.49447435,2,122,0.010745503,0.64154935,2,143,0.1845902,0.5279044,0,164,0.15051734,0.38551375,2,200
