0,0.0,0.93588203,2,21,0.0045913067,1.0555428,2,47,0.0,1.0025213,2,73,0.0070119975,0.9468807,2,93,0.0,1.0124127,2,116,0.0,0.9608652,0,136,0.014090846,1.015118,2,157,0.004391606,0.94069415,2,178,0.034310754,0.8927885,2,200
1,0.0030112185,1.014781,2,23,0.004795695,0.9812187,2,44,0.02073912,0.9636806,2,64,0.00043433736,1.0324893,2,84,0.0038477704,0.981774,2,104,0.005188182,0.9621847,2,124,0.0009031709,0.9976479,2,144,0.02041112,0.9666622,2,166,0.0006078226,1.0010892,0,200
2,0.0011648039,0.9887926,2,21,0.00494834,1.0222474,2,43,0.06703813,0.9040561,2,63,0.013531058,1.0059394,2,90,0.014474064,0.98626024,2,110,0.0,0.948719,2,130,0.016994162,0.9557147,2,151,0.017717918,0.8966004,2,175,0.0091026705,0.99102,2,200
3,0.0056640394,1.0074581,2,29,0.025354605,0.9295246,2,49,0.016278384,0.93046707,2,71,0.001087256,0.8958396,2,91,0.0040789,0.91730726,3,111,0.011914076,0.99817914,2,131,0.021227358,0.9466044,2,153,0.014757885,0.9854805,2,176,0.0,1.0675524,2,200
4,0.006242416,0.9851534,2,20,0.01343362,1.0046595,2,42,0.013632325,0.97947294,2,83,0.06143676,0.8701415,2,103,0.0,1.0439532,2,127,0.006779606,0.9585391,2,155,0.0020807672,1.0237786,2,175,0.0019588813,1.0836167,2,200
5,0.008241484,0.97624916,2,21,0.006652703,0.99681675,2,42,0.008445924,1.0072691,2,62,0.0067279562,1.0413013,2,84,0.018666135,1.0044316,2,110,0.0004845977,1.019712,2,130,0.03236442,0.84735143,2,153
6,0.0025448492,1.0188284,2,34
7,0.004644206,1.0143864,2,22
8,0.0055527794,1.0091435,2,24,0.020958614,0.9708646,2,44,0.0,0.9676612,2,64
9,0.0014652866,1.0385344,2,30
10,0.016030315,1.0137804,2,20,0.0,0.99494344,2,41,0.0,0.94709295,2,63,0.035885442,0.8243181,2,83,0.0050100284,0.8560812,2,103,0.012220448,0.8563108,2,125,0.0,1.0972924,2,146,0.024781335,0.96891946,2,166,0.04759887,1.0080777,2,200
11,0.009437107,0.9726726,2,21,0.015404652,0.9593177,2,42
12,0.004851839,1.0543349,2,30
13,0.015452693,0.9559789,2,20,0.02905964,1.0212069,3,40,0.038068138,0.8775247,3,60,0.027611554,0.7868747,2,80,0.0,0.721294,2,101,0.0,0.7562245,2,121,0.0,0.6926979,0,141,0.0,0.6514263,2,161,0.010039334,0.70205045,2,200
14,0.021741247,0.9297101,2,20,0.021291537,0.9669559,3,41,0.058063615,0.99637944,2,64,0.02044316,0.8930055,2,84,0.013354903,0.9506098,0,104,0.026058918,0.9774436,2,124,0.0007472667,0.97351396,2,147,0.031255208,1.0041794,2,167,0.030148106,0.9424332,2,200
15,0.009191154,0.97038776,2,20,0.0061056972,0.96562827,2,40,0.009127617,1.0329434,2,62,0.01162854,0.9357832,2,82,0.0043493295,0.96005917,2,102,0.0033338787,1.0562707,2,127,0.0025290127,0.9342524,2,147,0.0,0.95294607,0,167,0.0013145992,0.9668076,2,200
16,0.0049451934,1.0324731,2,37
17,0.009911745,0.98509526,2,22,0.0044927937,1.0487696,2,44,0.0071083447,0.99635047,2,82
18,0.0032003918,0.95774794,2,23,0.0013847945,0.96067345,2,49,0.011229465,0.96866995,2,71,0.0,0.9848114,2,91,0.00012998004,0.8538874,2,111,0.0004292437,0.88502437,2,135,0.04343915,0.9842265,2,159,0.018059634,1.0154141,2,179,0.026740588,1.0014087,2,200
19,0.023033742,1.0187069,2,20,0.00212789,1.0239744,2,43
20,0.0011186783,1.0535649,2,24,0.0027823579,1.0020554,2,44,0.010648628,1.0488493,2,65,0.0035171052,1.030554,2,97
21,0.003861792,0.99922174,2,26,0.04662639,0.9138929,2,48,0.008761726,0.94609815,2,69,0.010917602,0.8952879,2,89,0.014497859,0.9276946,2,109,0.022552487,0.91332483,2,129,0.014574195,0.90845597,2,150,0.03400194,0.87191755,2,171,0.010092192,0.93051404,2,200
22,0.00342334,0.8335077,2,20,0.0,0.8537423,2,40,0.035281718,0.6805335,2,60,0.0,0.82014245,2,81,0.037767418,0.5893308,2,101,0.0029651492,0.7632369,0,121,0.04973705,0.8396395,3,142,0.024135556,0.78728235,0,162,0.036042403,0.8527514,0,200
23,0.0,0.9620795,2,23
24,0.0039571496,1.0267798,2,26,0.009823275,1.0577061,2,48
25,0.023168022,0.9805656,2,22,0.0,0.9811382,2,44,0.018297458,0.92579806,2,64,0.018420435,0.83790934,2,86,0.004386061,0.9180897,2,106,0.062492795,0.98956287,2,126,0.0003063309,0.9356202,2,146,0.0,0.8675509,2,167,0.02035549,0.79438585,2,200
26,0.017176334,1.0349863,2,21,0.005882808,0.9603816,2,42,0.036803097,0.93310034,2,62,0.007634251,1.0190865,2,82,0.02460836,1.0572506,2,112,0.006555732,1.0552281,2,134,0.020718226,1.0365453,2,154,0.014372849,0.98380214,2,200
27,0.007476296,1.0310248,2,21,0.030921752,0.96321917,2,41,0.03543974,0.9461751,2,62,0.0048792586,0.97632056,2,86,0.010704274,0.9101917,2,109,0.002459806,0.8613901,3,129,0.011914564,0.94657785,2,149,0.003547424,1.0346304,2,169,0.0044024587,0.9558059,2,200
28,0.0,1.0122137,2,21,0.018277291,1.0283126,2,41,0.0073614656,0.99972266,2,66,0.0033912174,0.9482972,2,86,0.02058371,1.000858,2,120,0.011718297,0.995756,2,141,0.008968688,0.9730963,2,168,0.002392487,0.8576431,2,200
29,0.002910296,0.985635,2,22,0.028723594,0.9854991,3,43,0.0062425,0.8911454,0,63,0.067459896,0.99264765,0,83,0.021748247,0.89064467,2,103,0.022205837,0.8815681,2,124,0.041553654,0.9703958,2,146,0.037172936,0.82667917,2,168,0.0048906766,0.6807119,2,200
30,0.02086508,1.0134745,2,24,0.0018019628,0.9438383,2,45,0.069409505,0.8997852,0,65,0.0037092739,0.99463826,2,85,0.06767009,0.8626331,2,106,0.021481548,0.947194,3,127,0.019944102,0.9276022,2,147,0.036301162,0.9534751,2,167,0.047449667,0.94308305,2,200
31,0.009910126,0.9606508,2,40
32,0.0,1.0549048,2,20
33,0.019137666,0.99181277,2,21,0.0,1.0734731,2,41,0.009069748,1.0199316,0,61,0.0,0.97786963,0,86
34,0.008809333,0.94303477,2,21,0.0038167466,0.9924745,2,42,0.004511886,0.8883459,2,66,0.015997645,0.9235424,2,86,0.017755965,0.95850736,2,106,0.0,1.0007739,2,126,0.0148510225,0.9236062,2,147,0.0,0.94432837,2,172,0.00065855164,1.0536687,2,200
35,0.0076334067,1.0624204,2,21,0.011557566,0.97352856,2,50,0.02163651,1.010412,2,70,0.020195754,0.9853735,2,92,0.019674128,0.9861449,2,112,0.023213431,0.989199,2,133,0.014922085,0.97180086,2,154,0.019929612,0.9066261,2,174,0.0028980114,0.946997,2,200
36,0.0026553234,0.95091337,2,30
37,0.0043223994,1.0278169,2,34
38,0.0,0.9945187,2,23,0.03718203,0.9560406,2,45,0.0038588508,0.9720847,2,66,0.018022487,0.95444524,2,86,0.011703082,0.9358883,0,106,0.0037571965,1.0291711,2,131,0.006052728,0.9667357,2,151,0.03899156,0.96542215,3,171,0.0072891065,0.9850119,2,200
39,0.0070582535,0.97207713,2,25,0.0,1.0349714,2,46,0.0,1.1136825,0,67,0.0,1.1455374,2,87,0.0,1.0775564,2,107,0.025817495,1.0879366,2,127,0.005717596,1.0943851,0,148,0.018703483,1.03609,2,170,0.002430045,1.0156082,2,200
40,0.003546989,0.9583584,2,21,0.0,0.79492545,2,55
41,0.023905948,0.9769584,2,21
42,0.016795704,0.9476708,2,21,0.030770537,0.8515503,2,41,0.0,0.94573355,2,61,0.024319764,0.905945,3,81,0.0095380265,0.8266088,2,117
43,0.031074513,0.92499095,2,20,0.028066784,0.9450405,2,40
44,0.0,0.9671789,2,21,0.0067161378,1.0214617,3,43,0.0,0.96785855,2,70
45,0.0056879157,1.0363164,2,37
46,0.008519009,1.0254223,2,38
47,0.019206142,0.91165406,2,22,0.018257378,0.9760492,2,48,0.011472272,0.9461368,2,69,0.022873826,0.9580221,2,89,0.023778928,0.96619385,2,110,0.037166953,0.9348818,2,136,0.04538268,1.0087587,2,156,0.03365936,0.9903946,2,176,0.030409038,0.8620515,2,200
48,0.00033237282,1.0280201,2,20,0.010198219,1.0533094,2,43,0.009937229,1.0121344,2,70,0.0076584676,0.94687414,2,90,0.0,0.94629484,0,113,0.0028440177,0.9716356,2,137,0.0037005728,0.99514824,2,162,0.010732199,0.99461824,2,200
49,0.0018863461,1.0231377,2,20,0.012503087,1.0211517,2,43,0.008486358,0.97389954,2,64,0.02476967,0.96640885,2,84,0.031585254,0.89033186,2,104,0.0061449716,1.1260797,2,124,0.02355522,0.9794264,2,144,0.017214237,0.96070224,2,164,0.010061867,0.9219937,2,200
50,0.0046026376,1.0012172,2,22,0.007556985,0.9944042,2,42,0.010077966,0.9837306,2,63
51,0.008645129,1.0144688,2,20,0.02675115,0.9608683,2,41,0.037646014,0.90668654,2,72
