0,0.0012056234,1.023904,2,20,0.0,1.0664594,2,41,0.010711967,1.0358657,2,65,0.020534435,0.98205066,2,101
1,0.017759226,0.94975775,2,25
2,0.007419883,1.0080746,2,20,0.012712083,0.9415135,2,42
3,0.0,1.0155033,2,20,0.020080643,0.8812947,2,40,0.0021810543,0.9485347,2,61,0.004954142,1.0239255,2,81,0.0068539637,1.0248842,2,102,0.002230975,1.0541039,0,122,0.005549775,1.0674236,2,142,0.0065779206,0.9949143,2,164,0.010748746,1.0829666,3,200
4,0.0,1.0035923,2,20,0.0039709704,0.9743467,2,41,0.028890923,0.99135476,2,61,0.027481616,0.952615,2,83,0.00018815175,1.0240891,2,108,0.021485146,0.9726014,2,129,0.0060857325,0.9564514,2,149,0.00750098,0.9739114,0,169,0.0050838734,1.0035774,2,200
5,0.012954885,0.92701876,2,28,0.02238754,0.8982255,2,49,0.010330942,0.89685905,2,69,0.010133373,0.9161518,2,89,0.00534373,0.9942144,2,109,0.0028637222,0.9691272,2,129,0.0020102926,1.0241843,2,150
6,0.016867941,0.9727969,2,21,0.009928308,1.0009706,2,42
7,0.01636663,0.99614555,2,20,0.0119894,0.95391625,2,40,0.013804707,0.76396906,2,60,0.034261633,0.8824368,2,88
8,0.029703278,0.95883524,2,23,0.0036088221,1.0681036,2,46,0.014400798,0.93011445,2,66,0.058317326,0.9541602,2,86,0.004453435,0.98038363,3,108,0.0,0.919909,2,132,0.019986005,0.8771628,0,152,0.0,0.9938447,2,172,0.005965099,0.83937645,2,200
9,0.0073615974,1.0056064,2,20,0.0,0.99581736,2,44,0.012691071,0.86108273,0,64,0.0288051,0.8330719,2,86,0.113109544,0.85036135,2,106,0.00904081,0.846307,2,129,0.06888242,0.6922124,0,149,0.026383901,0.8985257,2,169,0.010728369,1.0221072,2,200
10,0.007472778,1.0092131,2,24,0.0046615885,1.0308847,2,45,0.0,1.0507654,2,66,0.007990671,1.0681779,2,86,0.005203657,1.0060223,2,108,0.011225393,1.001127,2,128,0.013114201,1.0336555,2,148,0.012382463,0.9625222,2,168,0.025955463,0.87158895,2,200
11,0.0055389716,1.0597818,2,20,0.0,1.069747,2,41,0.0046762777,0.9810152,2,78,0.0034675868,0.98239756,2,99,0.005237315,0.9162832,2,120,0.0035849803,0.9273895,0,140,0.07260248,0.9101442,2,160,0.0502661,0.9929632,2,180,0.026719555,0.9367814,2,200
12,0.0,1.0144699,2,23
13,0.027024178,1.003429,2,21,0.010484602,0.99426377,2,51
14,0.0,1.0609128,2,30
15,0.00451093,1.0445429,2,36
16,0.0,0.95191103,2,21,0.0056043155,0.9422678,2,41,0.00728106,0.95292497,2,64,0.0046993606,0.92496645,2,84,0.00904941,0.9603718,2,104,0.0,0.8185395,2,124,0.0,0.880469,2,145,0.0,0.8920286,2,169
17,0.0,1.026469,2,20,0.014397839,0.9833889,0,40,0.014178619,0.9799205,2,79
18,0.013047817,1.0048329,2,20,0.012675508,1.0153553,2,50,0.050940912,0.9700483,2,70,0.0074320105,0.97750354,2,92,0.0058138734,0.93791634,2,119,0.022639923,0.7634994,0,139,0.0067331363,0.8294752,2,162,0.0012923278,0.79338056,2,200
19,0.02120938,0.9745556,2,20,0.001251009,0.94330066,2,43,0.008195312,0.8753418,2,64,0.00015945325,0.76544297,2,85,0.020804923,0.8279818,2,105,0.011130668,0.7570595,2,126,0.0,0.7173384,0,146,0.0,0.95191205,2,167,0.0038213062,0.536188,0,200
20,0.008161263,0.98990923,2,21,0.027534982,1.0180708,2,41,0.0180193,1.0064777,2,69,0.006101078,1.0196908,2,97,0.02115881,0.94354945,2,117,0.028056953,0.84821385,0,137,0.015486926,0.9503566,2,160,0.016252775,0.5378566,2,200
21,0.0067818565,1.0061167,2,22,0.0023039721,1.0415182,2,42,0.014626423,0.9612934,2,62,0.0063230707,1.0138518,2,93
22,0.008695567,0.94403666,2,20,0.027385036,0.92845887,3,40,0.031031135,0.96983063,2,61,0.05122494,0.9667139,2,81,0.026125336,0.9764303,2,101,0.018554792,0.8828243,0,121,0.015813293,0.9163403,2,143,0.009001831,0.92030656,2,163,0.05898444,0.86326516,0,200
23,0.008232531,1.0212632,2,30,0.023054799,1.022179,2,50,0.007116898,0.97659075,3,70,0.008390166,0.8921492,2,97,0.01476303,0.94630843,2,117,0.008082701,0.8109337,2,140,0.015908493,0.9436616,0,160,0.023596898,0.9890377,2,200
24,0.0097821215,0.9462528,2,20,0.0,0.8729702,2,41,0.007225008,0.7447742,2,63,0.0,0.77237964,2,83,0.0,0.7148772,2,103,0.00082211103,0.5467799,2,123,0.050079778,0.7571652,0,145
25,0.0090479385,0.93044615,2,20,0.014930943,0.98567134,2,40,0.022209952,0.9303119,2,61,0.0054945177,0.9346214,2,104,0.0004111683,1.0075488,2,133,0.002073615,0.99202025,2,153,0.028382124,0.9391504,2,178,0.04394192,0.9532,2,200
26,0.002012741,0.96360743,2,20,0.00889857,0.91624314,2,41,0.080756776,0.82812345,2,61,0.0,0.84012604,0,83,0.0164782,0.7858516,0,103,0.0,0.6861275,2,123,0.026872406,0.72736305,0,144,0.0,0.6880852,0,164,0.054547988,0.6785376,2,200
27,0.0036740843,0.98934084,2,42,0.014454097,0.9935939,2,76,0.018131414,0.9118291,2,97,0.0038855763,0.9450126,2,120,0.014023331,1.0064046,2,143,0.0,1.0567925,2,163,0.018918986,0.9780983,2,200
28,0.02047664,0.97823524,2,22,0.0,1.0223854,2,42,0.016600415,1.0305359,2,76
29,0.002035133,1.0099306,2,20,0.0022522265,0.90435076,2,41,0.025800854,0.921871,2,61,0.007439742,0.91823936,2,87,0.024129342,0.9139,2,107,0.024767706,0.92876005,2,127,0.036417447,0.9693271,2,147,0.004258016,0.8815997,2,167,0.036738925,0.9136351,2,200
30,0.010358682,0.988035,2,20,0.0,0.97172487,2,40,0.023924705,0.674875,2,60,0.012551814,0.8868963,2,82,0.0018189257,0.44714284,0,102,0.032848477,0.50551397,2,123,0.0,0.7003492,0,143,0.0,0.7020869,0,163,0.06255085,0.57732767,2,197
31,0.013276303,1.0262251,2,30,0.013338173,0.86305934,2,50,0.036866955,0.84849274,2,70,0.031743143,0.84685326,0,90,0.07153043,0.79107755,2,110,0.058815755,0.60322934,2,130,0.021610785,0.61966765,2,150,0.0,0.62023646,0,170,0.058284257,0.45526525,2,200
32,0.0,0.9984852,2,21
33,0.004834651,1.0157202,2,28
34,0.0,0.94928724,2,20,0.0054479283,0.9421965,2,42,0.03940536,0.9601386,2,69,0.007449174,1.0679837,2,97,0.014082815,0.9594305,2,117,0.026407177,0.86269903,2,137,0.019394556,0.85970587,2,158,0.053738117,0.829455,2,178,0.015745722,0.88873285,2,200
35,0.004957131,0.954547,2,27
36,0.0102008665,1.0001005,2,29,0.02362809,0.9571419,2,52,0.017762886,0.93909365,2,73,0.0,1.1490524,2,93,0.01028045,1.0867395,2,114,0.00025485473,1.111747,0,134,0.0029934382,1.0559855,2,156,0.0,1.0712804,0,178,0.00956719,0.98889583,3,200
37,0.027720025,1.0426714,2,21,0.013085983,0.98802614,2,42,0.008220045,0.9888021,2,63,0.005334872,0.940853,2,83,0.002002272,1.0171882,2,103,0.018335525,0.9913934,2,123,0.007200072,0.9974724,0,143,0.014559813,1.0023425,2,168,0.0071833367,1.0119427,2,200
38,0.022921478,0.96096534,2,20,0.022949085,0.9737295,2,40,0.012808101,0.97173953,2,61,0.0025029175,0.8883602,2,81,0.016073238,0.92370224,3,102,0.011414335,0.9266563,2,124,0.0299724,0.8942091,2,147,0.0015529299,0.91929895,2,170,0.012174282,0.9349066,2,200
39,0.03220348,0.9971558,2,21,0.01243329,1.0604807,2,43,0.0075307623,0.9987678,2,71,0.0034998413,1.0065495,2,91,0.024758084,0.97800356,2,120,0.004505576,0.9798944,2,143,0.016512897,0.9494174,2,163,0.046099104,0.96650016,2,200
40,0.016896447,0.9168817,2,20,0.0,0.67360586,2,40,0.0,0.7043425,2,66,0.05554541,0.8969553,2,87,0.0143511025,0.7861197,2,107,0.0,0.71917117,2,127,0.00069581874,0.68214566,0,147,0.0,0.8097935,2,167,0.023948474,0.7768111,2,200
