0,0.003126365,0.985364,2,23,0.011571101,0.93056226,2,44,0.000746713,0.97221136,2,68,0.0038842342,1.0524256,2,88,0.013878688,0.92819446,2,110,0.012257487,0.9675419,2,138,0.0023979666,0.98065436,2,158,0.035972565,0.9274586,2,180,0.008013348,0.9672059,2,200
1,0.0,1.0629984,2,24,0.013074795,1.0628382,2,61
2,0.012030362,0.90996903,2,27,0.010027979,0.94725037,2,49,0.0128807435,0.9605973,2,87
3,0.013256031,0.9767042,2,22,0.007992495,1.0249338,2,43,0.022121694,0.8936254,2,63,0.029929642,0.9388825,2,84,0.03269605,0.762487,2,112,0.03343525,0.6575963,2,138
4,0.0055823373,1.0360291,2,22,0.0039827665,0.94434804,2,57
5,0.008161164,1.0357887,2,24,0.0024511048,1.0229082,2,64,0.0,0.996826,2,84,0.021088189,0.9132892,2,107,0.0,0.8762804,2,127,0.0,0.7871524,2,147,0.005759722,0.6549223,2,167,0.004382274,0.74115074,2,200
6,0.0146741895,1.0284181,3,24,0.0,1.1130211,2,44,0.0046487167,1.0826591,2,64
7,0.007747254,1.0003341,2,20,0.012396229,0.96311486,2,45,0.02493943,0.99748486,2,74,0.0082255,0.97037053,2,96,0.02784908,0.9565298,2,125,0.0015739888,0.8726524,2,148,0.01262703,0.86018914,2,168,0.030418195,0.8408626,2,200
8,0.0024593128,1.0033458,2,30,0.0,1.0325412,2,51,0.0,0.9280115,2,72,0.012173828,0.9679308,0,92,0.008018976,0.8936014,0,112,0.008762153,0.9680889,2,132,0.003180006,1.0166328,2,152,0.018987723,0.98996466,2,172,0.013825352,0.96739864,2,200
9,0.013461081,0.9866191,2,20,0.023224132,1.0057383,2,40,0.0,1.0480063,0,61,0.0038865288,0.94820404,2,81,0.0,1.0155234,2,101,0.0,1.0595841,2,121,0.0,0.98470175,2,141,0.0053573125,1.0075504,2,161,0.00016932185,0.9840314,2,200
10,0.0029810232,0.97845066,2,21,0.056049436,0.8982504,3,41,0.0014461251,0.93883604,2,62,0.0,0.9465203,2,86,0.008411841,0.99339306,2,106,0.010518293,0.9896951,2,126,0.024862137,0.8744093,2,146,0.042251445,0.9694869,2,166,0.017941013,1.0347549,2,200
11,0.023315381,0.87964296,2,20,0.023708543,0.9672512,2,40,0.019274084,0.9360136,2,60,0.006834884,0.94914424,2,80,0.007901185,0.8310134,2,100,0.0,0.95078677,2,122,0.010061755,0.8903074,2,155
12,0.02344981,0.9677248,2,20,0.026663661,0.7610432,0,40,0.047918133,0.5493038,2,60,0.092180714,0.49630958,2,100
13,0.006061954,0.97430676,2,20,0.00026564908,0.92741424,2,47,0.007364389,0.9639679,0,69,0.0011470249,1.0400265,2,97
14,0.033315443,0.9282301,2,20,0.0,0.8499199,0,40,0.0,0.9358309,2,60,0.12704417,0.7838162,2,81,0.0,0.8027884,0,101,0.0,0.62599105,0,122,0.0,0.82879895,1,142,0.0150232045,0.6608369,0,163,0.023402132,0.5118238,0,197
15,0.020228498,1.027563,2,25,0.008125384,0.9397178,2,48
16,0.009668905,0.9669106,2,22,0.07880187,0.8399484,2,49
17,0.032340635,0.80760825,0,20,0.0,0.92181534,2,41,0.0,0.7583833,2,62,0.0,0.49237883,2,83,0.0,0.66314197,2,104,0.00754515,0.7693016,2,127
18,0.023416784,0.9261692,2,20,0.036988087,0.8240935,2,41,0.0,0.90041333,2,62,0.049891118,0.8820482,0,84,0.062218316,0.73936033,2,104,0.0037240877,0.62413204,2,124,0.011363723,0.98683435,2,149,0.101009294,0.5701121,0,169,0.08749856,0.77361333,2,200
19,0.01253633,0.9960696,2,21,0.00070448534,0.9257726,2,42,0.01866974,0.94675577,2,62,0.012508393,0.99543554,2,87
20,0.015523731,0.97384393,2,22,0.0041947584,1.0160828,2,45
21,0.009262411,0.96118605,2,20,0.008931466,0.7970913,2,42,0.023260895,0.70422065,2,62,0.014886061,0.66256464,0,84,0.008229893,0.840893,2,106,0.047523543,0.8373687,2,128,0.03539441,0.8534607,2,150,0.0,0.9490842,2,171,0.0027269504,0.8008714,2,200
22,0.0043359,0.99503505,2,20,0.0,1.0738751,2,40,0.0039448533,1.0755366,2,72
23,0.002529429,1.0022373,2,23,0.019516429,0.87407845,2,44,0.0058242404,0.8943614,2,64,0.07528825,0.666177,2,92,0.08092262,0.5352503,2,113,0.041504268,0.68265676,2,135,0.09569583,0.8103102,0,155,0.0,0.6486395,2,175,0.041599892,0.81791306,2,200
24,0.011670504,0.97021836,2,27,0.04579312,0.9190856,0,47,0.0,0.988025,2,70,0.038740784,0.98069465,2,93,0.0,0.8496989,2,113,0.026264638,0.9352178,2,135,0.029014278,0.879934,2,156,0.0063917832,0.94534284,3,176,0.0067539457,0.8752715,2,200
25,0.02243975,0.9881057,2,23,0.0019118141,0.9795846,2,43,0.015041666,0.9699008,2,64,0.02317379,0.97825384,2,85,0.0,0.96340424,2,112,0.025983913,0.97157514,2,133,0.028366242,0.9408307,3,153,0.0,0.930056,3,174,0.011534838,0.85687566,2,200
26,0.007505902,0.98244464,2,20,0.0,1.0058775,2,45,0.0,0.9745072,2,65,0.036840953,0.7612537,0,85,0.013231612,0.77726233,0,108,0.0236216,1.0313565,2,128,0.0039317026,0.96529216,3,148,0.023618892,0.9629187,2,169,0.03396931,0.8516038,0,200
27,0.005457642,0.9134409,2,21,0.00864432,0.96088,2,41,0.023179844,0.97507674,2,64,0.03002208,0.92047834,2,84,0.0,1.019648,2,104,0.04306189,0.8274011,2,127,0.0,0.98049927,2,147,0.0010616618,0.90809333,0,168,0.03964581,0.8887491,2,200
28,0.01187181,0.9203191,3,20,0.0,0.98120034,2,40,0.0011206523,0.9512214,2,65
29,0.0027006746,1.0104904,2,20,0.018297087,0.9633714,2,40,0.024892572,0.9387469,2,60,0.005336204,0.92326623,2,80,0.0,0.91848207,2,102,0.020032782,0.83362687,2,122,0.0,0.9044217,2,143,0.0,0.91539645,2,165,0.0007993281,0.9423075,2,200
30,0.0104733175,0.94631165,2,20,0.0140854595,0.8921216,2,40,0.03660714,0.94965714,2,66
31,0.0019220154,1.0035669,2,20,0.0,0.9765811,2,40,0.0050572553,1.0253611,2,63,0.0019771033,0.9962666,2,85,0.0019405507,0.97154784,2,111,0.0022724185,0.9212688,2,132,0.0026064366,0.91654766,2,159,0.013296509,0.8752631,2,180,0.016172346,0.8888751,2,200
32,0.026364258,0.9395825,2,20,0.0016889544,0.95160943,2,45,0.0,0.87236696,2,68,0.08546149,0.728761,0,88,0.041338466,0.6159873,2,111,0.012917846,0.6024978,2,133,0.028236523,0.7747028,2,154,0.02637501,0.8511417,2,190
33,0.0033323402,0.97821116,2,22,0.0147588495,0.96187764,2,42,0.006156862,0.9704566,0,65,0.039788768,0.9439152,2,87,0.018618798,0.9427228,0,107,0.01848602,0.9137298,2,128,0.009165443,0.92560756,2,148,0.013372941,0.96556634,2,168,0.020143576,0.94381547,2,200
34,0.0128606865,1.0375991,2,41
35,0.005608155,0.9892334,2,20,0.037032567,0.9242687,2,40,0.02302767,0.89852583,2,60,0.05655544,0.8507471,2,80,0.013847346,0.88682574,2,101,0.027519386,0.9130788,2,121,0.015490013,0.93000907,2,145,0.0,0.97752744,2,165,0.0016080919,0.92507976,2,200
36,0.013322144,0.9074257,2,24,0.001929385,0.8407504,2,45,0.05400061,0.79299426,0,66,0.0,0.6718546,1,86,0.0,0.71401876,0,106,0.051970072,0.8180523,2,126
37,0.0059259315,1.069715,2,21
