0,0.012319001,0.96733207,2,20,0.021858413,0.85779583,3,40,0.011319601,0.8898547,2,60,0.0,0.99819344,2,81,0.0,1.0671842,2,102,0.009928225,1.0310653,2,123,0.0,0.98638904,2,144,0.032778468,1.0169703,2,164,0.009521045,0.9979241,2,200
1,0.011612028,0.99581414,2,22,0.02959302,0.9213089,2,42,0.012497691,1.0117553,3,63,0.041797657,0.9776801,2,83,0.026481867,0.98726165,2,103,0.0,0.85943806,0,123,0.012647393,0.899239,2,145,0.004426528,0.88801664,0,166,0.0,0.92571825,3,200
2,0.005578422,0.96159637,2,20,0.0012943314,0.91940033,2,40,0.010450001,0.92994153,2,60,0.0009338092,0.8570008,2,80,0.0053398036,0.90978223,2,100,0.0019281831,0.9024372,2,124,0.021381652,0.9107968,2,148,0.004544634,0.96675235,2,168,0.049334522,0.8507217,2,200
3,0.0,1.0016284,2,28
4,0.016441317,0.9830295,2,20,0.01969133,0.9604514,2,40,0.010826261,0.9310754,2,60,0.029380322,0.9654822,2,81,0.03319002,1.0520351,3,101,0.0,0.98568285,0,133
5,0.0,0.92778033,2,20
6,0.015927168,0.90173346,0,22,0.0025797165,1.0210638,3,45,0.025496325,0.8716624,2,81
7,0.027493984,0.9691135,2,20,0.01619397,0.98175776,2,46,0.0052278354,0.88421506,2,66,0.0109883,0.6952736,0,86,0.0141708525,0.80990744,0,111
8,0.0035250057,1.0383037,2,24,0.010066591,1.0375634,2,56,0.032593656,1.014488,2,79,0.014113886,0.9077195,2,99,0.0020009056,0.950957,2,119,0.0019825108,1.048679,2,139,0.018788613,0.79605585,2,159,0.060396414,0.6050097,2,180,0.14844102,0.57147175,2,200
9,0.0085755605,0.97191185,2,21,0.007197415,0.9442889,2,42,0.0,0.95442563,2,62,0.0022228914,1.0184839,2,82,0.044995666,0.8407537,2,102,0.02393642,0.9217122,3,122,0.010820406,0.9719294,3,143,0.026812144,0.90779114,3,165,0.0891723,0.78389525,2,200
10,0.028644715,0.9796899,2,20,0.0047551706,0.99459326,2,42,0.014271836,0.9268109,2,63,0.016758887,0.93397623,2,93,0.0,0.9309457,2,113,0.005301482,0.87251234,0,133,0.013201171,0.9646235,0,155,0.021959033,0.8812062,2,175,0.007366547,1.0572852,2,200
11,0.011082252,0.9867047,2,26,0.014556247,0.9886624,2,53,0.010404708,0.88894933,2,74,0.018184077,0.9298924,2,94,0.0011351607,0.994985,3,117,0.015622429,0.86399543,2,138,0.011426416,0.91100824,2,158,0.00787962,0.7907934,2,180,0.0,0.8307584,2,200
12,0.0049591647,1.0022532,2,22,0.0061190934,0.9351881,2,53,0.000122023936,0.8827289,2,73,0.01336274,0.77457935,2,94,0.0,0.46729267,0,116,0.0,0.617778,0,136,0.0016344615,0.4328013,2,156,0.0070613213,0.4907515,2,176,0.0,0.43740144,0,200
13,0.0024931612,1.0478413,2,20,0.00801692,1.0356349,2,41,0.006588041,0.9593148,3,61,0.036233947,0.93742937,2,86,0.0120222885,0.9674452,2,106,0.037074063,0.9957829,2,128,0.011655785,0.97396135,2,167,0.0040800557,0.9779024,2,200
14,0.0014250794,0.9435998,2,20,0.008730367,0.9390812,0,43,0.016251927,0.98182917,3,64
15,0.0022862256,0.9124725,2,22,0.029567458,0.83552814,2,46,0.0,0.8042189,2,66,0.021719866,0.92830384,2,86,0.048942737,0.7858859,0,107,0.010756146,0.6827336,0,127,0.0254633,0.7033659,0,148,0.032627717,0.67689407,2,168,0.015837887,0.6890899,2,200
16,0.0,0.898514,2,20,0.005312603,0.9565912,2,41,0.0046149916,0.9294478,2,62,0.01763362,0.9920106,2,87,0.024238763,0.98868245,2,111,0.03132714,0.9868331,2,131,0.007271151,0.9265661,2,151,0.0,0.9451947,2,171,0.0010911847,1.0564916,2,200
17,0.0039755963,1.0045836,2,20,0.0014424727,0.934037,2,40,0.010095362,0.90202427,2,64,0.0126258265,0.9277344,2,84,0.003761792,0.95875096,2,106,0.01731483,0.97670794,2,127,0.010733137,0.8672705,2,150,0.042269357,0.8222783,2,170,0.012772112,0.8968304,2,200
18,0.0003923615,0.9665994,2,21,0.053367365,0.96437985,2,43,0.031636503,0.89764845,2,63,0.0398149,0.92675036,2,88,0.009962089,0.91145295,2,109,0.0013893784,0.93227327,2,129,0.002154251,0.9469654,2,152,0.0010202553,0.8607558,0,172,0.015943544,0.82033056,0,200
19,0.011218098,0.98777044,2,20,0.01336607,1.0387775,2,45,0.016330134,1.0148033,2,68,0.016631313,1.0062889,2,98,0.005836013,0.95283717,2,118,0.0,0.9578476,0,138,0.0036357697,1.0423245,3,158,0.0,1.0283606,2,200
20,0.008788433,0.9968345,2,22,4.669791e-05,1.0323719,2,46,0.01586535,0.8441076,2,66,0.0032369997,0.89333546,2,87,0.058105875,0.8853219,2,107,0.037188042,0.93826866,2,127,0.0,0.7942302,0,148,0.0,0.71348256,2,169,0.0,0.7303828,1,200
21,0.0018661298,0.9765099,2,20,0.0,1.0771608,2,41,0.015560906,0.99155986,2,62,0.0,0.96957797,2,83,0.009815596,0.93545485,2,103,0.01731143,0.88036335,2,123,0.012552199,0.9183103,2,144,0.014701521,0.927068,2,165,0.017518431,0.938305,2,200
22,0.0155363865,1.0099543,2,22,0.026750857,1.0290635,2,42,0.0084817745,0.99087465,2,62,0.0,1.0388498,2,85,0.02283119,0.96939766,2,111,0.0024834056,1.0624917,2,135,0.014276969,0.92114925,0,155,0.0014476634,0.9041873,3,175,0.012016549,0.9359716,0,200
23,0.007866007,0.9217447,2,20,0.014274085,0.94228643,2,41,0.0,0.6882391,2,61,0.1368361,0.73030293,2,81,0.0215848,0.7268615,2,102,0.043423317,0.7393823,2,124,0.024420742,0.9079062,2,144,0.0,1.0414577,2,165,0.042748127,0.87660515,2,200
24,0.008381752,1.0069101,2,22,0.047389526,0.9977497,2,42,0.0047307783,0.9568003,2,66,0.029827481,0.8790866,2,86,0.024826005,0.90983295,2,106,0.04476258,0.8371149,2,145
25,0.014443723,0.97559357,2,20,0.03287383,0.9395362,2,40
26,0.010532307,1.0083047,2,32
27,0.0028144838,1.0003345,2,25,0.00823292,0.90877366,2,47,0.06990891,0.8122594,0,67,0.0,0.90227896,2,89,0.023527965,0.9045576,2,109,0.003810979,1.0973815,0,130,0.010902436,0.777349,2,150,0.027629375,0.7943183,1,173,0.012172078,0.78040195,2,200
28,0.015995065,0.92110443,2,21,0.0140821785,0.9504019,2,41,0.023533082,0.7811793,2,61,0.063801095,0.82405293,2,82,0.008108752,0.84683305,0,102,0.00027412557,0.90159446,2,127,0.041428946,0.81251574,2,147,0.0065429406,0.9660002,2,167,0.026900142,0.91407,2,200
29,0.0032843626,1.0108882,2,22,0.018230233,0.95997924,2,42,0.0,1.0052825,2,62,0.015585428,0.90750426,3,82,0.0,1.0891697,2,102,0.0,0.9566774,2,124,0.0,0.97169524,3,144,0.0087073315,0.9371225,2,164,0.09624626,0.7661028,2,200
30,0.006230738,0.94465697,2,20,0.0,0.99426734,2,40,0.02453601,0.9708365,2,60,0.019825177,1.0746055,2,81,0.0,0.94849855,2,101,0.01264897,0.9367062,2,122,0.017123438,0.81338155,2,145,0.01584136,0.9503111,2,166,0.015610453,0.89657265,2,200
31,0.018709097,0.9150422,0,20,0.005671134,0.961195,2,41,0.012123825,0.9131707,2,61,0.020690428,0.9363606,2,83,0.02375832,0.92273307,2,106,0.017178673,0.8216963,2,126,0.03908606,0.90717,2,147,0.0,0.54569286,1,168,0.006901058,0.5918599,1,200
32,0.004534112,0.98940504,2,26,0.020575149,1.0009326,2,49,0.0032233975,0.9335801,2,73,0.0,0.98394567,2,93,0.0,0.9139446,2,113,0.0045120274,0.914917,2,137,0.0050497195,0.9546919,0,165
33,0.018833624,0.9591424,2,20,0.012034688,1.0311046,2,40,0.009261735,1.0181447,2,60,0.0014315979,1.0156853,2,81,0.0,0.94495094,2,101,0.009954881,0.94278806,2,125,0.010624602,0.971182,2,146,0.0057673724,1.0384241,2,166,0.011996939,0.96199596,2,200
34,0.0060987184,0.9746009,2,20,0.017425267,1.0740092,2,42,0.019455198,1.0102109,2,64,0.0,1.0800323,2,85,0.0071408725,1.0899702,3,106,0.015785275,0.88055074,2,128,0.0,0.94526327,3,149,0.0,0.9813738,2,169,0.0,0.9775792,2,200
35,0.0017527713,1.024407,2,24
36,0.0011320331,1.0511425,2,20,0.010109875,0.9740752,2,47,0.005527354,0.9712316,2,67,0.010169385,1.0235741,2,88,0.0071163946,0.89815724,2,108,0.0,1.0240604,2,129,0.015328778,0.97920716,2,156,0.001173014,1.0085291,2,184
