0,0.026216656,0.93725455,2,20,0.040363204,0.84272605,2,41,0.0041600317,0.9090677,2,62,0.009965052,0.9859269,2,82,0.0,1.0120878,2,103,0.007779234,0.9324344,2,123,0.023040658,0.9158921,2,146,0.010983165,0.88058054,2,167,0.000719639,0.9491642,2,200
1,0.013511011,0.9503903,2,22,0.020274721,0.92002386,2,43,0.04171998,0.751618,2,65,0.027303834,0.8413448,2,91
2,0.007527099,0.9602608,2,27,0.014498325,0.87108433,2,48,0.012585589,0.93828535,2,69,0.0044886796,0.96517944,2,89,0.049467247,0.8388648,2,109,0.0,1.0244004,2,129,0.007819896,0.85134494,2,150,0.014991815,0.86657125,2,171,0.028598228,0.8093762,2,200
3,0.005221627,1.0304852,2,25,0.0004889254,0.97480524,2,45,0.016581519,1.0008037,2,65,0.021208506,0.95443505,2,85,3.6745703e-05,1.0165596,2,105,0.019203883,0.905661,3,125,0.018738583,0.94105583,2,150,0.011189953,0.99784833,2,170,0.007556663,1.0423098,2,200
4,0.04254302,0.90712774,2,22,0.0,1.0305619,2,48,0.0,0.88480264,2,68,0.0,0.823929,2,88,0.0008944988,0.9281937,0,109,0.014720899,0.8938904,2,131,0.0,0.79535514,2,152,0.006631096,0.84286016,0,174,0.008334476,0.8838923,2,200
5,0.03742776,0.92838323,2,20,0.028488338,0.87973374,2,40,0.019189406,0.9955368,2,61,0.027350232,0.9687771,2,88
6,0.0091175465,1.0034103,2,20,0.0061839833,0.9805069,2,41,0.00164745,0.98669547,2,61,0.015857304,0.9576725,0,81,0.0,1.0098149,2,115
7,0.017347138,1.0820392,2,20,0.009339409,1.0496075,2,47,0.007477422,1.0823761,2,79,0.00055823306,1.0534996,2,100,0.0,1.0960242,2,121,0.012997572,1.0268623,2,142,0.010645844,0.90905505,2,163,0.006403088,1.0065444,2,200
8,0.0011082836,1.0134089,2,20,0.0015901256,0.95641345,2,40,0.016385108,0.95002794,2,60,0.024443574,1.0307149,2,80,0.0,0.94564384,2,101,0.0,0.83507997,0,121,0.0,0.8529782,2,141,0.037350167,0.8421224,0,161,0.06303545,0.7262105,2,200
9,0.00090529124,0.9702175,2,28,0.0013640692,0.96443975,2,48,0.0055812276,0.9407276,2,68,0.02960237,0.9499608,2,88,0.0061772605,0.9373627,2,108,0.0,1.0196797,2,131,0.0071935183,0.61112577,2,151,0.013481363,0.6572076,2,181
10,0.00035169508,1.0474638,2,29
11,0.0,1.0252445,2,20,0.0,1.0764529,3,40,0.0068759657,0.99166745,2,61,0.03364287,0.87671417,2,86
12,0.010048062,0.93979186,2,20,0.0496669,1.0127456,2,40,0.005755337,1.0038794,2,62,0.0,0.90601647,2,83,0.0,1.0671579,2,105,0.010888064,0.9147908,2,125,0.016992996,0.7147108,2,145,0.03338823,0.93953913,2,165,0.088443965,0.6470811,2,200
13,0.010364984,0.974902,2,20,0.009535589,0.9567917,2,47,0.030072294,1.0115184,2,68,0.011604784,0.9747416,2,88,0.024733262,0.9456451,2,110,0.009761234,0.93819547,2,131,0.022802413,0.956879,2,151,0.013117941,0.9077544,2,171,0.0030420627,0.9851862,2,200
14,0.0076511987,1.0434076,2,20,0.015748125,0.9909347,2,43,0.017900547,0.96031916,2,63,0.005639232,0.8838843,2,84,0.003522796,0.877004,2,104,0.0111367395,0.93321747,0,131,0.02782761,0.99709404,2,152,0.03549396,0.98565686,2,173,0.0,0.90290064,2,200
15,0.010783866,0.9572063,2,22,0.0025112294,0.932782,0,42,0.041612692,0.8205498,0,62,0.011470104,0.9773289,0,82,0.043923557,1.0444365,3,102,0.018826678,0.7672399,2,122,0.021714052,0.87262636,0,143,0.00854422,0.8882387,2,163,0.021437105,0.9772309,2,200
16,0.0104126455,0.9946124,2,21,0.0,0.9973058,2,44,0.006231998,1.0100267,2,64,0.0037216232,0.9832001,2,86,0.034066685,0.9628059,2,106,0.017848352,0.99582446,2,127,0.0051715607,1.0347803,2,147,0.03912744,0.89084643,2,168,0.0030630238,1.0167748,2,200
17,0.0050130873,1.0060511,2,33
18,0.0061084754,1.0095015,2,20,0.0027834966,0.9531546,2,43,0.036124308,0.98956794,2,65,0.0021215582,1.073466,2,89,0.014811942,0.9978677,2,109,0.024114016,0.9790931,2,129,0.012575571,0.98287725,2,149,0.0048187426,1.0813222,0,169,0.0,1.0207361,2,200
19,0.02123387,1.0317547,2,20,0.0015938797,0.97275543,2,42,0.0031810023,0.993337,2,62,0.0,0.97063005,2,82,0.0408627,0.91352177,2,102,0.096819855,0.79519016,2,123,0.011360866,0.8598139,2,147,0.007894729,0.92700505,2,169,0.0,0.9112585,2,200
20,0.0,1.0502747,2,22,0.023122283,1.0141597,2,43,0.007863826,1.0177119,2,64,0.0,1.033279,2,84,0.0,1.0558434,2,106,0.0,1.0707492,2,126,0.0027886387,1.0051624,2,147,0.0,0.9725358,2,167,0.014950739,0.96717876,2,200
21,0.008815734,1.0232085,2,25,0.009270036,0.96087646,2,53,0.028256025,0.94445914,2,73,0.024688032,0.94914,2,94,0.0015255037,0.9432949,2,116,0.0,0.96643496,2,136,0.005767088,1.0518379,2,163,0.00244345,1.0975193,2,200
22,0.0027148824,0.985325,2,21,0.00483747,1.0163885,2,57,0.0,1.021222,2,79,0.0018026658,0.9838108,2,101,0.005553417,1.0012995,2,121,0.008251345,1.0077562,2,144,0.012413541,0.9631183,2,169,0.0011612341,0.8810775,2,200
23,0.025821578,1.0156506,2,20,0.015438307,1.0134767,2,41,0.009966619,0.93387705,2,62,0.023314808,0.90658367,2,83,0.0023186665,1.0936524,2,104,0.0,1.0580003,2,124,0.0,0.9630715,2,145,0.0,0.847891,0,165,0.0,0.8150409,2,200
24,0.0054577007,1.035209,2,20,0.013928309,0.978999,2,40,0.011677885,0.9385331,2,60,0.0043160515,0.9817026,2,80,0.039464563,0.9180851,2,100,0.084753945,0.87718964,2,120,0.015605373,0.9772302,2,141,0.03000314,0.90153515,2,161,0.0030107035,0.9951399,2,200
25,0.0,1.0799117,2,20,0.0,1.0801008,2,50,0.005470459,1.017542,2,89,0.001977895,1.0706778,2,112,0.00261885,1.0660806,2,133,0.0,1.0440788,2,153,0.0,1.0919559,2,200
26,0.021301458,1.0016308,2,20,0.008605531,1.0071995,2,50,0.0063242204,1.0005648,2,70,0.018526966,1.0266324,2,91,0.03098021,0.89647144,2,117,0.0058455924,0.79087085,2,138,0.0,0.48563334,0,162,0.059703074,0.47207862,2,200
27,0.018038439,0.95342857,2,24,0.020254642,0.9226029,2,46,0.006775471,0.939592,2,66,0.0,0.8673097,2,86,0.03432396,0.980645,2,106,0.019742593,1.0239279,3,126,0.0,0.9595675,3,148,0.0,0.56205547,2,168,0.0,0.7131643,2,200
28,0.0047166813,1.0602248,2,45
29,0.0,0.9977217,2,20,0.013764214,0.9704752,2,56
30,0.00847766,0.9847522,2,20,0.014528158,0.86961544,2,40,0.055872872,0.88686734,2,61,0.011941315,0.9291107,2,81,0.021503428,0.97516966,2,101,0.016422447,0.8014205,0,121,0.0,0.710586,2,141,0.011886897,0.75786674,2,161,0.014868665,0.8973071,2,200
31,0.013915722,0.96151924,2,20,0.04774128,0.911179,3,43,0.003090897,0.9638337,2,64,0.0,1.0236052,2,84,0.011490921,0.94595844,2,104,0.013857315,0.9021867,2,124,0.024003945,0.9624016,2,160
32,0.0077678934,1.0068883,2,24,0.0041363817,0.9601763,2,44,0.03833808,1.040858,2,64,0.034761123,0.8918518,2,85,0.0014740188,1.0211841,2,107,0.0,1.0925536,2,128,0.007893744,1.06948,2,151
33,0.008013544,1.0467306,2,21,0.00420692,1.0241288,2,48
34,0.017378565,1.0107939,2,20,0.004498554,1.0572572,2,57
35,0.023935562,0.99420214,2,23,0.0074573345,0.99143,2,48,0.023447964,0.942179,2,74,0.008033452,0.9558457,2,101
36,0.020197015,1.0417366,2,20,0.0029600416,1.0341084,2,48
37,0.0,0.98478717,2,20,0.016567197,1.0120676,2,40,0.03834066,0.8951173,2,60,0.0023366946,0.8841038,2,80,0.0028463032,0.8123399,2,101,0.0,0.92749643,3,121,0.0065162056,0.8772799,0,141,0.0024108728,0.8810432,2,162,0.0013632741,0.8688798,2,197
38,0.012255614,0.9845,2,21,0.006893085,0.9315473,2,41,0.00583989,0.9240249,2,68,0.0,0.90275604,2,92,0.0,0.7490752,2,115,0.0,0.5765637,2,135,0.0,0.43946052,2,155,0.0026633136,0.2722047,1,200
39,0.00899699,0.9704368,0,22,0.0,0.96441126,2,42,0.0,0.85137063,2,62,0.015339067,0.8459946,2,85,0.039220206,0.880816,2,105,0.010255915,0.7817809,0,126,0.037494566,0.6858193,2,150,0.0020888995,0.62861603,1,171,0.03929403,0.69421595,2,200
40,0.0040198523,0.97861946,2,27,0.021240456,0.99382854,2,48,0.0031653657,0.89666444,2,68,0.0,0.8086982,2,88,0.0,0.84146935,0,109,0.008000399,0.9738969,2,134,0.009087152,0.9327215,2,154,0.024102649,0.9121655,2,175,0.024689944,0.96376276,2,200
41,0.020285362,0.8698196,2,23,0.0,0.94162023,2,43,0.0080207605,0.9596847,3,63,0.0,1.011691,2,84,0.01728217,0.829706,2,119
42,0.0,1.0354655,2,20,0.0,1.0236733,2,40,0.009266105,1.0041871,2,76
43,0.0050330358,0.9213959,2,29,0.0062254397,1.0052693,2,49,0.011512144,0.9087035,2,69,0.0023978923,0.95948064,2,94,0.0094545325,1.0008161,2,117,0.035262,0.9069708,2,137,0.005206451,0.91741335,2,157,0.015378771,0.83045304,2,177,0.007453847,0.8359044,2,200
44,0.0046365503,1.0095934,2,31,0.0135163525,0.9763047,2,55,0.039345805,0.8955047,2,76,0.0,0.81554383,2,96,0.0037312403,0.9426769,0,116,0.0016385571,0.979623,2,136,0.030783808,0.9801729,2,163,0.001488592,0.9728441,2,200
45,0.00950088,0.9561054,2,22,0.019438075,1.0170437,2,42,0.015284875,0.9840541,2,62,0.0006421719,0.9600064,3,82,0.0,0.9249988,2,105,0.0,0.892381,2,125,0.01694307,0.91513884,2,147
46,0.024570482,0.96167195,2,20,0.020132503,0.9379891,2,41,0.02647303,0.90707636,2,61,0.008290192,0.9039976,2,81,0.012981537,1.0309854,2,103,0.0,0.9164078,2,125,0.017990101,0.980518,2,145,0.011972648,0.93937933,2,165,0.07111971,0.9109933,0,200
