0,0.030440021,0.950042,2,22,0.008196577,1.0438963,2,42,0.0,0.9365733,2,62,0.0046033636,1.0092888,2,82,0.0,0.9624509,2,104,0.0044677285,0.9325057,2,124,0.00885025,0.9057283,2,146,0.011926885,0.8970853,2,167,0.021368649,0.8526843,2,200
1,0.0019753072,0.97965986,2,20,0.0012983225,0.9678399,2,40,0.026897777,1.0247446,2,62,0.001271054,0.9415412,2,82,0.031144116,0.9422959,2,102,0.015549639,0.9717858,2,124,0.01760646,0.96715945,2,145,0.01492531,0.8663837,2,165,0.010068333,0.88664764,2,200
2,0.05587534,0.8846513,2,20,0.0006274156,1.0142564,2,43,0.017127406,1.0277689,2,63,0.009830375,1.0366019,2,92
3,0.018220242,0.9947471,2,26,0.0063215764,0.8673155,2,47,0.009755562,0.9301876,2,67,0.00043883236,0.9233896,2,88,0.0,0.9577701,2,109,0.0061776056,0.865328,2,133,0.025004463,0.93946093,2,154,0.0012655837,0.96029025,2,174,0.011733965,0.96230674,2,200
4,0.010507758,0.9808052,2,25
5,0.014026078,0.9604398,2,21,0.034360457,0.9386424,0,57
6,0.023823595,0.94359493,2,20,0.003086075,0.82852125,2,40,0.0011878045,0.85292566,2,60,0.045858704,0.80399114,2,80,0.0,0.8592173,2,100,0.0,0.7241837,0,120,0.0,0.7394621,1,140,0.0,0.41503397,0,163,0.0032590837,0.20886943,0,200
7,0.0055109044,0.9731758,2,22,0.0,0.953522,3,42,0.04154926,0.9830397,3,62,0.02983168,0.9043077,2,96
8,0.0,0.83430177,2,20,0.010985555,0.80381507,2,40,0.0,0.785333,2,60,0.0,0.9383553,2,80,0.039212424,0.8872179,2,100,0.050673526,0.89358604,2,120,0.0,0.6741086,2,140,0.0,0.7559546,2,161,0.0066279746,0.7014548,2,200
9,0.0042497166,1.0448186,2,21
10,0.011666728,0.9763994,2,20,0.022097176,0.9853876,2,42,0.008124875,1.0071337,2,63,0.0,0.9957242,2,83,0.02780499,0.9324226,2,109,0.019332169,0.8308271,2,129,0.062660284,0.72265846,2,160
11,0.009846454,1.0069379,3,20,0.012410628,0.9460054,2,41,0.0024816312,1.042813,0,61,0.013367362,0.9581672,2,84,0.0028586644,0.9736948,2,104,0.012119932,0.9938706,2,124,0.0,1.0110917,2,144,0.009515036,0.94204867,2,164,0.008945867,1.014039,2,200
12,0.0,0.86197597,2,20,0.0,0.81454074,3,40,0.0024115595,0.7088257,2,60,0.0,0.6658137,2,83,0.0,0.6560578,2,103,0.0,0.7397272,1,123,0.0,0.7155865,2,143,0.009260979,0.44729042,2,165,0.0,0.684732,2,200
13,0.0018302579,0.9419199,2,25,0.021223225,0.95297104,2,46,0.03413314,0.9452768,2,68,0.009041512,0.9194147,2,88,0.010283648,0.89844584,2,109,0.017973397,0.9219906,2,129,0.0036471125,0.80872566,2,150,0.0,0.75393546,1,170,0.008321122,0.7333129,2,200
14,0.01103756,1.0274482,2,26,0.018931542,0.96343935,2,46,0.034443744,0.9690213,2,67,0.016330427,1.0223094,2,87,0.018876323,1.0247499,2,107,0.032298937,0.9469253,2,127,0.0,0.99978065,2,151,0.00187039,0.9715509,2,172,0.0,0.9392157,2,200
15,0.008333186,0.97577745,2,20,0.000900606,0.9700865,3,41,0.008938515,0.9056339,2,63,0.022982512,0.880481,2,84,0.00821669,1.0517691,2,106,0.057264086,0.8751305,2,131,0.03425457,0.9719698,2,151,0.013161577,0.9316603,2,171,0.016878292,1.0505015,2,200
16,0.0055988436,1.0490906,2,23
17,0.05041025,0.85102063,2,22,0.006166503,0.8828163,2,42,0.047447823,0.9351912,2,65,0.00014711203,0.95937586,2,88,0.027720872,0.98053485,2,109,0.034852944,0.9328904,2,129,0.0068515996,0.8918041,2,149,0.009065914,0.94687486,2,173,0.007597775,0.8706599,0,200
18,0.009011194,0.95333534,2,37
19,0.010291822,1.0125097,2,20,0.008904038,0.9570732,2,66
20,0.008674468,1.0155632,2,20,0.032070056,0.94617814,2,41,0.0021117716,0.91588324,2,61,0.034369405,0.9181335,2,82,0.0034354352,0.9385015,2,102,0.018791674,0.83554816,2,127
21,0.0,1.0453084,2,20,0.009141053,0.9519263,2,58,0.004545463,1.0226507,2,92,0.054867886,0.92363626,2,112,0.0046972833,1.027587,2,132,0.017290851,1.0877501,2,160
22,0.0134384455,1.0201724,2,34
23,0.0040016365,1.004123,2,20,0.0024036474,1.0392692,2,40,0.018313676,1.0621908,2,62,0.006172308,0.9444377,2,82,0.0011827028,0.99078447,2,107,0.0154461535,0.9994484,2,127,0.01270971,1.0361559,2,147,0.023523867,0.9806779,2,168,0.00032383384,1.035279,2,200
24,0.013510582,0.95271957,2,39,0.006664881,0.9594011,2,61,0.029076513,0.87207687,2,81,0.0143057145,1.0298579,2,112
25,0.0,0.9970385,2,23
26,0.0050653187,1.0056313,2,22,0.004407381,1.0300646,2,43,0.0036977977,0.92545646,2,70,0.0,0.9429865,2,92,0.038525265,0.9317323,2,113,0.07434462,0.915622,3,134,0.018471465,0.87520313,0,154,0.0,0.93405277,2,174,0.02336689,0.92413306,2,200
27,0.026053917,0.93721265,2,23
28,0.017587267,0.97634405,2,22,0.0031829786,0.9260658,2,42,0.0,0.9620889,2,66,0.01955603,1.0022938,2,94,0.0016458535,0.8636423,0,115,0.034085702,0.5748211,2,135,0.023555273,0.4805048,0,156
29,0.015636941,0.9910472,2,20,0.008784705,0.90618783,2,40,0.0064917835,0.94659764,2,62,0.0038476158,0.9311177,2,82,0.019161481,0.9292658,2,104,0.008991327,0.9963332,2,126,0.012512323,0.93411624,2,147,0.0,1.0262368,3,167,0.0022871168,0.9879298,2,200
30,0.019505681,0.9705405,2,23,0.0058957906,1.0154011,2,48,0.009945611,0.8175403,0,69,0.053489108,0.8811176,2,90,0.02460384,0.8737575,2,110,0.013039816,0.98144597,2,134,0.004145552,0.9966291,2,154,0.039403103,0.932293,2,200
31,0.0068685426,0.93768555,2,21,0.012115159,0.9530666,2,43,0.0010429717,0.93282247,2,65,0.00906083,0.95138603,2,87,0.0056060823,0.9136347,2,108,0.0,0.9179356,2,129,0.0,0.9501634,2,151,0.0032742277,0.9661572,2,178,0.018869402,0.8580357,2,200
32,0.0028421234,1.0210261,2,20,0.006760544,0.95731664,2,41,0.020734817,0.9327779,2,61,0.035474233,0.9529892,2,81,0.01768031,0.9031101,3,103,0.0027457313,0.89634484,2,123,0.014470624,0.9138993,2,143,0.04613243,0.8473824,2,163,0.04340789,0.93299025,2,198
33,0.0054954803,0.9933306,2,20,0.0154943345,0.9642493,2,40,0.008513826,1.0461746,2,63,0.0076200487,0.98637724,2,83,1.2866177e-05,1.0097251,2,104,0.00018249203,0.99455535,2,125,0.0,1.052901,2,145,0.0,1.0694408,2,165,0.0073233605,1.0306408,2,200
34,0.0024155036,0.9981462,2,20,0.018647877,0.95367813,2,60
35,0.0,0.97690773,2,20,0.0130873425,0.97710407,2,40,0.009049786,0.97862804,2,67,0.0017994961,1.0458905,2,87,0.025918026,0.9680618,3,119
36,0.013611267,0.87008196,0,21,0.0,0.854671,2,41,0.004340713,0.86360633,2,61,0.0,0.7924872,2,81,0.0,0.5948255,2,104,0.0,0.6788863,2,143
37,0.0018198482,1.009792,2,31,0.013451362,0.94487494,2,51,0.007970195,0.8639641,2,78,0.007588695,0.9442463,2,103,0.0026595728,0.90610415,2,125,0.026198477,0.9744894,2,145,0.01189913,0.94884574,2,165,0.010532047,0.95079833,2,200
38,0.0065184473,0.95228213,2,20,0.03961983,0.95248145,2,40,0.010093299,0.9683104,2,63,0.0016367588,0.89885294,2,85,0.019531861,0.9545929,2,105,0.0,0.9009818,2,125,0.0,0.9277911,2,145,0.036881074,0.8338226,2,165,0.052088585,0.880176,2,200
39,0.01099813,0.9335166,2,20,0.0022657807,0.9812828,2,42
40,0.0017680682,1.0141844,2,22,0.01819667,1.0006545,2,45,0.0,1.0343511,2,65,0.0049354355,1.0159147,2,90,0.0032302674,0.89744854,2,110,0.0054544136,0.99952084,2,132,0.010606984,0.9683956,2,152
41,0.0,0.9786842,2,22,0.007835625,0.9899658,2,43
42,0.004975993,0.95634407,2,21,0.0017982867,0.8745898,2,41,0.030268755,0.79116297,2,61,0.0170267,0.70770586,2,81,0.0018587748,0.39838636,2,102,0.0,0.5171037,1,131,0.0,0.65718305,2,151,0.0,0.46079358,1,173,0.016739674,0.7295264,0,200
43,0.01196733,0.98093885,2,23,0.0,0.95808524,2,43,0.007456582,0.9145323,2,63,0.0017207426,0.9192847,2,83,0.0,0.9683768,2,106,0.004513214,0.88724077,2,126,0.0062639355,0.9280796,2,146,0.0005430611,0.98221874,2,168,0.0023582145,0.97271925,2,200
44,0.0026641574,1.024201,2,35
45,0.011859209,0.96848947,2,22,0.0052765138,0.9878702,2,42,0.05627487,1.0045191,2,62,0.0045471922,1.0099607,2,93,0.02652807,0.97419703,2,118,0.025558284,0.94914305,2,138,0.00376455,0.929154,2,159,0.0,0.8710602,2,179,0.08870979,0.5952939,0,199
