1718102629222 2.2661290574766757 0
1718103390075 2.1478412405569527 0
1718104156844 2.3162372103022992 0
1718104933983 2.2688839630113966 0
1718105703141 2.2296699388404746 0
1718106466573 2.1086814941324143 0
1718107228596 2.0954430487138636 0
1718107988648 2.0110847452338105 0
1718108745546 2.050213809784531 0
1718109502325 1.9606525100109229 0
1718110253714 1.9436154392769434 0
1718111008519 1.979239078468386 0
1718111762930 1.9032266338186266 0
1718112518145 1.917332472184347 0
1718113269534 1.8471414100129744 0
1718114017898 1.7998278599304165 0
1718114765429 1.7738420160878532 0
1718115513499 1.7372762658025434 0
