1718102629247 0.8587377071380615 0
1718103390097 0.879348635673523 0
1718104156887 0.8906417489051819 0
1718104934012 0.8980394601821899 0
1718105703160 0.9035158753395081 0
1718106466599 0.8975790739059448 0
1718107228618 0.9075206518173218 0
1718107988666 0.9110721349716187 0
1718108745562 0.9120001792907715 0
1718109502355 0.9203025698661804 0
1718110253739 0.9217711687088013 0
1718111008537 0.921457827091217 0
1718111762959 0.9233112931251526 0
1718112518163 0.9258201122283936 0
1718113269556 0.930156409740448 0
1718114017916 0.9291706681251526 0
1718114765458 0.9312873482704163 0
1718115513525 0.9314672350883484 0
