1717577716454 0.7288914322853088 0
1717577920166 0.900845468044281 0
1717578120153 0.9298787117004395 0
1717578325241 0.9384376406669617 0
1717578508790 0.9451501965522766 0
1717578680873 0.9495670795440674 0
1717578852347 0.9521964192390442 0
1717579010745 0.9605286717414856 0
1717579184516 0.963201105594635 0
1717579332257 0.9660649299621582 0
1717579473166 0.9648569226264954 0
1717579634358 0.9700567126274109 0
1717579784057 0.9712768793106079 0
1717579912916 0.9762081503868103 0
1717580037157 0.9733204245567322 0
1717580160736 0.9758915305137634 0
1717580280676 0.9767764806747437 0
1717580398000 0.9807685017585754 0
1717580513691 0.9821410775184631 0
1717580626112 0.9848090410232544 0
1717580738034 0.9836516380310059 0
1717580848847 0.979706346988678 0
1717580955328 0.9837194681167603 0
1717581062007 0.9842743873596191 0
1717581165440 0.9855429530143738 0
1717581270089 0.9856504201889038 0
1717581371456 0.9839685559272766 0
1717581471841 0.9893229603767395 0
1717581570199 0.9895083904266357 0
1717581667795 0.9906680583953857 0
1717581763316 0.9876769781112671 0
1717581860225 0.9891355037689209 0
1717581955157 0.9916852116584778 0
1717582049343 0.9900011420249939 0
1717582141373 0.9900081157684326 0
1717582233635 0.9864659309387207 0
1717582327283 0.9904410243034363 0
1717582423635 0.9932311177253723 0
1717582513720 0.9924376606941223 0
1717582603183 0.9932911396026611 0
1717582691417 0.9941859841346741 0
1717582778796 0.9940698146820068 0
1717582866621 0.9915395379066467 0
1717582952840 0.9952570796012878 0
1717583037881 0.9949114322662354 0
1717583127567 0.9969903230667114 0
1717583213653 0.9968125224113464 0
1717583298579 0.9953299760818481 0
1717583383142 0.9955135583877563 0
1717583467339 0.9966887831687927 0
1717583551570 0.9970213770866394 0
1717583634817 0.992200493812561 0
1717583718008 0.9969580769538879 0
1717583801087 0.9963346123695374 0
1717583884170 0.9971007108688354 0
1717583966165 0.9953991770744324 0
1717584047950 0.9972914457321167 0
1717584130133 0.9962390661239624 0
1717584211685 0.9948484301567078 0
1717584293679 0.9959456920623779 0
1717584374878 0.9965417385101318 0
1717584455832 0.9934731721878052 0
1717584536404 0.9956566691398621 0
1717584616447 0.9981468319892883 0
1717584696978 0.9981869459152222 0
1717584777937 0.9986212849617004 0
1717584859050 0.9987866282463074 0
1717584939316 0.9986828565597534 0
1717585019494 0.9974877834320068 0
1717585100466 0.9981248378753662 0
1717585180921 0.9981802701950073 0
1717585261070 0.9986531734466553 0
1717585340607 0.998874306678772 0
1717585420271 0.998882532119751 0
1717585500311 0.9990191459655762 0
1717585579737 0.9989719390869141 0
1717585659586 0.998394250869751 0
1717585750920 0.9990039467811584 0
1717585829729 0.9987973570823669 0
1717585936403 0.9989510774612427 0
1717586042546 0.9979021549224854 0
1717586139395 0.9976791739463806 0
1717586218072 0.9972013235092163 0
1717586296737 0.9986650347709656 0
1717586375814 0.9983814358711243 0
1717586454574 0.9986399412155151 0
1717586532678 0.9982889890670776 0
1717586610926 0.9978685975074768 0
1717586691148 0.997839093208313 0
1717586770793 0.996021032333374 0
1717586849878 0.9979506731033325 0
1717586929369 0.9973787665367126 0
1717587008454 0.998779296875 0
1717587087240 0.9984459280967712 0
1717587166096 0.9968383312225342 0
1717587272980 0.9970867037773132 0
1717587379133 0.9976439476013184 0
1717587459093 0.9957600831985474 0
1717587538323 0.9962071776390076 0
1717587616177 0.9969548583030701 0
1717587694583 0.9985148310661316 0
1717587772645 0.998301088809967 0
1717587863830 0.9972546100616455 0
1717587941904 0.9985948204994202 0
1717588020050 0.9990633726119995 0
1717588098443 0.997136652469635 0
1717588177548 0.9968701601028442 0
1717588257004 0.997979998588562 0
1717588335234 0.9976008534431458 0
1717588414032 0.9977052807807922 0
1717588493178 0.9973483681678772 0
1717588571355 0.9969689846038818 0
1717588650364 0.9985012412071228 0
1717588728905 0.9989475607872009 0
1717588807423 0.9990326762199402 0
1717588886990 0.9991043210029602 0
1717588971378 0.9992051124572754 0
1717589050854 0.9992085695266724 0
1717589152526 0.999015212059021 0
1717589237158 0.998622715473175 0
1717589315843 0.9990007877349854 0
1717589395129 0.9986131191253662 0
1717589474244 0.9990536570549011 0
1717589557252 0.9992632865905762 0
1717589642340 0.9994504451751709 0
1717589721616 0.9995452761650085 0
1717589823465 0.9995391368865967 0
1717589903437 0.9995695948600769 0
1717589988278 0.9995304942131042 0
1717590068204 0.999603807926178 0
1717590176825 0.9995442628860474 0
1717590261591 0.9994932413101196 0
1717590340955 0.9995816349983215 0
1717590447887 0.9995735287666321 0
1717590554363 0.9996100068092346 0
1717590650241 0.9996145963668823 0
1717590729909 0.9996176958084106 0
1717590809450 0.9992421865463257 0
1717590888478 0.9996040463447571 0
1717590967788 0.9995850324630737 0
1717591046844 0.9988584518432617 0
1717591126252 0.9996190667152405 0
1717591207293 0.9996345043182373 0
1717591287352 0.9996359348297119 0
1717591373568 0.9995998740196228 0
1717591480832 0.999614953994751 0
1717591588467 0.9996116757392883 0
1717591684480 0.9991211891174316 0
1717591767302 0.9985225200653076 0
1717591873800 0.9975812435150146 0
