1719878397106 1.0435244278939386 0
1719887449652 0.964512325944332 0
1719896337949 0.9475777985353205 0
1719905559304 0.9361444785532718 0
1719914412345 0.9284111691912875 0
1719923326772 0.9237405910443297 0
1719932220944 0.9187284189725541 0
1719941071128 0.9155937185440901 0
1719949598218 0.9121035216391035 0
1719958461543 0.9098316523378177 0
1719967134775 0.9075081361566695 0
1719975799271 0.9053235640366276 0
1719984479429 0.9030449796354899 0
1719993160254 0.9006137306444673 0
1720001687592 0.9000259058792206 0
1720010148481 0.8978103930521699 0
1720018777073 0.8966740882978189 0
1720027752926 0.8960139546447567 0
1720036371161 0.895951027928313 0
1720044952201 0.8936187856791882 0
1720053873472 0.8934531630894037 0
1720062536501 0.8910937125964616 0
1720071186988 0.8909474791803315 0
1720079903557 0.8901754560263594 0
1720088712504 0.8885338870061991 0
