1719878397142 0.8848220109939575 0
1719887449675 0.9152911901473999 0
1719896337990 0.92164546251297 0
1719905559339 0.9257873892784119 0
1719914412379 0.9289513826370239 0
1719923326811 0.9310846924781799 0
1719932220987 0.9329013824462891 0
1719941071166 0.9346418380737305 0
1719949598262 0.9361507296562195 0
1719958461589 0.9367749094963074 0
1719967134819 0.9377641081809998 0
1719975799320 0.9386598467826843 0
1719984479470 0.9397229552268982 0
1719993160273 0.9405788779258728 0
1720001687625 0.9409154653549194 0
1720010148542 0.9420837163925171 0
1720018777104 0.9424756765365601 0
1720027752955 0.9428972005844116 0
1720036371225 0.9429770112037659 0
1720044952226 0.9440813064575195 0
1720053873511 0.944102942943573 0
1720062536546 0.9450696706771851 0
1720071187006 0.945095419883728 0
1720079903609 0.9455733299255371 0
1720088712540 0.9463528394699097 0
