1716990724849 1.0492974990528028 0
1716990740004 0.8969080820763536 0
1716990755271 0.8429748561995114 0
1716990770558 0.810106341319952 0
1716990785794 0.7838706385127598 0
1716990801103 0.762224428403221 0
1716990816397 0.7486397568996136 0
1716990831857 0.7396324413355028 0
1716990847450 0.727810337932651 0
1716990863057 0.7197576730604691 0
1716990880666 0.7158781058121801 0
1716990899337 0.7068252850876069 0
1716990916148 0.6992230737410612 0
1716990933236 0.6933216991165119 0
1716990948765 0.6891730403587026 0
1716990966318 0.6812044471781875 0
1716990981942 0.676207401381201 0
1716990997214 0.6708546353549492 0
1716991012467 0.670740255651957 0
1716991027762 0.669264274556015 0
1716991043004 0.6655899437462411 0
1716991058378 0.6680599885407353 0
1716991073669 0.6598027036292915 0
1716991088938 0.656602842007077 0
1716991104157 0.6484587473225191 0
1716991119504 0.6448688641498057 0
1716991134842 0.638799894862506 0
1716991150171 0.6404097073073682 0
1716991165569 0.6416067463595693 0
1716991180872 0.6420822553294685 0
1716991196119 0.6381425655357833 0
1716991211318 0.6340348887846126 0
1716991226594 0.6292688310929132 0
1716991241840 0.6234107268684129 0
1716991257113 0.6226576589956516 0
1716991272405 0.6274767670801388 0
1716991287700 0.6255794406160852 0
1716991303001 0.6232966951983955 0
1716991318305 0.6179439308943042 0
1716991333567 0.6148227040360613 0
1716991348848 0.6097505696942613 0
1716991364174 0.6086484459506638 0
1716991379447 0.6055560851857541 0
1716991394686 0.6067980766072729 0
1716991409920 0.6075709325958596 0
1716991425064 0.6091959309622673 0
1716991440173 0.6064646654907355 0
1716991455219 0.6026512742713513 0
1716991470285 0.6007001218607905 0
1716991485382 0.5978707684584899 0
1716991500633 0.59881239187874 0
1716991515906 0.5979060487273039 0
1716991531194 0.5956341257462134 0
1716991546464 0.5939934316316644 0
1716991561718 0.5958987776155096 0
1716991576969 0.5946279987161647 0
1716991592244 0.5973240746342442 0
1716991607596 0.5962428853614693 0
1716991622905 0.5917353899349191 0
1716991638241 0.5885218712447061 0
1716991653623 0.5908816548046878 0
1716991668927 0.5888549944920567 0
1716991684287 0.5873724530382854 0
1716991699556 0.5851258022252883 0
1716991714728 0.5856520688556148 0
1716991730018 0.5958463975233611 0
1716991745262 0.5960868051307062 0
1716991760624 0.5945616383489927 0
1716991775991 0.5909150809552836 0
1716991791359 0.5885603893764918 0
1716991806731 0.5885932634292803 0
1716991822043 0.5864035384963646 0
1716991837247 0.5836172002117809 0
1716991852420 0.5801826171087726 0
1716991867667 0.5796680136648397 0
1716991882901 0.5799199882188837 0
1716991898286 0.5782846581421471 0
1716991913589 0.5788425901370021 0
1716991928827 0.576569473407953 0
1716991944075 0.5778888787605972 0
1716991959309 0.5762125890205769 0
1716991974685 0.5762593674391341 0
1716991990006 0.5753213408293018 0
1716992006514 0.5738375804214048 0
1716992022420 0.5742457520894664 0
1716992037680 0.5751202444645522 0
1716992052911 0.5821688241851263 0
1716992068203 0.5826465232287295 0
1716992083448 0.5811571952325989 0
1716992098872 0.5884529815382179 0
1716992114151 0.5949416468335809 0
1716992129411 0.5866835823202222 0
1716992144677 0.5927088965394484 0
1716992159951 0.5960952459983039 0
1716992175224 0.5897351019825318 0
1716992190500 0.5818904532276891 0
1716992205796 0.5819004822403584 0
1716992221130 0.5787837273855371 0
1716992236446 0.5765580774024548 0
1716992251686 0.5733579441932979 0
1716992266766 0.573171169292636 0
1716992281924 0.5724487347406025 0
1716992297026 0.5713535479935652 0
1716992312205 0.5714035674957576 0
1716992327479 0.5704396966921679 0
1716992342807 0.5705447393555131 0
1716992358146 0.5712268868709371 0
1716992376105 0.5696906039907158 0
1716992392417 0.5694452691257111 0
1716992407637 0.5685578490064024 0
1716992422863 0.5688945044719703 0
1716992438088 0.5692317654670515 0
1716992453314 0.5693381192760217 0
1716992468542 0.568968041104179 0
1716992487052 0.5680758606873131 0
1716992505564 0.5676111132745224 0
1716992521747 0.5668341696374188 0
1716992537057 0.5680121908268383 0
1716992552377 0.570673017810478 0
1716992567685 0.5719297864647341 0
1716992583008 0.5695806916838068 0
1716992598326 0.5680479259920389 0
1716992613640 0.5679257006179995 0
1716992628955 0.5682796336920132 0
1716992644255 0.5695125382121017 0
1716992659572 0.5707899383711322 0
1716992674818 0.5694320508060491 0
1716992690070 0.5694857826599709 0
1716992705331 0.5685834855120804 0
1716992720619 0.5681925137539519 0
1716992735812 0.567620846411077 0
1716992751117 0.5686428449838291 0
1716992766446 0.5670966238733975 0
1716992781740 0.5657612143045966 0
1716992796961 0.5658435863804414 0
1716992812182 0.565780853241067 0
1716992827475 0.5662233960561412 0
1716992842562 0.5650918424912287 0
1716992857792 0.5662492459978887 0
1716992873093 0.5660648268338216 0
1716992888407 0.5656855064306205 0
1716992903715 0.5667677342779864 0
1716992918924 0.5692930238331907 0
1716992934182 0.5692055899027811 0
1716992949446 0.5669524925063744 0
1716992964744 0.565664383752261 0
1716992979962 0.5664095584491852 0
1716992995225 0.5655663442209111 0
1716993010449 0.5655664802939538 0
1716993025743 0.5650150967583647 0
