1716990724888 0.7127434611320496 0
1716990740030 0.8450629711151123 0
1716990755294 0.8663188815116882 0
1716990770580 0.8821517825126648 0
1716990785834 0.8951554894447327 0
1716990801125 0.9062368869781494 0
1716990816421 0.9094288945198059 0
1716990831881 0.9108385443687439 0
1716990847486 0.9163486957550049 0
1716990863083 0.9216049313545227 0
1716990880690 0.923275887966156 0
1716990899357 0.9279740452766418 0
1716990916180 0.931360125541687 0
1716990933259 0.934688150882721 0
1716990948788 0.9368604421615601 0
1716990966340 0.9412912726402283 0
1716990981979 0.9436969757080078 0
1716990997237 0.9483157396316528 0
1716991012496 0.9447950720787048 0
1716991027789 0.9458749890327454 0
1716991043036 0.9479532241821289 0
1716991058400 0.9451396465301514 0
1716991073694 0.951303243637085 0
1716991088967 0.9533913135528564 0
1716991104198 0.9601489305496216 0
1716991119525 0.9608707427978516 0
1716991134871 0.9649121165275574 0
1716991150191 0.9634343981742859 0
1716991165605 0.9608279466629028 0
1716991180889 0.9605870842933655 0
1716991196143 0.9633749723434448 0
1716991211341 0.965570867061615 0
1716991226629 0.9694309234619141 0
1716991241860 0.9720068573951721 0
1716991257133 0.9723522663116455 0
1716991272428 0.9685248136520386 0
1716991287734 0.9687936902046204 0
1716991303022 0.9709373712539673 0
1716991318331 0.9742481708526611 0
1716991333590 0.9759817123413086 0
1716991348886 0.9786840081214905 0
1716991364194 0.9783115983009338 0
1716991379473 0.9812644720077515 0
1716991394705 0.9794666171073914 0
1716991409962 0.9786900281906128 0
1716991425086 0.9774389266967773 0
1716991440197 0.979912519454956 0
1716991455241 0.9817966222763062 0
1716991470322 0.9818480014801025 0
1716991485403 0.9844425916671753 0
1716991500658 0.9828598499298096 0
1716991515929 0.9832387566566467 0
1716991531237 0.9862660765647888 0
1716991546476 0.9855873584747314 0
1716991561741 0.9840257167816162 0
1716991576989 0.9853271842002869 0
1716991592268 0.9840781092643738 0
1716991607643 0.9844633936882019 0
1716991622929 0.9872546792030334 0
1716991638280 0.98880535364151 0
1716991653652 0.9858637452125549 0
1716991668953 0.9886236190795898 0
1716991684313 0.9889111518859863 0
1716991699581 0.990318775177002 0
1716991714762 0.9890428185462952 0
1716991730040 0.9834644198417664 0
1716991745297 0.982538104057312 0
1716991760647 0.9840373992919922 0
1716991776033 0.9866848587989807 0
1716991791384 0.9869882464408875 0
1716991806757 0.9875403046607971 0
1716991822065 0.988284707069397 0
1716991837285 0.9902995824813843 0
1716991852441 0.9921293258666992 0
1716991867688 0.9923236966133118 0
1716991882931 0.9913386702537537 0
1716991898325 0.9923105239868164 0
1716991913615 0.9918766617774963 0
1716991928851 0.9926329851150513 0
1716991944097 0.9929526448249817 0
1716991959344 0.9934782981872559 0
1716991974715 0.9938116669654846 0
1716991990027 0.9940354824066162 0
1716992006535 0.9944310188293457 0
1716992022463 0.9943392276763916 0
1716992037708 0.9929437637329102 0
1716992052932 0.9896894693374634 0
1716992068225 0.988822877407074 0
1716992083490 0.9899066090583801 0
1716992098900 0.9842743873596191 0
1716992114176 0.9804714322090149 0
1716992129434 0.9867927432060242 0
1716992144708 0.9837632179260254 0
1716992159977 0.9799206256866455 0
1716992175247 0.9850855469703674 0
1716992190522 0.9900448322296143 0
1716992205834 0.9897604584693909 0
1716992221145 0.9917981624603271 0
1716992236468 0.9927413463592529 0
1716992251709 0.9941436648368835 0
1716992266810 0.9944207072257996 0
1716992281944 0.9943963885307312 0
1716992297052 0.9947943687438965 0
1716992312238 0.9947009086608887 0
1716992327517 0.9952818155288696 0
1716992342828 0.9949557781219482 0
1716992358168 0.9949989914894104 0
1716992376134 0.99522864818573 0
1716992392454 0.9952732920646667 0
1716992407658 0.9955370426177979 0
1716992422891 0.9954236149787903 0
1716992438109 0.9954463243484497 0
1716992453355 0.9953806400299072 0
1716992468565 0.9954691529273987 0
1716992487073 0.9955766797065735 0
1716992505584 0.9956919550895691 0
1716992521785 0.9957547783851624 0
1716992537079 0.994661271572113 0
1716992552400 0.9932498931884766 0
1716992567707 0.9930516481399536 0
1716992583049 0.9942673444747925 0
1716992598351 0.9947699904441833 0
1716992613664 0.9946572184562683 0
1716992628979 0.9955145716667175 0
1716992644295 0.9930526614189148 0
1716992659596 0.9931159615516663 0
1716992674839 0.9949402213096619 0
1716992690095 0.9941719770431519 0
1716992705365 0.9947551488876343 0
1716992720648 0.9951831698417664 0
1716992735841 0.9952533841133118 0
1716992751143 0.9948726892471313 0
1716992766480 0.9959936141967773 0
1716992781760 0.996080219745636 0
1716992796986 0.996145486831665 0
1716992812204 0.9962148666381836 0
1716992827505 0.9961341619491577 0
1716992842581 0.996198832988739 0
1716992857818 0.9960075616836548 0
1716992873115 0.9957585334777832 0
1716992888445 0.995705783367157 0
1716992903740 0.9950252771377563 0
1716992918951 0.9944934248924255 0
1716992934211 0.993819534778595 0
1716992949483 0.9952095150947571 0
1716992964768 0.9957491159439087 0
1716992979981 0.9961104989051819 0
1716992995251 0.9958922863006592 0
1716993010489 0.9958311915397644 0
1716993025768 0.9960772395133972 0
