1718197984713 0.9139811396598816 0
1718199440655 0.9521849155426025 0
1718200698772 0.9588180780410767 0
1718201836628 0.9600810408592224 0
1718202965706 0.9636346697807312 0
1718203980634 0.9677577018737793 0
1718204994945 0.9677804708480835 0
1718206008920 0.9674827456474304 0
1718207010189 0.9680487513542175 0
1718208129347 0.9704924821853638 0
1718209194819 0.970474898815155 0
1718210178728 0.9716143608093262 0
1718211223234 0.9718365669250488 0
1718212168346 0.971736490726471 0
1718213111712 0.9723175764083862 0
1718214049091 0.9730556011199951 0
1718214984338 0.9740389585494995 0
1718215955626 0.9726507067680359 0
1718216989752 0.9738283157348633 0
1718217920223 0.9757897853851318 0
1718218871883 0.9760243892669678 0
1718219808662 0.9746814966201782 0
1718220737119 0.9761537313461304 0
1718221669488 0.9748926162719727 0
1718222597728 0.9777631163597107 0
1718223660440 0.9761788845062256 0
1718224604697 0.9754639267921448 0
1718225552635 0.9755159616470337 0
1718226556535 0.9770660996437073 0
1718227526304 0.9763727784156799 0
1718229005698 0.9778345227241516 0
1718232678948 0.9783594012260437 0
1718236326686 0.9797710180282593 0
1718240004295 0.9772916436195374 0
1718243714634 0.9788179993629456 0
1718247348369 0.9782631993293762 0
1718250997415 0.978134036064148 0
1718254626576 0.9800870418548584 0
1718258269150 0.9805828332901001 0
1718261894119 0.9810286164283752 0
1718265494653 0.9804274439811707 0
1718269139296 0.9807310104370117 0
1718272780895 0.9795543551445007 0
1718276398709 0.97934889793396 0
1718280072579 0.980653703212738 0
1718283746170 0.9819566607475281 0
1718287389764 0.9810614585876465 0
1718291003512 0.9834286570549011 0
1718294611078 0.9818449020385742 0
1718298254055 0.9826018810272217 0
1718301913867 0.9835270643234253 0
1718305529354 0.9817700982093811 0
1718309168927 0.980805516242981 0
1718312776922 0.9837564826011658 0
1718316397147 0.9838413596153259 0
1718320017707 0.9841122627258301 0
1718323619568 0.9849473237991333 0
1718327215406 0.9847034215927124 0
1718330846545 0.9842846989631653 0
1718334505326 0.9837544560432434 0
1718338121069 0.9847843050956726 0
1718341694514 0.9853255152702332 0
1718345314489 0.9851043224334717 0
1718348904276 0.9852213859558105 0
1718352467630 0.9861516356468201 0
1718356063840 0.9862120747566223 0
1718359652512 0.9860033392906189 0
1718363264059 0.9846068620681763 0
1718366830808 0.9872941374778748 0
1718370460216 0.9850675463676453 0
1718374068881 0.9873027801513672 0
1718377689357 0.9865503311157227 0
1718381277088 0.9857255816459656 0
1718384906676 0.9872848987579346 0
1718388487879 0.9872510433197021 0
1718392091465 0.9874573945999146 0
1718395675188 0.9888108968734741 0
1718399253712 0.9895984530448914 0
1718402833583 0.9882439970970154 0
1718406427176 0.9881054759025574 0
1718410003752 0.9894826412200928 0
1718413610188 0.9884093999862671 0
1718417242419 0.9899234175682068 0
1718420895786 0.9885827898979187 0
1718424480971 0.9886556267738342 0
1718428101687 0.9904467463493347 0
1718431680491 0.9870235919952393 0
1718435281652 0.9909738898277283 0
1718438867603 0.9908463358879089 0
1718442462795 0.9911845922470093 0
1718446087625 0.9911013841629028 0
1718449705964 0.990276575088501 0
1718453321340 0.9913926124572754 0
1718456927343 0.9904605746269226 0
1718460549925 0.9897583723068237 0
1718464143785 0.9900062680244446 0
1718467727684 0.9893553853034973 0
1718471325870 0.9913394451141357 0
1718474952854 0.9917831420898438 0
1718478558036 0.9919436573982239 0
1718482145069 0.9925485849380493 0
1718485735665 0.9935616254806519 0
1718489333667 0.9927076697349548 0
1718492922214 0.9932951331138611 0
1718496525068 0.9933527708053589 0
1718500127650 0.9927537441253662 0
1718503694429 0.9939675331115723 0
1718507280052 0.9925757646560669 0
1718510847017 0.9937404990196228 0
1718514459318 0.9904395937919617 0
1718518028577 0.9945489168167114 0
1718521586395 0.9942120313644409 0
1718525141438 0.9942247271537781 0
1718528731396 0.9935121536254883 0
1718532299576 0.994570791721344 0
1718535873375 0.9926202893257141 0
1718539482219 0.9918437004089355 0
1718543069579 0.9934196472167969 0
1718546649258 0.9904269576072693 0
1718550269716 0.9925965070724487 0
1718553832185 0.9932630062103271 0
1718557405021 0.9939876794815063 0
1718560969678 0.9953128099441528 0
1718564537450 0.9947364926338196 0
1718568095277 0.9957473874092102 0
1718571646681 0.9947318434715271 0
1718575231773 0.9953771829605103 0
1718578819869 0.9953820705413818 0
1718582400996 0.9940145015716553 0
1718585955200 0.9953767657279968 0
1718589514334 0.9959211349487305 0
1718593061868 0.9958654046058655 0
1718596629280 0.9961511492729187 0
1718600188407 0.9962334632873535 0
1718603761170 0.996218740940094 0
1718607313446 0.9965829849243164 0
1718610901954 0.9948710799217224 0
1718614483711 0.9933731555938721 0
