1718197984681 0.8417490707967101 0
1718199440613 0.7289422288600934 0
1718200698714 0.7113982230041427 0
1718201836575 0.7015358466765993 0
1718202965666 0.6946002105109534 0
1718203980595 0.6867504372745424 0
1718204994908 0.6838710689456241 0
1718206008888 0.6835236306523232 0
1718207010148 0.6807789864663911 0
1718208129307 0.6760603744336706 0
1718209194782 0.6758069507669736 0
1718210178694 0.6726042402361309 0
1718211223160 0.6722303380678216 0
1718212168285 0.670734369072174 0
1718213111669 0.669535234192231 0
1718214049064 0.6684878441360799 0
1718214984314 0.6653533314544825 0
1718215955599 0.6685297096315894 0
1718216989708 0.6654938620723412 0
1718217920195 0.6613995417860992 0
1718218871857 0.6612290288642838 0
1718219808642 0.6634584549502258 0
1718220737077 0.6600367413952272 0
1718221669463 0.6619083213684552 0
1718222597700 0.6569054439582706 0
1718223660394 0.6607391972233387 0
1718224604675 0.6611674883709151 0
1718225552619 0.6606106874121151 0
1718226556490 0.6570846060964785 0
1718227526288 0.6568155930204492 0
1718229005675 0.6564403045518769 0
1718232678929 0.6550029020493506 0
1718236326625 0.6527941969754564 0
1718240004275 0.6541945339009205 0
1718243714590 0.6535937590575293 0
1718247348352 0.6537151091673897 0
1718250997384 0.6536573385106215 0
1718254626562 0.6508846886329058 0
1718258269013 0.6496522855797358 0
1718261894089 0.6489471381808041 0
1718265494622 0.6492579608578747 0
1718269139273 0.649381158525178 0
1718272780855 0.6510997242621893 0
1718276398681 0.6502165676365449 0
1718280072553 0.6481459085988572 0
1718283746127 0.6453595490724805 0
1718287389726 0.6454334069448011 0
1718291003469 0.6414125043671253 0
1718294611063 0.6450126379766318 0
1718298254039 0.6420742007883783 0
1718301913847 0.6399332069156758 0
1718305529328 0.6460002518286085 0
1718309168892 0.6448861513793351 0
1718312776884 0.6399345896784892 0
1718316397126 0.6398579791659785 0
1718320017678 0.6375283011558837 0
1718323619520 0.6374061408871444 0
1718327215374 0.6356347376949004 0
1718330846512 0.6361980991649838 0
1718334505313 0.6367852952937144 0
1718338121045 0.6353451942629232 0
1718341694500 0.632692360409555 0
1718345314474 0.6314804664047261 0
1718348904261 0.6343000280396941 0
1718352467612 0.6288844832363086 0
1718356063795 0.6289290847902131 0
1718359652486 0.6296052855910274 0
1718363264031 0.6318620933059802 0
1718366830766 0.6256051110795714 0
1718370460169 0.6310384281474496 0
1718374068840 0.6261147816017852 0
1718377689343 0.62592709663501 0
1718381277072 0.625164961937862 0
1718384906650 0.6219193032377355 0
1718388487851 0.6199758621443322 0
1718392091431 0.6191647905207349 0
1718395675147 0.6182325075976305 0
1718399253675 0.6154826982792109 0
1718402833547 0.6196884913628025 0
1718406427145 0.6180977760619273 0
1718410003718 0.6170547325019421 0
1718413610142 0.616451272906994 0
1718417242377 0.6148722034154547 0
1718420895757 0.6154313903287705 0
1718424480955 0.6140668920380665 0
1718428101646 0.6117320977219621 0
1718431680465 0.6192333907479688 0
1718435281624 0.6116101178700641 0
1718438867592 0.6098670989872614 0
1718442462757 0.6089596633108574 0
1718446087607 0.610946794940517 0
1718449705934 0.6116368864562871 0
1718453321319 0.6097336202407334 0
1718456927328 0.6089766846963894 0
1718460549893 0.6124010254157519 0
1718464143755 0.6109043809468575 0
1718467727656 0.6119291229790824 0
1718471325843 0.6083384302699636 0
1718474952824 0.6064874971674314 0
1718478557994 0.6058034896090587 0
1718482145039 0.6042819712796824 0
1718485735638 0.6027881543454199 0
1718489333616 0.6029393877866468 0
1718492922186 0.6027730961546252 0
1718496525052 0.6009803442741112 0
1718500127616 0.6024792881474595 0
1718503694404 0.5994526388209347 0
1718507280036 0.601801788086989 0
1718510846978 0.6001033493399385 0
1718514459288 0.6071608855023202 0
1718518028542 0.597540848968451 0
1718521586354 0.597490623961239 0
1718525141392 0.5975620795390663 0
1718528731362 0.6008214457874933 0
1718532299563 0.597929705449517 0
1718535873357 0.6017909263340225 0
1718539482190 0.6027851217285263 0
1718543069564 0.6012818418469975 0
1718546649219 0.6030177330451201 0
1718550269685 0.6024633061572161 0
1718553832166 0.5999800208768162 0
1718557404992 0.5962580094556343 0
1718560969662 0.5951019056055876 0
1718564537418 0.5951677663751587 0
1718568095246 0.5939390329492732 0
1718571646652 0.5957471999022698 0
1718575231752 0.5939912519933617 0
1718578819841 0.5943497161372202 0
1718582400978 0.5956182989817692 0
1718585955172 0.594223613899028 0
1718589514317 0.591904020777884 0
1718593061852 0.5910898127629912 0
1718596629217 0.5890754847506099 0
1718600188386 0.5903463409040125 0
1718603761145 0.5905121580134182 0
1718607313406 0.5887194697171798 0
1718610901924 0.5921306611143784 0
1718614483681 0.5986324115660094 0
