0,0.03786845,0.9517928,2,25,0.047835995,0.9506078,2,48,0.033254065,0.8867095,2,73,0.019934323,0.9025691,2,94,0.012709128,0.8799714,2,127,0.03861958,0.87676334,2,160,0.03151845,0.8828335,2,180,0.009306482,0.9181038,2,200
1,0.0030014003,0.987862,2,33
2,0.025354277,0.9921066,2,22,0.015038266,0.9278547,2,44,0.009220005,0.9380288,2,64,0.033177417,0.96608305,2,84,0.0032541805,0.9847377,2,105,0.0,1.0502291,2,125,0.0,0.99609417,0,147,0.006808976,0.9974852,2,168,0.006203569,1.019233,2,200
3,0.022500833,1.0054624,2,20,0.010333218,0.91770846,2,41,0.0,0.75873893,2,63,0.0,0.80405676,1,83,0.0,0.46561658,1,109,0.0,0.683245,1,129,0.0,0.6871823,2,149,0.0,0.61821216,1,169,0.0020522596,0.69223493,2,200
4,0.0026515091,0.9545843,2,25,0.0077184066,1.0498487,2,45,0.007833228,1.0107054,2,65,0.023958612,0.95972043,2,86,0.025778329,0.88107127,2,109,0.018294696,0.8844721,2,129,0.032933336,0.91918033,2,151,0.015117344,0.8400258,2,172,0.02807759,0.9225918,2,200
5,0.004309682,1.0114912,2,27,0.008352291,0.9674271,2,52,0.025364336,0.96594983,2,72,0.00021440527,1.0118059,2,92,0.0036309368,0.96329606,2,115,0.021077685,0.8704579,2,149
6,0.013635382,0.9890419,2,20,0.012467124,0.98585737,2,40,0.020811988,0.93230796,2,62,0.01586589,0.944195,2,85,0.023410942,0.8714836,2,105,0.041709136,0.7899118,2,125,0.0047105365,0.82546824,2,145,0.0317544,0.78134835,2,166,0.06191035,0.80804515,2,200
7,0.024808407,1.0045761,2,20,0.0,1.0644982,2,40,0.0034955747,1.0363199,2,60,0.0030165107,1.014669,2,91,0.0010847123,1.044607,2,117
8,0.005730443,1.0588274,2,25,0.00085754436,1.0565422,2,55
9,0.014067528,1.0249522,2,20,0.028810114,0.9480907,2,40,0.016576804,0.9803858,2,60,0.005753205,1.0249954,2,98
10,0.016936654,0.83289117,2,20,0.008372033,0.6264273,2,40,0.0015640524,0.81338656,0,62,0.0,1.0017202,0,82,0.0,0.55876046,2,105,0.0,0.44000545,2,126,0.0,0.6475738,1,146,0.0,0.41889125,2,168,0.028908972,0.5768602,1,200
11,0.0013681226,1.0073998,2,25,0.0,1.0209286,2,45,0.0062441956,1.0476888,2,85,0.0025506914,0.9575263,2,105,0.0118299965,0.9582449,3,125,0.0043391017,0.86632437,2,146
12,0.0035502403,0.9546094,2,20,0.008895822,0.83967113,3,52
13,0.011119944,0.91170764,2,24,0.04098182,0.819243,2,45,0.035266053,0.8062066,2,65,0.0042419606,0.84969485,2,85,0.0138549,0.8536086,2,105,0.0022899527,0.8481755,2,125,0.0045176507,0.9220091,2,145,0.017963521,0.9257932,0,165,0.004651569,0.8601177,2,200
14,0.019343114,0.93700886,2,22,0.022532577,0.9578171,2,60
15,0.014683224,0.87510145,2,20,0.031234844,0.9511939,2,41,0.0,0.93464863,2,61,0.0045525027,0.8740934,2,89
16,0.021977376,0.9663557,2,26,0.0,1.0625677,2,46,0.0018931655,1.1204756,2,70,0.010035942,0.99098086,2,91,0.0,0.94091815,2,111,0.029239282,0.9301767,2,132,0.05415356,0.86617374,2,152,0.009459514,0.8767227,0,172,0.0,1.0048509,2,200
17,0.026582744,0.9618542,2,21,0.00079688645,0.9424858,2,42,0.004386033,0.9634556,2,65,0.010363031,0.93981636,2,86,0.009492037,0.91004133,2,107,0.00078973826,0.84698564,2,127,0.0,0.9691714,2,148,0.006543661,0.7544916,2,168,0.02412781,0.8659045,2,200
18,0.008277918,1.0028204,2,20,0.021094935,0.95535165,2,40,0.009220869,0.9730249,2,62,0.045561902,0.92267674,2,82,0.0,0.88602096,2,102,0.017181082,0.8992025,2,126,0.0017835837,0.857942,2,148,0.0,0.4107658,0,168,0.00664463,0.62734485,2,200
19,0.021599436,1.0224347,2,20,0.0005790134,1.0336568,0,40,0.010024469,1.0811627,2,77,0.006320311,0.9430518,2,98,0.014225074,0.9403364,2,120,0.0,1.0354044,2,140,0.012534483,1.0398806,2,166,0.0033976114,1.0422009,0,200
20,0.006843506,0.9978497,2,21,0.03130986,0.9941367,2,41,0.004847738,0.94416285,2,62,0.0107749,0.960848,2,88,0.00068814354,1.0434073,2,111,0.0,1.1372592,2,131,0.007938037,1.0986803,3,151,0.008377213,1.1091745,3,171,0.0035894334,1.1113194,2,200
21,0.015668672,0.9782613,2,20,0.03679704,1.0566853,2,40,0.008454433,0.92180586,2,60,0.00080462877,0.9121345,2,86,0.014410247,0.9694656,2,107,0.00964837,0.956899,2,127,0.0,1.0015436,3,148,0.0025746955,1.0075015,2,168,0.00060338393,0.98063517,2,200
22,0.0062813708,0.9677528,2,23
23,0.022456648,0.93973523,2,22,0.012331729,1.0880612,2,42,0.008087214,1.0245148,2,62,0.0029421565,0.9822709,2,82,0.005281673,0.83149594,0,102,0.032591965,0.83394814,1,122,0.0,0.5880424,2,142,0.0056208656,0.5658248,2,162,0.0034794654,0.5708495,1,200
24,0.009896768,0.817828,2,20,0.0,0.6593757,2,40,0.0,0.83602214,2,61,0.0,0.84115076,0,81,0.0,1.2620952,0,101,0.0,1.0306244,0,121,0.0,0.85221225,0,142,0.0,0.37565324,0,163,0.012343254,0.61942154,0,200
25,0.009254778,0.970456,2,32,0.017265072,0.99830765,2,53,0.0025773814,1.0129517,2,79,0.0,0.9855854,2,101,0.018189617,1.0013369,2,122,0.0,1.0615298,2,144,0.0,1.0859385,0,165,0.0031913733,1.0151432,2,200
26,0.016376728,0.9459005,2,21,0.016069142,0.9719488,2,41,0.0,0.954238,2,62,0.0,1.0393436,2,82,0.00080518506,0.9776964,2,110,0.021287281,0.9831909,2,130,0.0,1.0132176,3,150,0.0,0.934382,2,178
27,0.0018772213,0.99168146,2,20,0.0034925903,1.0425658,2,41,0.005813315,1.0002965,2,63,0.014410156,0.99965703,2,83,0.005142258,0.9356775,2,103,0.021799548,0.8921464,0,123,0.0,0.8791088,2,143,0.0,0.7184368,2,166,0.0582247,0.749323,2,200
28,0.0074554384,1.0666226,2,25,0.0075935735,1.0363324,2,54,0.0,1.0216686,2,74,0.018219704,1.0021884,2,94,0.0073422855,0.95484793,2,114,0.015145791,0.97082627,2,134,0.035044383,0.96116495,2,154,0.0020309421,1.0018423,2,175,0.009501387,0.91481376,2,200
29,0.005618675,0.999959,2,20,0.023802875,0.99746245,2,42,0.05694767,0.993789,3,62,0.02287056,1.0793421,3,82,0.06439278,0.98795843,2,113
30,0.023039576,0.92050827,2,20,0.054217417,0.8502673,3,40,0.013046089,0.74840057,2,60,0.010628189,0.7020324,2,80,0.013041848,0.77981836,2,103,0.0051401765,0.75703293,2,123,0.006570334,0.8107126,0,146,0.0,0.673591,2,168,0.015559286,0.7309663,2,200
31,0.01761938,0.9991143,2,21,0.020003384,0.9242817,2,42,0.019503053,0.9074419,2,62,0.003997716,0.9326851,2,89,0.0055198343,0.9804433,2,119,0.0,0.89529425,2,141,0.035083793,0.82975006,0,161,0.060206633,0.50367653,2,200
32,0.00038927962,0.96869105,2,22,0.03216034,0.9458073,2,44,0.042614922,0.92717,2,64,0.012820137,0.97738093,2,104
33,0.020187888,0.9424726,2,20,0.008053693,0.9206959,2,40,0.013026836,1.0275842,2,62,0.0021307399,0.9603422,2,85,0.0057807243,0.9612531,2,111,0.012157849,0.90424836,2,131,0.007361251,0.8289302,2,151,0.07166789,0.91280174,2,171,0.11305666,0.9619761,2,200
34,0.02070182,0.9932414,2,31,0.0021332344,1.0078347,2,56,0.020644808,0.9232596,2,76,0.020953618,0.96798646,2,115,0.0007607307,0.9003047,2,135,0.009318184,0.94904983,2,156,0.011186056,0.93699986,2,179,0.005835254,0.9430476,0,200
35,0.0,0.98656946,2,25,0.0,0.89137775,2,45,0.027503412,1.0231626,2,70,0.025581684,0.9985013,2,90,0.040615644,0.9539937,2,113,0.0,0.9002005,2,133,0.0005863283,0.8791658,2,153,0.01887221,0.8998973,2,173,0.05458126,0.87351966,2,200
36,0.0037844118,1.0024245,2,26
37,0.004513677,1.0257535,2,25
38,0.005334072,1.0266055,2,24,0.018297452,0.95884424,2,47
39,0.017292872,1.0283662,2,21,0.0028706302,0.9596389,3,52
40,0.015117966,1.0504358,2,20,0.0059003574,1.0374961,2,42,0.003567332,1.000291,2,62,0.014482507,0.9972405,2,84,0.0,1.1060601,2,105,0.0,1.2133195,3,128,0.0008931992,1.2145885,3,149,0.0,1.0610533,3,171,0.0044340803,1.0409129,2,200
41,0.0067294952,0.9309873,2,22,0.0042767604,0.96993554,2,42,0.016435618,0.9532776,2,62,0.025833817,0.89871204,2,83,0.018576963,0.98556525,2,106,0.020966973,0.9980113,2,126,0.0070367716,0.99353147,2,147,0.0017405687,1.0472298,2,170,0.0010865825,1.0787665,2,200
42,0.005407213,0.90351015,2,22,0.0,0.8685645,2,42,0.00041359663,0.81644994,2,62,0.02387894,0.77449936,2,82,0.0,0.48192972,3,102,0.0,0.86076546,2,122,0.0,0.6536447,2,142,0.0,0.7740787,2,162,0.01417834,0.9132341,2,200
43,0.0010162175,1.0365973,2,38
44,0.0013916949,1.0474827,2,20
45,0.004592203,0.98748016,2,20,0.0,0.9780798,2,42,0.015270938,0.995855,2,62,0.0022192153,0.9643712,2,86
46,0.0,1.0263631,2,20,0.0011469729,1.062965,2,40,0.016411407,0.98442346,2,73
47,0.00619087,1.0354395,2,21
48,0.010127196,1.0194896,2,29,0.0,1.0533481,2,52,0.006761826,0.9713864,2,78,0.0024325743,0.97328436,2,98,0.004429629,0.92073417,2,125,0.037092734,0.8303383,2,145,0.011338565,0.9584876,2,166,0.045942057,0.84405655,2,200
49,0.012558067,0.98441666,2,21,0.007949665,1.0020654,2,41,0.02446836,1.0046092,2,63,0.0022713894,0.9566259,2,86
50,0.001100798,0.99257106,2,20,0.0104591735,1.0243564,2,44,0.036256034,1.031473,2,65,0.041755453,0.93286735,2,91,0.0032202236,0.93411577,2,111,0.0093583325,0.884358,2,132,0.006242574,0.8899398,2,153,0.031104336,0.8953252,2,174,0.10617227,0.92601687,2,200
51,0.012557252,0.95605576,2,23,0.006739646,0.9643739,2,43,0.026232306,0.9576922,2,64,0.0026159585,0.79133314,2,88,0.0,0.88435626,2,110,0.0,0.76150197,2,130,0.0028452582,0.8381464,2,150,0.0,0.8591277,2,170,0.007858516,0.9542133,2,200
52,0.017838413,1.0073516,2,23,0.0,1.0408404,2,44,0.004417064,0.99811393,2,65,0.0048166635,0.9332119,2,85,0.00849441,0.9745779,2,125,0.00026867053,1.0029072,2,148,0.0067812274,0.96603596,2,169,0.018736256,0.83387965,2,200
53,0.0011579916,0.9190206,2,21,0.009495227,0.94150275,2,41,0.019065522,0.9272477,2,61,0.023973385,0.90073824,0,81,0.048274644,0.7941009,2,102,0.037831012,0.6036463,2,124,0.013294628,0.81345415,2,144,0.07468746,0.5294729,2,165,0.10270905,0.44875002,2,200
54,0.01785263,0.9611085,0,21,0.029955,1.0383837,2,41,0.013560234,1.0319045,2,61,0.0071966923,1.0127162,2,86,0.0,1.1538161,2,107,0.0,1.1168402,2,129,0.011662953,1.0505788,2,150,0.005402093,0.97957134,2,170,0.009509297,0.99892193,2,200
55,0.010898254,0.9955051,2,21,0.0026394832,1.0139502,2,43
56,0.02487253,0.9024736,2,20,0.0051460485,0.9224904,2,41,0.0,0.7943743,2,69,0.020751549,0.8463619,2,90,0.0038328036,0.82972574,2,110,0.0,0.9070488,2,130,0.008357715,0.915213,2,152,0.02234764,0.97299516,2,172,0.0047313655,1.0037605,2,200
57,0.012765738,0.94683486,2,20,0.0040760892,0.99509656,2,49,0.022084558,1.0155168,2,74,0.0013946851,1.0245603,2,108,0.02442483,0.87081194,2,131
58,0.0,0.9836447,2,22,0.00058051886,0.9753499,2,42,0.011426277,0.9551595,2,62,0.008110348,0.91463524,2,83,0.0058832723,0.9415001,2,109,0.011644663,0.9027902,2,129,0.0016928297,0.78919494,2,149,0.01750505,0.9141936,2,170,0.04264636,0.86300105,2,200
59,0.0,1.0373204,2,26,0.0,1.07491,2,48,0.0,1.0536125,2,73,0.014476418,0.96753097,2,95,0.0,1.0323682,2,116,0.0,1.0561711,2,136,0.0,1.0519899,3,156,0.019530108,0.9686982,2,176,0.020088136,0.9586062,2,200
60,0.0,0.9110011,2,20,0.0,0.7388035,2,40,0.0029043623,0.912471,2,60,0.0026461356,0.9809007,2,86,0.019814739,0.8654749,2,106,0.0,0.98235875,3,126
61,0.0104378825,0.9323053,2,21,0.004608964,0.9553565,2,53,0.0033385693,1.0144134,2,74,0.0040971097,1.0049685,2,98,0.0,1.0858002,3,120,0.0036466352,1.0927122,2,141,0.0,1.0834037,2,163,0.011158307,1.0511093,2,200
62,0.0074041453,0.9102873,2,22,0.000925313,0.74576676,2,43,0.0,0.7429716,2,63,0.036026206,0.8306093,2,83,0.01174122,0.83328164,2,106,0.0,0.64528435,0,126,0.0,0.9294964,3,146,0.0,0.790247,2,166,0.029458804,0.6692296,2,200
63,0.028007071,0.874843,2,20,0.0423538,0.82637995,2,41,0.044637565,0.9129911,2,63,0.019977361,0.9867778,2,84,0.01916359,0.9577759,2,115
64,0.011951133,1.0097487,2,34
65,0.030279417,0.88379353,2,20,0.0045502833,0.5143964,2,43,0.030297244,0.41235057,2,63,0.119564846,0.57571924,2,83,0.0045213276,0.6265169,0,103,0.0,0.6059307,2,123,0.0,0.70220935,2,143,0.0068167215,0.9198952,2,163,0.021065628,0.8097719,0,200
66,0.015334378,0.96357846,2,30
67,0.0054047955,0.88685644,2,20,0.020659287,0.88595176,2,50
68,0.0,0.9664724,2,22,0.0,0.8902787,2,43,0.0065644025,0.8624836,2,63,0.03808421,0.77492505,2,83,0.0,0.7588184,2,103,0.009199371,0.87776536,2,124,0.00031288475,0.9597496,2,145,0.0058134566,1.0223445,2,167,0.0068880436,1.0531163,2,200
69,0.0,0.8934097,0,21,0.0,0.9216153,3,41,0.041994154,0.99483216,3,61,0.0060877865,0.9863406,3,82,0.014699563,0.88901156,2,102,0.010947356,0.82158107,2,122,0.0055137556,0.7870982,2,147
70,0.01424112,1.0438591,2,20,0.0024214692,0.94518703,2,50,0.009987734,1.016213,2,71,0.005112452,1.0215838,2,96,0.011675193,0.9986013,2,131,0.02809627,0.98855937,2,163,0.038271617,0.95945585,2,200
71,0.021527313,0.9870374,2,22,0.0095394,0.90312696,2,43,0.012273611,0.9341577,2,63,0.0075325575,0.9607979,2,95,0.0,0.9971768,2,115,0.0,0.8414103,0,135,0.006788352,0.911761,3,155,0.0041049076,0.78737295,2,175,0.0035378102,0.9208421,2,200
72,0.024654247,0.9390399,2,21,0.011653401,0.9108669,2,62
73,0.011652847,0.96183515,2,21,0.044045884,0.8038801,2,41,0.007346486,0.8258093,2,61,0.008140905,0.8772973,3,82,0.009307061,0.8924904,2,102,0.013613017,0.8454632,2,136
74,0.004067916,0.9257178,2,22,0.007497984,0.86620796,2,42,0.044267807,0.71812886,0,62,0.052846216,0.611283,0,82,0.07462868,0.6880674,0,103,0.018604597,0.5405443,0,124,0.0,0.7543069,2,145,0.0,0.99140996,2,165,0.013428606,0.7856266,2,200
75,0.005091085,1.038797,2,20,0.0035427366,1.0117358,2,47,5.8195556e-06,1.1228062,2,67,0.008679622,1.0712298,2,103,0.0032279305,1.0673597,2,123,0.0034320713,1.0123732,2,150,0.0043230085,1.0850905,2,176,0.0057963417,1.0713466,2,200
76,0.016889587,1.0188113,2,20,0.02367444,0.9581935,2,40,0.019988203,0.91987914,0,60,0.006922036,0.8623059,2,82,0.039649516,0.91048604,2,102,0.018655378,0.9078333,2,122,0.0020152752,0.86126727,2,144,0.022236822,0.89942944,2,164,0.0021325992,0.8322811,2,200
77,0.030121911,0.9801753,2,20,0.004556533,0.9551771,2,40,0.0003266193,1.0359318,2,60,0.0,1.115526,2,80,0.0030428201,1.0306208,2,100,0.0,1.0687486,2,120,0.0,0.8662451,2,144,0.0,0.912471,2,166,0.02511673,0.91597515,2,200
78,0.011409985,1.0534754,2,21,0.0069694426,1.0330422,2,66,0.0085954415,1.0526743,2,86,0.014074393,1.0178729,2,111,0.00029917213,1.031869,2,133,0.0011094393,1.0347106,2,164,0.0134147415,1.0599217,2,200
79,0.0,0.98315066,2,21,0.005996341,0.9559222,2,55,0.0024861435,0.9763116,2,86,0.008626865,1.0394576,2,106,0.014985741,1.010688,2,130,0.00158787,0.99920386,2,161,0.03650511,0.9786403,0,200
80,0.011921437,0.9698569,2,20,0.042944875,0.948754,2,40,0.026393602,0.8781398,2,61,0.021262646,0.8753646,2,81,0.0014781022,0.9230083,3,101,0.00016986163,0.9370595,2,122,0.0013888461,0.92282534,2,151,0.010392064,0.8839456,2,171,0.0072047776,0.8975385,2,200
81,0.0054942877,1.0440384,2,23,0.019048482,1.0294509,2,43,0.012711334,0.9975789,2,71,0.0,0.99631834,2,91,0.009815943,0.92681044,2,111,0.0,0.9727204,2,140,0.0,1.0270821,2,171,0.007759702,1.0379347,0,200
82,0.009820012,0.94986516,2,20,0.0026989912,0.8705595,2,41,0.016310865,0.83607465,2,61,0.023796216,0.91855,2,81,0.053943686,0.8647698,0,104,0.0062334584,0.7999476,2,124,0.0,0.79331005,2,144,0.03394815,0.8436908,2,166,0.03034729,0.937115,2,193
83,0.007855984,1.0069355,2,40
84,0.024117887,0.90139776,2,22,0.01317212,0.9360526,2,42,0.023920534,0.8876091,3,62,0.013586921,0.8625773,3,82,0.04619593,0.81353074,3,102,0.0,0.8803455,0,122,0.0,0.7897111,2,142,0.0046328553,0.6698745,0,162,0.017153699,0.57780635,2,200
85,0.0,0.92194986,2,20,0.032000437,0.91683424,2,42,0.004712604,0.8537792,2,62,0.028771633,0.9816609,2,84,0.076383516,0.9024679,2,104,0.0012269501,0.996463,2,124,0.027127918,0.97988474,2,145,0.01714543,0.9398562,2,165,0.0022096026,0.99236584,2,200
86,0.009587432,1.0356935,2,20,0.00491414,0.9260254,2,40,0.022581806,0.8900591,2,62,0.010778619,0.9606593,2,89,0.0030189976,0.9847266,2,113,0.0016707346,1.0200698,2,133,0.007149332,0.9016944,2,158,0.00043428858,0.9698076,2,178,0.029790824,0.8908571,2,200
87,0.002929935,0.9984002,2,23,0.044091422,0.91405016,2,62
88,0.009690809,0.97847694,2,22
89,0.003459914,1.030187,2,28
90,0.01522796,0.90475,2,21,0.02380861,0.9306056,2,44,0.06445156,0.64503604,2,65,0.008116835,0.74624985,2,85,0.114760324,0.6619824,2,105,0.053951226,0.6545683,2,125,0.11563204,0.54506016,2,145,0.01627877,0.6957098,2,165,0.05132152,0.6870324,2,200
91,0.0056634075,0.97436434,2,21,0.0053701876,0.935437,2,46,0.006016565,0.89516425,2,71,0.017390683,0.89374995,2,96,0.028989807,1.0065233,2,119,0.0060345135,0.8769271,2,139,0.0015225871,1.1053245,2,160,0.06307645,0.8668334,2,180,0.07358171,0.8094695,2,200
92,0.0,0.96365917,2,21,0.0,1.0561498,2,42,0.007417869,1.0411851,2,63,0.0,1.047221,2,83,0.0027685694,1.063057,2,103,0.013301907,1.096244,2,137,0.0,1.0787632,2,157,0.0,1.03919,2,177,0.0,1.0540746,2,200
93,0.009047249,0.9212507,2,20,0.0,0.80049056,2,40,0.0,0.6727463,2,60,0.028825535,0.78909636,2,84,0.0,0.69208026,2,104,0.0,0.71777356,2,124,0.0,0.81942123,2,146,0.0,0.6716509,2,166,0.012726702,0.7228598,1,200
94,0.019711575,0.87057495,2,20,0.040584624,0.82966006,2,43,0.016190993,0.70896983,2,64,0.0,0.73116064,0,84,0.06286525,0.46693137,0,111
95,0.0055657825,1.0052364,2,29
96,0.009097296,1.0231794,2,26
97,0.0008067981,0.9923083,2,20
98,0.009466026,1.0047097,2,27
99,0.04730936,0.8875109,0,31
100,0.0,1.0408434,2,21
101,0.010101452,0.9171167,2,25,0.042915907,0.8625365,2,46,0.0055369707,0.79448843,2,66,0.09765216,0.7593802,2,86,0.042832743,0.70404094,0,109,0.018641911,0.73872834,2,136,0.033082284,0.8474347,2,156,0.014115823,0.80621266,0,177,0.06539731,0.6473867,2,200
102,0.009045583,1.0363265,2,29
103,0.008589139,0.9648913,2,20,0.0045044,0.95764333,2,40,0.02499899,0.93799555,2,63,0.03941764,0.9312229,2,88,0.037126,0.8983823,2,118,0.077888906,0.89935976,2,141,0.043260746,0.86903656,2,164,0.0368266,0.9053353,2,200
104,0.010930379,0.9494795,2,21,0.00824322,1.0543852,0,41,0.0,1.1969091,0,63,0.0,1.156145,3,85,0.00030896376,1.1646298,0,108,0.008550427,1.1265924,3,129,0.005508365,1.2008204,0,152,0.0,1.099024,2,172,0.020212082,1.0083786,3,197
105,0.010790247,0.93753535,2,23,0.012132723,0.95988435,2,47,0.02915289,0.9424638,2,68,0.049118903,0.91369855,0,88,0.021727853,0.837572,2,114,0.002681693,0.90079916,2,134,0.07189001,0.887369,0,154,0.008855354,0.95741963,2,180,0.0,0.97218436,2,200
106,0.042616107,0.7296177,2,20,0.10799145,0.83554643,0,42,0.056500405,0.9819999,0,62,0.002198413,0.82290214,2,92
107,0.00066698884,0.9924312,2,23,0.007309194,0.9361984,2,45,0.0,0.8102944,2,66,0.009037706,0.863179,2,86,0.0034097382,0.7140138,2,106,0.006452352,0.66208804,2,127,0.0,0.43796444,0,151,0.0,0.4083187,1,171,0.034919623,0.5984451,1,191
108,0.005769974,0.96801734,2,23,0.0045634815,0.9839945,2,47,0.033636205,0.9227706,2,67,0.00674882,0.93957937,2,87,0.011426922,0.88047016,2,107,0.0038866268,0.8845205,2,129,0.027312879,0.88109046,2,149,0.026012804,0.5487305,0,169,0.0,0.40291828,1,200
109,0.0071321563,1.0315685,2,20,0.024951726,1.0527128,2,44,0.0,1.0767307,2,81,0.0,1.0549628,2,105,0.0048924983,1.0728672,2,137,0.014481211,1.0736222,2,159,0.0,1.0810683,0,180,0.005508562,1.0700061,2,200
110,0.0072040725,0.9104795,2,22,0.0065135965,0.85501236,2,43,0.06299392,0.9110588,2,64,0.060773004,0.8924249,0,84,0.07194847,0.652103,2,107,0.027227042,0.831543,3,129,0.0,0.59673464,1,149,0.014500841,0.4438325,2,170,0.0,0.6307928,2,200
111,0.010378492,1.0042275,2,20,0.0083544,0.9781835,2,55
112,0.029329527,0.9187385,2,33
113,0.0027124134,0.9803235,2,20,0.022499073,0.9783392,2,42,0.04480034,0.90923625,2,62,0.011798697,0.94183093,2,82,0.0,0.9873813,2,106,0.0007450661,1.0054599,2,126,0.00084453187,0.9982595,2,170,0.0,1.0045203,2,200
114,0.004084631,0.98840773,2,20,0.017994488,0.9956183,2,44
115,0.005165062,1.0860744,2,20,0.0,0.98260576,2,40,0.003368066,0.96951914,2,65
116,0.009622217,0.9853848,2,25,0.006529361,0.96726036,2,49,0.011310579,1.0401268,2,69,0.010661638,0.99779266,2,102,0.04680612,0.94865906,2,122,0.0055766176,0.93405104,2,143,0.0,0.9612924,2,163,0.0057975533,0.9746439,2,200
117,0.008005602,0.9429348,2,20,0.0,0.95786375,2,41,0.031554416,0.7533644,0,63,0.060738757,0.6574523,2,84,0.008804032,0.70246613,2,110,0.032277953,0.75498223,2,130,0.0,0.70360124,0,159,0.022295166,0.67744935,2,179,0.0,0.7415857,2,200
118,0.016367499,1.027541,2,20,0.036856234,1.0346456,2,42,0.0032266555,1.0072985,2,66,0.015012993,0.97897714,2,97,0.004036836,0.9049314,2,117,0.0061404514,0.95297647,2,143,0.010971461,0.92592365,2,164,0.005407267,0.91446376,2,200
119,0.0050366228,1.000144,2,26,0.0,1.0316182,2,48,0.00023536496,0.99677515,2,68,0.029740918,0.9658003,2,90,0.018661369,0.9319046,2,110,0.0025395774,0.9509603,0,130,0.009626644,0.9295242,2,152,0.00043634986,0.80200684,2,172,0.035474952,0.8069671,2,200
120,0.0139731765,0.9974743,2,20,0.014974234,0.9795273,2,40,0.009600823,1.0944605,2,61,0.0,1.1120158,2,81,0.0,1.0645976,2,104,0.0,1.1376642,2,125,0.0,1.0764322,0,148,0.0,1.081337,2,179,0.0018153581,1.0499699,0,200
121,0.0016036003,0.95076925,2,21,0.003667355,0.9903424,2,52
122,0.015192735,1.0390024,2,20,0.014164252,1.0110753,2,47,0.008063841,0.9851454,2,69,0.017502578,1.0471812,2,91
123,0.0,1.0573488,2,31
124,0.017226012,0.8951364,2,25
125,0.0072257733,1.0179932,2,20,0.020376671,0.98816144,2,40,0.014725057,1.049078,2,60,0.04426906,0.92583,2,81,0.0044325823,0.984584,2,101,6.872574e-05,1.0575311,2,121,0.0149711585,1.0444111,2,143,0.027373873,1.049737,2,164,0.0043648127,1.0145935,2,200
126,0.0014323989,0.9979065,2,20,0.010379931,0.96061265,2,40,0.0003450361,0.98403513,2,60,0.0058679357,1.0258586,2,80,0.00454254,0.9457314,2,106,0.014598383,0.9392735,2,129,0.007874167,0.95214283,2,149,0.00854017,0.9970188,2,169,0.0,0.9679911,2,200
127,0.0063589728,0.99102867,2,20,0.010461866,0.98619634,2,53,0.0039633843,1.0014691,2,84,0.0065179057,1.0113738,3,111,0.0008955936,1.0096229,2,174,0.0028567326,1.0275085,2,200
128,0.0036632058,0.9204933,2,20,0.05623918,0.9597067,2,41,0.061357845,0.82322675,2,61
129,0.0011455471,1.0270137,2,23,0.018283628,0.92610246,2,43,0.057889037,0.9386035,2,63,0.020298978,1.013049,2,87,0.0090153655,1.0271662,2,110,0.0060819983,0.9799068,2,131,0.009364565,0.9195108,2,152,0.0047676293,0.9248746,2,172,0.010062984,0.76439035,2,200
130,0.020050788,0.95612293,2,30
131,0.0065021706,0.91969174,2,21,0.0094877975,0.89980346,2,42,0.011385379,1.0339446,2,63,0.019610273,0.8634933,2,83,0.0,0.73493177,2,106,0.0025531843,0.7482943,2,126,0.03390325,0.8707406,2,146,0.016997099,0.80013037,2,180
132,0.0021040686,0.984813,2,21,0.022191636,1.0014687,2,44,0.006142184,0.96421117,2,72,0.0049633197,1.078922,2,96,0.0,0.9678696,2,116,0.04622238,0.8942561,2,136,0.0032376056,0.98225623,2,156,0.0,0.9763818,2,177,0.0048761875,1.0335308,2,200
133,0.0065831454,0.9926346,2,38,0.036290735,0.9356125,3,60,0.0024941254,0.996761,2,81,0.0010223055,0.97424436,2,103,0.0036567254,0.9503878,2,125,0.0008692478,0.9515921,2,145,0.01753284,1.044132,0,165,0.0063467585,1.0394061,2,200
134,0.0029439796,0.97609013,2,24,0.0015842486,0.87985384,2,44,0.05968405,0.7999541,2,65,0.015908308,0.8225694,2,85,0.042933524,0.8578971,2,105,0.0,0.7592823,2,125,0.011913519,0.76702726,2,145,0.0035230706,0.7958556,0,167,0.011185416,0.9684857,2,200
135,0.02598365,0.99364436,2,20,0.03755878,0.91197866,2,43,0.027576685,0.9918754,2,64,0.012354707,0.89642847,2,86,0.005191961,0.937727,2,106,0.0066833026,0.88093555,2,126,0.026794309,0.7470962,2,146,0.01340274,0.7966743,3,166,0.027324827,0.83592176,2,200
136,0.0074138474,1.0441525,2,22
137,0.0,1.0614983,2,22,0.0,1.0016798,2,43,0.0,1.0952768,2,74,0.0007874976,1.0705314,2,108
138,0.022458192,0.9883407,2,21,0.0003538427,0.9016094,2,42,0.020645587,0.9491263,2,63,0.0024400358,0.8943666,2,83,0.010137969,0.9075428,2,103,0.006055685,0.9269855,2,124,0.008334728,0.97632027,2,147,0.0059367805,1.0178359,2,167,0.018890694,0.9696569,2,200
139,0.0039966167,1.0108712,2,25,0.018593188,0.9390413,2,45,0.029394414,0.8685564,2,68,0.09427628,0.7980267,2,93,0.021470062,0.9342931,2,123,0.0,1.0175588,2,143,0.0,1.0296983,2,163,0.00751942,1.0000416,2,200
140,0.015365796,0.9636294,2,21,0.0076511567,0.9426047,2,42,0.01516546,0.8418015,2,62,0.041526712,0.88511515,2,85,0.0,0.8175322,2,105,0.06719996,0.8202704,0,125,0.013288173,0.85219544,3,145,0.0,0.703278,2,172
141,0.0012117309,1.0040269,2,20,0.02331901,0.9406147,2,40,0.02495019,0.95936084,2,62,0.0007001963,0.9944025,2,82,0.004428175,0.99292773,2,104,0.0,1.1052996,2,124,0.00022909022,1.0758569,2,148,0.0017231524,1.0683815,2,169,0.00038787493,1.0402715,2,200
142,0.0078063784,1.0195028,2,23
143,0.008387112,1.0483097,2,36,0.018222142,1.0042944,2,57,0.0060185553,1.0003064,2,80,0.0019676026,0.9108346,2,107,0.0,0.9745934,2,134,0.0012583559,1.033571,2,154,0.010706788,0.9584398,2,176,0.009354825,0.9684859,2,200
144,0.0023588508,0.9420904,2,20,0.004981286,0.87086636,2,43,0.012063401,0.8869447,2,64,0.0,0.82841,2,85,0.005182476,0.8097997,2,105,0.004093596,0.79838103,2,125,0.024366755,0.7967461,2,164
145,0.0,1.0680203,2,37,0.0,1.0726287,2,57,0.0,1.0794684,2,81,0.0,1.0131344,2,119,0.0,1.0552286,3,140,0.0,1.0247724,2,161,0.0039743464,1.0087925,2,200
146,0.036375478,0.8752836,2,22,0.021950057,0.79639953,2,42,0.0081542535,0.901615,2,62,0.0,0.6078363,1,82,0.012342738,0.5723214,2,105,0.019635167,0.5074067,2,126,0.0002855591,0.43537313,2,147,0.0,0.5410426,2,167,0.022514993,0.5663524,2,200
147,0.0028506285,0.9825432,2,25,0.015941262,1.042641,2,45,0.01128347,1.0552561,2,66,0.010850909,1.107618,2,86,0.0,1.0957642,2,106,0.0012899588,1.0581945,2,126,0.0097065745,1.0148089,2,149,0.0052202092,0.9843603,2,177,0.0017730324,0.93844813,2,200
148,0.009978667,0.99025315,2,39
149,0.0,0.8616477,2,21,0.007282325,0.73407453,2,41,0.0,0.61387885,2,61,0.0,0.64030796,2,81,0.018921612,0.17719327,1,105,0.0,0.24873093,0,125,0.01008766,0.39190158,1,160
150,0.013196522,0.869949,2,20,0.0,0.6460974,2,40,0.016262034,0.7224719,2,68,0.0011982511,0.63067836,1,89,0.0,0.69148666,2,110,0.0006196067,0.5578767,2,131,0.026804212,0.8622552,2,152
151,0.007053397,1.0079309,2,22,0.0,0.9368409,2,50,0.017858494,0.8910465,2,71,0.021827353,1.001897,2,95,0.015614532,0.9555268,2,115,0.012910332,1.0198132,2,140,0.0059945774,1.0296594,2,162,0.0024889018,1.0652331,2,200
152,0.025161289,0.9866477,2,37
153,0.016259696,0.91591823,2,32
154,0.013654672,0.97171164,2,20,0.011328656,0.92149,2,45,0.020536747,0.9829852,2,69,0.0,1.0412887,2,97,0.00010021422,1.0759834,2,117
155,0.00413583,0.95677066,2,26,0.021825243,0.9605145,2,48,0.014706866,0.98388195,2,70,0.0,0.92421955,2,97,0.0076979483,0.9031159,2,118,0.017170673,0.8260392,0,138,0.0052325088,0.9294816,2,175
156,0.026366796,1.0186374,2,20,0.019516936,0.9809492,2,48,0.00020015569,0.9599088,2,87,0.0023801243,0.95964015,2,117,0.012463884,0.9148711,2,138,0.0,0.9718604,2,158,0.0124436645,0.874519,2,178,0.0,0.78937477,2,200
157,0.030919755,1.0039314,2,37,0.0041598952,0.99494725,2,57,0.0006251755,0.9966402,2,79,0.015144983,0.925232,2,101,0.008006131,0.8557259,0,121,0.0,0.88712204,2,141,0.0,0.9342726,2,161,0.00040766178,0.8620236,0,200
158,0.014612779,0.88279426,2,20,0.0049991077,0.93696654,2,40,0.023281071,0.8714841,2,60,0.01874547,0.8135727,2,80,0.03078272,0.8576705,3,100,0.04992602,0.77000886,2,120,0.0,0.8227404,2,142,0.0050562676,0.9092184,2,163,0.017370874,0.71473604,2,200
159,0.0044614095,1.0734062,2,20,0.0036937024,1.0244949,2,40,0.0051711313,1.0578086,2,60,0.0,1.0280757,3,80,0.0,1.0096763,2,104,0.0011234814,1.0428281,2,128,0.0013277729,1.0023781,2,163,0.0037088532,1.050968,2,200
160,0.005384604,0.9865202,2,20,0.027000558,1.0339097,2,40,0.04716428,0.933361,2,63,0.010311445,0.9427889,2,83,0.0085236905,0.9970457,2,103,0.013626559,0.9568378,2,123,0.010390786,0.99877226,2,143,0.018225297,0.9341765,2,166,0.02824822,0.8986784,2,200
161,0.00051824405,0.94332725,2,20,0.01750525,0.88819915,2,41,0.008276409,0.9078482,2,72,0.0,0.9456714,2,93,0.0034122504,0.9849206,2,113,0.033635896,0.9138042,2,133,0.07638432,0.8481778,2,154,0.070351444,0.8163728,0,175,0.0015578117,0.9169578,2,200
162,0.0018295015,1.0643301,2,27,0.007179198,0.9336646,2,47,0.0,0.987094,2,69,0.0,1.0419569,2,106
163,0.021987977,0.8490582,2,22,0.0,0.8187315,0,42,0.010938369,0.70091975,2,69
164,0.023961706,0.82019126,2,21,0.0,0.8548366,2,41,0.0,0.8633027,0,61,0.0,0.8284637,3,82,0.0,0.9681101,2,102,0.022211386,0.78115886,3,122,0.0,0.8386463,0,142,0.06288485,0.6949512,0,163,0.008489699,0.7207007,2,200
165,0.009325855,0.98659,2,22,0.011417103,1.0332947,2,46,0.0073120496,0.97940713,2,66,0.019111725,0.8979242,2,89,0.0009276308,0.9436503,2,110,0.005986286,0.9884292,2,130,0.010223101,0.9362901,2,150,0.03611605,0.87126017,0,170,0.04012925,0.84821063,0,200
166,0.009302845,0.8949773,2,25
167,0.011645751,0.78926504,2,20,0.01686279,0.8829158,3,40,0.013954316,0.91003907,2,60,0.0,0.8332108,0,83,0.0,0.7069056,0,106,0.0,0.5852226,2,126,0.008826868,0.3982417,2,154
168,0.029893855,0.89138925,2,20,0.0033245832,0.90034497,2,40,0.03378523,0.7298097,2,60,0.0,0.7927346,2,80,0.0008272681,0.8554247,2,101,0.0088169,0.8566048,2,122,0.0,0.7359847,0,142,0.0,0.7682761,0,162,0.0047524027,0.45564914,0,200
169,0.0,0.9761308,3,20,0.03771106,0.957965,0,40,0.07830216,0.939498,2,72
170,0.004260945,1.001542,2,22,0.00083087455,0.98203665,2,48,0.0,0.97984284,2,69,0.012857916,0.95367736,2,89,0.009697185,1.0126648,2,115
171,0.01325794,0.8780578,2,21,0.035489194,0.9915993,2,43,0.014790023,0.9444313,2,63,0.010383086,0.9669827,2,92,0.015039065,1.0443351,2,121,0.0019654904,1.0369021,2,142,0.002157655,0.87671363,2,162,0.0050461446,0.92226714,2,200
172,0.0069286833,1.039164,2,26,0.006202772,1.0116801,2,48,0.0054768943,1.0431674,2,69,0.0026553916,1.094905,2,113,0.0047960803,1.0709016,2,135,0.003489824,1.037525,2,159,0.0,1.0767334,2,180,0.008808611,1.0678148,2,200
173,0.020050809,0.8771864,2,20,0.0,0.91298646,2,40,0.044198845,0.8933097,2,60,0.01849946,0.85603,2,80,0.00050694373,0.92943454,2,101,0.0168227,0.85160255,0,121,0.006076151,0.88743705,2,144,0.0,0.8328658,2,165,0.02786775,0.9392093,3,200
174,0.006940028,1.0044006,2,20,0.011124984,1.0041788,2,41,0.009210678,1.0022752,2,79
175,0.009321841,0.94461936,2,20,0.0056211017,1.0004213,2,40,0.009354946,0.7829162,2,60,0.003963747,0.9627489,2,80,0.0,0.9369359,0,100,0.026637977,1.0000675,2,120,0.0,0.80286455,0,140,0.033831716,0.4928071,0,160,0.0,1.1104783,0,180,0.19917162,0.40367374,2,200
176,0.015261876,0.9965396,2,20,0.0039121076,0.910956,2,43
177,0.009083499,1.0224688,2,20,0.014697698,0.9834165,2,41,0.006251945,0.9767553,2,61,0.010749027,0.99372673,2,87,0.015524751,0.9513189,2,112,0.031372122,0.9363211,2,132,0.012728472,0.94484985,2,152,0.0,0.9929327,2,172,0.00050001673,1.0578768,2,200
178,0.008517234,1.0077875,2,34,0.00012676256,1.062429,2,65,0.0023352262,1.0143504,2,90,0.0045558135,1.0203669,2,113,0.0044712196,0.9823034,2,138,0.011342415,0.99426067,2,174,0.006819741,1.0739043,2,200
179,0.007515629,1.0209786,2,23,0.024355132,0.891425,2,43,0.007667067,0.87738675,2,63,0.021624546,0.81957835,2,83,0.0025852923,0.8891219,2,104,0.0071811406,0.86101574,2,127,0.0014315083,0.78486913,0,148,0.0,0.76743156,0,168,0.0885212,0.5995071,2,200
180,0.01172807,1.004308,2,20,0.01786207,0.92193586,2,40,0.008710946,0.90457857,2,60,0.01020337,0.8619628,2,91
181,0.008686591,0.9670066,2,29
182,0.0037076022,1.018327,2,36
183,0.0,1.0294954,2,23
184,0.014812801,0.9946537,2,24
185,8.8433444e-05,0.99939924,2,32
186,0.009237811,0.97213125,2,20,0.02530249,0.98375237,2,52
187,0.006806554,0.9239556,2,20,0.009442007,0.94475937,2,40,0.033615984,0.7923658,2,60,0.020577442,0.7275108,2,80,0.00017869667,0.7767192,2,100,0.020598099,0.77761376,2,120,0.032756753,0.9016426,2,140,0.07925198,0.7961799,2,160,0.08522053,0.688765,2,200
188,0.011308373,0.95926917,2,32
189,0.0,1.0293055,2,20
190,0.006938926,0.9585261,2,21,0.026096713,0.8929416,2,42,0.00015446116,0.9402299,2,62,0.01665703,0.9621528,2,82,0.01600621,0.963793,2,114,0.0052235457,0.9429232,2,144,0.0037095896,0.9397522,2,179
191,0.0,1.0479777,2,23
192,0.0058575138,1.0373392,2,25
193,0.0026287208,0.9840458,2,40
194,0.015968276,0.9727856,2,23,0.027541256,0.97450083,2,43,0.026118554,0.87799084,2,64,0.0006148345,0.94554347,2,85,0.0009956005,0.9316328,2,105,0.0,0.9211623,2,128,0.0,0.8619353,2,148,0.019394893,0.78836375,2,168,0.0,0.84937805,2,200
195,0.009494737,0.8896456,2,20,0.0,0.9021119,2,40,0.011268681,0.8687388,2,60,0.027625615,0.93148553,2,80,0.0627686,0.73046887,2,100,0.001416999,0.9189052,2,122,0.028573815,0.9659333,2,143,0.0063445456,0.97688043,2,172,0.0,0.981002,2,200
196,0.0,0.9958094,2,20,0.011014829,0.99479806,2,40,0.01418675,0.99769336,2,64,0.0,0.9857462,2,84,0.013202322,0.97426677,2,108,0.015743766,0.99638814,2,132,0.0,1.019712,3,152,0.0,1.1141893,2,177,0.0,1.1028887,2,200
197,0.008658473,0.9245256,2,20,0.0012340031,0.9650446,2,40,0.0018429611,0.90517026,2,63,0.010587329,0.9438688,2,91
198,0.0,1.0883558,2,21,0.0,1.0535369,2,43,0.003406994,1.0443588,2,63,0.0,1.0709136,2,84,0.0,1.0073489,2,108
199,0.0084237,1.0180498,2,39
200,0.0,1.0195132,2,21
201,0.010546744,0.9651209,2,20,0.0,0.97717583,2,40,0.0028649725,0.8774608,2,60,0.001930226,0.9846069,2,84,0.005681295,0.99334997,2,107,0.0028407364,0.92157143,2,127,0.0,0.85710984,2,147,0.0030730187,0.91587764,2,167,0.0062365117,0.8660402,2,200
202,0.01246347,0.99962735,2,21,0.0062891995,1.0332407,2,48,0.0,1.0758101,2,69,0.0012636271,1.0680577,2,107,0.0018932745,1.0699319,0,129,0.0,1.0597994,0,162,0.0014818787,1.0495903,2,200
203,0.0026147068,0.98199135,2,24,0.0,1.0588187,2,44,0.006923131,1.0607873,2,69,0.008048578,0.98750424,2,107,0.0051462837,0.945521,2,129,0.0014255684,0.95224524,2,149,0.0028817335,0.96190417,2,171,0.02102779,0.95969546,2,200
204,0.022647146,0.9911674,2,20,0.0070780814,0.94238055,2,40,0.010593338,0.97419393,2,61,0.034302995,0.9619721,2,82,0.008459733,0.93800485,2,102,0.0019948506,0.9766636,2,122,0.049462285,0.89044535,2,143,0.008119167,0.86941594,0,163,0.007813938,0.88591003,2,200
205,0.0077150823,0.96175,2,22,0.0026156523,1.0102113,2,46,0.010888147,1.0461627,2,70,0.0042797234,0.98189825,2,92,0.0,0.91938907,2,112,0.050413974,0.935232,0,133,0.012133909,0.88661665,2,154,0.019180447,0.9199581,2,194
206,0.0052825585,0.9574787,2,20,0.02552857,0.95371723,2,40,0.0,0.8533187,2,60,0.0,0.79796743,2,81,0.01963167,0.88279915,2,101,0.0036720897,0.7032543,0,123,0.0,0.578814,0,144,0.0,0.5068071,2,164,0.017595123,0.48369774,2,200
207,0.005429433,1.0024159,2,20,0.010572594,0.9398943,2,42,0.0,0.9648982,2,74,0.018644428,0.98321193,2,96,0.020039547,0.9976085,2,116,0.007752184,1.0880346,2,136,0.0065349555,0.9542514,2,156,0.0026762069,0.9189595,2,177,0.0,0.9196866,2,200
208,0.02426463,0.96139634,2,21,0.023051143,0.93978304,2,43,0.020720934,0.9717027,2,81
209,0.006002421,1.0029398,2,23,0.04253592,0.93030226,2,43,0.0,0.96906406,2,63,0.016780809,0.9224552,2,84,0.0,0.9129559,2,104,0.0,0.617718,2,124,0.12168808,0.6389018,2,144,0.1368901,0.54141474,2,165,0.027846027,0.6036442,2,200
210,0.0081877485,0.9455953,2,21,0.0054903473,0.93703324,2,42,0.0005690268,0.96293205,2,68,0.012663804,0.9604768,2,89
211,0.004175619,0.97279614,2,20,0.002210725,0.9643612,2,42,0.035510566,0.98533154,2,62,0.0,1.0917321,2,82,0.0062079607,1.0301535,2,124,0.0061727986,1.0797135,2,200
212,0.00447479,0.97835827,2,20,0.00062676205,0.9118999,2,40,0.007455795,0.95550734,2,69,0.001863039,0.87455,2,90,0.0042168307,1.0160596,2,110,0.0,1.0058274,2,132,0.0,1.034892,2,153,0.0,0.8995878,2,173,0.019930331,0.8709824,2,200
213,0.004700342,1.0076063,2,20,0.0022274244,1.0535868,2,43,0.001430982,1.0125865,2,65
214,0.016894424,1.008153,2,28
215,0.013007892,1.0277097,2,37
216,0.013563171,0.8555397,2,20,0.019843327,0.89998406,2,47,0.026403293,0.8486355,2,67,0.045665286,0.8670765,1,87,0.041905396,0.8384528,2,107,0.014320355,0.8281667,2,129,0.026852677,0.8710653,0,149,0.00897046,0.9086396,2,169,0.0,0.8323963,2,200
217,0.011768492,0.99206334,2,21,0.0051195696,0.97586685,2,51,0.007805978,1.0369956,2,73,0.0,1.0715151,3,93,0.0,1.0365375,2,113,0.0,1.0195898,2,134,0.0,1.1435333,3,154,0.0,1.0748593,2,190
218,0.0045347367,0.98444366,2,20,0.021057572,0.90763867,3,40,0.0076090293,0.87195283,2,60,0.017841026,0.8396537,2,80,0.029510396,0.872962,2,102,0.013371095,0.8749549,2,122,0.0,0.91269696,0,142,0.0,0.8089409,0,162,0.0,0.72090816,2,200
