0,0.007030414,0.9719724,2,31
1,0.019912343,0.9660655,2,20,0.0,0.9573644,2,43
2,0.0,0.9560151,0,20,0.020222215,0.962872,2,48
3,0.01320976,1.0119634,2,20,0.0046060835,1.006154,2,46
4,0.019040203,0.9606207,2,22
5,0.0,1.0607103,2,21,0.0,1.0516076,2,43
6,0.007629054,0.9639261,2,24,0.021360425,0.9897415,2,47,0.0038827225,0.9546746,2,67,0.009569232,0.95457995,2,87,0.012369959,0.8118232,2,108,0.01768504,0.62521106,2,129,0.0018655356,0.8305131,2,150,0.041573226,0.95631164,2,172,0.011863167,0.9471034,2,200
7,0.0017215705,0.9844995,2,21,0.011281694,0.91655743,2,42,0.081269994,0.7973216,0,62,0.007449956,0.7099458,2,82,0.008851026,0.77251935,2,103,0.029697023,0.69595766,2,124,0.0,0.67187744,2,144,0.099843174,0.46807367,2,164,0.082225576,0.6134887,2,200
8,0.0036885499,1.0018494,2,28,0.008602315,1.0579529,2,49,0.008397197,0.9873169,2,69,0.019999245,1.0383067,2,104,0.0,1.0663193,2,124,0.016002053,1.0146554,2,147,0.0,1.0945704,2,167,0.0048762946,1.0644097,2,200
9,0.004176572,0.96095186,2,28,0.015075341,0.95329803,2,50,0.027246261,0.98215944,0,70,0.06448926,0.953713,2,91,0.0355066,0.9613948,2,112,0.0148124155,0.9920656,2,132,0.016678678,0.93198186,2,152,0.012461096,0.8974181,2,174,0.0246964,0.97234243,2,200
10,0.019964991,0.92469716,2,22,0.036831424,0.8577228,2,44,0.013693699,0.91453224,2,65,0.031819545,0.8513827,2,86,0.0071336045,0.92659986,2,106,0.043177206,0.9021977,2,127,0.00965015,0.88907194,2,147,0.0062099053,0.98433524,2,167
11,0.002206805,1.0304928,2,29
12,0.0040470483,1.054242,2,26
13,0.009829523,1.031755,2,38
14,0.0020712756,1.0420257,2,21
15,0.0038568873,0.9961703,2,33
16,0.008351562,0.97315276,0,20,0.013810361,0.8645024,2,54
17,0.016473444,0.9071121,2,20,0.0,0.9436246,2,40,0.0,1.021083,2,69,0.0,1.0742643,2,91,0.0026647684,1.0698279,2,115,0.0,1.0351036,2,135,0.0,1.0150962,2,159,0.0,1.0226076,2,180,0.0043742713,1.0787688,2,200
18,0.005728258,0.98048323,2,20,0.0074086655,0.9452128,2,42,0.00212911,0.96951455,2,62,0.010858986,0.8513457,2,95,0.0036287648,0.7226484,2,115,0.0,0.26479945,0,135,0.00093509135,0.44109568,2,156,0.0,0.57144403,2,176,0.0049152635,0.51304585,1,200
19,0.02872842,0.8839508,2,20,0.08798229,0.8711972,3,40,0.020818774,0.88046366,2,74
20,0.011852174,0.98318547,2,35
21,0.0,0.91556406,2,24,0.07359222,0.8837697,2,45,0.01678871,0.95552516,0,66,0.024377752,0.9708997,2,87,0.0074824262,0.93311083,3,109,0.0057728305,0.9936186,3,129,0.014666063,0.89590263,2,149,0.06487864,0.896969,2,169,0.0070565026,0.9536796,2,200
22,0.0067244135,0.9487859,2,20,0.0025151377,0.88749135,2,41,0.047644872,0.9194732,0,61,0.0,0.9065687,2,81,0.0074291388,0.95795506,2,101,0.026157591,0.9080197,2,121,0.0013530434,0.87190944,2,141,0.021092888,0.8460828,2,162,0.01961382,0.89719975,2,200
23,0.0031434454,1.0288968,2,39
24,0.007358335,1.0012586,2,20,0.009168606,1.0536493,2,44,0.005227293,1.0334741,2,64,0.0029052796,1.0771034,2,87,0.0019508677,1.0370528,2,117
25,0.024453517,0.9452038,2,20,0.0,0.92011136,2,40,0.0030851609,0.93170184,3,62,0.025484163,0.8935404,2,82,0.04484124,0.9411413,2,122
26,0.016035445,0.9337434,2,22,0.005300165,1.0041723,2,43,0.055050496,0.9494235,2,67,0.01966355,1.00028,2,87,0.014048319,0.93257564,2,132
27,0.0137433205,0.9884714,2,20,0.0,1.0280482,2,49,0.0,1.0598552,2,72,0.00080368674,0.9639453,2,95,0.016684728,0.9627398,2,116,0.0071414383,1.0336362,2,138,0.014734837,1.0493717,2,171
28,0.0077018016,0.9691032,2,25,0.0032120785,0.91716695,2,51,0.00901461,0.8428682,2,71,0.034219995,0.8747892,2,93,0.005769445,0.9275094,2,113,0.0,0.96835446,2,134,0.030166637,0.94280726,2,155,0.014530426,0.939776,3,176,1.3396765e-05,0.83886033,2,200
29,0.020271221,0.8714534,2,20,0.024551302,0.9227928,2,40,0.020625826,0.9427661,2,60,0.06453107,0.87235594,2,80,0.0,0.7604287,0,103,0.023879588,0.6998789,0,123,0.0,0.45825237,0,143,0.0028004916,0.68020535,2,165
30,0.03413545,0.8804406,2,20,0.0067508654,0.9418038,2,40,0.01475237,0.8110621,2,62,0.014283481,1.0211283,2,82,0.0044787964,0.8708868,2,102,0.07251471,0.6638413,2,123,0.0024232576,0.76082075,2,146,0.040249303,0.86917484,2,180
31,0.0028495828,0.940135,2,20,0.03424362,0.90655136,2,40,0.0,0.8886124,2,60,0.014876674,1.0305697,0,81,0.006338565,1.0115337,2,105,0.0,0.7337216,2,126,0.0,0.7445378,2,146,0.00973852,0.7447444,2,167,0.010941013,0.7614404,2,200
32,0.023038154,0.95472103,2,38
33,0.004767008,1.0379667,2,23,0.016236085,0.9612719,2,52,0.007678532,0.99243003,2,72,0.03632181,0.91074115,2,92,0.04184907,1.0007697,0,112,0.04301949,0.9228985,2,132,0.065732494,0.85350037,2,152,0.054263037,0.9234782,2,173,0.011226975,0.9276764,2,200
34,0.00042613782,0.93970245,2,25
35,0.016016409,0.8754626,2,25,0.008885326,1.0358665,2,45,0.044861477,0.98198956,2,65,0.008794849,0.97007966,2,87,0.03730298,0.9284383,2,108,0.004180762,0.9000189,2,129,0.0,1.0194803,0,149,0.0,1.0047718,0,169,0.06664472,0.7737543,2,200
36,0.0058531477,0.9357069,2,20,0.007397768,0.941673,2,40,0.008898227,0.9450713,2,61,0.06555838,0.80854386,2,81,0.0008521294,0.7907717,2,101,0.06338097,0.7644241,0,121,0.011948086,0.938772,2,141,0.0,1.0165098,2,161,0.0,0.9591937,2,200
37,0.002671904,1.0134317,2,22,0.0011859067,1.0253679,2,52
38,0.042360377,1.0023671,2,21,0.005391377,0.9601503,2,50
39,0.0056642387,0.99816734,2,20,0.024323609,0.9976119,2,40,0.012781223,1.0097241,2,60,0.020586187,0.9250031,2,83,0.001115743,0.94776416,2,110,0.00669221,0.96931434,2,135
40,0.03213011,0.7984448,2,20,0.0,0.6904771,2,41,0.0,0.798312,0,61,0.01214753,0.9120933,2,81,0.006921377,0.8665646,1,101,0.001689096,0.6707107,2,122,0.0,0.5965184,0,142,0.0068553565,0.4280379,1,164,0.020143185,0.4438856,0,200
41,0.007605495,0.97274023,2,23,0.00021027001,1.0416788,2,43,0.0,1.0984935,2,64,0.0037940957,1.0923116,2,93
42,0.0,1.0067421,2,21
43,0.0029847266,0.9717042,2,20,0.010913261,0.923195,2,41,0.030536247,0.9441044,2,65,0.0,0.99331856,2,85,0.0017650671,0.8698668,0,109,0.0,0.93125033,2,130,0.004376445,0.8456957,2,150,0.0,0.8871784,2,170,0.010598715,0.7823384,2,200
44,0.008714909,0.94641006,2,25,0.010582076,1.0025809,2,50,0.0002850486,1.0537249,0,81
45,0.0051851706,1.0215865,2,20,0.00092906615,1.0236137,2,42,0.0,0.97376925,2,63,0.009398329,0.96375054,2,84,0.020906325,0.99422467,2,105,0.020363059,1.023155,3,125,0.05078376,0.9635147,0,145,0.0011695854,0.9924996,2,167,0.04280053,0.9044139,2,200
46,0.0018355945,1.022444,2,21,0.006147346,0.9575491,2,43,0.00032316457,0.91855156,2,66,0.0,0.87564355,2,86,0.0,0.92112434,2,112
47,0.006728745,0.9544274,2,20,0.009694953,0.9918023,2,43,0.024480423,1.0030543,2,64,0.017038655,1.0427762,2,84,0.0110458555,0.9890671,2,105,0.012642479,0.95723826,2,139,0.026088666,0.90439934,2,160,0.0,0.9698286,2,180,0.0057960646,0.84428585,2,200
48,0.016738726,1.0118525,2,30,0.004462473,1.0009357,2,50,0.0031564184,0.9950553,2,75,0.0,1.024821,3,95,0.0,1.0365465,3,115,0.0,1.0277871,2,143,0.0,1.0314181,2,163,0.002400715,1.0034881,2,200
49,0.012488153,0.9756705,2,20,0.019570103,0.9774798,2,41,0.01745866,0.98099023,2,68,0.054286875,1.0271366,2,88,0.02126981,0.9528764,2,109,0.016247306,0.9899433,2,129,0.017232653,0.9389245,2,149,0.023894567,0.89656293,3,169,0.0050341487,0.8466014,0,200
50,0.020843264,0.99738234,2,20,0.013433442,0.96292895,2,41,0.004633283,0.94574183,3,61,0.023886528,0.9565781,2,81,0.0,1.0108578,2,103,0.0,1.1220479,2,154,0.010965103,1.095657,2,200
51,0.00808572,0.98790807,2,21,0.0054746703,0.9459659,2,41,0.0018534268,0.9261258,2,62,0.006435744,0.95820606,2,97,0.014572874,0.8993157,2,117,0.0,0.9805358,0,137,0.031122122,0.89666575,2,157,0.0,1.0028926,2,177,0.008574954,0.8946103,2,200
52,0.014008768,0.9701601,2,20,0.010225717,0.9521332,2,40,0.0,0.9806607,2,61,0.02789915,0.99007004,2,81,0.018896366,0.8548198,2,119
53,0.0020395105,1.0183486,2,26
54,0.047644746,0.83376765,2,21,0.020302366,0.7781745,0,44,0.04636077,0.6587256,0,64,0.0,0.6637986,2,84,0.10318028,0.73907083,2,105,0.012805132,0.7314682,2,125,0.0,0.6679775,1,145,0.0,0.6223859,2,166,0.004296534,0.5130113,2,200
55,0.0,0.9844117,2,21,0.0,0.89976627,2,41,0.0,0.89439845,2,62,0.009158582,0.944903,2,82,0.033540446,0.9198247,2,103,0.045827016,0.9228573,2,129,0.088589214,0.9259537,2,149,0.13640998,0.9410721,2,169,0.08275429,0.9711445,2,200
56,0.024274852,0.91606534,2,21,0.026835302,0.9289457,2,41,0.0022125095,0.91865206,3,61,0.0,0.8635866,2,81,0.004003422,0.85441077,0,101,0.0020741753,0.8710931,2,124,0.03443749,0.91933304,2,145,0.0,1.0096582,2,165,0.013425315,0.8951894,2,200
57,0.0,0.8872455,2,20,0.049932204,0.7610871,2,40,0.0,0.83744013,2,60,0.006938896,0.88806665,0,80,0.0071014976,0.90785456,2,101,0.012963071,0.8692977,3,121,0.01132461,0.7429546,2,141,0.010565393,0.90693766,3,162,0.015767887,0.75062966,2,196
58,0.018404938,0.9462373,2,36
59,0.01832766,1.0321726,2,22,0.0,1.0133046,2,45,0.0024298178,0.9819228,2,66,0.005894802,1.029643,2,95,0.0027583204,1.008244,2,119,0.0,1.0562959,2,143,0.0,1.0231518,2,167,0.012741993,0.9571547,2,200
60,0.045051537,1.0140592,2,20,0.00012852176,0.96886325,2,42,0.011232508,0.8857484,2,63,0.053264778,0.8974556,2,83,0.017781597,0.9009612,2,103,0.026731197,0.91199166,2,124,0.08327996,0.9700383,2,145,0.1002358,0.97286665,2,165,0.040433254,0.9588356,2,200
61,0.0028424296,1.0041738,2,21,0.022028815,1.0648943,2,52,0.0013271534,1.1294068,2,73,0.0,1.097752,0,93,0.018185671,1.0886285,2,113,0.0055598035,1.0665163,2,149,0.0067589222,1.0899447,2,172,0.00079149706,1.1464528,0,200
62,0.0,0.8746222,2,20,0.017027011,0.90166056,3,40,0.009595649,0.9005415,2,60,0.036075525,0.8514394,2,89
63,0.016061414,1.000663,2,21,0.028294748,0.953452,2,41,0.014752427,0.9185419,0,61,0.0,0.93130827,2,81,0.00017243446,0.88513166,2,101,0.0,0.82568395,2,121,0.0,0.8410902,2,141,0.03604973,0.7864257,0,161,0.014137061,0.9159148,2,200
64,0.01901914,0.92280763,2,23,0.018894082,1.0194848,2,46,0.0046893107,0.9671172,2,66,0.0025324358,0.9093722,2,86,0.017020501,0.83729124,2,106,0.004615476,0.8275901,2,126,0.009211842,0.8767989,2,146,0.08054208,0.99274313,2,171,0.09219943,0.9570997,2,200
65,0.005507558,1.0272236,2,32
66,0.011126228,0.9816819,2,22,0.0,1.0922894,2,43,0.005323643,1.0341803,2,63,0.005024387,1.0673265,2,83,0.003243059,1.0080905,2,108,0.00888671,1.0846896,2,128,0.0,1.096241,2,151,0.0,1.0958525,2,171,0.008663929,1.0657494,0,200
67,0.009611552,0.9772777,2,23,0.0,1.00424,2,46,0.006988143,0.9382995,2,66,0.025913754,0.98656195,2,86,0.0032151456,0.8935027,2,115
68,0.011919349,1.025453,2,28,0.013319021,0.947379,2,48,0.008054533,0.9619266,2,79
69,0.004902241,0.96964073,2,23
70,0.014574343,0.9933921,2,25,0.011107075,1.0519965,2,68
71,0.0043207994,0.99965847,2,20,0.00763456,0.96401674,2,44,0.0,0.8077882,2,64,0.0,0.9624059,2,86,0.045767188,0.971877,2,109,0.010259069,1.0650929,0,131,0.0,0.96871775,2,155,0.004546056,1.0113064,2,180,0.012296753,1.0178165,2,200
72,0.0044086115,0.94206953,2,21,0.0024155313,0.9862004,2,43,0.0066392235,1.0955851,2,63,0.0,1.0386618,2,84,0.0,1.1337034,2,104,0.0,1.0243354,2,126,0.0012002266,0.9560679,3,146,0.0,0.94280636,2,166,0.0013597513,1.0272382,2,200
73,0.0016311242,0.9833271,2,23,0.0036955704,1.1216737,2,49,0.0007648046,1.1678581,0,76,0.0,1.2076664,3,97,0.0,1.1008644,2,118,0.0,1.1696581,2,138,0.012722168,0.93925047,2,163,0.0015733354,0.9840904,2,196
74,0.0,0.951431,2,20,0.003096341,0.93365324,2,48,0.0041291113,0.9667111,2,76
75,0.0,1.0885416,3,20,0.0,1.1380541,2,42,0.0,1.139909,0,62
76,0.0092473375,0.9726576,2,24,0.0060486584,0.9747532,2,47,0.0,0.92113847,2,68,0.012377596,0.93895876,2,88,0.09055338,0.9763806,2,109,0.01430424,0.8639852,2,129,0.012146269,0.8132536,2,150,0.033709835,0.87587243,0,172,0.017594632,0.87356865,2,200
77,0.019366253,1.0358574,2,20,0.007974569,1.0121255,2,47
78,0.0,0.91530496,2,20,0.027581003,0.84106433,2,41,0.0154150445,0.8196492,2,80
79,0.009415053,0.9928997,2,20,0.011387029,1.0114251,2,42,0.022744987,0.9796216,2,67,0.011052484,1.0167687,2,87,0.0,0.94813204,2,111,0.0,0.92462355,2,133,0.015902806,0.84865034,2,153,0.0006391763,0.7914897,2,173,0.066980176,0.7926106,0,200
80,0.0005275135,1.010282,2,32,0.0047326996,1.0508322,2,54,0.0,1.0493735,2,75,0.0005878355,1.0318224,2,97,0.0012427383,1.0168337,2,121,0.0014912866,1.043543,2,142,0.0,1.0462288,2,163,0.001402765,1.0247476,2,200
81,0.003332786,0.98663193,2,29,0.017999947,0.95257676,2,50,0.018420339,0.966228,2,71,0.019753827,0.9005389,2,91,0.012020134,0.84795034,2,111,0.0,0.95524037,0,131,0.023583591,0.8948684,3,151,0.022987463,0.7776777,0,187
82,0.0,0.9031941,2,20,0.0040761624,0.94586277,2,40,0.044817112,1.0067941,2,65,6.712016e-05,0.9988428,2,87,0.0,0.9535656,2,107,0.003133529,0.9595106,2,127,0.023636024,0.91535205,2,150,0.012792312,0.9380889,2,170,0.013868998,0.9049957,2,200
83,0.005787198,1.0258842,2,32,0.0023297905,0.9992527,2,53,0.0069367904,0.9869414,2,75,0.0034788356,0.97521955,2,95,0.0055068047,0.9210607,2,115,0.025704384,0.8865658,2,135,0.017949974,0.78803766,2,157,0.0,0.8612107,2,177,0.056623112,0.837023,0,200
84,0.010372287,0.9371506,2,20,0.007613247,0.88691574,2,41,0.0,0.9671937,2,61,0.050616305,0.8404872,0,82,0.011887909,0.66641706,0,106
85,0.0068710074,0.9850256,2,33
86,0.006832823,0.9883352,2,22,0.08415863,0.9138459,2,53
87,0.0,0.94180954,2,20,0.06738996,0.92914337,2,41,0.0013486296,0.9197171,2,62
88,0.02492129,0.961038,2,25
89,0.008513537,0.972517,2,28
90,0.0049587125,0.9581049,2,35,0.025199374,0.9672033,2,56,0.0039446643,0.99884397,2,76,0.0,1.0441396,2,97,0.0,0.87474823,2,117,0.018025177,0.6677025,0,141,0.0074191405,0.7117034,2,161,0.003378154,0.60116506,2,200
91,0.0073056864,0.9979888,2,52,0.013457748,0.9572171,2,72,0.008764332,0.9747082,2,92,0.011836857,1.0265508,2,114,0.00011270233,0.9304184,2,139
92,0.005499509,0.9895031,2,20,0.017227842,0.91697377,2,59
93,0.010405068,1.0286932,2,27,0.0076222206,1.0694662,2,48,0.024089072,1.0660112,2,75,0.007306782,1.0864933,2,95,0.010877629,1.0426077,2,119,0.011820081,1.0873774,2,142,0.0,1.0640557,2,162,0.0141487215,1.01643,2,200
94,0.0,1.0021138,2,32
95,0.008610846,1.0112805,2,24,0.0,1.1298134,0,44,0.0,1.1243163,2,64,0.0,1.15665,0,95
96,0.015377989,1.0389912,2,20,0.006303588,1.0331666,2,45
97,0.008384431,1.009912,2,21,0.0076961517,0.9703016,2,43,0.013202805,1.0013043,2,72
98,0.0066587096,1.0388955,2,28,0.006524068,1.0138134,2,52
99,0.001397985,1.0618559,2,20,0.0,1.0837309,2,46,0.0016141448,1.0051783,2,72,0.02159202,0.9883248,2,93,0.021118438,1.0920942,2,116,0.0,1.0355375,2,136,0.008396654,1.0243647,2,157,0.002094321,1.0431501,2,179,0.02168682,0.9798797,2,200
100,0.005611927,0.9739189,2,27,0.027120063,0.859701,2,47,0.028399592,0.9785952,2,69,0.012893641,0.9910145,2,91,0.023361564,1.0177386,2,112,0.0,0.9069268,2,132,0.034390688,0.8168149,2,152,0.0185216,0.48648563,2,172,0.0012167298,0.34995928,1,200
101,0.013477467,0.8720547,2,20,0.01697898,0.9583183,2,42,0.018054146,0.9192203,2,62,0.022443468,0.74246573,2,86,0.0,0.608158,2,106,0.0,0.7605235,3,127,0.010644493,0.868696,2,150,0.0,0.8437374,2,170,0.05537382,0.8204703,2,200
102,0.021325657,0.97382516,2,20,0.0031235407,0.97573435,2,41,0.0069841277,0.9391204,2,64,0.0,0.9165354,2,84,0.0,0.694363,2,104,0.0,0.6139982,2,125,0.008365173,0.5423341,2,145,0.041513138,0.71404904,2,171
103,0.002607086,0.8652279,0,22,0.0,0.8207396,2,42,0.02177203,0.7205609,2,62,0.0,0.9045685,2,82,0.0,0.8928603,0,102,0.0,0.9026225,0,122,0.0,0.7083851,1,142,0.0,0.4448021,0,162,0.042064253,0.25167242,0,192
104,0.07986204,0.82997113,2,21,0.0039728,0.7923926,0,41,0.091292195,0.6608669,2,79
105,0.0025787903,0.92743355,2,21,0.009926421,0.88976544,2,44,0.0037720825,0.8848621,2,72,0.004221131,0.84037226,2,92,0.0,0.8491063,2,112,0.0,0.78041756,0,133,0.007279453,0.4506522,2,153,0.013445208,0.43664414,1,173,0.008046285,0.46582916,1,200
106,0.008291255,1.0230142,2,22,0.0114483,0.9581384,2,45,0.0099937115,0.98281467,3,65,0.011600617,0.98941445,2,87,0.009190378,1.0171579,2,110,0.0,0.9770864,2,132,0.0,1.0508145,2,152,0.0,1.0139555,2,172,0.0043042563,0.9756961,2,200
107,0.0,1.0175573,2,22,0.008239474,0.9400293,2,42,0.0,0.9267092,2,62,0.032793008,0.86199224,2,82,0.012184598,0.8379364,2,102,0.011934392,0.90049547,2,127,0.009970363,0.89190453,2,148,0.0,0.8559432,2,168,0.014177653,0.86233795,2,200
108,0.011514296,0.9356961,2,21,0.0067103934,0.92166686,2,44,0.0012540112,0.8732624,2,67,0.0,0.70686716,2,87,0.011520378,0.7822641,2,107,0.0,0.7756221,2,127,0.003153909,0.6482804,1,147,0.0,0.3737984,2,167,0.001038924,0.4128885,1,194
109,0.013178767,0.97487503,2,31,0.021775061,0.9774279,2,52,0.020202508,0.9137341,2,74,0.11149689,0.89348257,2,94,0.019820988,0.956702,2,126,0.03719096,0.87550133,2,146,0.06763428,0.8846537,2,168,0.08776094,0.90054196,2,200
110,0.011060422,1.0039643,2,22,0.015121775,0.97980654,2,42,0.026160276,0.9426058,2,62,0.029408682,0.9490946,2,82,0.009851893,0.98332864,2,102,0.020045696,0.9619317,2,150,0.019040976,0.92967904,2,170,0.034423523,0.89863026,2,200
111,0.0,1.0340508,2,20,0.004972582,1.0294269,2,40,0.015960922,0.99341905,2,60,0.0012794796,0.94894487,2,80,0.009063924,0.7875458,2,105,0.010137453,0.98472893,2,125,0.005835322,0.98121935,2,146,0.0,1.05267,2,171,0.009426835,0.9569651,2,200
112,0.00064244884,1.0022773,2,34,0.017020607,0.9420413,2,55,0.00032014278,1.0618954,3,75,0.0012640165,1.0391837,2,95,0.005720674,1.0006317,2,116,0.0041012443,0.9554703,2,137,0.0,0.96258074,3,158,0.010353741,1.0418031,2,179,0.0036208022,1.0071218,2,200
113,0.0021707336,1.0219159,2,27
114,0.0,0.7729708,2,20,0.049123622,0.5978403,2,40,0.009100826,0.6026528,2,60,0.0,0.5682162,1,80,0.08496502,0.38379946,1,100,0.0,0.7348763,2,120,0.02975283,0.5430125,2,140,0.0,0.44921154,1,163,0.020008484,0.5240121,2,200
115,0.03454292,0.79645,0,20,0.042916328,0.84419215,2,40,0.050760068,0.75585914,2,62,0.0,0.7375516,2,82,0.0,0.7653445,0,103,0.0,0.67984873,1,123,0.070335366,0.3268055,0,161
116,0.009861918,0.9187419,2,24,0.003694113,0.99503106,2,48,0.0078011183,0.7053203,0,68,0.03242244,0.8874324,2,94
117,0.007602165,0.98446465,2,21,0.019933408,0.94390374,0,41,0.05309761,0.9010527,2,63
118,0.0,1.0098919,2,22,0.01995086,0.980604,2,42,0.00546336,0.9937642,2,62,0.0,1.0293581,2,83,0.018992158,0.97378653,2,105
119,0.00011304662,1.0314614,2,25
120,0.03394702,0.9218043,2,20,0.00470322,0.95220846,2,45,0.01305203,0.9300696,0,66,0.030778011,0.9187625,0,87,0.021484856,0.91818553,2,107,0.0032454208,0.93649775,2,129,0.02300097,0.9517186,2,149,0.0,0.932979,2,200
121,0.0012117364,0.9652084,2,23,0.018808398,0.88946676,2,61,0.0028001636,0.94206554,2,89,0.0,0.8238444,2,110,0.012259936,0.91914165,0,130,0.0022129463,0.8554709,2,178,0.016878491,0.8695872,2,200
122,0.005742989,0.9653318,2,25,0.0,1.0885222,2,47,0.0,1.1424996,2,68,0.0,1.1949464,2,90,0.0,1.0284055,2,110,0.0,0.99810714,2,130,8.5035335e-06,1.0533284,3,150,0.0,1.0765371,2,170,0.009938051,0.90999323,0,200
123,0.017571991,1.0057461,2,20,0.0007264811,0.95873034,2,43,0.008737328,0.78331643,2,67,0.025085228,0.8561288,2,93,0.0003073794,0.994145,2,127,0.0,0.95433867,2,157,0.0027654727,1.0501621,2,179,0.014599504,1.1076416,2,200
124,0.0073743393,0.9960981,2,21,0.0144815715,1.0331987,2,42,0.0019901004,0.95139587,2,62,0.004128426,1.0722308,2,84,0.019164614,0.88683873,2,106,0.08768363,0.70213383,2,127,0.07880939,0.7433422,2,151,0.016139913,0.83454263,2,171,0.11105784,0.622654,2,200
125,0.019726917,1.014344,2,21,0.04382401,1.0132507,0,44,0.023646217,0.99058247,2,66,0.009540044,0.96170443,2,86,0.009292086,0.95487624,2,107,0.030565072,0.9427599,2,127,0.0,0.9986366,2,147,0.061992686,0.7491922,2,167,0.025129093,0.7028401,2,200
126,0.0046714954,0.9976858,2,20,0.0071891947,0.9286362,2,40,0.020973073,0.9703659,3,61,0.0156306,0.9566077,3,81,0.0,0.75995386,0,101,0.02443315,0.92126334,2,124,0.0,0.9747136,2,147,0.076742776,0.90091753,2,167,0.006368234,0.8978289,2,200
127,0.0056883944,0.93490034,2,23,0.022469139,1.027602,2,43,0.0,0.934102,2,64,0.0,0.8052846,2,84,0.0017992634,0.8468932,2,104,0.0,0.87439233,0,124,0.014008251,0.87955725,2,144,0.0,0.9162401,0,164,0.023552503,0.84514624,0,200
128,0.0072334134,0.9175439,2,20,0.0015072305,0.9306691,2,43,0.0,0.8033143,2,63,0.011436965,0.7380919,2,85,0.015223996,0.68357104,2,106,0.0,0.52416766,2,126,0.0,0.31401843,0,149,0.011965072,0.5770546,2,169,0.005897462,0.6478589,2,200
129,0.0,0.98667043,2,33,0.00038699264,0.9545205,2,54,0.0,0.99049217,2,78
130,0.0,1.0328003,2,21,0.00071380945,0.9637502,2,41,0.005283701,0.9550522,2,61,0.0548032,0.84953356,2,81,0.008922711,0.8667821,2,117
131,0.009319234,0.99439543,2,24,0.0064232247,0.9073889,2,57
132,0.03802033,0.88233435,3,20,0.016358476,0.9500389,2,40,0.022183426,0.8278473,0,60,0.050222564,0.8658511,2,80,0.00027497142,0.90164244,2,100,0.0355394,0.84620607,2,120,0.027336722,0.80128133,2,140,0.04549966,0.68627083,2,160,0.0007657296,0.5964382,0,180,0.042299904,0.43131596,0,200
133,0.0031690963,1.0366651,2,31
134,0.0010234413,1.0126715,2,21,0.0042372323,0.9901098,2,46,0.013502137,1.0162776,2,69
135,0.00319017,0.9873777,2,29,0.0,1.0339592,2,50,0.0034939623,1.0946519,2,70,0.0026827138,1.0585052,2,91,0.0,1.0734107,2,120
136,0.0,1.0385897,2,20,0.0,1.049856,2,40,0.0,1.0385973,2,61
137,0.008734153,0.9606771,2,22,0.0,0.9974615,2,43,0.061471105,0.88352776,2,63,0.0096507585,0.93821436,2,89
138,0.0029077702,0.9788015,2,25,0.037344556,0.94894326,2,45,0.005551776,0.8853939,2,65,0.0096314205,1.0376548,2,90,0.016399518,1.0460858,2,110,0.0015760051,1.0990279,0,131,0.0025258954,1.1171385,2,152,0.0,1.1090373,2,173,0.0038540165,1.0902147,2,200
139,0.0055626486,0.96909344,2,20,0.028366767,0.9751677,2,41,0.02650406,0.9458944,2,62,0.012315933,0.957074,2,91,0.019118339,0.93188274,0,111,0.0,0.87404525,2,131,0.0,0.6948998,2,151,0.0,0.57926345,2,171,0.02167191,0.6398478,2,200
140,0.0,1.006719,2,20,0.0024993722,1.0031626,2,41,0.024536915,0.9706246,2,65,0.03226649,0.92250365,2,85,0.015353893,0.9679496,2,111,0.031275652,0.9914999,2,131,0.028630802,0.99122226,2,151,0.059304267,0.9672974,2,171,0.032046925,0.93113405,2,200
141,0.019606803,1.0001938,2,20,0.0,1.0243593,2,40,0.022764761,0.87827873,2,62,0.0180186,0.8334301,2,82,0.034171354,0.8467082,2,102,0.056807935,0.80810374,2,122,0.1524101,0.59922314,2,142,0.01728022,0.8240496,2,164,0.06631288,0.66563934,2,200
142,0.0,1.0172443,3,22
143,0.005232598,0.96391886,2,22,0.01751536,0.96421605,2,54,0.025835399,0.90418166,2,74,0.0021898919,0.9069107,2,94,0.004210538,0.98802185,2,114,0.0,1.0044465,2,138,0.0,0.99456894,2,165,0.0,1.0317835,2,200
144,0.005159161,1.0727905,2,20,0.011813746,1.0137502,2,45,0.002258172,0.98115176,2,67,0.007944968,1.0536324,2,88,0.0070887073,0.9843793,2,108,0.0012664294,1.0097377,2,140,0.0062365383,1.0414757,2,160,0.026725736,0.9266332,2,180,0.0038985566,1.0339159,2,200
145,0.0031951033,0.9466278,2,33
146,0.020108381,0.9992405,2,26
147,0.037862122,0.97231543,2,20,0.020578723,0.920267,0,40,0.027606314,0.93866336,0,60,0.016838197,0.92632085,2,81,0.041660998,0.9287203,2,103,0.06629114,0.94872695,2,123,0.06223619,0.99874574,3,143,0.06644951,0.9837616,2,163,0.061749328,0.92925406,2,200
148,0.008125171,0.9699643,2,33
149,0.0056609563,1.0111606,2,27,0.0008644291,1.080906,3,47,0.0016028502,1.0746613,2,67,0.007424562,1.1200769,2,87,0.004280384,1.0894907,0,111
150,0.009726685,1.0315036,2,22,0.002060755,1.0071354,2,47,0.009969275,0.9720686,2,72,0.016823318,0.94529533,2,92,0.018597541,0.97583693,2,112,0.0020856508,0.9850437,2,140,0.01094322,1.0216852,2,169,0.0,1.0394771,2,200
151,0.011938659,0.94545233,2,20,0.0,1.0194156,2,44,0.0050608525,0.86944884,2,64,0.0022367863,0.9935281,2,86,0.015960248,0.9651084,2,107,0.032504972,0.95739603,2,128,0.009784346,0.92986065,2,151,0.0,0.87909013,2,171,0.0071803834,0.8757718,2,200
152,0.0030807564,0.8935239,2,20,0.013893928,0.8027041,2,42,0.006856674,0.7696111,2,62,0.03232127,0.8480401,2,82,0.0,0.90730715,0,102,0.0,0.85255927,2,122,0.0047784084,0.77538663,2,142,0.015649557,0.7362387,0,162,0.030564396,0.65747976,2,200
153,0.04879619,0.9590659,2,20,0.0032630041,1.0278645,2,40,0.0,1.0594672,2,62,0.0,1.0631645,2,87,0.001355766,1.0339891,2,111,0.002601274,0.99857503,2,133
154,0.009318978,1.0389087,2,37
155,0.00517696,0.9943308,2,37
156,0.0041040652,1.0289999,2,27
157,0.0038680176,1.0003614,2,22,0.017458173,0.98606163,2,46,0.0,0.9931299,2,66,0.012798394,0.9805569,2,105
158,0.0067140916,1.0056165,2,21,0.002413569,0.9527688,2,41
159,0.032473654,0.87149906,0,20,0.006283213,0.926313,2,42,0.0060230223,0.9509088,2,62,0.0,0.8873737,2,95
160,0.0033232793,0.8795223,2,20,0.011185455,0.8181896,2,40,0.017013613,0.9992435,2,61,9.7230775e-05,0.9750144,2,85,0.0,1.0135887,2,105,0.01633794,0.9257637,2,126,0.0061486606,0.94664174,2,148,0.013346891,0.97775626,2,179
161,0.016809309,1.0151438,2,20,0.024707908,0.9538757,0,40,0.011590459,0.96146417,2,65,0.015548088,0.9921373,2,85,0.020223228,0.90679747,2,113,0.013930882,0.9775831,2,133,0.0,0.96857107,2,154,0.0,1.0878342,2,174,0.0,1.040592,2,200
162,0.006984759,1.0024439,2,20,0.010319064,0.94453,2,40,0.03733445,0.9365616,2,60,0.048253454,0.9426459,2,80,0.0064619076,0.9634185,2,105,0.012738864,0.99697965,2,126,0.03049938,0.97181594,2,146,0.0038138155,0.9285529,0,166,0.01193288,0.91398394,2,200
163,0.001525196,0.9917546,2,26,0.006680389,0.89690197,2,46,0.009421063,0.8118459,2,66,0.016155863,0.9416068,2,86,0.027560806,0.92443,2,106,0.025642212,0.75075877,2,126,0.015481397,0.9099681,0,149,0.0,0.8426951,0,169,0.0042649056,0.7482016,0,200
164,0.002528422,0.92908895,2,21,0.04001682,0.8236704,2,41,0.026777258,0.93419176,2,62,0.0,0.8939651,2,82,0.0019664867,0.95232075,2,112
165,0.0027739392,0.9891763,2,20,0.003777163,0.99661463,2,44,0.02208138,0.9735187,2,64,0.013091252,0.9068066,2,85,0.012104211,0.96898115,2,105,0.018309249,0.94461906,2,125,0.007345541,0.932075,2,145,0.031897143,0.9121157,2,165,0.013935591,0.93308926,2,200
166,0.024585979,0.8402381,3,20,0.0,1.0178343,2,50,0.013309604,0.9193272,0,72,0.0,0.9589259,2,108,0.0023896662,0.9629983,2,131,0.067926124,0.87866116,2,151,0.0028249698,0.8710024,2,171,0.011819979,0.86922175,2,200
167,0.007245481,0.8440323,2,22,0.0,0.8495475,2,43,0.0023727384,0.797383,0,64
168,0.02195157,0.7766017,2,20,0.0,0.83007175,2,40,0.0,1.0223315,0,60,0.0,0.6269337,2,80,0.0017012217,0.5445674,2,110
169,0.0,0.9926726,2,20,0.0,0.9525406,2,40,0.016050199,0.9738603,2,74
170,0.009378127,0.99166614,2,20,0.010776573,1.0564688,2,61,0.014369665,0.98947257,2,81,0.010239421,0.996315,2,101
171,0.026780743,0.95176125,2,20,0.0071973377,0.8412288,2,40,0.008349046,0.91938204,2,63,0.0,0.76530594,2,84,0.016409565,0.77743155,2,104,0.03224104,0.7918806,2,124,0.015491527,0.84368545,2,150,0.037084058,0.83725876,2,171,0.010869452,0.9328593,2,200
172,0.0,0.96627945,2,21,0.010755519,0.74171525,0,41,0.0,0.7747683,0,66
173,0.009821475,0.9009086,2,20,0.0,0.7802955,2,40,0.0038057372,0.79520065,2,60,0.019778319,0.88125455,2,80,0.024516065,0.82830876,0,100,0.0,0.7671496,2,120,0.0021137502,0.7693255,2,143
174,0.0041422416,0.9856281,2,26,0.022423586,0.9372023,2,46,0.03235685,0.92164844,2,68,0.026214242,0.9691768,2,92
175,0.023715118,1.0613288,0,20,0.009157458,0.9916889,2,44,0.028654657,0.9182235,2,65,0.015219992,1.0144552,2,86,0.002706745,0.9726022,2,106,0.0060550338,1.0074997,2,127,0.003674922,0.97687465,2,147,0.016379299,0.9576896,2,167,0.0,0.9907406,2,200
176,0.0204953,0.99109113,2,35
177,0.006267538,0.958544,2,24
178,0.02823817,0.87765783,2,30
179,0.052478816,0.854037,2,39
180,0.0033140206,0.9437742,3,20,0.0035279908,1.0239706,2,43,0.04070698,0.97355336,2,67,0.017755706,0.90494126,2,88,0.052933335,0.82418424,2,108,0.02633391,0.793461,0,128,0.015398702,0.8665887,2,148,0.0,1.0065826,2,168,0.00240822,1.0970294,2,200
181,0.0,1.0330669,2,21,0.0,1.0596555,2,41,0.002873014,1.0477048,2,70
182,0.0088462485,0.9713834,2,20,0.013837874,0.99797666,2,41,0.0018941589,0.90349716,2,65,0.00094925915,1.0434549,2,94
183,0.020447599,0.9473684,2,36
184,0.0035134447,1.0274248,2,21,0.011350022,1.0845644,2,59
185,0.0,0.8826691,2,20,0.012843001,0.6699698,2,40,0.0049652294,0.64247483,2,60,0.0,0.65156734,2,80,0.005986827,0.86204326,2,100,0.015836716,0.7758275,2,120,0.0,0.8125871,0,140,0.0,0.56750727,2,160,0.0040705795,0.6738316,2,200
186,0.01100591,1.0194832,2,34,0.0011208399,1.0466778,2,55,0.027453471,1.0253978,2,75,0.018273467,1.0654016,2,97,0.0005444981,1.0231118,2,120,0.0031206582,0.95876455,2,140,0.06416896,0.9242703,2,166,0.070726454,0.97605044,2,200
187,0.007496252,1.0176386,2,25
188,0.0047645667,1.0003027,2,20,0.012837764,0.9448307,2,43,0.0076699983,0.97387815,2,65,0.012794112,0.9059967,2,86,0.0069857175,0.9653495,2,112,0.0035714991,0.98754567,2,132,0.0,1.0622642,2,155,0.0,1.0311764,2,175,0.00050307077,1.0770562,0,200
189,0.03087219,0.7495335,2,20,0.0,0.60108846,2,40,0.0,0.6446922,1,60,0.0,0.6741303,2,81
190,0.007606292,0.9953503,2,27
191,0.0077743554,0.94891727,2,37
192,0.0,0.92471826,2,20,0.014867177,0.83745956,2,40,0.007827764,0.8465543,2,60,0.0,0.82013476,2,80,0.0,0.6465499,2,102,0.0038070562,0.7196576,2,129,0.0038832126,0.83462036,2,152
193,0.0012421052,1.010457,2,20,0.007587078,0.9532086,2,40,0.0,1.0313541,2,60,0.0,0.9168339,2,81,0.011188947,0.9331875,2,110,0.0004893328,1.0261112,2,152,0.0050897063,1.1112773,2,175,0.010710213,1.0379926,3,200
194,0.015102073,0.9111329,2,22,0.018998241,0.94401246,2,42,0.010287601,0.7921859,2,62,0.0012239283,0.7881407,2,82,0.010811603,0.869081,2,102,0.0061211423,0.9317906,2,124,0.0052342806,1.0534427,2,144,0.0,1.0261153,2,164,0.01189303,0.9577585,2,200
195,0.017775262,0.96094346,2,25,0.008661108,0.94031125,2,45,0.031333465,0.9268851,2,65,0.0,1.0075146,2,85,0.0029112361,0.8933784,2,113,0.0,0.8910012,0,133,0.05708003,0.8293318,2,154,0.004935092,0.8542348,2,174,0.036276393,0.89823663,2,200
196,0.00055377075,1.069274,2,21,0.0,1.0420098,2,43,0.00034002977,1.0163107,2,64,0.006111745,1.0169669,2,88,0.0005164629,1.0541272,2,111,0.0,1.0762036,2,131,5.562284e-05,1.0444096,2,152,0.0010027812,1.0317935,2,177,0.0,1.0381299,3,200
197,0.0131722605,0.916533,2,21,0.015636867,0.8654526,2,41,0.028675605,0.80823725,0,61,0.0728045,0.6934065,2,83,0.020015534,0.9706689,2,103,0.011068187,0.96567714,2,123,0.0039473,1.0574691,2,143,0.0071591293,1.0560058,2,170,0.00125452,0.79530704,2,200
198,0.012470999,0.8856559,2,29
199,0.054681666,0.8051733,2,20,0.042950176,0.62884855,2,41,0.001557466,0.5149854,0,72
200,0.043836605,0.91462266,2,20,0.014685195,1.027342,3,42,0.0,0.98144215,2,62,0.01475397,0.79357874,2,82,0.013210231,0.687414,2,102,0.017376617,0.8331046,2,122,0.005817809,0.9050816,2,142,0.0054647326,0.88842535,2,162,0.004971201,1.0179216,2,200
201,0.027051577,0.92531335,2,20,0.06771112,0.858652,0,40,0.021014381,0.9047109,2,60,0.021830639,0.9111226,2,81,0.013366143,0.9406503,2,101,0.031835694,1.0067075,3,121,0.02175262,0.9629324,2,143,0.0,0.9707668,2,164,0.034371853,0.90065694,2,200
202,0.014772097,0.91305655,2,20,0.007942971,0.92401093,2,44
203,0.0015677981,0.95205325,2,20,0.0,0.9745552,2,40,0.024735218,0.9936757,2,60,0.0029744753,1.0362673,2,83,0.0,1.032823,2,104,0.0,1.0333738,2,128,0.0,1.0334193,2,148,0.0,1.032079,2,178,0.0016030826,1.0677993,2,200
204,0.008768891,0.96325123,2,21,0.015648352,0.9348802,2,42,0.0,0.9047762,2,62,0.015908988,0.8696109,2,83,0.033996545,0.5904002,1,103,0.0,0.4450884,1,123,0.02460512,0.5912013,2,143,0.0,0.54450023,3,180
205,0.026018228,0.92503273,2,20,0.004318489,0.9281188,2,40,0.0013918049,0.9709298,2,60,0.01951223,0.9754227,2,80,0.026469737,0.92320013,2,100,0.05578816,0.9660288,2,120,0.012022527,0.89742315,2,140,0.03038248,0.74233943,2,161,0.0064843846,0.9641125,2,200
206,0.025582736,0.950544,2,20,0.0,0.9630375,2,40,0.008941397,0.95420456,2,60,0.023180578,0.8238996,2,80,0.0,0.8471411,3,100,0.0,0.9165506,2,121,0.013150997,0.9169138,2,141,0.00084746676,0.90401596,2,162,0.0015865243,0.9263981,2,200
207,0.031293422,1.0079341,2,20,0.0040359,0.9388245,2,40,0.010354711,1.0001136,2,60,0.0,0.9528426,2,80,0.024188215,0.7154532,0,100,0.0,0.9943596,2,120,0.026039526,0.89699715,0,141,0.0,1.0685277,2,161,0.022657687,0.74463856,2,200
208,0.0,0.9122271,2,22,0.0,0.8289587,2,42,0.0,0.8864437,2,70,0.008547646,0.88160527,2,101,0.0,0.91345197,2,122,0.0,0.8077589,2,142,0.0,0.58931035,2,162,0.020800149,0.58662146,1,200
209,0.0,1.0082635,2,23,0.026078869,0.9786016,2,43,0.032435074,0.86062545,3,63,0.0271844,0.9744559,2,84,0.034308843,0.8474804,2,104,0.04479793,0.9328361,0,126,0.020216126,0.8917589,0,146,0.008989942,0.89618856,0,166,0.030665124,0.9521281,2,200
210,0.0007885721,0.97546643,2,21,0.027049458,0.92239034,2,41,0.013572741,0.911953,2,63,0.03467413,0.9888108,2,85,0.021288581,0.9701509,2,109,0.030921558,0.97430056,2,129,0.0037365067,0.99039286,2,150,0.004461013,0.9674525,2,170,0.00949702,0.95059955,2,200
211,0.037881628,1.0028517,2,20,0.005311786,0.91716814,2,40,0.016610315,0.9330698,2,77
212,0.009119327,1.0288523,2,22,0.0,0.9896244,2,42,0.0096863825,0.96721077,2,62,0.008097563,1.0342833,2,83,0.0020229593,1.1052554,2,103,0.004834396,0.9881199,2,123,0.013536952,1.0105498,2,143,0.0,1.0317472,2,174,0.0063171485,1.0281491,2,200
213,0.0,0.8437181,3,22,0.004693061,0.68958324,2,44,0.0028859251,0.79157937,2,64,0.011382421,0.9113167,2,84,0.0021764673,0.7513034,0,104,0.0641324,0.61401063,0,143
