0,0.019410925,0.9596341,3,21,0.01946034,1.0376768,2,41,0.0013729593,0.9373761,2,64,0.021188492,0.9629439,2,84,0.01484586,0.90444213,2,104,0.013050246,0.9864701,2,124,0.0024030458,1.0247786,2,144,0.0009695253,1.1322908,2,165,2.2400756e-05,1.1060845,3,200
1,0.007760984,0.8455596,2,20,0.0023322,0.88756907,2,41,0.0,0.9498207,2,61,0.007451819,0.7757253,2,82,0.008190098,0.9619864,2,119
2,0.039782472,0.9335295,2,20,0.015966717,0.901142,2,40,0.047799803,0.9283175,2,65,0.0,0.9459762,2,87,0.0,1.0264482,2,113,0.0011152808,1.0883043,2,137,0.005400778,1.0352609,2,158,0.012519915,0.8549553,2,179,0.01615257,0.9776275,2,200
3,0.013972708,0.9800009,2,25,0.014491478,0.88094443,2,45,0.07336033,0.83758086,2,65,0.02183141,0.93129057,2,87,0.0003734383,0.90357816,2,107,0.024885114,0.90302694,2,127,0.0004966994,0.9642514,2,150,0.006309502,0.98896706,2,178,0.0076886253,1.0115771,2,200
4,0.0025419104,1.0542443,2,21,0.006310054,0.99767196,2,42,0.015883867,0.9483142,2,69
5,0.01167623,0.9837346,2,24
6,0.014063063,1.061569,2,20
7,0.0040084724,0.9627111,2,23
8,0.015776444,0.9637604,2,23,0.0,0.9827237,2,43,0.0,0.99836767,2,63,0.009582951,0.98421496,2,84,0.0018366115,0.99133736,3,105,0.0,1.1263105,3,127,0.004624043,1.1474118,3,149,0.0,1.208411,3,169,0.005152335,1.1487123,3,200
9,0.0476025,0.92640305,2,26,0.0102690095,0.93823886,2,47,0.0,0.9476178,2,67,0.0,0.95432645,2,87,0.0,0.8983885,0,107,0.002711193,0.8845011,0,127,0.0,0.91588724,2,150
10,0.00032989038,0.9892473,2,20,0.0,1.036197,2,40,0.0050660153,1.0542731,2,66,0.02373639,0.91434246,2,94
11,0.005282048,1.0273869,2,21,0.0049199797,1.0215104,2,61
12,0.0104160225,0.96736354,2,25,0.013628309,0.9011731,2,50,0.008645271,0.9627287,2,72,0.0026107547,0.8540265,0,92,0.044462115,0.9719341,2,113,0.008585041,0.8213824,3,134,0.0,0.76007164,2,154,0.0,0.6625904,2,177,0.013550716,0.69506556,0,200
13,0.0012252401,0.9406219,2,22,0.020111654,0.9080261,2,42,0.011362093,0.9470681,2,65,0.013680401,0.9568221,2,85,0.026339905,0.9084956,2,106,0.011936142,0.8892902,2,126,0.010127357,0.9073672,2,146,0.0015890936,0.9044064,3,167,0.027546402,0.71369034,2,200
14,0.008339295,1.0118368,2,20,0.019028896,0.93714637,2,40,0.017886102,0.9576117,2,60,0.0011146936,0.96244365,2,84,0.015594108,0.95030934,2,113,0.018142626,1.0178623,2,134,0.0038140574,0.8819607,2,157,0.009306001,0.9235182,2,177,0.006867611,0.9533781,2,200
15,0.003280451,0.91128767,2,20,0.013647432,0.9377803,2,45,0.0,0.99910635,2,66,0.02651912,0.96637046,2,86,0.058065016,0.92453307,2,106,0.024848383,0.8537892,0,126,0.015233083,0.8913625,2,146,0.0070716375,0.96379817,2,166,0.01575628,0.9441617,2,200
16,0.013491963,0.9136691,2,20,0.007856486,0.9541362,2,40,0.044562124,0.9809891,2,61,0.008671915,0.9478049,2,81,0.00012704755,1.058626,2,103,0.0,0.68098104,0,123,0.0,0.8117133,0,146,0.011061525,0.7284935,0,166,0.0049291155,0.68468446,3,200
17,0.0039040968,0.93057203,2,20,0.0058350987,0.9515465,0,40,0.023399381,0.931458,2,65,0.007279698,0.94565654,2,86,0.003796269,0.95262873,2,106,0.0003540804,0.9607842,2,127,0.0,0.96240544,2,148,0.00183605,0.9472629,2,168,0.029533979,0.9478512,2,200
18,0.006399603,0.9985663,2,29
19,0.0016654768,1.0071218,2,27
20,0.008336825,0.9167024,2,20,0.0028377685,1.0311399,2,42,0.030080473,0.9847396,2,62,0.0052630757,1.0310959,2,91
21,0.0037930321,1.0216414,2,20,0.0,1.0083458,2,43,0.017265398,0.9890893,2,63,0.0056906817,0.8766991,3,83,0.0,0.8556595,2,103,0.0,0.885403,0,123,0.0028944928,0.76603425,0,144,0.005604595,0.87594515,2,165,0.032517206,0.8822111,2,200
22,0.012626089,1.0217835,2,20,0.021216605,0.95701855,2,40,0.0071794577,1.0280368,2,60,0.0028566634,1.0589278,0,80,0.0,0.956982,0,101,0.0,1.0398296,2,123,0.0,0.95556223,0,143,0.0,0.92863244,2,163,0.0,0.9177941,2,200
23,0.0052432097,0.9020233,2,20,0.005525563,0.73499966,2,40,0.020004032,0.7007158,3,60,0.010727274,0.6918746,2,80,0.0,0.6852798,2,101,0.04160593,0.50731266,2,122,0.070346445,0.2700058,0,147,0.0,0.41137904,1,167,0.0,0.21882251,1,200
24,0.016104516,0.9311284,2,20,0.018594274,0.9082093,2,41,0.0,0.91430444,2,61,0.01974433,0.8487919,2,81,0.016740005,0.8269121,2,101,0.0,0.8345373,2,121,0.0128544895,0.94704944,2,141,0.0137750385,1.020605,2,165,0.008580391,0.9473357,0,200
25,0.01639089,0.9758041,2,26,0.007928366,0.9717116,2,52,0.007369636,0.98817074,2,72
26,0.00041622474,0.9130828,2,20,0.012641922,0.9199775,2,40,0.0,0.97808504,2,60,0.0,0.8411781,0,80,0.0,0.72825843,1,100,0.0,0.85015965,2,124,0.0,0.9295843,2,144,0.009653543,0.932837,2,164,0.005439982,0.8782777,2,200
27,0.0066267354,1.0322794,2,20,0.004804211,0.9939922,2,45,0.033608276,0.9439936,2,66,0.013926357,0.931746,2,86,0.047211085,0.93837273,2,106,0.017114699,0.9426546,2,126,0.076544605,0.8785712,2,146,0.04786942,1.0152478,2,167,0.070454344,1.0034101,2,200
28,0.008473772,0.9608902,2,20,0.0016139211,0.9904687,2,40,0.0004331218,1.1075437,2,60,0.0074716536,1.0846983,2,85,0.0,1.1289562,2,109,0.0,1.097581,2,131,0.0,1.0615058,0,152,0.0,1.0685376,2,178,0.0026034294,1.0767878,2,200
29,0.009022549,0.91485715,2,21,0.07843488,0.8987837,2,41,0.023432001,1.0262344,2,61,0.029156808,0.87392867,0,81,0.012575693,0.96762764,2,101,0.007828609,0.91570723,2,123,0.0,0.8143975,2,144,0.0068905833,0.8006783,2,167,0.06543246,0.8170287,2,200
30,0.0025649325,1.065444,2,21,0.0,1.0848323,2,43,0.0,1.0788625,2,63,0.0075647943,0.9885699,2,84,0.0,1.0498079,2,104,0.00029479593,1.021834,2,138,0.015497795,0.9813392,2,159,0.0031247684,0.90770644,2,179,0.017379707,0.9427104,2,200
31,0.004141184,0.9908701,2,20,0.01783894,0.9604645,2,40,0.003226732,0.9381335,2,62,0.014475806,0.79549676,2,82,0.0,0.89848655,2,107,0.010552781,0.97195363,2,134,0.005495458,1.050137,2,154,0.026023787,1.0365152,2,176,8.673446e-05,1.0018119,2,200
32,0.0361461,0.9423674,2,22,0.004099654,0.92731464,2,58
33,0.044143368,0.82657206,2,20,0.0054184385,0.82433224,2,40,0.038422115,0.8503028,2,60,0.049948134,0.90091056,2,80,0.007905684,0.89696777,2,100,0.041948874,0.9099052,2,130
34,0.012838219,1.0442028,2,20,0.0009152163,1.0710366,2,40,0.009762023,1.0120317,2,83
35,0.0016419167,1.0311608,2,39
36,0.006266701,0.9746374,2,20,0.012895383,0.9623879,2,40,0.007333824,0.977181,2,71
37,0.029202312,0.9711275,2,20,0.0019229722,1.0074369,2,43,0.0037837517,0.9088324,2,68,0.018622369,0.85835505,2,88,0.06735462,0.8930459,2,109
38,0.007701265,1.064245,2,20,0.005525177,0.9700348,2,44,0.018824235,0.9235362,2,64,0.091499016,0.8037014,2,84,0.0,0.8534556,2,109,0.0,0.94096565,2,136,0.0032554022,0.92265683,2,156,0.005292904,1.0002486,2,200
39,0.0030488903,0.9676854,2,24,0.006846153,0.9035218,2,45,0.01406984,0.96963966,2,65,0.0049290257,0.9549497,2,89,0.0050571365,0.9497641,2,109,0.0029154134,0.9762266,2,129,0.014321491,0.98247045,3,153,0.0,0.93406147,2,179,0.0,0.96835846,3,200
40,0.01367572,0.9692398,2,22,0.004739477,1.0140022,2,46,0.017916203,1.0045757,2,67,0.0009793828,0.9366153,2,87,0.0034707568,1.0187762,2,107,0.0,1.0631009,2,133,0.005512538,1.0859957,2,158,0.022615168,1.026353,2,178,0.012671765,1.0471097,2,200
41,0.0,0.97124666,2,23,0.004904043,1.010729,2,43,0.005787221,0.99249846,2,66,0.0,1.0158396,2,87,0.0,1.028415,2,107,0.025196675,0.9776301,2,128,0.04319457,0.9740042,2,159
42,0.013915981,0.97069824,2,21,0.014941541,0.94315636,2,41,0.012246052,0.9423672,2,61,0.014510867,0.961675,2,84,0.017082136,0.9697598,2,104,0.061772242,0.8933809,2,135
43,0.024283186,0.9736602,2,20,0.0009984002,0.9401524,2,45,0.0,1.0515125,2,73,0.0030900359,1.0092399,3,93,0.0,1.0557929,3,115,0.0,1.1351693,3,135,0.0002528931,1.1127756,2,155,0.0,1.0250746,2,176,0.014280931,0.9774658,2,200
44,0.058272433,0.97460186,2,20,0.04290064,0.9985566,2,41,0.08151589,0.8297887,2,62,0.016549932,0.9296684,2,84,0.017936489,0.7420768,2,104,0.020443778,0.82674444,2,124,0.0070120245,0.92077523,2,146,0.010541357,0.8765426,2,169,0.011970231,1.0648215,2,200
45,0.005230105,0.92282563,2,20,0.01482134,0.9030837,2,40,0.028485965,0.93868655,2,60,0.029668247,0.9221188,2,80,0.010345651,0.71129835,2,100,0.0,0.9601512,0,121,0.0,1.0717661,2,141,0.0034104404,1.0799124,2,162,0.012699285,0.88253903,2,200
46,0.0,0.9841672,2,26,0.00873966,0.81819916,2,46,0.02106529,0.88007784,2,66,0.0,0.90046036,2,87,0.023976175,0.8003009,2,108,0.0048690704,0.8662461,2,129,0.030595709,0.89809847,2,149,0.027995102,0.841255,2,173,0.012546238,0.94806814,2,200
47,0.008590783,1.0331614,2,21,0.0042938166,1.051442,2,41,0.003646031,1.0374099,2,67,0.0073730615,1.0280031,2,97,0.0073413495,1.0078404,2,134,0.0027103613,1.0215232,2,157,0.029412031,0.93591565,2,177,0.01161366,0.961253,2,200
48,0.0015080015,0.91570103,2,20,0.036431607,0.902549,2,42,0.021246264,0.954309,2,62,0.009769985,0.92449504,2,82,0.0014576319,0.9271304,2,102,0.013157914,0.9236932,2,122,0.004626393,0.9127232,2,142,0.0041912817,0.88894427,2,168,0.0042787734,0.97501296,2,200
49,0.0019590436,1.0164921,2,27,0.017960036,0.9406675,2,50,0.00022704137,0.9495729,2,72,0.022322962,0.85470605,2,96,0.0020502934,0.8566016,2,117,0.025485955,0.7314497,2,143,0.016888632,0.6443589,2,164,0.07595815,0.603565,2,200
50,0.0049279844,0.9747224,2,32,0.030084036,0.9073137,2,54,0.0,0.8109271,2,74,0.0,0.79362994,2,94,0.002448301,0.87461865,2,115,0.0,0.8261527,2,135,0.022453384,0.9055215,2,156,0.0,0.79585063,2,177,0.023400275,0.9051217,2,200
51,0.01657877,0.9038752,2,20,1.0849908e-07,1.0125965,2,40,0.009390409,0.9567061,2,73,0.0,0.9703736,2,96,0.013339867,0.8538782,2,116,0.032296658,0.9172579,2,136,0.0031025785,0.96588075,2,158,0.056670047,0.96848005,2,200
52,0.014492372,0.90607196,2,20,0.0,1.0077994,2,52,0.0,1.0111593,2,72,0.0,1.0719613,2,94,0.0047019892,1.006638,2,114,0.005192004,1.0161734,2,136,0.0,0.89972675,2,156,0.00040388535,0.9334726,2,180,0.0,0.9627209,0,200
53,0.014294731,0.95461416,2,20,0.014804436,0.96375704,2,40,0.0,0.9692291,2,60,0.031008095,0.8992319,2,80,0.0056929523,0.91276205,2,100,0.0057283025,0.9094317,2,123,0.018503863,0.93991584,2,143,0.0029567953,0.9900886,2,171,0.0048027835,0.9858045,2,200
54,0.028583463,0.9351737,2,21,0.036699638,0.84962016,2,52
55,0.0,1.0844235,2,22,0.0,1.064178,3,44,0.0091614835,0.9969982,2,88
56,0.015273181,0.96524924,2,22,0.0065438277,0.755116,2,46,0.0,0.89787364,2,67,0.004254868,0.8343687,2,87,0.02060519,0.8454217,2,108,0.02242486,0.783958,2,128,0.0493223,0.8104666,2,148,0.021856073,0.8318249,2,181
57,0.014420727,0.92716515,2,20,0.049388014,0.9400425,2,40,0.0,0.89929533,2,60,0.043402113,0.93705255,2,80,0.033340126,0.8984545,2,100,0.012678482,0.71195763,2,121,0.004603741,0.8540835,2,142,0.00757237,0.7789419,2,163,0.019945174,0.8024154,2,200
58,0.0102392165,0.92944276,2,20,0.005571763,0.8500033,2,42,0.0,0.9304253,2,62,0.006290396,0.9626459,2,85
59,0.021780679,1.0433356,2,21,0.0010072669,1.0075537,2,42,0.0,1.0153818,2,62,0.03603807,0.90654814,2,82,0.030681703,0.893308,2,102,0.03692109,0.8810167,2,124,0.028527334,0.9463385,2,145,0.006976445,0.92387056,2,165,0.015764063,0.9279788,0,200
60,0.004416916,0.9989043,2,22,0.0008691891,1.0834495,3,43,0.0058731656,1.0011111,2,77,0.008127384,0.9461348,2,99,0.010271742,0.9729859,2,120,0.0044636624,0.9304514,2,142,0.019738143,0.9159776,2,163,0.013574121,0.96146,2,200
61,0.0057326728,1.0385851,2,21
62,0.0011614583,1.0241337,2,30
63,0.010658963,0.9829895,2,22,0.015514063,1.0226117,2,45,0.0,1.0670518,2,66,0.014250099,1.0933005,2,95,0.0056728204,0.971307,2,118,0.0056636524,0.8811259,2,139,0.0,0.8335291,2,159,0.008170293,0.83009374,2,192
64,0.02462937,1.0069909,2,24
65,0.027690558,0.9504207,2,25
66,0.018136755,0.98411936,2,27,0.010346499,0.9884993,2,50,0.047648594,0.9175789,2,88
67,0.015244038,0.947446,2,26
68,0.00095388916,1.0132917,2,21
69,0.023879427,0.9277021,2,20,0.0008149692,0.77738315,2,41,0.011517699,0.79342854,0,61,0.0037594312,0.7408984,2,83,0.0049965014,0.86369026,2,106,0.0,0.8715724,2,126,0.0075998246,0.6446188,2,148,0.02612097,0.82899886,2,188
70,0.022486975,0.9724556,2,20,0.0045465482,0.89321566,2,40,0.019963903,0.9055193,0,64
71,0.006446711,1.0315746,2,25,0.010276618,1.0073581,2,48,0.000530617,0.9625274,2,76,0.0006148724,0.88459486,0,97,0.008560399,0.89781415,2,117,0.00844664,0.9555556,2,143,0.026502293,0.8356373,2,166,0.04385383,0.8267728,0,200
72,0.0017600377,1.004689,2,27,0.0145486025,0.998954,2,47,0.013057576,0.99789566,2,75,0.006808096,1.0584184,2,97,0.0075081033,0.99272776,2,118,0.005847469,0.9399228,2,138,0.03067354,1.0659479,2,162,0.005920356,0.9697276,2,200
73,0.033161573,0.9465057,2,20,0.014483795,0.94574356,0,42,0.0,0.88968647,0,63,0.0053450344,0.7254432,0,84,0.017233554,0.73365736,2,104,0.008819593,0.75719637,2,128,0.0,0.8225412,2,150,0.00022709435,0.839728,2,170,0.024411349,0.90591687,2,200
74,0.016250746,0.9437621,2,21,0.0031486081,1.0435405,2,50,0.0019140898,1.0279031,3,71
75,0.0,0.9411512,2,21,0.019935982,0.89559114,2,43
76,0.00070932775,1.0244308,2,21,0.0115650315,0.9903016,2,41,0.008704403,1.0927366,2,61,0.014029017,0.96734285,2,81,0.035651706,0.95116866,2,104,0.008588514,0.91452974,2,127,0.012247207,0.80173284,2,147,0.040739223,0.7084314,2,171,0.031698518,0.76806295,2,200
77,0.0010178116,0.9720548,2,20,0.014400105,0.90602255,2,40,0.0034160824,1.0255328,2,62,0.0,0.9664852,2,82,0.0019876224,0.98810923,2,103,0.0031693252,0.9825697,2,125,0.019334467,0.80281985,2,145,0.0,0.7348334,2,165,0.0071021453,0.6587422,2,200
78,0.023870518,0.98197204,2,20,0.013389644,0.9153881,2,40,0.0,0.88703644,2,63,0.006039037,0.98869777,2,85,0.0027655207,0.97595483,2,105,0.0,0.8724683,2,125,0.002085597,0.94816124,2,145,0.022086399,0.837306,2,165,0.0040102447,0.8716052,2,200
79,0.013303557,0.9924229,2,20,0.025548795,0.95783746,2,40,0.008330102,0.90719754,2,63
80,0.005253575,1.0050057,2,20,0.027221624,0.9695771,2,53
81,0.007128699,0.96503145,2,20,0.030262357,0.97749704,2,42,0.048775025,0.9038337,2,63,0.0,0.84558666,2,84,0.0,0.87747866,2,105,0.0,0.94027835,2,129,0.00022885138,0.91273904,2,152,0.0,0.8918387,2,172,0.0,0.9329353,2,200
82,0.01631547,0.94471544,2,22,0.013573346,0.9995902,2,43,0.0051938863,0.92403543,2,72,0.035004396,1.0158521,2,96,0.0024038912,1.0569088,2,116,0.0,1.0870184,2,144,0.0037490001,1.0436257,2,169,0.005939696,1.0205488,2,200
83,0.0261684,0.8978659,2,20,0.019226506,0.99178106,2,42,0.0055766744,0.97289616,2,64,0.008259055,0.97797656,2,86,0.007960699,1.064816,2,106,0.0011212176,0.9921447,2,127
84,0.017365683,1.0001934,2,22,0.0007265973,0.90647286,2,47,0.0,0.98412424,2,69,0.0,0.8518836,2,93,0.06548226,0.8464997,0,114,0.0068953186,0.83383477,2,134,0.0,0.9263503,2,154,0.016865594,0.9176038,2,174,0.016762925,0.88679737,2,200
85,0.0012628061,1.0777117,2,27
86,0.0,0.97672427,2,22,0.01934924,0.8997263,2,44,0.0,0.87157404,2,66,0.007982161,0.99795234,2,87,0.02318053,1.0036385,2,107,0.0042284247,1.0740725,2,143,0.0020926893,1.0390484,2,176,0.0039420654,1.0559239,2,200
87,0.022167306,0.9205436,2,23,0.004611417,1.0106101,2,44,0.0,0.95486724,0,64,0.008473553,1.0060459,2,101,0.0023573139,0.9361618,2,121,0.015135414,1.024835,2,143,0.0,0.9886918,2,163,0.0017815592,0.8937871,2,187
88,0.018572494,1.0231395,2,24
89,0.027538862,0.97490776,2,20,0.0137056885,0.87528294,2,40,0.0,0.9001578,3,61,0.022546561,0.8582177,2,81,0.012422562,0.83285093,2,101,0.0,0.5073812,1,121,0.0,0.6806593,2,141,0.0,0.72055817,1,161,0.0,0.62365156,2,200
90,0.00027676858,1.0064876,2,20,0.012621557,1.0335654,2,40,0.0043889424,0.9528637,2,60,0.038155336,0.95342606,2,80,0.022616189,0.94381773,2,100,0.0,0.8416899,2,139
91,0.015638974,1.0007325,2,20,0.007984061,1.0995107,2,55,0.0004388612,1.0313146,2,82,0.0029873825,1.0580539,2,108,0.0,1.0645299,2,130,0.0,1.080692,2,151,0.016638549,0.86940426,2,173,0.0069875307,0.9880709,2,200
92,0.050906718,0.8444977,2,20,0.0,0.8851724,2,42,0.013424839,0.8996524,2,76
93,0.025961561,0.9328814,2,33
94,0.02048059,0.93929815,2,20,0.069333285,0.8060355,2,40,0.005056466,0.900565,2,60,0.019818846,0.91391027,2,80,0.0014348672,0.9554273,2,100,0.0016037326,1.0554336,2,137
95,0.011923681,0.9132447,2,21,0.0030716537,0.7679277,2,43,0.0,0.669678,2,65,0.0,0.63927054,2,85,0.0,0.593561,2,105,0.0,0.55136824,2,128,0.015416221,0.59250844,2,158
96,0.013305726,0.95182663,3,21,0.010326511,0.9773691,2,42,0.0,1.044209,2,62,0.0057472317,1.0510523,0,82,0.006581736,1.0412893,2,102,0.00862477,1.0386482,2,124,0.013752011,1.020625,2,144,0.0012553148,1.0369338,2,175,0.0034067088,1.0255823,2,200
97,0.014571241,0.94832313,2,21,0.019694533,0.8854386,0,47
98,0.0025800318,0.92339784,2,20,0.0,0.7167205,2,41,0.0,0.8572541,0,63,0.07534121,0.6216565,2,83,0.039056055,0.42281303,2,103,0.09791599,0.39168435,2,123,0.043548305,0.3356868,2,143,0.026357796,0.36711982,0,163,0.16763765,0.36559945,2,200
99,0.00037694376,1.0337726,2,21,0.01786664,1.0593164,2,48,0.021618566,1.0173448,2,69,0.019363368,0.9959078,2,89,0.008790383,1.0045342,2,110,0.0,0.98954284,2,130,0.00888585,0.9556672,2,150,0.00784377,0.97262394,2,170,0.00586188,0.9883052,2,200
100,0.010420307,0.90545064,2,20,0.0046423664,0.89988977,2,40,0.0,0.91400766,2,60,0.0,0.79029256,3,80,0.06517691,0.8511642,3,100,0.0,0.81638443,2,120,0.0068441075,1.006795,2,142,0.0011459177,0.82276565,0,162,0.0,0.72294444,2,200
101,0.009594562,0.95606107,2,21,0.009554876,1.0064677,2,49,0.052867018,0.9820401,2,69,0.0,1.0441785,2,89,0.049929373,0.9804498,2,110,0.0030459266,0.9269937,2,133,0.030706324,0.9020216,2,155,0.007386771,0.93159765,2,176,0.009214624,1.0260061,2,200
102,0.01076446,1.0111964,2,21,0.008259177,1.0208979,2,45,0.008149448,0.93663293,2,69,0.015812268,0.98843676,2,96,0.018917864,1.006342,2,119,0.025789352,0.9555045,2,140,0.015653176,0.93186444,2,161,0.010082406,0.965986,2,200
103,0.017097212,0.93865395,2,20,0.01272883,0.8147954,0,40,0.041481018,0.5672724,0,61,0.023774829,0.5471147,2,84,0.01151557,0.75278306,2,106,0.021355107,0.68758374,2,130,0.009856543,0.8820342,2,150,0.004038682,0.86799926,2,172,0.0006326738,0.9490898,0,200
104,0.0,0.981293,2,20,0.038386736,0.94038904,2,42,0.0046363,0.9150459,2,62,0.008494617,0.9694557,0,82,0.020990053,0.8918287,2,102,0.0,0.88881856,2,122
105,0.0013233437,1.0486817,2,24,0.0048688184,0.98857045,2,49,0.01400687,1.0063505,2,76,0.01850512,1.0041481,2,96,0.045757808,0.943711,2,116,0.017057514,0.92700493,2,136,0.019780952,0.877268,2,156,0.0,0.7891303,2,176,0.002983508,0.78594154,2,200
106,0.005945379,0.959147,2,20,0.0,0.9662396,2,40,0.011452916,0.94715804,2,60,0.023361117,0.9465183,2,80,0.05430125,0.90211177,2,102,0.01249924,0.9938982,2,124,0.011287039,0.9927992,3,145,0.0009972515,0.9494223,2,166,0.049523223,0.8801933,2,200
107,0.022843026,0.9647592,2,20,0.0,0.99071705,2,40,0.0010340569,1.0131185,2,62,0.01928568,0.98785084,2,83,0.0,0.86559165,2,103,0.0,0.94595623,2,123,0.018554935,1.0573843,2,144,0.003768754,0.96074563,2,164,0.027101967,0.8221013,2,200
108,0.021115622,0.9775218,2,21,0.01830906,0.9271288,0,41,0.003059014,0.8642524,3,61,0.03218832,0.9054281,2,81,0.0,0.80664796,2,101,2.6344454e-05,0.85772485,2,122,0.0,0.8914072,2,145,0.018621419,0.8707558,2,165,0.05048363,0.7777355,2,200
109,0.00083558244,0.95381534,2,21,0.026167069,0.87887067,2,42,0.01529689,0.9856642,2,63,0.0057633724,0.977383,0,85,0.005667047,1.0506217,2,110,0.01631707,0.99361867,2,130,0.0,1.0445266,2,153,0.004496268,0.9477738,2,173,0.017112859,0.9494657,2,200
110,0.008530645,0.9768257,2,24,0.013378772,0.9218193,2,44,0.015565371,0.91192085,2,64,0.03265059,0.92540455,2,84,0.024320666,0.9086571,2,104,0.008957703,0.95066607,2,137
111,0.0020299982,0.9292903,2,20,0.011322307,0.9957349,2,56
112,0.0020931088,0.90402985,2,20,0.018432885,0.8452594,2,42,0.0,1.0149765,2,63,0.0,1.0013309,2,83,0.0,0.8668493,0,103,0.007874625,0.8530587,2,123,0.0027820126,0.9262129,2,143,0.0,0.7883093,0,163,0.0,0.6462265,2,190
113,0.015197289,0.9870631,2,24,0.0077423262,0.9007222,2,45,0.018236795,0.8739199,0,66,0.0,0.9019348,2,86,0.0,0.8615602,0,106,0.0014201188,0.8726762,2,126,0.0,0.9909172,3,147,0.022599196,0.92199343,2,167,0.0013505463,1.0353736,2,189
114,0.015035947,1.0173223,2,21,0.005193604,1.073241,3,41,0.006065246,0.9748043,2,61,0.007587655,1.0487514,2,81,0.0010945315,1.0505124,2,104,0.0040446636,1.0448362,2,133,0.0035492324,1.0420421,2,153,0.0009043105,1.053512,2,174,0.0065882634,1.0287989,2,200
115,0.009672721,0.98334134,2,27
116,0.041673057,0.8425111,2,21,0.0036547184,0.8997003,2,41,0.005736156,0.95301193,2,69,0.014149755,0.86280906,2,90,0.012237868,0.812388,2,126
117,0.033091452,0.99682826,2,20,0.0,1.0164826,2,43,0.014350985,0.9768934,2,63,0.0,0.94556344,2,83,0.0,1.0352134,2,127
118,0.004278874,0.9672214,2,20,0.02129652,1.0482197,2,49
119,0.0,1.0615875,2,22,0.0,1.0189915,2,47,0.0019521178,1.0127192,2,69,0.023131527,1.0353086,2,91,0.014816524,0.9656647,2,111,0.03229802,0.96315116,2,131,0.043692835,0.9424251,2,151,0.025018882,0.9508446,2,171,0.008281352,1.0219635,2,200
120,0.014642016,0.95819736,2,22,0.0164652,0.90599996,2,42,0.012335373,0.85618335,2,62,0.0,0.9628007,2,82,0.0,0.88029987,0,102,0.0,0.83295995,2,122,0.018134661,0.8944182,2,144,0.0,0.96196383,2,175,0.007781712,1.0636848,2,200
121,0.03101778,0.9920827,2,20,0.009463978,0.93475807,2,40,0.01790018,0.99972916,2,60,0.0052625136,0.85979426,2,86,0.03383077,1.0078175,2,106,0.007010196,0.9631822,2,137
122,0.006005149,1.0197171,2,22,0.0,1.0289464,2,42,0.02087013,1.0022134,2,62,0.07626492,0.9379629,2,82,0.00044854643,0.9917773,2,103,0.015023,0.9290629,2,125,0.03232954,0.92088366,2,145,0.0062651495,0.9184737,2,166,0.02109972,0.95018995,2,200
123,0.0028044393,0.95791,2,21,0.00021289337,0.9419363,2,44,0.015137984,0.98767,2,65,0.004761113,1.0298629,2,109,0.002531183,1.0476128,2,142
124,0.0,0.9812568,2,20
125,0.0058652577,1.024049,2,23
126,0.028831482,1.0304344,2,23,0.033678327,0.92861575,2,43,0.0392633,0.94208974,2,70,0.040609803,0.9884747,2,90,0.03331899,1.042192,2,111,0.036412437,0.96335256,2,145,0.00024381264,0.9407722,2,168,0.037067786,0.86620635,2,200
127,0.0,1.0794692,2,20
128,0.0,1.0505582,2,28
129,0.03277545,0.9274489,2,20,0.00831474,0.7922736,2,40,0.012866474,0.872243,2,78
130,0.05192131,0.9934692,2,23,0.03688631,0.9475058,2,61
131,0.001957545,1.0048149,2,21
132,0.0,1.015282,2,20,0.009333817,1.0384828,2,40,0.0,1.0051521,2,60,0.0023552065,1.0325139,2,80,0.004369053,1.015396,2,100,0.0016332999,1.0068356,2,120,0.019422218,0.9400572,2,141,0.020674968,0.953083,2,164,0.006687007,0.9850822,2,200
133,0.0015349613,1.0137479,2,33,0.0019478381,1.0485964,2,55,0.0022595443,1.0050042,2,95,0.006706452,1.0194204,3,116,0.022335153,0.99795187,2,139,0.0008358551,1.0178802,2,164,0.0013712539,1.0415905,2,200
134,0.0,0.9577897,2,20,0.00058827153,1.0706176,0,41,0.0029717744,1.0484532,0,63,0.0030866798,1.0341938,0,84,0.0,1.0474509,2,121,0.00035788628,1.0058013,2,144,0.0076991217,0.94055897,2,166
135,0.01462808,0.950723,2,20,0.024546405,1.0038759,2,40,0.09638564,0.9899975,2,62,0.032468546,0.9879831,0,82,0.06554589,1.0328733,2,102,0.019857265,0.9523059,3,123,0.02246328,0.9317778,0,145,0.0048258463,0.7747399,0,165,0.0115811955,0.8501726,0,200
136,0.004449684,1.0738981,2,21,0.0055594193,0.9563488,2,41,0.0,0.8664527,2,61,0.0195203,0.9096257,0,82,0.02135474,0.8828974,2,102,0.0,0.993162,2,122,0.0049576643,0.91222274,2,145,0.0,0.9422065,3,166,0.005534157,1.0411458,0,200
137,0.013702661,1.0389445,2,20,0.0007659225,1.0371959,2,40,0.0,1.0945585,2,60,0.021106293,1.0105212,2,80,0.0015577669,1.0783759,2,147,0.0,1.1011388,2,174,0.0,1.061357,2,200
138,0.0022652897,1.0040807,2,22,0.01752775,0.9903539,2,42,0.03073598,0.89406776,2,62,0.0032999655,0.85766196,2,84,0.046435878,0.9067887,2,104,0.010122674,0.89468277,2,133,0.022742266,0.8740624,2,153,0.0343817,0.92878956,2,175,0.016123187,0.9151892,3,200
139,0.030793596,0.91258556,2,20,0.014858773,0.9415625,0,40,0.00083263015,0.8250861,0,60,0.0139957,0.8855874,2,81,0.13731933,0.80146384,2,103,0.023450855,0.8805095,2,124,0.005561762,0.88139,2,145,0.012912162,0.87843275,2,165,0.0,0.89873666,2,200
140,0.0056418413,0.79224277,0,21,0.0,0.728057,2,41,0.03503116,0.73530424,2,61,0.0,0.81720275,2,81,0.043977972,0.67207634,2,102,0.0074524973,0.65363425,2,123,0.0,0.6814273,2,147,0.0,0.63677406,0,167,0.05156537,0.6714156,2,200
141,0.01113501,1.0222715,2,20,0.02864952,0.93399894,2,40,0.04899109,0.9307248,2,60,0.048319805,0.94512165,2,80,0.017798396,0.9358609,2,101,0.018609708,1.0215365,2,125,0.029283306,0.9047041,3,149,0.031145865,0.83993757,2,171,0.040063567,0.92769617,2,200
142,0.011623727,1.027168,2,33
143,0.0125430375,0.9512088,2,20,0.0023276226,1.0053782,2,47,0.0019475587,1.053393,2,80,0.0,1.1011268,2,101,0.0,1.0861167,0,124,0.017022979,1.0251031,2,144,0.0,0.90223837,2,168,0.038714435,1.0236768,2,200
144,0.0012575635,0.99598634,2,29,0.014472956,0.9697663,2,61
145,0.013830455,0.98317385,2,21,0.015167218,0.98974895,2,47,0.012998388,1.0314802,2,68
146,9.093008e-05,0.9882224,2,21,0.009577892,0.91393983,2,41,0.0,0.8429434,2,61,0.03291384,0.9193433,2,81,0.016907722,0.98781264,2,121
147,0.004036774,0.79009455,3,23,0.0040301634,0.92832595,0,43,0.0,0.9246394,2,73
148,0.010752344,1.0158023,2,21,0.010500028,0.98992753,2,46,0.01574358,0.9803774,2,67,0.037147805,0.8883008,2,87,0.019897686,0.8158785,2,107,0.0,0.84261924,2,128,0.012668206,0.9268906,2,149,0.0,0.92002106,2,170,0.0,0.9532892,2,200
149,0.01692643,0.8876132,2,20,0.0203742,0.8557228,0,40,0.010009627,0.7469096,2,60,0.009048661,0.7112171,2,88
150,0.005987906,1.0107297,2,20,0.012452108,0.9502201,2,43,0.010070118,0.90963346,0,63,0.0,0.90765125,2,83,0.018186178,0.9085082,2,104
151,0.020172382,0.8900627,2,21,0.0,0.89572847,2,43,0.0,0.90238535,2,64,0.003049157,0.8274391,2,84,0.0030120122,0.8003222,0,104,0.0,0.9503053,2,124,0.0058683297,0.7880997,2,144,0.012523055,0.80412686,2,165,0.009775276,0.70965487,2,200
152,0.0136519,0.9706617,2,21,0.0022991698,0.97819656,0,42,0.036095146,0.9550071,2,63,0.012663791,0.9186293,2,85
153,0.0108626615,1.0296239,2,21,0.015706416,0.99774903,2,41,0.0072201146,1.0689851,2,61,0.01084381,1.000503,2,81,0.016347354,0.9593079,2,102,0.0,1.0885606,0,124,0.005881394,1.0258272,2,153,0.0,0.9852625,2,173,0.0,0.9128045,2,200
154,0.025892254,0.92051256,2,20,0.0,0.99467003,2,40,0.063377656,0.892865,2,60,0.020488268,0.8955538,2,84,0.011027472,0.9704188,2,104,0.0,0.8936672,2,124,0.004736556,0.8951607,2,154
155,0.0,0.9627798,2,24
156,0.0,0.8336836,2,20,0.0,0.4017965,2,40,0.019024376,0.5244321,2,61,0.008888352,0.4946386,2,81,0.0,0.33998555,2,101,0.0,0.29585785,0,121,0.0,0.3690858,1,141,0.041380584,0.66519576,2,162,0.004136532,0.31818205,1,194
157,0.006747464,0.9866765,2,21,0.02439404,0.9305521,2,58
158,0.006222843,0.948516,2,20,0.048168484,0.9532099,2,42,0.0,0.93515587,2,63,0.07937082,0.8787291,2,85,0.0024693173,0.9343507,2,110,0.0,1.06456,2,133,0.011070849,1.0766797,2,171,0.0010023561,1.1310574,2,200
159,0.012874985,0.9002038,2,21,0.0106751835,0.96128255,2,45,0.018674485,0.93774974,2,65,0.002234604,0.99935293,2,89,0.0026652396,0.9030644,2,109,0.013148917,0.92792225,2,129,0.0029418212,0.8790103,2,149,0.03122814,0.8822875,0,170,0.02782618,0.85613084,2,200
160,0.015177712,0.96835935,2,20,0.0,0.9823754,2,41,0.0063074515,0.9057792,2,62,0.0,0.8850025,2,82,0.0,0.9475152,2,102,0.011502055,0.6321618,0,122,0.08983621,0.73386,0,142,0.010316426,0.7280294,2,162,0.045691323,0.64052963,2,200
161,0.005441607,0.9966404,2,20,0.017255578,1.0525234,2,52,0.014330757,1.0510372,2,76,0.0,1.0893612,2,106,0.0015316763,1.0579972,2,142,0.0008592586,1.0806532,2,169,0.0038111778,1.0078961,2,200
162,0.002768942,0.9968651,2,34
163,0.016286513,0.9918997,2,26
164,0.013107004,0.93601644,2,20,0.014814352,0.9391204,0,41,0.046910595,0.82107,2,62,0.030223738,0.75615185,2,82,0.005325985,0.92774206,2,104,0.0055410033,0.9465575,2,124,0.04333055,0.8402814,2,145,0.001929486,0.88808304,2,167,0.010258392,0.9198466,2,200
165,0.015024176,0.9413713,2,20,0.004161862,0.9792779,2,55
166,0.004285047,0.942775,2,21,0.014407327,0.93511623,2,51,0.0066498355,0.92478687,2,72,0.0073248413,1.0086349,2,94,0.0,0.84990054,2,114,0.0,0.85337144,2,134,0.019852476,0.9116953,2,154,0.0023761697,0.9793762,2,174,0.013489738,0.9038858,2,200
167,0.008712834,1.0362056,2,23
168,0.009689616,0.9488133,2,39,0.00372692,0.93317014,2,59,0.0,0.8019087,2,81,0.010170557,0.76860064,0,103,0.0,0.71431875,2,123,0.0075966665,0.6447951,2,171
169,0.031566728,0.98973215,2,20,0.032618422,0.8725056,2,44,0.0025352112,0.9476293,2,65,0.005729143,0.9962488,2,86,0.0009722655,1.0308603,2,106,0.0,1.0386866,2,128,0.0,0.9216943,2,148,0.012400884,1.0402514,2,168,0.0060376585,1.0527215,2,200
170,0.00950401,0.9853468,2,26,0.02937977,0.9573779,2,49,0.020449534,1.0294275,2,69,0.011978108,0.9592446,2,90,0.011943851,1.0372664,2,112,0.014223531,1.0212245,2,142,0.0037891157,1.0304282,2,162,0.0054826946,1.0090479,2,200
171,0.01588077,0.9111972,2,20,0.038982425,0.70808625,0,40,0.020990463,0.77903813,0,61,0.0,0.82627124,2,82,0.05921222,0.7850047,0,102,0.06180203,0.85008365,2,123,0.0,0.8285905,0,143,0.0066298475,0.8401441,2,164,0.027292775,0.7296527,2,200
172,0.0179305,0.9502265,2,27,0.025325667,0.91897374,2,49,0.004256162,0.9277772,2,69,0.04711146,0.8862469,2,90,0.014709018,0.8434761,0,110,0.0,0.9419584,2,130,0.01749576,0.8261522,0,150,0.0,0.8156027,0,171,0.04912454,0.5722905,0,193
173,0.008715044,1.0202734,2,29
174,0.009140735,1.0296856,2,23,0.022473082,0.9620056,2,44,0.007774755,1.0428802,2,71
175,0.011952322,0.98292726,2,25,0.028926933,0.95028406,2,48,0.033513114,0.94476193,2,80
176,0.03990542,0.964532,2,20,0.009260276,0.96119225,2,40,0.001990262,0.9586654,2,60,0.021677278,0.9073796,2,80,0.0,0.7872076,2,100,0.018110724,0.8125287,2,126,0.0,0.78015053,2,146,0.011742754,0.87773097,2,166,0.0014201468,0.72888106,2,200
177,0.0,1.0164587,2,21,0.002048117,1.0683824,3,41,0.0021625566,1.0534611,2,61,0.00533786,1.0689031,2,83,0.0007887236,1.0708107,3,106,0.0,1.1494787,3,126,0.0,1.1630211,0,146,0.0,1.1570075,3,166,0.0,1.1194497,3,200
178,0.014111506,0.9975249,2,28
179,0.0,0.9256476,3,20,0.02102248,0.6501849,2,40,0.03801017,0.83366364,2,60,0.0076028802,0.86735773,0,80,0.0,0.7605797,2,100,0.0,0.7795539,2,121,0.0,0.7264886,2,142,0.0,0.7121991,2,162,0.0007759191,0.75784516,2,200
180,0.008165299,0.9468855,2,22,0.017190818,0.9726731,2,42,0.0013029648,0.9266652,2,62,0.021690901,0.9007365,3,82,0.047168132,0.91616565,2,102,0.0035482675,0.92718047,2,122,0.018340426,0.96612185,2,146,0.010448102,0.97338814,2,168,0.0020152568,1.0224636,2,200
181,0.0,0.9331779,2,22,0.012141729,0.84893334,2,42,0.0,0.7988284,2,62,0.013943586,0.6958297,2,83,0.0,0.8250077,2,143,0.0,0.7424419,2,168,0.0070657614,0.81528306,2,200
182,0.03570708,0.99419224,2,39
183,0.0039228126,1.0157716,2,20,0.018010017,1.0579848,0,40,0.0,1.0260847,0,60,0.0103294095,0.96081114,2,81,0.0,1.0716156,2,101,0.021288263,0.9958617,2,122,0.011470869,0.9625495,2,148
184,0.005058334,0.99403954,2,30
185,0.0,0.95515406,2,20,0.0,1.031458,2,41,0.0034487403,0.98483217,2,61,0.031934362,0.9974662,2,82,0.019527223,1.0053334,2,104,0.0,1.0440618,2,132,0.00021823366,1.0140442,2,155
186,0.0,0.9966267,2,20,0.008177082,1.0011834,2,43,0.03887977,0.8891694,2,64,0.04872993,0.9720482,2,95,0.021937316,0.9322761,2,120,0.018634787,0.98231435,2,147,0.06095455,0.9825719,2,167,0.028640496,0.9663007,2,200
187,0.010829227,0.9060011,2,22,0.009543363,1.0148748,2,42,0.033065848,1.0082612,2,63,0.01459168,1.026478,2,84,0.009286739,1.0442362,2,107,0.0,1.0216644,0,127,0.0,1.1015022,2,153,0.0056875115,1.0944037,2,174,0.0,1.0721414,0,200
188,0.002301362,1.023144,2,20,0.0009519747,0.9192722,2,41,0.023464773,0.93619525,2,61,0.0037678317,0.8930071,2,81,0.010225305,1.0398362,2,106,0.0,1.099191,2,126,0.0,1.0236521,0,147,0.0,1.0243157,2,171,0.0032134538,1.0209423,2,200
189,0.0,1.064379,2,28
190,0.0018442416,0.9655221,2,26,0.010400949,0.93362784,2,48,0.00015750705,0.9653341,2,68,0.0031472642,1.0033563,2,89,0.0017957522,0.97556144,2,125,0.00550773,1.0565969,2,151,0.004660175,1.0050182,2,200
191,0.00011183192,1.0848182,3,23,0.0,1.0631268,2,56
192,0.008767352,0.9185361,2,23,0.0089454055,0.97942626,2,43,0.029540312,0.8028057,2,63,0.02655755,0.8820518,2,84,0.0126231015,0.739029,2,104,0.119368896,0.8637702,0,125,0.041038807,0.72225046,2,145,0.0,0.819689,2,165,0.0021221002,0.5219615,2,200
193,0.0038852936,0.95413333,2,42
194,0.0,1.0160941,2,33
195,0.02301704,0.9621892,2,21,0.0053849504,0.91448766,2,44,0.0016083524,0.96999526,2,74
196,0.008721388,1.0278343,2,24
197,0.005786897,1.0194179,2,25,0.025290633,0.9484473,2,48,0.025668902,0.97883105,2,69,0.0046141646,0.99896497,2,89,0.012616917,1.0013629,2,116,0.0,0.97039795,2,137
198,0.018064171,0.9073155,0,22
199,0.0031121993,0.99145037,2,23,0.010570479,1.0138615,2,43,0.028143033,0.9120603,3,64,0.0052875318,0.9833393,2,98
200,0.002441004,0.97269154,2,26
201,0.0025394482,1.0046048,2,22,0.0,0.8819952,2,48,7.895877e-05,0.920239,2,69,0.0023659132,0.94888663,2,102,0.0026111088,0.9886709,2,124,0.028485557,0.9982373,2,144,0.01394149,0.95627385,2,172,0.01139122,1.0062753,2,200
202,0.016630145,0.9549252,2,26,0.02345032,0.9826986,2,46,0.00291984,0.97745866,0,66,0.013800407,0.98838264,2,86,0.0,0.9375049,2,109,0.01120499,1.0128874,2,130,0.044271193,0.9058512,2,150,0.016541844,0.8467703,2,174,0.0057316525,0.95553464,2,200
203,0.011971162,0.98930824,2,20,0.008539763,0.9850777,2,40,0.035322256,0.92044944,2,60,0.020710286,0.95364237,2,89,0.014934823,1.0061077,2,153,0.0014382397,0.99893725,2,175,0.009256838,1.006385,2,200
204,0.013246566,0.89490664,2,22,0.0,0.92658514,2,44,0.0,0.9526472,2,66,0.0093486,0.79609865,2,88,0.12656674,0.9105568,2,108,0.05384105,0.83808845,2,130,0.005137863,0.9317603,2,151,0.056206454,0.9340165,2,172,0.017830383,0.929253,2,200
205,0.0027374222,1.0327677,2,20,4.1053725e-05,1.0542324,2,40,0.013127429,1.0210412,2,65,0.0,0.9844885,2,100,0.0,1.0404527,2,127,0.00081373175,1.0556874,2,147,0.0,0.98622304,2,169,0.0031502137,0.95739967,2,200
206,0.043211475,0.93761253,2,20,0.0,0.87910223,2,40,0.03251859,0.8751805,2,62,0.0,0.9036258,2,83,0.043253448,0.82666504,0,112
207,0.01420089,0.93136775,2,20,0.018431123,0.8547758,2,40,0.024959715,0.9497014,0,61,0.00466551,0.860408,2,81,0.0,0.8923118,2,107
208,0.03677142,0.91456354,2,22,0.008160356,0.8238427,2,42,0.007541318,0.94109696,2,68
209,0.00089853164,0.6523894,2,22,0.04180185,0.47698045,0,42,0.04702187,0.54082495,2,64,0.0,0.74909556,2,84,0.01965871,0.45162004,2,104,0.0,0.429398,2,124,0.0,0.18986252,1,144,0.014067586,0.2531189,1,171,0.014715051,0.16874167,1,191
210,0.0036641133,0.94624877,2,22
211,0.0,1.0494429,2,21,0.0033030945,1.0107703,2,56
212,0.014595273,1.0000032,2,21,0.010132875,0.98115575,2,46,0.033794552,0.9272497,2,67,0.0014020638,0.9015848,0,87,0.0047347834,1.0229105,2,107,0.0,0.9532354,2,132,0.0,1.0546556,2,152,0.0,1.0416079,2,176,0.0,1.0115764,2,200
213,0.0025235913,0.9365548,2,23,0.026436334,0.9478159,2,43,0.0,0.97824585,2,64,0.0040781065,0.90589905,2,84,0.03530059,0.95830595,2,104,0.018651083,0.9408123,2,124,0.0065004,0.97629964,2,146,0.014793902,0.8873034,2,169,0.02515865,0.8895325,2,200
214,0.018261518,0.9817707,2,20,0.013681706,0.98786443,2,42,0.044116095,0.9269112,2,62,0.021325717,0.9781512,3,82,0.008805729,0.9344679,3,102,0.0,1.0581033,2,123,0.0054664365,1.0127485,3,143,0.05046934,0.8655958,3,163,0.043200057,0.851836,2,200
215,0.016648438,0.9255533,2,20,0.035136014,0.9116355,2,40,0.037790794,0.8773443,2,61,0.011471579,0.93951964,2,93
216,0.0020773602,0.9331387,2,21,0.009743749,0.8304998,2,41,0.0,0.82582843,0,61,0.0037339956,0.9374572,2,81,0.011921392,0.93850064,2,103,0.00907343,0.98226553,2,126,0.0,1.0262833,2,148,0.0027645954,0.99225754,2,179,0.0,1.0046487,2,200
217,0.0,0.98814875,2,22
218,0.008465735,0.97773,2,20,0.0,0.9188342,2,41,0.025511924,0.7054285,0,62,0.002183681,0.7797283,2,84,0.0055217487,1.0043443,2,106,0.019170547,0.926225,2,126,0.005371859,0.91087896,2,146,0.00654172,0.9175004,2,166,0.021506066,0.94816434,2,200
219,0.0,0.98715335,2,21,0.020406822,0.97654134,2,44,0.04026701,0.89323723,0,65,0.0027204722,0.7346902,0,85,0.0,0.68420523,2,110,0.0,0.81326133,2,131,0.0,0.8241494,2,151,0.07374093,0.7541075,2,172,0.028753733,0.8190418,2,200
220,0.004157126,1.0291281,2,20,0.0,1.0128537,2,44,0.012637659,0.9290838,2,66,0.01304376,0.981242,2,93,0.039975606,0.86004025,2,115,0.014600532,0.8011448,2,135,0.0,0.79357517,0,155,0.031392977,0.642955,0,178,0.01562637,0.35109326,2,200
221,0.010953405,0.95087475,2,22,0.0074552917,1.0013593,2,43
222,0.014850368,0.99183226,2,20,0.010484632,0.99691725,2,40,0.0054470464,0.9738849,2,60,0.0015771482,0.8632966,2,80,0.02991185,0.9791619,2,106,0.015255202,0.9538287,2,127,0.0077431146,0.7075274,2,156
223,0.012580787,0.9826915,2,21,0.0,0.8885061,2,43,0.015639935,0.9548999,2,63,0.0046653934,0.93115777,2,83,0.0,0.9944614,2,103,0.012864333,0.9106606,2,124,0.011901489,1.0002537,2,144,0.0,0.9593936,2,164,0.00084876415,1.0049713,2,200
224,0.0,0.9368647,2,21,0.029838681,0.9184518,2,41,0.04765848,0.8845874,2,61,0.0037404262,0.78641903,2,81,0.0,0.52829677,3,101,0.015167892,0.651096,2,121,0.0,0.6026939,1,141,0.0,0.53672683,2,162,0.0008116911,0.622006,2,200
225,0.026736699,0.8887213,2,21,0.013949248,0.9020232,2,41,0.014430727,0.94742835,2,61,0.0,0.8879029,2,81,0.0021441078,0.8584404,2,102,0.0,0.8784653,2,122,0.0082711745,0.91750634,2,143,0.00017028721,0.9140108,3,163,0.0044074664,0.7290498,2,200
226,0.0,0.9850568,2,30,0.00202091,1.009762,2,51,0.029157322,0.91165125,2,71,0.003668512,0.8842364,0,92,0.0027765613,0.9087895,2,115,0.010421401,0.71774304,0,135,0.0026171186,0.7281935,0,157,0.028599637,0.7306007,3,178,0.0,0.5472693,2,200
227,0.029511351,1.0102074,2,20,0.0052650026,0.9773358,2,41,0.010146524,1.076054,2,62,0.0,1.0957857,2,84,0.012315167,1.1161131,2,116
228,0.005008715,1.0051829,2,29
