0,0.00053499127,1.0285336,2,23,0.02147805,0.9190036,2,44,0.030316984,0.9018717,2,64,0.002456467,0.9045927,2,84,0.024432994,0.8969333,0,105,0.011076589,0.9479296,2,127,0.013231161,0.83706075,2,149,0.011571413,0.9755704,2,169,0.0750018,0.8435028,2,200
1,0.0064554084,0.94016916,2,23,0.0074404217,0.95553046,2,47,0.0,1.0184017,2,67,0.0,1.0024998,2,87,0.0,0.9717602,2,110,0.0038841895,0.9851686,2,130,0.0011843245,1.0352513,2,152,0.009617669,0.9861617,2,200
2,0.014068369,0.9347208,2,24,0.033493318,0.9053612,2,44,0.009021206,0.8951998,2,64,0.040063035,0.9726572,2,84,0.020241147,0.9151603,2,104,0.06053201,0.94533765,2,124,0.044777006,0.99824154,2,144,0.0615906,0.96131325,2,164,0.054802433,0.9355353,2,200
3,0.0066396943,0.97738814,2,23,0.026026623,0.89048535,2,45,0.024233129,0.9745266,2,65,0.028899532,0.9181422,2,85,0.0005301669,0.8584243,2,106,0.00011238782,0.8773346,0,126,0.010544123,0.84718776,2,147,0.0019765138,0.6606633,2,167,0.0154359015,0.7459941,2,200
4,0.0012692458,0.97449684,2,21,0.0021672535,1.0352535,2,41,0.0,1.0476379,2,61,0.01174706,0.8926897,3,81,0.0,0.9057291,2,102,0.002454908,0.9735554,2,125,0.0043539796,1.0566401,2,150,0.0074308007,1.0256243,2,175,0.006188242,0.993541,2,200
5,0.0,1.0332514,2,20,0.0,1.0286889,2,40,0.0,1.0472268,2,61,0.0,1.0526068,2,81,0.0009064952,1.0245187,2,102,0.0018946584,0.98757344,2,126,0.010439086,0.9614575,2,147,0.010960344,1.0101138,2,174,0.0038949067,1.0567131,2,200
6,0.006772467,1.0554078,2,20,0.00013688723,1.0753664,2,42,0.0010478686,1.1372473,0,62,0.0,1.0126226,2,82,0.010185316,1.083489,2,102,0.0,1.1483232,3,122,0.0,1.1456093,3,142,0.0,1.1149926,3,173
7,0.006207058,0.9477021,2,21,0.0077955127,0.9442447,2,41,0.0072132703,0.95497334,0,62,0.024165988,0.9004712,2,86,0.002082171,0.8867158,2,115
8,0.0026750907,0.9585068,2,21,0.019467164,0.92901725,2,41,0.016605327,0.9034197,2,61,0.0,0.7347323,2,81,0.0,0.70886254,0,103,0.0,0.52954996,2,123,0.037853308,0.7547401,2,143,0.0015880575,0.7066884,2,164,0.016130116,0.94908303,2,200
9,0.012469446,0.9644462,2,29
10,0.024294902,0.76345253,2,20,0.021554086,0.7287961,2,40,0.023994599,0.83616334,2,60,0.033297326,0.90206707,2,95
11,0.015491059,0.94969076,2,22
12,0.03662509,0.89036065,2,25,0.06334687,0.94003963,2,47,0.0,0.74961126,0,68,0.0,0.5069106,0,88,0.019146793,0.47733054,0,108,0.04273465,0.38506848,2,147
13,0.016101507,0.9487497,2,25,0.0104935365,0.87145597,2,62
14,0.018429242,0.92048365,2,22,0.0,0.90998393,2,42,0.00516638,0.9526855,2,62,0.039705038,0.9263552,2,82,0.0,1.0144014,2,103,2.2865484e-05,1.0365664,2,146,0.0,1.025634,2,166,0.0045737643,1.0545133,2,200
15,0.0055999802,1.0347601,2,30
16,0.0,1.061465,2,20,0.02572117,0.9910055,2,56
17,0.0020859796,0.95961106,2,20,0.008662367,0.9781976,2,40,0.02895433,0.9793228,2,60,0.012329487,1.000345,2,94
18,0.0050063273,0.9694789,2,21,0.05068937,0.9124662,2,41,0.031261202,0.8251042,2,63,0.0068262457,0.9286698,2,86,0.0,0.96923625,2,106,0.008029046,0.85610026,2,128,0.0,0.9092882,0,148,0.0,0.99708486,2,169,0.0,0.82754254,0,200
19,0.011393234,0.990643,2,20,0.015411041,0.88851684,2,41,0.047320157,0.8634244,2,61,0.023782104,0.84737307,2,82,0.045778885,0.9731784,2,102,0.0,0.84844464,2,158,0.004970687,0.7527911,2,179,0.027483042,0.86300105,2,200
20,0.00038553867,0.9177198,2,24,0.014797467,0.9407074,2,51
21,0.008413302,0.9764922,2,21,0.009742185,0.79935837,2,43,0.0,0.81705916,2,63,0.07170606,0.83460957,2,86
22,0.007531962,0.93006927,2,24,0.0045666625,0.98114157,2,45,0.018846821,0.99354345,2,65,0.0070866854,1.0570894,2,87,0.0,1.0287784,2,117,0.0066135256,1.0298257,2,137,0.05181346,0.9532808,2,157,0.017419146,0.9493351,2,179,0.0,1.033877,2,200
23,0.013592564,1.0196633,2,21,0.033213347,1.0509073,2,44,0.0012419795,1.0970573,2,66,0.0,1.0624006,2,93,0.00051082764,1.0715201,2,125,0.0012282298,1.0445268,2,146,0.012473484,1.0403445,0,167,0.009962766,1.0223668,2,200
24,0.019920286,0.9735279,2,20,0.0,1.0987546,2,40,0.0027439252,1.0881685,2,67,0.001142345,1.1151383,2,99,0.0,1.1169096,0,123,0.0011412182,1.0960872,2,170
25,0.012610368,0.91104156,2,20,0.0,1.0293052,2,42,0.0,0.845726,2,63,0.015839094,0.830822,0,83,0.08393143,0.7115,2,103,0.016362818,0.6186835,2,124,0.035403084,0.70170903,2,155
26,0.010145978,0.98036957,2,24,0.007491856,0.96358377,2,44,0.0046639834,1.0111051,2,69,0.0069609815,0.96819484,2,97,0.0,0.9642747,3,120,0.0,0.92261523,0,144,0.0,0.9024769,3,164,0.024552766,0.9198211,2,200
27,0.010289661,0.9264736,2,22,0.021113802,0.92266625,2,42,0.001228837,0.9605653,2,64,0.0076678568,0.9860877,2,84,0.0043746918,0.9724571,2,107,0.0024721934,0.7997301,2,127,0.0,0.68390536,2,159
28,0.009978839,1.0054114,2,20,0.0071018366,1.0582821,2,46,0.00960126,1.0308945,2,75,0.0043850862,1.0928953,2,95,0.01413575,1.0615218,2,134,0.0,0.9927934,2,157,0.005523344,0.94118893,2,177,0.023996934,0.95491177,2,200
29,0.017339299,1.0186408,2,20,0.023649175,0.96328443,2,48
30,0.020448538,0.9173037,2,20,0.0067013004,0.9749865,2,54,0.0015733072,1.0093687,2,82,0.0009904933,0.98544836,2,102,0.0,1.0082027,2,123,0.0025714757,1.0565242,2,146,0.005081697,1.0438511,2,169
31,0.002831088,1.0082839,2,20,0.011378348,0.9473963,2,40,0.028040092,0.9590851,0,60,0.023935147,1.0251594,2,82,0.017405834,0.97137547,2,102,0.015610862,0.9149428,2,130
32,0.0072525432,1.0043314,2,38
33,0.002368818,0.93420905,2,38
34,0.0041496614,1.0240233,2,29,0.0004746433,1.0791068,2,51,0.018062003,1.0243002,2,88
35,0.0047018663,0.98332137,2,45
36,0.0024081233,1.0488987,2,71,0.011952013,1.011901,2,95,0.013445765,1.0173181,2,116,0.006307944,0.9828728,2,146,0.015592176,0.9926689,2,169,0.034474798,0.9509896,3,200
37,0.011889073,1.028333,2,20,0.009492532,1.0504416,2,42,0.0040377392,1.0087291,2,63,0.0007975904,1.0614054,2,98,0.004476884,1.0887115,2,132,0.0,1.0208344,2,154,0.009874364,0.91689175,2,174,0.0031346078,0.98297065,2,200
38,0.007723122,0.9860458,2,28
39,0.0,0.9687406,2,21,0.0,1.0347917,2,41,0.0027218927,0.98418796,2,62,0.0,1.0904938,2,84,0.01527107,1.0548435,3,104,0.0,1.0922024,3,127,0.0,1.0920831,3,147,0.0061970083,1.0826962,3,167,0.0019353312,1.0962977,2,200
40,0.003262035,1.0515364,2,20,0.0,1.0400459,2,48,0.0,1.081267,2,69,0.0,1.0369262,2,92,0.0028200129,1.022613,2,117,0.0,1.0596768,2,141,0.0019085356,0.98576415,3,163,0.0068286615,1.0342867,2,200
41,0.0006997748,0.98035747,2,20,0.0051039006,1.0018737,2,45,0.004792632,0.96093833,2,65,0.00866316,1.0298417,2,94,0.0068699685,1.0842731,2,122,0.012604757,1.0602082,2,148,0.0002317382,1.0561782,2,174,0.010136698,1.114125,2,197
42,0.026934326,0.9870065,2,20,0.01056894,1.0055617,2,46,0.009290358,0.9952919,2,66,0.0031696064,1.0109043,2,87,0.00982736,1.0206503,2,129,0.022802128,0.9524369,2,149,0.03824202,0.9603985,2,169,0.007845147,0.98755753,2,200
43,0.0065171407,0.95981306,2,21,0.016318792,0.89944756,2,42,0.0010855424,0.93292606,2,63,0.002927756,1.0383403,2,83,0.009134282,0.9884125,2,104,0.059608568,0.87968427,2,125,0.057414554,0.7695909,2,146,0.0,0.64520836,2,166,0.021444347,0.7029443,2,200
44,0.0019843439,1.0048627,2,22,0.0,1.0288656,2,43,0.012377392,0.97632664,2,71,0.006146945,1.0032659,2,99,0.019701952,1.0009638,2,119,0.0,1.0164696,2,139,0.008589791,0.95529884,2,160,0.0020338371,1.0019567,2,200
45,0.01723128,0.9492973,2,20,0.00474128,1.0475944,2,40,0.005495991,0.95501506,2,70
46,0.0,1.0613152,2,22,0.0021695062,1.0788741,2,53
47,0.035151076,0.956155,2,20,0.006671031,0.9812272,2,43,0.011004424,0.9298264,2,63,0.010807852,0.97365016,2,87,0.0,0.9970185,2,108,0.019991761,1.0008919,2,128,0.0051253433,0.9391219,2,152,0.0043093944,0.9867338,2,172,0.016438497,0.9034795,0,200
48,0.0008261399,1.0554347,2,21,0.030531606,0.9765965,2,41,0.03173527,0.928449,2,61,0.010031523,1.0008874,2,97
49,0.0047395676,1.0137389,2,22
50,0.0074209273,0.92851585,2,22,0.014311263,0.9388794,2,42,0.021881327,0.8965228,2,62,0.0,0.9161938,2,82,0.0,0.95170796,2,102,0.021258144,0.9462839,2,124,0.06255001,0.8875778,2,146,0.0028729555,0.93761206,2,167,0.022975689,0.9046889,2,200
51,0.018040065,0.85836273,2,21,0.007860283,0.9236273,2,42,0.042107504,0.86926764,2,62,0.010987723,0.8874276,2,82,0.031767912,0.9070584,2,102,0.006858572,0.9154315,2,125,0.02163264,0.9374093,2,146,0.00041810182,0.8688881,2,166,0.021864412,0.8635567,2,200
52,0.02859207,1.0028415,2,20,0.019115066,1.0049226,2,47,0.0,0.9111204,2,67,0.01906077,0.969226,2,87,0.0062757987,0.9419616,2,108,0.0044417507,0.9600741,2,128,0.0010216614,1.0293303,2,149,0.011580695,0.90143985,0,169,0.0,0.92057455,0,200
53,0.0050327107,0.93462205,2,33
54,0.0028682842,1.0199885,2,20
55,0.0051705055,1.0012199,2,35
56,0.018413266,0.8029979,2,20,0.024590585,0.88597155,2,40,0.020176746,0.84211254,2,60,0.027688157,0.8024945,2,80,0.020125793,0.9818238,0,100,0.030697217,1.0342546,2,120,0.011727462,0.9961416,2,140,0.022700647,1.0303202,2,163,0.08631026,0.9173886,2,200
57,0.009229038,1.035584,2,24,0.0,1.032392,2,44,0.009624669,0.99588907,2,64,0.0,1.0386583,2,85,0.0070184427,1.0737364,2,106,0.0,1.0359689,2,129,0.00081851333,1.0050477,0,150,0.0,0.98083115,2,170,0.009607534,0.986962,2,200
58,0.034572706,0.7992236,2,21,0.012857014,0.6868078,0,43,0.009322851,0.60633516,2,64,0.032343,0.6890289,2,84,0.029734958,0.53349406,0,106,0.023410538,0.44202313,0,127,0.0,0.6784684,2,147,0.009652532,0.52605313,3,167,0.0023679214,0.62756824,0,200
59,0.008690782,0.9972332,2,23,0.032286387,0.91837937,2,44,0.00100599,0.92736644,2,65,2.1660142e-05,0.93603694,2,85,0.037846886,0.81024206,2,107,0.031250227,0.9323759,2,127,0.028419906,0.9457779,2,148,0.002062496,0.9220649,2,168,0.006592861,0.9633783,2,200
60,0.036949582,0.9272607,2,20,0.018854981,0.92326516,2,40,0.0055051995,0.95771825,2,60,0.03196744,0.9252517,2,81,0.0,0.9618254,2,103,0.022541597,0.89811194,2,123,0.005225219,0.9066745,2,143,0.021185512,0.9487735,2,163,0.015026091,0.9502781,2,200
61,0.0007098829,0.917976,2,21,0.009918326,0.9582785,2,42,0.036035575,0.958698,2,62,0.035713173,0.85928786,2,82,0.002529063,0.91488564,2,103,0.011941288,0.91265935,2,127
62,0.0013884017,1.0452503,2,23,0.0027720411,1.030061,2,43,0.015998727,1.0004735,2,63,0.0034933058,0.9542224,2,83,0.0015925656,0.95877093,2,103,0.0024200752,0.9794632,2,135,0.002963712,1.0450277,2,156,0.0,1.02592,2,176,0.0059816074,1.0478758,2,200
63,0.0021234215,1.030234,2,20,0.0019059731,1.0302783,2,41,0.0,1.0482675,2,61,0.017323324,0.9667309,2,83,0.01349885,1.0032089,2,103,0.0,1.0218725,2,126,0.0,1.0279464,2,147,0.0,0.97533625,0,167,0.0069184047,1.0514436,0,200
64,0.0,1.02912,2,20,0.012957195,0.99844986,2,61,0.0,0.82744473,2,87,0.05041102,0.7287381,2,111,0.037665583,0.6555839,2,131,0.0,0.8266929,2,152,0.0,0.8408086,2,176,0.02025601,0.9217368,2,200
65,0.0108996,0.90304613,2,23,0.007145093,0.9841445,3,43,0.0,0.94948685,2,63,0.0029298968,0.94956815,2,83,0.0,0.8485507,0,104,0.0,0.8942817,2,124,0.008871991,0.8706124,2,146,0.0042116116,0.92832816,2,166,0.02161834,0.86718756,2,200
66,0.0118647255,1.0257204,2,21,0.0027002927,1.0673845,0,41,0.0026155426,1.040725,2,61,0.010097549,1.0116187,2,84,0.0060625398,0.99487287,2,105,0.018420298,1.048815,0,125,0.0069749034,0.9846932,0,145,0.0025883084,1.0333323,2,167,0.007841143,1.0782747,0,200
67,0.013726958,0.90675163,2,21,0.03171185,0.9243622,2,42,0.031734787,0.9091542,2,63,0.022248339,0.8962188,2,83,0.014554912,0.8770913,2,103,0.03522859,0.89904463,2,123,0.011272019,0.88509095,3,143,0.0021687946,0.8827702,2,163,0.025189515,0.91939336,2,200
68,0.01273738,0.7992307,0,20,0.008301195,0.82679784,2,58
69,0.038566947,0.9541726,2,20,0.005778397,1.0719342,2,41,0.0,1.0800301,2,67,0.0,1.1124123,2,89,0.0043260213,1.0871569,2,115,0.017459594,1.0446314,2,135,0.0,1.082534,2,155,0.0018895193,1.1167527,2,200
70,0.013416006,0.96546036,2,22,0.0047748024,1.024114,2,43,0.0015523549,1.1314151,2,66,0.0,1.1422232,2,96,0.0029029953,1.2201412,2,121,0.0,1.0948018,2,144,0.0,1.0885175,2,164,0.00044992214,1.0209844,2,200
71,0.009671677,0.9495507,2,22,0.018695801,0.85608876,2,42,0.0,0.8757393,2,62,0.006223122,0.8226526,2,85,0.0,0.69693244,2,105,0.0,0.5548942,0,125,0.0,0.45629913,0,145,0.0,0.3390791,1,166,0.030116836,0.30869702,1,200
72,0.0,1.10907,3,20,0.0,1.0608183,2,43,0.0,1.0310302,2,72
73,0.010521535,0.91685987,2,21,0.019615954,0.87158144,2,41,0.014113812,0.9115075,2,61,0.0,0.89299697,2,83,0.0,0.82448184,2,104,0.04133441,0.7000619,2,125,0.0018494361,0.6964633,2,149,0.014887191,0.78949016,2,169,0.008147474,0.8330449,2,200
74,0.0021741737,0.9847759,2,75,0.0052340403,0.9657585,2,95,0.0060249483,1.0974127,2,116,0.0,0.96271294,2,137,0.0,0.93512344,2,158,0.0,0.9753971,2,178,0.0,0.8444161,0,200
75,0.05371607,0.950984,2,20,0.0,0.9497062,2,47
76,9.95637e-06,0.9872095,2,28
77,5.7940626e-05,1.0126252,2,22,0.0021892132,0.966805,2,42,0.0107518975,0.92547923,2,63,0.0056626718,0.9282034,0,88,0.02377649,0.9114399,0,108,0.050460376,0.9912105,2,130,0.057284076,0.97383463,2,150,0.02637383,0.904192,2,170,0.05932039,0.93805903,2,200
78,0.0014334891,0.8875495,2,25
79,0.067007504,0.77293503,2,20,0.0,0.81110823,2,42
80,0.017314512,0.7840982,0,21,0.010573595,0.90784824,2,41,0.06571251,0.71207505,2,61,0.010366678,0.55396384,2,81,0.11964776,0.44727796,2,110
81,0.012276062,1.006116,2,21,0.0032501225,0.97446024,2,41,0.030232403,0.93734586,2,61,0.011114334,0.91603357,3,81,0.009456607,0.8606969,2,102,0.03461526,0.6642076,2,123,0.0,0.6440509,2,143,0.0,0.39995918,1,163,0.024303755,0.38284194,1,200
82,0.0009671144,1.006228,2,23,0.0035158272,1.0437658,2,44,0.0,1.0651433,2,64,0.027102873,0.965825,2,85,0.0,0.9426088,2,107,0.020010984,0.97553694,2,127,0.004829405,0.95612377,2,163
83,0.0015230579,0.9955128,2,24
84,0.0020083105,0.92594594,2,20,0.039578743,0.95319366,2,40,0.00058806565,0.90540326,2,60,0.0,0.94016945,2,85,0.0,0.79713446,2,107,0.0,0.83356774,2,127,0.0,0.92774266,0,147,0.015655499,0.990174,0,167,0.0,0.95003194,0,200
85,0.00016994281,0.99669695,2,20,0.032096185,0.9769025,2,41,0.022421468,0.9276778,2,61,0.009967188,0.9741475,2,82,0.012172227,1.0224972,2,107,0.00069240393,0.9834346,2,133,0.01560504,0.9939731,2,158,0.0059708925,1.0718539,2,200
86,0.0103501575,0.9704269,2,21,0.013019582,0.8827432,2,41,0.004713299,0.8552489,2,62,0.0068425713,0.8403914,2,98,0.038394067,0.8998647,2,122,0.0,0.9806298,2,143,0.018476378,0.9043398,2,163,0.047283873,0.8234165,2,200
87,0.01762254,0.9871555,2,26,0.0040778047,0.9580087,2,47,0.030776843,0.92999184,2,68,0.008637861,0.9149882,2,88,0.024933282,0.91965246,2,109,0.042660374,1.0025365,2,132,0.03242115,0.9729888,2,152,0.021653274,0.9407714,2,200
88,0.0008099157,1.0126679,2,23
89,0.027986115,0.9527233,2,20,0.032955952,0.95745486,2,45
90,0.0006872852,1.0135648,2,26,0.0068037384,1.0069283,2,51
91,0.006950809,0.9893943,2,20,0.021919051,0.9236515,2,40,0.017010847,0.9459411,2,60,0.016298005,0.8779852,2,81,0.022532405,0.9489583,2,101,0.034452867,1.014039,2,123
92,0.0021920996,1.0484049,2,23
93,0.008479027,1.053024,2,42,0.013320115,1.0674701,2,62,0.0,1.0615166,2,84,0.0,1.0230914,2,109,0.0,1.0454841,2,129,0.0007364701,1.0768887,2,149,0.011736602,1.0267624,2,170,0.000789733,1.0347189,2,200
94,0.008361918,0.9522103,2,23,0.00873249,0.8948692,2,44,0.0,0.81909007,2,64,0.022507196,0.818462,2,84,0.0,0.650808,2,104,0.0047319634,0.8226423,3,126,0.00017117309,0.60888994,0,146,0.09532876,0.8392997,0,166,0.05107314,0.78421986,2,200
95,0.011065381,0.90737724,2,20,0.0,0.91044873,3,40,0.04556311,0.81908035,2,60,0.02575792,0.87826365,2,94
96,0.0072808634,1.0513936,2,22,0.008343567,0.96994305,2,42
97,0.008989224,0.9653485,2,21,0.0,0.9572452,2,45,0.0,0.76928455,2,66,0.0495854,0.5681852,2,106
98,0.009216016,1.0343101,2,20,0.006789252,0.9803379,2,40,0.0074241157,1.0337403,2,64,0.010647653,0.99413574,2,85,0.008636924,0.9983558,2,116,0.016654298,1.0282624,2,136,0.002974151,0.9437782,2,156,0.016025461,0.8643466,2,176,0.011257692,0.8682533,0,200
99,0.010369926,0.9273056,2,23,0.054569602,0.8707765,2,43,0.024344882,0.80507886,2,63,0.024329213,0.89945924,2,83,0.1370628,0.74114424,0,104,0.01607259,0.79712737,0,124,0.0,0.8204981,0,147,0.0029995628,0.88669807,2,167,0.004353682,0.8254659,2,200
100,0.0,1.052638,2,20
101,0.0013657585,0.9429619,2,24,0.010394127,0.99184483,0,47,0.031665936,1.0274669,3,80
102,0.019164754,1.0125196,2,28,0.0014933626,1.0553823,2,74
103,0.01069589,0.94773257,0,20,0.016745334,0.7987172,2,50
104,0.022120642,0.84336334,2,22,0.007124321,0.83251476,2,42,0.007162098,0.7854099,2,65,0.0,0.64469934,2,103
105,0.0,0.8746741,2,24,0.0024276325,0.74438715,2,44,0.019875871,0.82300913,2,84
106,0.0,1.0159723,2,23
107,0.0,1.0580099,2,20,0.0,1.0093919,0,40,0.0,0.9713971,2,61,0.004259793,1.0104529,2,81,0.0015495406,1.071262,3,102,0.0,1.0937259,2,122,0.0033479568,1.0877845,0,143,0.006152948,1.0470403,2,171
108,0.0037394955,1.0127765,2,24,0.00443783,1.0894941,2,45,0.0,1.1637163,2,67,0.0,1.1249344,0,87,0.0027260229,1.1726063,2,107,0.0016236048,1.0981488,3,128,0.0,1.1040957,2,149,0.0073473305,1.1451777,2,172,0.010947585,1.0988864,2,200
109,0.030008517,0.9373613,2,22,0.033415593,0.9200471,2,42,0.022436332,1.0246327,2,62,0.008079732,1.0163603,2,91,0.001728202,1.0523334,2,111,0.018456817,0.9443444,2,132,0.030099744,1.0089827,2,153,0.007896591,0.96512365,2,193
110,0.028921256,0.8987999,2,20,0.04070566,0.80596435,2,52
111,0.015063897,0.96437454,2,20,0.013669513,0.9262252,2,40,0.013444585,1.0095028,2,60,0.025071397,0.92928064,2,80,0.04680534,1.0117593,3,100,0.0,0.90496176,0,120,0.0004819536,0.80238694,2,147
112,0.005448239,0.93236935,2,21,0.0065160193,0.94660795,2,61
113,0.025645463,0.9795797,2,23,0.017856237,0.9484332,2,44,0.0039121043,1.0187777,2,67,0.0,1.0366895,3,87,0.0027890028,0.9554364,2,107
114,0.0035871288,0.9543601,2,21,0.0,0.95483625,2,41,0.06694161,0.91830564,2,71
115,0.0,0.8395211,2,20,0.021282617,0.85430974,2,41,0.008510506,0.89760065,2,61,0.017972518,0.910059,2,81,0.05467543,0.9823111,2,101,0.014648522,0.99908954,2,122,0.023203999,0.9816903,2,143,0.035551615,0.99038297,2,168,0.040976554,0.95164585,2,200
116,0.0,0.9239246,2,20,0.001651468,0.9900886,2,41,0.0049569667,0.8749336,2,61,0.015571788,0.97713244,0,81,0.0,0.9174849,3,101,0.0,0.9796141,0,121,0.010643734,1.0528785,0,142,0.0010802962,0.6627146,0,162,0.00917602,0.78591514,2,200
117,0.010929818,0.9984071,2,25,0.004423445,1.0477678,2,50,0.021642292,1.0561221,2,70,0.012847435,0.93955815,2,91,0.024401221,0.92275226,2,112,0.01667496,0.94450265,2,135,0.003841218,0.8760707,2,166,0.015702292,0.8905224,2,200
118,0.0067246617,1.0367103,2,20,0.0,0.99591,2,41,0.0019080872,0.9416364,2,68,0.041805033,0.9931233,2,89,0.027558133,0.9652344,2,109,0.022885934,0.9483539,2,129,0.030674754,0.96039087,2,160,0.01830172,0.96393967,2,200
119,0.019768406,0.9289152,2,20,0.001642564,0.98190933,2,42
120,0.023123095,1.0188515,2,21,0.0020234515,0.9377143,2,41,0.008206795,0.9161437,2,61,0.017686155,0.8415402,2,81,0.039433803,0.87256014,2,101,0.035537057,0.87799454,2,121,0.022923589,0.8910321,2,141,0.036153786,0.95907724,2,161,0.03613805,0.8657814,2,200
121,0.010576655,0.938135,2,20,0.011968332,0.9025439,2,40,0.02936387,0.926126,0,61,0.021978568,0.82813346,2,81,0.0009055461,0.8175678,2,105,0.042675786,0.8421477,2,125,0.0052446574,0.8734493,2,146,0.008646708,0.8882058,2,166,0.011218637,0.7586217,2,200
122,0.0,1.029481,2,22
123,0.007768702,0.9514318,2,36
124,0.0073990487,0.95885503,2,21,0.01252975,0.99994993,2,42,0.019844417,0.96224594,2,62,0.0034958457,0.8814539,2,88
125,0.0020161748,0.9414834,2,20,0.022888256,0.8598255,2,41,0.023792963,0.8991706,0,61,0.0017570384,0.8952554,2,81,9.8375414e-05,0.9068346,2,101,0.0034911726,0.87678367,2,121,0.021191478,0.903985,2,149,0.008671096,0.8603744,2,172,0.040978428,0.8245186,2,200
126,0.026549244,0.91143143,2,20,0.012581104,0.9047898,2,40,0.014056997,0.8734105,2,60,0.0,0.9194194,2,81,0.03431165,0.8959098,0,102,0.028348204,1.0555344,2,122,0.01162106,0.9252555,2,142,0.013469987,0.9029966,2,163,0.0691132,0.7887624,2,200
127,0.0071548223,1.024836,2,23,0.002042323,0.9965866,2,43,0.0,1.0395956,0,63,3.6094152e-05,1.0689366,2,103
128,0.00633161,0.9508516,2,20,0.037764184,0.9403387,2,42,0.0011343525,0.94736063,2,63,0.0042881533,0.9465516,2,84,0.01376164,0.9511119,2,105,0.015236932,0.88750833,2,127,0.005411932,0.8787652,2,147,0.0,0.91326845,2,167,0.0041762535,1.0867952,3,200
129,0.0064082136,0.9334065,2,20,0.0,1.1083976,2,50,0.0,1.0601938,2,70,0.0,1.0034711,0,92,0.0,0.9319209,0,112,0.025035461,0.9264065,2,132,0.01327016,0.9325386,2,152,0.023304773,1.0076152,2,178,0.013566131,0.93169266,2,200
130,0.004338287,0.90489924,2,21,0.0,0.92976135,2,42,0.020335913,0.7363812,2,62,0.0,0.7638104,0,84,0.008159518,0.87844145,2,104,0.0,0.6831073,2,124,0.06445061,0.60292447,2,144,0.025752444,0.81512946,2,164,0.049228396,0.6187041,2,200
131,0.0,0.86989754,2,20,0.014460632,0.7440837,2,41,0.0,0.71308047,2,62,0.015376942,0.7113012,0,82,0.0,0.5004695,2,109,0.0048318733,0.66115123,2,130,0.006137364,0.70528,2,151,0.0,0.72808564,3,171,0.0,0.65996665,2,200
132,0.0018809825,0.9825905,2,39
133,0.013620059,0.92319554,2,21,0.010239406,0.97822356,2,45,0.031734634,0.91151506,2,65,0.027915014,0.9051122,2,92
134,0.0037029218,0.94566715,2,28
135,0.003773034,0.9722172,2,53,0.0,0.9796842,2,76,0.0129525205,0.9180414,2,97,0.021725614,0.8046037,0,117,0.0017565651,0.8750273,2,137,0.026898284,0.85911596,2,160,0.0075462433,0.8808376,2,200
136,0.0051671085,0.97140557,2,22,0.008668059,0.9882293,2,49,0.0,1.1052638,2,71,0.0,1.1616492,2,98,0.0,1.1351298,2,119,0.00042586456,1.0688447,2,143,0.012321402,0.91376054,2,163,0.025346741,0.87597865,2,200
137,0.012604237,0.9736702,2,22,0.0,0.8248562,2,50,0.026239753,0.69832546,2,71,0.0012174204,0.5618442,2,91,0.0,0.43560746,0,118,0.0007861428,0.49764252,2,138,0.016793573,0.5586473,2,158,0.0016863393,0.7126833,2,178,0.029612482,0.5662098,1,200
138,0.007343292,0.9205082,2,27
139,0.0,0.9221747,2,32
140,0.008937578,1.043092,2,20,0.0,1.0827532,2,43,0.0,1.0846101,0,69,0.0015346743,1.0070121,0,89,0.0061966,1.0428345,2,111,0.0,1.061303,0,135,0.0,1.0862136,2,156,0.0028483304,1.0806649,2,176,0.0,1.0517116,2,200
141,0.003358158,1.0060972,2,24,0.0076035443,1.0061684,2,48,0.013191381,1.0143206,2,78,0.004895345,0.97516763,2,101,0.015236166,0.8843619,2,121,0.0,0.8873067,2,142,0.011451726,1.0492575,3,163,0.043432795,0.85328424,2,200
142,0.0069217593,0.93316555,2,20,0.013903599,0.93978727,2,41,0.008606275,1.0274903,2,61,0.0055173296,1.0021645,2,104,0.0,0.99537647,2,124,0.0028675445,1.0307765,2,147,0.0010471003,1.0563947,2,170
143,0.008543753,0.95508355,2,20,0.0019662653,1.0161566,2,40,0.011474363,1.0381416,2,65,0.0,0.9991473,2,85,0.0032938272,0.9122705,2,106,0.010316014,0.9490783,2,127,0.007964341,0.82255286,3,147,0.0,0.7990421,0,168,0.0006834833,0.71735543,0,200
144,0.016543865,0.9913627,2,23,0.016345961,0.9720761,2,49
145,0.008627546,0.7762779,0,20,0.03816225,0.8676721,0,40,0.0013890496,0.94093865,2,64
146,0.01931094,0.9269476,2,20,0.0028706896,0.87875664,2,40,0.0151253315,0.78222436,2,60,0.0,0.69376886,2,80,0.0075719394,0.7944215,2,100,0.0,0.66993487,0,120,0.0,0.7278247,0,140,0.0,0.43670598,2,160,9.123362e-05,0.7344153,2,200
147,0.0010350579,0.9458728,2,20,0.017074285,0.93629616,2,55
148,0.008186848,1.0267612,2,24
149,0.0016206822,1.0970817,2,40,0.0,1.1091923,2,61,0.0,1.0717183,2,81,0.0027481206,1.050173,0,101,0.004596501,1.0239273,2,126,0.0061614,1.047948,2,146,0.0,1.0249159,2,166,0.0019870177,1.0456512,2,200
150,0.010642792,0.96996135,2,22,0.022339541,0.95819205,2,42,0.01747235,0.946077,3,62,0.00084028655,0.9400344,2,82,0.00063444785,0.87315017,2,102,0.04359836,0.8837036,2,122,0.025937445,0.90686977,2,151,0.0,0.9794496,2,171,0.0,1.0614413,2,200
151,0.00031503048,1.0282066,2,20,0.0008385239,1.0397768,2,49,0.0,1.1016916,2,72,0.0,1.0987705,2,93,0.011562252,1.0198002,2,121,0.015251267,0.9778345,2,143,0.007117148,0.9257066,2,165,0.037209976,0.9353292,2,200
152,0.020576868,0.8994525,2,21,0.01553805,0.9231122,2,41,0.0,0.9075208,2,61,0.0,0.8824557,2,82,0.017873542,0.9219478,2,109,0.0035110665,1.0221467,2,135,0.0,1.1148735,2,155,0.01153938,1.1089785,2,200
153,0.004981884,1.0064328,2,21,0.006011959,0.89452106,2,45,0.009066138,0.9339909,2,67,0.085189655,0.90475833,2,88,0.030879993,0.8837656,2,108,0.01758089,0.93721354,2,128,0.021801285,1.0105184,2,159,0.0049025803,0.8385905,2,200
154,0.0074263895,0.9639398,2,20,0.0,0.9526917,3,40,0.00096135354,0.87912476,2,61,0.008300879,0.83118457,2,81,0.010690647,0.74715304,2,121
155,0.0076420517,0.8705865,2,20,0.0008206006,0.76805633,2,40,0.014996668,0.9763735,2,60,0.035469264,0.88416433,2,80,0.0061178566,0.89467937,2,100,0.019535802,0.8419571,3,120,0.003729111,0.86467135,2,140,0.0,0.9699885,2,161,0.0,0.7117095,0,200
156,0.015335692,0.75768834,0,20,0.03136364,0.8935131,2,49
157,0.0075942157,0.98639166,2,20
158,0.02443808,0.87593573,2,20,0.021239609,0.9742983,2,53
159,0.012734042,0.9907221,2,21
160,0.0,0.8933904,2,27,0.04312838,0.90016353,2,47,0.017839093,0.9284859,2,69,0.03589977,0.9613695,2,89,0.010944418,0.9086541,2,109,0.0018932893,1.1007476,3,131,0.014807157,1.0212568,2,151,0.0021038756,0.9862111,2,174,0.018440874,0.9074002,2,200
161,0.032010525,0.89474183,2,20,0.0042167553,0.9079095,2,40,0.027933743,0.92783326,2,67,0.0,1.0384028,2,87,0.00025185663,1.0377538,2,109,0.011516343,1.0533245,2,132,0.0,1.0368081,2,154,0.008995359,0.99671954,2,174,0.009749699,0.9622096,2,200
162,0.018687999,0.94196767,2,20,0.013122529,0.93386614,3,42,0.04823184,0.848851,2,64,0.007471175,0.9355596,2,84,0.041594796,0.95498765,2,105,0.0041621616,0.8698146,2,125,0.0046760123,0.9526999,2,147,0.010865665,0.9421091,2,171,0.0064689177,0.8935361,2,200
163,0.026483065,1.0506979,2,21,0.0044755964,1.0084865,2,43,0.00041982904,1.0577936,2,75,0.019434884,1.0130242,2,104
164,0.0,0.88874054,2,20,0.0,0.8936979,2,40,0.0021849344,0.7722083,2,62
165,0.0121811945,0.8780674,2,26,0.0250919,0.8436422,2,52
166,0.01754144,0.92903674,2,21,0.048246853,0.8369169,2,41,0.002799788,0.9096831,2,61,0.0183394,0.8363088,2,81,0.006579526,0.8200058,2,101,0.0023580212,0.7450549,0,121,0.0,1.0722724,3,143,0.013858827,1.0323348,3,164,0.029345095,0.73543656,1,200
167,0.009322564,1.003447,2,21,0.00105831,0.96118283,2,42,0.026316047,0.90263605,2,63,0.012002998,0.85352916,2,85,0.031230131,0.9292881,2,105,0.031765725,0.9555815,2,126,0.011321934,0.99558866,2,146,0.0021531868,1.0172572,2,168,0.0017983359,1.1295235,2,200
168,0.008037681,0.9164686,2,20,0.030953616,0.91309845,2,40,0.0008886735,0.88686824,2,61,0.011430843,0.94161505,2,82,0.016391689,0.8292311,2,102,0.0236087,0.8476801,2,122,0.013489308,0.781176,2,143,0.0052676527,0.9236747,2,163,0.005104699,0.93518704,2,200
169,0.0,1.0261683,2,25,0.03393961,0.9731805,2,45,0.0,0.95354486,2,80
170,0.007688542,0.93280506,2,20,0.03175879,0.8883346,2,40,0.049218796,0.8296756,2,69
171,0.025340807,0.98760337,2,20,0.002716717,1.0411327,2,40,0.001979777,0.9251047,2,61,0.005672184,1.0295955,2,81,0.0,1.0693307,2,109,0.002717374,1.0708582,2,130,0.02466884,1.1240293,0,151,0.013824751,0.8347847,2,171,0.010698724,0.8418555,2,200
172,0.027429003,0.9498118,2,20,0.017950835,0.9617954,2,44,0.0098670665,0.96527594,2,67,0.031105831,0.9669546,2,87,0.0040922617,0.91588366,3,107,0.00077645126,1.0186344,2,128,0.008137257,1.0720208,2,148,0.022483919,0.9856004,2,169,0.023588654,0.9657286,2,200
173,0.012669291,0.9347916,2,23,0.061392773,0.8469125,2,43,0.0041216663,0.94287604,2,63,0.0044010943,0.8554513,2,90,0.0,0.4935185,0,110,0.0038148002,0.40199643,2,131,0.009029151,0.3194875,2,152,0.24240533,0.42924482,2,181
174,0.02885877,0.97771865,2,20,0.04283557,0.9071333,0,42,0.054087438,0.8673526,2,77
175,0.019877762,0.99681455,2,32
176,0.00340604,0.93536556,2,20,0.013299157,0.9753863,2,40,0.0198058,0.941792,2,60,0.0,1.0436327,2,80,0.0100527005,0.9763326,0,101,0.032589443,0.88145936,2,121,0.003649137,0.73295695,0,146,0.0,0.7987646,2,166,0.019622127,0.82137346,2,200
177,0.0,1.0560224,2,21
178,0.00383839,1.0047706,2,30
179,0.0071201054,0.9868475,2,53,0.0038328397,0.9588941,2,76,0.0054310313,1.0117397,2,107,0.007436827,0.9676645,2,132,0.03059339,1.0107968,2,152,0.0023720334,1.0575129,2,174,0.0063558933,0.9474927,2,200
180,0.0,0.89940834,2,20,0.0,0.78882205,2,40,0.003849687,0.8890028,2,60,0.0,0.734354,2,80,0.012605424,0.8093513,2,100,0.0007022743,0.8187473,2,121,0.0,0.88289106,2,146
181,0.016287033,0.95623046,0,21,0.0025806127,0.9727654,2,57
182,0.034636904,0.8776407,2,20,0.0,0.7220781,2,40,0.0,0.7071615,2,61,0.0,0.6574786,2,81,0.0,0.78938156,1,102,0.012643243,0.6847874,2,122,0.0032593715,0.19727217,1,147,0.0,0.13623545,1,167,0.029424544,0.14092183,1,200
183,0.0063444865,0.97255546,2,21,0.014608748,0.9614995,0,42,0.0,0.87918204,0,62,0.037006818,0.57041335,0,84,0.0026030752,0.5896753,2,104,0.0056598643,0.56791484,2,124,0.0,0.4806705,2,144,0.013769312,0.28112292,2,164,0.06957535,0.35700423,2,200
184,0.0,0.920605,2,20,0.0023629053,0.96452767,2,57,0.0,1.0028409,2,91
185,0.004880267,0.99270296,2,40
186,0.00031898604,0.9833837,2,27
187,0.011107599,0.98888385,2,21,0.015175341,1.0000149,2,42,0.023753015,0.99831563,2,72
188,0.006117308,0.9929327,2,20,0.025274634,0.92862475,2,42,0.025844749,0.9461772,0,63,0.030340027,0.8976372,2,90,0.0,0.94330114,2,127
189,0.014515755,0.89040434,0,20,0.08423665,0.87627274,2,41,0.025846416,0.844272,2,63,0.08328573,0.818787,2,84,0.016303074,0.9195927,0,104,0.022595426,0.67057574,2,124,0.011886448,0.89161855,2,146,0.02204816,0.9201865,2,167,0.004823481,1.0117853,2,200
190,0.0047315806,0.9873748,2,28,0.012278231,0.95095485,2,54,0.011006859,0.9005405,2,84,0.0013923456,0.95228356,2,104,0.00374094,1.0011255,2,129,0.0032777875,1.0296298,0,151,0.020546166,1.0162637,2,172,0.008537049,1.0250988,2,200
191,0.0,0.99942726,2,25,0.009189187,1.0043111,2,45,0.045075826,0.9434975,2,65,0.027318249,0.96230567,2,85,0.052087586,0.88779765,2,106,0.0,0.96091753,2,127,0.0,0.9676221,2,148,0.02371396,0.96956503,2,168,0.025281275,0.97230816,2,200
192,0.039567173,1.0014074,2,20,0.023879679,0.9073502,2,42,0.004249498,1.1093764,2,69,0.0006379322,1.0883125,2,92
193,0.0017531026,1.025955,2,24,0.0041404525,1.0080135,2,63,0.0016960313,0.9784783,2,89,0.0,0.97049505,2,112,0.0,1.06801,2,135,0.004466561,0.9731407,2,173,0.009709288,1.0017265,2,200
194,0.0012774841,0.9410485,2,20,0.0033012412,0.9031507,3,40,0.018770829,0.9358117,2,61,0.01311743,0.79407775,0,81,0.007086561,0.94137985,2,102,0.023306215,0.8697216,0,124,0.023061685,0.8973281,2,144,0.021586504,0.91462696,2,164,0.06933084,0.8605175,2,186
195,0.003388512,1.0037141,2,21,0.0125445565,0.93110114,2,42,0.008321425,0.924477,2,62,0.0,0.9504503,2,84,0.0070831426,0.9398557,2,104,0.0,0.9363425,0,126,0.010728883,0.978024,2,146,0.0,0.99771,2,167,0.017267,0.9015153,2,200
196,0.0077704275,1.001595,2,21,0.0123048825,0.99867666,2,42,0.010458872,0.9555663,2,62,0.011590376,0.98236084,2,87,0.0017840683,0.9443269,2,108,0.027264195,0.8897544,0,129,0.04061073,0.87169534,2,149,0.040194098,0.86159,2,169,0.04377071,0.93662494,2,200
197,0.011901519,0.9902686,2,20,0.117680565,0.9135276,2,40,0.0034361351,0.90068203,2,63,0.037210573,0.8111682,2,83,0.029785424,0.85121375,2,103,0.0058380174,0.999421,2,123,0.002434093,1.0122072,2,143,0.0025109875,1.0023717,2,172,0.014527293,0.99071735,2,200
198,0.0019660152,1.0157161,2,30,0.04663161,0.9508635,2,50,0.012470671,0.96419746,2,70,0.004294929,0.8561289,2,92,0.0,0.87035465,2,112,0.0,1.0216298,2,133,0.0,1.0384816,0,154,0.0,0.92533046,0,177,0.06890674,0.85067934,2,200
199,0.0065823263,1.0277406,2,20,0.010525808,0.97097945,2,42,0.02343325,0.92860156,2,63,0.0063308217,0.947324,2,83,0.0,0.92997104,2,107,0.003515636,0.89691764,2,127,0.008774455,0.96047133,2,151,0.045733612,0.82897663,2,171,0.019920968,1.0428523,2,200
200,0.0007166448,1.0286801,2,23
201,0.0138914175,1.0031419,2,32
202,0.02110984,1.028963,2,24
203,0.026430279,0.9369585,2,20,0.0068307193,0.9598125,2,40,0.0,1.048118,2,61,0.0,1.0518521,2,81,0.009272104,0.90002716,2,101,0.009042103,0.9425779,2,127,0.0020916841,1.008928,2,160,0.002663824,1.0668948,0,200
204,0.008432428,0.9933669,2,20,0.013569223,0.9629848,2,45,0.047139198,0.758709,2,65,0.024166878,0.9925818,2,86,0.0132712275,0.777636,2,106,0.0378102,0.6241331,0,127,0.0,0.6995813,2,148,0.044583112,0.736009,2,168,0.12539667,0.5880442,2,200
205,0.01591513,0.9442538,2,20,0.020360766,0.8877918,0,40,0.000927814,0.8817288,2,61,0.009401811,1.0162485,2,82,0.02044436,0.9588811,2,102,0.010890324,0.9957554,2,124,0.036809344,0.9252471,2,144,0.0,1.0164942,2,170,0.007212386,1.0929449,2,200
206,0.03515426,0.8942992,2,20,0.039957326,0.81673926,2,40
207,0.0,0.9815286,2,20,0.013903125,0.9410707,2,41,0.035934795,0.9437234,2,62,0.0022405244,1.030285,3,82,0.021917993,0.96943206,2,102,0.0025398326,0.9182354,2,122,0.0,0.7848063,2,142,0.0,0.62256,2,163,0.010868553,0.79865396,2,200
208,0.0004749905,0.9916658,2,21,0.025904775,0.9663352,2,41,0.0031456142,0.922177,2,61,0.0,0.97223234,2,81,0.017572496,0.99379265,2,111,0.0013080542,1.0324897,2,132,0.0,1.0180758,2,159,0.0049344967,1.032856,2,200
209,0.009557808,0.9648709,2,20,0.0001870023,0.98558295,2,42,0.003645189,1.0034037,2,62,0.0078349225,1.0129523,2,82,0.0032936092,1.030899,2,103,0.002773735,1.0672609,2,128,0.013051026,0.8936084,2,148,0.004880315,0.9748158,2,170,0.0,1.0409081,2,200
210,0.0043871976,1.02146,2,27
211,0.014010702,0.9316776,2,21,0.004426925,0.9678766,2,41,0.013374521,0.9313101,2,62,0.01529879,0.8804201,2,85,0.011847998,0.95468247,2,115,0.0038160607,0.9483676,2,135,0.0129826665,1.015449,2,156,0.008938806,0.9949683,2,176,0.012488783,0.9611125,2,200
212,0.0036565908,0.9640177,2,20,0.0062112375,0.9953125,2,40,0.00044974973,1.0292661,2,60,0.0053578853,0.928922,2,80,0.007937049,1.0073822,2,101,0.0,1.0121925,2,121,0.0088883955,0.9558283,2,141,0.021471087,1.0137111,2,161,0.0139919855,0.97450745,2,200
213,0.0012770735,0.9337741,2,20,0.059735376,0.86365044,2,41,0.049553137,0.7620974,2,61,0.012743413,0.87527597,2,84,0.017011676,0.8569331,0,104,0.06300284,0.99472094,0,125,0.040669866,0.8546807,2,146,0.0,0.9290005,2,166,0.0077604624,0.8412494,2,200
214,0.038262516,0.96329165,2,20,0.033666175,0.9487627,2,41,0.002676061,0.9449883,2,68,0.017424826,0.984891,2,106,0.0025449947,1.0088589,2,131,0.007247106,1.0507843,2,160,0.010029852,1.0331836,2,200
215,0.0,0.9193362,2,20,0.0,0.6933536,2,41,0.010550954,0.4027481,1,61,0.0,0.2867887,1,82,0.0,0.46758065,0,102,0.0,0.49913844,1,122,0.0069063655,0.60625213,2,143,0.0049159476,0.7759994,2,163,0.009224479,0.89182454,2,200
216,0.005956698,1.0062271,2,21,0.022493431,0.991662,2,41,0.008881729,0.897273,2,66,0.02443279,0.905735,2,87,0.012529507,0.832513,2,107,0.010766097,0.7699067,2,131,0.0065159528,0.6693426,0,153,0.0,0.7677034,2,173,0.0,0.49569944,2,200
