0,0.00928105,0.9161458,2,20,0.0,0.9031908,2,42,0.0011398942,0.8685812,2,62,0.0181841,0.8865527,2,83,0.0065904013,0.88632554,0,114
1,0.0020888655,0.9914786,2,21,0.0,0.85429966,0,42,0.0,0.97703725,3,62,0.0,0.9163321,3,82,0.0025238115,0.93954337,0,102,0.0,0.60276186,2,122,0.0,0.5898808,1,142,0.0,0.48256898,1,163,0.010002436,0.5014357,1,200
2,0.02415556,0.9531253,2,20,0.0027277449,1.0007524,2,41,0.0053279833,1.022675,2,61,0.021367697,0.8993264,2,83,0.02251358,0.944533,2,103,0.026631836,0.9686049,2,135
3,0.0038872256,1.0094434,2,23,0.005145162,1.046355,2,43,0.0,1.1540083,3,63,0.0,1.1264417,3,86,0.0,1.2110133,3,108,0.00079285464,1.1145124,3,128,0.0,1.1444252,0,148,0.0,1.1681944,3,169,0.0,1.1345227,0,194
4,0.0437499,0.9556082,2,20,0.03188045,0.99783874,2,57
5,0.011150392,0.8953389,2,20,0.02920193,0.9813129,2,40,0.025358647,1.0570539,2,60,0.027607094,0.94157773,3,81,0.0008610715,0.900705,2,102
6,0.012031408,0.96865433,2,20,0.011639683,0.8906531,2,41,0.0,0.9500806,2,61,0.010008084,0.98639023,3,81,0.0,0.97892576,2,116
7,0.008418484,1.0026932,2,20,0.029406775,0.9573699,2,40,0.031691063,0.9383182,2,62,0.011882073,0.9301718,0,82,0.0119203795,0.86878717,2,102,0.004753638,0.9479214,2,123,0.00436945,0.9108268,2,146,0.015813679,0.87722087,2,171,0.01821814,0.9432841,2,200
8,0.016392956,1.0552831,2,20,0.016535124,1.052053,3,40,0.0,1.0396677,2,79
9,0.015305437,0.823705,3,20,0.043802,0.8882615,2,41,0.017646756,0.90990484,2,68
10,0.011813498,1.0054204,2,21,0.00325984,0.98574877,2,41,0.00023970485,0.95123065,2,64,0.031821832,1.0087215,3,84,0.02512817,0.93191016,2,104,0.0,1.0289587,2,125,0.03200931,0.9403343,2,145,0.009645,0.9626376,2,173,0.012573004,0.98860925,2,200
11,0.0072761355,0.9445303,2,20,0.0067672455,0.99920285,2,40,0.0070115044,0.93387914,0,62,0.0052563613,0.93167865,2,82,0.054136463,0.92426604,2,102,0.008096786,0.8887655,2,122,0.018031811,0.92675865,2,142,0.029800724,0.89060783,2,162,0.008224927,0.8309853,2,200
12,0.0,0.8801179,2,21,0.0028475218,0.9157683,2,41,0.044113815,0.92233324,2,61,0.018628947,0.8558577,2,81,0.022285722,0.76551163,2,101,0.006770401,0.7144827,0,121,0.0120027615,0.74629223,0,141,0.0,0.7216602,2,161,0.037252255,0.8103726,2,200
13,0.011252375,0.94402456,2,20,0.0033725747,0.9448579,2,40,0.0,0.87331516,2,61,0.010158363,0.8218644,2,81,0.02308981,0.77723336,2,101,0.0050695934,0.83520794,2,121,0.0019351536,0.7940968,2,146,0.030350413,1.0160667,2,167,0.01139557,0.9445553,2,200
14,0.010526635,1.0084194,2,21,0.002129379,0.99001145,2,43,0.011687283,1.0226842,2,63,0.0,1.0357071,2,84,0.0,1.0968688,2,105,0.0,1.0414708,2,130,0.0,1.0373471,2,150,0.00089379156,1.06571,2,170,0.010345721,0.9788237,2,200
15,0.00628794,0.943648,2,20,0.020354223,0.9373583,2,42,0.041203506,0.8687568,2,62,0.0,0.95252097,2,82,0.0,0.87288666,0,102,0.00264765,0.88973314,0,122,0.0,0.81562227,0,144,0.0,1.0176122,0,164,0.008082249,0.7424906,2,200
16,0.020569388,0.93887985,2,21,0.009446584,0.8877057,2,41,0.008948489,0.84988606,2,74
17,0.011068253,0.9526628,2,33
18,0.025245992,0.79926574,2,37
19,0.011454239,0.95248187,2,20,0.012654353,0.87443054,2,59
20,0.007834743,0.9189623,2,37
21,0.007408877,1.0168002,2,20,0.04287213,1.0010649,2,40,0.0053580524,1.0154734,2,61,0.0012696139,1.012956,2,144,0.0,0.9971964,2,169,0.0056634163,1.0316927,2,200
22,0.0074225985,1.0352676,2,20,0.0003063946,1.0349333,2,43,0.0,1.041487,2,71,0.024024185,0.9928438,2,92,0.007016177,0.9046461,3,112,0.009110127,0.98310566,2,132,0.0061784764,1.0384538,2,153,0.011794726,1.0374258,2,173,0.021720793,0.98783964,2,200
23,0.007916223,0.9152634,2,22
24,0.007304209,0.97104967,2,38
25,0.008149931,0.7956934,2,22,0.05757888,0.70054847,2,43,0.050034024,0.818874,2,63,0.046865452,0.6992466,2,85,0.0031132468,0.56314814,0,107,0.038594224,0.44116887,0,130,0.018841552,0.28422144,1,166
26,8.322419e-05,1.0202458,2,20,0.0037376888,0.95901227,2,42,0.009895426,1.0213879,2,64,0.0032382898,0.9322996,2,84,0.01892744,0.90865356,2,104,0.017708251,0.94337046,2,124,0.0043943524,0.9523488,3,144,0.0,0.9573373,2,165,0.0047233207,0.8883155,2,200
27,0.024577167,0.94842565,2,20,0.0013381258,0.94699496,2,40,0.013625987,0.99968565,2,60,0.0041593416,0.9701282,2,80,0.012308327,0.9903708,2,103,0.0016384339,0.9044462,2,127,0.0024867454,0.88115776,2,148,0.009343372,0.8331118,2,169,0.017083477,0.9007517,2,200
28,0.0052298363,1.0413171,2,21,0.0,1.0478381,2,44,0.006678973,1.0047454,2,68,0.01540214,0.97790194,2,89,0.0008143278,0.8836672,2,109,0.016237447,0.9797194,2,133
29,0.009230695,0.97041273,2,24
30,0.013163812,1.0063143,2,23,0.015769292,1.0034802,2,43,0.0046230215,1.0645589,0,63,0.0053792205,1.0104407,0,99,0.0023510563,1.0319555,2,135,0.0,1.0292608,0,155,0.0022823154,1.0000995,0,178,0.0047576427,1.0282621,2,200
31,0.0018392828,0.9567923,2,25
32,0.022967061,0.9194683,2,20,0.0014758954,0.9082502,2,40,0.024371717,0.82465714,2,73
33,0.0003832536,0.9770067,2,23,0.0012779302,1.0645361,3,47,0.0037272945,1.1223379,3,73,0.008302753,1.0627474,3,99,0.0014492248,1.0170219,2,119,0.0035398311,1.0672989,2,140,0.015657991,0.9804476,2,161,0.01580461,1.0011475,2,200
34,0.0016513126,0.98071367,2,20,0.014236734,0.951961,2,42,0.008097648,1.0429877,2,132,0.013249603,0.9739596,2,152,0.010952943,0.9933151,2,174,0.0018363793,1.0573617,2,200
35,0.00445493,0.9407543,2,22,0.009141779,0.8641648,2,42,0.0,0.9334297,2,68,0.00071897916,0.90250826,2,161,0.008240817,0.9881751,2,200
36,0.0014566199,1.0328761,2,29,0.0021244802,1.0200176,2,71
37,0.0,0.8671859,2,21,0.0007073153,0.85517645,2,41,0.009131941,0.8034848,2,73
38,0.003965673,0.9241063,2,20,0.0,0.7947372,2,40,0.023552636,0.89685285,2,74
39,0.005643095,1.0115885,2,20,0.0028605773,0.9634309,2,40,0.01622564,0.94150335,2,60,0.0042375885,0.996573,2,80,0.039830364,0.9506258,2,100,0.019305129,0.9157467,2,120,0.03179854,0.9045259,2,140,0.024661124,0.9918873,2,164,0.010783291,0.931701,2,200
40,0.0,0.8911804,2,22,0.026765179,0.69081527,0,42,0.10853204,0.68650067,2,63
41,0.006118804,1.0314516,3,25
42,0.00016462448,1.0580634,2,22
43,0.0,1.0225618,2,23
44,0.009921713,1.0031841,0,20,0.016043168,1.0921556,2,43
45,0.0,0.9868351,2,21,0.02317928,0.9381656,2,49
46,0.0011421426,0.9217286,2,24,0.013083272,0.9487632,2,44,0.0,0.8786213,2,64,0.0,0.7497865,2,84,0.0,0.5805698,2,104,0.018213265,0.36564705,2,140
47,0.020584181,0.9614504,2,20,0.015391338,0.97047395,2,40,0.006865072,1.0101807,2,61,0.0069485856,0.9469749,2,81,0.024199804,0.9319727,2,102,0.012245977,0.7480453,0,122,0.009547161,0.74487436,2,143,0.07423614,0.698559,2,163,0.021401737,0.8153852,2,200
48,0.034715794,0.9227783,2,20,0.021915888,1.014953,2,41,0.008483792,0.9875421,2,63,0.011970254,0.98648834,2,84,0.004010903,0.8992651,3,104,0.0,0.84457624,3,124,0.0,0.98054254,2,144,0.0,0.61229,1,165,0.011102551,0.61856157,2,200
49,0.007288081,0.944924,2,20,0.029631361,0.95112056,2,40
50,0.012456772,0.93566376,2,21,0.0,0.92871994,2,42
51,0.041891884,0.9221226,2,20,0.03755757,0.8832268,2,46,0.0,1.0236287,2,66,0.0022368499,0.9307024,2,86,0.0810191,0.8351185,2,117
52,0.018407619,0.949736,2,20,0.002150623,0.95437187,2,47,0.013617455,0.9812383,2,71
53,0.007030155,0.91234535,2,21,0.008126835,0.80132455,2,54
54,0.012432714,0.8875519,2,23
55,0.039532147,0.8309867,2,20,0.024572764,0.88762045,2,40,0.002367741,0.8655216,0,60,0.038682733,0.83909357,2,82,0.006692417,0.93278444,2,102,0.016976224,0.86824304,2,126
56,0.0088708205,0.8965235,2,20,0.037166208,0.9015811,2,44
57,0.0057697957,0.9439241,2,20,0.020765845,0.8754988,3,40,0.0025895482,0.9234589,2,65,0.022867916,0.90477884,2,85,0.0034915907,1.0248812,3,106,0.055892803,0.87560266,0,131
58,0.0,1.0052056,2,23
59,0.0020327435,0.9768494,2,25,0.018821776,0.9525751,2,45,0.0050038532,0.9861127,2,65,0.023789661,0.9098207,2,86,0.0019755044,0.92597395,2,111,0.0,0.9459241,0,131,0.0051771984,0.92196715,3,151,0.010120368,0.98038393,0,172,0.0072892183,0.6846637,0,200
60,0.008047683,1.0102496,2,25,0.014416948,0.9537306,2,45,0.0,1.0294385,2,67,0.0,1.0097739,2,87,0.0,1.0351909,2,107,0.0008098952,1.065054,2,129,0.0261956,1.0198224,0,149,0.003517064,1.0187025,2,170,0.029324653,0.95807105,2,200
61,0.0014170663,0.96871567,2,31,0.0,0.9114935,2,51,0.0,0.883866,2,71,0.011537751,0.99043816,2,91,0.024879191,0.94587225,2,119,0.012651098,1.0356685,2,139,0.0,0.9037964,2,159,0.0055578607,0.98409325,2,200
62,0.012722872,0.93258524,2,21,0.022279214,0.86567706,2,42,0.0026245005,0.7969199,2,62,0.017034957,0.75525993,2,82,0.013449308,0.92004734,2,113
63,0.0043842243,0.9861064,2,20,0.012820089,0.84232414,2,40,0.0,0.8919517,0,60,0.030607672,0.75882185,2,82,0.0142768305,0.621261,2,102,0.03163911,0.8310623,2,122,0.0050417664,0.8265287,2,144,0.03191651,0.8123099,2,164,0.023751415,0.8378625,2,200
64,8.930647e-05,1.0127995,2,21,0.0018268628,0.99111265,0,42,0.00017929943,1.0407302,2,62,0.0056061917,1.0316017,0,88,0.0003345743,1.0687957,2,108,0.009528247,1.0329756,2,131,0.00085244735,1.0657431,2,151,0.0044680247,1.0366229,2,171,0.0086498195,1.0075359,2,200
65,0.015619405,0.976577,2,20,0.02017548,0.94143593,2,41,0.0061599715,0.90323275,2,61,0.021840135,0.94525385,2,82,0.0045774295,0.8967495,2,105,0.017347801,0.7295845,2,125,0.0,0.6962721,0,145,0.0,0.74069893,2,166,0.027965497,0.5838684,0,200
66,0.0038405862,0.97161835,2,20,0.0,0.99870527,2,40,0.023199946,0.87002534,2,60,0.0045877914,0.8862816,2,81,0.009203164,0.9890059,2,101,0.013220099,0.9016217,2,122,0.04418403,0.95249397,2,142,0.0,0.8586766,2,169,0.013826853,0.88001865,2,200
67,0.0032570034,0.9825717,2,20,0.0041585425,1.1102401,2,41,0.0,1.1315842,2,62,0.0060145757,1.0838964,0,82,0.036796913,0.9165487,2,104,0.0,1.0255744,2,124,0.0,1.061711,2,144,0.0,1.0531274,2,165,0.011133739,0.92560035,2,200
68,0.056246303,0.9571183,2,22
69,0.0056870817,0.9996573,2,28,0.008508338,1.0991644,2,61,0.007377517,1.053711,2,85,0.0008776497,1.037278,2,107,0.0,0.9944636,2,127,0.008900809,0.9828693,2,147,0.015240349,0.9002779,2,167,0.0013782581,0.86336935,2,200
70,0.0073047956,1.019272,2,24,0.014487046,1.0234967,2,44,0.0131531935,0.97309977,2,71,0.018899672,1.0116193,2,91,0.0039873673,1.01256,2,111,0.021875022,1.0561818,2,134,0.0,1.0247642,2,154,0.009005973,0.9441967,2,174,0.0056235767,0.97284436,2,200
71,0.009474583,0.91743946,2,32
72,0.009283878,0.983708,2,37
73,0.0053039975,0.9148213,2,24,0.0005218801,0.88717157,2,44,0.0044548325,0.84979373,0,65,0.05213144,0.81532025,2,100
74,0.017134575,0.96978354,2,35
75,0.018651638,0.93167245,2,20,0.016977882,0.9131158,2,41,0.0,0.93504083,3,61,0.0010241049,0.7029975,2,82,0.028637683,0.7948595,0,102,0.017332116,0.8537677,2,132
76,0.034346387,0.8849919,2,22,0.00813062,0.8875303,0,42,0.006832918,0.8161383,2,64,0.0030800567,0.7852165,2,91
77,0.005628366,0.73208266,0,20,0.020252053,0.7895609,2,40,0.0,0.85001194,0,60,0.010931298,0.5473949,2,81,0.0026623555,0.8338065,2,101,0.044877436,0.42739105,0,122,0.03433741,0.39937508,1,142,0.0,0.24237403,0,162,0.058802504,0.24966061,2,200
78,0.0,0.9645726,2,20,0.02371722,0.9589602,2,40,0.019426513,0.8908696,2,60,0.0029088454,0.8277021,2,81,0.0,0.9279952,2,101,0.0133440355,0.7836216,0,123,0.0418922,0.94415313,0,143,0.014065501,0.973695,2,163,0.007888696,0.9335351,2,200
79,0.01078039,0.9754962,2,20,0.049356498,0.98615825,2,40,0.0,1.0000811,2,60,0.019327426,0.88472855,2,81,0.0049590683,0.96107876,2,109
80,0.032917146,1.013271,2,27
81,0.010038687,0.9623615,2,20,0.05177238,0.8984333,2,40,0.055259775,0.9856621,2,60,0.017512638,0.8676187,2,80,0.0,0.92197955,2,101,0.029190067,0.8325238,2,136
82,0.0021037743,0.99537534,2,20,0.00075807713,0.9459444,2,40,0.000781657,0.9467616,2,60,0.008850163,0.9604022,2,80,0.0,0.97344416,2,100,0.03179815,0.87156445,2,122,0.0010897345,0.9570198,2,142,0.0012081283,0.94431674,3,162,0.008061859,0.96473753,2,200
83,0.0029312863,0.9930923,2,21,0.013788401,0.97263247,2,52
84,0.0062462795,0.97822875,2,22,0.001998932,0.95943356,2,48,0.004880933,1.0434875,2,82
85,0.002653584,1.0034944,2,36,0.0,0.89644694,2,57,0.0017872254,0.8873074,2,78,0.0,0.9449652,2,98,0.005515884,0.9429554,2,123,0.0007081323,0.97440475,2,144,0.00242489,0.88390285,2,164,0.05491856,0.8742764,2,200
86,0.0064644334,0.97409505,2,30,0.0,1.0367268,2,52,0.0074193305,0.9883889,2,78
87,0.0,0.946741,2,20,0.02600929,0.8602745,2,48
88,0.026485132,0.94276774,2,26
89,0.002919006,0.99552566,2,20,0.0006407139,0.9460492,2,44,0.00049733155,0.9223067,2,64,0.0,0.9561833,2,84,0.008363595,1.0084788,2,107,0.0056799417,0.9613873,2,137,0.019469736,0.95392483,2,163,0.037915006,0.8914836,2,200
90,0.017432151,0.8828798,2,21,0.007828911,0.8673636,2,41,0.020536963,0.849628,2,61,0.017030314,0.8766434,2,82,0.008965304,0.9588679,2,108,0.030383153,0.9830424,2,129,0.011024135,0.9976842,2,149,0.011119101,0.96312505,2,171,0.0062833866,1.0233213,2,200
91,0.011460546,0.9475442,2,21,0.024154197,0.9770695,2,41,0.016004952,0.98369205,2,71
92,0.019447444,0.86202127,2,22,0.0012312314,0.93900645,2,49,0.00031774148,0.8666334,2,69,0.009252271,0.89579135,2,101
93,0.0152209,0.90707743,2,33
94,0.013294992,0.9295155,2,20,0.034849767,0.81738025,2,41,0.0025588549,0.9843812,2,61,0.013388593,0.9718468,2,82,0.011961421,0.9387157,2,104,0.019501943,0.91770375,2,124,0.0028262374,0.92403865,2,146,0.046969756,0.8356989,2,166,0.017606366,0.8824177,2,200
95,0.010406212,0.99313176,2,21,0.0074947914,0.95652497,2,41,0.0,0.938676,2,61,0.0,0.9445596,2,82,0.013920654,0.93480957,0,103,0.0060828645,0.981808,2,127,0.008196713,0.97900367,2,150,0.01919088,1.0118878,2,171,0.0033433244,1.012999,2,200
96,0.0,1.0209528,2,21,0.010419977,1.0084963,2,50,0.0012319352,0.94524145,2,74,0.013802955,0.93841565,2,94,0.008076561,0.96744955,2,114,0.0,1.0015275,2,135,0.0,1.0049058,0,156,0.0,0.81349295,2,191
97,0.012976121,0.9577048,2,36
98,0.014138875,1.0253237,2,21,0.006746612,1.0579793,2,59
99,0.016182018,0.9303627,2,20,0.023595477,0.8891569,2,42,0.009508304,0.8901761,2,62,0.008713558,0.93140864,2,83,0.01673682,0.8511498,2,104,0.0,0.8241232,2,124,0.0,0.8744404,2,144,0.0048580603,0.85208863,3,164,0.017714437,0.8642778,2,200
100,0.019753259,0.9250136,2,22,0.0075313793,0.9128769,2,42,0.0039758435,0.95282,2,70
101,0.00016116022,0.9660768,2,21
102,0.011064981,0.98850054,2,31,0.0061812717,0.9859797,2,51
103,0.018592158,0.9732531,2,21,0.010798072,0.9258318,2,41,0.0067927493,0.91510147,2,74
104,0.0,1.0284593,2,20,0.03660168,0.91478485,2,41,0.0,0.91966265,2,61,0.028289424,0.9355268,2,83,0.0039598295,0.9168361,0,103,0.0,0.97335875,2,123,0.010440898,0.8428371,2,145,0.009588568,0.93122673,2,165,0.0,1.0200075,2,200
105,0.029951692,0.91341114,2,30,0.010415719,0.9183266,2,51,0.026498979,0.8085848,2,88
106,0.010450362,0.999196,2,23
107,0.012216262,0.9891088,2,22,0.0027789073,1.0953405,2,48,0.0009384923,1.1360013,3,71,0.0051614423,1.1421174,3,92,0.0,1.1687545,3,113,0.00032500515,1.1164134,0,134,0.008179611,1.0805439,2,154,0.0047864835,0.97435385,2,179,0.008827313,0.92602974,2,200
108,0.016154658,0.92325765,2,20,0.005018568,0.9274822,2,42,0.0020792542,0.9385406,2,69,0.029395675,0.9650353,2,89,0.012108987,0.90123904,0,109,0.02295523,0.83586484,2,129,0.019843359,0.99195945,2,149,0.0029911273,1.0883435,2,169,0.02226915,1.0075226,2,197
109,0.010792128,0.86676896,2,20,0.018354747,0.86182153,2,40,0.059751637,0.84806406,2,66,0.0,0.8570639,2,86,0.0027104027,0.8741983,2,124,0.0,0.7022583,2,144,0.004815931,0.6696986,2,165,0.021218881,0.72589904,2,200
110,0.010620239,0.8426432,2,21,0.025356147,0.9603685,2,41,0.015533656,0.9769423,2,63,0.0060301386,1.1125253,2,84,0.00023993943,1.0580448,0,108,0.0015986528,1.0389181,2,130,0.005921846,1.009643,2,154,0.026455292,1.015153,2,174,0.0,1.0045875,2,197
111,0.009293739,0.8659202,2,23,0.0071569704,0.72912174,0,43,0.012327062,0.93864346,2,63,0.02272466,0.8053544,2,83,0.04325943,0.73150986,2,103,0.0,0.5396317,2,123,0.0,0.7131587,0,144,0.0061483113,0.8423179,0,164,0.039302062,0.63978595,2,200
112,0.00504072,0.9746827,0,20,0.008694983,0.8076926,2,42,0.021948827,0.8027914,2,70
113,0.0040883566,0.95871323,2,21,0.0,0.8817762,2,41,0.0060500717,0.94906855,3,62,0.009044156,0.95012504,2,82,6.123083e-05,0.94767284,0,102,0.002950617,0.9398471,2,137
114,0.0051593236,0.9959508,2,26,0.0,1.0648793,2,46,0.029131217,1.004098,2,68,0.0050170226,0.9932442,2,94,0.0,0.9461625,2,114,0.013846148,0.9684509,2,135,0.025119897,0.88735855,2,156,0.0092963455,0.8975908,2,179,0.055658903,0.94264084,2,200
115,0.012545225,1.021997,2,20,0.0051942007,0.96128875,2,40,0.011849007,0.97551924,2,63
116,0.020788226,0.86782914,2,20,0.0,0.86807084,2,59
117,0.0052813627,0.9387267,2,20,0.0034023218,0.9540726,2,40,0.0076847603,0.86020267,2,75
118,0.0024294404,0.9608542,2,31,0.017558595,1.0127579,2,51,0.0,0.96800846,2,94,0.0,0.89212954,2,115,0.0019304451,0.7978577,2,145,0.06275152,0.8166456,0,165,0.083070464,0.8495926,2,200
119,0.008381373,0.9793112,2,22,0.033814445,0.90914285,2,42,0.0,0.9881805,2,62,0.018414846,1.0720625,2,83,0.0058483477,1.0677267,2,109,0.023101414,1.0350827,2,130,0.008061708,1.0209091,2,159,0.02566606,0.95401794,2,200
120,0.004423515,0.86512536,2,20,0.008130666,0.91756713,2,40,0.0,0.727033,2,60,0.0027384285,0.6711639,2,80,0.0,0.4923257,2,101,0.0,0.45597064,1,123,0.0,0.3196852,1,143,0.022009086,0.21613038,0,175
121,0.0094711445,0.9982463,2,20
122,0.0032048956,1.0929474,2,43,0.0,1.0996588,2,64,0.0067034015,1.0563196,2,106
123,0.0056459648,0.9931577,2,21,0.0023664192,1.0327156,2,41,0.002640378,1.0651417,2,63,0.0,1.0416495,2,91,0.0024630562,0.91252834,2,111,0.0047772853,0.94658643,2,132,0.010331807,0.9362132,2,153,0.021663947,0.9199137,2,174,0.0,1.0319507,2,200
124,0.046270255,0.8759758,2,23
125,0.009659876,0.9852661,2,20,0.0143709015,0.8602581,3,52
126,0.00080898794,0.91236067,2,21
127,0.0066311494,0.8937918,2,20,0.0014831878,0.8985301,0,40,0.0,0.8616749,0,60,0.019548925,0.744066,0,81,0.008815589,0.88529986,2,105,0.0013513574,0.817152,2,126,0.021861002,0.77940875,0,163
128,0.0,1.0865542,2,23,0.0007545184,1.0194979,2,50,0.0,1.0132747,2,80
129,0.011857899,1.0090915,2,28,0.0037785023,0.9711914,2,48,0.0030581313,0.99665153,2,68,0.0,0.9903475,2,88,0.0021249135,1.0534477,2,109,0.0023594804,1.0282475,2,129,0.0067836805,1.0635297,2,150,0.017749276,0.94553435,2,170,0.011530301,1.0107869,2,200
130,0.0,0.89044017,2,20,0.008415976,0.9735202,2,43,0.0014001214,0.94161844,2,66,0.011014064,0.9801017,2,89,0.00018837136,1.0381058,2,109,0.0,1.0323312,2,134,0.0,1.0352073,2,158
131,0.009222632,0.9422765,2,20,0.05707764,0.9573104,2,40,0.039697662,0.7586364,0,60,0.030102715,0.5796748,2,84,0.0036424643,0.70394295,0,105,0.0,0.6422766,2,125,0.0012877991,0.52395403,2,145,0.059892934,0.6739199,2,166,0.080203116,0.7479899,2,200
132,0.012885757,1.0580032,2,20,0.024808887,1.0671073,2,40,0.0037030552,0.8813082,2,60,0.0008282978,0.9692965,2,83,0.0022760206,0.95122725,2,118,0.0045960117,0.99852186,2,140,0.0020970984,0.9445662,0,161,0.037928678,0.8585739,2,200
133,0.0070622163,0.94330186,2,20,0.0023047088,0.9870953,2,44,0.0046365648,0.9963309,2,64,0.01929317,0.9507798,2,84,0.0019545904,1.0023394,2,121,0.033228025,0.93649274,2,141,0.011404318,0.9888149,2,164,0.007227009,0.93089986,2,200
134,0.008738335,0.9716471,2,20,0.0035386025,0.93971527,2,40,0.026428398,0.9321119,2,61,0.0013805368,0.9508058,2,81,0.008155306,0.85698473,2,101,0.0070037427,0.8029352,2,134
135,0.016473303,0.935689,2,20,0.001497691,0.9391616,3,40,0.028338868,0.9208873,2,74
136,0.03370582,0.931483,2,20,0.0149667915,0.9587711,2,41,0.0041526705,0.8789004,2,61,0.0,0.90862566,2,87,0.0,0.9471866,2,117
137,0.017883603,1.062251,3,20,0.0005454207,0.8971966,0,42,0.0,0.88606274,2,63,0.0,0.988787,0,84,0.0,0.9082759,2,119
138,0.0,1.0394386,2,21,0.0,1.0658745,2,43,0.004777214,1.0133249,2,76,0.009039572,1.0186327,2,97,0.025660628,0.9562915,2,117,0.024826068,0.9935092,2,137,0.074380346,0.91926825,0,157,0.030513927,0.83512926,2,180,0.039398246,0.8694893,2,200
139,0.024517965,0.90717804,2,20,0.01659193,0.89676267,2,40,0.0067486204,1.0005962,2,60,0.04547417,0.91158783,0,81,0.08281455,0.7443357,2,103,0.000909045,0.8918541,2,123,0.0062638726,0.8578372,0,148,0.032707445,0.7227327,2,168,0.05241961,0.84383416,2,200
140,0.0,1.0368237,2,22,0.0,1.0569437,2,43,0.0,1.0351359,2,67,0.0,0.9884302,2,87,0.0,0.9434676,2,107,0.008253663,0.94978684,2,127,0.0073595606,0.9727615,2,147,0.0036511826,0.9041113,2,168,0.006265689,0.98063827,2,200
141,0.014627327,0.960319,2,34
142,0.0035678118,1.006364,2,20,0.0053034695,0.9868015,2,45,0.0,0.97697246,0,65,0.0,0.9779855,2,85,0.0,0.9806836,2,115,0.0,0.8868408,0,135,0.0,0.97001946,0,156,0.0060216067,0.9876107,3,176,0.005360318,1.0646808,2,200
143,0.01295702,0.98227865,2,20,0.009203597,1.0684152,0,41,0.0,1.1231884,2,61,0.0,1.0931046,2,81,0.0037414648,1.0141648,2,112,0.009802352,1.0383289,2,137,0.008854218,1.0073702,2,165,0.0,0.9725898,2,200
144,0.028539145,0.87220716,2,28,0.00041732335,0.81367654,2,49,0.009881855,0.7979064,2,70,0.0034592152,0.91853124,2,90,0.05854301,0.7689734,2,111,0.0094906,0.8464158,2,131,0.0,0.7749665,2,152,0.058875404,0.8235426,0,172,0.15117295,0.8511072,2,200
145,0.02444664,0.9839662,2,21,0.013812402,0.93709195,2,41,0.0,0.93694746,2,64,0.006858287,0.93385446,2,84,0.019861905,0.90370786,2,104,0.004993497,0.92153203,2,124,0.062342927,0.8095069,2,145,0.017364336,0.80451393,2,165,0.011528282,0.78302157,2,200
146,0.022027401,0.8781017,2,20,0.081351556,0.71975213,2,40,0.06249078,0.88371056,0,61,0.026912536,0.9068333,2,81,0.03795645,0.74757934,2,101,0.033968344,0.8255831,2,123,0.018400973,0.8116371,2,162
147,0.0025218066,0.9152603,2,20,0.000569431,1.010047,2,41,0.0178162,0.87531996,2,81
148,0.009477299,0.9736007,2,20,0.027568279,0.92608964,2,42,0.020920148,0.9990695,2,67,0.0401844,0.93260944,2,88,0.012704427,0.94938296,2,112
149,0.0,1.0545616,2,20,0.020849744,0.9652894,2,40,0.010730009,0.99784625,2,60,0.013165293,0.9661729,2,86
150,0.0024062619,1.0240227,2,20,0.02041483,0.92810017,2,46,0.0030789475,0.91162163,2,82
151,0.0,0.9377733,2,21,0.006481962,0.9870307,2,41,0.0061837346,1.0347161,2,63,0.0060211113,1.0584719,0,84,0.018060017,1.0517586,2,106,0.007776332,1.0492065,2,128,0.008750217,0.9093734,3,148,0.00828986,0.93612605,2,169,0.0,0.9023054,2,200
152,0.01165926,0.7840439,2,20,0.0061818548,0.7926443,2,40,0.030844549,0.6301967,2,60,0.0027185215,0.3771566,2,84,0.028797945,0.40192336,1,104,0.12077458,0.4064278,2,124
153,0.0,0.8437562,2,20,0.0,0.7995001,2,40,0.0,0.79215586,2,61,0.030419985,0.6617592,2,81,0.0,0.7675248,0,101,0.011458801,0.5525564,0,121,0.03917419,0.35867244,2,142
154,0.005546362,0.9444692,2,26
155,0.025764596,0.8779639,2,20,0.020634744,0.8674796,2,40,0.018002704,0.7909716,2,60,0.07582101,0.89493024,2,80,0.08082156,0.92131704,2,101,0.009774025,0.92732495,2,121,0.021398876,0.80506164,3,141,0.0,0.8454176,0,161
156,0.0,0.9849254,2,21,0.002776414,0.9891335,2,41,0.007465757,0.9024499,2,62,0.014223903,0.8734832,2,82,0.020444646,0.8416329,0,106
157,0.0041419016,0.9807971,2,20,0.0043139355,1.0295284,2,40,0.0029100408,0.9870101,2,60,0.0120134065,0.960592,2,80,0.00543254,0.8792036,0,100,0.034766342,0.92059076,0,122,0.0,1.0651461,2,142,0.0012946106,0.9546477,2,162,0.009764427,1.0019432,2,200
158,0.014038703,0.89224285,2,22,0.008435083,0.82247597,2,43,0.038926173,0.88085127,2,63,0.030357871,0.8689414,0,83,0.00019676247,0.8864639,2,105,0.004652977,0.9868118,2,125,0.0047566947,0.9371512,2,148,0.015427662,0.9809774,2,168,0.11126618,0.8869944,2,200
159,0.0,0.99314404,2,20,0.030368159,0.9933893,2,41
160,0.001758196,0.9721085,2,20,0.01554202,0.94557494,2,44,0.015178541,0.90279084,0,64,0.020762794,0.9845877,2,88
161,0.002819597,1.0078306,2,20,0.0,0.977399,2,52
162,0.0007393755,0.98977345,2,23
163,0.006413461,0.9944867,2,23
164,0.00037174576,0.97948796,2,23,0.0,0.9608588,2,55,0.0,1.0004426,2,77,0.010033006,1.0227494,2,101,0.0,0.981839,3,121,0.00026351196,1.0294111,2,142,0.0,1.044074,2,162,0.019245958,1.0028149,2,200
165,0.03044433,0.85245883,0,20,0.009453451,0.8075668,2,40,0.0,0.8192719,2,60,0.005139056,0.96817756,2,92,0.0,1.0396663,2,113,0.0058105337,1.0362769,2,136,0.012111028,0.9382278,3,173
166,0.010502887,0.92751354,2,23
167,0.0105443355,0.9125261,2,33
168,0.0058555217,1.0088874,2,21,0.0,1.0861676,2,41,0.0,1.0178957,2,62,0.008848463,1.0332657,2,82,0.011464634,1.0964913,2,104,0.0031183937,1.0226779,2,125,0.007475336,1.0360649,2,145,0.0,1.0658028,2,165,0.007566997,0.99786156,2,200
169,0.026597787,0.968871,2,21,0.002685286,0.9405485,2,42,0.0057499013,0.86025256,2,63,0.051223975,0.92245084,0,83,0.0,0.9377934,2,103,0.0,1.1005237,2,128,0.008946747,0.85845965,2,151
170,0.0077168765,0.91908616,2,20,0.0,0.9846656,2,55,0.019924602,0.96295404,2,79,0.005882827,1.0171669,2,99,0.0,0.99221605,2,124,0.0,1.0261363,2,147,0.029598793,0.9770635,2,168,0.0111836605,0.9005828,2,200
171,0.0200376,1.0369445,2,20,0.020921305,1.0870849,2,40,0.006729283,1.0127351,2,61,0.016008545,1.0178014,2,81,0.0,0.8481015,2,101,0.008344126,0.9969481,2,121,0.00981911,0.9031645,2,141,0.018734045,0.855851,2,161,0.0027213297,0.8831735,2,200
172,0.004495215,0.97164017,2,22,0.00912886,0.90354586,2,42,0.040157404,0.84490085,2,64,0.014443299,0.8590108,0,84,0.02982812,0.8268043,0,104,0.018626971,0.9663067,2,125,0.0319449,0.85702354,2,145,0.0055558546,0.85519665,2,165,0.1632803,0.66745454,2,200
173,0.004721135,1.0312575,2,21,0.0,0.9955751,2,41,0.006781622,1.0328376,2,61,0.006310899,1.0150144,2,84
174,0.010143904,0.8842643,2,20,0.009232899,0.9002598,2,43,0.0,0.8610203,2,64,0.0,0.82982415,2,84,0.014882378,0.8231727,2,104,0.027483381,0.7119938,2,125,0.011148291,0.60979265,2,145,0.0,0.51639444,2,165,0.0,0.5041403,1,200
175,0.010780733,0.990773,2,22,0.008092968,0.9558212,2,44,0.017753989,1.0216198,2,64,0.0062666247,1.0028749,2,85,0.005117388,1.0554531,2,105,0.013177194,1.0986503,2,126,0.0010050959,1.0707605,2,152,0.0,1.0729363,2,173,0.0,0.98539764,2,200
176,0.0044634547,0.9641964,2,20,0.0017061004,0.9701936,2,45,0.00040422322,1.013845,2,67,0.0015022259,0.9467308,2,87,0.0,0.91201115,2,107,0.008046528,0.90989333,2,127,0.021992955,0.8761694,2,152,0.010565245,0.7315921,2,174,0.058823578,0.78396446,0,200
177,0.0,0.97112834,2,20,0.008605951,0.9185384,2,40,0.0290887,0.90323555,2,60,0.012597771,0.8910435,2,80,0.0,0.85363674,2,100,0.013209094,0.8787104,2,120,0.07528516,0.83923376,0,140,0.025620444,0.8145941,0,161,0.04103392,0.83784974,2,200
178,0.0052521992,0.9929098,2,20,0.005205401,1.057914,2,52
179,0.013854334,0.89853925,2,20,0.00035222247,0.8976552,2,40,0.039999485,0.94733584,3,60,0.0066366415,0.8412796,0,94
180,0.009402576,0.87753135,2,20,0.0030556505,0.8719434,2,41,0.0,0.79054403,2,61,0.0,0.8022892,0,81,0.028129706,0.83600926,2,102,0.0,0.9805282,2,123,0.02587583,0.9540594,2,144,0.008302773,0.8656068,2,165,0.016874336,0.86917627,2,200
181,0.015702726,1.0327424,2,21,0.011284775,1.0067545,2,44,0.0027798314,1.0635595,2,77,0.007222631,0.96536714,2,97,0.0,1.0359254,2,124,0.0059492523,1.0325243,3,144,0.0,0.97485095,2,165,0.009667906,1.0189869,2,200
182,0.0026046496,1.0072621,2,34
183,0.010454051,0.958026,2,25,0.019465951,0.9721525,2,51,0.007111832,1.0420566,2,74,0.0,1.0093586,2,94,0.037370898,0.99326324,2,120,0.0029125945,1.0120118,2,140,0.021605365,0.97882533,2,166,0.014217932,1.0498545,2,200
184,0.0020503688,0.95610654,2,20,0.03630991,0.9704855,2,40,0.01503984,0.93323976,2,62,0.018432591,0.9291963,2,91,0.017381717,0.9921907,2,113,0.075251244,0.9446392,0,133,0.026451863,0.9543466,2,165,0.027578145,0.9832866,2,200
185,0.0,0.8328705,3,20,0.030516148,0.6634978,2,43,0.04949715,0.64017594,3,64,0.06023464,0.814452,2,87,0.0,0.6747434,0,107,0.09573215,0.53979796,0,127,0.0,0.71964395,0,147,0.0,0.82551366,0,167,0.021410866,0.83089966,2,200
186,0.008553419,0.8989622,2,22,0.010088245,0.93128055,2,46,0.0035589288,0.9973674,2,67,0.0010118999,1.0477362,2,90,0.002561675,1.0551926,2,110,0.0,1.0468916,2,134,0.0033193505,0.9214812,2,160
187,0.01332054,0.9495002,2,20,0.0033877965,0.9661002,2,40,0.014564532,1.0072817,2,60,0.0010914154,0.9471418,2,88,0.02846609,0.91752166,2,108,0.032293588,0.830896,0,128,0.021668067,0.809505,2,148,0.015500585,0.97819406,2,168,1.9603758e-05,0.7694361,2,200
188,0.002055816,0.9592106,2,24,0.0003272768,1.0739007,0,50,0.0,1.1278175,0,79,0.0,1.121442,0,109,0.0,1.117728,2,167,0.007290869,1.0595348,2,200
189,0.011439005,0.9736875,2,20,0.0,0.95130664,2,40,0.002664354,0.9652124,2,61,0.0066551687,0.83396286,2,83,0.01589552,0.83646995,2,103,0.0312049,0.8336044,2,126
190,0.0071814293,0.949916,2,21,0.02378812,0.86545736,3,42,0.0,0.9077608,0,62,0.022598857,0.88618374,2,82,0.014665072,0.9455571,2,102,0.0047314055,0.9974474,2,122,0.032685548,0.8099504,2,143,0.0,0.75169104,0,165,0.12623326,0.6342465,2,200
191,0.0035730079,1.013201,2,31
192,0.0,1.0123421,2,21,0.00064202136,1.0215209,2,43,0.0,0.93056697,2,63,0.0,0.9049386,2,83,0.0,1.0670967,2,103,0.024957508,0.9422792,2,123,0.0100083845,0.82966065,2,159
193,0.009960433,1.034169,2,23
194,0.017706905,0.9337808,2,20,0.04517426,0.9291833,2,44,0.040460743,0.9655047,2,69,0.008514309,1.0076956,2,111
195,0.022162518,0.943293,2,34
196,0.0059998133,0.9552348,2,20,0.0,0.8740853,2,40,0.008399221,0.88092864,2,60,0.0073474124,0.88413286,2,80,0.005672349,0.83964807,2,100,0.0,0.961493,2,120,0.00056139135,0.80554783,2,147,0.16198999,0.8923993,2,167,0.032376662,0.9015106,2,200
197,0.013757025,0.96548206,2,20,0.02003601,0.9806838,2,40,0.00051571813,1.0070511,2,60,0.009559641,0.9416229,2,80,0.0,0.96127075,2,101,0.042545404,0.94317603,2,123,0.0024493097,0.9643397,2,145,0.007898609,1.1195064,0,167,0.0085765235,1.1141734,2,200
198,0.018849548,0.87355024,2,20,0.0,0.6336993,2,40,0.0,0.45707327,1,61,0.0,0.4780423,1,86,0.0,0.3893331,2,107,0.0,0.50294083,2,127,0.0,0.41118187,1,147,0.0038761112,0.3022559,1,167,0.015281189,0.37908164,1,200
199,0.0025305054,1.0020732,2,25
200,0.0039484384,0.9636689,2,22,0.002264627,1.0472895,2,43,0.005227666,1.0043544,2,66,0.008542439,1.0580441,2,91,0.009267692,1.0039312,2,113,0.003384461,0.9705282,2,140,0.014930485,0.9710863,2,161,0.002181172,0.9636204,2,200
201,0.020131769,0.97913206,2,21
202,0.020567635,0.9457524,2,21
203,0.02595511,0.9622633,2,20,0.042103413,0.8868036,2,40,0.020748693,0.9171832,2,60,0.032475214,0.86934537,2,84,0.024710491,0.70677805,0,115
204,0.0053794137,1.0415283,2,20,0.00825746,0.9830221,2,49
205,0.0046627256,1.0194536,2,26
206,0.016197411,1.0082052,2,22,0.0003049042,1.0263165,2,42,0.010947619,0.97794074,2,67,0.0037313425,0.9501607,2,87,0.030040871,0.9009911,2,107,0.014464763,0.93919003,2,127,0.03268008,0.9006145,2,148,0.0,0.96337146,2,171,0.0078934245,0.89465517,2,200
207,0.018056856,0.94376135,2,24
208,0.00997459,0.99096775,2,22,0.0,1.1317625,2,45,0.0,1.1274965,2,65,0.0,1.1161511,0,86,0.0,1.0757331,2,111,0.0,1.0256786,2,131,0.047328793,0.9666704,2,151,0.0063825515,0.8248541,0,175
209,0.014105579,1.003611,2,20,0.005365246,0.958897,2,40,0.020744652,1.0402901,2,60,0.0,1.026491,2,81,0.0,0.93004155,2,102,0.0,0.95356643,2,127,0.0,0.8339621,0,149,0.0,0.9705213,2,169,0.0039432733,0.82788295,0,200
210,0.0,1.005057,2,20,0.015803859,0.9825018,3,41,0.0,0.93816704,2,62,0.004032174,0.92418224,2,83,0.021062065,0.88008404,0,103,0.0,0.9539902,2,124,0.0087710675,0.86310834,2,147,0.0,0.78437436,0,167,0.0006706907,0.8024125,2,200
211,0.0117022265,0.9924099,2,20,0.006230742,1.0490516,2,45,0.0066733607,1.0099494,2,68,0.014614923,0.9898721,2,89,0.0,1.074567,2,109,0.0005478719,1.0978014,2,131,0.0073171877,1.056352,2,152,0.0118740685,1.0565959,2,174,0.003031595,1.0143933,2,200
212,0.0039561065,1.0313777,3,20,0.018390622,1.0558605,2,42,0.0,1.0426677,2,65,0.0010125218,1.0684205,2,88,0.0,1.053615,2,109,0.007319388,0.97713196,2,129,0.015932979,0.79205537,2,149,0.0074387547,0.9068696,2,174
213,0.0014835277,1.0283039,2,21,0.0,1.0115931,2,41,0.011832559,0.89491713,2,64,0.024541982,0.8917096,2,87,0.037848096,0.9122459,2,107,0.0064343535,0.922917,2,127,0.01686531,0.92147845,2,147,0.0043642875,1.0639529,2,169,0.0013725777,1.1526258,0,200
214,0.0,1.0105804,2,20,0.029016716,1.0230205,2,42,0.020153621,0.9321185,2,63,0.0038415624,0.97855353,2,90,0.003101853,1.0102928,2,113,0.0056654476,0.8630034,2,133,0.0,0.89696664,2,153,0.0,0.80782944,2,175,0.008415502,0.7549646,2,200
215,0.0035182983,0.93336123,3,22,0.0049471073,0.97093993,2,42
216,0.0,0.7597531,0,21,0.0,0.5477564,2,41,0.0,0.8900325,1,62,0.0,0.6797998,1,82,0.0044612302,0.54328644,2,102,0.04819577,0.7574946,0,122,0.033627022,0.83489674,0,142,0.034398012,0.5724943,2,162,0.014262587,0.86567485,2,200
217,0.023450932,0.94040835,2,20,0.014844185,1.0190847,2,40,0.014986983,0.9364597,2,68
218,0.05143986,0.9599396,2,20,0.011186658,0.9175788,2,52
219,0.0,0.98465216,2,20,0.0,0.9776319,2,40,0.017318286,1.0235538,2,62,0.003080496,1.0685302,0,83,0.0,1.0666463,0,103,0.008309538,1.058347,0,130,0.0020771069,1.0768927,0,150,0.0,1.0416858,2,175,0.00820287,1.0380871,2,200
220,0.00074956164,0.90545815,2,26
221,0.027115894,0.9762112,2,23,0.017416019,0.9514623,2,45,0.0571614,0.9468009,2,66
222,0.012230366,1.0107704,2,23
223,0.0042923144,0.95549285,2,20,0.013645962,0.9625894,2,40,0.018752957,0.92988783,2,62,0.0,0.83108246,2,82,0.056490727,0.91311157,2,102,0.023282874,0.87229335,2,122,0.025574159,0.95627815,2,143,0.08202897,0.8304709,2,163,0.16978107,0.9654709,2,200
224,0.009738621,0.96995115,2,24
225,0.019801844,0.70423293,2,25,0.022289906,0.61840886,1,45,0.009167868,0.47393408,1,65,0.0,0.6981873,2,85,0.0,0.54765415,2,105,0.02938288,0.402852,1,125
226,0.0023785636,0.9956584,2,20,0.0056902664,1.0370001,2,42,0.010268612,0.8950752,2,62,0.0069380114,0.8581716,2,83,0.011308484,0.85608566,2,108,0.118065104,0.7505341,2,128,0.017884145,0.9184879,2,148,0.016264515,1.0362148,2,170,0.0,0.9870455,2,200
227,0.011956973,0.90523446,2,21
228,0.036349796,0.82140076,2,20,0.0006306597,0.8865782,2,59
229,0.008716949,0.96930116,2,30
230,0.010557272,0.7333736,0,35
231,0.005054616,1.0318003,2,39
232,0.01747686,0.9687316,2,30,0.008761114,0.9737152,2,50,0.021439673,0.9788185,2,93
233,0.0,1.0492059,2,22,0.009012789,1.0926322,2,42,0.00741875,1.0868448,2,66
234,0.0,1.0268886,2,20
235,0.0064307195,0.94038546,2,45
236,0.010470642,0.9462339,2,22,0.01727636,0.96509266,2,42,1.1000596e-05,0.95278215,2,62,0.020646514,0.92709273,2,89
237,0.0004430618,0.89571285,2,20,0.046208564,0.79483706,2,40,0.05542655,0.78393084,0,60,0.020713247,0.7507726,2,80,0.0012560536,0.7244192,2,100,0.028688025,0.89811856,2,123,0.0,0.87803745,2,143,0.013564306,0.8483143,2,163,0.0,0.9078156,2,200
238,0.03342329,0.95841545,2,24,0.0,0.9470641,2,44,0.015101579,0.95671785,0,66,0.0077801254,0.9555113,2,88,0.04106298,0.91080236,2,111,0.009509211,0.9497309,2,131,0.029942308,0.91346586,3,151,0.0,0.886967,3,171,0.0127610685,0.67582875,2,200
239,0.0,1.0515769,3,20,0.0,1.1181749,2,50
240,0.010909322,0.8509005,2,20,0.0,0.87551725,2,40,0.0,0.57626295,2,60,0.013638614,0.46487364,1,80,0.012061267,0.3451723,0,103,0.0,0.4712809,1,123,0.0,0.5636345,2,143,0.0,0.6713501,2,163,0.0,0.68027353,2,200
241,0.03880962,0.99804574,2,20,0.016890757,0.9659995,2,40,0.025131496,0.87318134,2,66,0.0073956293,0.9069677,2,87,0.029591804,0.84774065,2,108,0.0,0.84565103,0,130,0.0026429626,0.812757,3,150,0.0,0.8681984,3,170,0.03921213,0.726777,3,200
242,0.01651643,0.90134245,2,23,0.023073787,0.9341774,2,43,0.013313648,0.8471615,2,63,0.021408908,0.7505038,2,84,0.0,0.87081707,2,105,0.0,0.96280205,2,126,0.0092809815,0.9713424,2,147,0.017825283,0.96176016,2,167,0.020933177,0.9393424,2,188
243,0.0008100691,0.94971067,2,21,0.04228709,0.9073696,2,41,0.016225789,0.9205577,2,64,0.012341511,0.90412617,2,94,6.627114e-06,1.0574251,2,115,0.015671967,0.9935216,2,138,0.002136824,0.9528477,2,169,0.006920268,0.95195585,2,200
244,0.010105059,0.9502244,2,20,0.025822151,0.96727186,2,43,0.040385004,0.9081774,2,67,0.05003234,0.9157721,2,87,0.012026484,0.91213655,2,108,0.038468096,0.85542506,2,131,0.022306198,0.77552843,2,154,0.0711665,0.5661562,2,174,0.09334945,0.43803898,0,200
245,0.0033857727,1.0011492,2,21,0.0,0.9867306,2,45,0.04367002,0.8951586,2,65,0.0056920634,0.92155325,2,85,0.0,0.979061,2,105,0.016565649,0.9476272,2,125,0.028914848,0.89079803,2,146,0.040464245,0.94594973,0,166,0.012518176,0.9644985,2,200
246,0.022240669,0.97461957,2,21,0.016475013,0.9471719,2,46,0.0010147297,0.99365956,2,77
247,0.00040199162,1.0423272,2,23,0.02387321,1.0091189,2,43,0.029543638,0.9888004,2,63,0.013378099,0.95627034,2,83,0.0,0.88478154,2,103,0.0,0.9854466,2,126,0.0,0.89727086,2,153,0.0,0.8965802,0,192
