0,0.004584409,1.0234387,2,23,0.0012410538,1.0601202,2,51,0.0032733618,1.1001459,2,97,0.00039004834,1.1489309,2,134,0.0,1.1031966,2,154,0.00054918276,1.1071491,0,174,0.002718953,1.086708,2,200
1,0.0055067637,0.9156588,2,21,0.021800444,0.96266776,3,41,0.040879246,0.9031016,0,61,0.046263844,1.004153,2,81,0.037944086,0.97578305,2,101,0.045058344,0.94159985,2,123,0.018325642,0.92750996,2,143,0.051255953,0.89945066,0,163,0.00456617,0.92967844,2,200
2,0.005673547,0.99741244,2,35,0.007973952,1.0230544,2,55,0.0027509644,0.96106195,2,76,0.005780224,0.98861897,2,97,0.0017907355,0.9914677,2,119,0.0031364432,0.9768803,2,140,0.0,1.0545677,2,163,0.0038956786,0.9745765,2,200
3,0.005422141,0.98282737,2,27,0.011073946,1.0276698,2,47,0.014496673,1.0051936,2,73,0.0033554803,1.0444474,2,94,0.0052156015,0.92237073,2,114,0.012751001,0.91853166,2,144,0.0,0.7748016,2,165,0.042807218,0.73046803,2,200
4,0.014990966,0.94048506,2,37
5,0.0,1.0263755,2,20,0.0,1.0181696,2,40,0.0012982322,1.0731,3,60,0.0,1.0754776,3,92,0.0,1.0839818,2,112,0.0,1.048158,3,133,0.0,1.0487869,2,156,0.0,1.0535005,2,180,0.0,1.0130379,2,200
6,0.0055126534,0.8724433,2,20,0.050967284,0.90997475,2,40,0.020645093,0.85598403,2,60,0.009466159,0.84976876,2,80,0.0155957835,0.7428801,2,100,0.039343484,0.88702273,2,121,0.013007219,0.6961691,2,158
7,0.0026210584,1.0312092,2,36
8,0.005556625,0.94613385,2,26,0.0068420605,0.91835994,2,46,0.007120522,1.067674,2,71,0.0052534416,1.0577437,2,104
9,0.0022097372,0.9297378,2,22,0.0085022375,0.88269347,2,42,0.004600062,0.9204191,2,62,0.026217721,0.74042773,2,95
10,0.0008972915,1.0075426,2,21,0.019591872,0.9715794,2,41,0.0130623095,1.0259862,2,63,0.0035239765,1.0767993,0,86,0.0,1.1192517,3,106,0.0019872016,1.0891218,2,134,0.005999213,1.1089399,3,154,0.0,1.0972174,2,174,0.0,1.1431688,0,200
11,0.0014309157,0.96450126,2,20,0.0054868273,0.90955865,2,42,0.020199314,0.8916135,0,62,0.014886066,0.9295886,2,82,0.006290293,0.985345,2,102,0.0119770095,0.8774204,2,122,0.011030362,0.888855,2,142,0.028838566,0.7581326,2,162,0.0896843,0.9023277,2,200
12,0.0058219275,0.97715247,2,20,0.004218774,1.0169852,2,42,0.0111879,0.9311138,2,69,0.02319957,0.97084075,2,89,0.053673234,0.9541078,0,111,0.044905715,0.9257181,0,132,0.022979151,1.0179334,2,152,0.057395834,0.90340495,2,173,0.10194359,0.8944225,2,200
13,0.027487075,0.85532796,2,20,0.0138245765,0.9226018,2,40,0.001771236,1.0534815,2,61,0.02523692,1.008139,2,81,0.022181254,0.98362875,2,118,0.05970631,0.814271,0,138,0.025633434,0.57065403,0,158,0.002236864,0.83451396,2,178,0.0,0.9214174,2,200
14,0.0038702725,0.88720435,2,20,0.009673113,0.9713724,2,40,0.02137156,0.7841328,2,62,0.009137407,0.7160008,2,82,0.010747682,0.7071421,2,103,0.0008889313,0.850337,2,127,0.002197092,0.9232901,2,150,0.007835744,0.93833876,2,183
15,0.017704481,0.9186233,2,20,0.017496776,0.8640413,2,40,0.03148108,0.87671673,2,60,0.004327225,0.9071315,2,80,0.008688507,0.9124898,2,108,0.00082547445,0.92902184,2,131,0.00554646,0.9780158,2,167,0.0043402794,0.99341685,2,200
16,0.005803714,1.0018415,2,28,0.0,0.9978478,2,49,6.621424e-05,0.95748615,0,69,0.0,0.9606,2,89,0.0,0.9550911,2,112,0.0,0.96876544,2,140,0.010071622,0.9307128,2,160,0.0012625199,0.9834188,2,200
17,0.018673733,0.90033674,2,20,0.027299652,0.8433946,2,41,0.04540471,0.91811323,2,61,0.0,0.84969693,0,82,0.0,0.611962,0,102,0.035613947,0.57702935,2,122,0.030494818,0.62940747,1,142,0.026626682,0.43009835,2,162,0.09600475,0.53391,2,200
18,0.011320134,0.9697774,2,23
19,0.0,1.0472373,2,29
20,0.014106844,1.0432324,2,22
21,0.029361837,0.8953999,2,26,0.0049064546,0.9200615,2,53,0.0038202365,0.97634655,2,75,0.022754598,0.7581119,2,95,0.018919898,0.88765484,2,128
22,0.011870371,0.99385816,2,20,0.006416138,1.0652933,2,42,0.0019445166,1.1110045,2,76
23,0.0,0.9875029,2,21,0.0027637954,1.0264864,2,43,0.012134931,0.96035755,2,64,0.01735128,0.91241455,2,89,0.030370928,0.9408684,2,110,0.026033659,0.98795736,2,132
24,0.00062732946,0.9904954,2,41
25,0.010341512,0.93851614,2,20,0.0,0.79436356,2,40,0.004778534,0.7247852,2,61,0.0040384457,0.6640909,0,81,0.01906319,0.7179803,2,103
26,0.014417611,0.9398076,2,20,0.0,1.0237825,2,45,0.012926377,0.9650097,2,69,0.002214875,1.0117338,2,89,0.009612277,0.9626914,2,110,0.0049861795,0.9234344,3,130,0.053639006,0.57232106,2,150,0.0,0.6762493,2,171,0.004796891,0.40832183,2,200
27,0.0,1.0183479,2,23,0.0,1.0382923,2,56,0.003935252,0.99997985,2,76,0.004278769,1.0315053,2,96,0.008625233,0.9993249,2,122,0.0013653667,1.0413053,2,157,0.010804288,1.0057796,2,180,0.008106724,1.009072,2,200
28,0.010970867,0.9639983,2,20,0.0049036075,0.9117021,2,41,0.010104378,1.0155085,3,62,0.010960771,0.8959644,2,83,0.017334614,0.9275281,2,103,0.0,0.80467385,2,123,0.019266471,0.8294772,2,144,0.0,0.7864646,2,165,0.02496031,0.81000996,2,200
29,0.0,0.9349858,2,20,0.0014124506,1.0531526,2,40,0.0013292353,1.0755286,2,60,0.0019279555,1.1725885,2,81,0.0,1.0934308,2,104,0.018066643,1.0523248,2,124,0.024499157,0.90019125,2,145,0.043807715,0.83840597,2,166,0.050683215,0.8107594,2,200
30,0.0071469853,0.95918655,2,20,0.009409285,0.9749826,2,40,0.012575767,0.94948256,2,62,0.03660347,0.9123101,2,87,0.01752539,0.93654984,2,107,0.021571504,0.9717966,2,128,0.0053460007,0.9629949,2,148,0.0,1.0064577,2,173,0.009500826,0.90081227,2,200
31,0.018949283,0.98048234,2,22,0.0074426555,0.8844885,2,43,0.0,0.75825703,2,63,0.003945431,0.9166398,2,83,0.012106547,0.69481426,2,103,0.0,0.6519726,1,123,0.0036543743,0.57402766,2,143,0.0,0.41925472,1,163,0.030041473,0.35346133,1,200
32,0.029622192,0.8624779,2,21,0.0033288414,0.7492054,3,48
33,0.0,1.0044007,2,20,0.0,0.8452501,2,40,0.0,0.64001787,0,60,0.009516364,0.57310766,2,80
34,0.0025307096,0.9402959,2,28,0.0064761327,0.8945422,2,48,0.00049769966,0.9887352,2,69,0.0,0.9337543,2,89,0.0077343252,0.95318735,2,120,0.0024850566,1.013798,2,140,0.008038673,0.9882292,2,165,0.013576901,0.9624067,0,200
35,0.00056876783,0.9555012,2,22,0.01809787,0.956267,2,42,0.028230604,0.9942504,2,63,0.01711589,0.93137896,2,85,0.0120106395,0.9656858,2,107,0.035522036,1.0119674,3,129,0.022901092,1.0174105,2,149,0.050761994,0.9682438,3,171,0.023953237,0.91289544,2,200
36,0.007823011,0.9632853,2,20,0.0168476,0.9321002,2,40,0.0,0.9366208,2,62,0.0029314382,0.91501135,2,83,0.0,0.9103775,2,103,0.0,1.0886443,0,123,0.0,0.71534544,0,145,0.0,0.77517074,0,165,0.0017859627,0.8997415,2,200
37,0.0,0.9602477,2,20,0.0,0.93831307,2,42,0.013717222,0.95367557,2,62,0.010848774,0.96965134,2,82,0.0019646578,0.9874134,2,106,0.0077238353,1.026052,2,126,0.017881865,0.91307914,2,149,0.0019813552,0.8696825,2,169,0.0026375314,0.9321254,2,200
38,0.007864388,0.91643786,2,25,0.014420675,0.83453214,2,45,0.038565252,0.8529088,2,65,0.0,0.873669,2,85,0.041211087,0.6730777,0,105,0.01892898,0.45777866,2,130,0.058961738,0.45844862,2,152,0.111104295,0.48572797,2,174,0.0509255,0.5950311,2,200
39,0.024693388,0.9927654,2,28
40,0.019061277,0.950957,2,20,0.023671445,0.93412703,2,40,0.035786696,0.90686524,2,60,0.0,0.8994054,2,81,0.005179839,0.8994907,2,102,0.027298218,0.7753565,2,123,0.044247583,0.7999576,2,144,0.02398256,0.82259446,2,164,0.065489806,0.65647775,2,200
41,0.0024885652,0.9859408,2,20,0.0144337695,1.0251906,2,40,0.0,0.9478129,2,61,0.0,0.91227895,2,96
42,0.0109954355,0.93933755,2,20,0.0005969017,0.99367446,2,44,0.00271876,1.1297847,2,89
43,0.02130441,0.9088934,2,22,0.011905722,0.9090581,2,43,0.027378654,0.92005837,3,63,0.03285476,0.9669894,2,84,0.0,0.9745248,2,105,0.016580785,0.99786884,2,129,0.0,0.854243,0,149,0.0,1.046768,2,170,0.06545059,0.6773587,2,200
44,0.0029305709,0.9596862,2,23,0.034704585,0.88778627,2,43,0.012805581,0.9100926,2,67,0.020064255,0.9264216,2,91,0.005545155,0.845648,2,111,0.011276057,0.87506247,2,131,0.0,0.77414525,2,151,0.0028384316,0.7931577,0,172,0.0005903064,0.6964149,0,200
45,0.029829895,0.95891726,2,27,0.012263124,0.93825936,2,59
46,0.0025827943,1.0197682,2,21
47,0.016098225,0.93190986,2,21,0.018037498,0.91434556,2,41,0.011656904,0.9062403,2,61,0.014306111,0.8023502,2,81,0.00701835,0.7634736,2,101,0.0,0.74426365,3,121,0.0,0.79246175,1,141,0.0,0.78117305,0,161,0.037515964,0.51752216,2,200
48,0.0044474807,0.88552177,0,34
49,0.009113536,0.99765515,2,22,0.0050230306,0.986853,2,43,0.0,0.9464019,2,63,0.0062174927,0.96381646,3,83,0.0046667075,0.94834733,2,108,0.0,0.9515934,2,129,0.0,0.96781987,2,149,0.024180602,0.96327496,2,169,0.012597249,0.8962915,2,200
50,0.002960011,1.0337589,2,20,0.007281866,1.009067,2,45,0.0,1.0566953,2,65,0.0,1.0819263,2,87,0.0044518043,1.0225074,2,108
51,0.010307792,0.999199,2,28
52,0.007871699,0.9978634,2,25,0.0,1.0248759,2,45,0.05806829,0.9699003,2,67,0.0,1.0098157,2,89,0.0,1.045213,2,111,0.0,1.0933275,2,131,0.0,1.0972272,2,151,0.02902774,0.9899847,2,175,0.015000611,0.97100556,2,200
53,0.0071811294,1.0169162,2,27
54,0.0052279765,1.0246065,2,22,0.0060184845,0.95226634,2,48,0.007982977,0.98139864,2,94
55,0.03402888,0.9719284,2,20,0.031904627,0.964336,2,51
56,0.0094029,0.9713794,2,20,0.0,1.0830904,2,40,0.0,1.1050828,2,60
57,0.002487507,0.96314603,2,24,0.022747636,0.92546326,2,51,0.035763294,0.88136023,2,73,0.01674846,0.90862525,2,93,0.0,0.950459,2,116,0.001475399,0.8680747,2,136,0.035225585,0.77310175,2,158,0.013352591,0.896396,2,178,0.005462171,0.89058644,2,200
58,0.011933197,1.0052141,2,20
59,0.005337945,0.9173856,2,20,0.04303918,0.88708067,2,41,0.006214961,0.8983803,2,68,0.034753483,0.9712971,2,88,0.010261666,1.0065305,2,130
60,0.021666095,0.9474122,2,20,0.0060255374,0.9657273,2,54
61,0.0008569427,0.9719902,2,20,0.007984433,0.9775946,2,49,0.0,0.97230995,2,69,0.018336415,1.0146891,2,89,0.0041176556,0.9858162,2,109,0.008049818,1.0302595,2,129,0.013531002,1.0037118,3,151,0.059019726,0.95053655,2,171,0.025499372,0.9430115,2,200
62,0.01171693,0.9967581,2,20,0.015346701,0.89674664,2,40,0.0,0.9230644,2,60,0.0,0.90646446,2,80,0.029223476,0.78487366,2,100,0.004974466,0.9160603,2,120,0.0,0.74323,2,140,0.0014498336,0.6488958,2,160,0.029216286,0.8353275,2,180,0.009378403,0.7829146,2,200
63,0.00095876754,1.020966,2,20
64,0.0157766,0.9677909,2,26,0.025840694,0.8975824,2,46,0.0027272936,0.88547,2,67,0.0,0.9548346,2,87,0.010315156,0.96832514,2,121,0.0011682964,0.9874452,2,156
65,0.004281695,1.023325,2,23,0.00666787,0.97371924,2,43,0.0016883969,1.0147796,2,63,0.017399717,0.9989138,2,86,0.0,0.98677444,3,116
66,0.0053665354,0.9589033,2,20,0.013421318,0.9235131,2,40,0.016085546,0.9920128,2,60,0.0,0.88759893,2,88,0.026487637,0.8518333,0,113,0.009038764,0.83965,0,137,0.01133063,0.913299,2,170
67,0.0011827418,1.0419294,2,21,0.009193962,1.0197583,2,46,0.0099140955,1.0044814,0,67,0.010001446,0.9920109,2,98,0.010465356,0.97929066,2,118,0.0,1.0056629,0,144,0.0010641663,1.0441867,2,167,0.004098518,1.0624425,2,200
68,0.012609736,0.94164157,2,26,5.8757512e-05,0.9146787,2,46,0.02046195,0.95095664,2,66,0.0,1.069224,2,86,0.0,0.9746664,2,106,0.0,0.9820258,2,126,0.0,0.91090274,2,147,0.029023964,0.64256763,2,167,0.008414954,0.8072075,2,200
69,0.007438328,0.99614984,2,41
70,0.002069615,1.0320649,2,25
71,0.023394216,0.9699839,2,22
72,0.004583456,0.9537867,2,21,0.0039238646,0.9691447,2,41,0.014611524,0.9370447,2,62,0.009949124,0.92452013,2,97,0.016855894,0.882942,2,117,0.043738224,0.8797102,0,137,0.013663146,0.92705137,2,157,0.019950548,0.88719636,2,177,0.02073612,0.86814225,2,200
73,0.0,1.0424639,2,27
74,0.015374615,0.98422635,2,26,0.0,0.9906815,2,46,0.03165825,0.94285935,2,66,0.008377517,0.99246395,2,86,0.00026126037,0.978339,2,106
75,0.028621359,0.88968295,2,22,0.0429099,0.790905,2,48
76,0.015304762,0.98171365,2,23,0.010386417,1.014535,2,44,0.01604921,0.9967783,2,64,0.012269458,1.0174166,2,84,0.00052032835,1.0730107,2,104,0.011868887,1.0130309,2,125,0.005375254,1.0467151,2,146,0.009204553,0.9635617,2,166,0.00018339802,1.0476352,2,200
77,0.051065356,0.8058909,2,20,0.0072529586,0.74688447,0,41,0.0029190024,0.8582859,2,61,0.0010345249,0.86356914,2,82,0.051949013,0.76411206,0,102,0.014231028,0.70513785,2,122,0.033299603,0.89108837,2,142,0.021888796,0.9068395,0,162,0.013944238,0.7755595,0,200
78,0.0,1.0399439,2,20,0.0045596254,1.0167882,2,41,0.00730111,1.0061666,2,62,0.033284463,0.9792814,2,90
79,0.003792893,1.0241559,2,22,0.012423169,0.9889051,2,43
80,0.0021172382,0.9821574,2,23,0.013326844,1.0124718,2,52,0.031450804,0.9405099,2,72,0.03321483,0.94293404,2,95,0.0,0.81764126,3,115,0.0,0.917698,2,136,0.008668037,0.91477704,2,158,0.024590323,0.93223137,2,200
81,0.012238109,0.99686986,2,22,0.00083583826,0.97101176,2,45,0.041943137,0.8479064,2,70,0.007987701,0.8915367,2,90,0.02700212,0.8666142,2,110,0.035630353,0.8789055,2,130,0.030226404,0.9046413,2,150,0.0032725274,0.94638044,2,171,0.022100715,0.86497927,2,200
82,0.0017827944,0.9432408,2,36
83,0.018346315,1.0024129,2,20,0.010987564,0.9917181,2,41,0.016977085,1.0479888,2,63
84,0.012714299,0.9579793,2,20,0.0011941259,0.92410105,2,42,0.0,1.0232351,2,82
85,0.0,0.92603666,2,21,0.008046752,0.8105478,0,41,0.043846536,0.87442195,2,61,0.0032190375,1.0052189,2,81,0.036646646,0.85162085,2,101,0.045997914,0.9105982,2,122,0.011199491,0.8470927,2,143,0.123369336,0.6972408,2,167,0.06632715,0.8062727,2,187
86,0.011524531,0.93692005,2,20,0.005411534,0.9116305,2,40,0.017626092,0.95862395,2,62,0.017044438,1.0023134,2,82,0.009894152,1.0250531,2,103,0.0073229624,1.0170214,2,123,0.0009981814,0.96766245,2,150,0.006643288,1.0165732,2,170,0.022128139,0.9703628,2,200
87,0.0009132757,0.87878513,2,20,0.008941202,0.78443587,0,40,0.009042755,0.72063565,0,61,0.075030595,0.55886626,2,82,0.0,0.7630764,2,102,0.022443106,0.7177777,2,123,0.0,0.86757743,2,143,0.0047260565,0.79415935,2,165,0.036294132,0.8785744,2,200
88,0.04050445,0.9970034,2,21,0.005878242,1.0459117,3,41,0.004463684,1.0479423,2,62,0.0,1.0115343,2,83,0.0,0.9786332,2,103,0.007698769,0.919099,2,124,0.0023331684,0.9035746,2,144,0.015511145,0.92607296,2,165,0.0,1.0367419,2,200
89,0.007262515,0.996095,2,30,0.026285013,0.99665934,2,64
90,0.009848344,0.9172684,2,20,0.015676513,0.9947653,2,42,0.0024932015,1.0024664,3,62,0.004421004,1.0149213,2,82,0.008720272,0.98138684,2,106,0.011721297,0.9508783,2,126,0.01332272,0.9391297,2,146,0.015428792,0.9814435,2,166,0.063839115,0.9109471,2,200
91,0.0,0.948555,2,35
92,0.0034298273,1.0203023,2,21,0.008797551,1.0778135,2,43,0.0006534612,1.0979602,2,82,0.0,1.0977331,0,103,0.0,1.0392253,2,126,0.009037073,1.0197788,2,149
93,0.0,1.0519613,2,27
94,0.028892241,0.74231493,2,22,0.10047587,0.77112424,2,42,0.035221808,0.77061814,2,62,0.08641174,0.589868,2,95
95,0.005979531,1.0147713,2,26,0.01009045,1.0848966,2,48,0.0035028262,0.9883381,2,70,0.039138272,0.9755251,2,95
96,0.0,0.985805,2,21,0.00684708,0.9513062,2,41,0.007952237,0.92048377,2,61,0.019872954,0.8929306,2,81,0.0092727775,0.8810073,0,101,0.032106973,0.8032533,2,121,0.01981368,0.85860586,2,141,0.0018361747,0.9366318,2,161,0.015019839,0.89205706,2,200
97,0.009979678,0.9076177,2,20,0.00678222,0.9072117,2,42,0.015830407,0.9373953,2,63,0.023122903,0.9187483,2,84,0.0029299862,0.8968857,2,107,0.056617234,0.89487803,0,129,0.022428533,0.8732417,2,150,0.0077168224,0.9455975,2,170,0.025322044,0.819084,0,200
98,0.011170087,0.97293454,2,28,0.025321111,0.99911577,2,48,0.004582762,1.0413787,2,68,0.0028042558,1.0690087,2,106
99,0.002034281,0.98927754,2,20,0.008988781,0.9168965,2,41,0.075390235,0.91976625,0,61,0.0,0.96787626,3,81,0.003536074,0.835005,2,101,0.0,0.8989004,2,121,0.0053358367,0.73776394,2,141,0.0,0.6478033,2,161,0.006056905,0.59517604,2,200
100,0.0120551195,1.0314709,2,23,0.009792686,0.8819058,2,61,0.0010329363,0.93939346,2,82,0.005240007,0.887945,2,105,0.0,0.87609273,2,125,0.020619512,0.81734866,2,146,0.007817277,0.962292,2,171,0.003464394,1.0740994,2,200
101,0.0036079641,1.005602,2,24
102,0.0023825746,0.96199125,2,22,0.03311715,0.94010925,2,42,0.0030809497,0.9182389,2,63,0.018083002,0.7829202,2,84,0.00061258813,0.92318565,2,105,0.0,1.0307531,2,126,0.0023912082,0.9101988,2,146,0.0075764707,1.1065503,2,167
103,0.0021932516,0.9280715,2,21,0.0041093933,0.94503176,2,48
104,0.0048166746,1.0292236,2,21,0.03187187,0.9946049,2,46,0.0051999046,1.0679548,2,86,0.0004083158,1.1066796,2,110,0.0,1.064622,2,133,0.031535916,1.0295473,2,161,0.0041817906,0.8113494,2,200
105,0.030647203,0.96315706,2,20,0.07213636,0.7442317,2,55
106,0.011500316,0.9936733,2,26
107,0.004166371,0.9443442,2,31
108,0.02900411,0.92559093,2,22,0.0019767547,0.9153422,2,43,0.004033837,0.9510797,2,63,0.06498188,0.8297415,2,83,0.07260813,0.823448,0,104,0.0,0.8329253,0,128,0.011428353,0.8591765,0,148,0.0,0.74864477,0,168,0.005385227,0.5820704,0,194
109,0.0012198928,0.9775689,2,28,0.0031653233,1.0499386,2,48,0.0003237945,1.120994,3,68,8.723475e-05,1.1197338,2,88,0.00059444853,1.104254,2,109,0.0,1.0865146,2,129,0.010447331,1.0319247,2,150,0.020215686,0.8148524,2,171,0.049851853,0.6197554,0,191
110,0.020356065,0.9546835,2,23,0.033296946,0.95541626,2,50,0.0,1.0337621,3,70,0.012065743,0.98918027,2,90,0.021087924,0.9673469,2,114,0.00029470344,0.9395134,2,134,0.010759566,1.0055432,2,154,0.0032808862,0.9812194,2,174,0.010799408,1.0321687,2,200
111,0.010689956,0.95002586,0,20,0.006425292,0.8784156,3,41,0.03720487,0.63429195,0,61,0.0,0.43615463,2,82,0.0,0.312062,2,107,0.016671244,0.39361858,2,128,0.040697116,0.68113786,0,150,0.087091446,0.67177737,2,171,0.06525323,0.7231352,2,200
112,0.021642009,1.0153841,2,20,0.021040022,0.98914886,2,42,0.026701666,0.984113,2,63,0.0,0.9781456,2,83,0.0,0.8740691,2,103,0.0,0.8810402,2,123,0.0,0.93250775,2,144,0.010708589,0.8414419,2,164,0.015581944,0.8369278,2,200
113,0.002254541,0.941179,2,38
114,0.007900034,1.0001892,2,23,0.014882104,0.95040154,2,45,0.0039122193,0.9603152,2,65,0.02554532,0.8519144,2,85,0.0017487409,0.7890252,2,105,0.03617369,0.9735993,2,125,0.006052203,0.8945589,2,145,0.05718696,0.76887786,2,165,0.030666996,0.76106024,2,200
115,0.016997457,0.95129514,2,26,0.003373865,1.0730584,2,46,0.008732372,0.9873142,0,66,0.01144297,1.036609,2,89,0.008098727,0.95884883,2,109,0.0073157954,0.894985,2,131,0.0,0.8558284,0,151,0.0,0.78793013,2,171,0.00260911,0.83112633,2,200
116,0.0,1.0876197,2,20,0.0010648475,1.0759974,2,58
117,0.007135323,0.93348444,2,20,0.031226367,0.962546,0,40,0.025821459,0.7428162,2,66
118,0.010559084,1.0321243,2,20,0.0,1.050013,3,40,0.019734055,0.96130246,2,60,0.009825844,1.0005786,2,81,0.0042789998,1.0830567,2,101,0.018192247,1.1160256,3,121,0.008927744,1.1244957,2,142,0.0,1.1124922,0,162,0.0,1.1411659,3,200
119,0.013907999,0.99375963,2,21
120,0.0013116992,1.0208399,2,21,0.0018455433,1.0788181,0,41,0.00090247934,1.1133024,2,62,0.0,1.1038376,2,84,0.009550439,1.1202035,2,109,0.0,1.056172,2,130,0.010660176,1.0373561,2,167,0.010461364,1.0493323,2,200
121,0.012211837,1.0450789,2,20,0.0,1.0828922,2,40,0.022710707,0.98534644,2,60,0.009292725,1.0076457,2,88,0.008552653,0.9653784,2,108,0.0052349446,0.9741901,2,137,0.009642371,1.0001777,2,164,0.0047902437,1.0439328,2,200
122,0.006847422,0.9419079,2,22,0.025514182,0.94720477,2,43,0.0,0.9764992,2,63,0.008861844,0.9170102,3,83,0.0,0.9983664,3,104,0.0,0.9549999,2,124,0.05134791,0.9311086,2,144
123,0.0016070863,0.96024644,2,20,0.004852704,0.9227951,2,40,0.0,0.9274179,2,60,0.000107678774,0.9140795,2,80,0.0,0.7860837,0,104,0.010935783,0.6367003,0,124,0.0098882485,0.99980795,2,144,0.014577192,0.9805853,2,169,0.017406013,0.9944836,2,200
124,0.0,1.1097921,2,21,0.0,1.0582108,2,49
125,0.0,1.0178218,2,20,0.014444212,1.0085515,2,40,0.018957365,1.0319129,2,64
126,0.01381875,0.95091075,2,20,0.0025800723,1.052951,2,44,0.0,1.0435919,2,66,0.0051439865,0.8983267,2,90,0.0,1.0433408,2,116,0.0,1.0423224,2,138,0.0,1.0116746,2,158,0.0,0.92091405,0,178,0.029103635,0.863234,2,200
127,0.0077175098,0.98612803,2,38,0.008947884,1.0084552,2,79,0.006945932,0.9347517,2,99,0.02278555,0.90404856,2,124,0.011033874,0.93167967,2,145,0.0077402066,0.92761284,2,166,0.041753117,0.9201115,2,200
128,0.008521097,0.98287714,2,22,0.014377585,0.9222954,0,42,0.02644988,0.98897475,2,62,0.011968597,0.99925935,2,82,0.008580726,1.0782781,2,103,0.0,1.0626335,2,123,0.0,0.9307783,2,143,0.023680922,0.9757304,2,164,0.056360807,0.6788344,2,200
129,0.01596041,0.9949881,2,20,0.018576002,0.91433734,2,40,0.008285001,0.9428916,2,60,0.011254029,1.0069357,2,86,0.004666024,1.0235765,2,106,0.004673689,1.015055,2,129,0.0,1.0392609,2,150,0.0,1.035764,2,171,0.0030546938,0.97494245,2,200
130,0.012988372,0.89536154,2,32,0.015004096,0.83936757,2,52,0.018231427,0.9808111,2,74,0.017311836,0.85661876,2,94,0.006401454,0.8657999,0,114,0.013057053,0.67022884,2,135,0.0111991195,0.78776336,2,157,0.0047494066,0.7716551,2,190
131,0.012708547,0.9693025,2,28,0.0,0.99256146,2,49,0.0069919326,0.90976554,2,69,0.020225096,0.8082302,2,89,0.014574533,0.8645426,2,111,0.0034115158,0.9402364,2,131,0.06841634,0.892062,2,151,0.023082564,0.8351392,2,200
132,0.014106149,0.9062483,2,22,0.0036354526,0.9091356,2,51,0.03358155,0.83635867,2,71,0.0011885299,0.9782856,3,91,0.0034065456,0.7835382,0,116,0.022360373,0.870035,2,136,0.0057982183,0.8627902,2,156,0.02425778,0.8647623,2,176,0.0,0.930912,2,200
133,0.01109632,0.911399,2,33
134,0.006074545,0.8490133,2,22,0.0,0.75899446,2,42,0.012984383,0.71548396,2,62,0.0,0.768287,1,82,0.03787884,0.60762227,2,102,0.0,0.7960607,0,122,0.0020860033,0.8539221,2,153
135,0.015036029,0.87892944,2,20,0.06225271,0.76640767,2,40,0.014637734,0.8738384,0,60,0.011302515,0.8147707,2,80,0.0090463115,0.5901681,0,100,0.012248957,0.69195426,2,120,0.090768375,0.67662394,2,141,0.0,0.7401583,2,162,0.086701885,0.7127256,0,200
136,0.010563952,0.9629029,2,21,0.0049832505,0.9343553,2,43,0.012064524,0.92500603,2,63,0.008677051,0.95886445,2,97
137,0.024246536,0.9977211,2,35
138,0.023392966,0.93841994,2,20,0.010104759,0.9848326,2,40,0.012984343,0.98950976,0,61,0.03865405,0.9296099,2,81,0.02989698,0.9202827,2,101,0.0053559383,0.8925191,2,122,0.0,0.91926134,2,144,0.0,0.70274574,2,165,0.007404635,0.7544624,0,192
139,0.0029898183,0.9426109,2,20,0.011655231,0.9729428,2,44,0.0,1.0134695,2,65,0.0,0.95281327,2,85,0.0,0.9153307,2,117,0.0,0.74783975,2,139,0.0,0.83541787,0,159,0.0,0.9230189,2,180,0.026571468,0.88999414,2,200
140,0.009261835,1.0187007,2,21,0.021821525,0.94747853,2,42,0.021915555,0.9510039,2,62,0.0,0.88099825,2,82,0.031175125,0.8910158,2,102,0.03286505,0.89014596,2,122,0.0007350993,0.7023011,0,142,0.012509202,0.5863634,0,162,0.061859645,0.68393654,0,200
141,0.013669329,1.0180871,2,21,0.01606318,0.9376559,2,41,0.014298764,0.9229981,2,61,0.002884333,0.98537016,2,82,0.009346551,0.9986097,2,104,0.0061678453,0.8895914,0,124,0.0,0.9881726,2,147,0.0030349058,1.0128177,2,175
142,0.0021204804,1.0215635,2,21
143,0.02364681,0.9361999,2,36
144,0.020786356,1.0176754,2,21,0.044549447,0.8984145,2,41,0.010740933,0.91904074,2,63,0.0036732142,1.0132024,2,89,0.0011304884,1.0324194,2,117,0.01615429,0.90779597,2,142,0.028374603,0.95053643,2,162,0.010244879,1.0517004,2,200
145,0.024634453,0.9245198,2,22,0.008243573,1.0256299,2,42,0.025252288,0.97699106,2,62,0.012257002,0.81901443,2,82
146,0.007203366,1.0814174,2,21
147,0.0046731555,1.0054542,2,35
148,0.017125072,0.9944404,2,25,0.016981877,1.0001901,2,47,0.014657849,0.9539058,2,79,0.015289,0.96590877,2,101,0.020632546,0.87197274,2,121,0.027144555,0.955612,2,142,0.012906889,0.94128454,2,162,0.06696979,0.88955086,2,200
149,0.008865296,0.99093014,2,29,0.0061462163,0.9913493,2,53,0.022399198,0.9182216,2,73,0.017353484,0.9626148,2,94,0.012181172,1.0362846,2,114,0.02942879,1.0053767,2,135,0.027094772,0.937539,2,155,0.017749187,0.9239346,2,175,0.00594409,1.0422623,2,200
150,0.0069716834,1.0091914,2,20,0.0057697175,0.96793544,2,41,0.0011651382,0.97596586,2,61,0.01655596,0.870644,0,81,0.001316619,0.8369406,2,101,0.07311428,0.6876756,2,132
151,0.03281756,0.8494711,2,32
152,0.005824183,1.0272865,2,22
153,0.008187653,0.94848865,2,27
154,0.0048440653,1.0569023,2,24,0.0,1.1229824,2,49,0.013656473,1.0254148,2,80
155,0.019197693,0.9926429,2,20,0.007123569,1.0498782,2,42,0.005955701,0.96717465,2,62,0.024104226,0.97745323,2,82,0.017526632,0.9241276,2,102,0.0008699539,0.9835439,2,122,0.01877298,0.90966207,2,143,0.009313123,0.94863665,2,163,0.0120316455,1.0027384,2,200
156,0.0061869984,1.0421017,2,21,0.0127227595,0.99565053,2,43,0.0011537848,1.085457,2,65,0.0011365337,1.0675851,2,94,0.00816412,1.0299828,2,119,0.008524615,1.0388709,2,151,0.035514805,1.0006158,2,171,0.010824767,0.99849653,2,200
157,0.015313351,0.926066,0,22,0.007093864,0.997013,2,42,0.07397522,0.9148315,2,62,0.15527706,0.9471711,2,82,0.018053208,0.975283,2,102,0.038894556,0.9327654,2,123,0.036914885,0.9046863,0,143,0.06899555,0.6299917,2,163,0.019259088,0.92722857,2,200
158,0.0041715675,0.9591062,2,30
159,0.013883432,1.0048473,2,20,0.0,1.0251404,2,41,0.021453755,0.97332484,2,75
160,0.0,0.9598117,2,20,0.057143264,0.9555388,2,41,0.010088788,1.0106087,2,61,0.028953932,0.9615381,2,90,0.032021224,1.0037518,2,125,0.008171499,0.90227854,2,147,0.013377318,1.0029093,2,167,0.006424036,0.99141055,2,200
161,0.021292662,0.98066753,2,39
162,0.006313785,0.9878934,2,21,0.007612486,0.977293,2,42,0.0049369414,0.89055663,0,62,0.014530708,0.76744163,2,83,0.05961544,0.89002657,2,108,0.0,0.92998594,2,130,0.000893522,0.858839,2,152,0.004730451,0.82237625,3,172,0.0,0.674964,2,200
163,0.006544436,0.9178057,2,20
164,0.01078233,0.8152078,2,20,0.0072142347,0.8571016,2,40,0.0,0.67999274,2,62,0.0,0.7451172,2,84,0.0,0.7932087,2,105,0.009549912,0.53537905,1,130
165,0.0073540807,0.84117764,2,20,0.0,0.6266711,2,40,0.035215605,0.44885004,0,61,0.0,0.64700073,2,81,0.025814867,0.19522955,2,103,0.0,0.29055616,1,124,0.0,0.2944279,1,144,0.0,0.45674968,1,164,0.012771191,0.42240697,1,200
166,0.032761496,0.970858,2,20,0.030065088,0.92844045,2,41,0.028608048,0.8494214,2,64,0.0131367985,0.97506493,2,89,0.008689664,1.0102069,2,109,0.0,0.9258288,2,129,0.0022000591,0.89840734,2,150,0.034910016,0.9142715,2,170,0.010411031,0.92943275,2,200
167,0.0,0.9954141,3,21
168,0.0051061944,0.96183455,2,38
169,0.0,1.0765517,2,21,0.0,1.0716646,2,57
170,0.0,1.0557828,2,20,0.0020343522,1.0302309,2,47,0.0,0.9985153,2,69
171,0.021542134,0.9734634,2,22,0.050660826,0.98016655,2,43,0.020647887,1.0614346,3,73,0.048231967,1.0366383,0,93,0.016902091,0.9684587,3,115,0.037588343,1.0302315,3,137,0.017453222,0.9695679,2,159,0.0,0.8717951,2,180,0.0136029925,1.0203131,2,200
172,0.005000846,0.9827983,2,20,0.008452528,1.0427217,2,42,0.0,1.1128653,3,63,0.0,1.1284944,2,83,0.008854651,1.0334544,2,103,0.025728194,0.9513787,2,124,0.033792626,0.95394516,2,161
173,0.0058849705,1.0328348,2,20,0.0066491477,1.0483446,2,40,0.013559416,1.0449511,2,60,0.0,1.0760581,2,80,0.0032678258,1.0570947,2,101,0.0,1.0706191,2,122,0.008269517,1.0606301,2,142,0.0,1.0608045,2,179,0.013604258,1.0255549,2,200
174,0.0038228408,1.0008508,2,20,0.0,0.97146636,2,40,0.0,1.0225637,2,60,0.0,1.1471902,2,92,0.0009647241,1.1525013,2,123,0.0,1.0928602,2,147,0.0052807815,1.0714741,2,172,0.004963716,1.1085236,2,200
175,0.006185341,0.9996103,2,37
176,0.0,0.8608374,2,22,0.0,1.0042623,2,42,0.0,1.021926,2,63,0.0,0.9491537,2,83,0.0,0.5805604,0,103,0.0,0.8275693,0,123,0.0,0.7816626,2,153
177,0.0,0.9936841,2,23,0.006555971,0.97916496,2,59
178,0.0,1.0860463,2,21,0.0026799073,1.0421411,2,63
179,0.0,1.08422,2,39,0.019306682,1.0096532,2,64,0.021840466,1.0222735,2,85,0.0008500902,1.0294381,3,105,0.0018680677,1.0378053,0,125,0.0052354443,1.0249803,2,147,0.0,1.0719464,2,168,0.0069777872,1.0468317,2,200
180,0.0125737935,0.9279302,2,24,0.02410613,0.9422748,2,45,0.030961871,0.8517461,2,65,0.0,1.0317,3,85,0.010847336,0.95624906,2,105,0.054693587,0.8499532,2,125,0.0042965896,0.7937589,2,145,0.01171888,0.96798325,2,167,0.01736273,0.899763,2,200
181,0.0053120973,1.0014758,2,26,0.004172385,0.9185095,2,50,0.007887907,0.8931451,2,70,0.01868976,0.8800499,2,90,0.0072815595,0.9518387,2,110,0.0,1.052234,2,130,0.0,1.0457112,2,150,0.0,0.9307965,2,170,0.0,0.9530402,2,200
182,0.030587994,0.9097578,2,21,0.028272927,0.9471199,0,41,0.020322543,0.873974,2,61,0.0,0.7449197,1,81,0.013250385,0.6941983,2,101,0.0,0.62189686,2,122,0.0,0.7772699,2,143,0.0,0.5276872,2,163,0.02346623,0.43767473,2,186
183,0.0011821284,0.9724736,2,20,0.04572431,0.97080344,2,40,0.01023517,0.9279631,2,60,0.0103469845,0.864741,2,80,0.0,0.90191555,0,100,0.018031245,0.88902754,2,124,0.012635532,0.9511163,2,148,0.010275554,0.9030471,2,169,0.018459389,0.94017977,2,200
184,0.0054647857,1.0035744,2,23,0.023344254,0.957414,2,43,0.027274065,0.94368625,2,70,0.016860275,0.9464596,2,93,0.011319702,0.9746146,2,114,0.033507954,1.0343128,2,134,0.011741375,0.92849445,2,158,0.04145225,0.92181,2,178,0.019874848,0.8785767,2,200
185,0.012135539,0.8450157,2,20,0.00013793306,0.7328025,2,40,0.0027465145,0.7517396,2,61,0.0,0.5779116,0,81,0.0,0.3654806,1,101,0.0,0.29445133,1,122,0.0075644944,0.56111544,1,146
186,0.0073537924,0.865627,2,32
187,0.0,0.91603124,2,20,0.0,0.8925997,2,40,0.0023985184,0.99445295,2,60,0.11192326,0.82192576,0,80,0.0,0.8397606,0,102,0.0,0.9330836,0,123,0.0020092,0.7250727,0,160
188,0.0021506394,0.9914295,2,20,0.010578223,0.91615033,2,53,0.00024237821,0.8831503,2,74,0.0,0.7585914,2,95,0.008112003,0.8306947,2,116,0.0066054086,0.8359877,2,138,0.018958077,0.93188107,2,159,0.028404552,0.90833396,2,179,0.0038155124,0.8007973,3,199
189,0.0064315293,0.95137954,2,22,0.02016849,0.92604935,2,42,0.024545291,0.917321,2,72
190,0.0053095487,0.99912876,2,36
191,0.0036631566,0.9023983,3,20,0.014543143,0.8791381,0,40,0.0027969035,0.9194708,0,60,0.021209203,0.8971693,2,81,0.011059462,0.87880635,3,102,0.026023407,0.86441106,0,122,0.009700334,0.93268687,2,143,0.011867975,0.87557334,2,163,0.10515974,0.6951666,2,200
192,0.015390965,0.9544004,2,20,0.00040098658,0.95373654,2,49,0.014300635,0.8030461,2,69,0.0049853986,0.9087955,2,89,0.017491868,0.90427715,2,110,0.00024161395,0.8701048,2,130,0.0012571522,0.9065096,2,150,0.051660854,0.9810057,2,171,0.053359803,0.90804434,0,200
193,0.014393653,0.9022667,2,20,0.0066168895,0.66393536,2,40,0.007153949,0.57816666,0,62,0.0,0.65584564,0,93
194,0.024958834,0.9668852,2,20,0.0055033164,1.0143012,2,43
195,0.020126494,0.93938637,2,34
196,0.0026616843,0.9665585,2,24,0.017342778,0.8637911,2,44,0.0,0.9440117,3,67,0.0,0.9128767,2,89,0.007383512,0.6158392,2,109,0.0410958,0.7177943,2,129,0.0,0.94181234,2,149,0.0,1.0045007,2,170,0.0050275307,1.0531898,2,200
197,0.0037394285,0.8635157,2,20,0.095137626,0.7568405,3,40,0.0,0.7909608,2,60,0.035251822,0.79831606,0,81,0.009700281,0.8153604,2,101,0.002914497,0.7260476,0,140
198,0.015376521,1.0072956,2,21,0.0,1.0275214,2,45,0.0005098182,1.072213,2,65,0.0,1.0809473,2,96,0.00040536374,1.0884904,2,116,0.0,1.1562618,2,137,0.0014954637,1.0334224,2,158,0.008622406,0.9872904,2,178,0.04816363,0.93300515,2,200
199,0.027229462,0.93242997,2,20,0.0027919267,0.846964,2,40,0.0011139081,0.8773513,2,60,0.00014216061,0.86319864,2,80,0.018555382,0.752587,2,100,0.040387437,0.7745453,2,120,0.08774253,0.7634114,2,141,0.025266066,0.8628867,2,165,0.025729211,0.94535065,2,200
200,0.008985463,0.98506314,2,23
201,0.0006051372,1.0357476,2,20,0.015109821,0.97961676,2,61
202,0.017848082,0.95958996,2,20,0.010309274,0.9757969,2,40,0.037922166,0.8635733,2,63,0.020877454,0.9480875,2,84,0.036551617,0.9161423,2,108,0.0,0.9999771,2,129,0.0,1.0146397,2,149,0.013388191,0.9384681,3,170,0.0,0.88440156,2,200
203,0.018561171,1.0251349,2,20,0.0,1.0491446,2,42,0.02393573,0.96542704,2,62,0.010592763,0.95022726,2,83,0.0,1.0575982,2,105,0.0,1.1113422,2,125,0.0,1.1206477,2,146,0.0,1.1206737,2,166,0.00656901,1.0911428,2,200
204,0.031618096,0.96370274,2,23,0.02261497,0.9651941,2,43,0.012335421,0.990787,2,63,0.014091867,0.9351686,2,83,0.015112386,0.9456402,2,106,0.024908002,0.97998935,2,126,0.0148768425,0.9800488,2,146,0.010750356,0.96327114,2,166,0.01997812,0.9543738,2,200
205,0.009541873,0.9887115,2,20,0.017453508,0.9627574,2,40,0.0,0.98181313,2,61,0.01725938,0.9330101,2,82,0.019070392,0.9087226,2,102,0.0,1.1161548,0,122,0.0,1.0548148,2,153,0.0041513043,1.1112385,2,175,0.01308574,1.1387506,2,200
206,0.010703279,1.0592548,2,32
207,0.0,1.0275247,2,20
208,0.007062831,0.9901708,2,27,0.0,1.0293694,2,47,0.00086266955,1.0503769,2,67
209,0.016750216,0.9594345,2,20,0.022821326,0.8974147,2,40,0.017693968,0.9503174,2,61
210,0.0037162844,0.9454389,2,28,0.0012149301,0.8803363,2,48,0.0,0.84596777,2,72,0.0,0.68592155,2,93,0.0,0.74959266,2,116,0.018545253,0.8189,2,136,0.04348207,0.8460314,2,161,0.012512934,0.8313802,2,200
211,0.0071940282,0.8255793,0,20,0.0,0.8599068,2,40,0.0,0.8106446,2,60,0.0,0.7290725,2,80,0.0,0.58603996,2,109
212,0.020202503,0.913436,2,33
213,0.004760207,0.95265496,2,20,0.013883925,0.88383555,2,42,0.00576488,0.91796243,2,62,0.0064039165,1.0710492,3,85,0.01836541,0.9217947,3,106,0.023562305,0.91724336,0,128,0.0035066402,1.052291,2,149,0.015979253,0.9069684,3,169,0.012784223,0.90280527,2,200
214,0.01887243,1.0327073,2,20,0.02524076,0.9147177,2,40,0.024109596,0.9063176,2,61,0.03428406,0.8331553,2,81,0.015711382,0.88540924,0,101,0.021938896,1.0240698,2,124,0.024079707,1.1147614,2,144,0.045386814,1.0398724,2,165,0.041197285,0.9434408,0,200
215,0.0,1.0011365,2,20,0.01567525,1.0108975,2,40,0.03236808,0.9234206,2,64,0.0324338,0.9527734,2,87,0.020555122,0.9020365,2,110,0.008314257,0.87783843,2,131,0.0,0.8341528,2,151,0.003987648,0.82379746,2,173,0.020504264,0.9091672,2,200
216,0.0046682823,0.9748063,2,35,0.0,0.9436167,2,56,0.048905123,0.8608942,2,76,0.0020505618,0.99144006,2,101,0.0054228115,0.8926159,2,122,0.008342763,0.85608447,2,142,0.0028492347,0.9758474,2,162,0.045606192,0.87365764,2,200
217,0.018669063,1.0631884,2,24,0.0018606042,1.0022122,2,49,0.0019814188,0.98672616,2,72,0.034125358,1.0085948,2,92,0.0011342439,1.0593636,2,112
218,0.013132654,0.9940937,2,25
219,0.0,1.0440264,3,20,1.1503976e-05,1.0495635,2,40,0.00048622946,1.0412655,2,60
220,0.017523613,1.0102606,2,20,0.08209449,0.961527,2,40,0.06653297,0.9187646,2,72
221,0.0,0.9480363,2,20,0.0,0.9702967,2,40,0.023503777,0.9132555,0,60,0.0092074415,0.88663673,2,95
222,0.032073244,0.8729981,2,20,0.0050258143,0.78611994,2,40,0.0061237016,0.65049857,2,60,0.00829826,0.8871986,0,80,0.05693947,0.662879,0,100,0.0,0.82440466,0,121,0.021445382,0.5774194,0,141,0.027499158,0.7530423,2,161,0.006997033,0.6227766,2,194
