0,0.00094762293,1.0463619,2,20,0.0021971369,0.9299374,2,42,0.0,0.9287015,2,63,0.0022020815,0.96506995,2,88,0.015036809,0.91715837,2,117,0.0072826166,0.94608617,2,139,0.016254961,0.9424921,2,159,0.02362361,0.9174772,2,200
1,0.0,1.0099676,2,20
2,0.022658722,0.890579,2,34
3,0.0025736028,0.9558818,2,30,0.0,0.879329,2,50,0.03781625,0.8755821,2,70,0.0061617712,0.864237,2,91,0.0,0.89558107,2,111,0.010708595,0.81176174,2,131,0.00054455164,0.86967164,2,151,0.0,0.9137447,2,172,0.03062607,0.8209987,2,200
4,0.024632346,0.976278,2,20,0.0016546939,0.9414731,2,40,0.0,0.97019255,2,60,0.0,0.8692936,2,85,0.0010457078,0.8076404,0,105,0.0,1.065495,2,125,0.0,1.1657689,2,145,0.032726016,0.9393494,2,171,0.02549595,0.8281608,2,200
5,0.0025233678,1.0531071,2,20,0.00016197465,0.98001283,2,43,0.0021171134,1.0535891,2,78,0.006066604,1.0385138,2,98,0.0046268343,1.0321519,2,118,0.011340313,0.99667895,2,138,0.011955121,1.0133901,2,162,0.0,1.0533475,0,200
6,0.000802427,0.9493266,2,21,0.022034971,0.9505083,2,46,0.035554886,0.963558,2,66,0.0027729298,0.9663946,2,108,0.0052748313,1.0219091,2,128,0.007981317,0.94041234,2,148,0.0,0.8522293,2,168,0.003837254,0.5841891,2,200
7,0.01012471,0.9275079,2,20,0.02756151,0.868893,2,53
8,0.0124110095,0.94084346,2,21,0.017775351,0.8787879,2,41,0.0,0.9545959,2,61,0.024062227,0.8977804,2,81,0.033211686,0.82859737,0,101,0.037207097,0.9172851,2,124,0.0124750445,0.8849686,2,144,0.009388479,0.8393096,2,164,0.011563449,0.8503057,2,200
9,0.012263013,1.0101691,2,20,0.0,1.0792668,3,41,0.0,1.0741537,2,61,0.00025057746,1.0688655,2,125,0.0047356137,1.1087003,2,148,0.0,1.0444341,2,170,0.012111066,0.94466656,2,200
10,0.0023886568,0.98104763,2,20,0.018242735,0.984481,2,40,0.022454767,0.9618455,2,61,0.033093058,0.933761,2,81,0.01191724,1.0340236,0,101,0.059386153,1.0034885,2,121,0.020531237,0.9537139,2,158
11,0.0058929347,0.9436644,2,42
12,0.010973977,0.9693895,2,27,0.0,0.8742118,2,47,0.028159684,0.95667493,2,69,0.011036196,0.916198,2,90,0.020340923,0.95792454,2,110,0.01079271,1.0142797,2,130
13,0.03944961,0.8614397,0,20,0.002976599,0.89030915,2,40
14,0.008073714,1.0209657,2,21,0.00022199022,0.96161634,2,42,0.0,0.9027044,2,66,0.0,0.9723507,2,92,0.0,0.9316184,2,118,0.0,0.98280734,2,141,0.0,0.9920779,2,162,0.016208231,0.95854306,2,200
15,0.018025061,1.0184562,2,20,0.018065957,0.9398731,2,40,0.035481595,0.91371655,0,61,0.023429625,0.9486279,2,90,0.028576994,0.8426549,0,110,0.006692321,0.9471588,2,131,0.0,0.8896887,2,151,0.010903781,0.81039697,2,171,0.028109299,0.9390279,2,200
16,0.0066465884,0.99302846,2,21,0.014585924,1.0059912,2,41,0.035099693,0.9425278,2,64,0.0013838588,0.9882208,0,84,0.00089808274,0.9548105,2,104,0.003239967,1.0330211,2,124,0.0066556185,1.1374396,2,144,0.015640043,1.0744722,0,166,0.0064649186,1.000463,2,200
17,0.005349582,0.9020556,3,20,0.020506378,0.8534445,2,53
18,0.016991818,1.0510415,2,38
19,0.0019148872,0.9471866,2,26,0.0,1.0523012,2,46,0.026528766,1.0142888,3,66,0.008196441,0.8974978,2,86,0.015046338,0.9076325,2,106,0.011610064,0.92518395,2,126,0.002743135,0.9049803,2,146,0.0004920413,1.0211705,2,166,0.0067130663,0.9303629,0,187
20,0.017616961,0.91734517,2,21,0.0,1.0062555,2,45,0.012030251,0.9370308,2,69,0.01858253,1.0039525,2,89,0.005867956,0.96414685,2,116,0.00017972356,0.9959544,2,136,0.0,0.87707937,2,156,0.0,0.91987956,2,176,0.021579156,0.9319127,2,200
21,0.008824678,0.9402651,2,27,0.0013708838,0.994793,2,49,0.008888874,0.9241033,2,74,0.018281285,0.92235273,2,95,0.015352,0.883538,2,116,0.002456015,0.90140057,0,136,0.0034233115,0.9312409,2,156,0.021195417,0.8653648,0,178,0.01922964,0.87043726,2,200
22,0.0042667924,0.9029006,2,20,0.010322857,0.920059,2,42,0.0024698928,0.7391983,3,64,0.0052040624,0.77837056,2,85,0.0,0.66881835,0,105,0.0,0.71530044,2,125,0.010796708,0.79771745,2,145,0.03912041,0.5714717,2,176
23,0.012935306,0.96569633,2,21,0.010557039,0.98624736,2,41,0.015191913,1.0271598,2,74,0.015564936,0.9367631,2,94,0.05280509,0.9679128,2,114,0.00042410204,0.88736963,2,134,0.003132341,0.98689663,2,154,0.0053221514,0.98643583,2,180,0.008077609,1.0487298,2,200
24,0.00475753,1.0459123,2,21,0.014734006,1.0619258,2,43,0.0033832043,1.0183268,2,65,0.0114393765,1.0115488,2,85,0.0031009214,0.9166494,2,106,0.0,1.0040289,2,127,0.012368616,1.0774189,2,147,0.0,1.0706074,3,167,0.0,1.0881786,2,200
25,0.011396523,0.93713397,2,20,0.0,1.0350478,0,40,0.0012462761,1.132895,2,62,0.004307523,1.0923169,2,85,0.00818233,0.9418418,2,106,0.0071384544,0.85865986,2,126,0.0,0.95722026,2,146,0.007781018,0.9012718,0,168,0.0006243716,0.73949903,2,200
26,0.011640109,0.9473683,2,20,0.0045494996,0.9934157,2,41,0.003928137,0.96525383,2,62,0.030516008,0.76346165,2,85,0.033237267,0.8104841,2,106,0.019972065,0.7044883,2,130,0.01316365,0.8135046,2,150,0.0030382832,0.81434613,2,173,0.008409024,0.7950451,2,200
27,0.0018263317,1.0362327,2,20,0.02365162,0.9292151,2,40,0.016587267,0.9320907,2,67,0.011740955,0.9694062,2,93,0.0,0.9592327,2,114,0.00032685,0.93668413,2,134,0.009917041,0.95351523,2,154,0.00073571655,0.94622004,2,174,0.00030724038,0.91366196,2,200
28,0.021972485,0.973611,2,20,0.0010891447,1.1355113,2,46,0.0,1.1514729,2,70,0.00043677288,1.1132487,2,93,0.0,0.9477095,2,115,0.009956927,0.8760589,0,136,0.020203097,0.86537665,2,163
29,0.0037868184,1.0022153,2,38
30,0.0,1.0094254,2,22,0.026471127,0.91253686,2,47,0.011374199,0.9497374,2,68,0.026361546,0.9371964,2,89,0.025435045,0.90521467,2,116,0.0055466625,0.86100125,2,138,0.054438613,0.8949992,2,158,0.0,0.94897455,2,180,0.013496242,0.9211416,2,200
31,0.02615798,0.90156955,2,21,0.012422978,0.8935274,0,43,0.04133766,0.9358846,0,63,0.08785237,0.97764933,2,86,0.05023976,0.9744564,2,109
32,0.0,1.0378882,2,24,0.0072957645,0.9934783,2,45,0.042414855,0.93924254,0,69
33,0.019796036,0.9984237,2,21,0.0,0.8537747,2,41,0.0076570734,0.90607274,2,61,0.010181529,0.8588983,2,81,0.018214425,0.8215003,2,102,0.0007767002,0.81689006,2,122,0.0,0.8067191,0,142,0.0,0.7300257,0,170,0.029461447,0.34900412,2,200
34,0.009438046,0.9419513,2,20,0.0056131617,0.9266449,2,40,0.00095309387,0.95895267,2,66,0.010847938,1.0466644,2,86,0.012880807,0.9112285,2,111,0.021063603,0.92253006,2,138,0.0,1.049518,2,162,0.0,1.0108148,2,200
35,0.020473054,0.9028596,3,21,0.030892951,0.9018173,2,46
36,0.04681927,0.8927657,2,20,0.013509102,0.978139,2,41,0.03269749,0.89068687,2,66
37,0.010947851,0.95804745,2,22
38,0.0075034006,0.95066863,2,20,0.0,0.95044744,2,40,0.0025482085,0.9771215,2,60,0.010735549,0.92074764,2,81,0.013467627,0.9086795,0,101,0.007480009,0.9268897,0,121
39,0.0061441585,0.9948009,2,22
40,0.013285143,1.0204567,2,20,0.008872993,1.057347,2,41,0.003225234,1.0358582,2,64,0.00075040275,1.1561112,3,88,0.0018014313,1.1007209,2,115,0.0,1.1729705,3,135,0.0,1.1822741,3,155,0.009010312,1.1536632,3,176,0.0,1.0939871,0,200
41,0.026007695,0.9199122,2,21,0.025299847,0.8564195,2,43,0.0,0.8797637,0,63,0.047263898,0.9014597,2,83,0.0,1.0671101,3,106,0.0,0.8814105,2,126,0.0016779591,0.8806786,2,161
42,0.008766546,0.9839795,2,24,0.0023397654,0.98954016,2,51,0.0,1.0816209,2,71,0.012254563,1.109327,2,93,0.012952402,1.0360618,0,119
43,0.009054433,0.93871564,2,20,0.0049719154,0.87669307,2,40,0.022277208,1.0183606,2,65,0.013316877,1.0049328,2,85,0.04350456,0.9337975,2,105,0.007634857,0.8864379,2,125,0.0,0.9484478,2,150,0.0046314476,0.9612535,2,170,0.009935323,1.0632192,2,200
44,0.012902989,0.9626089,2,21,0.0048752828,0.84310246,2,41,0.0037925993,0.8598838,2,61,0.00881697,0.9238435,2,81,0.023356099,0.9602548,3,102,0.010779233,0.9397108,2,123,0.012927592,0.9058321,2,143,0.017637873,0.7076977,0,163,0.010931989,0.76455986,0,200
45,0.0035831328,1.0287328,2,20,0.03050314,0.9012428,2,43,0.0070968997,0.93698347,2,70
46,0.011255918,1.0258114,2,20,0.02529512,0.9870499,2,40,0.05455833,0.88684225,2,61,0.023958841,0.93234605,2,82,0.04259635,0.92118275,0,103,0.047900356,0.8921817,2,123,0.037326407,0.9325787,2,143,0.007649188,0.9889476,2,163,0.02426426,0.90351814,2,200
47,0.0051506204,0.9597527,2,20,0.006264919,0.9439751,2,45,0.0137588205,0.9885144,2,65,0.007326661,0.9739197,2,89,0.010867735,1.0512868,2,109,0.018582819,1.0662758,2,129,0.0,1.0915949,2,149,0.0015880355,1.0573845,2,172,0.0044604475,1.0057719,2,200
48,0.0137354415,1.0122396,2,20,0.019868018,0.97847766,2,48,0.0012240198,0.9893944,2,70,0.007167277,0.9878879,2,92,0.00024292369,1.0579772,2,113,0.002706437,1.0107633,0,134,0.003927717,1.0562453,2,172,0.0068281675,1.000409,2,200
49,0.025127366,0.9410132,2,21,0.0046239374,0.8431589,2,43,0.03181156,0.8466244,0,63,0.0,0.857045,3,83,0.0063556014,0.8817232,0,103,0.0,0.8804213,2,123,0.0,0.85217094,3,144,0.010150245,0.9320181,0,166,0.0013727789,0.75160766,2,200
50,0.003289656,1.0066553,2,21,0.031868525,0.9733671,2,41,0.021748053,0.96668017,2,61,0.0031945503,1.0197322,2,83,0.0073497067,0.9921528,2,108,0.0010093355,0.9467096,2,129,0.0,0.9292998,2,150,0.0035779614,0.96536076,0,170,0.0,1.0291129,0,200
51,0.009497078,0.88408834,2,20,0.03607329,0.7579102,2,40,0.0,0.6892955,2,61,0.0043905666,0.93171614,2,81,0.029819045,0.7449309,2,101,0.008747723,0.7044366,0,121,0.0,0.9277565,2,141,0.010531679,1.0519791,2,161,0.012547983,0.84235626,2,200
52,0.020705085,0.9082917,2,26,0.020886403,0.75284183,2,66
53,0.00026586634,0.901573,2,20,0.007164542,0.8765751,2,42,0.009457229,0.934554,3,62,0.0018881098,0.81237555,2,83,0.0,0.8021214,0,118
54,0.01193095,0.99849623,2,27
55,0.020617958,1.034723,2,21,0.0,1.0998293,2,57
56,0.0048826803,1.0711014,2,20,0.0039719096,1.0392185,2,54
57,0.0074708043,0.94802684,2,20,0.015105617,0.89213896,2,40,0.040652294,0.9571565,2,60,0.026838839,0.9741765,2,81,0.032058526,0.97309816,2,138
58,0.006051947,0.950649,2,30,0.018311435,0.99773073,2,50,0.0,1.0014429,2,76,0.0005257577,0.97149575,2,99
59,0.02760616,0.90800464,3,20,0.0,1.1338048,2,40,0.005814976,0.97958183,2,61,0.004247371,1.0465709,2,99
60,0.017051267,0.9903632,2,26
61,0.006081998,0.99020666,2,37
62,0.004594697,1.0035428,2,20,0.0027578503,0.9829059,2,42,0.029541558,0.9696102,2,62,0.01320547,1.0081524,2,84,0.011323649,0.95332116,2,125,0.024219543,0.8920665,2,145,0.029733421,0.8850749,2,172,0.08533976,0.90595037,2,200
63,0.0027736619,0.9887441,2,20,0.0033158578,1.0219997,2,40,0.0059109693,1.0100349,2,67
64,0.01634495,0.96742636,2,22,0.032367043,0.96898043,2,44,0.019345012,0.9698373,0,64,0.010344177,0.9502727,2,85,0.025342831,1.0038869,2,105,0.002758742,0.99028975,2,128,0.00028995526,1.0485909,2,150,0.029658314,0.96166587,2,179,0.0005933633,1.0535129,2,200
65,0.0,0.8335587,2,20,0.032678314,0.7057885,2,40,0.004705386,0.73432046,2,60,0.011110664,0.8155586,2,80,0.0030786784,0.8140744,2,100,0.03139583,0.83064127,2,124,0.019102182,0.8126396,2,144,0.04100268,0.800254,2,164,0.031140238,0.404791,2,200
66,0.008015933,0.95897585,2,33,0.0012191634,0.9394808,2,53,0.0,1.0206107,2,74,0.0,0.89147073,2,94,0.0008015388,0.9044,2,120,0.0,0.893442,2,142,0.0,0.98216814,0,164,0.0,1.0213674,0,200
67,0.004407648,1.0046982,2,21,0.014537653,0.93381137,2,41,0.01850958,0.95302314,2,65,0.017447852,1.0130267,2,87,0.0,1.0462104,2,107,0.028975615,0.8860918,2,127,0.053966682,0.9592129,0,148,0.0034398786,0.9059393,2,168,0.012511131,0.80207133,2,200
68,0.0062386366,1.0176116,2,20,0.0018517344,0.97804755,2,44,0.0072336034,0.9771022,2,66,0.0069596604,1.0121795,2,89,0.0047005885,1.0019616,0,110,0.017249137,0.972839,2,132,0.031056052,0.97251403,2,153,0.0018627016,1.0176823,2,173,0.010817657,0.9769695,2,200
69,0.010707432,0.9330862,2,20,0.0014233429,0.9376742,2,40,0.01573861,0.9875409,2,61,0.0015346545,0.97637814,2,81,0.0,0.9528314,2,101,0.00547927,0.9811925,2,139
70,0.00833341,0.9989564,2,21
71,0.0062820287,0.9783247,2,23,0.002686475,1.0586193,2,43,0.0038117594,0.98218715,2,63,0.007153717,0.99863255,2,84,0.005167169,1.0576309,2,104,0.009115349,1.1145225,2,125,0.0,1.139202,2,147,0.008049243,1.094966,2,171,0.00014139172,1.011143,2,200
72,0.0076207006,1.0102105,2,21,0.0,0.955317,2,41,7.174872e-05,1.0137404,0,61,0.006521652,1.0084871,2,91
73,0.012598181,0.96567947,2,20,0.022870272,0.95254123,2,40,0.015621279,0.8192233,2,68
74,0.028527321,0.8935608,2,22,0.0024020239,0.82469386,2,42,0.0,1.0202509,2,66,0.0,0.990029,2,99
75,0.00090714934,1.003318,2,20,0.0028664977,0.95160013,2,42,0.0,1.0287542,2,73,0.0041734367,0.9900704,2,95
76,0.0075487103,0.94704807,2,21,0.03414328,0.97038496,2,41,0.029585099,0.8100883,2,61,0.038268816,0.6943863,2,81,0.0,0.6985444,2,106,0.016502276,0.7540925,2,144
77,0.0,0.92721516,2,22,0.0,0.8111335,2,42,0.021971105,0.6605166,2,64,0.019858178,0.8993176,2,84,0.0,1.0800338,3,104,0.012458935,0.7680046,2,124,0.0,0.8199024,0,145,0.0,0.60695547,0,165,0.028437724,0.5278049,0,200
78,0.0051190695,0.96884894,2,36
79,0.01423184,0.94758433,2,20
80,0.025699869,0.94161165,2,20,0.0128449015,0.96307474,2,42
81,0.012986092,0.8680042,2,40
82,0.011552215,0.9809595,2,24
83,0.031745244,0.91678506,2,20,0.003156408,0.88895196,2,41,0.029214442,0.7761376,2,62,0.023493249,0.8700901,2,83,0.00732956,0.8212557,2,103,0.103133485,0.77741903,2,123,0.0043792236,0.960561,2,150,0.00654161,1.0603056,2,173,0.0014052248,1.1531295,2,200
84,0.00022958827,1.0661625,2,26,0.0,1.0348774,2,67
85,0.012286188,0.9276449,2,20,0.013536874,0.9715749,2,50
86,0.012227733,0.9313469,2,20,0.0064504477,0.9957907,2,47
87,0.002977451,1.0123334,2,35
88,0.0,0.9129276,2,21,0.0206444,0.8826836,0,41,0.056854002,0.8514474,0,61,0.065756574,0.8065815,0,81,0.014835879,0.65573144,0,101,0.003381505,0.7278474,2,124,0.0069535645,0.78979176,0,145,0.0,0.7592798,2,166,0.0073224613,0.8185374,2,200
89,0.033846684,0.97092307,2,20,0.008729965,0.97420776,2,72,0.01960159,0.91849464,2,94,0.0015005231,0.95164126,2,114,0.0,0.8948692,2,134,0.0,0.94259197,2,157,0.031361263,0.957847,2,177,0.04971596,0.89702034,2,200
90,0.008572758,0.94881696,2,20,0.023629576,0.9245676,2,40,0.00057527295,0.94297725,2,60,0.01887702,0.8494379,2,85,0.021165088,0.9003402,2,105,0.0036271026,0.9704708,2,139
91,0.0013515205,1.0018783,2,22,0.0,1.0071795,2,42,0.0,1.0090276,2,63,0.0,1.0631597,0,83,0.0,1.0287919,0,104,0.0,0.9944954,0,124,0.0,0.99478513,0,146,0.0,1.0029806,2,169,0.0,1.0749664,2,200
92,0.0,0.8677854,2,21,0.0172047,0.89304334,2,41,0.037465848,0.7773582,2,61,0.038665503,0.8197724,2,81,0.02135352,0.9242859,2,105,0.0087729925,0.8366568,2,127,0.013783182,0.8087913,2,147,0.007769254,0.85760766,2,167,0.045259714,0.82065153,2,200
93,0.014985037,0.9895965,2,20,0.01435857,1.0158887,2,40,0.01570004,1.0650467,2,68,0.0012445872,1.0220791,2,89,0.00023297466,0.97257084,2,111,0.0,0.95629215,2,131,0.0176273,1.0065886,2,174
94,0.0030529727,0.91008765,2,27,0.004464845,0.9482125,2,47,0.0,0.7669349,2,68,0.02403052,0.8520549,2,88,0.0,0.8490639,2,112,0.0009819214,0.90798014,2,133,0.01803459,1.1355597,2,153,0.035906613,0.9381691,2,175,0.00934608,0.97768575,2,200
95,0.059027184,0.9670162,2,21,0.050880697,0.7733942,2,43,0.03401808,0.88648003,2,63,0.0,0.84159404,2,83,0.03819457,0.7222799,2,103,0.007553051,0.7093194,0,123,0.02474289,0.7261,2,143,0.0043864353,0.8123621,2,163,0.04194196,0.8201677,2,200
96,0.015179652,0.9752318,2,27
97,0.019463152,0.955832,2,33
98,0.008305788,0.9883012,2,21,0.023976889,1.0588791,3,44,0.017841408,0.94378805,2,64,0.016689222,0.95968133,2,94,0.029228514,1.0501503,2,114,0.0,0.99714535,2,138,0.028385803,0.93688184,2,159,0.0035477378,0.9430825,2,200
99,0.015158807,1.0121902,2,28,0.0,1.085243,2,54,0.004494837,1.0399923,2,79,0.0,1.1042404,2,107,0.0,1.0480516,2,135,0.00241111,1.0291147,2,160,0.003310192,1.0531881,2,200
100,0.00033584546,0.8329468,2,20,0.10374925,0.63124454,2,40,0.07822692,0.6916006,0,60,0.012337148,0.5687483,2,80,0.012158445,0.69004583,0,100,0.0,0.47462457,0,120,0.0,0.58603525,2,143,0.0,0.7252314,1,163,0.04077188,0.7322898,2,200
101,0.012787322,0.96372944,2,35
102,0.0034453163,0.9901187,2,21,0.000121568366,0.98110473,2,46,0.004092992,0.9864148,2,66,0.022423023,0.9203439,2,89,0.012555215,0.8197907,2,125
103,0.028587844,0.950937,2,21,0.0,0.85570645,0,47,0.0,0.8584636,0,68,0.0083226515,0.65123945,2,90,0.0,0.6577067,2,110,0.008478743,0.64047855,2,133,0.00020716237,0.6794777,2,155,0.0,0.6690324,2,177,0.002835807,0.724529,2,200
104,0.026333684,0.92494106,2,20,0.013169355,0.95623225,2,43,0.011603787,0.94481355,2,63,0.0042726826,0.8362381,2,86,0.012023852,0.854526,2,107,0.041416734,0.8117055,2,128,0.00091251044,0.87325937,2,150,0.011872238,0.90890265,3,170,0.0078078224,0.91251856,2,200
105,0.015436697,1.0247055,2,20,0.007817144,0.97761536,2,40,0.014328636,1.0373281,2,60,0.024078602,0.92850125,2,80,0.0,0.8944828,2,102,0.060274374,0.92799985,2,122,0.019465411,0.90928286,0,142,0.0,1.0025985,2,162,0.017302234,0.76742,2,193
106,0.016431015,0.90844434,2,27,0.018729609,0.741162,2,47,0.0,0.546666,2,68,0.0038996756,0.6114851,1,88,0.001431682,0.7556521,2,112,0.0,0.88550854,2,140,0.0,0.863062,2,161,0.003567916,0.48986483,1,200
107,0.022386888,0.9355428,2,23,0.00939155,0.9776721,2,43,0.0,0.98422325,2,63,0.009261565,0.9400873,2,87,0.009166072,0.8625951,2,111,0.016498068,0.9950983,0,132,0.032302983,0.9617055,2,152,0.0,0.8811224,2,172,0.013080971,0.9115378,2,200
108,0.0053540035,1.0301244,3,22,0.019746184,1.0189022,2,48,0.0014439117,1.0092896,2,70,0.011092984,1.0206788,2,100,0.007780485,1.0617652,2,122,0.0056426786,1.1109202,2,142,0.0013407966,1.1101944,2,171,0.0029869794,1.0841902,2,200
109,0.0039187092,0.94685256,2,20,0.004919949,1.0199654,2,43,0.014880282,0.9486354,2,63,0.0020003235,0.9765484,2,86,0.003349195,0.89815664,2,107,0.009247552,0.94509476,2,127,0.0088021355,0.9157815,2,147,0.0,0.8519311,2,167,0.007623649,0.90922207,2,200
110,0.019598052,0.9566498,2,20,0.0040330077,1.007074,2,45,0.0027070264,1.0243099,2,65,0.00894941,0.98410356,2,90,0.01052829,0.9564208,2,121,0.0076596853,0.98840225,2,147,0.003278358,0.9294962,2,168,0.009986417,1.0159607,2,200
111,0.0045017647,0.9401571,3,20,0.028737338,0.9048266,2,41,0.011769393,0.9903922,2,61,0.03201606,0.88269395,2,81,0.02184551,0.8743202,2,101,0.011690513,0.93514556,2,124
112,0.011818799,0.991314,2,23
113,0.009879265,0.9182525,2,24
114,0.0048523205,0.8692276,2,20,0.0031715133,0.81892186,2,40,0.0,0.968231,2,60,0.009662713,0.91111434,2,80,0.0,0.9364238,2,100,0.026745299,0.9154194,2,120,0.0,0.9674586,3,140,0.0,0.9478804,2,165,0.020660479,0.8319526,2,200
115,0.0065841484,1.0099561,2,21
116,0.0,0.92662174,2,20,0.006796345,0.8324507,2,40,0.015965035,0.6264014,2,60,0.03433274,0.5710488,2,81,0.015359124,0.6516832,2,101,0.037674174,0.6739637,2,125,0.029473558,0.834983,2,150,0.10454095,1.0245553,2,172,0.00836419,1.0212747,2,200
117,0.010088743,0.9977804,2,26
118,0.011867331,1.005503,2,20,0.014323166,1.0369636,2,40,0.0025070827,1.0277689,2,72
119,0.004432098,1.0235916,2,29
120,0.012012449,0.9317568,2,20,0.012569684,0.9314691,2,40,0.007987264,0.958521,2,60,0.015773386,0.9525195,2,82,0.022762068,0.9382457,2,105,0.0068959612,0.9253349,0,132
121,0.0209899,0.9603926,2,20,0.005895894,1.0293424,2,52
122,0.026636794,0.95110434,2,20,0.004355239,0.9939454,2,41,0.0141331805,1.0987022,0,61,0.0,1.0665209,2,86,0.0,1.1486127,0,107,0.0013797331,1.1057432,2,146
123,0.017691981,1.0248742,2,22
124,0.045931797,0.965211,2,21,0.0041729277,0.8869012,2,54
125,0.0025620046,1.0234277,2,20,0.00081762334,1.0533398,2,42,0.008050119,0.902315,0,62,0.005801359,0.96528304,2,82,0.015069945,1.10404,2,112
126,0.029026777,1.0159254,2,20,0.01610542,1.020993,2,40,0.006373569,1.073722,2,79
127,0.017950106,0.9720893,2,20,0.0016252267,0.92938334,2,41,0.026072513,0.8975961,2,68,0.03753885,0.8760325,2,88,0.013436195,0.9100769,2,111,0.018876709,0.8672406,2,131,0.025899446,0.86788714,2,151,0.009233109,0.8869862,2,175,0.0095919315,0.8655775,2,200
128,0.008691649,0.9578163,2,20,0.0027880152,0.98186475,2,41,0.0026293348,0.97913057,2,61,0.0114046335,0.9532654,2,83,0.077341184,0.88909835,2,103,0.042188726,0.884776,2,123,0.026053846,0.9093701,2,151
129,0.01756856,0.9840272,2,20,0.014586257,0.9503989,2,41,0.0,1.0363945,2,69,0.0041561956,1.0582752,2,89,0.0,1.0043418,2,109,0.018357959,1.001445,2,129,0.047693588,0.95538247,2,149,0.0019292827,1.0252029,2,178,0.00029313742,0.9273077,2,200
130,0.008050676,0.8653557,2,22,0.020947635,0.861562,2,43,0.018786352,0.81588495,2,63,0.030290654,0.92464113,2,83,0.025886044,0.86098224,2,103,0.022717806,0.94513357,2,128,0.0027068066,0.92426836,2,148,0.033649024,0.9213885,2,169,0.023383714,0.87694377,0,200
131,0.0036591378,1.0008562,2,21,0.017849794,1.0234785,2,47,0.0006237922,1.0467675,2,76,0.0108853355,1.0109848,2,96,0.018578093,0.9552886,2,116,0.019982953,1.017482,2,136,0.002209843,0.95827854,2,156,0.0,0.7441886,2,176,0.003871709,0.53674895,2,200
132,0.022088168,0.92249066,2,23,0.00913318,0.9563116,2,46,0.015798952,0.89074993,2,66,0.11219752,0.8345429,2,86,0.059669845,0.80729914,2,120
133,0.0032849603,0.95637083,2,20,0.039913833,0.96973246,2,57
134,0.040406503,1.0117285,2,20,0.0,1.0327538,2,42,0.00018275213,1.1377257,3,65,0.004452777,1.2264528,3,85,0.0022387472,1.1866565,3,105,0.0,1.2044952,3,126,0.0041713133,1.1641811,3,161,0.0038145273,1.1630234,3,200
135,0.021729989,0.96505356,2,22,0.0065004188,1.0036285,2,50,0.0010397903,0.90835303,2,98,0.0018395272,0.97913903,2,118,0.0082301255,0.9273885,2,139,0.044044368,0.91754246,2,159,0.05049047,0.88657725,2,179,0.0067899562,0.9659991,2,200
136,0.009117428,1.0008316,2,24,0.0,0.96102124,2,46,0.008305034,0.8277303,2,66,0.029332075,0.88617057,2,89,0.0,1.0810107,2,109,0.0,1.093836,2,131,0.0,1.124908,2,166,0.004050359,1.1237935,2,200
137,0.021378364,0.9565485,2,20,0.012357837,0.93411285,2,40,0.012976325,0.9451648,2,63
138,0.007200471,0.9977234,2,20,0.0053635696,1.0316889,2,41,0.029876295,0.97706795,2,62,0.023331534,0.9373761,2,84,0.014365651,0.90566915,2,112
139,0.011490638,0.9798695,2,27,0.0018288682,0.9189405,2,57,0.008192841,0.9186116,2,109,0.013969779,0.9529417,0,131,0.00032344655,0.91243696,2,151,0.016953086,0.9950262,2,200
140,0.0069093863,1.0272167,2,20,0.008929108,1.0328658,2,40,0.010223782,1.0266312,2,62,0.028501362,1.0109156,2,82,0.0,1.0089443,2,102,0.006292709,1.0434456,2,123,0.003942656,1.1038927,2,144,0.003939088,1.0599233,2,166,0.0,1.0076598,2,200
141,0.0057403944,0.93449485,2,21,0.025117878,0.93106806,2,42,0.0032225377,0.9577848,2,68,0.030875966,0.88179064,2,89,0.062039506,0.90194225,2,109,0.0023187813,0.71796566,2,129,0.0,0.6884129,2,150,0.0037027455,0.7758299,3,170,0.006489351,0.8171169,2,200
142,0.004292567,0.9860579,2,20,0.008088315,1.007941,2,41,0.018488234,0.9552405,2,68,0.0,0.9851237,2,94,0.0005129929,1.0047954,2,129,0.0012662443,1.0104189,2,149,0.0,1.0015124,2,171,0.018956516,1.0135952,2,200
143,0.0076067783,0.902301,2,28
144,0.006796862,0.93987274,2,20,0.0065739946,0.98988545,2,40,0.015832337,0.9789657,2,67
145,0.031831194,0.86607844,2,24,0.01857073,0.87380826,2,44,0.031051142,0.8914132,2,73
146,0.004025944,0.9326688,2,26
147,0.012909914,0.9698604,2,24,0.0061730514,0.95856076,2,44,0.039588135,1.01053,2,65,0.010697913,0.988444,2,88,0.004342026,0.90634567,2,108,0.012148172,1.0082008,2,129,0.005316901,1.0340075,2,154,0.0,1.1226131,3,175,0.0,1.0166059,2,200
148,0.00038945785,0.9908199,2,22,0.0029932894,0.9447309,2,42,0.002264989,0.9857272,2,62,0.008112372,0.94918317,2,82,0.013205496,0.959575,2,102,0.008776848,0.87378013,2,123,0.0,1.0013633,2,146,0.03288832,1.0278103,2,170,0.014153305,1.0305983,2,200
149,0.009322775,1.0070128,2,20,0.012965473,0.9282029,2,44,0.0,0.987952,2,73,0.0064472407,1.0113361,2,98,0.0052793226,0.97242105,2,118,0.009369741,1.0543058,2,138,0.006168295,0.98960674,2,176,0.0024142202,1.0057893,2,200
150,0.0055441684,1.0094957,2,27
151,0.002265438,1.0538394,2,20,0.015467664,0.9934962,2,43,0.015158056,1.0277469,2,68,0.012540044,0.94088453,2,103,0.0,0.9124446,2,127,0.0,0.81912583,2,148,0.0,0.579711,2,171,0.007009804,0.7418392,2,200
152,0.008306008,0.957943,2,27,0.0,0.92663896,2,47,0.033782553,0.9331325,2,67,0.0,0.79076445,2,87,0.0,0.832194,2,107,0.013381799,0.81896114,2,127,0.0,0.84855044,2,147,0.019490242,0.8621992,2,173,0.016299304,1.0374503,2,200
153,0.041591763,0.88979197,2,20,0.0,0.8883721,3,40,0.0,0.8454498,0,60,0.0,0.8743175,2,81,0.0,0.8579408,0,101,0.0,0.9472683,0,121,0.0,0.7588105,2,142,0.030201804,0.75399977,0,164,0.13985403,0.6659128,0,200
154,0.0032068933,1.0138484,2,30
155,0.0,0.9136654,2,21
156,0.0056412304,1.0194519,2,20,0.015675481,1.0230677,2,40,0.011121583,0.9952308,2,70,0.008433993,0.9971642,2,96,0.031199787,0.9228245,2,116,0.0,0.9953908,2,136,0.0098652635,0.928573,2,156,0.046453714,0.836956,2,178,0.020610498,0.9603722,2,200
157,0.008480795,0.8792008,2,20,0.000616489,0.7231749,2,40,0.08103873,0.7224061,2,60,0.03169579,0.9258915,2,80,0.021051744,0.80168325,0,100,0.033521272,0.8000949,2,121,0.028363684,0.67533004,2,141,0.016761757,0.6912112,2,162,0.0,0.6001526,2,200
158,0.027597506,0.958957,2,20,0.0192417,0.9183095,2,40,0.00689691,0.95515174,2,63,0.020108923,0.8583533,2,86,0.0070507885,0.8150838,2,106,0.010635289,0.90291893,2,126,0.00864131,0.98157436,3,150,0.029585872,0.9337141,2,170,0.015448458,0.8317064,2,200
159,0.0031627,0.9725462,2,20,0.022827934,1.0358336,2,40,0.0,0.95451957,2,60,0.0,0.9701357,0,80,0.0,1.0662663,2,100,0.0,1.0224795,2,120,0.0,1.0309641,2,142,0.0,1.0478852,2,163,0.002868923,1.0508957,2,200
160,0.033613056,0.9384937,2,26,0.0047156066,0.8296819,2,46,0.032907207,0.8515435,2,75
161,0.03311783,0.85978335,2,20,0.0052544437,0.86537564,2,58
162,0.042837672,0.9004222,2,21,0.0078754965,0.9089735,2,41,0.017123673,0.9502164,2,61
163,0.015598728,0.92056555,2,21,0.008013825,0.98751384,2,42,0.03766154,1.0052128,2,65,0.006587866,0.9747507,2,87,0.011898418,0.90711486,2,108,0.0062539084,0.9160083,2,128,0.00056554686,0.81668997,2,148,0.0,0.62865674,2,168,0.02512956,0.75507545,2,200
164,0.0180756,0.8877331,2,20,0.0063090674,0.9752687,3,43,0.0,0.9909492,0,72,0.0,0.9161481,0,93,0.0,1.0037515,2,113,0.0,0.9786434,0,136,0.010355952,0.87118024,2,156,0.00852441,0.9511673,2,181
165,0.00945496,0.9935242,2,20,0.019918095,1.0269638,2,40,0.017200267,0.95664585,2,61,0.0039550452,1.0138924,2,82,0.0015673204,1.0337695,2,104,0.0,1.0230961,2,124,0.002427381,1.0309036,2,145,0.0,0.9913787,2,171,0.0063376743,1.0008949,2,200
166,0.0037309106,1.0038396,2,41
167,0.014410347,0.9972428,2,20,0.0,0.8664159,3,41,0.001477418,0.9082331,2,62,0.003236929,0.8841602,2,82,0.038092386,0.858633,2,108
168,0.0095508685,0.967386,2,26
169,0.008973803,0.9918994,2,45
170,0.011891558,0.9787666,2,20,0.012083964,1.002277,2,41,2.0841195e-05,0.8639012,2,73,0.02309587,0.96390885,2,109
171,0.012154112,0.96334517,2,20,0.0,0.96536434,2,41,0.00022396017,0.94002837,2,61,0.046280455,0.92009676,2,81,0.0,0.97663,2,102,0.0,0.8414652,2,122,0.0,0.889229,2,142,0.0,0.71807,0,162,0.024501983,0.6424666,0,200
172,0.0071854535,1.0381762,2,21,0.0071170074,1.0645412,2,49,0.007216397,1.0394683,2,72
173,0.008471924,0.99473923,2,28
174,0.0036794092,0.9806337,2,21,0.0,0.99597913,0,41
175,0.0,0.91293204,2,20,0.0027366567,0.8648118,2,40,0.11339168,0.6577424,0,60,0.050030045,0.66691864,2,80,0.005352421,0.7260221,0,100,0.057572745,0.7498313,2,121,0.06392648,0.5654853,2,144,0.009249771,0.487959,0,164,0.012294968,0.42697328,2,200
176,0.026027674,0.9671963,2,22,0.0007054534,0.9301171,2,52
177,0.005031149,0.95411605,2,29
178,0.023913352,0.9188739,2,23,0.009037284,1.0327713,2,44,0.01758018,1.0126863,2,71,0.011156882,0.9570477,2,107
179,0.010572261,0.9972995,2,52,0.0,0.9199215,2,74,0.0027796708,1.0412279,2,94,0.029263632,0.9901776,2,116,0.01585586,1.0414971,2,138,0.025411343,0.9937606,2,158,0.034091957,0.9848032,2,178,0.024472969,0.97640973,2,200
180,0.01141104,0.95952326,2,23,0.0073514837,1.0158677,2,50,0.0,1.0600803,2,71,0.00212122,1.0219436,2,113,0.0015022374,1.066584,2,136,0.0,1.106244,2,156,0.0050558764,1.0345659,0,178,0.0025385641,0.9319236,2,200
181,0.0,0.9095833,2,20,0.010928204,0.95429885,2,40,0.043112397,0.79558545,2,61,0.011455366,0.6869782,2,81,0.0062736534,0.6142337,2,102,0.032716963,0.4823946,2,124,0.03555674,0.48193198,2,144,0.05139538,0.634752,2,164,0.04459713,0.6044314,2,200
182,0.019511798,0.9561842,2,20,0.010641432,0.9610227,2,41,0.012832155,0.88227403,2,61,0.007870475,0.8791629,2,81,0.0,0.6921312,1,101,0.003933728,0.7450624,2,121,0.013790335,0.88514245,2,141,0.0,0.5551594,0,162,0.0,0.60193235,2,200
183,0.011375139,0.9324382,2,21,0.03359657,0.94249463,2,53
184,0.014205682,0.9327928,2,20,0.0035313994,0.9898787,2,59
185,0.018456634,0.99651086,2,30
186,0.010048081,0.98723674,2,21,0.0119552985,0.9129111,2,41,0.022000065,0.91556275,2,62,0.0013970688,0.92260504,3,82,0.00827509,0.8856155,2,102,0.01332326,1.1394215,2,122,0.0016065348,1.0783279,3,142,0.008387671,0.97058266,2,162,0.033495177,0.9187059,2,200
187,0.026580956,1.009743,2,20,0.0013929935,1.012009,2,40,0.0,0.99693763,2,60,0.0,1.006986,0,81,0.003229471,0.9960066,0,104,0.0069017224,1.0274702,2,124,0.026341135,0.9805996,2,148,0.024295826,0.962483,2,176,0.011538935,0.9201498,2,200
188,0.027540484,0.96867627,2,20,0.016585268,0.88765764,2,41,0.013690637,0.9548337,2,61,0.014298892,0.94729215,2,83,0.0011660511,0.9121789,2,108,0.03524017,0.92008215,2,131,0.011103062,0.87309504,2,151,0.00026236716,0.86433613,2,171,0.019347396,0.98026145,2,200
189,0.013225856,0.8901327,2,25,0.023573412,0.9668381,2,63
190,0.0,1.0534627,2,32
191,0.0,1.0420665,2,27
192,0.0044860006,1.0122132,2,24,0.0053327875,1.0129628,2,46,0.0066201175,1.0841725,2,66,0.0,1.1146691,0,87,0.0040924237,1.0234601,0,108,0.0,1.042005,2,129,0.012023639,0.9902952,0,151,0.014074409,0.9973792,2,177,0.00027863908,1.0105145,2,200
193,0.010668943,0.84366685,2,20,0.0,0.8736184,2,44,0.0,1.0152855,2,70,0.014142426,0.91779363,2,91,0.0,0.7812745,2,111
194,0.007986075,0.95214045,2,20,0.016798038,0.8375999,3,41,0.0060518105,0.81543624,2,61,0.015715593,0.77637905,2,87
195,0.013247086,0.8314516,2,20,0.011812388,0.7646928,2,40,0.019463442,0.60692656,2,76
196,0.023199573,0.9898152,2,23,0.0,0.935578,2,43,0.0,0.62449694,2,64
197,0.011920551,0.9041727,2,20,0.013451942,0.9445671,2,41,0.0325085,0.8600138,2,69,0.014686289,0.8550739,2,89,0.009980479,0.96550554,2,121
198,0.008200861,0.92816,2,20,0.007526119,0.8880449,2,41,0.012162239,0.8537415,2,61,0.060545646,0.71105826,2,81,0.03500474,0.6061102,2,101,0.049224596,0.68439776,0,122,0.018449286,0.66761297,2,142,0.032750167,0.72956735,2,165,0.07016654,0.7655789,2,200
199,0.033497043,1.0149106,0,20,0.021157173,0.96187323,2,45
200,0.00069674855,0.865911,2,20,0.009331684,0.80541176,2,41,0.026022572,0.81154907,1,61,0.0,0.96076524,2,81
201,0.004974035,0.97368497,2,20,0.040312972,0.96524817,2,45,0.012024878,1.0141622,2,65,0.0,0.8301484,2,86,0.004310048,0.9295705,2,107,0.03478369,0.96480113,2,127,0.0,1.0136238,2,147,0.0,0.9782239,2,167,0.09797605,0.9622376,2,200
202,0.023616726,0.9413891,2,20,0.025477478,0.77139974,2,40,0.004617954,0.88003635,0,60,0.0,0.70690304,2,80,0.041011326,0.936209,2,100,0.0,0.8631869,2,123,0.0,1.1164169,3,143,0.0,0.736819,2,163,0.0023479783,0.4129222,0,200
203,0.0046546427,1.0067929,2,23,0.007463639,0.990914,2,43,0.008152954,0.97709954,2,63,0.0,1.0053036,2,83,0.004400204,1.048047,2,103,0.004788789,0.98859835,2,132,0.0192707,0.9467678,2,154,0.00700651,0.94073164,2,174,0.012413913,0.9951026,2,200
204,0.020639373,1.0016364,2,20,0.011231145,0.9608739,2,43,0.0,1.0135865,2,66,0.008401508,1.0300845,2,87,0.013667288,1.0295522,2,107,0.013455739,1.0110145,2,127,0.0028900933,1.056814,2,200
205,0.0,0.8729499,2,20,0.0,0.65834546,2,40,0.0,0.4913485,1,60,0.0,0.52647114,2,82,0.0,1.0145941,2,106,0.0,0.88374364,2,126,0.0,0.5663313,1,146,0.0,0.716935,2,166,0.009859072,0.43995962,2,200
206,0.028628858,0.91741073,2,21,0.034677036,0.95506775,0,41,0.071961224,0.8689683,2,62,0.0,0.91833574,2,84,0.10474523,0.555601,0,104,0.027084248,0.5350728,2,125,0.011708222,0.6857396,2,152,0.038013358,0.8088504,2,172,0.0,0.564856,2,200
207,0.010394437,1.0168723,2,20,0.0022371463,0.949502,2,42,0.023507811,1.0289919,2,63,0.00059555937,1.0328251,2,83,0.019657042,0.99552023,2,103,0.00016530746,1.0141948,2,129,0.0082355505,0.9413478,2,150,0.026528481,0.86658514,2,171,0.0,0.90275264,2,200
208,0.008238133,0.9104705,2,23,0.0,0.95035714,2,72,0.007868552,1.0150896,2,96,0.0051811347,1.0202725,2,135,0.005944057,0.99207246,2,155,0.020766726,1.0245446,2,176,0.013592365,1.0136622,2,200
209,0.017971013,0.91564274,2,20,0.0010564594,0.91789764,2,48,0.0479609,0.865831,2,69,0.0,0.8450441,0,90,0.012091724,0.8912848,2,110,0.03137965,0.8133556,0,130,0.0013411319,0.79078054,2,151,0.020376053,0.9582501,2,200
210,0.046472896,0.8839148,2,20,0.0,0.909095,0,40,0.012248723,0.9118626,0,61,0.0,0.811113,0,81,0.0,0.5794532,2,101,0.0,0.8012708,2,121,0.0011249721,0.90845346,2,142,0.0,0.8047723,0,164,0.014071476,0.65107244,0,200
211,0.00906437,0.8853463,2,20,0.022493636,0.913123,2,40,0.0,0.83034104,2,60,0.009482954,0.7451333,0,83,0.0,0.7667327,2,103,0.0,0.8286476,0,123,0.048364878,0.70799077,0,143,0.022105984,0.61464804,2,163,0.05830986,0.5677706,2,188
212,0.0,1.0235983,2,20
213,0.031963855,0.9260866,0,20,0.01706079,0.8575127,2,44,0.015975237,0.81110585,2,64,0.002429635,0.8021528,2,84,0.020467268,0.7889589,2,104,0.02813152,0.8777345,2,124,0.021381188,0.84853,2,145,0.033888496,0.80482805,2,165,0.009040937,0.8921877,2,200
214,0.020989427,0.99020064,2,20,0.01028846,1.0579087,2,40,0.0,1.0053585,2,66,0.0,1.0942967,2,92,0.0,1.1395282,2,112,0.0,1.1723315,2,133,0.0,1.0760263,2,154,0.002584643,1.0528425,2,175,0.0016648164,0.97194123,2,200
215,0.021308942,0.97706693,2,22,0.003033603,1.0488374,2,54,0.02169703,0.94289374,2,78,0.006946309,0.9626087,3,98,0.047326766,0.89838773,3,118,0.00017232393,0.8910259,2,138,0.0,1.0261133,2,158,0.0,0.7126918,2,179,0.01565022,0.79666585,0,200
216,0.0043443544,1.0584921,2,22,0.0015271576,1.0368109,2,49,0.034296665,0.9067956,2,69,0.02571994,1.040023,0,89,0.0,0.88705885,2,109,0.0,0.80803907,2,132,0.019795487,0.872361,2,152,0.0041539324,0.9351053,2,172,0.02224805,0.9165886,2,200
217,0.0,1.0340157,2,20,0.004670651,0.9586812,2,40,0.028095968,0.91419864,2,70,0.008477488,0.8745803,2,93,0.013456242,0.8857931,2,121,0.017030267,0.88072985,2,143,0.008803762,0.9202659,2,165,0.0062735723,0.9520219,2,200
