0,0.0074526314,0.96969366,2,37,0.0,0.9138182,2,58,0.0,0.85321206,2,78,0.007243991,0.6909489,2,98,0.0,0.50025487,1,120,0.0,0.38384506,1,145,0.0,0.54841155,1,165,0.0,0.71123964,1,200
1,0.007836468,0.9362856,2,20,0.039133694,0.89641744,2,40,0.0022476434,1.0599953,2,60,0.0,1.1000335,2,80,0.0043440014,1.1280448,2,119
2,0.011224075,0.83753586,2,21,0.0,0.8314825,2,41,0.022703404,0.82622164,2,61,0.032906283,0.6997239,2,81,0.0,0.6147531,2,101,0.057888065,0.4370913,2,122,0.025200231,0.6310226,2,143,0.0,0.53630215,3,163,0.0,0.78766155,2,200
3,0.010007896,1.0061283,2,20,0.0037244833,1.0302238,2,40,0.0017976562,1.0641917,2,74,0.0,1.0337654,2,94,0.010034939,1.0290183,2,116,0.008188024,1.0263326,2,136,0.0,1.0578632,0,161,0.00081838085,1.1191425,2,200
4,0.014475681,1.011891,2,28
5,0.016033605,0.98302305,2,20,0.0013688848,0.8993144,2,41,0.0,0.94272536,2,64
6,0.0066499105,1.0217997,2,20,0.002711706,0.97428083,2,43,0.0,1.0534728,2,63,0.00032924506,1.0087186,2,98,0.007849628,1.0003426,2,132
7,0.00062879175,1.0228465,2,25,0.008568942,1.0039618,2,45,0.007203677,1.010014,2,65,0.010665077,0.9729196,2,85,0.013970721,0.980619,2,109,0.03488921,1.0376561,2,129,0.0001364572,1.0365353,2,149,0.0038059605,1.0855429,2,175,0.0019016361,1.0760934,0,200
8,0.0032440464,1.0399547,2,22,0.0,1.0388117,0,55,0.0,1.0006139,0,94,0.0,1.0291178,0,156,0.0009870407,1.0675747,2,177,0.009751943,1.031415,2,200
9,0.0044772727,0.93092734,2,29,0.015229653,0.85891753,2,49,0.011819151,0.8969374,2,69,0.0066308985,0.80784404,0,89,0.021987777,0.75747645,2,109,0.07123639,0.5993181,2,129,0.010346554,0.7004501,2,151,0.040242158,0.7136838,0,171,0.09359484,0.54482377,2,200
10,0.020454926,0.94255465,2,20,0.032837585,0.9238977,2,42,0.02815026,0.83644545,2,62,0.0688105,0.7107583,0,83,0.043864273,0.42806682,0,103,0.036822364,0.5775559,2,128
11,0.01845869,1.0019504,2,35
12,0.020399285,0.9576227,2,21
13,0.005699829,1.0571249,2,21,0.0063569834,1.0523049,2,41,0.019170899,1.0375065,2,66
14,0.022570204,0.9615716,2,21,0.04183196,0.9615324,2,42,0.0035315459,0.9441373,2,70
15,0.0,1.0682069,2,23,0.0023456016,1.0665922,2,64
16,0.02587307,0.9448358,2,20,0.0038983512,1.1160924,2,40,0.0,1.0525868,2,63,0.0,1.0620558,2,83,0.0045017386,1.0979936,2,106,0.015632603,0.9718254,2,126,0.005029042,0.93167084,3,146,0.0,1.0183418,2,166,0.0026297034,0.86229014,2,200
17,0.020281047,1.0099858,3,20,0.003865505,0.97397405,2,40,0.021407101,0.95317584,2,60,0.03234258,0.8050153,0,82,0.025252795,0.5944699,2,102,0.018239522,0.6859571,2,122,0.035169028,0.57357484,2,142,0.007533164,0.7312671,2,162,0.08198623,0.65987426,2,200
18,0.022387158,0.98929757,2,20,0.006561393,0.9271568,2,45,0.022055661,0.93298733,2,65,0.014742891,0.93422097,2,86,0.030337686,0.9205379,2,110,0.002065372,0.9664398,2,153,0.0023140488,1.014259,3,173,0.0072670225,1.0596089,2,200
19,0.006969577,0.9740983,2,20,0.0040342673,0.95700264,2,40,0.0,1.0197654,2,62,0.0,1.05261,2,92,0.0,0.9331486,0,113,0.0,1.0223868,2,152,0.0,0.9541734,2,172,0.01037694,1.0549713,0,200
20,0.003932514,0.9352417,2,20,0.013595368,0.9316491,2,41,0.010915767,0.9501588,2,62,0.014688773,0.9260103,2,82,0.00080758316,0.9644251,2,102,0.0034170528,1.0529733,2,123,0.013008715,1.0765944,2,145,5.5610315e-05,1.1389191,2,170,0.0006392484,1.1242068,2,200
21,0.036412876,0.98000574,2,20,0.0090800915,1.0152284,2,40,0.0,1.0614206,2,64
22,0.0,1.0711911,2,34,0.0,1.0597551,2,55
23,0.014771245,0.9104403,2,20,0.011163521,0.9997069,2,51
24,0.010573883,0.95931923,2,26
25,0.00649045,0.91501737,2,21,0.03507512,0.8689901,0,41,0.024234561,0.88305837,2,61,0.015268241,0.81300306,0,81,0.0,0.7912927,0,103,0.0019662795,0.69166815,2,123,0.018033322,0.75475305,2,143,0.0038981563,0.62279785,1,163,0.008701734,0.7087242,1,188
26,0.006059947,1.0498426,2,38
27,0.008589335,0.99198663,2,20,0.011725053,0.8963478,2,40,0.0049255863,0.84991866,2,60,0.0,0.72178143,2,80,0.0031096162,0.7405976,2,100,0.0,0.84168035,2,120,0.0043931887,0.8182787,2,140,0.047015052,0.9983878,2,161,0.011747064,0.8686424,2,200
28,0.061400793,0.8249116,2,20,0.007963211,0.77165854,2,40,0.0,0.7920272,2,61,0.016348017,0.6456734,2,82,0.0033738837,0.69076455,2,102,0.0,0.3646816,0,122,0.09872215,0.36502194,2,142,0.17901018,0.29445556,0,165,0.085204914,0.3784035,2,200
29,0.012964705,0.9474083,2,23
30,0.013669967,0.9309297,2,28,0.0,1.0065527,2,48,0.010283317,0.86159325,0,68,0.004108067,0.9448664,2,92,0.02072958,0.96822035,2,112,0.0215132,0.83483726,0,132,0.011561921,0.6322093,0,153,0.00015675361,0.6857192,0,175
31,0.0058800583,1.0700527,2,23,0.0,1.0361224,2,46
32,0.008335654,1.0084105,2,31
33,0.010562,1.0360751,2,24,0.0,1.0742933,2,48,0.0,1.0598676,2,69,0.0007919228,1.0331336,2,131
34,0.015341935,0.8781808,2,21,0.0,0.7035723,2,41,0.003913821,0.46708852,3,64,0.0,0.6671722,2,84,0.04688519,0.50664705,1,104,0.0,0.4981687,1,124,0.026168685,0.47755936,1,146,0.0,0.3932806,1,166,0.043192286,0.62084085,2,200
35,0.0049558743,1.0222962,2,21,0.008105823,1.0109214,2,41,0.0,0.90834826,2,62,0.03730306,0.82534015,2,82,0.0026709235,0.9481227,2,103,0.0007517108,1.0209992,2,123,0.0018708181,1.0528644,2,146,0.00050696905,1.0963643,2,169,0.0008208378,1.0946113,0,200
36,0.0023563919,1.0240571,2,47
37,0.0009092457,0.88763714,2,20,0.04033723,0.8007355,0,42,0.0,0.9365404,3,64,0.0,0.80959445,2,85,0.011423695,0.8904871,2,105,0.002757538,0.5635958,2,125,0.0012249474,0.8092922,2,145,0.0,0.71421194,2,165,0.08706931,0.7561716,2,200
38,0.0,1.0463767,2,21
39,0.0,1.0493243,2,30
40,0.011096392,1.005384,2,27,0.0295751,1.0202891,2,47
41,0.0,1.0727788,2,25,0.0037547294,1.0295254,2,46
42,0.0,0.9916852,2,20,0.026214913,0.9549325,2,41,0.0088691395,0.93146944,2,61,0.0,0.9647509,2,81,0.0018002462,1.0040224,2,101,0.008003562,1.00265,2,121,0.0,0.98441696,2,141,0.0,1.0253174,2,161,0.015790774,0.95789623,2,200
43,0.014540843,0.9537213,2,22,0.006233522,0.9856725,2,47,0.009941101,0.92223823,2,67,0.0,0.87137604,2,88,0.017165657,0.97079915,2,109,0.011307417,0.7491306,2,129,0.0,0.6019814,2,149,0.0,0.651152,2,169,0.0097825425,0.6908746,1,200
44,0.0017950947,1.019173,2,21,0.001342988,1.0750462,2,41,0.0,0.9848976,3,63,0.0012077675,1.0514003,2,84,0.0023540037,1.0098379,2,107,0.0027832717,1.037995,2,129,0.004699113,0.9844698,2,155,0.005124558,1.0199524,2,179,0.0,1.0670815,2,200
45,0.0039210236,0.9552062,2,20,0.009910518,0.972737,2,40,0.037550125,0.8925029,2,61,0.0035705501,0.8578374,2,122,0.0,0.69129765,2,149,0.0008670751,0.821549,2,173,0.020951448,0.88530976,2,200
46,0.004727504,1.0370755,2,23,0.0,1.030488,0,60,0.0027266887,0.96909356,0,87,0.0,0.98969114,0,107,0.0,1.0161384,0,128,0.0,1.0150278,0,149,0.0,1.0168421,0,169,0.001702809,1.0259938,0,200
47,0.011936663,0.9633416,2,20,0.017128443,0.9226475,2,40,0.08693974,0.9051382,2,60,0.0,0.9922247,2,80,0.0008182855,1.0762551,3,100,0.002294097,1.0244544,2,127,0.0129107535,0.9161948,2,159,0.009401572,0.9954144,2,179,0.029299537,0.9655749,2,200
48,0.012783358,1.0210873,2,22
49,0.027046992,0.9742251,2,23,0.041197147,0.96869826,2,48,0.020531828,1.0208274,2,81
50,0.0,0.996998,2,20,0.003633814,0.9165111,2,43,0.0,0.9470614,2,63,0.0,0.88430375,0,84,0.0,0.8604757,0,105,0.0,0.9119467,2,126,0.037790272,0.83579826,2,146,0.024868315,0.8034304,2,168,0.007988973,0.75381607,2,200
51,0.0,1.0542907,2,20
52,0.0076245437,0.9619361,2,25,0.010102957,0.9551687,2,64,0.0021889932,0.9502503,2,84,0.006243541,0.9402176,2,105,0.012644732,0.9346353,2,126,0.0054014497,0.9137761,2,146,0.0,1.0359029,2,166,0.0049826717,0.9720034,2,200
53,0.004898137,0.9372161,2,21,0.05553192,0.90961105,2,41,0.00944414,0.9832418,2,70
54,0.0050325803,0.9779888,2,22,0.004604718,0.9780342,2,42,0.023607815,0.94032896,2,62,0.0,0.98011434,2,85,0.0,1.0425031,2,134,0.0,1.0255084,2,155,0.0,0.98770344,2,176,0.0077384394,0.99077505,2,200
55,0.01528077,0.9096874,2,20,0.0011591932,0.96731204,2,42
56,0.006716531,0.9268241,2,20,0.03172971,0.92905444,2,40,0.008796646,0.8092229,2,60,0.023621991,0.88819885,2,80,0.0,0.962042,2,100,0.0039026812,0.93762624,2,120,0.019268777,0.87447846,2,140,0.0,0.8919236,3,161,0.0007896415,0.94898957,2,200
57,0.0,0.95536804,2,20,0.019452667,0.9840784,2,44,0.031354167,0.9476366,2,64,0.024823552,0.9022277,0,84,0.035628382,0.96077377,2,104,0.03293841,0.94753444,2,134,0.02085489,0.9445976,2,160,0.016453099,0.95097196,0,180,0.04445201,0.9601573,2,200
58,0.02641349,1.0008776,2,20,0.0,1.0676059,2,40,0.0103645,1.0382787,0,60,0.009088414,1.0646605,2,80,0.0,1.0192906,2,100,0.0044840993,1.0120261,2,120,0.0025348202,0.9306718,2,140,0.0062349266,0.99481106,2,175
59,0.011945632,1.0239438,2,22,0.03250294,0.98582476,2,42,0.013386001,0.9590867,2,62,0.0,0.8291513,2,83,0.0,0.7862383,2,103,0.0,0.6613165,2,125,0.0,0.759026,2,147,0.0,0.8686904,2,167,0.0015112163,0.9807062,2,200
60,0.0041257944,1.0106552,2,20,0.0010271055,0.9846131,2,51,0.03205303,0.8112787,2,71,0.0006022266,0.9267079,2,91,0.0,0.8255872,0,112,0.010864298,0.7929139,2,132,0.0056462707,0.84743494,2,155,0.0,0.9322985,3,175,0.011390465,0.8723832,0,200
61,0.01854884,0.89525497,2,21,0.0,1.0230075,2,41,0.006058619,1.0155706,2,63,0.016866688,0.9683346,2,85,0.012168475,0.91494596,2,105,0.031288467,0.84489954,2,125,0.02036179,0.8546993,2,145,0.025811242,0.85510314,2,174
62,0.00060412224,0.9266075,2,21,0.0035867314,0.91157943,2,47
63,0.009282258,1.0115991,2,49,0.0,1.0277747,2,72,0.019929094,0.9678383,2,94,0.009542416,0.99614334,2,128,0.0,0.9303092,2,163
64,0.0427947,0.94906014,2,20,0.007286695,1.0221528,2,40,0.039206076,0.8709167,2,60,0.007991552,0.8237008,2,80,0.0014136238,0.83122796,2,101,0.0,0.63684624,2,122,0.025523977,0.4715387,1,143,0.0,0.55523074,2,164,0.0006200841,0.7290242,2,200
65,0.0038239704,0.9826163,2,26,0.0103137605,0.9948288,2,46,0.015181596,0.9992846,2,66,0.00805136,1.0300967,2,86,0.010706139,1.0155351,2,106,0.011360687,0.95122886,2,140,0.0072396533,0.96813774,0,161,0.001333842,1.0265764,2,200
66,0.0008946825,0.9718016,2,28,0.020511962,0.98992056,2,50,0.07119067,0.8980543,2,70,0.044987798,0.97986627,2,97,0.022112733,0.8444368,2,125,0.0032665657,0.978995,2,149,0.005841,0.9711921,2,171,0.0010257764,1.0468221,2,200
67,0.013280865,1.0079886,2,34
68,0.0073868292,0.9827364,2,21,0.0,1.0847535,3,41,0.0,0.94960994,2,63,0.0,1.0852293,2,89,0.0,1.0541421,2,111,0.0,1.0182002,0,132,0.004658838,1.0425968,2,152,0.0030589374,1.061164,2,200
69,0.017744198,0.93541837,2,25,0.008227942,0.93870294,2,48,0.0034830316,1.0958544,2,68,0.002679334,1.0532787,2,103
70,0.015870765,0.97689426,2,21,0.037831776,0.92060107,2,41,0.018312197,0.90230703,2,73
71,0.005610086,0.7740189,2,20,0.0,0.6122048,3,40,0.0,0.6744988,2,60,0.0,0.7190193,2,80,0.0,0.7703721,3,101,0.005663361,0.63952553,0,122
72,0.026141685,0.83976287,2,20,0.0014569701,0.8384592,2,40,0.0,0.7633467,2,60,0.0,0.8596859,2,81,0.0075741634,0.63734895,2,103,0.0,0.53493464,1,123,0.0,0.7331528,2,143,0.02899288,0.46190995,2,163,0.028916186,0.5254949,1,200
73,0.0006727761,0.9901745,2,25,0.029639518,0.9726957,2,45,0.01330432,0.9219012,2,65,0.0038527458,0.9467189,2,93
74,0.008696799,0.97866225,2,23,0.09017939,0.9398845,2,60
75,0.00865577,0.9866191,2,21,0.01586128,0.94695526,2,42,0.004458929,0.9347156,2,62,0.053025633,0.93050337,2,82,0.034563757,0.93818796,2,102,8.323202e-05,0.8098396,2,122,0.008724423,0.8614174,3,142,0.03598258,0.8972685,2,162,0.009093709,0.91986483,2,200
76,0.011924627,0.99295115,2,21,0.0021051252,0.9567027,2,42,0.0137777105,0.95393735,2,70,0.016158435,0.9940258,2,90,0.0070873927,1.0192345,2,112,0.025179043,0.97131836,2,132,0.040543467,0.9274951,2,153,0.02198624,0.9343349,2,173,0.023653485,0.9091598,2,200
77,0.0015137224,1.0600889,2,20
78,0.0056040846,1.0853062,2,20,0.013197923,0.9921343,2,40,0.010441473,1.0339429,2,65
79,0.01223063,0.9937606,2,20,0.05201311,0.99176407,2,40,0.042421926,0.90868795,2,62,0.021136515,0.98726743,2,86,0.005645817,1.0146029,2,112,0.005558321,0.98041266,2,132,0.012643432,0.9662425,2,152,0.012759553,0.9773083,2,175,0.012638457,1.001775,2,200
80,9.983573e-05,1.0354141,2,20,0.0,0.8623665,2,40,0.0,0.70425975,2,60,0.015025711,0.68823457,2,80,0.009245265,0.6989644,2,114
81,0.012913147,0.97338474,2,20,0.0035970304,0.90657365,2,40,0.03751203,0.8911724,2,60,0.007971897,0.9642062,2,80,0.07791191,0.8896594,2,100,0.040133856,0.9016626,2,123,0.0,0.918215,2,143,0.049621888,0.6990775,2,164,0.10394418,0.5456647,2,200
82,0.0074509564,1.0115974,2,23,0.0,1.061831,2,45,0.002433337,0.9971673,2,65,0.054132264,0.94564855,2,85,0.100895,0.9568559,2,105,0.059998486,0.98445684,2,134,0.08058859,0.9726785,2,158,0.09308299,0.9780189,2,200
83,0.008906022,0.9921986,2,22,0.005348603,1.0531676,2,42,0.0008107891,0.99030066,2,62,0.0048538656,0.95513296,2,82,0.009885418,1.0021192,2,106,0.017877268,0.8820528,2,126,0.021781687,0.84458745,2,147,0.041940544,0.9690086,2,169,0.06070995,0.89851445,2,200
84,0.022628471,0.8317715,2,23,0.025984958,0.973155,3,43,0.002326196,0.8052241,2,64,0.018394828,0.78640836,2,92
85,0.028441029,0.92433256,2,28,0.022482801,0.907246,2,49,0.0,0.81064844,2,70,0.002775237,0.8767657,2,90,0.016962957,0.7752407,2,113,0.012195697,0.8977009,2,133,0.0097479075,0.8984645,2,153,0.0,0.9543272,2,176,0.0045363526,0.9325666,2,200
86,0.0055629453,1.0139904,2,21,0.0028210878,0.93650347,2,45,0.000209983,0.8837708,2,66,0.0056349128,0.9589074,2,89,0.019277368,1.0178809,2,109,0.0,1.0463722,2,134,0.020028224,0.9933796,2,156,0.0,1.0712299,2,176,0.00061350706,0.9744069,3,200
87,0.016410703,0.94805765,2,20,0.002511287,0.988968,2,40,0.0,0.8002353,0,61,0.014014401,0.9476448,2,82,0.0,0.92431,2,102,0.0,0.963751,0,122,0.0,0.74524164,2,142,0.009701593,0.6361335,2,163,0.065774895,0.6396515,2,200
88,0.010707547,0.9128447,2,21,0.0,0.99393094,2,49
89,0.0071873087,0.9844825,2,30
90,0.0029331823,1.0262775,2,20,0.0,1.0949218,0,48
91,0.0,0.9421444,2,21,0.015216676,0.96005756,2,41,0.027639668,0.9063571,2,61,0.0,0.9009837,2,82,0.015647376,0.87730634,2,104,0.0,0.8193011,2,124,0.0132242385,0.90242606,3,144,0.004944739,0.85822994,2,164,0.055334304,0.7816893,2,200
92,0.00031758862,1.048351,2,40,0.0,1.0736694,2,63
93,0.016277887,0.9832386,2,23,0.049324144,0.8337752,2,43,0.061854232,0.924241,2,64,0.018191637,0.88013685,2,86,0.022375738,0.9659597,2,107,0.017305119,0.8781082,2,129,0.016094891,0.9495087,2,151,0.020545062,0.88163006,2,171,0.014412389,0.9427025,2,200
94,0.0037319246,1.0147743,2,20,0.0037674876,1.0483289,2,46,0.0070471168,1.0089703,2,67,0.0,1.0061542,2,88,0.0005347638,1.0450629,2,110,0.0020893025,1.0488229,2,135,9.253398e-05,1.0767682,2,155,0.0,1.0694741,2,177,0.004912031,1.0701375,2,200
95,0.0023384728,0.95185804,2,20,0.00569585,0.9030609,2,41,0.008150157,0.9019421,2,61,0.0,0.91698277,2,81,0.017782642,0.85941935,2,101,0.0,0.92907035,2,121,0.0036655376,0.9444261,2,147,0.014899823,0.9336933,2,169,0.015830038,0.895914,2,200
96,0.0067636906,0.9482169,2,20,0.0073651047,0.9093667,2,40,0.016423326,0.9623132,2,60,0.0010668108,0.9906723,2,80,0.0143639,0.8744068,2,106,0.04008373,0.8573644,2,128,0.012807747,0.49231076,0,148,0.009744445,0.363546,1,168,0.0046666446,0.3424727,0,200
97,0.010909801,1.0389298,2,29
98,0.016513422,1.0254228,2,20,0.005243675,0.95959425,2,40,0.012229391,1.055085,2,62,0.015930159,0.968844,2,88,0.0,1.0747633,2,108,0.0,1.1222212,2,128,0.0,1.0755587,0,150,0.009700651,1.0393233,2,170,0.0048866677,1.0858027,2,200
99,0.035233136,0.8837153,2,20,0.037272803,0.8592509,2,40,0.03108782,0.8763674,2,60,0.010861241,0.8030641,2,82,0.0,0.7250925,1,102,0.027584683,1.0912052,3,122,0.01443572,1.0498834,2,143,0.0,0.74073064,1,166,0.022485357,0.7705097,2,188
100,0.0009901742,0.8851627,2,20,0.027128367,0.8890703,2,42,0.0,0.8763181,2,63,0.016217565,0.7790427,2,87,0.042881224,0.6741043,2,123
101,0.0058274255,0.96352386,2,20,0.013889349,1.0064143,2,44,0.0022663283,0.9383486,2,64,0.0,0.78882253,2,84,0.0048130862,0.94479185,2,107,0.008956235,0.7957653,0,132
102,0.011364248,0.9487095,2,20,0.0056118155,0.9094225,2,40,0.0045633228,0.95188147,2,65,0.0005289644,0.9537497,2,100
103,0.014163149,1.0461282,2,24,0.0034145522,0.9679811,2,60
104,0.0,1.0516028,2,20,0.0010162386,1.0284615,2,64
105,0.012380345,0.9880042,2,20,0.0008373603,0.96662664,2,41,0.012509413,0.944245,2,61,0.013147164,0.91106904,2,82,0.025860732,0.8456704,2,103,0.02904125,0.89950687,2,135
106,0.0009805157,0.934353,2,20,0.005091583,0.9910444,2,40,0.0036297638,0.97997475,3,61,0.0,0.9536368,2,81,0.014654987,0.93263054,2,101,0.0,0.77733976,2,121,0.0018410292,0.85746634,2,141,0.018648362,0.8824278,0,161,0.011470359,0.84988683,2,194
107,0.002653712,1.0577949,2,25,0.0,1.0157124,2,45,0.006815832,0.9694997,2,66,0.004180883,1.0104448,2,89,0.017108615,0.87757623,2,109,0.0010736552,1.0178175,2,131,0.019968037,0.95421046,2,152,0.0040023304,0.9453109,2,173,0.02865276,0.89584994,0,200
108,0.003063025,1.054399,2,33,0.0,1.0288827,2,53,0.0,1.1079704,3,78,0.0,1.1258276,3,103,0.0,1.0937313,2,123,0.0,1.0807612,3,143,0.0,1.0451854,2,164,0.0011865147,1.0678334,2,200
109,0.013310787,1.0011619,2,23,0.00011308367,1.0735329,2,44,0.0,1.0868512,2,64,0.0,1.0955019,2,84,0.008415293,1.1108197,2,104,0.0,0.9229555,2,124,0.018959146,0.9463962,2,144,0.0,0.9894761,2,164,0.013726895,0.91759056,2,200
110,0.019200804,0.91601837,2,20,0.015414154,0.94060135,2,40,0.011085853,0.8691041,2,61,0.002781927,0.92795676,2,84
111,0.0,1.0658365,2,21,0.0,1.03768,3,41,0.0026942294,1.051131,2,73,0.0007888813,1.0506384,2,101
112,0.044376865,0.9387984,2,20,0.0,0.9034431,2,42,0.0035704442,0.6057897,0,75
113,0.0074628964,0.9976511,2,22
114,0.012249366,0.9721465,2,31
115,0.0,0.93224,2,20,0.0036639713,1.018887,2,42,0.01722955,1.0162512,2,66
116,0.008063382,0.95897263,2,20,0.06469518,0.8095961,0,41,0.0,0.7909709,0,61,0.022219671,0.7166606,0,81,0.0,0.74890476,2,102
117,0.0033435768,1.0201381,2,22
118,0.011202897,0.8702198,2,20,0.016678683,0.9384445,2,54
119,0.003943001,0.9199037,2,23,0.0,1.0484694,2,44,0.00044901017,1.0766417,2,64,0.016503973,1.01257,2,84,0.003196072,0.9990952,2,105,0.0020662574,1.0165746,2,137
120,0.018404417,0.9939185,2,21,0.004342169,1.010287,2,46
121,0.020958874,0.96460867,2,27,0.028193805,0.9989839,2,52
122,0.03682987,1.0043375,0,20,0.010947169,1.0005198,2,41,0.0020167178,0.98155737,2,61,0.009778828,0.9737892,2,82,0.025218487,0.87535745,2,102,0.008829376,0.9930894,2,122,0.014710477,0.9417492,2,142,0.008574134,0.9225545,2,167,0.011662173,0.96787053,2,200
123,0.0,1.0166162,2,21,0.006089146,1.014983,2,42,0.005464233,1.0218676,2,64,0.006506285,0.99840534,2,84,0.004028299,0.9905154,2,105,0.016727233,0.9832007,2,125,0.016195577,0.94934255,2,145,0.0,1.0688308,2,168,0.0,0.92477345,2,200
124,0.011856987,0.8954356,2,22,0.0002004224,0.8006727,0,42,0.0,1.0181501,2,62,0.0,0.86977404,2,82,0.0,0.90821165,0,103,0.0,0.7083962,2,123,0.0,0.7975018,0,143,0.0,0.6360008,0,163,0.016138515,0.5796327,2,200
125,0.011371611,0.9984134,2,20,0.0,1.001902,0,40,0.00074337184,0.9535957,2,70,0.0011770456,1.0003904,2,91,0.02497773,0.93975496,2,111,0.008689949,0.99478704,2,131,0.0057433583,0.9860271,2,152,0.008910817,0.96691924,2,172,0.0,0.90561277,2,200
126,0.0080704335,0.98485184,2,23,0.011470169,0.9835815,2,50,0.018223973,1.0082774,2,72,0.001045376,0.9840073,2,95,0.0035297412,1.0071182,2,115,0.03735792,0.97904277,2,136,0.0039022602,0.9971632,2,156,0.0,1.0474124,2,176,0.0033973968,1.0415981,2,200
127,0.032491315,0.9811533,2,20,0.01757051,0.92323124,2,40,0.018950086,0.7904666,2,60,0.032131843,0.6728146,2,80,0.018044848,0.7581979,2,109,0.0034823148,0.8002293,2,130,0.01436203,0.7591287,2,151,0.003145455,0.7370879,2,174,0.029776573,0.7468168,2,199
128,0.0,0.9872584,2,21,0.0077854902,1.0487913,2,49,0.0052912757,1.027778,2,69,2.577342e-06,0.9568033,2,89,0.011805824,1.009373,2,116,0.005911666,1.030581,2,136,0.0,1.0156817,2,158
129,0.02647392,0.8642105,2,20,0.007417784,0.9182824,2,40,0.0062620933,0.95616245,2,62,0.033101283,0.8255127,2,82,0.022922723,0.95400417,2,102,0.0,1.0530807,2,125,0.0,0.9884845,2,145,0.017207563,0.9665081,3,165,0.06028459,0.8916722,0,187
130,0.031246604,0.9305945,2,22,0.0,0.9889601,2,42,0.0038970334,1.0742346,2,81,0.008376018,1.0075206,2,102,0.012476609,0.9416093,2,124,0.00072626217,0.81378484,2,145,0.03940277,0.8595554,2,165,0.02298691,0.8927912,0,200
131,0.0,0.93766224,2,20,0.045948222,0.8429974,2,40,0.009234383,0.830478,2,60,0.0,0.7829056,3,80,0.013857149,0.6263499,0,100,0.0,0.51577944,0,123,0.0,0.39598116,0,143,0.025726857,0.7081217,0,165,0.046181705,0.74576867,0,200
132,0.0,0.9699187,2,20,0.0035836995,0.8801757,2,40,0.0,0.89653885,2,61,0.0,0.87986964,2,92
133,0.02988209,0.8767745,2,35
134,0.03112627,0.8515844,2,38
135,0.03788545,0.774511,0,20,0.0,0.83973074,2,40,0.047052905,0.68939936,2,60,0.026077803,0.7415954,0,80,0.04746614,0.63383234,2,100,0.11553788,0.46043772,2,120,0.04179781,0.5078281,2,140,0.016274946,0.5266758,2,161,0.038734194,0.66591007,2,200
136,0.0010164132,1.0844918,2,29,0.0,1.0522037,2,51
137,0.0053253626,0.95012873,2,22,0.0,0.9393877,2,42,0.0,1.0666205,2,62,0.004878955,1.0627393,2,84,0.016491396,0.8888075,2,104,0.03712807,0.82486016,2,125,0.005584468,0.95147246,2,145,0.012311694,0.93247396,2,165,0.023881588,0.9545654,2,200
138,0.010306302,1.0234748,2,22,0.0012346146,0.9171587,2,42,0.0,0.95549583,2,62,0.0,0.8904899,0,83,0.029700655,0.9183074,3,103,0.016631559,0.8589813,2,126,0.026807731,0.92902917,2,146,0.020030022,0.8475429,0,166,0.046153132,0.81141937,2,200
139,0.0,1.0537493,2,21,0.0031351976,1.0766629,2,54
140,0.020603735,0.93780816,2,20,0.004308459,1.068529,0,43
141,0.012151906,0.94676787,2,25,0.02783362,0.94795716,2,46,0.040032923,0.8993707,2,66,0.031314563,0.90651476,2,87,0.0027697436,0.81281215,2,107,0.002544628,0.8131383,2,127,0.011028618,0.9650747,2,148,0.0069183437,1.0051903,2,168,0.0028126212,1.0945859,2,200
142,0.025343496,0.9563694,2,20,0.0,0.9935296,2,41,0.014638844,0.91468465,3,61,0.0,0.8891448,0,81,0.0,0.9243965,2,101,0.0,0.9861408,0,124,0.0,1.0108187,0,144,0.0,1.0053297,2,165,0.012447817,0.8131409,2,200
143,0.001823771,1.0066097,2,22,0.017471133,1.0166957,2,43,0.004462499,1.0810206,2,68,0.012598762,1.166212,2,90,0.011788463,0.96074396,2,112,0.01703113,0.86406314,2,132,0.023390515,0.80358857,2,153,0.012875581,0.8225111,2,175,0.012065449,0.9726361,2,200
144,0.0,0.98525834,2,26,0.002724617,0.84879524,2,50,0.0,0.878059,2,70,0.01183735,0.9988828,2,90,0.0109601375,0.9843441,2,110,0.0041495925,1.062233,2,130,0.032109715,0.99302137,2,150,0.0,0.9403221,2,170,0.0,0.9786063,2,200
145,0.0032023874,0.9683223,2,21,0.010507428,0.9581024,2,41,0.011428827,0.97063655,2,61,0.034947444,0.92129946,2,81,0.022944309,0.93257034,2,101,0.01608699,0.8696926,2,121,0.005960383,0.97358066,2,141,0.015206667,0.97620326,2,161,0.018472416,0.91738117,2,200
146,0.019108552,0.8344142,2,20,0.0,0.7713032,2,40,0.008374038,0.792887,2,63,0.024093894,0.7881642,2,85,0.047722515,0.65928876,2,108
147,0.035182238,0.9489393,2,22,0.0025569361,0.84794223,2,42,0.021389188,0.62156755,0,62
148,0.008418795,1.0517348,2,24,8.554217e-05,1.0818431,0,44,0.03914143,1.0656427,0,68,0.0,1.1228306,2,92,0.002770507,1.0676161,2,113,0.013540186,1.0365297,2,134,0.0011518768,1.0535295,2,155,0.00026999466,1.0109621,2,176
149,0.0077165226,0.91349554,3,20,0.0,0.9991124,2,41,0.0,1.027663,0,61,0.038311157,0.65859044,2,81,0.002508732,0.6988731,0,103,0.0,1.0782536,2,123,0.09961133,0.5489821,0,149
150,0.012513764,0.9769322,2,20,0.010808854,1.0158207,2,46,0.0061166906,1.0931568,2,66,0.005625683,1.0518636,2,86,0.008250766,1.0240474,2,117
151,0.004417133,1.007418,2,28,0.0073548467,0.97263646,2,50,0.0016628671,0.94558555,2,70,0.030480862,0.9196706,2,90,0.046671323,0.8517234,2,110,0.012867548,0.9159708,2,130,0.008834148,0.9049917,0,152,0.0049284855,0.92231303,2,172,0.027963804,0.8714032,2,200
152,0.008515926,0.964404,2,39,0.004375987,0.91142744,2,81,0.0042696856,0.9073967,2,109,0.0017896468,0.94036096,2,132,0.028428515,0.8876875,2,153,0.02309053,0.9191181,2,173,0.015461726,0.90031356,2,200
153,0.012405853,1.0180767,2,20,0.005298394,0.95563984,2,40,0.043745957,0.94217736,2,61,0.0044646384,1.004743,2,84,0.0012502447,1.0825582,2,104,0.0,1.0771822,0,124,0.0035354213,1.0668403,2,150,0.01156093,0.95434964,2,187
154,0.013541269,0.7810122,2,20,0.0,0.87786955,2,43,0.0,0.77511024,1,63,0.0061248736,0.51862943,2,85,0.02042749,0.5554248,2,105,2.95043e-05,0.4251253,1,127,0.0,0.59922993,1,147,0.0,0.7351907,2,170,0.018848088,0.8700978,0,200
155,0.023380566,0.73621005,2,20,0.0,0.7601801,0,41,0.012753214,0.6609874,2,61,0.0,0.56653434,0,82,0.04535553,0.41533226,2,105
156,0.0040301336,0.99112713,2,37
157,0.009330552,0.99715894,2,29,0.0042850347,0.9605764,2,49,0.008377337,0.93651015,2,75,0.0013220303,1.0144898,2,95,0.019429801,0.9739207,3,115,0.011839995,0.95398223,3,135,0.009626429,0.91410995,2,158
158,0.0078071905,0.9957512,2,20,0.00536023,1.0962187,2,47,0.033480667,1.0103471,2,67,0.0064178715,0.94955015,2,88,0.0031391704,0.91555303,2,117,0.0,0.9486963,2,137,0.008096979,0.94806576,2,163,0.0059621576,0.91493773,2,200
159,0.006899259,0.9634341,2,20,0.01620965,1.0012622,2,42,0.010829604,0.9639587,2,68,0.0093528,0.9643714,2,91,0.0,0.9486939,2,111,0.012338858,0.9177277,2,132,0.014976525,0.9797968,2,154,0.017973881,0.99603045,2,174,0.02607287,0.93399245,2,200
160,0.019951338,0.9019779,2,20,0.023411473,0.91748714,2,40,0.017486865,0.91002524,2,60,0.08278716,0.80345243,2,82,0.004925301,0.8670104,2,103,0.021062803,0.8974342,2,128,0.033758454,0.94063735,2,150,0.015479356,0.91620415,2,170,0.017482711,0.9670799,2,200
161,0.004267773,0.99499303,2,24,0.0021871415,0.96236527,2,44,0.0,0.86120874,2,64,0.039846428,0.9226224,2,84,0.010302146,0.98324263,3,104,0.0,0.9189911,2,124,0.04081288,0.7950922,2,144,0.007773877,0.6356058,1,165,0.05071265,0.6181787,2,200
162,0.007192465,1.0186466,2,20,0.0055757533,0.9532682,2,40,0.0009160837,0.9965479,2,60,0.030976498,1.0353992,2,80,0.015792727,1.0213197,0,100,0.002109132,1.0140097,0,121,0.0006620444,0.97909415,2,144,0.008734428,0.9864529,2,173,0.006752353,0.9866741,2,200
163,0.0,1.0136191,2,20,0.0046085184,0.98976535,2,41,0.005588062,0.9518393,2,79,0.0,1.0110364,2,101,0.0,1.0699668,2,123,0.0,1.1116011,3,143,0.0,1.0538229,3,165,0.0023494246,1.0583321,2,200
164,0.006344928,1.0112382,2,31,0.02426567,0.9600483,3,51,0.007857649,0.9688052,2,71,0.027352417,0.88641423,2,91,0.10724895,0.98149014,2,113,0.096277714,0.9956009,2,133,0.18795905,0.92860353,2,158,0.12539281,0.96652573,2,178,0.11061624,0.975923,2,200
165,0.009612723,0.9047045,2,21,0.0038612094,0.722803,2,41,0.0,0.5573877,2,63,0.039928347,0.62015283,1,83
166,0.0,0.9385187,2,25,0.018084306,0.91403663,2,51,0.03654151,0.86895746,2,75,0.012223995,0.9301079,2,98,0.0098593,0.92275053,2,123,0.007137749,0.9583962,2,160
167,0.015700966,1.0207675,2,22,0.006852804,0.958002,2,42,0.017663354,0.8406861,2,63,0.08753437,0.8928405,2,83,0.020213176,0.93511575,2,105,0.012504399,0.90785074,2,133,0.008899867,0.8807252,2,154,0.015837213,0.81665534,2,174,0.03345044,0.7941472,2,200
168,0.0,1.0618435,2,20,0.0014804322,1.0221156,2,40,0.013710721,0.9868666,2,63,0.018937934,1.0090039,2,83,0.004312672,1.006403,2,121
169,0.001309074,0.9975917,2,24
170,0.02390635,1.0448724,2,22,0.02594479,0.9426675,2,43,0.004568019,0.94035447,2,63,0.0029287627,1.0792117,2,89,0.0008739405,1.0248927,2,121
171,0.0022397544,0.9228231,2,21,0.0070446553,1.0358791,2,41,0.020663023,0.94670075,2,67,0.0025639802,1.0686371,2,90,0.0,1.1452008,3,111,0.0,1.1313102,2,131,0.004586828,1.0814332,2,153,0.017773401,0.9722072,2,174,0.0,1.0326197,0,200
172,0.0037975654,0.89054286,2,20,0.0,0.9615656,2,40,0.0118812565,0.92886746,3,61,0.020517997,0.73109996,2,90
173,0.014446933,0.9958033,2,24,0.007439586,0.9125793,2,45,0.00024095304,0.9321293,2,67,0.0,0.9600464,2,89,0.0,0.92907935,3,109
174,0.038414057,0.9627574,2,20,0.012360058,0.8525971,0,40,0.0,0.8058767,2,61,0.014079674,0.90270436,2,87,0.01164184,0.882115,2,107,0.004057285,0.93426293,2,127,0.02018419,0.6947185,2,147,0.010270442,0.71715,0,167,0.0059796777,0.9306933,2,200
175,0.0,1.0266985,2,26,0.0,0.9665821,2,46,0.00045830716,0.99593747,2,74,0.0007859833,0.99502677,2,97,0.0053661894,1.0214528,2,120,0.011273604,0.98288584,0,141,0.011546025,0.9627551,2,180
176,0.0065201465,0.8867156,2,24,0.00075448374,0.96100515,2,45,0.033201504,0.86590147,2,65,0.016144928,0.94785625,2,85,0.07077653,0.90689963,2,105,0.007572263,0.97038424,2,133
177,0.0074953786,1.0345956,2,20,0.004705936,1.0058912,2,45
178,0.002488972,0.9695091,2,25
179,0.0037091367,0.9070779,3,20,0.0,0.77316666,0,58
180,0.004797543,0.97086984,2,20,0.030284444,0.85756123,2,40,0.05657873,0.912492,2,64,0.016989756,1.0068767,2,84,0.0135699,0.9425701,2,105,0.009217979,0.93610746,2,125,0.027137714,0.9259789,2,147,0.04786412,0.83871925,2,167,0.03211031,0.87712204,2,200
181,0.008193721,1.0650067,2,26,0.021402154,1.0614514,0,46,0.003946039,1.1019207,2,66,0.003495198,1.1091341,2,88,0.0007341616,1.0993108,2,114,0.006990188,1.0764205,0,135,0.000339175,1.0924047,2,156,0.007422377,1.0156697,2,177,0.0,1.0150456,2,200
182,0.011070451,0.9834454,2,32
183,0.02932464,0.96017617,2,20,0.008556141,1.0100641,2,41,0.0,0.9147724,2,61,0.019198913,0.80715084,2,81,0.022494605,0.9062369,2,117
184,0.0028190524,1.028211,2,20,0.017954255,1.0223944,2,45
185,0.007309736,0.98765105,2,24
186,0.002021974,1.0284778,2,22
187,0.0249145,0.9881059,2,21,0.0076279514,1.1227716,2,41,0.0013213254,1.1379808,3,66,0.0059797615,1.1800579,3,96,0.0,1.1700021,3,121,0.0065798163,1.1166162,2,153
188,0.0038997426,1.0616139,2,20,0.0,1.0911528,2,42,0.0,1.0775939,3,64,0.00265532,1.0148022,3,86,0.0,1.0337799,2,114,0.0,1.0492946,2,135,0.0019703065,1.0715293,2,168,0.0006387677,1.0764215,2,200
189,0.029978845,0.9873432,2,20,0.020725654,0.888954,2,40,0.00031992394,1.0140722,2,61,0.0,0.91974336,2,85,0.0014828533,1.0709995,2,105,0.00028263667,0.9678871,2,125,0.004461522,0.93354416,0,147,0.007031521,1.0178567,0,181
190,0.010214997,1.0149863,2,27,0.0,1.0805749,3,48,0.005574448,1.0714539,3,74,0.020121753,1.0852808,2,94,0.001959241,1.0890294,2,117,0.0,1.0755023,3,145,0.0062795384,1.1107123,0,165,0.0,1.0995361,0,200
191,0.01751049,0.93325317,2,35
192,0.030304551,0.9451593,2,20,0.009997906,0.94470674,2,43,0.023743024,0.89550847,2,64,0.0,0.821144,2,84,0.0,0.853243,2,104,0.02102127,0.8561033,2,126,0.011194761,0.72607994,0,152
193,0.012275189,1.0253222,2,20,0.0011846775,1.0485561,2,40,0.0,1.0348138,2,61,0.0,1.0133502,2,81,0.0,1.0300878,2,105,0.0,1.0199025,2,127,0.0014020307,1.0094255,2,168
194,0.011091311,0.99054956,2,21,0.00017807233,1.0198611,2,41,0.004598321,1.0722026,2,62,0.015669,1.0751919,2,82,0.009517493,0.92675936,2,102,0.008122658,0.8742747,2,123,0.027205065,0.85641223,2,143,0.032157365,0.9136996,2,163,0.019282395,0.7267795,2,200
195,0.015770644,1.0217651,2,22
196,0.0009942035,1.0361514,2,31,0.00215023,1.0306059,2,52,0.0,1.0205388,2,74,0.0079012625,1.0346922,2,99,0.0,1.0343052,2,120,0.03927514,0.9399289,2,143,0.0080524,0.9854018,2,163,0.01704445,0.93747175,2,200
197,0.0005561139,0.9586471,2,21,0.01934777,0.91772205,2,41,0.010925757,0.95612025,2,68
198,0.01613006,0.9608388,2,20,0.042677216,0.9440985,2,40
199,0.015920442,0.94863105,0,22,0.030379418,0.9293582,2,42,0.03236568,0.9486609,0,63,0.02230345,0.8655961,2,91,0.010444813,0.8193861,2,111,0.019004295,0.8915947,2,131,0.009851539,0.84767866,0,151,0.0,0.8445104,2,171,0.0019760807,0.73050433,2,200
200,0.014522949,0.9813501,2,25,0.016536698,0.95005435,2,46,0.01420444,0.89712983,2,66,0.018788803,0.8965201,2,88
201,0.0,0.9042864,2,20,0.054127797,0.6736517,2,50
202,0.00084332423,1.0716991,2,49,0.0005356488,1.0336539,2,70,0.013058792,1.0327946,2,90,0.010946685,1.019518,3,112,0.0,1.0031794,2,132,0.0,1.0110476,3,158,0.0,1.0687884,2,179,0.0,1.0610653,2,200
203,0.002381996,1.0059015,2,21,0.0,1.1001625,0,43,0.0,1.1032118,2,65,0.0022857068,1.072535,2,87,0.002884638,0.95059407,2,107,0.008444471,0.88450766,2,128,0.031156031,0.94626504,2,150,0.0075135287,1.0329772,2,172,0.018117253,0.89341927,2,200
204,0.031378444,0.9499632,2,20,0.0005946057,0.8660022,2,40,0.005369826,0.7452693,2,61,0.0,0.8912452,2,81,7.77944e-05,0.73201907,2,101,0.0,0.6822774,0,122,0.0,0.8030121,3,142,0.030647833,0.874827,2,165,0.0,0.95245916,2,200
205,0.0077812066,1.0637218,2,36,0.0007306151,1.0160416,2,65
206,0.0,1.019291,2,22,0.009052517,1.0147209,2,49,0.031119933,0.93257684,2,69,0.0010146215,0.89225054,2,89,0.022523139,0.7943029,2,109,0.011644217,0.89443535,3,137,0.0,0.7514821,2,157,0.0,0.5138824,1,177,0.0198394,0.5488181,2,200
207,0.013510369,0.8924077,2,20,0.053852376,0.87872744,2,41,0.018361194,0.9458949,2,62,0.009014914,0.90520465,2,97
208,0.016878083,0.9379934,2,26,0.0023688567,0.78363174,0,65
209,0.0,0.8523936,3,20,0.0,0.699978,0,40,0.0,0.71589994,2,60,0.0,0.93328696,1,80,0.0,0.5990399,0,104,0.023175621,0.6613301,0,125,0.0,0.515589,0,146,0.0,0.7897223,0,167,0.018729147,0.40425345,0,200
210,0.024152372,1.0741053,0,20,0.0082772,1.0778651,2,41,0.004978283,1.0324575,2,62,0.0,1.0773333,2,83,0.006556298,1.0890734,0,104,0.0,1.1514935,2,124,0.004791886,1.0460675,2,149,0.0012200337,1.0856311,2,186
211,0.010354836,1.0111289,2,21,0.0,1.0693779,2,41,0.005409041,1.0504678,2,65,0.00011546795,1.0426599,2,86,0.015985949,0.9774886,2,121
212,0.0,1.0495863,2,32,0.0006066609,1.042335,2,61
213,0.010551882,0.8891907,2,22,0.0,0.9794769,2,42,0.0,0.9156845,2,62,0.0024369052,0.73675436,2,87,0.03707134,0.7896515,2,107,0.0019398096,0.93574065,2,127,0.013154836,0.96704787,2,147,0.0,0.99800855,2,169,0.011632157,0.7503873,2,200
214,0.014208878,0.93696177,2,20,0.0,0.987123,2,41,0.0040147323,0.9765831,2,64,0.01324405,0.8223064,2,95
215,0.016257942,0.9637931,2,20,0.03087376,0.8453906,2,40,0.0,0.7928822,2,66,0.042137418,0.8159444,2,90,0.0,0.7847727,2,110,0.030891478,0.7048495,2,130,0.0022794348,0.91967,1,150,0.0,0.90110844,2,170,0.057899434,0.8032676,2,200
216,0.0,0.9946707,2,20,0.01699526,0.9521877,2,40,0.008080487,0.90164983,2,61,0.026658788,0.983247,2,81,0.021188457,0.9057232,2,104,0.018269943,0.9715158,2,124,0.022572841,0.9198525,2,161
217,0.0049535045,1.0155528,2,20,0.0072741583,1.0176804,2,40,0.023084274,0.92475146,2,61,0.008089545,0.9523698,2,98
218,0.003129343,0.9706084,2,20,0.007688273,0.9311714,2,42,0.01321972,0.8842999,2,62,0.013365455,0.8234655,2,87,0.0,0.83764374,0,108,0.0,0.6076406,1,128,0.014837404,0.62108696,2,148,0.0,0.8564526,2,169,0.021370726,0.8679658,2,200
219,0.01771251,0.9388374,2,20,0.002899858,1.0062284,3,40,0.020435905,0.90065396,2,60,0.0,0.9491002,2,80,0.0278371,0.9533295,2,102,0.025949063,0.922169,2,138,0.03584566,0.91108817,2,158,0.02052398,0.95790195,2,178,0.009273826,0.9589922,2,200
220,0.014989694,1.0232702,2,21,0.0,1.0585139,2,43,0.0,0.96280056,2,69,0.02524851,0.9675207,2,93
221,0.0,0.98435575,2,20,0.0152244875,1.0001913,2,55
222,0.017776392,0.99656576,2,25,0.0,0.95887434,2,50,0.0,0.9710859,2,70,0.0029111984,0.9713314,2,97,0.0,1.0362641,2,125,0.0,0.9777225,2,147,0.0,1.0093511,2,169,0.016821174,0.9697698,2,200
223,0.0021874586,0.9952442,2,24,0.032168996,0.8676281,2,57
224,0.021906994,0.88675946,2,21,0.00034432494,0.77898043,2,44,0.0,0.78950727,2,64,0.04956595,0.81009257,2,84,0.026106453,0.75704634,0,104,0.0017756298,0.62422395,0,126,0.023690555,0.48631254,0,165
225,0.0045695943,0.8183836,2,22,0.01320578,0.8690194,2,42,0.059903704,0.7747645,2,62,0.0011263296,0.9185034,2,82,0.0054792166,0.88704383,2,102,0.004444922,0.95822144,2,123,0.0,0.97543484,3,146,0.01817146,0.7803593,2,181
226,0.007813638,0.90758574,2,20,0.00021597516,1.0374646,2,56
227,0.0002808068,0.93469226,2,20,0.06677253,0.7579469,2,54
228,0.0025416855,0.9013488,2,21,0.07725439,0.553677,0,43,0.054950096,0.5108172,2,63,0.14852913,0.7645607,0,83,0.004964744,0.8575608,2,103,0.023262989,0.8052896,2,123,0.027771141,0.6425559,2,143,0.0028705196,0.6934814,2,163,0.013096815,0.59457177,1,200
229,0.0070690173,0.8090005,2,21,0.0007340652,0.8166097,2,42,0.014252774,0.74890155,2,62,0.03160253,0.72890615,0,83,0.09162805,0.79065347,2,105,0.029588055,0.7328459,2,125,0.007873766,0.61763114,0,145,0.031007476,0.49080178,2,167,0.11873676,0.4570178,2,200
230,0.004678771,1.0530473,2,27
231,0.027508039,0.9803271,2,20,0.023030534,0.9313283,2,43,0.0035931657,1.0102211,2,65,0.011890944,0.89773095,2,85,0.008707033,0.96945345,2,108,0.0,1.0320452,2,130,0.0,1.1606562,2,151,0.0001638053,1.0924456,2,177,0.010995637,1.0470822,2,200
232,0.01929492,0.96252936,2,20,0.0014093368,0.96071726,2,42,0.031646945,0.7674721,2,62,0.028832382,0.65098643,2,83,0.0142245125,0.5001312,2,103,0.0,0.5475544,2,123,0.0,0.3163253,1,144,0.0,0.37932816,2,164,0.0,0.48671505,1,200
233,0.011408415,1.0205251,2,23,0.011115598,1.0133137,2,43,0.020609869,1.0042623,2,69,0.016653396,0.9959508,2,89,0.00057412,0.96017474,2,114,0.0,0.87945735,2,134,0.0,0.87587684,0,155,0.0032208283,0.9153408,2,175,0.007963393,0.9039707,2,200
234,0.0002722144,1.0213059,2,31
235,0.01622839,0.99598324,2,20,0.008054986,0.98159534,2,41,0.0,0.92907274,2,63,0.021349175,1.0053922,2,93,0.0,1.0076576,2,113,0.008060748,0.96922547,2,134,0.007568152,0.92054623,2,166,0.04700754,0.9504951,2,200
236,0.010825055,0.9922566,2,35,0.004834462,1.0455528,3,56,0.0021573391,0.9904992,2,84,0.07637281,0.8645919,2,104,0.022440284,0.88540745,2,124,0.0,1.0470551,2,146,0.017775185,0.89026,2,167,0.020826608,0.7794537,2,200
237,0.05411359,0.9212011,2,20,0.0,0.8912015,2,40,0.013296706,0.9089516,2,60,0.0,0.83771324,2,80,0.013472361,0.9513632,2,100,0.0027305544,0.7867704,2,120,0.0051928037,0.9239715,2,140
238,0.00092733215,1.0698051,2,21,0.0,1.0383052,2,55
239,0.04530123,0.9354407,2,28,0.032631207,0.9173568,2,48,0.03436001,0.9227406,2,68,0.034579407,0.8451247,2,89,0.0059194155,0.9562038,2,109,0.014784248,0.81748635,2,138
240,0.0051967395,0.95943487,2,21,0.010125239,0.93413854,2,42,0.03532337,0.8935687,2,62,0.009420516,0.9134045,2,85,0.028724112,0.9455627,2,106,0.029932339,1.041573,3,126,0.0,1.0154663,3,146,0.028555257,0.95287615,2,167,0.028605914,0.9043281,2,200
241,0.0,0.9655029,2,20,0.0029211044,0.9356189,2,41,0.006415443,0.8735518,2,71
242,0.008082822,0.886863,2,22,0.014108759,0.8778151,2,49,0.013715699,0.9719062,2,69,0.0,1.0433295,2,89,0.0032327818,0.93089116,2,110,0.08688619,0.88057965,2,130,0.043073677,0.8419901,2,156,0.027926303,0.9188399,2,177,0.029105749,0.79325926,2,200
