0,0.012855504,1.008472,2,25
1,0.021775536,0.9764777,2,22,0.0,0.8969079,2,42,0.048625868,0.6951602,0,62,0.0,0.61503196,2,82,0.0,0.93107134,2,105,0.0,0.7290843,2,125,0.0,0.77782714,2,145,0.011575789,0.8184461,2,168
2,0.011488104,0.96673137,2,29,0.017394613,0.8961211,2,51,0.0014889248,0.93283474,2,71,0.0020202291,0.945553,2,104,0.0025682144,0.9388293,2,136,0.033529636,1.0098938,2,157,0.00862937,0.9521271,2,177,0.019982582,0.9747473,2,200
3,0.029473478,0.94451636,2,20,0.006171326,1.0008538,2,40,0.020945644,1.0183828,2,60,0.016076725,0.9797371,3,80,0.04365979,1.0115273,2,102,0.011985461,0.95352113,2,125,0.059163135,0.97334594,2,145,0.03557025,0.9878438,2,165,0.01592399,0.9720614,2,200
4,0.033353932,0.9448077,2,20
5,8.483352e-05,0.9779102,2,20,0.02231681,0.96380055,2,40,0.035404257,0.9110156,2,60,0.0,0.9794243,2,80
6,0.004008757,0.9284132,2,20
7,0.0023554042,0.83729815,2,22,0.0,0.9584524,2,42,0.027096087,0.8763081,0,62,0.0066637155,0.81037986,2,83,0.058036175,0.59667695,2,104,0.04943585,0.6349378,2,135
8,0.011570934,0.971743,2,23,0.015515003,0.97374505,2,73,0.013232916,0.99582714,2,100,0.004270717,1.0679309,2,120,0.0021756086,1.095862,2,141,0.0023734136,1.0353708,2,166,0.0032195305,1.0269661,2,200
9,0.011254562,0.86228657,0,20,0.0,0.9756344,2,40,0.07041882,0.77342194,2,61,0.015806215,0.7852955,3,83,0.01723291,0.7967017,0,104,0.024569647,0.87364864,2,124,0.013109121,0.8238984,2,162
10,0.006017578,0.9905106,2,28,0.008049512,0.99562943,2,48,0.0062078997,1.0138243,2,70,0.010100337,1.0065567,2,90,0.01629995,1.0180992,2,117,0.004370656,1.0407029,2,139,0.0022968065,1.0471714,2,160,0.0017987717,1.026792,2,200
11,0.0030556298,1.0102043,2,23,0.0,1.0672059,2,43,0.0,1.0639869,2,63,0.0,1.0618955,2,83,0.006653957,1.0513223,2,103,0.016907075,0.97633,2,123,0.005242678,0.97801065,2,144,0.0,1.0472107,2,164,0.0030164095,1.1055387,2,200
12,0.01611199,0.91212165,2,21,0.026966434,0.92316926,2,41,0.0,0.88338405,2,61,0.012704925,0.9364585,2,88,0.016939044,0.97047085,2,110,0.0029531326,1.0277611,2,143,0.0043493747,1.0385202,2,168,0.0014698103,0.961825,2,200
13,0.0029767237,0.9266667,2,22,0.013124364,0.951354,2,42,0.011750249,0.88218296,2,62,0.0006893054,0.8875334,2,85,0.02735886,0.8443303,2,105,0.0,0.8537922,2,125,0.020374805,0.86454135,2,145,0.0004161858,0.7077767,2,169,0.035431754,0.7236141,2,200
14,0.010349338,0.8955556,2,21,0.041681726,0.8802686,2,42,0.0019904305,0.91167676,3,62,0.008111266,0.82667595,2,83
15,0.030526225,0.8804611,2,21,0.046521824,0.91902,2,42,0.018375704,0.8559173,2,62,0.022978283,0.9695297,2,98
16,0.021964693,0.9824281,2,20,0.040969837,0.93739825,2,43
17,0.034614217,0.9414894,2,23,0.0,1.0235852,2,43,0.005345209,0.97287023,2,65,0.0,1.041919,2,86,0.0,0.81504804,2,106,0.0031080444,0.8082736,0,127,0.0,0.50473094,2,148,0.0,0.4308847,1,168,0.0,0.34998935,2,200
18,0.013149461,1.0514529,2,35
19,0.00090310804,1.0683074,2,27,0.0,0.98904,2,47
20,0.0,1.0014352,2,21
21,0.007772151,0.9693507,2,31,0.026574329,1.0486057,2,56,0.0020609132,0.9251602,2,76,0.005007933,0.87302715,2,96,0.011915,0.93446875,2,116,0.0014499009,0.87305605,2,138,0.0,0.87863606,2,158,0.0022729891,0.8962163,2,178,0.02340462,0.98166925,2,200
22,0.0004346297,1.020015,2,20,0.0075523304,1.0003779,0,40,0.0055859075,1.0322585,2,62,0.0,1.0175416,2,82,0.0,1.0287006,2,104,0.003977512,0.9796225,2,127,0.008690539,1.0360415,2,148,0.006647421,1.001207,2,172,0.009473831,1.018866,2,200
23,0.008767677,0.993217,2,20,0.00066296186,1.0718673,2,41,0.031532407,1.0389178,2,61,0.003900694,1.051808,2,82,0.00027948743,0.9694182,2,103,0.0,1.0222896,2,124,0.0046343016,1.0990033,2,146,0.00990081,1.0320944,2,168,0.0009877477,1.0386872,2,200
24,0.00068265764,1.0768985,2,27,0.0016063583,1.0377111,2,50,0.0033678527,1.0259959,2,89
25,0.015230372,0.95669717,2,21,0.026061658,0.8475094,2,41,0.02231861,0.63479596,2,62,0.0,0.790861,2,82,0.008340029,0.6498562,1,102,0.01744685,0.8700773,2,122,0.0,0.890226,2,143,0.0,0.869016,2,164,0.0064021545,0.9282391,2,200
26,0.004679399,0.999336,2,25,0.0040539475,1.0062791,2,45,0.0,1.0471293,2,65,0.0,1.069043,2,87,0.009520506,1.0447638,2,108,0.008359494,1.0148287,2,131,0.020695636,0.8914255,2,156,8.756332e-05,0.9917671,2,176
27,0.0021059196,0.99860257,2,21,0.009059997,1.0000066,2,42,0.03522783,0.9476476,2,66,0.0004891979,0.95296365,2,88,0.0,0.9603476,2,110,0.0039226017,0.89209545,2,131,0.0,0.86490136,2,151,0.0,1.0375893,0,172,0.008695519,0.7117563,0,200
28,0.0,0.9868113,2,22,0.0063044326,1.0163233,2,42,0.02522927,0.9258439,2,62,0.018052313,0.9748031,2,82,0.002448689,1.0001224,2,108,0.016313126,0.92613614,2,129,0.013316045,0.9532677,2,149,0.023568904,0.9625837,2,173,0.012617544,0.9419259,2,200
29,0.0009447597,0.9779053,2,20,0.0015733616,0.97463614,2,42,0.006232661,0.9012347,2,64,0.0082445815,0.96678305,2,95,0.0,0.967202,2,115,0.0015747242,1.0085859,2,136,0.004364715,0.8870174,2,156,0.044840746,0.85583675,2,177,0.01920676,0.9452417,0,200
30,0.0070562097,0.9729632,2,28,0.0059637143,0.9896739,2,49,0.020374054,1.0340488,2,69,0.012504798,1.0327495,2,89,0.0,1.0835772,2,109,0.0,0.94514066,2,129,0.0126011735,1.0026,2,161,0.0,1.0354812,2,200
31,0.015570687,0.88856435,2,21,0.02947658,0.95295554,2,41,0.0039584106,0.92284346,2,61,0.00057779887,0.80746984,2,81,0.0,0.8034996,2,102,0.0037046236,0.87092054,2,130
32,0.0,0.8195936,2,23
33,0.007001485,0.91142255,2,21,0.064702965,0.88185656,2,41,0.05729134,1.028518,2,61,0.0784182,0.9227536,2,87
34,0.028455388,0.8370238,2,21,0.0047746166,0.7110277,2,41,0.0,0.61510414,2,61,0.005614227,0.6354586,0,81,0.055491854,0.58021545,1,101,0.0,0.37657207,2,122,0.016244374,0.44515333,2,150
35,0.0042577116,0.9976691,2,20,0.0023457173,0.97911394,2,40,0.0040626843,1.0508258,2,60,0.0037840887,0.9794289,2,87,0.03626994,0.9391772,3,108,0.015943298,1.0147322,2,131,0.009524584,1.0336956,3,153,0.017020559,0.89350927,2,176,0.077604495,0.9290959,2,200
36,0.0030349544,0.98760706,2,22,0.0,1.1245615,2,43,0.0,1.0924101,2,71,0.0,1.0215335,2,97,0.0,1.0938628,2,125,0.0,1.0821179,2,151,0.010347879,0.92972213,2,171,0.00021211585,1.0450755,2,200
37,0.026626186,0.9695075,2,25
38,0.0015953496,0.83853006,2,20,0.015662245,0.63551265,1,56
39,0.0043066363,0.9360209,2,21,0.0,0.96380794,3,42,0.0048595755,0.9636213,2,62,0.0,0.99214256,2,82,0.015068281,0.7949151,2,103,0.07070881,0.7514207,2,123,0.012862334,0.7427028,2,154
40,0.005051529,0.9685236,2,20,0.0,0.9577516,2,40,0.0070531196,0.8686336,2,60,0.00512007,0.8631892,2,80,0.027705442,0.97906846,2,100,0.022641288,1.016184,2,122,0.00810978,0.9447606,2,142,0.034000535,0.84758914,2,162,0.009475646,0.89776945,2,200
41,0.035722643,0.929773,2,20,0.037258968,0.82598907,2,40,0.0,0.6787874,0,61,0.019979607,0.87864506,2,81,0.0,0.78734255,0,101,0.066406466,0.6064173,2,127,0.056285895,0.6542491,1,147,0.047581572,0.49960008,0,168,0.03784378,0.7363322,2,200
42,0.007665684,0.9907711,2,34
43,0.0,0.9998504,2,27
44,0.011103637,0.9413312,2,23,0.0019753636,1.026571,2,43
45,7.442096e-05,1.0145308,2,20,0.015196672,0.8949208,2,52
46,0.009807416,0.98122936,2,22,0.015693158,0.9579834,2,61
47,0.014977851,0.9903448,2,24,0.036155384,0.91197413,2,48,0.0016192907,0.91983753,2,75
48,0.005731237,0.8688864,2,21,0.024104152,0.90674734,2,41,0.039161216,0.88019454,2,61,0.0013605619,0.8681218,2,81,0.0038578387,0.86357737,2,101,0.0039445427,0.8872281,2,124,0.0,0.95422935,2,145,0.015208446,1.0249121,2,168,0.007633623,1.0026708,2,200
49,0.006119759,1.0114607,3,21,0.0047248243,1.0391756,2,44,0.0,1.0890371,2,64,0.0,1.0331944,2,84,0.0066928817,1.0439465,2,104,0.0,1.0435808,2,124,0.012765674,1.0610437,2,144,0.0,1.0830214,2,164,0.01271912,0.95140433,2,200
50,0.0029934712,0.920615,2,20,0.0,0.85861015,0,40,0.0,0.8748924,2,60,0.032800682,0.80380636,0,82,0.0,0.75432837,2,102,0.013420132,0.9527612,0,122,0.059081912,0.8766878,2,142,0.05755021,0.6111111,2,162,0.07426039,0.5208175,2,200
51,0.0053135105,1.0167731,2,20,0.01219233,0.9751412,2,40,0.01094397,0.94008505,2,62,0.01607508,0.99932057,2,89,0.0031797276,0.9707156,2,110,0.0003947347,0.9721212,2,131,0.0075271893,1.0212052,2,156,0.011681231,0.93398464,2,177,0.004243924,0.9353595,2,200
52,0.0056166737,0.9031951,2,20,0.0011692679,0.9516657,2,60,0.0024422572,0.97100586,2,94,8.1233295e-05,0.9974969,2,118,0.008068516,0.9880296,2,144,0.0121174585,0.9718267,2,164,0.0057898727,0.979958,2,200
53,0.0,1.0606879,2,22,0.0027264578,0.994001,2,45,0.002429255,1.0112047,2,66,0.00036360216,1.0278155,2,101
54,0.0118589755,1.0017928,2,20,0.0021483253,0.95085907,2,41,0.009424652,0.9432424,2,65,0.03875064,0.8787649,2,86,0.0,0.8131673,0,107,0.004095074,0.95861286,2,129,0.0,0.7241034,2,160
55,0.0039322786,0.9993673,2,34,0.0008055118,0.99799025,2,54,0.037314314,0.8977538,2,75,0.01714189,0.90442973,2,95,0.0035888604,0.94211996,2,115,0.016495084,0.9781265,2,135,0.006691651,0.8937624,2,157,0.0032180243,0.92856216,2,200
56,0.020011723,0.95772076,2,20,0.023448275,0.84124124,2,40,0.012386068,0.8848178,2,63,0.006634292,0.98200977,2,91,0.001023791,0.97818273,2,153,0.01785203,0.93249154,2,188
57,0.046525918,0.94315314,2,23,0.0038563677,0.909019,2,43,0.04242299,0.8372879,2,63,0.0010643203,0.8742555,2,83,0.004292421,0.9561574,0,115
58,0.024952382,0.86456794,2,20,0.0103513505,0.9556548,2,41
59,0.010878473,0.92647123,2,23,0.001429381,0.8934487,2,44,0.0,0.91085714,2,65,0.014936964,0.9462215,2,85,0.0,0.8931421,2,105,0.005998431,0.89039946,2,125,0.016836971,0.7623862,0,160
60,0.027504433,0.92295206,2,20,0.01711563,0.7212315,2,40,0.038799662,0.70840704,0,60,0.008766377,0.7754194,0,80,0.0,0.4153257,0,100,0.006312317,0.4386602,2,120,0.0,0.75252336,0,140,0.0,0.36901945,0,160,0.003345313,0.50277996,1,200
61,0.004732387,0.99844956,2,23,0.0062016156,0.9416901,2,44,0.012420761,0.958265,2,68,0.0032222252,0.9365978,2,92,0.0017088703,0.9312339,2,113,0.003938675,0.8631669,3,133,0.008146743,0.84859765,0,153,0.0,0.9342054,2,173,0.026972916,0.79467773,0,200
62,0.007877975,0.966552,2,22,0.014629376,0.96530265,2,42,0.010832063,0.94260526,2,67,0.015451918,1.0693364,2,90,0.014575346,1.0799292,2,116,0.0013812701,0.96462786,2,147,0.013234199,0.90193564,2,174,0.06428331,0.9163016,2,200
63,0.010490244,0.952164,2,20,0.002546916,0.92542124,2,41,0.0037300903,0.89476705,2,66,0.001380005,0.9973475,2,104,0.00030508917,0.922526,2,124,0.0,0.9673753,2,144,0.0,1.0413723,2,164,0.015118967,0.9921628,2,200
64,0.00477829,0.9398178,2,21,0.024970982,0.91596365,2,41,0.027309148,0.9345875,2,66
65,0.0050164303,0.9439572,2,36
66,0.015677815,0.95049644,2,23
67,0.0070932447,0.9170721,2,20,0.006614817,0.9319264,2,41,0.007547383,0.8717279,2,64,0.009476775,0.84360206,2,84,0.0,0.9233945,2,105,0.005036403,0.88532287,2,129,0.0,0.7749027,3,149,0.01799952,0.61171323,2,171,0.0004929941,0.58140033,2,200
68,0.008701256,1.0822009,2,23,0.00979683,0.99654317,2,44,0.0,1.0858675,2,66,0.0030187268,1.0473981,2,93,0.015244742,0.9683533,2,130,0.07714317,0.96610844,2,150,0.03493666,0.9399735,2,170,0.023404174,0.85477674,2,200
69,0.0,1.0253818,2,20,0.006185669,1.0139972,2,56
70,0.019592877,0.919182,2,21,0.016210502,0.9276796,2,48,0.0,0.9529899,2,69,0.006648774,0.96141416,2,97,0.004619189,0.9749475,2,118,0.0,1.0152164,2,138,0.0039283265,0.9800279,2,160,0.0277114,0.8884476,2,180,0.0038455664,1.0623906,2,200
71,0.009091835,0.98654294,2,21,0.0,0.9984621,2,46,0.004906261,0.9616166,2,68,0.0,0.94866407,2,88,0.005271279,0.92438966,2,108,0.0,0.8939034,2,128,0.006870348,0.844944,2,148,0.031834163,0.8519438,2,171,0.0046962956,0.8689727,2,200
72,0.004551975,0.98011595,2,25,0.008081023,0.9564232,2,48,0.009280751,0.8855461,2,68,0.016139548,1.0151759,2,88,0.01716319,0.87325305,0,108,0.0039507854,0.87096745,2,135
73,0.00081555627,1.036602,2,27
74,0.0070369034,0.9988309,2,20,0.0036876174,0.9904943,2,52
75,0.0014273163,0.93133944,2,20,0.014838654,0.96584237,3,40,0.031462695,1.0203965,0,63,0.043907266,0.97043335,2,83,0.004723628,0.92613393,3,103,0.005998897,0.9343435,2,123,0.020876622,0.988912,3,145,0.009953475,0.9849665,2,170,0.01492451,1.0170594,2,200
76,0.0,0.98408043,2,20,0.0,1.1102539,2,40,0.0020953037,1.0782468,2,61,0.0,1.0576502,2,88,0.008629414,1.0514554,2,108,0.0009184181,1.0748887,2,130,0.0017978981,1.0427132,2,150,0.008750788,0.97465295,2,170
77,0.013789793,0.9782982,2,20,0.007666436,0.94635385,2,42,0.00077537965,1.0134372,2,66,0.011222499,0.9741254,2,86,0.0035746924,0.9478186,2,106,0.014955191,0.9629117,2,126,0.023817925,0.98299986,2,148,0.0062194304,0.9366199,2,168,0.036380447,0.93851703,2,200
78,0.0091724275,0.97928816,2,23,0.020974927,0.9443591,2,43,0.022372618,0.86539364,2,63,0.014984363,0.93477094,2,89,0.0,0.6694801,2,110,0.0,0.6878363,2,130,0.0,0.3702852,1,150,0.0054497933,0.48996142,2,177
79,0.009674822,0.99851257,2,24,0.0050261607,1.003855,2,44,0.03281476,0.9017908,2,64,0.0055971607,0.93363154,3,84,0.0103796255,1.0039196,2,112,0.020038698,0.98216176,2,134,0.004337801,0.9019495,2,154,0.0052860244,0.8965052,2,178,0.009090627,0.99338603,2,200
80,0.01113676,0.96784294,2,20,0.0,0.98252404,2,45,0.01156166,1.0084312,2,65,0.0003608047,1.0339019,2,85,0.021482643,1.0606555,0,105,0.005399244,1.0483965,2,143
81,0.015986444,0.9773683,2,22,0.0055021234,1.0076241,2,43,0.009014637,1.0059628,2,68,0.0062573566,0.9801402,2,89,0.0,0.94385564,3,109,0.0170789,0.82204306,0,129,0.0,0.87879467,3,149,0.039571986,0.9126745,3,171,0.021606151,0.8433488,0,200
82,0.0,0.84394294,2,20,0.0006350809,0.79840845,2,40,0.042450782,0.70251405,2,60,0.004043175,0.70239776,2,82,0.0,0.61207426,1,102,0.0,0.48754883,1,128,0.0,0.47935367,1,149,0.055623293,0.23185898,1,171,0.019363517,0.25375402,0,200
83,0.016812738,0.86190337,2,20,0.01568527,0.92954594,2,56
84,0.018707382,0.9501503,2,20,0.0,0.99495506,2,40,0.0,1.1185726,2,60,0.0,1.0347095,2,81,0.006370008,0.85842276,2,105
85,0.0,0.98079795,2,20,0.016343096,0.98155725,2,40,0.0042516734,1.0058283,2,60,0.00081417867,0.9924981,2,81,0.0010160885,0.9387378,2,103,0.0,1.0981886,2,124,0.0,0.95621073,0,144,0.00023490058,0.93600494,2,168,0.003306435,1.028835,2,200
86,0.0,0.92529356,2,20,0.012989984,0.9314894,2,41,0.0040068277,1.0046916,2,62,0.00263486,0.94602054,2,84,0.021035496,0.90404785,2,105,0.046403237,0.878428,0,125,0.02246701,0.9581931,2,145,0.00075711496,0.9872834,2,169,0.038655333,0.95292735,2,200
87,0.007849688,0.9598917,2,22,0.003831728,0.90043,2,43,0.0050978167,0.8444298,2,63,0.0,0.83056223,2,83,0.0058209645,0.79301816,2,105,0.015498635,0.86150086,0,125,0.0,0.7743168,2,145,0.012053074,0.5131111,2,165,0.0069573177,0.53901905,2,200
88,0.020492213,0.9632489,2,20,0.012692681,1.081215,2,45
89,0.0,0.9280035,2,21,0.007851881,0.96201575,2,41,0.020815074,1.0404353,2,71,0.008007347,0.92489046,2,94,0.0012392662,1.0483662,2,115,0.0023821308,1.0222275,2,156,0.010002304,1.0088879,2,200
90,0.008609454,0.9638861,2,21,0.06305186,0.9695556,2,42,0.022104949,0.825939,2,62,0.0,1.0374964,2,87,0.0,1.010459,2,112,0.0,1.0162299,2,141,0.0,1.0531722,2,171,0.00467035,1.053492,2,200
91,0.006337892,0.9109877,2,28
92,0.0015080372,0.9266778,2,21,0.0,0.8404835,2,41,0.00818424,0.8598732,2,61,0.0,0.7110586,2,83,0.0,0.67012864,2,111
93,0.0,1.0070162,2,23,0.005928108,1.0260706,2,43
94,0.0012366265,0.96236783,2,23,0.0,0.9419328,2,43,0.005856059,1.0061926,2,63,0.009599608,1.0740463,2,86,0.0,1.2034674,3,107,0.0,1.1596748,3,130,0.0,1.1594589,3,153,0.010417695,1.124193,0,173,0.0054568374,1.1139352,0,200
95,0.006659117,1.0177234,2,23,0.0,1.0997326,0,43,0.003533007,1.1244558,2,64,0.0055677663,1.0810727,2,90,0.029615635,1.0243969,2,110,0.0,1.0171071,2,132,0.004234487,1.0870237,3,156,0.0048019127,1.1172653,3,176,0.01256451,1.1067613,2,200
96,0.03345582,0.92588794,2,20,0.027449146,0.99758273,2,40,0.018987486,0.96360517,2,79
97,0.005180861,0.87419367,3,20,0.010248449,0.8366383,2,56
98,0.010461835,1.0306711,2,37
99,0.003073896,1.0042216,2,21,0.005552776,0.9962126,2,58
100,0.0,0.8772581,2,21,0.0,0.9143602,2,41,0.0071104467,0.9015133,2,63,0.0,0.85148966,2,83,0.030091971,0.98451203,2,103,0.023962941,0.952901,2,124,0.0014432983,1.1252348,0,145,0.0,1.1422714,2,165,0.005227464,1.1296177,2,200
101,0.0076443665,0.9631816,2,20,0.0,0.72201085,0,40,0.014893658,0.7042142,2,61,0.0,0.76392585,3,81,0.027937701,0.8475443,3,101,0.0,0.94454277,2,121,0.0050259093,0.7222916,2,141,0.0014815751,0.8466209,2,161,0.053964738,0.7109864,2,200
102,0.0032187342,0.971882,2,20,0.012520632,0.89317435,2,40,0.04002567,0.9719139,0,63,0.035160977,0.8721598,2,83,0.026508424,0.96611375,2,104,0.011401018,0.9033561,2,141
103,0.007793105,0.9228283,2,20,0.010583737,0.90998673,2,56
104,0.00028054498,0.9249511,2,25,0.014362614,1.0114076,2,67,0.0,1.0716666,2,88,0.004970075,1.030454,2,111,0.025820315,0.8391081,2,131,0.021752836,0.887444,2,154
105,0.00171857,1.0176055,2,23,0.0015186593,1.0655679,2,51,0.003592698,1.0397459,2,74,0.0044891736,1.0154521,2,108,0.01197514,0.9640972,2,128,0.0068257265,0.98592687,0,149,0.0,0.9600231,2,169,0.0,1.0362866,2,200
106,0.0062215994,1.0212312,2,22,0.01827153,0.9633988,2,42,0.004040351,0.90326244,2,66,0.029575342,0.82063156,2,87,0.020627428,0.9240631,2,108,0.00030431492,0.99281025,2,177,0.0,0.9900761,2,200
107,0.02761738,1.0011964,2,21,0.011011295,0.88624823,2,41,0.013110399,0.9816985,2,65,0.0015568467,0.94200015,2,98
108,0.024037937,0.9477519,2,20,0.015677927,0.96349704,2,41,0.0029375185,0.83888465,3,61,0.0,0.81934863,2,82,0.0,0.7393554,2,103,0.011385533,0.79278487,2,125,0.03436568,0.969951,2,145,0.011424153,0.9763357,0,168,0.019358061,0.8028338,2,200
109,0.008130925,1.0068384,2,20,0.0,0.97266704,2,40,0.0045909644,1.0144696,2,63,0.0013848277,1.0281847,2,94,0.01443077,1.0046566,2,118,0.013644269,1.0594544,2,140,0.000598951,0.9661706,2,160,0.007097084,0.9614129,2,180,0.0019806249,1.0435779,2,200
110,0.016716383,0.99887836,2,36
111,0.0045309826,0.968918,2,21,0.07794057,0.9270083,0,41,0.010857728,0.998515,2,61,0.0020114505,1.0919721,0,81,0.006747377,0.9914701,2,116,0.005558866,0.99145406,0,146,0.0,0.9534061,0,171,0.0021829128,1.0701058,0,200
112,0.01396876,0.9881037,2,20,0.008266234,1.0204581,2,43,0.0,1.0717502,2,65,0.0,1.0716363,2,86,0.0053993044,1.0802193,2,106,0.0009024202,1.02861,2,126,0.0,1.0134466,2,155,0.005357957,1.0704498,2,175,0.012678518,0.9671284,2,200
113,0.00990783,0.9215458,2,20,0.025168363,1.0098488,2,40,0.004883081,0.97583276,2,63,0.0,0.94011843,0,85,0.0,1.0017508,2,113
114,0.024579363,0.93638575,2,21,0.03071387,0.89881045,2,64,0.018806657,0.9623293,2,99,0.01038317,0.95486414,3,120,0.008606119,0.9985181,2,140,0.012553275,0.9853441,2,160,0.028946484,0.90326726,2,200
115,0.0,1.0393978,2,21,0.0,1.0399231,2,41,0.0,1.024552,2,68,0.023997247,0.9858068,2,103,0.003528595,0.9213344,2,130,0.0,0.8992116,2,150,0.0013794659,0.9178924,3,172,0.0027640483,0.95246595,2,200
116,0.015667027,0.9576693,2,41
117,0.0012260828,0.9773672,2,24,0.040773064,0.9717963,2,47
118,0.031097129,1.0122631,2,21,0.0046414183,0.997461,2,41,0.0,1.0410182,2,64,0.015688004,1.034215,2,85,0.0,1.0188807,2,107,0.0022969886,0.9244307,2,127,0.0,1.0406315,2,150,0.0075668385,0.9654775,2,180
119,0.015261814,0.9258951,2,20,0.04154796,0.9213368,2,40,0.02207409,0.90768903,2,62,0.0,0.9421204,2,82,0.00405364,1.0420239,2,103,0.007345775,1.0441995,2,124,0.026680363,1.0318291,2,152,0.0,1.1119859,2,173,0.005514594,1.0831141,2,200
120,0.019493254,0.9711557,2,21,0.0071632457,0.9754362,2,43,0.014939236,0.90521586,2,63,0.008646426,0.932551,0,83,0.0054254057,0.9436013,3,104,0.0,1.0727392,3,124,0.0,0.96052396,3,144,0.0,0.83233297,2,166,0.0025664142,0.84048325,2,200
121,0.0030635304,0.93155706,2,20,0.012718221,0.8921875,2,40,0.0026601069,0.8432026,2,60,0.06310244,0.8837162,2,80,0.0,0.729093,2,102,0.0,0.6435865,2,122,0.0009069967,0.6919919,2,142,0.03676662,0.3017345,0,162,0.0018038134,0.33385524,1,200
122,0.008336457,1.0147338,2,33
123,0.018414674,0.96379006,0,23,0.013666713,1.0268235,2,51,0.0,1.0312415,2,96,0.0050221877,1.0199122,2,116,0.0016818867,0.98455334,2,144
124,0.0,0.9460556,2,20,0.00071496255,0.97894526,2,40,0.02511326,0.9891242,2,60,0.014195458,0.97472614,2,82,0.00593222,1.0050362,2,104,0.0041310266,0.88547766,2,124,0.0,0.9542699,2,144,0.005430427,0.85878694,2,166,0.014695798,1.0080082,2,200
125,0.0,1.0072745,2,31
126,0.006051478,1.0396024,2,23
127,0.007851891,0.8935554,2,21,0.0,0.9577149,2,41,0.010747853,0.77573025,2,61,0.029129118,0.7669679,0,81,0.045079,0.7860719,0,102,0.004279443,0.7766818,0,122,0.007825394,0.6828527,0,143,0.0,0.62034214,0,165,0.013344213,0.53530115,2,200
128,0.070810504,0.9957522,2,21,0.020461544,0.9025931,2,42,0.041525733,0.7306898,2,65,0.042883866,0.6774501,2,99
129,0.0077535585,0.89356124,3,20,0.03314174,0.88781387,2,40,0.0,0.9429215,2,60,0.0,0.8922098,2,80,0.016291114,0.90143317,2,104
130,0.015122787,0.9070384,2,21,0.0,0.7417681,2,41,0.046292435,0.78574353,2,61,0.0,0.7787778,3,81,0.0,0.67775905,2,101,0.01708187,0.71557796,2,121,0.009419644,0.7534049,2,141,0.0,0.8750889,2,161,0.0,0.8736249,2,200
131,0.0,1.0665447,2,28
132,0.022685988,0.90048873,2,27,0.024869254,0.9139981,2,48,0.02123768,0.9793258,2,69,0.032025475,0.9607477,2,93,0.0,1.0774966,2,120,0.029580235,0.97195864,2,141,0.024236588,0.6817533,2,161,0.013969202,0.7790016,2,200
133,0.008310997,0.90596277,2,20,0.0072699217,0.885203,2,45,0.040592015,0.9114502,2,65,0.0,0.8334513,2,112,0.0,0.79872286,2,133,0.03385257,0.75820893,2,154
134,0.03255854,0.91891015,2,21,0.033866495,0.9612045,2,41,0.029229326,0.60446423,0,62,0.0,0.79625,2,82,0.013380244,0.57333267,2,102,0.0,0.52400285,2,123,0.0,0.5275328,0,143,0.0,0.59535515,2,164,0.036307886,0.62527806,1,200
135,0.00061320304,0.9835254,2,27,0.023663258,0.9618165,2,52,0.0,0.8578578,2,89,0.012390541,0.9471207,2,112,0.0,0.98391443,2,145,0.0,1.0996195,2,165,0.0029886803,1.0485747,2,200
136,0.0009430719,1.0406593,2,33,0.0028842846,1.06224,2,55,0.008870551,0.9926978,2,76,0.0012679177,1.0210537,2,96,0.0024805872,0.9962424,2,116,0.0,1.0202979,2,138,0.011791512,0.9917251,2,159,0.028242717,0.8717424,2,180,0.028482318,0.9229617,2,200
137,0.0001794172,0.9926191,2,24,0.0034350534,0.88327205,2,44,0.02820146,0.8218623,2,66,0.0023219183,0.8953618,2,86,0.0186467,0.93715376,2,108,0.014246682,0.94578326,2,130,0.022988759,0.882967,2,151,0.01671553,0.896794,2,172,0.0029260234,0.9231799,2,200
138,0.029759146,0.85703725,2,21,0.018157858,0.88986236,2,41,0.0,0.7878121,2,61,0.0,0.96191823,2,83,0.029266044,0.7037219,2,103,0.0,0.46431008,2,123,0.0,0.47344846,0,143,0.11977736,0.19931093,2,163,0.10304419,0.2619681,2,200
139,0.0019505171,0.8571375,2,20,0.02614103,0.80842763,2,48,0.0037246596,0.862935,2,69,0.04346281,0.82908475,2,89,0.0,0.71399057,2,109,0.010097399,0.633183,2,129,0.0,0.5547125,1,151,0.0,0.6713587,2,171,0.0022485596,0.7551421,2,200
140,0.03580522,0.9295839,2,20,0.0073211202,0.97542584,2,40,0.04828043,0.7915986,0,60,0.010480649,0.8679865,2,80,0.032552265,0.88455486,2,100,0.0,0.85010177,2,120,0.004558268,0.8068264,2,140,0.0,0.75340754,2,160,0.0034883854,0.9433144,2,200
141,0.011625141,0.9612855,2,20,0.040669035,0.98702276,0,40,0.03794329,1.0063329,2,62,0.037519775,0.90911025,2,82,0.027716171,0.92105687,2,103,0.07440072,0.88361514,2,123,0.027685398,0.85739404,2,146,0.024479698,0.96713895,2,166,0.01358399,0.9752774,2,200
142,0.0022036154,0.96040756,2,20,0.01066322,1.0320991,2,43,0.0,0.9869197,2,63,0.0018320575,0.9794067,2,83,0.0,0.9701939,2,106,0.01137729,1.0493462,2,126,0.0,1.0245526,2,164,0.0030388003,1.0400465,2,200
143,0.0045504817,1.0113475,2,20,0.010100813,1.0350134,2,40,0.00055777497,1.0280074,2,91,0.0042367955,1.0112449,2,115,0.0,1.0368359,2,135,0.014264877,0.9648973,2,173
144,0.029403115,0.97881585,2,20,0.006137808,1.0383385,2,42,0.024342742,1.0129275,2,62,0.005469447,0.93007547,2,86,0.0051710764,0.9784208,3,108,0.0046278522,0.8824581,2,128,0.013991527,0.7788397,2,148,0.0008805774,0.88543564,2,170,0.004113562,0.9793227,2,200
145,0.033343837,1.0190651,2,26,0.0010657976,1.0281873,2,58,0.017518492,1.0058507,2,86,0.00484255,0.87269205,2,108,0.027927788,0.8615452,0,141
146,0.010158171,1.0551062,2,22
147,0.0023812437,1.0110118,2,20,0.014418303,0.9844011,2,46,0.0065163076,0.9545369,0,67,0.013247861,0.97605616,2,88,0.014825302,0.8929923,2,108,0.0060959235,0.9271599,2,128,0.0018468316,0.9040391,2,148,0.021532629,0.85618323,2,168,0.029238194,0.83889425,2,200
148,0.0,1.0693662,2,27,0.0,1.1092619,2,47,0.0,1.0872834,2,67,0.022156026,0.9367258,2,87,0.0023004836,0.94875157,2,107,0.001514064,0.9423911,2,131
149,0.025813267,0.9916496,2,21,0.008987069,1.0117139,2,51
150,0.007651405,1.018034,2,22,0.0036967709,1.069964,0,42,0.0,1.0073593,2,65,0.004835782,0.9936577,2,86,0.021673683,0.96084297,2,106,0.03732319,0.98207414,2,126,0.0022404282,1.093167,0,146,0.009779498,1.0127296,2,167,0.009152724,1.0088621,2,200
151,0.0040949876,1.0596873,2,21,0.0028232832,1.1197646,2,54
152,0.015209311,0.96059585,2,26
153,0.010755666,1.035704,2,28
154,0.02799144,1.0137693,2,20,0.039136507,0.9390424,0,44,0.022494145,0.98500913,0,67
155,0.02975912,0.88499105,2,20,0.038538545,0.8148965,2,41,0.016419567,0.89362323,2,69
156,0.010326146,1.0510601,2,23
157,0.014373365,0.9405195,2,21,0.04674398,0.8759221,2,41,0.03266671,0.9392631,2,68,0.021418704,0.9216072,2,88,0.014387178,1.0057685,2,108,0.01755502,0.96830624,2,128,0.0,0.9365506,2,149,0.0011312347,0.9836084,2,169,0.070159934,0.83005536,2,200
158,0.0009580916,0.88252795,2,20,0.0,0.781948,3,40,0.017345758,0.67046964,0,60,0.005986508,0.87533236,0,80,0.0,0.871832,2,100,0.024449272,0.8975407,2,122,0.055992566,0.7325299,2,148,0.003753921,0.8771731,2,172,7.43216e-05,0.85098606,2,200
159,0.028832456,0.94806266,2,23,0.012771699,0.9608772,2,47,0.012691991,0.94228995,2,67,0.012483052,0.94975454,2,88,0.010913156,0.9036353,2,108,0.0,0.8043159,2,129,0.01779532,0.8635027,2,149,0.013514748,0.8782808,2,169,0.007402699,0.95158494,2,200
160,0.020476714,0.880519,2,21,0.02309013,0.7661185,0,41,0.0,0.7351926,2,62,0.009366483,0.47582448,2,85,0.040291745,0.52101135,2,105,0.17995998,0.5812704,2,125,0.08712827,0.5932237,2,152
161,0.0022444844,1.0463119,2,20,0.010162989,0.91805136,2,42,0.009821871,0.97161293,2,65
162,0.0019353551,0.92515516,2,21,0.023494042,0.85326004,2,42,0.044182654,0.80975616,2,65,0.023989785,0.8546108,2,87,0.0019338446,0.7034702,2,108,0.0,0.8288168,0,128,0.0,0.62015647,0,149,0.027425718,0.97591937,2,169,0.01317182,0.5488691,0,200
163,0.0023038017,1.050581,2,23,0.0,1.0553186,2,43
164,0.01861648,0.9561429,2,27
165,0.025417577,1.0252099,2,40
166,0.012688977,1.0201552,2,20,0.009533968,1.0063503,2,40,0.0015532644,0.98715025,2,67,0.016569985,1.0379701,2,91,0.0,1.048567,2,112,0.00051191,1.0852765,2,132,0.0070310896,1.0101209,2,153,0.020351898,0.9826417,2,173,0.024759142,1.0288392,2,200
167,0.004159436,1.0679709,2,21,0.0035310427,1.0191089,2,62
168,0.0011403563,1.0405972,2,23,0.00028105176,1.0726011,2,48,0.0,1.0592266,2,71,0.007068672,0.9711606,2,91,0.028186927,0.94336236,2,111,0.0,0.94635046,2,134,0.00069166406,1.0202376,2,154,0.0035783383,0.9627146,2,175,0.029973779,1.021357,2,200
169,0.012043925,0.95419997,2,20,0.0,0.89318955,2,40,0.0005177417,0.976005,2,62,0.0032457307,0.93151057,2,82,0.0047163637,1.0223222,2,118,0.016142301,0.95347726,2,153
170,0.0,1.0540137,2,33
171,0.01260791,0.9803617,2,23,0.01030731,1.0159291,2,52,0.0011258102,0.92088073,2,74,0.031309277,0.90061015,2,94,0.046094857,0.89604276,2,116,0.0,0.9248975,2,136,0.013986222,1.0040332,2,156,0.0064265803,0.9106599,2,176,0.018384071,0.8931658,2,200
172,0.002926403,1.038184,2,38
173,0.0,0.96523696,2,20,0.00026127926,1.0787259,2,42,0.007852702,1.0974363,2,63,0.0034415452,1.129976,2,84,0.0036122089,1.0738374,3,114
174,0.006184871,1.0103818,2,33
175,0.013381071,0.9861275,2,20,0.0,0.96956015,2,40,0.004929362,1.0236247,2,69,0.007192934,0.8692714,2,90,0.0,0.70726216,0,110,0.00032006577,0.59920776,2,130,0.01211973,0.6351036,1,160
176,6.9670234e-05,1.0386348,2,26
177,0.0121091325,1.0251222,2,21
178,0.0,1.0512607,2,36
179,0.0,0.94315034,0,20,0.0003822043,0.8709951,2,41,0.010737324,0.7729332,2,61,0.002716266,0.85090715,2,81,0.006734084,0.69126564,1,102,0.0,0.5904493,1,122,0.0042750128,0.6539935,2,142,0.02256039,0.68842715,2,162,0.012154827,0.70672387,2,200
180,0.015047288,0.9510497,2,20,0.042699825,0.8588648,2,60
181,0.0,0.8611665,2,21,0.0,0.68258786,2,42,0.034712363,0.65329516,0,62,0.0044092825,0.6409238,0,82,0.0006781226,0.6593223,0,104,0.011807067,0.49964237,0,135
182,0.00076962664,0.9693003,2,28,0.012652015,1.0665513,0,53,0.0029322135,1.0885725,2,79
183,0.0018526423,1.0199579,2,29,7.705049e-05,1.0591978,2,53,0.0,1.0437254,2,76,0.018240292,1.008734,2,98,0.0,1.0619557,2,130,0.011706725,1.0158206,2,154,0.0041601914,1.118244,2,176,0.004353091,1.0824391,2,200
184,0.01493658,0.98342097,2,23,0.0087261265,1.0526866,2,45,0.010700721,1.043417,2,65,0.011358242,1.059434,3,86,0.002471558,1.0303073,2,107,0.012245134,1.0022407,2,128,0.001914595,0.8513669,2,148,0.0,0.82449985,2,170,0.008726801,0.6625198,2,200
185,0.007602617,0.98882884,2,20,9.991846e-05,0.9819922,2,42,0.022776956,0.9963162,2,63,0.007107211,1.0104015,2,83,0.010020825,0.9966063,2,105,0.0,0.9266402,0,125,0.013420828,0.9033577,2,145,0.032826208,0.903664,2,166,0.038051996,0.97973645,2,200
186,0.005818046,0.8909501,2,20,0.0,0.818649,2,40,0.002190171,0.87934697,2,60,0.009594891,0.81159604,2,80,0.017516214,0.92350715,2,115
187,0.0030744409,0.97514945,2,20,0.032389034,0.976054,2,43,0.006703931,0.9376569,0,63,0.0029052773,0.8795364,2,88,0.010202554,0.9963051,2,111,0.012967087,0.93530715,2,131,0.0061508445,0.7504149,2,152,0.0,0.78672326,2,172,0.0021879743,0.8280304,2,200
188,0.023624314,0.91193473,2,20,0.0,0.9258453,3,40,0.01623116,0.92830575,2,61,0.025124952,0.87772864,2,81,0.007144553,1.0123608,2,101,0.011744584,0.8309838,2,128
189,0.00023340111,0.9915686,2,26,0.022207076,0.9908477,2,47,0.0014030699,0.92674375,2,69,0.0,0.8271457,2,89,0.0016568783,0.82427496,2,114,0.023139432,0.8053609,2,134,0.005850121,0.9058124,2,164,0.025583893,0.9538214,2,200
190,0.005953384,1.0299957,2,40
191,0.0049790167,0.95643055,2,20
192,0.005899003,0.94593316,2,22,0.011988645,0.8497634,2,42,0.017786518,0.88951963,2,64,0.007546915,0.8917464,2,84,0.0148470765,0.805392,2,116
193,0.005210583,0.9466608,2,20,0.00945948,0.92637414,2,50
194,0.007830354,1.0160588,2,22,0.009729278,1.0185785,2,51
195,0.006342171,0.96984863,2,22,0.014239205,0.93378353,2,42,0.002497353,0.90393734,2,64,0.02615758,0.9630052,2,85,0.01862382,0.83763134,2,105,0.0,0.87936836,2,127,0.0,0.89023376,2,150,0.0,0.8327392,0,170,0.0049521173,0.90425307,0,200
196,0.00757642,1.0156878,2,21,0.0070049353,1.0451533,2,45,0.012904579,1.0944319,2,66,0.0110691395,1.0880868,2,86,0.009377453,0.99638265,2,107,0.01967031,0.92645043,2,131,0.0105991885,0.89448214,2,154,0.012161563,0.8960584,2,200
197,0.009502357,1.0143731,2,20,0.017520174,1.009776,2,41,0.0,1.027379,2,61,0.0,1.0249568,2,86,0.0056114933,1.0507444,0,107,0.018810578,0.89425725,2,127,0.018122952,0.9318205,2,147,0.0005903686,1.0850662,2,170,0.0020394314,1.0965885,2,200
198,0.028350383,0.9831336,2,20,0.013405778,0.9854372,2,45,0.0119357165,0.898905,2,65,0.03198552,0.9473826,2,89,0.0053291405,1.0223697,2,109,0.014479046,0.99117625,2,130,0.0013174224,0.97640455,2,153
199,0.003863606,0.97686815,2,20,0.004365105,0.96553606,2,43,0.02991129,0.923508,2,63,0.038211264,0.8142897,2,83,0.0022293655,0.89545953,2,103,0.009529625,0.7619582,2,124,0.014152619,0.73911107,2,144,0.24402447,0.52337843,2,164,0.12493519,0.6134318,2,200
200,0.0056736744,0.8953997,2,20,0.025262654,0.70632994,2,40
201,0.04096312,0.8688578,2,21,0.018120712,0.9333846,2,44,0.0,0.9366362,2,66,0.048882786,0.816409,2,86,0.026199754,0.8422453,2,106,0.023531757,0.9275894,2,127,0.051166028,0.8889398,2,150
202,0.022747157,0.98278254,2,38
203,0.0058323448,0.90321785,2,22,0.0037939376,1.0024213,2,45,0.022379827,0.91569847,2,66,0.0045555495,0.8668214,2,86,0.0072132684,0.9907026,2,110,0.0,0.97378266,2,131,0.015165272,0.9183606,2,154,0.00012646608,0.9223353,2,180,0.008520383,0.87539804,2,200
204,0.016744643,0.9879541,2,21,0.00024804156,1.0180558,2,41,0.0018452168,0.93856114,2,62,0.0070752967,0.83816206,2,84,0.05169149,0.6856366,0,105,0.011676252,0.85883915,2,125,0.050867468,0.8897074,2,146,0.013351184,0.77330375,2,166,0.029573988,0.89914685,2,200
205,0.011789533,1.0331926,2,22
206,0.0,1.0681648,2,20,0.0,1.0298955,2,40
207,0.010898262,0.97902334,2,23,0.049922414,0.9106062,2,46,0.03475861,1.0590684,2,66,0.027943768,0.97113824,2,88,0.010280286,0.95782423,2,109,0.028368533,0.9380062,2,129,0.0,0.9707292,3,149,0.0,0.9410202,0,169,0.00056139193,0.857331,2,200
208,0.00920308,0.95797104,2,26,0.012902196,0.97442025,2,54,0.012523663,0.9954881,2,78,0.015583394,0.94888943,2,99,0.007966589,0.9043818,2,121,0.010412228,0.8505311,2,149,0.027518256,0.92509574,2,171,0.0433919,0.9315601,2,200
209,0.007235306,0.96272045,2,28,0.0,0.9264716,2,48,0.022590581,0.8741829,2,68,0.027948877,0.7999393,0,88,0.0,0.7167182,2,108,0.016891051,0.7854496,2,128,0.0,0.71861404,3,148,0.0,0.68175375,2,169,0.0184433,0.5758143,2,200
210,0.016800761,0.9097788,2,22,0.00023808972,0.9262005,2,51,0.0,0.9322578,2,71,6.4918495e-05,0.9797964,2,91,0.0053061047,0.8750513,2,111,0.0,0.893793,2,131,0.010914479,0.8896621,0,152,0.02909636,0.8774592,2,173,0.008422986,0.91871405,2,200
211,0.03512899,1.0242735,2,23,0.0007502938,0.9935677,2,44,0.018170988,1.0405037,2,64,0.018360447,1.0401175,2,84,0.0063083842,1.0582905,2,108,0.008723985,0.94156665,2,137
212,0.009863689,0.9301026,2,21,0.008847743,0.95373917,2,46,0.0,0.75083226,1,66,0.0,0.47937307,1,87,0.004751709,0.60453814,2,124
213,0.0070718653,0.9902381,2,21,0.0035253689,0.9761093,2,41,0.00038870098,1.0548825,2,61,0.0061433823,1.0203041,2,81,0.003244707,1.0151675,2,101,0.0003013432,1.040652,2,121,0.013583002,1.0771097,2,142,0.0,0.9777858,2,171
214,0.008583746,1.0503643,2,20,0.0124832755,0.9711777,2,43
215,0.027487129,1.0149387,2,20,0.008323981,1.0664957,2,47
216,0.030415183,1.0016046,2,31,0.0141574005,0.96734875,2,52,0.0040123323,0.93030345,2,72,0.034874935,0.84454143,2,100,0.007217358,0.93736374,2,123,0.036361,0.86152524,2,143,0.007717909,0.8628262,2,166,0.021673799,0.98533946,0,200
217,0.019181857,0.9686653,2,20,0.04440367,0.72352946,2,43,0.0,1.0435848,2,63,0.0,0.7887328,0,84,0.02784897,0.89428186,0,104,0.0,0.9295325,2,124,0.004352857,0.95586276,2,146,0.0,0.91257066,2,166,0.0035208145,0.90209234,2,200
218,0.0027595079,1.0399889,2,22,0.0051647024,1.0380563,2,59,0.013752894,0.9509562,2,80,0.0097608995,0.95902675,2,107,7.351408e-05,0.8995703,2,128,0.016429713,0.9348961,2,150,0.021560648,1.033026,2,170,0.0024407527,0.9956883,3,200
219,0.024969317,0.95431066,2,22,0.014652327,1.0464659,0,42,0.0023349621,0.9766156,2,62,0.0,0.966729,2,82,0.0,0.89756656,2,103,0.0,1.0639809,0,123,0.0,0.96623844,2,145,0.0,0.72358507,0,165,0.009477817,0.81655127,2,200
220,0.013318477,1.0342003,2,21
221,0.0,0.90521514,2,20,0.017762905,0.96498215,2,40,0.00056481274,0.9132265,2,60,0.0,0.90559757,2,80,0.0,0.85191554,2,101,0.0,1.0053407,2,124,0.004960022,0.96154755,2,157
