0,0.019229699,0.9695009,2,20,0.022169191,0.8790835,2,40,0.0033563923,0.8814554,2,60,0.0030131885,0.8398143,2,80,0.0,0.8306037,2,100,0.0,0.62468374,1,120,0.0,0.60354036,2,141,0.0017039183,0.6305777,1,161,0.004361231,0.4960917,2,200
1,0.0027273044,1.033465,2,20,0.01670267,0.92653275,2,51
2,0.007665032,1.0540388,2,20,0.0,1.0695735,2,42,0.013665966,1.0636979,2,79
3,0.004235257,1.040494,2,24
4,0.0055985292,1.0293984,2,20,0.01171604,1.0799936,2,40,0.0,1.0972033,2,61,0.0,1.1358328,2,81,0.0050358316,1.061919,2,101,0.008741663,1.0318941,2,126,0.0069238436,1.1041272,2,160
5,0.009713024,0.9155341,2,23,0.011042196,0.86926746,2,43,0.03661713,0.7456084,2,64,0.020835135,0.77815557,0,84,0.0029777517,0.7607854,2,104,0.0,0.65354055,2,125,0.0,0.7528671,3,145,0.0,0.75662816,3,165,0.06642973,0.81814766,3,200
6,0.0007012288,0.9200029,2,26,0.020556334,0.69464695,0,46,0.0,0.9586233,2,66,0.0067845583,0.9397187,2,86,0.00810585,0.94858086,2,106,0.0076955655,0.9733758,2,135,0.003501133,1.0261499,2,158,0.0044340165,1.0569643,2,200
7,0.005009279,0.9733613,2,32,0.00095213455,1.0191377,2,53,0.01854971,0.9246845,2,73,0.012432584,0.97998774,2,102,0.022386415,0.9727195,2,122,0.010795753,1.0209795,2,143,0.0017552177,0.95428896,2,166,0.014759378,0.7565866,2,200
8,0.016515054,0.9247056,2,21,0.022180278,0.8902348,2,41,0.012591263,0.9067753,2,61,0.0,0.89659405,2,81,0.0,0.9627499,2,105,0.027887236,1.0251664,2,125,0.007921918,0.9197038,2,146,0.00599265,0.9417788,2,166,0.012525564,0.9741367,2,187
9,0.0,0.9748391,3,21,0.0021283352,0.8391983,2,51
10,0.0064195506,1.0061631,2,20
11,0.003491959,0.92677605,2,20,0.02479386,0.75495255,2,40,0.030521011,0.60807145,2,60,0.0,0.33252698,1,80,0.0,0.3774978,1,103,0.0,0.3732709,1,124,0.0,0.3924677,1,144,0.0,0.42102942,1,164,0.0,0.4771994,1,200
12,0.009782014,1.0111635,2,20,0.01924928,0.97803247,2,40,0.022205442,0.87669027,0,72,0.006579805,1.0336043,2,95,0.005248231,0.9943981,3,116,0.01656873,0.95301473,2,137,0.018360222,1.0067668,2,159,0.09317847,0.88002396,0,180,0.082863994,1.0032935,2,200
13,0.012190854,0.93499696,2,32,0.0018084801,0.9618681,2,52,0.0065343026,0.907355,2,73,0.016895663,0.8606675,2,93,0.015372682,0.98329455,2,114,0.0,0.8657486,2,134,0.0031226235,0.8785871,2,154,0.0570884,0.7451226,2,178,0.034510694,0.87415177,2,200
14,0.0,1.0909332,2,20,0.007921541,1.0524961,2,45,0.011267262,1.0469902,2,75
15,0.010707753,1.0006173,2,29
16,0.00834566,0.9779817,2,33
17,2.3544004e-05,0.9694918,2,22,0.0,1.0026352,2,42,0.025132632,0.9124881,2,62,0.02011682,0.92762685,2,84,0.011822793,0.96744305,2,106,0.023884313,1.0066237,2,126,0.0034677596,1.0407656,2,146,0.023387732,0.97130185,2,169,0.008949758,0.929036,2,200
18,0.007832413,1.0326453,2,22,0.030531581,1.0066496,2,42,0.0002877161,1.0147656,2,64,0.0,1.082427,3,85,0.0009690965,1.1154952,3,109,0.008904367,1.0574653,2,129,0.0022427496,1.0580591,3,153,0.0005812688,1.0572383,2,173,0.00010026536,0.9825883,2,200
19,0.018595302,0.9924595,2,22,0.007459161,0.9624691,2,42,0.0074585443,0.96491426,2,71
20,0.02672916,0.91142577,2,20,0.024439152,0.9528424,2,41,0.018044744,0.83143634,2,61,0.0012861129,0.9319379,2,81,0.006770371,0.87195367,2,114
21,0.0014767847,0.9731253,2,20,0.024195908,0.9035244,2,44,0.008489824,0.89243615,2,64,0.009826612,0.8932812,2,89,0.052104592,0.9324823,2,110,0.023893133,0.92759734,2,130,0.0,0.8554927,0,150,0.02142864,0.7537545,0,170,0.005869666,0.65934,2,200
22,0.0,0.94364446,2,23,0.035193317,1.0268145,2,47,0.003148177,1.1038424,2,103,0.0,1.0656408,2,124,0.0,0.9967121,2,145,0.018667523,0.79943585,2,165,0.022663306,0.7895278,2,200
23,0.021150796,0.90415275,2,21,0.009864147,0.97592086,2,41,0.0,0.9555425,2,62,0.035012167,0.9066918,2,83,0.00021999497,0.9667432,3,103,0.0094385985,0.8837749,0,123,0.015307571,0.9198618,2,143,0.0,0.874226,2,163,0.0042446153,0.8323219,2,200
24,0.005985768,1.0310178,2,20,0.0076336632,1.0311526,2,42,0.014746501,1.0093721,2,63,0.002717161,1.0662596,2,83,0.002376042,1.075446,3,114,0.009082236,1.117802,2,134,0.0,1.117093,3,154,0.0011068381,1.0843804,2,174,0.003295664,1.096637,2,200
25,0.0068360246,1.0287006,2,24,0.0015259432,1.0372523,2,48,0.003351505,0.93941283,2,70,0.032868247,0.97315997,2,90,0.025358936,0.93461317,2,111,0.005619645,0.95589674,2,134,0.0009570175,0.9890715,2,154,0.00221587,0.90045184,2,174,0.00664065,0.9519683,2,200
26,0.00214157,1.0161705,2,24,0.020272901,0.9748188,2,44,0.041465178,1.0160853,2,64,0.007279811,0.95592374,2,84,0.020096065,0.9560304,2,106,0.0,1.0761054,2,127,0.0,1.1013098,0,148,0.003322155,1.0292875,2,168,0.0034488458,1.0769018,2,200
27,0.015179748,1.0018923,2,22,0.023875106,0.97732496,2,42,0.00796013,1.0296131,2,63,0.016759112,1.0232127,2,83,0.0060822405,0.94531137,2,103,0.0011251646,1.0369025,2,127,0.0,0.9994414,0,149,0.0,1.0251089,2,172,0.0026890056,1.0250146,0,200
28,0.012644796,0.99905586,2,21,0.0074822297,0.93189126,2,41,0.026697686,0.9450214,2,62,0.022214958,0.9466088,2,83,0.03464244,1.0150887,2,103,0.12837121,0.95163596,2,123,0.0,0.9742894,2,144,0.028049389,0.9578121,0,165,0.011319467,0.93415594,2,200
29,0.013721818,0.8948287,2,20,0.0,0.9107882,2,40,0.0053172046,0.9940407,2,61,0.019682344,0.9835386,2,81,0.0053845523,0.9435417,2,106,0.010648425,1.0600824,2,127,0.008875366,1.0396262,2,149,0.017937254,0.9854003,2,175,0.00030577957,1.0396152,0,200
30,0.00065807765,1.0603786,2,34,0.0,1.0815437,2,57,0.0,1.0041999,2,85,0.0,1.0700998,3,108,0.0,1.0213746,2,128,0.0029262342,0.94345236,2,149,0.00081737,1.0021725,2,169,0.002917991,1.1151819,2,200
31,0.0034812093,0.895524,2,22,0.016111735,0.93395996,2,42,0.033962697,0.8838916,2,63,0.018756855,0.9166023,2,83,0.005067408,0.89509356,2,103,0.033102676,0.9024994,2,128,0.024627805,0.90245456,2,148,0.04656868,0.9106743,2,171,0.02465378,0.87072754,2,200
32,0.0062932475,0.9699658,2,25,0.0,0.7956832,0,45,0.0053996565,0.73678493,2,65,0.0062393127,0.62726504,2,85,0.0,0.4895584,1,105,0.0,0.6658405,2,125,0.0055084033,0.7312405,2,158
33,0.0035307289,1.0057336,2,20,0.0,0.98880434,2,41,0.01357829,1.0326893,2,61,0.02070343,0.96724504,2,84,0.00029233302,0.94445753,2,105,0.070991375,0.9085393,2,125,0.0,0.92197406,2,145,0.0,0.82690173,2,165,0.007330324,0.8947915,2,200
34,0.012119813,0.9096151,2,21
35,0.021357132,0.871167,2,24
36,0.0148763135,0.9104077,3,21,0.0,1.1191342,0,43,0.0,1.0051154,2,64,0.0,0.98420286,2,85,0.033253998,1.0348492,2,105,0.033324882,0.69556934,2,138
37,0.0,1.0805376,2,20,0.0017043705,1.0387646,2,45,0.0014643043,0.9696691,2,70,0.0030688695,1.0055585,2,90,0.0,1.0141464,2,110,0.009923416,1.0088134,2,135
38,0.023194995,0.9119948,2,20,0.031765558,0.80264795,2,40,0.0,0.90046895,2,60,0.017013054,0.5629506,1,80,0.0036248248,0.654425,2,100,0.0,0.5981645,2,120,0.009540391,0.59662044,2,140,0.0,0.647936,3,160,0.0,0.78269696,2,180,0.013909841,0.7114271,2,200
39,0.021496134,0.9635333,2,20,0.01845976,0.96423936,2,64,0.009685858,0.9489598,2,84,0.0033065928,0.99514914,2,105,0.006504579,0.92638665,2,125,0.05275142,0.93188906,2,148,0.06735054,0.8981672,2,169,0.010642471,0.9249999,2,200
40,0.0040331273,0.96876526,2,23,0.019069847,0.9169899,2,44,0.010561085,0.8331084,2,64,0.007846401,0.86327827,2,84,0.0,0.96835935,2,105,0.04008222,0.6968807,0,125,0.07816745,0.7415247,0,145,0.037899554,0.9276096,2,165,0.0,0.90059274,2,200
41,0.012912824,1.0537062,2,22,0.0,1.0693212,2,42,0.00027212568,1.0435932,0,64,0.0048333863,1.0215545,2,93,0.0,1.0421355,2,113,0.0,1.132689,2,133,0.0023461273,1.0680482,2,156,0.009234523,1.0171317,2,178,0.00015513146,1.0718975,2,199
42,0.0031203695,0.9802455,2,21,0.00010045655,0.96293104,2,41,0.005464554,0.9810131,2,61,0.00016180919,0.94739735,2,81,0.003200159,0.9853956,2,102,0.0,1.0009912,0,123,0.0,0.92088044,2,144,0.0,0.94054985,2,164,0.004157915,1.0074592,2,200
43,0.0046759755,1.0278763,2,23,0.014239738,1.045767,2,43,0.0,1.0561025,2,63,0.002053705,1.0503049,2,90,0.004492689,1.0806547,2,110,0.0,1.0547591,2,133,0.00052404095,1.0526495,2,157,0.0026230796,1.0085028,2,179,0.0,1.0120894,0,200
44,0.048028298,0.8308756,2,20,0.064620204,0.8598636,2,40,0.010964283,0.8102385,0,60,0.0019804288,0.91895413,0,81,0.0,0.70888674,0,101,0.019150522,0.63717747,0,121,0.0,0.8302969,0,141,0.021187242,0.6213838,2,161,0.037580106,0.66748035,2,200
45,0.015376453,0.9185041,2,20,0.0019722655,0.92092705,2,48,0.0,0.96012896,2,68,0.007319848,0.92138034,0,88,0.008031261,0.9723245,2,108,0.06458847,0.785228,2,128,0.0,0.8805748,2,148,0.018287277,0.8591088,0,168,0.0137328645,0.66607904,2,200
46,0.010801407,0.98145485,2,20,0.009144609,0.9274443,2,44,0.018347178,0.8696785,2,93,0.0027991934,0.88227016,2,176,0.0147394715,0.99597853,2,200
47,0.0070205415,0.976525,2,20,0.0061434186,0.9581937,2,41,0.009820214,0.9651245,2,64,0.0,0.7965895,2,84,0.003918034,0.7604061,2,104,0.026833992,0.9323314,2,124,0.0006946507,1.005608,2,145,0.022163559,0.93383944,2,177
48,0.011137509,1.0345032,2,20,0.006458335,1.0474024,2,54
49,0.005621291,1.0478952,2,29
50,0.065809645,0.86292523,3,20,0.021373168,0.8050803,2,40,0.0,0.84835356,0,63,0.015055191,0.8198634,2,84,0.010296647,1.0095737,2,106
51,0.012472337,0.9997534,2,30,0.0,0.9894536,2,50,0.011570944,0.89748275,2,70,0.0050437553,0.87000865,2,90,0.0015811935,0.9990771,2,112,0.002221611,0.92598516,2,132,0.0077743293,0.9147438,2,160,0.0010151106,0.8675787,2,180,0.0,0.98798037,2,200
52,0.007631269,0.9610426,2,23,0.020599216,0.9155362,2,43,0.032256447,0.882566,2,63,0.025077367,0.970009,2,83,0.003389176,0.88015497,2,103,0.0277289,0.8890619,2,123,0.01473765,0.85782194,2,144,0.027126914,0.88751584,2,166,0.007108907,0.8189167,2,200
53,0.0025185077,1.0784723,2,20,0.006439786,1.0160509,2,41,0.0059695737,1.009341,2,61,0.0,1.0564247,3,84,0.0,1.0986592,2,105,0.0,1.061845,3,128,0.0,1.1227365,2,158,0.0,1.1012394,2,178,0.008391338,1.0294576,2,200
54,0.018743599,0.9286386,2,21,0.017665315,0.91090935,2,41,0.0840372,0.8873391,2,61,0.033007793,0.67805254,2,81,0.03802694,0.92893505,2,101,0.0011646904,0.7531427,2,121,0.047197163,0.7005908,0,141,0.025888667,0.82935923,2,162,0.0013767545,0.84958065,2,200
55,0.0,0.85920334,2,20,0.03320965,0.8477292,2,40,0.0067059086,0.85670865,2,60,0.0,0.6308866,2,80,0.0,0.7112573,2,110,0.049331494,0.6239698,2,147
56,0.008969127,0.9745602,2,23,0.006516125,0.9290277,2,43,0.0,0.8755256,2,64,0.0,0.7787896,2,84,0.00980995,0.85632086,0,104,0.025812006,1.0365648,2,124,0.0,0.93630326,2,145,0.019336537,0.94906074,2,165,0.046214383,0.9433598,2,200
57,0.0049016424,0.9220109,2,21,0.034178454,0.830589,2,45,0.020854047,1.032679,2,65,0.043514565,0.60410744,0,86,0.037900895,0.733045,2,112,0.0,0.807909,2,134,0.030079031,0.8046907,2,154,0.011584392,0.7949895,2,174,0.02787765,0.8123383,0,200
58,0.022757804,0.93750495,2,20,0.034900203,0.8603214,2,42,0.007636146,0.89552194,2,62,0.00034608212,0.8932406,3,88,0.00541482,0.9391415,2,110,0.023121666,0.9513559,2,131,0.0072641717,0.9227048,2,151,0.004854369,0.91981936,2,171,0.014687378,0.9789936,2,200
59,0.0029688696,0.97366214,2,21
60,0.025235727,1.0120928,2,21,0.011128751,0.8198304,2,44,0.054468896,0.65194243,2,78,0.0,0.606007,2,98,0.0,0.68013287,2,122,0.008366098,0.7596722,2,142,0.038167804,0.6184279,2,162,0.047514897,0.6806017,2,200
61,0.007523143,0.9970513,2,23,0.03377186,0.8698309,2,44,0.0018839041,1.0775888,2,64,0.010494008,1.0234982,2,86,0.004380987,0.94910127,2,106,0.035396982,1.0425348,2,126,0.032049548,0.996443,2,150
62,0.003628827,1.0012709,2,31
63,0.0029689802,1.0106448,2,24
64,0.007603302,1.025108,2,25
65,0.014229337,1.0183686,2,23,0.0014292683,0.9931898,2,43,0.017688466,1.0294443,2,66,0.00093196146,1.0197164,2,90,0.00201735,1.0800067,2,110,0.008796586,1.1223032,3,131,0.0,1.1351992,2,151,0.0025163838,1.0118707,2,171,0.00047557362,1.1171867,2,200
66,0.003015267,0.9423467,2,20,0.0086456025,0.8331618,2,50
67,0.008551922,0.9624016,2,22,0.00017771292,0.9238373,2,42,0.015283665,0.8878824,3,62,0.0,0.9699439,0,82,0.014093171,0.8612915,2,102,0.0,0.87545574,2,123,0.0,0.79775596,2,143,0.024965456,0.5327323,2,163,0.011024905,0.62494445,2,200
68,0.027284306,0.9946288,2,20,0.005843754,1.0671386,2,40,0.018789615,1.0716639,2,61,0.012203606,1.08118,0,81,0.0039117117,1.0923034,2,108,0.0,1.066596,2,128,0.0050547654,1.0423869,2,149,0.0015178141,0.970832,2,176,0.0037221222,0.96674126,2,200
69,0.0025142257,0.95585316,2,20,0.01608253,0.93380153,2,40,0.0037833464,0.9414073,2,61,0.03487525,0.9528643,2,81,0.06743227,0.9763214,2,101,0.048924852,0.9883318,3,121,0.012265433,0.94677055,2,142,0.026394323,0.9281514,2,162,0.026596857,0.9110134,2,200
70,0.0026693463,0.9820948,2,22,0.03247041,0.9657572,2,60
71,0.0006039355,0.9070379,2,20,0.020861268,0.9095949,2,40,0.039835755,0.7706996,2,60,0.008905124,0.8039908,2,81,0.01510628,0.88704926,2,102,0.04693031,0.86480045,2,122,0.021026785,0.7484449,2,142,0.011522552,0.7498199,0,163,0.0017326844,0.47673863,0,200
72,0.0031461264,0.9867632,2,21,0.03980284,0.9812481,2,41,0.020497551,0.89850366,2,61,0.0104800435,0.8963805,2,86,5.320868e-06,0.9074289,2,107,0.0,0.9620341,2,127,0.00086525327,0.9043337,2,147,0.0,0.9647752,0,167,0.1293794,0.8510476,2,200
73,0.018134361,1.0573524,2,22,0.00013021514,1.0740906,2,47,0.004868253,1.0345274,0,67,0.0030874128,1.0399984,2,92,0.0031615093,1.0491002,0,114,0.0,1.0472838,2,134,0.0027363983,1.060396,2,154,0.007506273,1.0757608,2,177,0.00031703833,1.0298765,2,200
74,0.029563827,0.9206588,2,21,0.061494082,0.91334975,2,41,0.022609856,0.88179517,2,62,0.01572978,0.9264908,3,82,0.035397246,0.8611948,2,103,0.010527631,0.7676503,0,124,0.0709179,0.6987328,2,144,0.008519737,0.69669235,2,165,0.030819923,0.56162465,2,200
75,0.0057120444,0.9841402,2,21,0.010555388,1.0235044,2,44,0.0072329906,1.0483873,2,66,0.0,1.0607417,2,87,0.0026512232,0.90632546,2,107,0.01727901,0.97154295,2,127,0.0,1.0746993,2,150,0.0,1.1038859,0,170,0.0030511315,1.1390765,2,200
76,0.019047292,0.9586421,2,20,0.03547896,0.97241795,2,40,0.06279013,0.95859164,0,60,0.004304016,0.8232403,2,82,0.031498495,0.8343707,2,106,0.019101515,0.761458,2,126,0.023462303,0.75801533,2,146,0.024889985,0.7125699,2,167,0.037546545,0.78319335,2,200
77,0.0,0.98589945,2,20,0.002852687,0.97988576,2,40,0.008818101,0.9472714,2,62,0.0,0.96744573,2,82,0.01714164,1.0666697,2,102,0.011262016,0.9394861,2,123,0.01782222,0.92791355,2,143,0.0031337398,0.99463236,2,163,0.0027651621,0.92880064,2,200
78,0.015462279,0.9859818,2,21,0.0041213287,0.9718071,2,41,0.014944873,0.9347763,2,62,0.015450368,0.9234468,2,82,0.035240047,0.98549473,2,102,0.004260333,1.0822024,2,122,0.015956717,0.78840417,2,142,0.0,1.0042013,2,162,0.006042807,0.89441633,2,200
79,0.028349543,1.0216526,2,31,0.009790902,0.9309252,2,51,0.0,0.95966405,2,71,0.0064599626,0.9777998,2,91,0.012756255,1.0122334,2,111,0.0075882124,0.93476725,2,131,0.005547276,1.0478741,2,155,0.009617322,0.99960494,2,179,0.0033995484,1.0195093,2,200
80,0.015011433,1.0063641,2,20,0.008249542,1.0243948,2,40,0.0,1.0039629,2,67,0.0034720069,1.0443472,2,89
81,0.045000486,0.78017867,2,20,0.0111247655,0.81203526,2,40,0.06161054,0.78217936,0,60,0.0013347205,0.9038717,0,80,0.021395486,0.8383378,2,100
82,0.0044811354,0.96941835,2,23,0.0069189514,0.92854565,2,62
83,0.0,1.0673792,2,20,0.0,1.0542673,2,46,0.0,1.0855513,2,80
84,0.0042971075,1.0260051,2,38
85,0.025979185,0.9987529,2,39
86,0.015370258,0.97948784,2,41
87,0.0042663543,1.0474076,2,20
88,0.011437645,1.0424825,2,20,0.009890119,1.0398898,2,40,0.015017427,0.97210747,2,68,0.0023635465,1.0728215,2,89,0.010377547,1.0120113,2,109,0.0009150769,1.0282116,2,129,0.015807597,1.0198939,2,154,0.030622624,0.9324716,2,175,0.00059300056,0.9166962,2,200
89,0.008649494,1.0095325,2,21,0.0021602546,0.9286329,2,41,0.022827566,0.892778,2,64,0.0144025795,0.9193386,2,85,0.020452242,0.89376765,2,105,0.006025236,0.94321,2,125,0.021385843,0.98506564,2,145,0.004410253,0.93817216,2,165,0.017971523,0.9708907,2,200
90,0.0015857709,0.91712546,2,26,0.009342497,0.900915,2,46,0.006186427,0.9172123,2,66,0.0012536256,0.9245502,2,86,0.092922546,0.7435003,2,108,0.030563902,0.7825132,0,129,0.0,0.8224295,0,149,0.014361642,0.71388817,0,170,0.0014950335,0.707564,2,200
91,0.0,1.0373749,2,22,0.03564132,0.94509745,2,42,0.0206838,0.9656669,2,69,0.001186318,0.9950663,2,89,0.0073117246,0.9498775,2,113,0.021005062,0.98035663,2,135,0.03246879,0.96020657,2,162,0.015430772,0.92811716,0,200
92,4.1925978e-05,1.0108478,2,31,0.0043016733,1.0166901,2,51,0.0020229425,0.9699117,2,71,0.009620616,0.92577684,2,94,0.01635456,1.0150101,2,114,0.0,1.0040383,2,134,0.021594413,0.9729822,2,167
93,0.007899644,1.0003744,2,21,0.009356527,0.87316626,2,41,0.06449424,0.9247724,0,61,0.032340482,0.8725114,2,81,0.0,0.9389787,2,101,0.013542028,0.75965405,2,122,0.017660169,0.7868923,0,142,0.0,0.93455714,2,162,0.054756284,0.8748056,2,200
94,0.010173717,1.025874,2,20,0.0037853096,0.997317,2,56
95,0.007828919,1.0170662,2,21
96,0.0030201876,1.0448793,2,28,0.004443596,1.0562737,2,54,0.011610274,0.93314373,2,75,0.0070075104,1.0172848,2,95,0.005774751,0.96075135,2,118,0.0,0.8962911,2,138,0.0042027663,0.8900049,2,163
97,0.0039975788,1.0118508,2,26
98,0.029531002,0.8756246,3,21,0.04562698,0.9111687,2,41,0.03012096,0.980512,2,61,0.010183419,0.8101133,2,100
99,0.010485941,0.89612514,2,20,0.0016031007,0.8124192,2,41,0.0,0.631798,0,63,0.0,0.57658374,2,84,0.0,0.5286971,1,105,0.0,0.49612093,0,125,0.0,0.7090135,3,145,0.0,0.57852775,0,166,0.0,0.7060902,2,200
100,0.008149854,0.9729111,2,26,0.016454158,0.94055897,2,49,0.015325381,0.8984576,2,70,0.030621236,0.86794835,2,90,0.0,0.94852364,2,110,0.0,1.0032914,2,130,0.008728344,0.9528222,2,150,0.020394653,0.8842557,2,170,0.006741906,0.8939077,2,200
101,0.0013121299,1.0584714,0,20,0.0,1.016149,2,55,0.0,1.0766257,3,86,0.0,1.0487754,2,106,0.0,1.05758,2,135
102,0.0,1.0383451,2,20,0.034489777,0.9502476,2,42,0.0,1.0114952,2,62,0.0029104904,1.003266,2,92,0.0,1.020837,2,119,0.0,1.0872753,2,145,0.0033601876,1.0827612,2,166,0.0011055209,1.042835,2,200
103,0.010477604,0.9717323,2,20,0.030790538,0.8900535,2,42,0.02787926,1.0173224,2,64,0.010126388,0.85510635,2,84,0.027710024,0.78487724,2,104,0.03660213,0.9078604,0,124,0.04848303,0.79489404,0,144,0.0935436,0.74710846,2,164,0.0601371,0.5037788,2,200
104,0.0005969359,0.99758035,2,22,0.008793493,0.98127276,2,46,0.014242129,0.9287016,2,66,0.0,0.93769395,2,86,0.0,0.87636805,2,110,0.0,1.0105107,2,130,0.0,0.95671654,2,158,0.022770822,0.9376564,2,200
105,0.02014687,0.85856766,2,21,0.008187698,0.88735944,2,49
106,0.008319451,0.95141315,2,20,0.008796903,0.95757484,2,42,0.027794719,0.9132485,0,64,0.0,0.8287493,2,84,0.014626851,0.9731465,2,106,0.02195815,0.9638586,2,126,0.011486054,0.8844446,2,146,0.0,0.9778436,3,166,0.0,0.76682526,2,200
107,0.016944097,0.9662692,2,20,0.005090111,1.0203145,2,40,0.015577319,1.0276006,2,60,0.007391037,0.986011,2,84,0.007070422,0.93496543,2,104,0.003367577,1.0484642,2,127,0.00054912874,1.0351689,2,147,0.012919219,1.01803,3,168,0.010200191,0.96826303,2,200
108,0.024172489,0.953052,2,21,0.0110986745,0.9506146,2,41,0.015769228,0.94274986,2,62,0.03992701,0.9735318,2,84,0.026141254,0.97549754,2,108,0.04903707,0.9333237,2,128,0.018273223,0.89269555,0,148,0.05404996,0.93749416,3,168,0.036420092,0.87666273,0,200
109,0.002670234,0.9707116,2,20,0.033899948,0.80008173,2,40,0.008397109,0.86744213,2,60,0.012513129,0.8922037,2,80,0.0,0.7565312,2,100,0.0017456028,0.6572215,2,120,0.008396876,0.74154085,1,140,0.0,0.8298647,2,161,0.005878868,0.7558772,2,200
110,0.0016650719,1.0511698,2,20,0.04184836,0.8873828,2,41,0.017151153,1.0285363,2,61,0.001818952,0.9170532,2,84,0.024360094,0.97257173,2,104,0.0228888,0.9460742,2,124,0.022882588,0.9315322,2,144,0.02627715,0.9273779,2,164,0.016986923,0.8978942,2,200
111,0.011196626,0.9691933,2,20,0.021658225,1.0466397,2,40,0.0,1.040897,2,61,0.0009702197,0.99651337,2,81,0.007908122,0.97141653,2,106,0.0012372595,1.0177615,0,126,0.0034936816,1.0485817,2,146,0.0014023137,1.0522829,2,179,0.010373092,1.0486091,2,200
112,0.032004885,0.989651,2,20,0.029834036,1.0384474,2,40,0.003139305,1.0093378,2,62,0.0015873786,1.0000176,2,82
113,0.0026901793,0.97782815,2,21,0.0060381154,0.92570674,2,41,0.0,0.9571039,2,64,0.001656532,0.94007003,2,84,0.017365042,0.9784919,2,111,0.069901116,0.8991743,2,136,0.0,0.75322104,0,157,0.012996552,0.8110683,2,178,0.08813882,0.5795591,2,200
114,0.038237415,0.9634875,2,31,0.0055180243,1.0124435,2,51,0.049756013,0.9432303,2,71,0.06620858,0.9420368,2,91,0.013499386,0.96841204,2,130
115,0.010840868,0.96344537,2,20,0.0090677,0.9253766,2,41,0.0072990493,0.9543719,2,61,0.009290561,0.9073014,2,81,0.008262538,0.98270476,2,118
116,0.020323668,0.97855026,2,21,0.002621716,1.0209808,2,43
117,0.0074891634,0.95450693,2,21,0.0004234029,1.0008963,2,45,0.023146195,0.88179344,2,66,0.011182513,0.7992521,2,86,0.0,0.66527593,2,106,0.0,0.59632766,1,126,0.020098757,0.7612746,2,146,0.0,0.7449708,2,166,0.019034334,0.79667485,2,200
118,0.0043234034,1.0025918,2,31,0.0053057563,1.0654004,2,57,0.006469265,1.0687517,2,88,0.0007011493,1.0958768,2,112,0.023527995,1.0644618,2,132,0.0,1.1130024,2,152,0.002331318,1.0986845,2,175,0.014854243,1.0576665,2,200
119,0.012947962,0.9508008,2,20,0.053043477,0.8801229,2,52
120,0.006578941,0.9410999,2,21,0.017437879,0.91129696,2,41,0.010501446,0.9043548,2,63,0.058280807,0.96445626,2,83,0.025085995,0.935231,2,104,0.016338075,0.9518263,2,125,0.0066745034,0.96848863,2,152,0.008907583,1.0259823,2,175,0.01343412,0.96004546,2,200
121,0.010063188,1.0422792,2,20,0.0,1.0897105,2,40,0.0,1.1523943,2,63,0.0012618075,1.1457396,0,86,0.01772842,1.0148704,2,106,0.0,1.0009687,2,129,0.0,0.91683036,2,149,0.018961158,0.93786114,2,169,0.015362749,0.94610536,2,200
122,0.003932044,0.9389568,2,35,0.06308029,0.8764428,2,55,0.010776557,0.8739403,2,75,0.0,1.0110528,2,104,0.0024320476,0.96965,2,124,0.0,1.083067,2,144,0.0080810655,1.0255115,2,165,0.0,0.99761385,2,200
123,0.0,1.0964245,2,24,0.0035179944,1.0485182,2,47,0.003961615,1.0357603,2,68,0.0,1.0301841,2,88,0.0,1.0367992,2,108,0.0,0.9802019,2,128,0.018219763,0.94568044,2,148,0.009589687,0.93569285,2,170
124,0.011148527,0.99560404,2,28
125,0.0,0.9953931,2,20,0.010783612,0.9835699,2,44,0.0,0.8593818,2,70,0.0016553794,0.9646531,2,98,0.055399638,0.88306254,2,119,0.0019136097,1.0619401,2,142,0.009161127,0.8273244,2,162,0.018766876,0.8996406,2,200
126,0.040986072,0.9889024,2,20
127,0.0059015537,1.0178869,2,20,0.06710269,0.97908777,0,44,0.018159973,0.9376512,2,66,0.08416547,0.8834322,0,86,0.012030732,0.8943336,2,107,0.01751442,0.9900718,2,132,0.0039325464,1.0647839,2,178
128,0.047303703,0.7665062,2,20,0.011301262,0.8292861,0,40,0.0,1.083612,2,60,0.0,0.9397504,2,80,0.0,0.63647115,2,100,0.0019297993,0.55692273,2,129,0.0,0.82051396,0,150,0.18935564,0.6337998,2,170,0.106101066,0.2894387,2,200
129,0.0002580348,1.0108035,2,21,0.023539312,0.9149598,2,42,0.0038678476,0.9748111,2,71,0.0011137497,0.97728807,2,91,0.00934292,0.9848482,2,111,0.017170442,0.974079,2,146
130,0.0,1.0561938,2,31
131,0.0030376643,0.9889169,2,25,0.011153153,0.94408613,0,47,0.0,0.96592724,2,75,0.0,0.9469903,2,99,0.0,1.0084445,2,119,0.0,0.95358336,2,139,0.015285233,0.8919941,2,159,0.005481776,0.8564109,2,193
132,0.012635835,0.96854854,2,21,0.0,1.033883,2,45
133,0.01390474,0.966582,2,30
134,0.003511353,0.9303854,2,20,0.012726857,0.9685847,2,41,0.011673734,0.98788285,2,63,0.0154474545,0.9279059,2,83,0.0,0.96304256,2,103,0.047060084,0.91358984,2,123,0.0066724718,0.8848953,2,146,0.010091929,0.9038426,2,166,0.0024831484,0.71560526,2,200
135,0.0,0.98611796,2,20,0.012513997,1.0363653,2,40,0.019607738,0.92805976,2,60,0.017240295,0.9535392,2,80,0.0,0.9178197,2,100,0.003315113,0.9685216,2,120,0.0,1.0144622,2,140,0.0,1.1466119,2,163,0.00059993524,1.0335902,2,200
136,0.007047356,1.0082114,2,20,0.06589497,0.8922429,2,41,0.006335102,0.897744,2,61,0.045430202,0.93077976,2,81,0.0010308677,0.9842538,2,119,0.05682855,0.80663246,2,140,0.017171739,0.8184452,2,162,0.016779518,0.89756733,2,200
137,0.0075434423,0.98500884,2,37,0.006764571,0.99151623,2,57,0.003909995,0.94356936,2,77,0.020105666,0.94497454,2,97,0.013129388,0.90561694,2,117,0.035135794,0.93828547,0,137,0.018311262,0.8791748,2,157,0.014777089,0.7408985,0,177,0.0442978,0.8563463,2,200
138,0.0024186713,1.053993,2,20,0.015054636,0.9551279,2,44,0.020349652,1.0644559,2,64,0.027174136,1.0739073,2,85,0.0089332145,1.0341277,2,105,0.0,1.0163062,2,127,0.002113137,1.0544412,2,147,0.007282883,1.0085645,2,169,0.031775184,0.75616986,2,200
139,0.012595959,0.995796,2,25,0.0,0.9423605,2,45,0.017242478,0.97696376,2,81
140,0.019783814,0.9254959,2,20,0.01220178,1.0248505,2,40,0.004830652,0.9927538,2,71
141,0.016716767,1.0216379,0,20,0.005198103,0.99469703,2,50,0.013666873,1.0387067,2,71,0.0,1.1269869,2,103,0.0014760398,1.1465763,2,123,0.0,1.0868471,2,143,0.01998249,0.9384883,2,163,0.019601315,0.87515146,2,200
142,0.0012300308,0.9743382,2,20,0.0,0.9936935,2,40,0.0,0.94214267,2,61,0.035863087,0.9630325,2,86
143,0.014223514,0.942431,2,20,0.015631558,1.0530107,2,40,0.0,1.0554528,2,61,0.032930966,0.99240303,2,82,0.0047865957,0.9095197,2,105,0.021004753,0.90333223,2,125,6.200243e-05,0.8466932,2,145,0.026826873,0.8333725,2,165,0.013250506,0.8680406,2,200
144,0.03166666,0.9541501,2,20,0.007681849,0.8708084,2,44,0.028256744,0.8364998,2,64,0.02915534,0.7655414,2,85,0.013303708,0.93929625,2,106,0.026584715,0.91066563,2,126,0.0014250302,0.9922398,2,148,0.01598303,0.9392521,2,170,0.039969847,0.7883965,2,200
145,0.007402525,1.0259986,2,22
146,0.011802307,0.93325627,2,21,0.010158552,0.9161518,2,41,0.0018669234,0.964416,2,62,0.0,0.9895548,2,83,0.0067881285,0.9570984,2,113
147,0.01250055,0.99442834,2,24
148,0.0055943853,1.0027676,2,20,0.0013949227,1.002082,2,45,0.01588231,1.0152934,2,76,0.0012297836,0.95826083,2,96,0.018013556,0.9460638,2,116,0.0033519354,1.0277514,0,136,0.013605223,1.0443723,2,161,0.014031739,1.0280248,2,200
149,0.0073361346,1.0251594,2,20,0.012268496,1.0019855,2,40
150,0.004147916,0.99138445,2,26,0.010025415,0.98504466,2,51,0.019587088,0.9507061,2,73,0.0022215536,1.0517052,2,95,0.0003281287,0.99772394,2,115,0.0071715903,1.0049144,2,137
151,0.027248722,0.9995391,2,20,0.0042528403,1.0120412,2,48,0.005515861,0.9620751,2,68,0.015395996,0.95643616,0,88,0.09910394,0.8210926,2,108,0.0072884653,0.8331571,2,129,0.0026195506,0.7936584,2,149,0.076979175,0.59199125,2,169,0.04200098,0.6018035,2,200
152,0.03009874,1.0045524,2,20,0.0035011857,1.0303777,2,42,0.02558008,1.0282768,2,63,0.0005045561,1.0274984,2,85,0.01030704,1.0218889,2,107,0.0,1.0500062,2,127,0.0001575631,1.0248866,2,150,0.0,1.0110605,2,170,0.01342892,1.0583941,2,200
153,0.00043093305,1.0564871,2,33,0.0,1.0706347,2,54,0.0,1.0682149,2,76,0.0,1.0702999,2,96,0.0,1.012617,2,117,0.0,1.0270514,2,137,0.001814335,1.0167745,2,161,0.0053980853,1.0524617,2,200
154,0.0067588873,0.9677536,2,20,0.01197889,1.0479708,2,44,0.0,1.0228742,2,66,0.0007685668,1.0602472,2,94,0.0,1.0372719,2,131,0.0080507705,1.0541625,2,172,0.00024862174,1.0210842,2,200
155,0.011034403,0.980361,2,22,0.011292665,0.8876371,2,43,0.020529158,0.9744367,2,74
156,0.019789293,0.9190592,2,21,0.020087728,0.9219867,2,41,0.005806729,0.89621156,2,67
157,0.011103959,0.96901417,2,20,0.009832423,0.92813873,2,40,0.010366412,0.9699911,3,60
158,0.002394636,1.0076518,2,34,0.0,0.99855554,2,54,0.0,1.0027331,2,74,0.0,1.0090485,2,94,0.0047672354,1.001776,2,115,5.895724e-05,1.056906,2,136,0.0,1.0447257,3,156
159,0.011035661,0.97147137,2,31,0.009671201,0.9871341,2,52,0.014729063,0.93926275,2,72,0.0018728893,0.97710836,2,93,0.0,0.9933394,0,113,0.01347212,0.98888856,2,137,0.010466589,0.9896207,2,158,0.026332015,0.9710733,2,179,0.022816792,0.9381426,2,200
160,0.011133218,0.9431218,2,21,0.029530581,1.0616108,2,41,0.007950209,0.95443046,2,61,0.0,0.92126054,2,81,0.0,1.1128074,2,101,0.0,0.9811759,0,122,0.0,0.7606477,0,143,0.0,0.84559333,0,163,0.007550884,0.7496331,0,200
161,0.0099436585,1.0159358,2,25
162,0.00970426,0.9521526,2,20,0.002643615,0.91228294,2,40,0.022763584,0.877782,2,60,0.002575188,0.9802968,2,81,0.006545591,1.1908562,0,101,0.0,1.0965542,2,125,0.0,1.1707808,3,146,0.014733763,1.0187848,2,166,0.009273666,0.94401884,2,200
163,0.006417771,0.935675,2,20,0.010862723,0.93896353,2,40,0.01821239,0.8526338,2,60,0.0153647205,0.9062225,2,83,0.011688845,0.9214244,2,103,0.025849959,0.90309703,2,123,0.0,0.7561205,0,144,0.0123892035,0.8697456,2,164,0.06621489,0.88908744,2,200
164,0.011066116,0.92195445,2,20,0.020959018,0.96557504,2,40,0.004698549,0.92710876,2,62,0.0072372044,0.8813988,0,82,0.054159608,0.83500594,2,104,0.008648566,0.92929447,2,124,0.027633484,1.0210149,2,144,0.038545668,0.8519679,2,169,0.019537017,0.82719606,2,200
165,0.022323132,0.90832937,2,20,0.014623195,0.8504467,3,40,0.00825297,0.78908056,0,60,0.058847353,0.83304304,2,84
166,0.021997785,0.9397663,2,23,0.0050148154,0.9478072,2,43,0.006573929,0.9507843,2,63,0.0048958426,0.8664934,2,83,0.019157376,1.0246046,2,104,0.00089738064,1.0180644,2,129,0.0,0.95575994,2,153
167,0.0027667005,0.99987984,2,23,0.0060792207,1.0309346,2,43,0.0010971983,1.036282,2,69,0.0027753676,1.0158175,2,90,0.022054832,1.0177513,2,112,0.0,1.1006379,2,132,0.0057486175,1.0976547,2,154,0.008032461,1.0295113,2,183
168,0.029059181,0.94523656,2,20,0.009252732,0.9639329,2,41,0.01679785,0.8690815,2,61,0.0053896625,0.9400146,2,83,0.010324484,0.9213356,2,103,0.0023191834,0.9184394,2,124,0.014984596,0.8503951,2,144,0.00051565486,0.89185303,2,168
169,0.030292282,0.8931308,2,20,0.004454986,1.0183411,2,42,0.018600918,0.892523,2,65,0.0,0.8768647,2,86,0.0,0.83280355,0,107,0.0,0.9191734,2,127,0.0,0.80363405,0,147,0.011801582,0.89879715,2,168,0.0085115135,0.8092681,0,200
170,0.060922254,0.9183022,3,20,0.0092457915,0.9672295,2,48,0.035666533,0.7914153,2,69,0.004803768,0.9271001,2,92,0.010233017,0.8689979,2,112,0.004464244,0.920292,2,132,0.00884413,0.8377231,2,152,0.0028977206,0.84869564,2,173,0.026999032,0.9137836,2,200
171,0.007332907,0.96636266,2,20,0.00790699,0.9911091,2,43,0.008504467,0.9355162,2,64,0.021008272,0.9979518,2,84,0.009872418,1.0126922,2,106,0.009055772,0.94908035,2,126,0.00022693202,0.92826635,2,146,0.026998468,0.98230886,0,173
172,0.014110818,1.0422,2,26,0.003706534,1.0257174,2,47,0.010255726,0.97666097,2,78,0.0,1.0135233,2,107,0.0049615977,0.87967443,2,127,0.012984365,0.9387423,2,147,0.02959239,0.8722905,0,170
173,0.0005498608,0.88981366,2,26,0.11207088,0.76266044,2,46,0.004031321,0.7790749,0,67,0.005290012,0.6194016,0,87,0.014102968,0.6989347,2,108,0.02021975,0.8190581,2,128,0.008986097,0.82461196,2,148,0.0011828679,0.8359862,2,169,0.043294277,0.74518335,2,200
174,0.0031350558,1.0769422,2,28,0.0,1.0957617,3,49,0.0,1.0306885,2,75,0.0,1.0363518,3,97
175,0.013495937,0.98183393,2,20,0.020824417,1.01215,2,61
176,0.0075945975,0.9158163,2,20,0.029988054,0.8645514,2,55
177,0.0,1.0791209,2,20,0.0024383366,0.9461168,2,40,0.030563226,0.9562143,2,70
178,0.010026106,0.97385186,2,20,0.0,1.0373005,2,66,0.0060340753,1.027147,2,99
179,0.00100805,0.99660224,2,20,0.016163733,0.9411483,2,40,0.017630313,0.9722336,2,60,0.00908474,0.9776466,2,84,0.020907378,0.87113005,2,109,0.0020273847,0.9161745,2,130,0.0007090317,1.010921,2,150,0.0021225146,0.9854038,0,171,0.021912448,0.82860905,2,200
180,0.0113494005,0.9464936,2,23,0.028228153,0.8795449,2,43,0.011715766,0.9878382,2,64,0.00082704524,1.0665342,2,96,0.0,1.1271951,2,117,0.004276133,1.1451114,2,137,0.0030367281,1.0816681,2,157,0.0014104871,1.1166098,2,177,0.0,1.0459586,2,200
181,0.00953071,0.95261127,2,21,0.0243296,0.9869701,2,52
182,0.033831537,0.97551817,2,21,0.0,0.8799551,0,42,0.029501898,0.9523833,2,64,0.0,0.874224,2,85,0.0,0.69029933,0,106,0.08956645,0.619671,0,126,0.0,0.8693493,2,151,0.047995854,0.7233627,2,173,0.0,0.68755376,0,200
183,0.009653524,0.9796401,2,36,0.00897319,1.0201535,2,61,0.00047565243,0.8194521,2,101
184,0.01740357,0.8811776,2,20,0.0016411882,1.0156796,2,53,0.0034541052,0.9870782,2,81
185,0.01502875,0.9944249,2,35
186,0.014757415,1.0002611,2,20,0.00071800384,1.0421836,2,41,0.0009547506,0.8833917,2,61,0.0,0.8844877,2,82,0.0,0.94011897,2,103,0.028678855,0.8115354,2,124,0.032584913,0.8588294,2,144,0.01412556,0.79751617,0,164,0.010225848,0.831341,2,200
187,0.00019753081,0.9396874,2,20,0.027580533,0.90156174,3,40,0.0128911305,0.9309473,2,60,0.0082179075,0.9841781,2,82,0.0038182356,0.903442,2,102,0.0,0.91846687,2,123,0.017887283,0.9003283,2,149,0.010170438,0.93117696,2,169,0.020800004,0.88350797,2,200
188,0.03773792,0.97874874,2,22,0.03606404,0.9527256,2,42,0.046193466,0.98633087,2,71,0.080861986,0.88713026,2,91,0.028270416,0.9213488,2,126,0.047542218,0.95735395,2,149,0.04232988,0.9685145,2,170,0.008454355,0.9684085,2,200
189,0.017464358,0.92933095,2,20,0.0,1.0241467,2,46,0.0,1.0333371,2,75,0.010181464,0.9025547,3,95,0.032538198,0.90724534,2,115,0.01096773,0.9087881,2,135,0.006732503,0.9565421,2,157,0.0,0.83004856,2,177,0.009392544,0.85863435,2,200
190,0.0032201982,1.0535771,2,20,0.001514905,0.9754706,2,42,0.0,0.99115306,2,62,0.0042395145,0.99320966,2,82,0.00090885005,1.0079895,2,103,0.005830811,1.0634795,2,124,0.0034860694,1.0405829,2,144,0.0014612147,0.9649932,2,164,0.002634739,0.98912483,2,200
191,0.0023486835,0.96512794,2,24,0.0004883193,0.818418,2,44,0.0,0.8355401,2,64,0.0,0.85112524,2,84,0.0061918236,0.6857146,2,104,0.010792566,0.7669705,2,124,0.018114958,0.64220124,2,144,0.0,0.55921006,0,164,0.004026329,0.48538712,1,200
192,0.0053876126,0.90308845,2,20,0.028438967,0.9138279,2,40,0.03535677,0.93797064,2,60,0.0,1.0146496,2,80,0.0041286326,0.99704677,2,100,0.00419825,0.9797637,2,121,0.038537223,0.9543977,2,141,0.013358455,0.8790432,2,163,0.03178571,0.9415365,2,200
193,0.00037073746,1.0256882,2,20,0.025041133,1.0730897,2,57
194,0.0050283144,1.0126053,2,31
195,0.031635456,0.9432765,2,21,0.003941579,0.98509157,2,52,0.0067554982,0.95036095,3,72,0.0,0.8898053,2,97
196,0.011647711,0.9058297,2,21,0.017580634,0.9460629,2,42,0.018416932,0.87787974,2,63,0.012711003,0.72798187,2,83,0.032208018,0.8153039,2,103,0.008961369,0.90283644,0,123,0.021170784,0.8832855,2,151,0.0,0.83024675,2,171,0.0027277176,0.8947359,2,200
197,0.0,0.98741084,2,20,0.0049716486,0.8788723,2,42,0.0,0.89814425,2,62,0.019277675,0.9169721,2,85,0.027190343,0.9455279,2,105,0.016377283,0.9046812,0,125,0.009954079,0.878235,2,146,0.001591462,0.85256976,2,166,0.0618383,0.7823433,2,200
198,0.015083423,0.9200193,2,22,0.037397638,0.8867264,2,46,0.028285598,0.90832484,2,66,0.0,0.65951884,2,86,0.0,0.78136045,2,106,0.0,0.900029,2,126,0.0,0.8169527,2,146,0.0006567728,0.8003454,0,168,0.016004736,0.6067493,2,200
199,0.010896344,0.9657024,2,20,0.048050445,0.9304015,2,40,0.024587268,0.92425746,2,62,0.016864074,0.88664764,2,87
200,0.022016946,0.8946353,2,20,0.0,0.6613847,2,40,0.052393932,0.75479776,2,60,0.024842007,0.62923837,0,82,0.050113887,0.81840515,2,102,0.012244079,0.8556436,2,122,0.035060447,0.7571217,0,142,0.0699543,0.6776771,2,162,0.009612742,0.77514917,2,200
201,0.020495186,1.034168,2,20,0.002755202,0.97436416,2,41,0.039398573,0.9132417,2,61,0.036141247,0.9489683,2,81,0.013792973,0.91950125,2,107,0.007025744,0.97989166,2,127,0.012829498,0.9565158,2,152,0.016429063,0.95503646,3,172,0.03215569,0.9159212,2,200
202,0.01019019,0.95773566,2,43,0.05387032,0.8519257,2,63,0.02213604,0.96230423,2,84,0.021662656,0.9341103,2,104,0.005502135,1.0651348,2,125,0.036751855,0.8011121,2,146,0.0,0.7493889,3,167,0.0,0.7904689,2,200
203,0.006561688,1.0335188,2,20,0.017582607,0.95979214,2,40,0.017806005,0.9945675,2,61,0.01804225,0.9582497,2,81,0.027230512,0.87679356,2,101,0.0483143,0.9887669,0,122,0.024015885,0.8623067,3,142,0.0016916328,0.8357484,2,166,0.032580685,0.8762851,2,200
204,0.035371296,0.8480241,2,20,0.0,0.886664,0,42,0.014938827,0.9341392,2,66,0.04112801,0.90699184,2,86,0.0,0.8365758,2,106,0.0,0.8478325,0,126,0.017942475,0.7652062,0,147,0.0,0.9191453,0,167,0.0,0.7780061,0,190
205,0.017538557,0.9401883,2,20,0.0,0.9528905,2,40,0.04834911,0.8723871,2,61,0.0,0.89742124,0,81,0.00089480914,0.8280846,2,101,0.0,0.8360149,2,123,0.0,0.76084894,2,143,0.00249947,1.0135833,2,166,0.09445053,0.92773783,2,200
206,0.006733989,0.89812386,2,20,0.0020024788,0.5740734,3,40,0.0151649825,0.8992077,2,61,0.008725441,0.75407803,1,81,0.0,0.38770658,1,102,0.0,0.37804586,1,123,0.0,0.577685,2,143,0.0021376235,0.3151045,2,165,0.026688745,0.5264156,2,200
207,0.0,0.963819,2,21,0.004945108,0.9525124,2,41
208,0.02485901,0.9505321,2,20,0.009938116,0.8589158,2,41,0.0,0.7265982,3,61,0.0,0.79521257,2,81,0.0,0.6774843,2,101,0.001913977,0.64773923,2,130,0.0,0.71262354,2,150,0.0,0.72036046,1,171,0.004477374,0.89197016,2,200
209,0.01119084,1.0201057,2,21,0.009878606,0.9916337,2,41,0.044256195,0.93344134,2,64,0.023802526,0.93810505,2,87,0.018336069,0.9200764,2,113,0.0011287342,1.0279876,2,143,0.0,1.007717,2,165,0.0059668594,1.0309955,2,200
210,0.008656507,1.0546975,2,22
211,0.01138433,0.9377891,2,32,0.011411476,0.96587473,2,63,0.0,0.9490086,2,83,0.00029443222,0.89693975,2,103,0.0,0.9343158,2,123,0.0,1.1436164,2,143,0.010304641,0.8378142,2,176
212,0.03286557,0.8573849,2,25,0.03130246,0.9174057,2,46,0.023391465,0.78966475,2,66,0.047788784,0.9028268,2,86,0.017987007,0.7579812,2,107,0.02348828,0.93716925,2,127,0.0,0.80445844,2,147,0.0,0.90127903,2,179
213,0.0065501393,0.97172433,2,20,0.019733438,0.9606632,2,41,0.0,0.9566947,2,61,0.010246772,0.9418396,2,81,0.016169284,0.783154,2,101,0.0015573634,0.87049246,2,121,0.029836088,0.79666793,0,141,0.01411959,0.874211,2,162,0.00071868324,0.93255776,2,200
214,0.0030353356,1.0089477,2,24,0.015649082,1.0124567,2,44,0.018770901,0.8692219,2,65,0.021631032,0.8534697,2,85,0.0047221375,0.7061593,2,109,0.031362288,0.67919487,2,129,0.004940545,0.7317134,0,150,0.015135643,0.6397203,0,172,0.13686016,0.5520828,0,200
215,0.00992179,1.0163363,2,24,0.024225106,0.9557225,2,44,0.009852821,0.873402,2,64,0.0,0.7685178,2,84,0.05708497,0.6763484,0,105,0.0,0.51802164,0,127,0.0024014148,0.5289025,0,147,0.004922805,0.78726786,0,168,0.024593627,0.84817713,2,192
216,0.07317054,0.9631317,2,20,0.0581889,0.94607925,0,46,0.023710627,0.94643605,2,66,0.026848108,0.93571347,2,90,0.029220337,0.938609,2,111,0.012779909,1.0127888,2,131,0.0065665348,1.087925,2,157,0.0030294221,1.017741,2,182
217,0.002755532,0.99719185,2,34
218,0.0,1.034795,2,20,0.014476952,0.9038738,2,41,0.002291523,0.9695406,2,61,0.014381073,0.9555402,2,81,0.026438972,0.9040125,2,101,0.009582478,0.9765093,2,121,0.0035278546,0.9788452,2,157
219,0.020818666,1.0053655,2,20,0.011834325,0.9460702,2,40,0.01381368,0.966958,2,74
220,0.0028736622,0.9678939,2,21,0.0048369234,0.9077566,2,42,0.05641659,0.8139974,2,63,0.011978474,0.67973346,0,87,0.0,0.7125922,0,109,0.011800364,0.65929574,2,145
221,0.0072192843,1.056336,2,24
222,0.004020217,1.0471954,2,20,0.0033134907,1.0052799,2,42,0.0032932928,0.9778903,2,72,0.0030895218,1.0144476,2,104
223,0.017232211,0.9269882,2,22,0.016748782,0.7931572,2,42
224,0.008947896,1.0278499,2,20,0.00089238817,0.98456305,2,40,0.0,1.0794262,2,60,0.0031092234,1.063416,2,97
225,0.003304375,0.98110616,2,22,0.016738882,0.9334218,3,42,0.017230822,0.9354295,2,64,0.028523851,0.9617604,2,84,0.035238072,0.9012706,2,105,0.03214764,0.9385632,2,125,0.00486371,0.99389815,2,166,0.008114512,1.0739069,2,200
226,0.013423757,0.9916614,2,23,0.00062003644,0.8859509,2,52,0.009786032,0.7605411,2,72,0.0,0.7301711,3,110
227,0.022200603,0.9889386,2,29
