0,0.008838602,0.93028176,2,20,0.00074127736,0.8952548,2,41,0.003493314,1.0159814,2,71,0.00019017687,1.082162,2,92,0.002075655,1.0191178,2,112,0.0017344354,0.9923224,2,134,0.0,1.0069557,0,154,0.003632878,1.1102996,0,176,0.0014046977,1.0893897,2,200
1,0.0034382849,1.0534003,2,28,0.005823855,1.0690718,2,49,0.012757299,1.0406401,2,71,0.021866346,0.98063534,2,91,0.023213003,0.96132153,2,114,0.025636513,0.9394896,2,136,0.02043267,0.8479618,2,156,0.0033308528,0.93371266,2,176,0.0114898225,0.8842384,2,200
2,0.0,0.939247,2,20,0.005479521,0.8497014,2,41,0.0,0.93706363,2,75
3,0.015042629,0.98690134,2,34
4,0.00035502468,0.9977922,2,26,0.0022080028,0.99526095,2,53,0.0,1.0000855,2,73,0.0,1.0385087,3,93,0.0,1.0454491,2,117,0.0,1.0295442,2,148,0.002071032,1.0079712,2,180,0.0030664308,1.0100905,2,200
5,0.01656294,0.9908642,2,23
6,0.011694939,0.9837376,2,20,0.0020121553,1.0585254,2,40,0.004922014,0.9570544,2,69,0.019645426,0.8801247,2,90,0.029867688,0.9675234,2,110,0.0115090925,0.97542876,2,130,0.014109682,0.92576945,2,151,0.027485441,0.96293867,2,173,0.00680725,0.8517448,2,200
7,0.0006474969,1.0430021,2,25,0.020269653,0.98611134,2,46,0.00590727,0.9936737,2,80,0.0,1.0765247,2,100,0.0,1.016542,2,122,0.005446491,1.0078816,2,145,0.0151180625,1.0389256,2,167,0.016467147,1.032608,2,200
8,0.011190398,0.95917946,2,29
9,0.009956233,1.0039556,2,21,0.010989911,1.0107454,2,57
10,0.0,1.0609726,2,20,0.0051095686,0.9564654,2,44,0.020941004,0.96569663,2,65,0.010037882,0.917138,2,86,0.0,0.9181779,2,106,0.009958144,0.81024647,2,126,0.0,0.77720404,2,147,0.0,0.63916963,2,167,0.00383839,0.70642155,2,200
11,0.0026691025,0.98031837,2,20,0.0050728777,0.9592188,2,41,0.00020077293,1.0046335,2,61,0.0035840543,1.0738145,2,83,0.0,1.0935031,2,103,0.0,1.0535475,2,129,0.0,1.0435022,2,149,0.012992151,0.96668464,2,169,0.09293093,0.9507018,2,200
12,0.005378995,0.97544634,2,23,0.022649767,0.9846756,2,45,0.02438944,1.011687,2,65,0.042399243,0.8635741,2,86,0.11030396,0.96988475,2,116,0.044297762,0.9141011,2,139,0.060079154,0.9847639,2,160,0.111142896,0.97422284,2,180,0.049932204,1.0675645,3,200
13,0.00060013623,1.0334088,2,20,0.013590677,1.0010568,2,43,0.011208381,0.9750327,2,71,0.012458585,0.9317974,2,94,0.00011582599,0.981423,2,122,0.0,0.97299033,2,147,0.0023240822,0.9738344,2,169
14,0.008996351,0.9944598,2,20,0.0065823877,0.9204401,2,52
15,0.0035743464,0.90777683,2,20,0.0045986446,0.9376434,2,41,0.019009313,0.91268337,2,62,0.02466924,0.88084126,2,88,0.018710228,0.7028006,2,124
16,0.0073144482,0.9478445,2,20,0.022803066,0.88666743,2,40,0.0,0.77838385,2,60,0.0,0.98694056,2,80,0.0,0.9902817,2,100,0.005840023,0.9978256,2,128,0.010366653,1.0035745,2,156,0.0015486121,0.88431597,2,176,0.031644788,0.9847744,2,200
17,0.0,0.9394166,2,28
18,0.008526639,0.95707166,2,25,0.0,0.90848553,2,46,0.029327879,0.86573285,2,66,0.0070843347,0.9186454,2,86,0.0,0.8317542,2,107,0.024789805,0.86178535,2,128,0.046573218,0.93137485,2,152,0.049304783,0.9078762,2,174,0.056923952,0.92782646,2,200
19,0.012817721,0.9081207,2,24,0.05173024,0.93405896,2,45,0.016547723,0.90548235,2,66,0.007177731,0.92107785,2,87,0.0066708704,0.9777575,2,108,0.0032448228,0.9093795,2,128,0.055995803,0.9308432,2,148,0.007765766,0.8788283,2,175,0.01786198,0.8898333,2,197
20,0.0,1.0897697,2,21,0.0,1.0953096,2,42,0.00035134263,1.052087,3,72,0.01053365,1.0347166,2,93,0.0,1.0169797,2,119,0.004590022,0.9860641,2,139,0.03119466,0.9308535,2,159,0.018520372,0.9568798,2,190
21,0.014187912,0.86144304,2,20,0.059436515,0.84200734,2,41,0.001356663,0.73810613,0,61,0.14053425,0.48299155,0,82,0.059121512,0.6193502,2,102,0.0,0.6528536,0,122,0.0,0.54404604,2,145,0.0,0.50119084,2,166,0.014671494,0.76605105,2,200
22,0.007201845,1.0480965,2,27,0.016826171,1.0145688,2,57
23,0.03247492,0.93739855,2,22,0.0042089596,1.0102834,2,50,0.0029455817,1.0114022,2,71,0.0028453772,1.069965,2,91,0.0,0.98444927,2,121
24,0.010493271,0.9723867,2,23,0.0027854505,0.9877269,2,55,0.006395611,0.9534318,2,75,0.0,0.9044013,2,96,0.0,0.9425918,2,116,0.0,1.0648133,2,139,0.0007194336,1.0430906,0,162
25,0.006318535,1.0044037,2,22,0.013249403,0.9141901,2,43,0.01732139,1.0189004,2,72,0.0,1.0622492,2,97,0.0,1.0685736,2,121,0.0052865795,1.1737386,0,142,0.0,1.106568,2,163,0.02413016,0.99970305,2,200
26,0.022179836,1.0114424,2,23,0.0013019099,0.87811184,2,45,0.017302254,0.89389825,2,68,0.0022134967,1.0504388,2,106,0.0,0.9986737,2,133,0.0,1.0621636,2,153,0.01390592,0.96767026,2,174,0.0,1.019685,2,200
27,0.008208222,0.94104457,2,21,0.019021224,0.957978,2,42,0.012280229,0.90644234,2,63,0.0,0.9508239,2,83,0.0021663923,0.9450132,2,104,0.037426688,0.97416484,2,124,0.002884101,0.9099136,2,146,0.0,0.9031278,2,166,0.048368327,0.83289325,2,200
28,0.014159542,0.9601095,2,25,0.007784476,0.9669589,2,61
29,0.009325341,0.9278341,2,25,0.0014350759,0.9584419,2,60
30,0.00574835,0.9502376,2,20,0.006368389,0.96959066,2,40,0.018569006,0.891206,2,62,0.008823018,0.84328157,0,82,0.021531548,0.85747594,0,102,0.043791797,0.75941783,0,122,0.036656674,0.7995195,2,144,0.018903147,0.9283142,2,164,0.0,0.91592896,2,200
31,0.0053864964,1.0059154,2,20,0.0,0.89951885,2,41,0.018750504,0.88633394,2,64,0.0010870137,0.88799244,2,87,0.048809167,0.7648263,2,107,0.012053294,0.5174595,0,127,0.0,0.8186967,0,147,0.0,0.93613434,2,167,0.00061560585,0.9208256,2,200
32,0.016608018,0.94688404,2,20,0.010796342,0.8705788,2,45,0.0,0.95928556,2,65,0.013684368,0.92414796,2,85,0.007980964,0.9749411,2,106,0.027645666,0.9355388,2,128,0.009773866,0.97793823,2,149
33,0.0010194598,1.0024312,2,22,0.06438154,0.96803313,2,42,0.016325478,0.88456523,0,62,0.03909639,0.95895743,0,84,0.0050076535,1.0502566,3,104,0.0277257,1.0444744,2,124,0.013046091,1.0006654,2,144,0.036925208,0.9300686,2,164,0.0377643,0.917773,2,200
34,0.0,0.88894546,2,21,0.0,0.8751091,2,41,0.0,0.9774563,2,65,0.0,0.8897608,2,88,0.0023085508,0.91900104,2,118,0.0,0.9373774,2,145,0.007903676,0.950893,2,184
35,0.0018932454,0.9568966,2,20,0.01302338,0.965596,2,42,0.0,1.0694768,2,62,0.009564675,0.8822836,2,83,0.0,0.9060785,2,105,0.011703802,0.95354354,0,126,0.016657325,0.790808,0,147,0.006203406,0.772428,2,169,0.009600519,0.4880272,2,200
36,0.009648295,0.96475255,2,20,0.009255464,0.906031,2,40,0.010802405,1.0067307,2,60,0.022400087,0.9985533,2,80,0.0014191642,1.0474479,2,100,0.008494511,1.011378,2,120,0.004279161,0.9716698,2,141,0.06404445,0.8728963,2,161,0.014769782,1.0235814,2,195
37,0.0,0.82807887,2,21,0.0038536869,0.8240004,2,43,0.009360461,0.72779405,2,63,0.0,0.56033826,2,83,0.0016730557,0.2540317,2,105,0.0028580364,0.58288515,2,126,0.008661606,0.5392868,1,150
38,0.019478435,0.95245373,2,20,0.0,1.007042,2,46,0.0,0.937483,2,68,0.0,0.84741646,0,90,0.0,0.8864821,0,111,0.0,0.8020568,2,131,0.0,0.89018136,2,159,0.00298996,0.90271014,2,200
39,0.03488428,0.796409,2,20,0.0,0.94180405,3,41,0.009321514,0.8196306,2,61,0.0,0.71345407,2,81,0.0,0.723103,2,101,0.01703993,0.7546687,2,121,0.010395515,0.7029378,2,160
40,0.0072070006,1.0092299,2,21,0.006086349,0.970488,2,43,0.009999539,0.88205993,2,63,0.0,0.8623228,2,83,0.0,0.7360369,2,104,0.0062412554,0.89963037,2,124,0.0037369311,0.80873173,2,144,0.0,0.787254,2,164,0.009213911,0.8270746,2,198
41,0.010073279,0.985149,2,21,0.0,0.92626464,2,41,0.0,0.9382547,2,61,0.0,1.0182235,2,81,0.005523338,1.0147959,2,101,0.0046573975,0.97077286,2,129
42,0.017840337,0.94495124,2,20,0.00030904973,0.87815213,2,41
43,0.0057547097,1.0298656,2,24
44,0.011858415,1.000916,2,20,0.015535277,0.9379621,2,42,0.0015215223,0.8475909,2,63,0.021801565,0.949883,2,88
45,0.0,0.9411079,2,20,0.0,0.9543697,2,51,0.009984167,1.0185171,2,99,0.0,1.0344951,2,119,0.0,1.0321999,3,139,0.019495985,0.9528285,2,169,0.0,0.67860967,2,200
46,0.022257842,1.0149912,2,21,0.012155572,0.9266561,2,41
47,0.0,1.031902,2,20,0.0055399146,1.0457488,2,40,0.018942822,0.9854684,2,72
48,0.007821167,0.9579781,2,20,0.006757359,0.9649786,2,40,0.0030680664,0.9985321,2,62,0.0,1.0465183,0,82,0.0,1.090655,2,102,0.0,1.1792669,0,123,0.0,1.0448953,2,150
49,0.0,1.0273592,2,20,0.0042768093,0.9858124,2,41,0.005092163,0.92840225,2,62,0.012066965,1.0288386,2,87,0.008308315,1.0240412,2,107,0.005446288,0.97666764,2,133,0.03876929,0.9304368,2,154,0.012051616,0.9192058,2,174,0.08511194,0.9054575,2,200
50,0.00013650548,0.99221605,2,28,0.0,1.0549306,2,49,0.0,0.99973273,3,85,0.0,1.0308301,2,106,0.0,1.0432525,2,129,0.0,1.066461,2,153,0.0,0.99908674,2,179,0.0034665163,1.0440228,2,200
51,0.0030394376,1.0307775,2,35
52,0.0075642066,0.9668172,2,20,0.0080467295,1.0078893,2,43,0.051421978,0.9082942,2,63,0.016933698,0.8422779,0,83,0.018554982,0.9586555,2,103,0.0068674358,0.9824775,2,123,0.02728611,0.93760973,2,154,0.0,0.9828088,2,176,0.009943333,0.9812551,2,200
53,0.00021208654,1.0299989,2,22,0.013068026,1.0569566,3,43
54,0.0,1.0543057,2,20,0.0,1.0620053,2,42
55,0.010788741,0.9486912,2,20,0.002007143,1.088327,2,40,0.0059639793,1.0196048,0,62,0.0,1.0564256,0,84,0.009717815,1.0666376,2,107,0.020915853,1.0850365,0,127,0.013531825,1.0634693,0,147,0.0024345573,1.130878,0,171,0.003760462,1.0919055,0,200
56,0.04024947,0.9533653,2,20,0.016743233,0.8535426,2,40,0.0044201333,0.9535746,2,75
57,0.020816749,0.9285876,2,20,0.032129157,0.96288526,2,40,0.0,0.9517037,0,60,0.017575834,0.7211522,2,90
58,0.0022771193,1.0231141,2,35,0.024653733,1.0262887,2,55,0.0058211703,1.0945579,2,77,0.011180048,1.0189432,2,97,0.0,0.9993221,2,117,0.0,0.953829,2,137,0.01471626,0.9587191,2,157,0.0,0.9524698,0,177,0.01455428,1.0385623,0,200
59,0.0,1.0278506,2,20,0.012050154,1.0142336,2,46,0.0028234082,0.9553667,2,67,0.0,1.0522598,0,89,0.003100044,1.0729599,2,118,0.0013332522,0.98129493,2,139,0.018209504,1.0924337,2,159,0.033723958,0.91711414,2,180,0.0041453736,0.9730817,2,200
60,0.0066975104,0.98727125,2,28
61,0.018986486,0.9070215,2,33
62,0.0092702955,0.9843711,2,30
63,0.008269738,0.93757045,2,21,0.009633203,0.86833876,2,41,0.015363714,0.8697538,2,63,0.0062468834,0.8418288,2,83,0.0012023292,0.8947778,2,111,0.0,1.0491465,2,139,0.0,0.9332905,2,171,0.006771747,0.97906995,2,200
64,0.0052441685,0.98920614,2,20,0.025414813,0.8735374,2,40,0.025441939,0.77497715,0,60,0.025321076,0.75311047,2,84
65,0.008862975,0.9096267,2,25,0.020248184,0.86228305,2,49,0.020278139,1.00866,2,71,0.0169851,0.8998387,2,107
66,0.018957246,0.987466,2,20,0.011203959,0.9654019,2,41,0.018264318,1.0124817,2,61,0.004899641,1.0072035,2,82,0.02038004,0.95692796,2,102,0.0,0.9197233,2,126,0.012984035,0.9299283,3,146,0.039969347,0.8791981,2,168,0.052858148,0.91342413,2,200
67,0.023054494,0.99853724,2,20,0.016311053,0.8227328,2,40,0.0,0.9353854,2,60,0.002707603,0.8832282,2,80,0.0,0.85459185,2,101,0.013175646,0.85707295,2,121,0.004494785,0.94789535,2,141,0.025262047,0.9618455,2,162,0.0029854993,0.8731254,2,200
68,0.020661402,0.9277014,2,21,0.012854466,0.9433207,2,49
69,0.0020184482,1.000825,2,34,0.0,1.0097405,2,57,0.013912829,1.0088599,2,77,0.030105662,0.95154124,2,116
70,0.007487587,0.9693132,2,21,0.02021043,0.9841804,2,43,0.023444094,0.92364395,2,68,0.0033697553,0.97951585,2,88,0.017628541,1.0161418,2,108,0.004059209,0.85042953,0,128,0.0044404366,0.96915406,2,152,0.024923408,0.9419714,3,172,0.024294674,0.9793381,2,200
71,0.0021693436,0.8930687,2,21,0.023932334,0.80059063,2,41,0.00820361,0.5454358,0,61,0.038871437,0.60278076,2,81,0.13017482,0.5698342,0,101,0.076111086,0.33183205,0,124,0.06934593,0.26995128,0,144,0.0998652,0.3560482,2,168
72,0.002355908,0.99828315,2,22,0.0029234698,0.98499924,2,47,0.004359503,0.96284425,2,70,0.0038480319,0.98213285,2,92,0.0070059407,0.94011253,0,114,0.051412087,1.0358553,3,135,0.03173828,0.903601,3,155,0.013988832,0.7630454,3,175,0.017970309,0.8767346,2,200
73,0.00774859,0.98418224,2,34
74,0.004180697,0.9508727,2,21,0.073204204,0.8017479,2,41,0.053430438,0.73279536,2,61,0.0,0.6380525,0,85,0.02609841,0.7407086,2,105,0.056396525,0.7315556,2,125,0.0,0.7212924,2,147,0.00415682,0.8520959,2,167,0.027826784,0.821565,2,200
75,0.023674512,0.9376095,2,20,0.005876834,0.9169894,2,41,0.0,0.94373715,2,61,0.007831383,0.96303767,2,82,0.0012786917,0.90304726,2,102,0.010481512,0.929515,2,122,0.0,0.90882,2,142,0.022844624,0.78120095,2,162,0.011961245,0.8109138,2,200
76,0.008996554,0.89767706,2,20,0.012196329,0.80176544,2,40,0.0,0.49428785,1,61,0.010196809,0.48685297,2,81,0.0,0.6289238,1,102,0.0,0.718672,2,126,0.020943306,0.81250256,2,149
77,0.007536459,0.94853574,2,20,0.0034390385,0.9911186,2,40,0.017395595,1.0121232,2,61,0.00887435,0.9696019,2,85,0.0,1.0764045,3,107,0.005499112,0.9793146,2,142
78,0.0052451105,0.94487077,2,27,0.012702093,1.0198381,2,48,0.018075783,0.95645803,2,70,0.0,0.92709637,2,94,0.0008138275,0.9633503,2,114,0.0059064394,0.9832025,2,135,0.0066608633,0.97333366,2,165
79,0.017846534,0.9119338,2,21,0.03148153,0.86248744,0,41,0.0055909352,0.8212318,2,63,0.031926654,0.8645318,3,83,0.0,0.74456125,1,103,0.006890631,0.6842185,2,123,0.017851893,0.7140863,2,143,0.0,0.6373135,1,163,0.006665087,0.6426522,2,200
80,0.019395096,0.91757494,2,21,0.07203419,0.7429422,2,42,0.010143218,0.8553739,2,71
81,0.008235961,1.0243713,2,27,0.01403513,1.0417416,0,47,0.004765796,1.0480101,2,68,0.004777171,1.0046014,2,92,0.0,1.0605166,2,113,0.011375975,1.0409634,0,133,0.0,0.9973222,2,153,0.0,0.9882598,2,174,0.010595993,1.0605379,0,200
82,0.013188559,0.9493168,2,23,0.014763545,0.9647522,2,45,0.004698966,0.9466286,2,72
83,0.02445121,0.86021864,2,20,0.012122228,0.80692977,2,40,0.001406648,0.8247917,2,60,0.0,0.8248399,2,80,0.0,0.8547775,2,100,0.02558372,0.71236867,2,120,0.0056465976,0.79898214,2,141,0.022549715,0.7717855,0,161,0.018880563,0.63287437,0,200
84,0.0038371072,0.98889446,2,20,0.014124343,0.97837764,3,40,0.026672175,0.853514,2,60,0.035140116,0.906459,2,80,0.0076972186,0.96462405,2,100,0.01998155,0.91214436,2,120,0.04776296,0.7916621,2,140,0.015008493,0.8100805,2,164,0.027325504,0.8649236,2,200
85,0.022595007,0.8908979,2,20,0.025559014,0.88081014,2,40,0.0042522475,0.71561074,3,60,0.0,0.8215314,2,80,0.024272513,0.70910364,0,100,0.0,0.72523403,0,120,0.050425936,0.5527168,0,140,0.062085427,0.9048959,2,160,0.041890286,0.66206014,0,180,0.011668801,0.8052658,0,200
86,0.02262855,0.95787895,2,37
87,0.0033868272,0.96797454,2,25,0.0,1.0331168,2,45,0.0,0.98794186,2,66,0.0,1.0071547,2,86,0.0,0.9604098,2,106,0.0,1.0671289,3,126,0.0018286742,0.9947982,0,147,0.0,1.0180005,0,173,0.008699353,1.0389352,2,200
88,0.0010686396,0.9113435,2,21,0.013098234,0.90493697,2,41,0.07194823,0.86205596,2,61,0.011719184,0.89838856,2,82,0.043864086,0.7477931,2,103,0.07002306,0.91551435,0,123,0.0,0.88938874,2,143,0.04775174,0.77637,2,163,0.070781246,0.6770938,2,200
89,0.011454273,1.0280912,2,22,0.00038406544,0.9843404,2,45,0.0,1.0779507,2,66,0.0,0.9640174,2,87,0.004368937,0.99249077,2,111,0.0,1.0988262,2,131,0.0,1.0959632,2,151,0.003337545,0.9882868,2,173,0.024372485,0.9590542,2,200
90,0.005713588,0.9925354,2,22,0.003802206,0.9446552,2,43,0.008969952,1.0258168,2,63,0.0,1.0079187,3,83,0.0,0.8847224,0,103,0.00045914872,0.88910115,2,123,0.0059507554,0.9053525,2,143,0.0,0.9087874,2,166,0.0,0.98443604,2,200
91,0.008372773,0.9030949,2,20,0.019860694,0.9025229,2,41,0.014359293,0.96565056,2,62,0.0,0.9669975,2,82,0.009690389,0.9294222,2,102,0.01590098,0.89963484,2,122,0.016384091,0.9107377,2,142,0.015136746,0.8998107,2,162,0.0010231804,0.87288386,2,199
92,0.0,0.97810555,2,22,0.0056200475,0.8164912,2,52
93,0.025276223,0.9276365,2,20,0.012739171,0.92365277,2,40,0.0019634427,0.9055703,2,60,0.004954003,0.8526478,2,80,0.003367599,0.829236,2,102,0.016541835,0.88961565,2,122,0.030903453,0.9140876,0,147
94,0.02963602,0.9118377,2,20,0.0006249231,0.8712392,2,40,0.010280646,0.99351805,2,60,0.002863289,0.9398079,2,80,0.030417882,0.8639185,2,102,0.02114613,0.89201725,2,122,0.00358507,1.018537,2,153
95,0.0017551318,0.8734719,2,24,0.019348009,0.9225833,2,44,0.057936605,0.87392443,2,74
96,0.0,0.93308747,2,20,0.010902054,0.982368,2,44
97,0.002796628,0.9272157,2,21,0.0819425,0.8433591,2,42,0.026840637,0.70711786,2,63,0.03505114,0.59555423,2,84,0.0022919837,0.7658001,2,104,0.009092768,0.93326104,2,124,0.031513892,0.90536946,2,147,0.035063453,0.82169425,2,167,0.035431076,0.8326715,2,200
98,0.014222077,0.98088115,2,22,0.015510323,0.95293343,2,42,0.0,0.9212681,2,68,0.0033045716,0.9962583,2,89,0.02788904,1.0403109,2,114,0.04510899,0.98361516,2,135,0.0386279,0.9188569,2,155,0.01981831,0.99242765,2,176,0.015048151,0.9997692,2,200
99,0.0045464663,0.96060246,2,20,0.011643138,0.9674767,2,40,0.010141493,0.9783796,2,71
100,0.003747375,1.0885919,2,20,0.0,1.0713149,2,40,0.005766671,0.9965085,2,75
101,0.009499235,0.93588936,2,20,0.0,0.9500785,3,48
102,0.0044470867,0.96737874,2,34
103,0.0020316623,0.8923253,2,20,0.020922551,0.8820371,2,41,0.009626825,0.88752127,0,62,0.0,0.95412713,2,82,0.09671757,0.75197065,2,103,0.010058854,0.8522385,0,126,0.012141065,0.71910596,3,152
104,0.0,1.0066634,2,30,0.0013538861,1.1114346,2,53,0.0,1.0724416,2,73,0.003532619,1.0463561,2,96,0.0,1.1182932,3,117,0.0,1.057011,2,137,0.015846668,0.9876596,2,163,0.002728728,0.9554127,2,200
105,0.0021524352,0.9847077,2,23,0.009526058,1.037586,2,45,0.0073011783,0.97985023,2,72,0.0,1.0234506,2,94,0.006331643,1.0139022,2,116,0.0015357161,0.9684164,2,136,0.007139489,1.0133345,2,156,0.0030962848,0.9981761,2,176,0.00536927,1.0489436,2,200
106,0.02041563,0.9495331,2,21,0.0114952065,0.89758265,2,51
107,0.0119587565,1.00437,2,28
108,0.023168635,1.0234153,2,21,0.000110440575,1.0559198,2,72
109,0.026154917,0.8787357,2,20,0.00022004377,0.7816586,2,40,0.027816039,0.5865737,2,60,0.0,0.59128237,0,80,0.0,0.55269134,1,100,0.0,0.70451576,2,120,0.0,0.6832194,1,140,0.0,0.71014816,2,160,0.001617707,0.7934068,0,200
110,0.011985689,0.9653593,2,21,0.022041103,0.92031175,2,41,0.036047544,0.95168203,2,62,0.01749226,0.9530269,2,82,0.018412886,0.9053924,2,106,0.011378208,0.9206417,2,126,0.001990113,0.9824915,2,146,0.027739968,0.90512866,2,166,0.03843205,0.88553697,2,200
111,0.0056762863,0.9815911,2,37
112,0.0,1.0531298,2,21
113,0.0030570398,0.968956,2,21,0.013562748,0.9206844,2,47,0.07579859,0.88763016,0,67,0.010313822,0.9277471,2,87,0.026913326,0.9622021,3,107,0.05171702,0.91760474,0,127,0.009491425,0.9936214,2,150,0.024653185,0.94699305,2,171,0.07057525,0.8634602,2,200
114,0.0,0.90924007,2,21,0.005804048,1.0287404,2,42,0.011494857,0.97753704,2,62,0.032778297,0.90578544,2,82,0.0152601795,0.9479875,2,103,0.0,0.9086151,2,123,0.012045476,0.87554276,2,144,0.013265217,0.73664284,2,164,0.007031958,0.9455362,2,200
115,0.00085583824,1.061522,2,21,0.00057033956,1.0503589,2,58
116,0.009498719,1.0129043,2,20
117,0.0073869736,1.0018717,2,20,0.002184626,1.0283818,2,54
118,0.015914625,0.94019985,2,20,0.021883685,0.9982506,2,40,0.0,0.96547526,2,60,0.009460643,0.9739193,2,82,0.0,1.0319071,2,103,0.026258986,1.0043608,2,123,0.00012324599,0.9932593,2,144,0.0029889855,1.0075536,2,165,0.021886019,0.9413611,2,200
119,0.020527598,1.0079999,2,20,0.0097021945,1.0558404,2,41,0.0024731494,1.0667838,2,67,0.0,1.2523218,0,87,0.0,1.1458577,0,109,0.0,1.1617641,2,130,0.0,1.0421755,0,150,0.011780108,0.9447687,2,171,0.0,0.9779039,2,200
120,0.0,0.9406591,2,22,0.011169486,0.9573363,2,54,0.02461606,1.0010487,2,88,0.00035550896,0.9923586,2,116,0.0,0.96417093,2,136,0.000114821254,0.8777431,2,157,0.0,0.8771877,0,177,0.033673383,0.769533,2,200
121,0.0,0.9330745,2,21,0.012176464,0.91778344,2,41,0.0025043325,0.8636057,2,61,0.0024840485,0.85666895,2,82,0.0,0.66689193,2,102,0.0,0.6071767,2,124,0.0,0.53621256,0,147,0.0,0.75583375,0,167,0.0020516573,0.60781556,2,200
122,0.005068624,1.0034913,2,46
123,0.0063367016,0.9582737,2,20,0.0,0.92177373,2,40,0.025332019,0.776731,0,60,0.0152577255,0.774781,2,80,0.01033504,0.8936963,2,103,0.01556355,0.92718524,2,123,0.0007910739,0.90020305,2,144,0.014937882,0.7891038,2,165,0.0019657887,0.68621916,2,200
124,0.0036728915,0.9639428,2,20,0.026345592,0.8837218,2,40,0.0,0.89214075,2,60,0.0038688886,0.88164556,2,81,0.052516773,0.86338437,2,102,0.0058735795,0.88842124,2,122,0.014478447,0.891619,2,142,0.014365089,0.86618745,2,162,0.0089323465,0.84838915,2,200
125,0.0,0.95770806,2,20,0.0,0.8508326,2,40,0.022940557,0.76808685,0,73
126,0.013831073,0.99932367,2,33
127,0.022654956,0.85392874,2,20,0.0,1.0037024,2,40,0.013887458,1.0158409,2,65,0.013052769,0.9147008,2,85,0.0,0.94316465,2,109,0.0,1.0037752,2,135
128,0.02527457,0.8915335,2,20,0.04390247,0.9050577,2,41,0.009967204,0.75591564,2,62,0.08892296,0.6274661,2,82,0.025529515,0.7336247,2,103,0.0,0.44788012,0,123,0.019001238,0.20312397,2,143,0.0,0.24756184,0,163,0.1380938,0.25601768,2,200
129,0.0061479546,1.0081526,2,25,0.023568287,0.9287168,2,45,0.0066503747,0.9422757,2,66,0.035081077,0.7999438,2,86,0.005218977,0.8863718,2,107,0.035907988,0.89596534,3,129,0.00056489283,0.8435494,2,150,0.0,0.77464867,2,172,0.0067984005,0.88917404,2,200
130,0.0013280842,0.92964417,2,22,0.025236266,1.0532347,0,43,0.0064519215,1.1402488,2,65,0.0,1.1606871,2,92,0.012673742,1.069678,2,130,0.009381857,0.92242867,2,151,0.017935991,0.89819413,2,171,0.032417092,0.9010349,2,200
131,0.023620883,0.9517824,2,23,0.009777623,0.8910955,2,46,0.033268496,0.83164454,2,73,0.016320635,0.9146597,2,95,0.010221983,0.9923733,2,118,0.013574251,0.8702766,2,139,0.0044633714,0.9692238,2,177
132,0.0034429496,0.9694986,2,23,0.009641569,0.92936486,2,53
133,0.0042956225,0.96358967,2,20,0.031952415,0.9858598,2,45,0.016534014,0.99845785,2,75
134,0.009307508,0.9355204,2,25,0.0027475387,0.9594959,2,45,0.0,1.0404136,0,65,0.006138001,0.8058808,2,87,0.0018638842,0.73006123,2,111,0.0,0.8624897,2,131,0.0060789715,0.9231103,2,157
135,0.009674481,0.8774428,2,30
136,0.0,0.9270032,2,20,0.0046020662,0.80089504,2,41,0.026592255,0.8052115,2,63,0.041692477,0.85135776,2,83,0.026248422,0.75809044,2,103,0.015820533,0.6776824,2,123,0.0,0.638495,3,145,0.0,0.8849028,2,165,0.00838766,0.5939071,2,200
137,0.023173818,1.0025654,2,37
138,0.0041155727,1.0230108,2,20,0.006702798,0.965052,2,51,0.005622912,1.0167712,2,71,0.007907629,1.1369519,2,91,0.0,1.1698751,3,111,0.0,1.150811,2,131,0.0008868842,1.1631364,3,152,0.0,1.1092284,0,172,0.0011224913,0.9987237,2,200
139,0.012209256,1.0262877,2,20,0.0037376198,1.0333905,2,44,0.0030970552,1.084052,0,65,0.0016621179,1.0626945,2,87,0.00870399,1.0267454,2,107,0.01174989,1.03659,2,130,0.0,1.0568708,3,150,0.00040454362,1.0200499,2,173,0.010066669,1.0239321,2,200
140,0.0,0.95220566,2,21,0.009369102,0.98511505,2,42,0.021712642,0.9232267,2,62,0.011746526,1.0055189,2,84,0.0,1.042731,2,110,0.0039060994,1.1212188,2,162,0.0,1.1425478,2,200
141,0.01180228,1.0123627,2,23,0.0069301245,0.9242686,2,51,0.0,0.99968547,2,74,0.0005256261,0.9800051,2,106
142,0.020203903,0.9162979,2,20,0.021890584,0.64258385,2,40,0.0,0.8359088,2,60,0.0,0.6744731,2,82,0.019006155,0.81756365,2,103,0.00492572,0.9131915,2,135
143,0.0015644936,1.0101186,2,23,0.004566621,1.0083414,2,46,0.0034226705,1.0371695,2,76,0.0029558577,1.0287242,2,96,0.013605359,1.0758119,2,118,0.0022746508,1.0303115,2,147,0.0,1.0903518,2,168,0.0,1.0824199,2,200
144,0.008564978,0.9603867,2,23,0.010569578,0.9062274,2,43,0.01622217,0.9508174,2,63,0.013820943,0.96656,2,84,0.0,1.0393271,2,106,0.0015855749,1.0812155,2,133,0.0,1.0749835,2,155,0.0,1.0773269,2,188
145,0.006554725,1.0135893,0,20,0.0,1.0769993,2,44,0.011412159,1.0650718,2,64,0.0,1.0156492,2,90,0.0,1.0303313,2,114,0.00048678173,1.0187231,2,136,0.0019797578,1.0464345,2,156,0.012428858,0.9485453,2,177,0.011533125,0.9684073,2,200
146,0.003996518,0.9661241,2,22,0.0,0.98554397,2,44,0.0,0.92815846,2,64,0.0048043774,0.81123257,2,84,0.015427476,0.9163998,2,104,0.0,0.9709932,2,124,0.009617352,0.98337126,2,144,0.009497246,0.91627055,2,164,0.0053705336,0.8088487,2,200
147,0.019813295,0.9109545,2,22,0.0034548366,1.025814,2,45,0.008630213,0.919761,2,65,0.0,0.89039963,2,85,0.0011297226,0.8813729,2,123
148,0.0082228165,0.9823636,3,21,0.0042117266,0.94627035,2,44,0.0,1.0347284,2,64,0.014349854,0.9582162,2,84,0.012769153,0.9815234,2,114
149,0.0034278277,0.9628142,2,20,0.009023222,0.92084265,0,41,0.01195932,0.93747175,2,64
150,0.016846422,0.8427847,2,20,0.026130294,0.81795955,2,42,0.0,0.7082113,3,62,0.007099654,0.94381875,2,83,0.0018977632,0.31820306,0,117
151,0.0,0.99636316,2,21,0.0037746166,1.0391189,2,43,0.039376475,0.9931226,2,63,0.009781653,1.0200632,2,84,0.0028535775,1.0249903,2,104,0.019262837,1.0129793,2,131,0.009231994,1.0323195,2,151,0.013189283,1.0026226,2,171,0.0,1.0220894,2,200
152,0.0,0.989463,2,20,0.0,0.984138,2,41,0.00072760624,1.0015342,2,61,0.03836781,1.0001915,2,84,0.003820664,1.0506991,3,104,0.019536395,0.9158259,2,125,0.042817388,0.9535801,2,145,0.040622007,0.9209708,2,165,0.03728341,0.9281419,2,200
153,0.014076886,0.97691643,2,20,0.01732987,0.9435936,2,52
154,0.013287436,0.89674646,2,22,0.0,0.9365104,2,42,0.0,0.96662146,2,65,0.0057795346,0.9893722,2,108
155,0.0,0.9783901,2,20,0.036385875,0.8690317,2,40,0.0,0.86460847,0,60,0.016941886,0.8981813,2,80,0.0,0.97643787,2,103,0.0040899194,0.9300022,2,123,0.024241995,0.9370505,2,144,0.0,1.0225601,3,166,0.0067470125,0.85071063,2,200
156,0.0124009205,1.0092875,2,28,0.027722025,0.95749235,2,48,0.00688132,0.84848213,2,68,0.0065853833,0.9393756,2,92,0.016543265,0.91258883,2,134,0.06943466,0.8734466,2,154,0.009179562,0.91688937,2,200
157,0.029611442,0.8244694,2,20,0.031392116,0.69384927,0,40,0.0,0.5731378,2,62,0.0,0.7014583,2,83,0.012148714,0.65333945,2,122
158,0.019075552,0.99567616,2,21,0.008764107,0.97555035,2,47
159,0.013959417,0.96905124,2,20,0.0,0.95237064,2,40,0.0043061026,0.98962873,2,61,0.022158474,0.98478585,2,85,0.006169769,0.94186795,2,119
160,0.020584002,0.92645943,0,20,0.0042212205,0.8356222,2,40,0.0014009448,0.8687262,2,72
161,0.020965856,0.927688,2,20,0.035345964,0.842886,2,40,0.019255212,0.88898164,2,60,0.0059754145,0.8519445,2,81,0.003765335,0.6575638,2,103,0.049563874,0.588326,2,125,0.04153341,0.6201321,2,161
162,0.0,0.9715303,2,20,0.026290283,0.95362246,2,40,0.0036608658,0.9691331,2,60,0.0,1.009846,2,80,0.007952313,0.99598867,2,100,0.0,0.9962443,2,121,0.0,1.0171793,2,141,0.0106374165,0.9490654,3,163,0.0,0.99311393,2,193
163,0.00079914095,0.9579091,2,21,0.021442171,0.98126477,2,41,0.0,0.91885644,2,61,0.009946847,0.888941,2,82,0.0,0.8047341,2,102,0.0,0.8389439,2,124,0.029723587,0.81380236,2,147,0.0090375375,0.82033366,2,167,0.00069821364,0.83991706,2,195
164,0.0010911218,0.9448388,2,20,0.06836698,0.8408745,0,40,0.00081182196,0.8454421,0,64,0.0,0.84064966,0,85,0.05920006,0.7632836,0,105,0.0,0.74982846,2,125,0.0,0.56357336,2,146,0.0,0.48522216,2,166,0.010355196,0.5970243,2,200
165,0.0033349944,0.9706735,2,34
166,0.023822173,0.97500867,2,20,0.00065274234,1.0113842,2,42,0.017305924,0.97789556,2,62,0.003913626,0.9755336,2,82,0.0,0.9624821,2,103,0.0022540956,1.0352727,2,123,0.01568219,0.9946343,2,143,0.010195098,0.9356317,2,165,0.02080901,0.9643218,2,200
167,0.013235718,1.0405514,2,20,0.019536993,1.0375514,2,44,0.008054769,0.941833,2,64,0.06067546,0.9634954,3,84,0.0027484572,0.98165065,2,104,0.049583014,0.8878142,2,124,0.021104325,0.94112045,2,145,0.02637812,0.9385471,0,167,0.03331123,0.9424812,2,200
168,0.018836144,0.9541148,2,21,0.013979061,0.9754678,2,41,0.0,1.0848826,3,61,0.0,0.8968541,2,81,0.0,0.8085068,2,106,0.0,0.7209965,2,126,0.009710478,0.7080826,2,146,0.0,0.941669,2,167,0.007090014,0.8281218,2,200
169,0.029742071,0.95230293,2,21,0.0014366468,1.0184506,2,42,0.091217145,0.99817216,2,65,0.009287455,0.95493263,0,86,0.014696467,1.000137,2,106,0.022583565,1.0325572,2,127,0.04467653,0.958383,2,151,0.04571991,0.90743244,2,172,0.011271132,0.9703054,2,200
170,0.02661236,0.9295802,2,20,0.0,0.9898942,2,40,0.012190841,0.93537223,2,61,0.015029743,0.98007184,2,81,0.015625676,0.9364613,2,106,0.015399715,0.91551745,2,126,0.036877528,0.921325,2,150
171,0.0072409613,0.9854372,2,22
172,0.021690851,0.9488603,2,20,0.0,0.9523305,2,42,0.026658038,0.90366995,0,62,0.010901003,1.0104527,2,84,0.0016657135,0.9397899,2,104,0.04560697,0.810285,2,124,0.0201524,0.72458637,2,145,0.0,0.63645613,2,165,0.023459015,0.60443527,2,200
173,0.0072965915,0.9139338,2,24,0.00781871,0.9140786,2,44,0.0054165022,0.89605534,2,64,0.01931886,0.9681314,2,86,0.011599711,0.8651998,2,118,0.0,0.9632802,2,141,0.0021263787,0.9861362,2,167,0.012584352,0.9037436,2,200
174,0.004870014,0.97479385,2,31,0.016295807,0.95689625,2,53,0.0011611565,0.8750586,2,74,0.005560175,1.0068103,2,94,0.020676335,0.8553962,2,116,0.011684847,0.68440604,2,138,0.0,0.568829,2,160,0.03664706,0.65684545,2,200
175,0.0,1.0536947,2,21,0.0,1.0772716,2,47,0.000831847,1.0698748,2,68,0.0,1.0798858,3,88,0.0,1.0191332,2,112,0.005053894,1.0306667,2,137,0.006583655,1.078382,2,162,0.004719081,1.0793561,2,200
176,0.0046805353,1.0129522,2,20,0.006097163,1.0009439,2,60
177,0.0013980437,0.9895554,2,24
178,0.0013186778,1.0273215,2,22,0.00039687523,1.0044321,2,43,0.0152451955,0.9804414,2,67,0.0021660202,1.0445163,2,87,0.0,1.0967124,2,107,0.0,1.079699,2,128,0.0036670228,1.05563,2,151,0.009917662,1.1043665,0,171,0.0,1.1577266,3,200
179,0.005241887,0.9817664,2,20,0.0123136835,0.9202057,2,40,0.012102743,0.90928096,2,63,0.0004516784,0.82847106,0,84,0.009063682,0.86446047,2,104,0.011610301,0.8916956,2,124,0.056368098,0.8754991,2,147,0.036753707,0.8578552,2,170,0.02089718,0.9166106,2,200
180,0.02294228,0.9325086,2,20,0.0,0.9637085,2,42,0.0,0.9321227,2,62,0.007053898,0.9726197,2,82,0.0,0.85949737,2,102,0.027043086,0.82688636,2,122,0.020922715,0.7647217,3,142,0.03138548,0.90876377,2,162,0.0030697072,0.91648996,2,200
181,0.02931056,0.94283175,2,32
