0,0.0,1.0806239,2,20,0.0034288326,1.0673693,2,46,0.0,1.0676624,2,66,0.0,1.0526433,2,88,0.0051392633,1.0494974,2,121
1,0.012249147,0.92614156,2,21,0.0098442715,0.86725664,0,41,0.0,0.8178293,2,61,0.014889313,0.76943517,2,81,0.0057570846,0.79005325,0,101,0.029332198,0.82455325,2,122,0.0,0.91497076,2,142,0.006589137,0.9593963,2,164,0.0005900738,0.9351082,2,192
2,0.0055734105,1.0549064,2,20,0.0,1.0824057,3,45,0.0,1.0456998,0,65,0.0,1.0210198,2,92,0.004658961,1.0207039,2,142,0.0001186694,1.0554495,2,162,0.0069833146,1.0294629,2,200
3,0.0,0.9982855,2,23,0.006324648,1.0083576,2,43,0.0064257034,1.0223736,2,63,0.0029940687,1.054532,2,86,0.016273806,1.0531642,2,106,0.014535878,1.0843023,2,129,0.0,1.0297083,2,149,0.0026736245,1.0700057,2,170,0.006707644,1.0580233,2,200
4,0.043274842,0.9512309,2,20,0.0,0.99592274,2,40,0.022655297,1.0279574,2,60,0.0025196539,0.9994389,2,86,0.0071998658,0.9690589,2,106,0.0,1.0282886,0,126,0.0034717328,1.0561357,2,151,0.0118806735,1.0175612,2,200
5,0.010364988,1.000254,2,23,0.041806392,0.96406156,2,52,0.007957152,1.026708,2,76,0.016571837,0.97508824,2,97,0.04659911,0.9554595,2,117,0.0,0.95052135,2,137,0.0,0.91388184,2,158,0.011951429,0.75532305,2,178,0.047207676,0.8800323,2,200
6,0.031323995,0.99631244,2,36
7,0.010609677,0.99683,2,20,0.04099567,0.9109045,2,40,0.009269651,0.9647352,0,60,0.01564848,0.87955236,2,80,0.013502543,0.8460676,2,100,0.008252049,0.85545313,2,120,0.011761756,0.9034584,2,147
8,0.0,0.9770937,2,20,0.011134341,1.0252868,2,59
9,0.00796215,0.9950881,2,20,0.017383615,0.99764174,2,43,0.0032632183,1.0204352,2,89,0.0032248884,1.0438136,2,116
10,0.038103458,0.9938685,2,20,0.0060324897,1.0005577,2,45,0.03720411,0.95251626,2,65,0.0047799344,0.9670645,2,87,0.0,1.0745354,0,108,0.0092726005,1.0927587,0,128,0.0,1.1813993,0,151,0.0,1.1542535,2,171,0.0,1.1203368,2,200
11,0.019308602,0.9990816,2,20,0.0,1.1339519,2,40,0.037803106,0.9327298,2,62,0.028909277,0.8993415,2,90
12,0.018670216,0.9524377,2,20,0.0061698104,1.0126173,2,42,0.004574509,0.9865443,2,72
13,0.0066324547,0.95483005,2,26
14,0.014481748,0.9576586,2,21,0.031568915,0.91153336,2,41,0.0017036985,0.99281704,2,61,0.015668277,1.0299909,2,81,0.012037976,0.9682368,2,101,0.0028451215,0.99299145,2,125,0.014315613,1.0201358,2,145,0.014506269,0.9698476,2,171,0.0014321585,0.9901395,2,200
15,0.005029344,0.94396496,0,20,0.013488107,0.92670536,2,42,0.00513466,0.9677298,2,64,0.020846201,0.9606181,2,87
16,0.022180669,0.9836098,2,20,0.032475878,0.9731752,2,41,0.0,1.0258107,0,68
17,0.0049458197,0.8987423,2,26,0.025722569,0.9108378,2,46,0.0,0.88827264,2,66,0.084217384,0.836604,2,87,0.0,0.84921944,2,107,0.0,0.8399048,2,128,0.0,1.0128142,3,148,0.0,0.90323114,2,169,0.008833601,0.8385259,2,200
18,0.015944868,0.9971742,2,21,0.014010356,0.9882871,2,42,0.0,0.97792464,2,66,0.0059138536,1.045855,2,91,0.0009354675,1.0542578,2,113,0.0,1.0327157,2,134,0.01449427,1.0224354,2,154,0.012200516,0.9677583,2,175,0.0057660085,1.030669,2,200
19,0.011042644,1.0371101,2,20,0.0,1.013063,2,40,0.0,1.0504153,2,60,0.0014423357,1.0314944,2,81,0.0,1.02322,2,102,0.007624112,0.9680902,2,130,0.0014249146,1.0241326,2,152,0.0037482977,0.9850786,2,177,0.0068712835,0.9937573,2,200
20,0.0,0.9299064,2,22,0.0,0.9683093,2,43,0.004963674,0.9357462,2,77
21,0.02421159,0.92207336,2,20,0.015114484,0.8826704,2,40,0.017627565,0.966535,2,68,0.011025771,0.98448336,2,91
22,0.010685788,0.907735,2,21,0.047489714,0.96548826,3,41,0.017703447,0.8423532,2,61,0.028348725,0.80409163,2,81,0.05250868,0.6832362,2,103,0.0027578368,0.8987675,2,123,0.0,0.7050517,2,143,0.0,0.8775423,0,163,0.0044054845,0.8116839,2,190
23,0.0055829166,0.98788005,2,20,0.0023745936,1.04897,2,43,0.012632676,0.9895325,2,69,0.0037977926,1.0021416,2,93,0.00044639374,1.0637218,2,114,0.014353934,1.0027487,2,134,0.008173718,0.9955586,0,154,0.008957679,0.8846906,2,175,0.018939322,0.95720804,2,200
24,0.00796906,1.0017501,2,22,0.0052507534,1.0323646,0,42,0.008193004,1.0028162,2,62,0.006958581,0.96162915,2,91,0.00028403552,0.9286207,2,111,0.0,0.9893014,3,131,0.0036205365,1.0028818,2,152,0.006223328,0.91440654,2,173,0.027766487,0.9309099,2,200
25,0.009732824,1.0047427,2,27
26,0.0027501301,0.9573896,2,22,0.011379642,0.9896449,2,42,0.001627757,0.8823099,2,62,0.01744398,0.87057894,2,82,0.0,0.9723258,2,102,0.0,1.0206752,2,123,0.0,0.9564799,0,143,0.0,0.92970735,2,165,0.0,1.0138793,2,200
27,0.00624176,1.0445787,2,20,0.0,0.98110914,2,40,0.013024146,0.9884275,2,66,0.0,0.949354,2,86,0.0044949898,0.98013693,2,114,0.005738374,0.88155615,2,137,0.00485289,0.90945715,2,158,0.009893829,0.8217758,2,179,0.070926405,0.6934371,2,200
28,0.005175449,1.0024129,2,22,0.021262448,0.942376,2,42,0.029796096,0.91100943,2,65,0.012127601,0.9433562,2,86,0.006545212,0.99245816,2,106,0.020620152,1.0052853,0,126,0.026071042,1.0126532,3,146,0.047145236,0.9193242,2,166,0.037840087,0.9440586,2,200
29,0.00892952,0.97135466,2,31
30,0.019734118,0.906461,2,22,0.00058081397,0.8877839,2,42,0.0,0.9083244,0,62,0.010011634,0.8986529,2,83,0.0014659747,1.098309,2,105,0.012948416,1.106527,2,125,0.0013685285,1.0556209,2,150,0.014494209,0.94456464,2,171,0.0049288142,0.90901244,2,200
31,0.009341383,1.0473077,2,20,0.0024235721,0.9859403,2,43,0.0035978577,0.9694717,2,70,0.013773843,0.9596954,2,93,0.016875349,1.0025703,2,118,0.031613894,0.9776673,2,141,0.034068603,0.916083,2,161,0.005352172,0.80452746,2,200
32,0.008147603,0.9245621,2,20,0.011710577,0.968711,2,41,0.011079346,0.98325336,2,61,0.02865076,0.93622607,2,81,0.05919534,0.9472376,2,107,0.023492351,0.9039075,2,127,0.006675457,1.0123956,2,147,0.0031735804,0.9348429,2,167,0.03796759,0.8693101,2,200
33,0.0,0.9869959,2,20,0.05167266,0.9990347,2,40,0.03169043,1.0198126,2,61,0.03622842,0.95375425,2,98,0.0023112914,1.1000636,2,119,0.010603727,1.0275227,2,143,0.032372914,0.9366702,2,163,0.044529118,0.93947923,2,183
34,0.009828896,1.0593065,2,20,0.0012007985,1.0206819,2,40,0.0013289363,1.0421187,3,64,0.0001555769,1.0369703,2,85,6.0708926e-06,1.1051836,3,106,0.00040803786,1.0432084,2,126,0.0,1.0445399,3,159,0.0,1.0454324,3,200
35,0.06312681,0.9425554,2,20,0.003986905,0.83022636,2,41,0.0035673208,0.8088018,2,61,0.0,0.81069505,2,81,0.0020815083,0.7797061,2,101,0.020571273,0.9698162,2,121,0.0,0.98335093,0,141,0.0,0.9374112,0,161,0.00021305423,0.5545746,0,200
36,0.0,1.0876508,3,21,0.0,1.0110514,2,41,0.0,1.025151,2,63,0.0,1.0565828,2,84,0.0,1.0306858,2,108,0.0016155307,0.98750675,2,146
37,0.005630205,0.97936136,2,22,0.0016736774,0.9705065,2,43,0.010173752,0.96389705,2,66,0.013704903,1.0234311,0,90,0.004372078,1.0301018,2,113,0.0,0.92621684,2,138,0.00024168278,0.9529437,2,158,0.04455758,0.85891646,2,178,0.10600236,0.84618706,2,200
38,0.0031551349,1.0132513,2,33
39,0.0014405509,0.9824187,2,21,0.0064570424,0.9736039,2,47,0.012018198,0.88142467,2,68,0.006637503,0.91065925,2,104
40,0.012081501,1.0029649,2,21,0.022049582,0.9554285,2,41,0.005351172,0.9806938,2,62,0.023410765,0.9506286,2,86,0.049299616,0.9230622,2,106,0.06010241,0.8917224,0,126,0.0,0.9097414,2,146,0.014456847,0.92031157,2,168,0.04219666,0.9137589,2,200
41,0.003173495,1.0273856,2,21,0.045988154,0.9215353,2,41,0.0020341766,0.9586719,2,67,0.0057935533,0.9200629,2,96,0.017530033,0.85969937,2,117,0.0014421872,0.8145337,2,137,0.007870183,0.9320798,2,157,0.011214657,0.8567687,0,177,0.014903468,0.91281766,2,200
42,0.0030601032,0.99002504,2,25
43,0.005858968,1.0512466,2,20,0.018085063,1.014095,2,44,0.0018547557,1.0264863,2,65,0.026546944,1.0097641,2,86,0.025970992,0.96882707,2,106,0.00648728,0.9442034,2,126,0.015370278,0.9338712,2,147,0.00049562426,1.0616344,2,176,0.0014007575,1.0268373,2,200
44,0.024402518,0.9850364,2,20,0.00027213665,0.9548527,2,40,0.0062297797,1.0432929,2,60,0.0,1.0009073,2,80,0.0011412113,0.9558594,2,101,0.0015276931,0.93342894,2,123,0.020005533,0.98610055,2,149,0.01721212,0.93931645,2,169,0.005484759,0.9695203,2,200
45,0.022027843,1.0110226,2,24,0.0061295023,1.1110668,3,62,0.0,1.1133213,0,82,0.0,1.1321504,3,106,0.0044067064,1.1569555,3,126,0.00066520204,1.1595877,2,148,0.0,1.0543671,0,168,0.0032769204,1.0495952,2,188
46,0.0031286986,1.0572507,2,22,0.00842841,1.0611044,2,42,0.004320677,0.9907892,2,67,0.008928454,1.0013511,2,89,0.018775575,1.0024711,2,110,0.01225812,0.9536263,2,137,0.0113655925,1.0154269,3,157,0.002575139,0.997766,2,192
47,0.021252472,0.8940519,2,20,0.024042113,0.8753649,2,40,0.0047975075,0.80361265,2,62,0.0,0.90309334,3,82,0.032439213,0.91151565,2,123
48,0.00030612227,0.97600865,2,22,0.01027186,1.0027357,2,42,0.06410406,1.0032145,2,62,0.043184996,0.96751106,2,83,0.039974354,0.9572914,2,103,0.02753721,0.9326393,2,125,0.010121999,0.94039357,2,146,0.013180723,0.9816127,2,166,0.043862842,0.8147739,2,200
49,0.0,1.0322741,2,27
50,0.016494067,0.9418801,2,21,0.0,0.96611714,2,46,0.0,0.9690286,2,66,0.013959396,0.88978267,2,88,0.025801843,0.8815678,2,108,0.0,0.93515813,0,128,0.005155749,0.8902439,3,149,0.028815862,0.7647728,0,169,0.024500536,0.7586264,0,200
51,0.011888355,0.9943473,2,20,0.0,1.0104719,2,40,0.011632037,1.1088548,2,69,0.0,1.1284441,0,89,0.0,1.0707515,2,109,0.0,1.0524551,2,129,0.009282847,0.8219116,2,150,0.061484136,0.8236722,2,170,0.014290128,0.8515211,2,200
52,0.01720928,1.0263566,2,32,0.026358772,0.9826295,2,52,0.0,1.0265436,3,73,0.0062336153,0.9877764,2,93,0.006375257,0.98729837,2,113,0.04610685,0.9436924,2,135,0.037674665,1.0136561,2,157,0.003406156,1.0069456,3,180,0.011462433,0.9751667,2,200
53,0.007775062,0.92107236,2,20,0.021020118,0.9457944,2,40,0.014081698,0.9455684,2,61,0.0,1.027845,2,82,0.0,1.1490625,2,103,0.0,1.1063001,2,123,0.0,1.114028,2,144,0.0037228393,1.1092199,0,166,0.006541563,1.1109663,2,200
54,0.008931188,0.9967705,2,21,0.023924347,0.94445384,2,42,0.006036421,0.86023664,2,62,0.011874887,0.955208,2,92,0.0183748,0.9681985,2,112,0.018400175,0.9243578,2,132,0.013226991,0.89202183,2,152,0.009474802,0.9543835,2,172,0.004190545,0.89650255,2,200
55,0.0058853975,0.95466584,2,20,0.03150943,0.93154687,2,41,0.0010081962,0.92646056,2,61,0.0,0.7571705,2,81,0.0,0.6298985,2,101,0.017825173,0.69725525,1,121,0.0,0.69611907,2,141,0.0166185,0.7995824,2,161,0.0088174725,0.89356476,2,200
56,0.014303959,1.054226,2,31,0.010226305,1.0347984,2,51,0.0,1.0140136,2,79,0.00027701881,1.044489,2,102,0.008010941,1.0306288,2,135,0.0,1.0631331,2,155,0.0020369987,1.0423375,2,176,0.009249833,1.0200729,2,200
57,0.012372884,1.0042073,2,24,0.0026943188,1.0046835,2,48,0.002789023,1.0086769,2,68,0.0,1.0113803,2,90,0.013060059,1.020731,2,120,0.005493926,1.0359743,2,145,0.02548266,0.9592185,2,168,0.0,1.0637759,0,200
58,0.0035938798,0.91768783,2,22,0.14801395,0.7976002,2,53
59,8.3002524e-05,1.0691879,2,36,0.0,1.044763,3,63,0.006115702,1.0711219,2,84,0.0,1.0668772,2,108,0.0,1.0559034,2,128,0.0,1.0856993,0,149,0.04580176,1.0623772,2,171,0.016330639,1.0479194,2,200
60,0.013828436,0.96809804,2,26,0.015277903,0.8786054,2,47,0.012202349,0.9060773,2,71,0.018324634,0.8647934,2,93,0.0042621507,0.8761023,2,113,0.004147407,0.8831618,2,135,0.037451737,0.9203295,2,172,0.0,0.96102893,2,200
61,0.0026091705,0.9257914,2,20,0.020951271,0.95758206,2,44,0.012312633,0.87706375,2,64,0.03961359,0.8589216,2,86,0.01628813,0.9730739,2,109
62,0.007763772,0.9423186,2,20,0.048036553,0.90577877,2,40,0.022832787,0.9960475,2,60,0.011288285,1.0581613,2,80,0.0028057161,1.0285552,2,100,0.0131534105,1.0710162,2,122,0.010186527,0.97229517,2,144,0.00476638,0.95687294,2,164,0.0,1.0055152,2,200
63,0.01612918,0.97782767,2,20,0.0025076205,0.9820684,2,42,0.019432256,0.9066973,2,62,0.036709636,1.010825,2,82,0.02500786,0.99888945,2,103,0.06469841,1.0214691,2,123,0.052286662,0.96442807,0,143,0.028908877,0.93853354,2,165,0.036815036,0.92663085,2,200
64,0.00037035762,1.028968,2,22,0.008523169,0.9830406,2,44,0.040329456,0.93620753,2,65,0.0018708159,0.91038626,2,88,0.016311964,0.955135,2,109,0.05317003,0.88191867,2,131,0.029075384,0.93753195,2,151,0.011044891,1.014001,2,174,0.0046030367,1.0593579,2,200
65,0.020402653,0.9448956,2,20,0.008676819,1.0025328,2,42,0.020333229,1.0182873,2,64,0.0015833487,1.0200617,2,85,0.0040220725,1.0027331,2,110,0.0,1.0948956,2,130,0.00497084,1.0034105,2,153,0.031277545,0.9428539,2,173,0.006638045,0.9769512,2,200
66,0.0,0.9438101,2,20,0.021831818,0.6353416,2,41,0.033430707,0.8387319,2,61,0.017636873,0.7635712,2,81,0.0082194675,0.8820416,0,102,0.018075205,0.7941088,2,122,0.0,0.89174354,0,142,0.022640396,0.95452374,2,163,0.04076375,0.6699734,2,200
67,0.013369717,0.9973214,2,21,0.012613502,0.9516085,2,41,0.005243835,0.9554281,2,61,0.00459075,0.73799956,2,81,0.012952325,0.8667115,2,101,0.017299252,0.9500442,2,128,0.010363125,0.85649794,2,148,0.008125109,0.89547193,2,168,0.021547208,0.9148897,2,200
68,0.004001292,1.034758,2,21
69,0.009818,0.9212462,2,22,0.0,0.9263562,2,42,0.019906355,0.9397143,2,62,0.0,1.0120683,2,86,0.022547554,1.0059984,2,106,0.0,1.0085169,2,126,0.0074562402,0.9643976,2,146,0.014525663,0.92687964,2,168,0.007849265,0.8860179,2,200
70,0.014927959,0.99153537,2,21,0.0,0.9516783,2,47,0.0002473685,1.0702937,2,67,0.0,1.117524,2,87,0.0,1.0734091,2,108,0.0,1.1475922,3,128,0.008217591,1.0765556,2,149,0.0077578,1.0994452,2,169,0.019997666,0.9938002,2,190
71,0.023371307,0.9940914,2,44
72,0.002846162,1.06411,2,21,0.004293845,1.0194312,2,48,0.0,1.0209877,2,68,0.011452199,0.9966624,2,95,0.0,1.0431192,2,125,0.012576087,1.0263695,2,148,0.014643891,1.0029271,2,200
73,0.013049486,0.9964821,2,23,0.015765687,1.043839,2,45,0.0014705223,1.1101104,2,65,0.0055498066,1.0806627,2,87,0.0019385131,1.0946933,2,111,0.0,1.1676428,2,131,0.005997804,1.1140969,2,152,0.0042316364,1.1094809,2,175,0.009717884,1.1188682,2,200
74,0.0039439932,1.0627332,2,21,0.0,1.0449164,2,41,0.0058585666,0.93564636,2,62,0.0,0.9114579,2,82,0.010459344,0.87033373,3,103,0.03341212,0.96241665,2,123,0.0,0.97549826,2,147,0.0054184115,0.9868339,2,167,0.004195635,0.85757864,2,200
75,0.0,1.0350566,2,22,0.007937783,1.0156453,2,50,0.012646179,1.0150298,2,88,0.0016060795,1.0652657,2,108,0.00018046433,1.0110242,2,128,0.014357672,0.99675304,2,149,0.009907873,0.9707958,2,169,0.038959105,0.9409445,2,200
76,0.0082222875,0.9892015,2,28,0.0,1.0477917,2,48,0.0022467647,1.0585443,2,111,0.0,1.0337278,2,136,0.0052479254,1.0539782,2,156,0.01683705,1.0989778,2,176,0.0011313317,1.0839077,2,200
77,0.00990773,1.0302805,2,34,0.0032692265,1.052408,2,55,0.014154629,0.9233331,2,79,0.02371564,0.9772952,2,104,0.012706624,0.9147762,2,124,0.0059447363,0.7989988,2,144,0.015445211,0.91646653,2,166
78,0.012655887,1.0242853,2,20,0.0,0.9425948,2,40,0.008495261,0.9236069,2,60,0.0003539767,0.98517686,2,80,0.016839197,0.97572714,2,102,0.014302203,0.94675183,2,124,0.01194809,0.9389345,2,145,0.007988298,0.9257934,2,170,0.033639703,0.9035858,2,199
79,0.0075865383,0.9993525,2,23,0.013902044,1.0001208,2,51
80,0.011756781,0.9621308,2,21,0.012689284,0.9889123,2,45
81,0.0038389985,1.046764,2,24,0.01124568,0.94908106,2,49,0.0,1.0764312,2,80,0.0,1.0277861,2,100,0.0,1.0158746,2,121,0.0035245258,1.1192824,2,141,0.0,1.0574428,2,162,0.0051454175,1.1496247,2,200
82,0.0,1.0237644,2,20,0.004457331,0.9275843,2,40,0.004755321,0.9025326,2,60,0.009829846,0.86699396,2,82,0.00114731,0.9202436,0,102,0.0,0.92563546,2,123,0.005741912,0.9211384,2,143,0.0071664653,0.91849476,2,180
83,0.007862727,0.95478994,2,24,0.0,0.9630454,2,44,0.0,1.0591675,2,64,0.0032861049,0.89135826,2,90,0.009861944,0.7814946,2,110
84,0.002472944,1.0293978,2,20,0.017979996,0.93025744,2,43
85,0.017443394,1.0048677,2,22
86,0.00033289168,1.0147291,2,28,0.0,1.0775727,2,48,0.018425114,0.9691639,2,70,0.008211776,1.0002056,2,94,0.0401939,1.0294864,2,115,6.837258e-05,0.95842177,2,139,0.034405798,0.9527386,2,162,0.013501378,1.0158566,2,200
87,0.021193923,0.95172083,2,27,0.000908819,0.946808,2,47,0.0,1.0055622,2,73,0.0004899788,1.003091,2,111
88,0.010379349,1.0420907,2,20,0.017013183,1.0143319,2,40
89,0.008447719,0.98027915,2,23
90,0.0066488204,1.0245147,2,23,0.003274321,1.0357084,2,49,0.0,1.0281771,2,76,0.0036952472,1.013239,2,98,0.0,0.99682426,2,122,0.024052227,0.9732291,2,145,0.0059021562,0.96134377,2,167,0.016528662,0.9352979,2,200
91,0.060882974,0.9697979,2,20,0.0,0.93471545,2,41,0.0,0.9531438,2,62,0.0,0.7994343,2,82,0.007294892,0.7029072,0,102,0.021359298,0.74701345,2,122,0.01141011,0.71892774,2,142,0.0,0.49576575,1,162,0.0,0.54634345,1,200
92,0.0029994382,1.0559974,2,22
93,0.005752216,0.8722642,2,20,0.003949851,0.8871096,2,40,0.03524243,0.81456596,0,61,0.0037008566,0.87649935,2,81,0.01668861,0.9051607,2,101,0.014066706,0.85764587,0,121,0.027456462,0.86738,2,141,0.024384912,0.87912667,0,162,0.0041425815,0.84985775,2,200
94,0.021557016,0.9769301,2,30,0.0055997306,0.894664,2,50,0.031088768,0.95945334,2,73,0.01840591,0.90914947,2,94,0.01331619,0.7605833,2,114,0.032789472,0.6035376,2,134,0.055071533,0.6998344,1,154,0.022832248,0.374882,1,175,0.007364219,0.44557133,1,200
95,0.0,0.92704964,2,21,0.007049034,0.87959594,3,41,0.032259386,0.87613523,2,61,0.022146717,0.958605,2,83,0.008979154,0.9570714,3,103,0.010606828,0.8384795,2,123,0.008121405,0.9468816,2,143,0.0063311555,0.99678075,2,163,0.0011077498,0.97565037,2,200
96,0.0049051996,0.8848295,2,20,0.007808386,0.96669585,2,42,0.0027444481,1.0271792,2,62,0.007982079,1.0153672,2,82,0.016115516,0.95775974,2,102,0.0,0.9082447,2,122,0.0071656695,0.9271491,2,142,0.029864816,0.96906453,2,163,0.0063819215,0.99527574,2,200
97,0.027792066,0.9852397,2,20,0.05177494,0.93428767,2,40,0.038012065,0.9308318,2,60,0.010516244,0.9347554,2,82,0.012668928,0.9528915,2,102,0.007025243,0.72276366,2,122,0.0,0.76063204,2,142,0.07291688,0.8564154,2,179
98,0.0037354592,0.94577837,2,21,0.018199753,0.9346757,2,41,0.021807143,0.84420574,2,61,0.021150116,0.8445614,2,81,0.035555597,0.83456385,2,101,0.0,0.57896125,2,121,0.0,0.44519505,1,142,0.0,0.28087455,2,163,0.0,0.46859694,1,200
99,0.0,0.9951309,2,20,0.013214143,0.93927974,2,40,0.029914487,0.96637446,2,68,0.020497272,0.8768973,2,89,0.049733948,0.6578482,2,109,0.002926688,0.8590336,0,131,0.0,0.6412407,0,151,0.0,0.6817267,2,172,0.051157095,0.75897205,2,200
100,0.0035485383,0.947157,2,20,0.0052279877,0.9584122,2,40,0.037755113,0.91001064,2,60,0.021131996,0.8909718,2,83,0.018931994,0.87944156,2,107,0.013514226,0.96125734,2,127,0.0,0.88981295,2,148,0.0,0.9378877,2,169,0.037569758,0.8239407,2,200
101,0.0045220735,0.9741609,2,22,0.0,0.86304045,2,42,0.015602535,0.9615183,2,62,0.0047309897,1.049021,2,83,0.03631716,1.0552281,2,105,0.0,1.021585,2,127,0.033159714,0.99162596,2,147,0.0,0.876314,2,167,0.0035329962,0.80460835,2,200
102,0.0038821367,1.0228777,2,20,0.014712438,0.93560255,2,40,0.032908715,0.8610153,2,60,0.026232697,0.8493992,2,81,0.02098642,0.9399105,2,103,0.007374181,0.9141593,2,123,0.013073829,0.9517671,2,143,0.024345977,0.9134986,2,164,0.017896198,0.8686006,2,200
103,0.004475523,0.9245378,2,20,0.0024716922,0.85474586,2,40,0.002247373,0.8135897,2,60,0.0170414,0.88886774,2,83,0.0038801404,0.5326185,2,119
104,0.013011108,0.8854946,2,20,0.013727034,1.0366821,2,44,0.0018405796,1.0536703,2,74
105,0.0070643327,0.97662413,2,20,0.008668031,1.0111808,2,43,0.0089741,0.9649464,2,63,0.013044592,0.9938764,2,92
106,0.0,1.0554957,2,20,0.01205681,0.9990107,2,40,0.011035778,1.0243715,2,61,0.014529985,0.9855521,2,84,0.008807655,1.0457364,0,106
107,0.01447227,0.9823362,2,22,0.029570969,0.898463,2,43,0.011260131,0.90388715,0,63,0.069254324,0.8555343,3,84,0.02838912,1.0479369,2,107,0.0017233763,0.9557918,2,127,0.023036662,0.8888255,2,148,0.010869883,0.9095186,3,168,0.055979066,0.91053295,2,200
108,0.005474423,1.0202806,2,20
109,0.0074385186,1.038601,2,30
110,0.013291394,0.7892247,0,20,0.09022626,0.8767298,2,56
111,0.046952702,0.9605298,3,20,0.007943099,1.0279524,0,41,0.015783325,0.96580154,2,61,0.008171568,1.0232023,2,83
112,0.013662255,1.005098,2,38,0.005408255,1.012419,2,59,0.0,1.1012069,3,79,0.0,1.0770656,2,102,0.0,1.0683018,2,122,0.006368342,0.9967127,2,142,0.008828904,1.0261465,2,163,0.0,1.0208265,2,200
113,0.010201694,1.053185,2,27
114,0.0006749886,0.9971368,2,21,0.016723476,0.95077854,2,43,0.0051847706,0.917615,2,70,0.0009211019,0.8984639,2,90,0.0145521285,0.9086278,2,110,0.0,0.643248,2,131,0.0,0.5948091,2,151,0.0,0.5244876,2,171,0.0,0.67149305,1,200
115,0.012877123,0.81856066,0,23,0.0,0.8084327,2,43,0.010050148,0.80890787,0,63,0.015899153,0.9071332,2,84,0.014390399,0.82929295,2,104,0.03403709,0.83269817,2,134
116,0.0,1.0362052,2,21
117,0.006303823,0.91307896,2,20,0.001898882,0.8452512,2,40,0.0058323224,0.90978634,2,60,0.03555725,0.8618983,2,81,0.009095614,0.93112963,2,101,0.03976609,0.87462026,2,123,0.009306819,0.7467162,0,143,0.025478577,0.57293797,2,163,0.012170017,0.8587803,2,200
118,0.0,0.9438901,2,20,0.03593873,0.93294126,2,42,0.062218297,0.9668574,0,63,0.04878992,0.94757,2,83,0.0,0.93531704,2,103,0.024808735,1.0204368,2,123,0.02913551,0.9677903,2,144,0.0035196699,0.9865603,2,168,0.0,1.009011,2,200
119,0.01320301,0.9431133,2,20,0.006768415,0.93194073,2,40,0.021975096,0.8648587,2,62,0.014784226,0.85770595,2,82,0.011776057,0.88913083,2,103,0.0006386873,0.8682246,2,132
120,0.0,0.85623425,2,20,0.0,0.8864131,2,40,0.011435986,0.7968568,2,66,0.0,0.692604,1,86,0.0065485104,0.706335,2,106,0.0013951618,0.7134023,2,127,0.0,0.7201548,2,151,0.0,0.7160694,2,171,0.0011482581,0.54216486,1,200
121,0.02043197,0.8958291,2,23,0.046222474,0.8495413,2,45,0.0,0.8306103,0,66,0.0,0.79184115,2,86,0.0,1.0067984,2,106,0.0,0.6386975,2,126,0.009054037,0.70339906,0,146,0.008074021,0.6578871,2,166,0.06594865,0.64732206,2,200
122,0.08385061,0.9014406,2,20,0.080269694,0.75250435,0,57
123,4.2534713e-05,1.0322479,2,20
124,0.00641861,1.0243251,2,30
125,0.0,0.958821,2,21,0.029994603,0.94955456,2,42,0.0,1.0505137,2,64,0.0015392691,1.0091233,2,89
126,0.00030799888,1.0328766,2,25
127,0.010509378,0.96705174,2,32,0.013219968,0.8997679,2,60,0.009059622,0.9110422,2,80,0.025730584,0.8630557,2,103
128,0.0054708435,0.75513625,2,20,0.0,0.8354682,0,40,0.0,0.81153744,2,60,0.06268894,0.71197367,2,81,0.0075753913,0.890185,0,101,0.01821072,0.6941139,2,121,0.013944365,0.8478168,0,141,0.007761722,0.74695545,0,161,0.03892603,0.5288967,0,200
129,0.0023640955,0.9377736,2,23,0.005754731,0.96996266,0,46
130,0.004364688,0.9542428,2,20,0.030181646,1.0033083,2,40,0.0,0.92835325,0,63,0.0,1.0557071,2,85,0.0,0.91392463,2,106,0.0,0.5524181,0,129,0.0,0.5756012,0,149,0.0,0.41291595,0,173,0.042176,0.5609483,0,200
131,0.006225972,1.061446,2,30
132,0.0026998036,1.0014418,2,28,0.0021812746,1.0012163,2,50,0.022610243,0.97699213,2,70,0.008501103,0.9850904,2,90,0.0050443723,0.9974974,2,110,0.015322857,0.94678515,2,130,0.01547375,0.97480696,2,150,0.01663015,0.9265917,2,172,0.02997837,0.97214115,2,200
133,0.034545783,0.9229759,2,21,0.050795894,0.82753974,0,41,0.037374616,0.7067249,2,61,0.06478097,0.66727567,0,81,0.09083369,0.6046367,2,101,0.043448336,0.6195691,2,121,0.13492009,0.45999178,2,142,0.12987106,0.54462403,2,162,0.010033805,0.60915875,2,200
134,0.0028407862,0.8949129,2,22,0.017962964,0.85815024,2,45,0.018664414,0.8609029,2,65,0.0,0.8343843,2,85,0.01626246,0.5714881,2,105,0.0,0.63615155,2,125,0.0,0.6856554,1,145,0.0,0.3415864,1,166,0.07028901,0.37741062,2,200
135,0.004694923,0.96055317,2,20,0.027279899,0.924981,2,40,0.014156675,0.94568366,2,60,0.053280093,0.8622348,0,80,0.008071309,0.9479685,2,100,0.017880205,0.90853965,2,120,0.049307436,0.8668226,2,140,0.024316598,0.8581028,2,160,0.017994415,0.94958603,2,180,0.004563162,0.94837177,2,200
136,0.025907004,0.98986804,2,20,0.038474448,0.8743515,2,40,0.019109989,0.9324268,2,62,0.04886532,0.8740465,2,83,0.03360738,0.8553894,2,103,0.019250508,0.90396345,2,123,0.03313814,0.8392625,2,144,0.0,0.49000686,2,176
137,0.03767454,0.95337373,2,20,0.0028155453,0.89768684,2,41,0.0,0.9157313,2,61,0.0,0.803796,2,81,0.07243274,0.5835765,0,101,0.0,0.47597915,0,121,0.025020069,0.4561634,2,141,0.014183318,0.451795,0,161,0.06255809,0.65098125,2,200
138,0.010828858,0.95721877,2,26
139,0.0022164609,1.0550013,2,23,0.0,1.0517648,2,44,0.0007612158,1.0327456,0,70,0.0,1.0036012,2,94,0.0,0.988942,0,114,0.0027102362,0.9666911,0,137,0.0052091903,1.0019356,2,163,0.011324233,0.9674486,2,200
140,0.0007339344,0.99292153,0,21,0.010587024,0.99300873,2,41,0.014017467,0.96462756,2,61,0.0062628128,0.8467916,2,81,0.01104901,0.92085993,2,101,0.0,0.80381393,2,121,0.020344425,0.8560336,2,141,0.02764873,0.76490587,2,171,0.08524435,0.92403877,2,200
141,0.02178116,0.96530396,2,22,0.004931651,0.96656287,2,42,0.007760602,0.93258256,2,62,0.0,0.93006057,2,89,0.03220943,0.9332372,2,109,0.009322254,0.9371127,2,129,0.0033304715,0.91720706,2,149,0.0006760037,0.9666195,2,169,0.014587158,0.9311794,2,200
142,0.0022221785,0.9319583,2,21,0.03046657,0.92141473,2,43,0.012634387,0.86793804,2,63,0.0,0.9045736,2,83,0.0,0.83176696,2,104,0.0,0.7912927,0,125,0.0027998516,0.9761551,2,145,0.040857602,0.8432678,2,165,0.021416003,0.86454004,2,200
143,0.024162065,0.93593216,2,20,0.071328506,0.79943705,2,53
144,0.012135636,0.9662574,2,26,0.001339572,1.1009601,2,46,0.0012855049,1.1573687,2,88,0.0044763647,1.1342468,2,142
145,0.0037415363,0.98255175,2,20,0.02093115,1.0310322,2,40,0.0066419453,0.8664416,2,60,0.020108167,0.8950377,2,81,0.009509181,0.95196587,2,106,0.0048531406,0.9669571,2,126,0.033994783,0.97234404,2,146,0.002216985,0.9606924,2,166,0.0027605963,0.98069406,2,200
146,0.0074046813,1.0221956,2,20
147,0.0,1.0097525,2,20,0.015666392,0.9689786,2,41,0.015536429,0.9951132,2,61,0.0,0.99057806,2,81,0.0,1.0006472,2,102,0.024765674,0.9639846,0,122,0.0,1.036067,2,142,0.005371045,0.8719834,2,163,0.003367784,0.8769857,2,200
148,0.01815169,0.9413372,2,20,0.0013010391,0.8487066,2,40,0.0,0.9131392,2,61,0.013991375,0.86411107,2,81,0.026813649,0.9331245,2,103,0.045471873,0.8395668,2,123,0.0,0.9649705,0,144,0.0,1.0983951,2,164,0.0007730259,1.0713001,0,187
149,0.0014496605,1.0461365,2,20,0.0,1.0437793,2,42,0.0,1.067119,2,64,0.0033785454,1.0894071,3,87,0.001340916,1.0661873,2,133,0.0,1.0624295,3,153,0.0,1.086078,2,174,0.0010185171,1.0282257,2,200
150,0.0,0.9475058,3,20,0.012201486,0.86673254,0,41,0.010278301,0.7931373,0,62,0.0,0.86954165,2,82,0.0,0.9586605,3,102,0.0,0.9951089,3,123,0.00473145,0.89876014,3,143,0.0,0.7410277,2,163,0.0033318854,0.75574017,2,200
151,0.027077058,0.95907784,2,23,0.004645003,0.99726576,2,44,0.021488853,0.8584311,2,71
152,0.00014400978,0.95187885,2,24,0.021407383,1.022319,2,48,0.01617119,0.97979677,2,68,0.0,0.9978515,2,89,0.008581313,1.0160037,2,117
153,0.0028003412,0.9560502,2,20,0.012693358,0.9513306,2,43,0.0,1.1019742,2,67,0.00536603,1.1898851,3,87,0.002007123,1.1637087,2,122,0.008696721,1.1086698,2,148,0.019438528,0.8430176,2,169,0.008251704,0.8588621,2,200
154,0.011151088,0.9800754,2,22,0.0,1.0530505,2,42,0.020742927,0.9324731,2,63,0.048537422,0.8119033,2,83,0.009881604,0.97686404,2,108,0.0,0.98979986,2,139,0.004258477,1.0339371,2,172,0.001465365,1.069956,2,200
155,0.0056728222,0.97842216,2,21,0.011416154,0.93003064,2,41,0.025822002,0.8050169,2,61,0.02325276,0.9202387,2,82,0.0102035,0.9132319,2,116
156,0.020533776,0.9148924,2,20,0.044417955,0.956928,2,43,0.02555933,0.9527266,2,66,0.028281689,1.016861,2,91,0.008912721,0.9704317,2,116,0.021098547,0.9770983,2,136,0.012006451,0.97447157,2,157,0.0044857883,1.0105307,2,177,0.0022554814,1.0033551,2,200
157,0.00475466,1.0282063,2,20,0.017404627,0.9828243,2,40,0.03545385,0.9362842,2,71
158,0.018382514,0.87747556,2,20,0.058401547,0.8711651,2,57
159,0.012610223,1.0669281,2,25,0.004445345,1.0494761,2,52,0.0,1.0825682,2,92,0.0065774946,0.9184812,2,112,0.012543666,0.9959177,2,132,0.05148874,0.8948269,2,152,0.0121952575,1.0119239,2,172,0.0820149,0.94240284,2,200
160,0.0090823695,0.90679294,2,23,0.0,0.80103093,2,43,0.0,0.8835008,2,65,0.0,0.73877656,2,85,0.04380699,0.7486489,2,107,0.0051303604,0.72152776,2,128,0.0060403803,0.8499333,2,148,0.0,0.91633016,2,168,0.026922187,0.85290027,2,197
161,0.0005866084,1.0553243,2,20,0.0,1.0445745,2,40,0.0,1.0240144,2,60,0.0,1.0952666,3,80,0.0,1.0528455,3,105,0.0,1.0189557,3,134,0.0,0.99812317,3,154,0.0025053078,1.0061723,2,200
162,0.00040249916,1.0779915,2,22,0.0,1.0567018,2,49,0.0,1.0646533,2,72,0.0002473699,1.0534618,2,95,0.0012314891,1.0651505,2,135
163,0.037419908,1.0204066,2,20,0.016227435,0.9185211,2,40,0.02576676,0.8870862,2,60,0.019003006,0.79849017,2,80,0.0109554995,0.9193408,2,100,0.036717772,0.9526374,2,120,0.0,0.96329993,2,142,0.010252061,0.928837,3,162,0.015464753,0.9613401,2,191
164,0.015722323,0.92192304,2,21,0.0,0.92938894,2,44
165,0.0056956275,0.8602722,2,22,0.009966835,0.9221213,2,44,0.008416833,0.9762887,2,64,0.002571784,0.9327179,2,85,0.018607045,0.8861717,2,105,0.0029379046,0.8882802,2,142
166,0.010596393,1.036149,2,28
167,0.008330238,0.9200676,2,35
168,0.0,1.0093895,2,27,0.0018451149,0.97238696,2,47,0.00011957986,1.0025882,2,67,0.037441913,0.97254366,2,92,0.021231648,0.83772486,2,112,0.0,0.91406757,2,160,0.010939,0.75087386,2,180,0.021065557,0.92162037,2,200
169,0.0005708371,0.9635105,2,20,0.001988183,0.8866593,2,40,0.01290952,0.9897187,2,62,0.00030221665,0.9814063,2,89,0.009177041,0.9856318,2,109,0.0040461584,1.0430601,2,133,0.0113107115,1.0880038,2,154,0.0014118407,1.0177447,2,174,0.0010156037,0.9458247,2,200
170,0.007960895,0.9954691,0,20,0.0,0.9368804,2,46,0.0,0.9473153,2,68,0.0,0.82657665,0,91,0.0110723395,0.7869798,2,111,0.0056707514,0.5422313,0,131,0.0,0.79911405,2,151,0.0059683295,0.75418127,2,171,0.049596574,0.79035467,2,200
171,0.012309815,0.9333042,2,31
172,0.01991182,1.0429304,2,20
173,0.04947658,0.9671857,2,20,0.04161265,0.8975211,2,42,0.0243349,0.9859846,2,66
174,0.010874535,0.9471299,2,20,0.009788488,0.9189521,2,41,0.010175197,0.95781046,2,74,0.015772287,0.9514839,3,94,0.007819887,0.9495123,2,118
175,0.028456634,0.8774936,2,22,0.0081527,0.8341276,2,42,0.0,0.68488336,1,62,0.0,0.952565,2,82,0.0017833803,0.9354989,2,115
176,0.0,0.99568856,2,23,0.012079966,0.9056658,2,45,0.027205018,0.9209818,2,69,0.013486702,0.9009085,2,91,0.008548796,0.94237536,2,111,0.0,1.0191852,2,137,0.0021755835,1.0540676,2,178,0.020698864,0.9792582,2,200
177,0.051727068,0.9188999,0,20,0.029459769,0.8639304,2,41,0.03253099,0.78968877,2,61,0.008186428,0.9421363,2,81,0.007973096,0.8394368,0,101,0.04370701,0.7831964,0,122,0.0,0.76409405,0,142,0.0,0.8113129,0,163,0.0016960143,0.7542057,2,200
178,0.011241242,0.93893576,2,35
179,0.0003317725,0.8962625,2,20,0.021121887,0.78128916,2,43,0.01787238,0.5807433,1,63,0.013454552,0.57414836,1,83,0.01691694,0.67322123,2,114
180,0.010717743,1.0374326,2,32
181,0.0057008443,1.0364329,2,21,0.00589803,1.0253217,2,41,0.011424095,1.0059781,2,63,0.008984994,1.031454,2,83,0.014516233,0.98861897,2,103,0.012208259,0.9177213,2,123,0.037728712,0.9509963,2,144,0.018157527,0.854947,2,164,0.008317532,0.9004575,2,200
182,0.011943148,0.9371317,2,20,0.0,0.9702376,2,41,0.007327929,0.95829767,2,65,0.015406595,0.9791182,2,86,0.0009529806,1.1185039,2,115,0.0,1.1029254,2,136,0.0052588107,1.0643948,2,156,0.017099906,0.95526826,2,176,0.051237892,0.88718444,2,200
183,0.0,0.93988955,2,20,0.0,1.0385878,2,40,0.010192761,1.0029442,2,60,0.006557935,1.0209892,2,85,0.0010639565,0.96871704,2,124,0.0047413977,0.88327324,2,144,0.0,0.9608868,2,166,0.008752147,1.0127376,2,200
184,0.008619048,0.9980217,2,20,0.021315971,1.0023706,2,40,0.005603901,0.961045,2,66
185,0.0022530325,1.0390875,2,28
186,0.013886062,0.99107,2,20,0.017956886,0.9919447,3,40,0.016577715,0.9714557,2,60,0.0051163076,0.87405485,2,90,0.005134154,1.019034,2,111,0.02448615,1.0957856,2,131,0.0203167,0.92517316,0,151,0.0,0.8317277,2,172,0.04907432,0.9433014,2,200
187,0.019637225,0.9548542,2,20,0.012488479,0.9739377,2,41,0.010262533,0.95756173,2,67,0.022860449,1.0048289,2,92,0.016194213,0.99421555,2,119,0.012215257,0.96617347,2,143,0.0010371619,0.90146625,2,163,0.04988247,0.9334444,2,200
188,0.015245755,1.0468167,2,21,0.018208062,1.0095953,2,43,0.000551941,1.0515124,2,71,0.0,1.0335064,2,107
189,0.010605599,0.89489067,2,21,0.038412698,0.93321747,2,42,0.0073541943,0.9176082,2,67,0.022736633,0.76833814,2,89,0.00043305886,0.963956,2,109,0.011306506,0.6910844,0,130,0.0586349,0.858576,2,150,0.04422868,0.8877224,2,170,0.10508239,0.7481803,2,200
190,0.0017862004,0.97471213,2,32,0.016546415,0.9217641,2,59,0.0,0.7887925,2,80,0.0,0.8523702,2,105,0.0049018986,0.8165528,2,125,0.018709064,0.96109045,2,145,0.015428865,1.0038717,2,166,0.0105009,0.8486641,2,200
191,0.022822063,0.8508294,2,20,0.017308904,0.93271095,2,40,0.009596719,0.8062439,0,60,0.0066636517,0.77609617,2,82,0.014646037,0.63594043,0,102,0.07521344,0.35634255,2,122,0.10545492,0.41182905,2,142,0.11258501,0.43962288,2,162,0.044967975,0.6795434,2,194
192,0.019624699,0.8399032,2,20,0.0,0.81037295,0,40,0.021662567,0.765899,2,60,0.0017112416,0.65233755,2,80,0.0,0.79732376,0,100,0.0,0.7843144,2,120,0.0,0.72701824,3,140,0.031338327,0.7088716,2,160,0.016621633,0.71851236,2,180,0.0020822226,0.8913175,2,200
