0,0.0074391263,0.9751638,2,20,0.012560156,0.9031743,2,40,0.006679282,0.9559397,2,65,0.0,1.0139413,2,85,0.0015378658,0.9234271,2,109,0.014155051,0.8967522,2,132,0.0,0.9447799,2,153,0.012478728,0.84729654,2,173,0.13473307,0.734227,2,200
1,0.0016430173,1.0326593,2,20,0.015891334,0.9776738,2,41,0.0049016513,0.9499503,2,62,0.0,0.9409448,2,88,0.0008607908,0.94786936,2,111,0.011924034,0.9707323,2,133,0.012062436,0.87031794,3,153,0.0,0.8917143,2,173,0.012049429,0.81014144,2,200
2,0.01856993,0.9680121,2,24,0.002710395,0.99295604,2,45,0.011506658,0.93151855,2,66,0.0,0.8585781,2,87,0.0070737894,0.9028036,2,111
3,0.0034055165,0.91400945,2,20,0.010278401,1.0011907,2,52
4,0.011702424,0.9843233,2,22,0.021590536,1.0018737,2,42,0.0053572,0.98388726,2,70,0.0060787923,0.89233446,2,90,0.0030421028,0.8723327,2,110,0.012729181,0.79978424,2,130,0.007153591,0.71797377,2,166
5,0.0133223925,0.9900266,2,20,0.00050401816,0.944333,2,43,0.021042828,0.93753403,2,63,0.0007110854,0.9100199,2,83,0.0319906,0.9242021,2,103,0.0,0.9725423,2,123,0.03865953,1.080835,2,143,0.0,0.8929762,2,165,0.020803327,0.861123,2,200
6,0.011074687,1.030069,2,28,0.0007243377,0.99335814,2,49,0.0,1.0655606,2,71,0.0052435314,1.0750821,3,91,0.00084141624,1.0791792,3,112,0.0,0.9857526,3,132,0.0,1.0350811,3,152,0.0,1.0588446,2,173,0.0,0.9945865,2,200
7,0.014428993,0.9668285,2,20,0.022011759,1.0201265,2,43,0.017363697,1.0087584,2,64,0.0,0.93093264,2,86,0.008272564,0.84872484,2,107,0.0,0.95036066,2,127,0.0414621,0.7659735,2,148,0.025692236,0.8941429,2,168,0.012173013,1.0150878,2,200
8,0.010509429,0.9602915,2,25,0.0,0.9621574,2,45,0.028657714,0.88934433,2,65,0.0059149824,0.96739733,2,85,0.024732318,0.91996175,2,114
9,0.018085694,1.0166887,2,20,0.0072051394,1.0212405,2,42,0.0058834567,1.0686954,2,65
10,0.016653271,0.9304997,2,21,0.025215747,0.893261,2,55
11,0.021236915,0.9950278,2,37
12,0.0,1.0807372,2,27,0.0,1.0643266,2,47
13,0.00065526273,1.0632364,2,28
14,0.0011012825,1.0098921,2,21,0.0,1.0134012,2,41,0.0,0.95260894,2,61,0.0017002353,1.0179636,2,81,0.0032142787,1.0173199,2,101,0.013519204,0.95569795,2,124,0.0076810406,0.92302215,2,144,0.0014912658,0.9457719,2,164,0.009093481,0.9583597,2,200
15,0.003233464,1.0750526,2,22,0.0,1.0513295,2,43,0.003104852,1.0208684,0,64,0.0,1.0297282,2,103,0.0,1.0569696,2,132,0.0,1.1344965,2,153,0.0,1.0570307,2,178,0.007881493,1.0571136,0,200
16,0.031580947,0.8919573,2,20,0.034193613,0.81475335,2,40,0.029075056,0.774732,2,60,0.05124303,0.7268931,0,80,0.0,0.7614778,2,100,0.002580829,0.7145806,0,126,0.012494036,0.77683604,2,147,0.0063517503,0.86917096,2,167,0.016759425,0.77116406,2,200
17,0.016856533,0.95153445,2,22,0.0,1.0141689,2,44,0.0,0.9532293,2,64,0.011763783,0.9736872,2,84,0.021407858,0.94376165,2,104,0.0045033847,0.93262273,2,128,0.03825866,0.9224633,2,148,0.008372796,0.92762107,2,168,0.014963358,0.9273445,2,200
18,0.011152435,0.8356603,2,21,0.0028663932,0.8186787,0,41,0.005028137,0.7267594,0,61,0.0,0.80158424,2,82,0.0,0.6493306,2,103,0.002732904,0.73111683,1,123,0.0,0.8120681,0,143,0.057956975,0.8620019,2,163,0.010452896,0.7913255,2,200
19,0.0075142593,0.9361024,2,20,0.037649386,0.90698487,2,41,0.035703406,0.89468306,2,63,0.060864426,1.0336034,2,83,0.1528637,0.9453112,2,103,0.061222505,1.0353224,2,123,0.047328316,1.0658718,2,148,0.06166143,1.0759274,2,168,0.041979983,0.9556361,2,200
20,0.016566835,0.9983009,2,32,0.027764797,1.0547817,2,57,0.012222205,1.0211766,2,78,0.0,1.0006261,2,100,0.005966298,1.0330667,2,127,0.015739081,0.93784016,2,148,0.016416475,0.9788555,2,171,0.017763395,0.9750567,2,200
21,0.0046386053,1.0289594,2,42
22,0.022510821,1.0197344,2,21,0.0023009789,1.0177168,2,41,0.004708894,1.0210205,2,61,0.011611898,1.0274302,2,82,0.0,1.0028754,2,102,0.0,1.0122186,2,125,0.0,0.9708378,2,145,0.00053309277,0.78684914,2,166,0.0,0.8243036,2,200
23,0.0013622183,0.9899457,2,20,0.02094036,1.052428,0,40,0.015996974,0.9892355,2,69,0.0,1.1000359,2,91,0.0,1.1289945,2,117,0.009155368,1.1016386,2,138,0.0,1.1482484,2,158,0.0,1.0823559,2,179,0.0,1.0301462,2,200
24,0.0059349574,0.91063863,2,21,0.0058711185,0.80429435,2,43,0.0006018087,0.9781577,2,66,0.00055189774,0.77019006,1,86,0.0,0.87828064,2,106,0.011585203,0.84630495,0,128,0.021736855,0.9053065,2,148,0.0053603514,1.0025644,2,169,0.0018454583,1.0270735,2,200
25,0.011733186,0.977275,2,20,0.0019011971,1.0555277,2,42,0.0049395696,1.0173203,2,62,0.04055806,0.86149514,2,83,0.009006476,0.6629108,0,103,0.04405481,0.68877,2,123,0.0,0.8398951,2,144,0.025163073,0.83487433,2,164,0.0022906568,0.9131448,2,200
26,0.0,0.9995264,2,20,0.032535717,1.0163801,2,40,0.06475648,0.96121806,2,77,0.048508465,0.9847638,2,116
27,0.007865188,0.9892384,2,20,0.0,0.9678517,2,42
28,0.00023837617,0.9429631,2,21,0.041302875,0.9616127,2,53
29,0.007318132,0.98335326,2,23
30,0.019686367,1.0021734,2,20,0.0024460757,1.030911,2,53
31,0.013956638,0.93787146,2,20,0.017021712,0.8820168,2,40,0.011876838,0.9061755,2,61
32,0.016988056,1.0223187,2,20,0.0,0.9560053,2,40,0.0,1.0259633,2,61,0.0026302144,0.96791625,2,85,0.019570637,0.93840986,2,108,0.03196587,0.963741,2,128,0.02720027,0.9831513,2,158,0.021086453,0.9322951,2,180,0.016117599,1.0005453,2,200
33,0.012865727,0.9517481,2,20,0.0008750962,1.0033438,2,40,0.0,0.9562456,2,63,0.017515022,0.9685343,2,85,0.025609255,0.9084737,2,106,0.028241364,0.9975121,2,127,0.003987143,0.8693067,2,147,0.013361232,0.9575036,2,168,0.0006341632,0.90781176,2,200
34,0.024154836,0.9498597,2,22,0.03392631,0.9284692,2,42,0.06377895,0.8878256,2,62,0.032486863,0.89884627,2,82,0.021873165,0.9347741,2,102,0.010677829,0.9698286,2,124,0.035721593,0.93666476,2,144,0.014504798,0.9081788,0,164,0.03575262,0.8108496,2,200
35,0.01143156,0.98508006,2,26,0.00055351097,0.8667041,2,46,0.011822944,0.93248844,2,66,0.009049954,0.98709655,2,93,0.015885266,1.0434753,2,114,0.00013362983,0.99327296,2,143,0.0,0.9763667,2,164,0.020715889,0.958239,2,200
36,0.0,0.85208166,2,20,0.0001457237,0.7362214,2,41,0.020168258,0.60134757,2,61,0.0,0.48616144,1,83,0.0,0.28121394,2,103,0.03902535,0.3715019,0,124,0.0,0.56969243,2,144,0.0,0.4985773,2,164,0.006224548,0.50776744,2,200
37,0.0032771644,1.0153378,2,28,0.014647033,1.0591723,2,54,0.012029687,1.108414,0,74,0.0028210196,1.0859649,0,100,0.0011767207,1.0684872,2,125,0.0,1.0812181,2,155
38,0.015242684,0.91646916,2,22
39,0.006442749,1.0185744,2,20,0.003455158,0.97050285,2,42,0.0026035141,0.9508529,2,62,0.016023248,0.9309373,2,82,0.025056751,0.95787466,2,104,0.023249527,1.0386667,2,124,0.026342459,0.98507804,2,148,0.016388007,0.98929584,2,168,0.026220877,0.91839224,2,200
40,0.00020057801,0.9777715,2,36
41,0.0095633995,0.97700614,2,40
42,0.025283433,0.8885621,2,21,0.006991399,0.9377856,2,45,0.007861444,0.92530566,2,66,0.010916178,0.8764578,2,86,0.0,0.8942372,0,106
43,0.0,0.8851354,2,25
44,0.028797051,0.9258635,2,27,0.07112849,0.72296935,2,49,0.008897013,0.71731126,2,69,0.003509953,0.88414365,2,93,0.021475282,1.0281168,2,123,0.012500283,1.0797886,3,143,0.012660097,1.0487938,2,164,0.040904768,0.713392,2,200
45,0.0018735009,0.9696775,2,27,0.0051957383,0.92531896,2,49,0.021316858,0.9193802,3,71,0.0012774843,0.9738216,2,95,0.00020425946,0.99052936,2,119,0.0030201871,1.0159018,2,140,0.00014863718,1.0335696,2,183
46,0.023956515,0.9598975,2,20,0.0,1.0362935,3,40,0.0,1.0183095,2,62,0.006312892,1.0114546,2,82,0.0016553834,1.0205922,2,102,0.0,0.9599323,2,122,0.0,0.99177885,0,142,0.0,0.99232936,0,166,0.0,1.0437431,2,200
47,0.0016721736,1.060928,2,40
48,0.0070173503,0.94165915,2,20,0.0196595,0.8875114,2,40,0.034745865,0.86523587,2,62,0.026483763,0.9734631,0,84
49,0.015469688,1.0819881,2,20,0.0302732,0.95681477,2,46,0.003807632,0.99809504,2,67,0.01109582,0.99549353,0,87,0.004822879,1.0128665,2,109,0.0,1.0725684,2,129,0.006388354,0.93977183,2,149,0.013203697,0.95141554,2,170,0.00016150977,1.001851,2,200
50,0.010726323,1.0086434,2,23,0.015937617,0.9949254,2,43,0.015110265,1.0114233,2,64,0.03906183,0.93388766,2,85,0.0029163507,0.8832685,2,105,0.0,0.89343435,2,125,0.0,0.74560976,3,145,0.0,0.9058687,3,166,0.0015822455,0.9897739,0,200
51,0.012358459,0.98638505,2,20,0.00430539,1.085083,2,46,0.005035597,1.0904824,2,69,0.013712567,0.9922279,2,89,0.026817042,1.039385,2,111,0.0004055587,1.088894,2,132,0.0,1.014199,2,152,0.0037404955,0.99466115,2,172,0.0,1.1382154,0,200
52,0.015026259,0.98051834,2,20,0.0,1.041347,2,40,0.00029671183,0.9678644,2,62,0.022229744,0.9819473,2,97,0.009713847,1.0014784,2,121,0.0042135394,1.002041,2,144,0.00887094,0.91517067,2,165,0.00647483,1.0353956,0,200
53,0.017174628,1.0178514,2,20,0.0,1.0340134,3,40,0.0,0.8882669,2,62,0.011237888,0.87864286,2,83,0.011269858,0.8815239,2,103,0.036585595,0.9120544,3,126,0.012140529,0.82258654,2,147,0.0,0.8462702,2,167,0.0,0.9453293,2,200
54,0.0076721706,1.0349604,2,20,0.00940349,1.0222877,2,44,0.011684337,1.0214317,2,64,0.0040301867,1.0295558,2,84,0.0,0.93072516,2,109,0.0061028055,0.94515383,2,129,0.050878707,0.888908,2,150,0.01945645,0.9424071,2,171,0.032003403,0.9326288,2,200
55,0.008517547,1.0071609,2,22,0.019206082,0.9656749,2,49,0.028973278,0.942788,2,70,0.018784454,0.8932171,2,90,0.06160106,0.74724925,2,110,0.035172466,0.82057863,2,132,0.0,0.91877586,2,152,0.032502316,0.8953982,2,173,0.020573854,0.94347876,2,200
56,0.007938708,1.0092198,2,35
57,0.0,0.94694024,2,20,0.0,0.8699441,2,40,0.0,1.0099725,2,61,0.0331334,0.9704239,2,81,0.009317605,0.90154284,2,101,0.01546239,0.9185498,2,126,0.0,0.8934183,2,161
58,0.043818504,0.9298911,2,20,0.011349909,0.9861688,2,42,0.015433125,0.9064972,2,62,0.031969514,0.864758,2,82,0.014960324,0.9460796,2,115
59,0.009171851,1.0852431,2,37,0.009840364,1.019693,2,60
60,0.017170874,1.0477492,2,23,0.0032191337,1.0043042,2,43,0.0036386002,0.9837839,2,63,0.012702032,0.9895761,2,85,0.008244639,0.96159935,2,105,0.0,0.79069436,2,125,0.0,0.93012094,2,146,0.0017027905,0.9010247,2,167,0.010059009,0.78633595,2,200
61,0.0017738877,0.9597114,2,20,0.014394877,0.991114,2,43,0.0010566935,0.9524932,2,68,0.0081462385,0.8798059,2,88,0.0,0.9379164,2,108,0.004952053,0.91919446,2,129,0.020019243,0.8266005,2,154,0.055512354,0.7306302,2,175,0.029257054,0.892055,2,200
62,0.026576925,1.0070887,2,20,0.051147528,0.94054925,0,40,0.026433231,0.83456343,2,63,0.012517013,0.9456628,2,83,0.018327154,0.93146574,2,108
63,0.01701292,1.0206659,2,20,0.032654807,0.94752955,2,49,0.0048537045,0.84405106,2,69,0.0146836415,0.78985304,2,89,0.0,0.8028765,2,109,0.0,0.79098594,2,129,0.0,0.7689438,2,151,0.0,0.94264585,2,171,0.009633793,0.73703325,2,200
64,0.006727049,0.99324554,2,21,0.02012906,0.9173724,2,41,0.00032413803,0.9743666,2,62,0.016834747,0.9603022,2,82,0.0007296397,1.0980622,3,109,0.0008649672,0.9898863,2,131,0.0,1.1007184,2,152,0.008620502,1.1584547,3,172,0.0,1.0848911,0,200
65,0.01496985,0.83652467,2,20,0.0,0.8771242,2,42,0.0,0.8566121,2,63,0.021520283,0.86148655,2,83,0.00040160734,0.80160666,2,103,0.020130958,0.77447885,2,130,0.0,0.88537186,0,150,0.0,0.93606424,0,170,0.042631216,0.62870806,0,200
66,0.009733263,0.9955555,2,20,0.025667677,0.95952624,3,40,0.019129276,0.9270132,2,60,0.01792039,0.96393853,2,80,0.07330185,0.99577236,2,100,0.03639284,0.8931148,3,125,0.0,0.9232949,2,145,0.010729324,0.78703535,2,167,0.023046343,0.81668955,2,200
67,0.002036313,0.9733018,2,23,0.013927363,0.9575336,2,47,0.0010605521,0.9631514,2,68,0.012566236,0.9430378,2,90,0.007812984,0.97500736,2,113,0.028304368,0.9198524,2,133,0.03223416,0.84312505,2,153,0.0073515303,0.91009456,2,173,0.018291537,0.9257003,2,200
68,0.00046749058,1.0048624,2,21,0.009082555,0.998697,2,49
69,0.0,0.98993784,2,28
70,0.010164345,1.0208441,3,20,0.0,1.0891378,3,41,0.003355878,0.97756004,2,61,0.02040507,0.9294659,2,88
71,0.015167718,0.97072434,2,25,0.0,1.072712,2,57
72,0.003438177,1.0446783,2,38
73,0.000620181,1.01085,2,26,0.0,1.0191408,2,55,0.021535335,1.0461872,2,75,0.020748053,0.97242296,2,95,0.0,0.78700215,2,115,0.0066744033,0.52021897,0,147
74,0.0,0.9312229,2,20,0.029524127,0.92208403,2,40,0.017447103,0.9553977,2,61,0.012924995,0.8580984,3,84,0.0,0.82272047,0,105,0.0,0.65519315,2,125,0.0,0.46353215,2,145,0.0068165236,0.6634872,2,170
75,0.0,0.81938094,2,20,0.0,0.84855163,2,40
76,0.022268424,0.91026956,2,25
77,0.02168877,0.9621206,2,27
78,0.0014438971,1.0495372,2,21,0.013526639,0.99481755,2,41,0.00568064,0.9861119,2,63,0.016482579,0.9934495,2,87,0.0053635105,0.9835323,2,108,0.010706393,0.9874263,2,129,0.016278403,0.9892441,2,151,0.041223153,0.95080644,2,171,0.0044842376,0.89033645,2,200
79,0.008249947,1.0210897,2,27,0.0027889407,1.0066313,2,49,0.0,1.0216428,2,76,0.012393066,1.0302662,2,107,0.008927669,1.0047961,2,150,0.00040322906,1.0365303,2,173,0.00985416,1.047796,2,200
80,0.0046384735,1.0128229,2,20,0.01167955,0.99771565,2,41,0.0,1.0058818,2,65,0.011648273,0.91990167,2,85,0.0015227529,1.0107375,2,107,0.020519674,0.90541553,2,129,0.004254316,0.93846816,2,149,0.0047665816,0.90871257,0,169,0.026603503,0.94292754,2,200
81,0.013074754,0.9051286,2,20,0.0035889677,0.95027703,3,40,0.0,0.9098908,2,60,0.017136509,0.92944986,2,80,0.010664768,0.78212917,2,100,0.0,0.78145,2,124,0.0,0.6116522,2,144,0.0,0.6287702,2,165,0.0139413895,0.52918756,2,200
82,0.0052322317,0.9622892,2,26,0.015701767,1.0175234,2,47
83,0.035676923,1.0546749,2,21,0.078712165,0.8885821,2,41,0.01933709,0.8538378,2,61,0.009275716,0.936833,2,81,0.0,1.0892993,0,101,0.08762038,0.80802244,0,122,0.033278104,0.6754569,2,144,0.02347866,0.5135215,2,164,0.037475243,0.69402546,2,200
84,0.0046315705,1.0095632,2,37,0.006214137,0.8685339,2,81,0.005420883,0.9612516,2,101,0.00016103862,0.9705417,2,123,0.0,0.9233187,2,148,0.01321781,1.0081832,2,168,0.0029120506,1.0161891,2,200
85,0.009953681,0.99025863,2,21,0.0,0.919734,2,41,0.017473359,0.769773,2,61,0.017029675,0.854495,2,88,0.0030277243,0.8801786,2,109,0.08268383,0.579172,0,129,0.010779304,0.92023385,2,149,0.14338207,0.67356247,2,169,0.11146749,0.49562472,2,200
86,0.0,1.001235,2,21,0.008118759,0.83365756,2,41,0.0027729995,0.9105709,2,61,0.011790196,0.9412241,2,81,0.027299648,0.97594297,2,102,0.0,0.9597886,2,125,0.0060178014,0.89854157,2,145,0.011669765,0.96900123,3,166,0.003929491,0.8963553,2,200
87,0.0,1.0655566,2,28
88,0.0,0.9513482,2,23,0.0,0.85580695,3,43,0.00039969647,0.84721804,2,63,0.0080777565,0.8826922,2,84,0.0,0.8302472,2,104,0.04827521,0.97257745,2,126
89,0.01400885,0.9674801,2,33
90,0.0042359806,1.014919,2,21,0.023110023,0.9193932,2,41,0.014696279,0.9719992,2,62,0.012161864,1.0108252,2,83,0.0050297473,0.96994567,2,108,0.0010714593,1.0957055,2,132,0.0008727779,0.964982,2,153,0.0,1.0146041,2,175,0.0015980309,1.0312648,2,200
91,0.022025429,1.0056541,2,20,0.0029932803,1.0485041,2,41,0.0025532087,1.1075128,0,62,0.0020831977,1.0759107,2,82,0.015454951,1.0715773,2,102,0.02682046,0.90445507,2,122,0.042018477,0.90502447,2,147,0.0,0.927825,2,167,0.028348342,0.8799608,2,200
92,0.015099651,0.95557064,2,26,0.014646676,0.8876379,0,46,0.025355602,0.90449935,2,66,0.005187311,0.87540895,2,86,0.020193314,0.9211553,0,106,0.021419566,0.8601944,2,126,0.0011556752,0.77885824,0,146,0.02010066,0.7925536,2,167,0.079856806,0.57580006,2,200
93,0.00096529856,0.9356294,2,21,0.015209269,0.92199206,2,42,0.011686087,0.8940858,2,64,0.0035677012,0.80004525,2,87,0.005909183,0.9486931,2,107,0.0,0.98119766,2,127,0.0153108,0.8947849,0,148,0.0077411844,0.97930366,2,169,0.029066935,0.92634547,2,200
94,0.017981967,0.99260026,2,23,0.012470746,1.0404464,2,43,0.008519946,1.0864556,2,63,0.0001357699,1.1005257,2,95,0.0,1.1309282,2,115,0.00045723087,1.1304224,2,136,0.0,1.0407244,3,156,0.0,1.0797496,2,176,0.0028175348,1.0801407,0,200
95,0.0054112338,0.93387824,2,21,0.007713242,0.9702565,2,59,0.017387087,0.94319427,2,79,0.0,1.0595691,2,99,0.011965679,0.9657267,2,120,0.008064021,0.98579144,2,141,0.0,1.024903,0,162,0.004075134,0.9535653,2,200
96,0.0,1.0160116,2,20,0.0198122,1.0112238,2,40,0.012843684,0.9337818,2,63,0.019180318,0.9584667,2,103,0.029232299,0.9485615,2,123,0.02113327,0.93517905,2,149,0.04137545,0.9710147,2,169,0.016443176,1.0038817,2,200
97,0.007332442,1.0361836,2,20,0.0,1.0568947,2,40,0.005830766,1.0039269,2,60,0.021964362,1.0441476,2,88,0.00054512545,1.0882223,2,108,0.010222548,1.055344,2,131,0.008081327,1.0655344,2,154,0.013259269,1.065995,2,200
98,0.0013796876,0.9697111,2,20,0.019228803,0.7845655,2,42,0.10626802,0.6005767,2,67
99,0.0,1.053068,0,20,0.0,0.98693496,2,55,0.0051765847,1.0770204,3,75,0.00077224046,1.0364419,2,120
100,0.0003316868,0.9883253,2,20,0.04991617,0.861771,0,41,0.0030990422,0.9103223,3,61,0.018676037,0.9216958,3,81,0.003408556,0.92374694,2,101,0.0,0.98096776,2,122,0.02373718,1.0021577,2,145,0.02207003,0.9520558,2,166,0.0018645683,0.77596337,2,200
101,0.011437258,0.96595657,2,21,0.01482983,0.89560026,2,42,0.019468484,0.8760239,0,63,0.021695552,0.9042484,2,87,0.049701907,0.8861082,0,108,0.012931538,0.9179601,2,139,0.0077695763,0.96891534,2,174,0.00093248946,1.0008533,2,200
102,0.019540327,0.9931343,2,20,0.0026149272,0.9543935,2,40,0.023325082,0.92883337,2,61,0.02422231,0.85728025,2,81,0.01353052,0.9280499,2,101,0.0,0.97887886,2,126,0.0,1.0127184,2,146,0.006800565,0.88485736,2,166,0.02983263,0.7630096,2,200
103,0.016281124,0.8420618,2,38
104,0.0,1.094244,2,30,0.0005584014,1.0609097,2,56,0.0,1.0801821,2,83,0.0,1.0970442,3,108,0.0,1.0611951,2,129,0.0043334244,1.0712546,2,155
105,0.0,0.731155,2,20,0.0,0.47529402,2,41,0.0,0.556666,0,61,0.08603578,0.5049724,2,83,0.0,0.4211814,0,104,0.044073556,0.39683822,2,124,0.0,0.33099425,0,147,0.0,0.36375687,1,167,0.05382122,0.24766593,0,200
106,0.0,0.98922384,2,22,0.016697112,0.95055854,2,42,0.0,0.89876354,2,63,0.005057679,0.85580605,2,84,0.001691661,0.80849093,2,106,0.04110071,0.8210784,2,127,0.061184257,0.75104046,0,147,0.0,0.6468159,0,167,0.0011274387,0.40484756,0,200
107,0.0044845007,0.9966259,2,24,0.012845042,1.0038006,2,59
108,0.0042106146,0.95159274,2,20,0.00022380508,0.9943822,2,43,0.012096126,0.89728355,2,65,0.016706342,0.82717496,2,85,0.0,0.93149346,2,109,0.02614593,1.0270491,3,129,0.061090864,0.8898164,0,149,0.0,0.88370115,2,169,0.008072865,0.8095809,2,200
109,0.044675987,0.88808936,2,20,0.0,1.0133765,2,40,0.0,0.94015425,2,60,0.0065101734,0.86451757,2,80,0.008722119,0.81866586,2,100,0.0,0.55909705,2,121,0.011527409,0.6995081,2,157
110,0.0,1.021999,2,20,0.009820848,1.0490187,2,41,0.00583787,1.0740938,2,62,0.007853059,1.0171998,2,82,0.011296101,0.96471995,2,102,0.0103776585,1.0500284,2,122,0.0161131,1.0477512,2,142,0.0,1.0668627,2,162,0.004026749,1.0850241,2,200
111,0.02412425,0.8960906,2,20,0.0014181394,0.9979683,2,41,0.007900179,0.85463655,2,63,0.0,0.8748783,2,85,0.006047921,0.81693363,2,105,0.0,0.95154536,2,126,0.0051431926,0.7081979,2,148,0.0065105343,0.8411917,2,169,0.006447707,0.8698198,2,200
112,0.020298526,0.99662435,2,20,0.007874457,1.0712312,2,43,0.004835908,1.1215376,3,66,0.0,1.1870645,3,90,0.005586052,1.2186521,3,110,0.0,1.101539,2,130,0.001753326,0.96271473,2,160
113,0.0,1.0007946,2,28
114,0.0034543914,1.0189661,2,20,0.0,1.0465602,2,43,0.004138919,1.0088353,2,63,0.008172677,0.9918966,2,83,0.0017205693,1.0554252,2,104,0.0,1.0622646,0,132,0.0,1.1129801,2,153,0.0013402227,1.0590017,0,175,0.0061742705,1.0695014,2,200
115,0.003151461,0.8514965,2,20,0.01533522,0.9474262,3,40,0.0,1.0548773,2,60,0.0,0.98523986,2,81,0.0,0.8128586,0,102,0.0,0.88881195,2,122,0.0,0.8875575,2,142,0.025807636,0.8893223,2,170
116,0.009682283,1.055451,2,22,0.0011558121,0.966844,2,44,0.0055953767,1.0685459,2,68,0.0,1.0514245,2,92,0.0027610245,1.0637637,2,123,0.0,1.093869,2,143,0.005667947,1.1214374,2,163,0.006120379,0.98877317,2,200
117,0.0,0.99386096,2,21,0.009197766,0.99536973,2,41,0.009856699,0.9578695,2,76,0.0060543306,1.0125192,2,96,0.032682806,1.0197921,2,118,7.728443e-05,1.1090971,2,139,0.0044432837,1.0356035,2,162,0.00043830334,1.0265278,2,200
118,0.002957836,1.0433317,2,21,0.0045565376,0.99638027,2,56
119,0.011118279,0.9359091,2,21,0.008375411,0.9454953,2,42,0.0,0.98564035,2,62,0.060679127,0.8563503,2,82,0.007520978,0.85158664,2,114
120,0.0,0.8849351,2,20,0.018178858,0.92171305,2,50
121,0.012738895,1.0184445,2,21,0.0,1.0240557,2,43,0.019073095,0.99409884,2,63,0.0,1.0255568,2,83,0.004589129,1.0164171,2,111,0.0007507744,1.0599045,2,131,0.0010562985,1.0738101,2,158,0.0016775625,1.0889009,2,179,0.0052401135,1.0418895,2,200
122,0.0,1.0670968,2,24,0.004838203,0.96595466,2,52
123,0.0018184623,0.9939165,2,33
124,0.0017838074,0.93972063,2,21
125,0.0041339574,0.94023067,2,20,0.0055123344,0.8204519,2,40,0.0,0.792362,2,60,0.0031063738,0.6360009,0,80,0.022286365,0.5814028,0,100,0.013085956,0.8242444,0,120,0.0449825,0.7692675,2,141,0.050513733,0.8311931,2,161,0.054717682,0.8350714,2,200
126,0.0,0.9327663,2,20,0.0,0.92267686,2,40,0.0,0.96796316,0,61,0.014033949,0.96544725,2,81,0.0,0.786702,2,101,0.0,0.8247679,2,121,0.027451742,0.794758,2,142,0.012203863,0.64936227,2,167,0.028119218,0.8422532,2,200
127,0.0049451636,0.98984224,2,20,0.0,0.9520108,2,40,0.03649607,1.0186085,2,60,0.003065769,1.0363543,2,80,0.064090505,0.9610859,2,100,0.019088324,1.0009747,2,120,0.0,0.9697009,2,145,0.0,0.94435674,2,165,0.009090048,1.02458,2,200
128,0.0068394314,0.9377497,2,25,0.005287723,0.7883665,2,45,0.0026166784,0.9036089,2,67,0.003052051,0.94292057,2,96,0.0,0.95466566,2,116,0.008804189,0.95472753,2,139,0.027733902,0.90896606,2,159,0.00038807112,0.94517535,2,179,0.021005841,0.9851334,2,200
129,0.025805432,0.8842294,2,22,0.0011517071,0.85139513,2,43,0.004791327,0.93776214,3,63,0.032017943,0.90029746,2,83,0.0,0.85074884,0,105,0.013802355,0.7022944,0,125,0.00072476,0.8259902,2,159
130,0.006691773,0.9057817,2,22,0.023033913,0.93036187,2,43,0.0082906475,0.95752513,2,63,0.012245117,1.0121744,2,84,0.00055267464,0.87960684,2,104,0.0049915905,0.88252145,2,126,0.0,1.0135589,2,146,0.0059741847,0.9355309,2,167,0.0,0.90324056,2,200
131,0.0038127024,0.9291733,2,20,0.0030226666,0.8651846,2,40,0.019363534,0.8756275,2,61,0.0026066466,0.728344,2,81,0.0,0.79504955,2,101,0.0,0.8510768,2,122,0.0039401315,0.767317,0,156
132,0.007581809,0.902762,2,27,0.0074566687,0.8797601,2,47,0.009017322,0.95974064,2,83
133,0.00462643,0.85753644,2,21,0.010020138,0.8358089,2,41,0.0,0.9012698,2,61,0.0047813384,0.7766288,1,82,0.0,0.6278834,2,106
134,0.0035394025,1.0440203,2,29,0.0,1.0768143,2,54,0.005514438,0.9850513,0,75,0.0,1.074025,2,106,0.0,1.04899,2,127,0.004446564,1.0415571,2,147,0.0054106275,1.0231478,2,167,0.006308038,0.9824525,2,200
135,0.0070643118,0.95744944,2,20,0.021792125,0.8985001,2,47,0.017192505,0.9764782,2,68,0.016570441,0.9870533,2,89,0.025606377,0.94531876,2,111,0.018905628,0.8898408,2,131,0.0,0.83767796,3,151,0.03256889,0.74016804,2,171,0.038510643,0.8719489,2,200
136,0.026541125,0.8986391,2,20,0.094680384,0.846745,2,40,0.07824841,0.7893833,2,70
137,0.017254261,0.91081333,2,24,0.024954196,0.8707067,2,44,0.016231466,0.7459182,2,64,0.016624553,0.92703694,2,84,0.0,0.9341897,2,104,0.0,0.85845834,2,124,0.0,0.9065155,2,144,0.0172346,0.6038257,2,165,0.025307668,0.8161275,2,200
138,0.033545844,0.9545518,2,20,0.016627893,1.071122,2,43,0.023686597,0.93828785,2,63,0.012487253,0.9850197,2,88,0.016104052,0.97914696,2,108,0.0006974627,1.0173743,2,129,0.0,0.9895614,2,149,0.0,1.0060861,2,177,0.007697334,0.97510105,2,200
139,0.0064406632,0.97424114,2,20,0.008958983,1.0001006,2,42,0.015202015,0.9279384,2,67,0.027605494,0.9246052,2,87,0.005538076,0.81077135,2,107,0.0220091,0.7891932,0,127,0.024545975,0.7620779,2,147,0.0,0.81518763,0,167,0.000489597,0.97390527,2,200
140,0.0018853974,0.95932114,2,20,0.03407886,0.8912576,0,40,0.0250129,0.75649023,2,60,0.007192659,0.75031114,2,82,0.015913764,0.992233,2,102,0.02718839,0.8493357,2,122,0.052131694,0.98844635,2,142,0.010813222,0.785382,2,169
141,0.0014819711,0.9966,2,22,0.024009319,0.92199403,2,42,0.017758941,0.8472085,2,62,0.0,0.6937837,2,84,0.0,0.7715179,1,104,0.015486311,0.7818456,2,125,0.008917178,0.9539596,2,150,0.00014135976,0.94494444,2,187
142,0.0031779706,0.8662416,2,21,0.018290428,0.97808677,3,42,0.0068934807,0.8812343,2,76
143,0.0022439533,0.92914104,2,20,0.0,1.0121546,2,40,0.0096555445,0.9935822,2,63,0.0025170618,1.1291052,2,83,0.011346546,1.0953025,2,118
144,0.0013787143,1.0189501,2,21,0.009019732,0.91246396,2,41,0.0021127327,1.0099858,2,61,0.010460776,0.9227961,2,82,0.0,1.0223528,2,103
145,0.008915506,0.9416746,2,20,0.022837764,0.9202773,2,41,0.06566416,0.83800477,2,62,0.013869112,0.95521086,2,84,0.07966874,0.67094773,2,104,0.043887578,0.78637224,2,132,0.0045891004,0.9578058,2,155,0.0,1.0122088,2,176,9.728363e-06,1.112268,2,200
146,0.0027557262,0.9458836,2,20,0.006269949,1.0925896,2,48,0.0044963406,1.0243177,2,68,0.010998127,1.0662937,2,91,0.0,1.1154585,2,112,0.002317105,1.1525044,2,133,0.006681419,1.2398683,0,156,0.00044347494,1.0844536,0,176,0.013070484,1.1638339,2,200
147,0.0020881305,0.96654195,2,20,0.0021593294,0.9784735,2,40,0.0,0.9199182,3,61,0.012282985,0.9914683,3,81,0.004553254,0.92130023,2,102,0.03321222,0.9250568,2,122,0.00640813,0.83602536,3,142,0.0,0.84336627,2,162,0.011868182,0.96473235,2,200
148,0.040933426,0.8367032,2,38
149,0.0,1.005336,2,26,0.019335687,1.0424001,2,46,0.0,0.98926497,2,67,0.0020537642,0.9361539,2,87,5.4193256e-06,0.9315043,2,110,0.0,0.9393616,2,132,0.0,0.968019,2,160,0.0,1.0390623,2,200
150,0.010001434,1.0007112,2,20,0.012434854,1.0401323,2,41,0.0,1.0583222,2,61,0.012623368,0.999125,2,81,0.024611358,0.9867722,2,101,0.0,0.9466174,2,121,0.0005350509,0.9917377,2,142,0.020355692,0.9999235,2,162,0.020330584,0.9411275,2,200
151,0.02995278,0.95553297,2,21,0.008230304,1.0261397,2,46,0.0060916147,1.0784619,2,67,0.017240414,1.064367,2,88,0.0,1.0816126,3,112,0.011389859,1.0952766,2,132,0.0,1.065633,0,160
152,0.0,1.0036643,2,22
153,0.006389225,0.9228369,2,22,0.020036755,0.87608385,2,42,0.0,0.8216438,2,71,0.0,0.7253114,2,98,0.0,0.69393355,2,118,0.0,0.8441384,2,139,0.0,0.84414893,2,165,0.011475684,0.838559,2,200
154,0.013230129,1.0128707,2,34,0.009999807,1.0818383,3,55,0.036404777,1.0527471,3,75,0.003259485,1.0536954,2,101,0.013106595,1.1076486,3,121,0.013053357,1.0609609,2,156
155,0.004809211,1.0081314,2,21,0.0016478284,0.91712606,2,41,0.0,0.98258656,2,61,0.039566055,0.90958494,2,83,0.019857738,0.9276492,2,103,0.011790809,0.916133,2,124,0.0,0.8940404,2,144,0.0,0.75070345,2,177
156,0.00065221416,1.015235,2,20,0.03143551,0.95220166,2,41,0.017675098,1.0239923,2,61,0.006040088,0.9703251,2,86,0.0067899297,0.99713343,2,109,0.022693306,1.007722,2,129,0.016728267,1.018046,2,152,0.018668639,1.0140336,2,172,0.008980693,1.0594332,2,200
157,0.015339194,0.98485816,2,20,0.006113523,0.91701984,2,40,0.04234798,0.82378703,0,60,0.013397475,0.8442534,2,81,0.030371096,0.8940474,2,101,0.023328628,0.82028973,2,121,0.015712637,0.8219034,2,141,0.020327266,0.90466344,2,161,0.024718465,0.87207365,2,200
158,0.0,0.89431685,2,20,0.0,1.0365396,0,40,0.038000412,0.8696157,2,60,0.017312955,0.7952343,2,81,0.09685121,0.75114846,2,101,0.007970867,0.780331,2,122,0.0,0.7714116,2,142,0.0069297934,0.88487417,2,162,0.0149876345,0.9469083,2,189
159,0.013412267,1.0115874,2,20,0.0041766986,1.0074424,2,44,0.0,1.0410985,2,69,0.00619333,1.0053262,2,112,0.0087459665,0.9777893,2,134,0.0065747323,1.0139545,2,167,0.010851748,1.0764492,2,200
160,0.0075156186,0.96378845,2,24,0.030878041,0.904331,2,44,0.013375395,0.90217656,2,76
161,0.002868563,1.0840327,2,27,0.002684779,1.0172719,2,48,0.0006018727,0.94340366,2,79,0.0,0.92545426,2,102,0.0,1.059423,3,122,0.0,1.0279156,2,142,0.0,1.0415947,2,162,0.0060079214,1.039407,2,200
162,0.023450857,0.9297568,2,21,0.059067726,0.8515622,2,42,0.024668342,0.9401772,2,63,0.010091604,0.96217483,3,84
163,0.0037577173,1.0561742,2,21
164,0.0027296843,1.0776497,2,24,0.001002264,1.0310354,2,54
165,0.005787073,0.9468484,2,28,0.0,0.9349983,2,50,0.0035334371,0.962241,2,74,0.0,0.9732459,2,95,0.06409404,0.85467595,2,115,0.007026745,0.74354553,1,137,0.0,0.36027285,2,157,0.0,0.5397006,1,177,0.02674965,0.7709332,2,200
166,0.004356621,0.94591737,2,23,0.017806573,0.91271603,2,53
167,0.020379454,0.94902277,0,20,0.030902902,0.9537972,2,40,0.012911616,0.95727336,2,61,0.000121667654,0.86458886,0,84,0.049523264,0.9927901,3,104,0.04768794,0.9552209,2,125,0.0,0.88945115,1,145,0.0,0.69597465,2,165,0.046783496,0.8586348,2,200
168,0.0074131265,1.0332274,2,22,0.008535295,1.0639482,2,44,0.0030486132,0.9747658,2,65,0.015410061,0.9622599,2,97,0.008870633,0.95954067,2,117,0.002037372,0.93925846,2,138,0.005328092,0.91899717,2,158,0.0,0.83653295,2,178,0.0,0.90747035,2,200
169,0.0035693212,1.0406183,2,21,0.0048245722,0.9927957,2,44,0.0,0.9467797,0,68,0.003809836,1.0369443,2,89,0.0,0.9885391,2,109,0.0,0.9934343,0,129,0.0,1.0188391,0,154,0.0043662144,0.9972358,2,174,0.007988744,1.0219053,2,200
170,0.0,1.0180051,2,21,0.0010214743,1.0504261,2,42
171,0.019435588,0.97132456,2,20,0.008000194,1.0598433,2,46
172,0.009928084,0.9497196,2,24,0.002683218,0.96492594,2,44,0.00025485607,0.8117676,2,65,0.011751723,0.64819694,2,97,0.0023998686,0.6602704,2,168,0.013169586,0.7868676,2,200
173,0.024031501,0.99662113,2,20,0.00022580642,0.98124135,2,40,0.028672684,1.0268896,2,61,0.004989926,1.1022476,2,81,0.0008883578,1.1167358,2,122,0.0029938892,1.0908426,2,142,0.0035130389,1.0538371,2,162,0.0022387537,0.9499386,2,200
174,0.035826046,0.9178423,2,21,0.026495092,0.93764013,2,53,0.0030639435,0.8976635,2,75,0.002221587,0.89580846,2,101,0.04060007,0.87768346,2,130,0.0049344874,0.9580495,2,154,0.0055295485,1.0121968,2,176,3.8657647e-05,0.9790073,2,200
175,0.0094565945,1.0488061,2,28,0.0011890046,1.067637,2,51,0.021278728,0.9976389,2,71,0.0040391763,1.0316417,2,92,0.001582268,0.99296385,2,117,0.04183181,0.93434286,2,141,0.05264626,0.88293576,2,162,0.077544905,0.94644696,2,200
176,0.0028824108,1.0579952,2,25,0.015407545,0.99233264,2,49,0.0003165457,1.0609632,2,78,0.0040931767,1.1162759,2,98,0.0,1.0698087,2,119,0.004064839,1.0686357,2,140,0.0,1.1052575,0,160,0.0,1.105963,2,180,0.0,1.0422871,2,200
177,3.5187884e-05,0.9807664,2,37,0.0,0.9095651,2,57,0.007582494,0.8832793,2,78,0.0,0.86210215,2,99,0.0,0.84157085,2,125,0.0021143844,0.82158774,2,155,0.0019451632,0.7832988,2,179,0.020212838,0.9214523,2,200
178,0.015834726,0.92397016,2,25,0.0050657517,0.9088171,2,45,0.015986703,0.98208183,2,67,0.007621623,0.890312,2,90,0.019176845,1.0119445,2,110,4.7810376e-05,0.94117707,2,135,0.00905686,0.9844509,2,157,0.019937702,0.9403885,2,200
179,0.028118381,0.9371049,2,24,0.00035463177,0.96885824,2,49,0.02789942,1.0274215,2,73
180,0.020850021,0.9699577,2,20,0.0104995165,0.9245084,2,40,0.015380258,1.0487574,3,63,0.014881958,1.1796892,3,83,0.007354958,1.1385916,3,117,0.00019367908,1.1204722,2,138,0.0027669738,1.1743753,3,159,0.011931655,1.1703237,3,180,0.0,1.1591508,3,200
181,0.0,1.0508744,2,23,0.003623555,1.0661769,2,49
182,0.016092248,0.9088315,2,20,0.0,0.8897999,2,40,0.0025978496,0.76171374,2,61,0.01912987,0.7654015,2,83,0.0,0.7087132,2,104,0.03139922,0.69423705,2,128
183,0.007112364,0.94219047,2,20,0.00035175914,0.905948,2,40,0.0073286607,0.8213421,2,60,0.004224288,0.78959465,0,80,0.0,0.7169653,0,100,0.0,0.77174366,0,120,0.009144077,0.85356665,2,141,0.0,0.7807869,2,161,0.0073816744,0.6213254,2,200
184,0.0,0.97559434,2,24
185,0.0013858494,1.0195547,2,22
186,0.0,0.988989,2,20,0.0019584317,0.95873195,3,40,0.0,0.8781336,2,64,0.0071791033,0.8390253,2,86,0.0,0.8835832,2,107,0.0,0.844026,2,129,0.0,0.7303981,2,149,0.0011063612,0.8089694,2,170,0.03737065,0.9644315,2,200
187,0.004833248,1.010172,2,27,0.03648711,0.9830402,2,52,0.010449305,1.0330046,2,72,0.008915405,1.0079007,2,102,0.0015209386,1.040335,2,123,0.0045395307,0.98702717,0,143,0.0009575525,0.9644708,2,164,0.004812559,0.9869826,2,200
188,0.011214554,1.0193135,2,28,0.012734221,1.0144663,2,49,0.00895309,1.0632516,2,75,0.007620734,1.0876296,2,95,0.00032006437,1.1199934,2,115,0.0044783736,1.0859573,2,135,0.0023201492,1.1231283,3,156,0.0,1.098812,0,178,0.0047082077,0.9981051,2,200
189,0.0075697107,0.9748603,2,23,0.0,0.7961098,0,43,0.021449385,0.82854724,2,64,0.0,0.7268167,1,86,0.010119935,0.9577962,1,107,0.0,0.812677,0,127,0.019869689,0.77760816,0,148,0.0,0.8494222,0,171,0.0060107764,0.72990835,0,200
190,0.044780564,0.8119935,2,20,0.025870727,0.9757885,2,42,0.0016396946,0.97293407,0,62,0.114740156,0.8218711,2,82,0.048172466,0.66651,2,113
191,0.03071156,1.0078039,2,21,0.009579267,0.9611396,2,43,0.003671589,1.0208693,2,66,0.014199855,1.0082673,2,86,0.0020178196,1.0598634,0,113,0.014399659,1.0291296,2,135,0.0,1.038423,2,156,0.0098677445,0.99173784,2,176,0.0073502534,0.9652281,2,200
192,0.02589061,0.8820696,2,20,0.03058276,0.96948683,2,40,0.0,0.9863366,3,60,0.02070575,0.816898,0,80,0.0,0.8235343,2,100,0.0,0.72248167,2,120,0.0,0.68727976,2,142,0.0,0.6937596,2,163,0.01802663,0.6321665,2,200
193,0.0006274645,1.0209768,2,20,0.00056952477,0.993994,2,43,0.017754143,1.0516481,2,67,0.0084807305,0.9704301,2,87,0.0,1.0720043,2,108,0.0,1.0997034,2,131,0.0,1.1502067,3,153,0.003159652,1.0580846,2,173,0.004927535,0.91386485,2,200
194,0.008024971,0.9513523,2,20,0.04348685,0.97973573,2,40,0.060271543,0.92516017,0,61,0.016024748,0.8428453,2,81,0.004033353,0.8743869,2,102,0.0,0.76751953,2,126,0.11034355,0.801566,2,146,0.039651804,0.5240387,2,166,0.13451967,0.6216036,2,200
195,0.0187901,0.9462606,2,21,0.011169011,1.0352242,2,41,0.010872973,0.9309072,2,83,0.001799351,1.0134492,2,113,0.0034733478,0.99645966,2,133,0.0036223815,1.0440909,2,154,0.009101834,0.97250164,2,190
196,0.01492616,1.0172517,2,21,0.039949637,0.96152145,2,56
197,0.009665658,0.98237365,2,29
198,0.009976951,1.0201616,2,20,0.0,1.0425165,2,40,0.0,1.0101367,2,62,0.009999877,0.9783186,2,82,0.0007293825,1.0183437,2,102,0.00652614,1.0004483,2,130,0.0,0.98010963,2,164,0.0,0.9543464,2,200
199,0.007668446,0.97966236,2,23,0.007936212,1.047294,2,43,0.009556785,1.0927441,2,63,0.018512808,1.039061,2,88,0.015674215,0.98795855,2,111,0.012892413,1.0003955,2,131,0.028516926,1.0308651,2,153,0.022182535,0.9820481,2,175
200,0.014672562,1.0187042,2,32
201,0.0038874794,1.0086995,2,24,0.0,1.0899813,2,45,0.007989715,1.0582235,2,87
202,0.0,0.9928913,2,22,0.02278303,0.99819064,2,43,0.004966565,0.9940661,2,64,0.007828004,0.94833547,2,86,0.019280242,0.9661749,2,108,0.010295917,0.90516126,2,129,0.024665942,0.87425804,2,149,0.0,0.9836726,2,172,0.0,0.83281803,2,200
203,0.03400445,0.9371893,2,20,0.008629175,0.9547712,2,41,0.010102488,0.95264256,2,62,0.016855305,0.9251048,2,86,0.0055859475,0.9434516,2,120,0.013007395,0.9528081,2,140,0.01100709,0.9621163,2,162,0.013763927,0.9934964,2,200
204,0.019652274,0.99257326,2,20,0.0038884361,1.0716255,2,40,0.00045876447,1.0702225,2,83,0.0029963488,1.021203,2,138,0.0,1.0659316,3,159,0.0,1.0485357,2,180,0.0,1.0667064,2,200
205,0.01821371,0.92499554,2,20,0.014865339,0.92971975,2,44,0.0010841847,0.9997005,2,87
206,0.02476484,0.9612053,2,20,0.02308106,0.9516951,2,40,0.021048,0.95924914,2,60,0.003160492,0.9328495,2,81,0.011408234,0.9913382,2,106,0.011440434,0.9840183,2,126,0.002535188,0.990363,2,146,0.0085402895,0.7976998,2,167,0.0023673866,0.7769454,2,200
207,0.0028091152,1.0185976,2,28
208,0.01839197,0.8535037,0,20,0.0,0.908364,2,44,0.0017380478,0.7412613,2,73
209,0.0035662176,1.0247141,2,31,0.026862469,0.975285,2,59
210,0.0,1.0306923,2,21,0.005725352,0.98836076,2,50,0.011905132,0.94796085,3,70,0.006793483,0.9373909,2,90,0.029582353,0.90410113,2,129
211,0.013923908,0.96922433,2,22,0.023899658,0.97551376,2,43,0.042823806,0.8870373,2,63,0.045784928,0.83795035,0,83,0.02125954,0.916169,2,108,0.02261173,0.8621908,2,130,0.026581064,0.8910947,2,150,0.011966058,0.8872781,2,174,0.005597947,0.96702635,2,200
212,0.008694209,1.0197517,2,20,0.023797804,1.0411223,2,42,0.023457382,0.98217463,3,63,0.009285214,1.1440637,3,83,0.00091050315,1.104831,0,103,0.0,1.1565224,3,123,0.012197216,1.0126473,3,161
213,0.007519484,0.88262755,2,22,0.010107187,0.9249019,2,59
214,0.0010158303,0.8943593,2,20,0.013692946,0.98993635,2,45
215,0.0,1.0511372,2,20,0.0,1.0362422,2,40,0.0019288653,1.0433763,0,77
