0,0.007859891,0.97571355,2,23
1,0.0,1.0428239,2,29
2,0.0024930525,1.024074,2,24
3,0.0008891929,1.0371559,2,20,0.0038903744,1.0090889,2,53,0.020329708,1.0280142,2,78,0.008317404,0.9931019,2,98,0.012116656,0.93066657,2,118,0.014642718,0.9354334,2,138,0.02284296,0.90697986,2,158,0.011848631,0.9170518,2,178,0.009103187,0.9370749,2,200
4,0.0068563153,0.9288918,2,26,0.018461015,0.9179779,2,46,0.0073903585,0.7808972,0,66,0.0,0.9029561,2,86,0.0,0.83268917,2,107,0.0,0.79532695,2,127,0.0,0.89811164,2,147,0.013163932,0.83739614,2,167,0.022310793,0.85055393,2,200
5,0.009065364,0.9397323,2,25,0.033653293,0.8945981,2,46,0.014055771,0.75760454,3,66,0.0,0.8395265,0,86,0.014092287,0.87717503,2,106,0.029574033,0.79247236,2,126,0.015483335,0.943116,2,146,0.029123003,0.8966487,2,166,0.0046839463,0.940715,2,200
6,0.05500803,0.9685714,2,21,0.016449617,0.978437,2,44,0.008018629,0.93351054,0,66,0.025950128,1.0020374,3,86,0.0,1.0061069,3,109,0.0013866571,1.1292586,3,129,0.0,0.9564368,0,149,0.00402742,0.9030446,2,169,0.03161408,0.79010195,2,200
7,0.014411521,1.005011,2,20,0.011416509,0.89198387,2,40,0.007898812,0.9612159,2,68,0.056907892,0.9062134,2,88,0.060644865,0.8176873,2,110,0.0047913413,0.8093671,2,133,0.0,0.64961576,2,168
8,0.0,0.9047243,2,20,0.019153362,0.9153287,2,40,0.06042821,0.9166106,2,60,0.0047820616,0.8487977,3,80,0.0,0.8141614,2,100,0.004243859,0.92343044,2,120,0.0,0.71837246,2,153,0.0077328314,0.5694149,2,175,0.0058848397,0.81337583,2,200
9,9.73687e-05,1.0762022,2,26,0.0037377335,0.9862501,2,48,0.008610703,0.9756228,2,68,0.034726173,0.9313705,2,94,0.0059168455,0.9677683,2,116,0.0,0.97592795,2,136,0.013105404,0.99547666,2,163,0.014627603,0.9248376,2,200
10,0.006096279,0.9772953,2,20,0.0058417353,0.98004633,2,42,0.0023120875,1.0363305,2,64,0.0108718965,0.9878444,2,89,0.01887377,1.0700158,2,110,0.017705826,0.98315954,2,133,0.019170627,0.8923458,2,154,0.0,0.8177105,2,181
11,0.006097175,1.026941,2,24,0.0,1.0163434,2,47,0.0031357433,0.94719297,2,71,0.0150950225,0.8645855,2,91,0.014782175,0.8933693,2,113,0.0,0.8622103,2,133,0.0044552702,0.8725556,3,153,0.009648035,0.81545144,2,177,0.014618257,0.4447756,1,200
12,0.0,1.0060264,2,22
13,0.00025139112,1.0325576,2,28
14,0.009770202,1.0173005,2,20,0.014680336,0.93618447,2,44,0.001812577,0.9748017,2,80,0.007403353,1.0278648,2,106,0.010562299,0.99866265,2,127,0.020117514,1.037547,2,147,0.0049730465,0.92798585,2,167,0.0014236362,0.9946134,2,200
15,0.0104136355,0.9223777,2,26,0.030469488,0.8912919,2,46,0.012937472,0.79020464,2,69,0.0,0.9439581,2,90,0.022590159,0.9030102,3,110,0.0100809205,0.82480127,2,130,0.0,0.8001186,2,150
16,0.003150022,1.0608126,2,23
17,0.01876641,1.0064443,2,24,0.0,0.9380778,2,44
18,0.0064418814,0.96850115,2,23,0.00033182808,0.75569,2,43,0.023833271,0.71707195,2,63,0.03369047,0.6113429,1,83,0.0,0.54450315,2,103,0.00479538,0.79079187,2,123,0.01761593,0.7352063,2,144,0.013552256,0.6969407,2,164,0.021024821,0.83618945,2,200
19,0.01040412,0.9829269,2,24,0.000516989,1.0711294,2,64
20,0.0,1.0970457,2,20,0.0,1.0457828,2,40,0.0,1.0174811,2,63,0.0,1.0491713,2,85,0.00087941706,1.0350188,2,106,0.006033597,0.93638575,2,126,0.0,0.8947215,2,146,0.0,0.98446846,0,166,0.001241219,0.8305564,2,193
21,0.0042200955,1.006941,2,20,0.07046668,0.9211084,2,40,0.0458682,0.94200635,2,61,0.049930822,0.9532543,2,97,0.009641707,0.9696263,2,117,0.01664119,0.94542533,2,141,0.012701432,0.95295495,2,161,0.008263854,0.9493292,2,200
22,0.0130777955,0.88611305,2,20,0.019038811,0.96148646,2,40,0.0,0.87397265,2,61,0.0045637568,0.8494704,2,98
23,0.0063064247,0.9655269,2,20,0.031849034,0.9005553,2,41,0.019221995,0.94233793,2,65,0.023395106,0.963117,2,85,0.0063387146,0.91788995,0,105,0.013641277,0.9858929,3,128,0.0,1.0794857,3,153,0.0030612177,0.82135487,3,173,0.0076033375,0.9833664,2,200
24,0.006491924,0.9957984,2,20,0.009267496,0.9768607,2,41,0.0010107909,1.0232329,2,62,0.0,0.9975136,2,82,0.015761217,0.9951976,2,103,0.025591934,0.8733957,2,125,0.005679645,0.7674348,3,146,0.040965926,0.8205562,0,181
25,0.014034564,0.98642904,2,22,0.0,1.0106578,2,46,0.01710755,0.9854344,2,67,0.0021030377,0.9540032,2,87,0.009585606,0.912887,2,107,0.0,0.88058174,2,127,0.0,0.8790656,2,148,0.008393726,0.9171517,2,170,0.0021027916,0.8821496,2,200
26,0.0016218035,0.9557301,2,28,0.014507281,0.9184764,2,48,0.0094893165,0.90679955,2,70,0.049759574,0.8730675,3,90,0.042881086,0.8844089,2,112,0.027073031,0.9662426,2,132,0.0,0.8548772,2,152,0.042728897,0.8208612,2,175,0.015399332,0.909478,2,200
27,0.0038162793,0.94246185,2,27,0.038606238,0.8796064,2,47,0.050423276,0.9510659,2,68,0.0,1.0040809,2,88,0.00779284,0.8937206,2,109,0.0,1.004762,3,129,0.0,0.845636,0,149,0.0,0.73696995,2,170,0.015025894,0.6555129,0,200
28,0.03359852,0.9077034,2,21
29,0.024647111,0.97709864,2,23
30,0.018966904,0.96036637,2,23,0.0,0.99436444,2,43
31,0.009937228,1.0245396,2,21,0.0,1.0573518,2,42,0.0,0.96846277,2,62,0.0012690525,1.0179926,2,85,0.0,1.0363972,2,105,0.003261465,1.0231141,2,125,0.0059694094,1.005299,2,147,0.025571253,0.94107616,2,168,0.017851427,1.004918,2,200
32,0.029541869,0.92275536,2,20,0.022117948,0.9583483,2,40,0.010851232,0.8426843,2,62,0.01633751,0.90618163,2,82,0.0033462055,0.962197,2,105,0.0018357349,0.9902698,2,128,0.0,1.0956781,2,149,0.0,1.1760241,0,170,0.0043907263,1.0443588,2,200
33,0.041731734,0.91087115,2,26,0.03374274,0.9003886,2,46,0.0026482781,0.9244174,2,80,0.01605565,1.0067891,2,102,0.0,1.0868185,2,123,0.0,1.0524927,2,146,0.00741891,1.0686686,2,178,0.0002945632,1.0598518,2,200
34,0.041675095,0.87799746,2,21,0.0,0.89117384,2,41,0.0013709184,0.92512774,2,63,0.0,0.9579048,2,83,0.0,0.7555328,2,103,0.030835334,0.8191417,2,124,0.0,1.0072033,2,144,0.0,0.6263637,0,165,0.014505117,0.56641537,0,200
35,0.0,1.0293312,2,21,0.0,1.0398617,0,46,0.0,1.14019,2,67,0.0,1.0414258,2,90,0.00066314434,1.0443292,2,123,0.0031117038,0.9907579,2,145,0.0063452814,0.9989762,2,167,0.017693508,0.9583263,2,200
36,0.004626752,1.0085696,2,24,0.010483067,0.9977442,2,44,0.007284711,1.0409034,2,73,0.0,1.0398113,2,93,0.0036999886,0.9766003,2,113,0.0,1.012708,2,134,0.0037711686,1.0670666,2,154,0.005206026,1.0841506,0,174,0.0023398262,1.0795553,2,200
37,0.00915506,0.9740954,2,21,0.0,1.126662,2,42,0.0004243251,1.0891254,2,62,0.0017589098,1.0516052,2,83,0.0,1.1148753,0,103,0.008243014,1.0998861,2,124,0.0038218827,1.0460571,2,144,0.0055059707,0.9716198,2,164,0.035204615,0.85595423,2,200
38,0.005109358,0.98691785,2,29
39,0.009096451,0.9749537,2,21,0.002803404,1.0168276,2,41,0.0,1.0617886,2,62,0.009997012,0.987236,0,82,0.0110111665,1.0819458,2,102,0.010441215,0.90312773,0,125,0.0003175699,1.0090129,2,147,0.0013268802,1.0940963,2,167,0.012324933,1.0231608,2,200
40,0.0052046664,0.88027334,2,20,0.015102682,0.77831185,2,40,0.0027339642,0.7596406,2,66
41,3.0521303e-06,1.0456722,2,20,0.0,1.025316,0,40,0.00786136,0.91129327,2,67,0.013732633,0.9543058,2,87,0.0,0.89548904,2,107,0.00031189926,0.8458879,2,129,0.018619258,0.70498556,2,166
42,0.007034434,1.0173733,2,32
43,0.008267479,0.9203485,2,20,0.024194917,0.9954275,2,40,0.0,1.0198698,2,65,0.0031448577,1.0313965,2,85,0.00097204064,1.1055464,2,115,0.0,1.0097938,2,140,0.0,1.0626104,2,160,0.0,1.0016335,2,200
44,0.012934503,0.9630569,2,21,0.0035125955,0.94983035,2,41,0.019969044,0.9688662,2,61,0.002433334,0.90241134,2,82,0.0012119506,0.8676931,2,103
45,0.0040610773,0.99172604,2,33,0.016760679,0.9825054,2,69,0.004270884,1.0331367,2,89,0.0,1.0228859,2,111,0.030174483,0.9500078,2,133,0.01657617,0.91380835,2,153,0.008914964,0.8694881,2,173,0.0069743088,0.8904178,2,200
46,0.020777868,0.99517155,2,26,0.027729487,0.9587267,2,50,0.017624227,1.0553111,2,81,0.0011988953,0.9897918,2,109,0.0022701588,1.0231028,2,147
47,0.006702735,1.0461835,2,27
48,0.00096710416,1.0193349,2,24
49,0.008078202,0.9144369,2,31
50,0.024184233,1.011522,2,20,0.05954207,0.9485267,2,40,0.026765998,0.9048713,2,70
51,0.00824477,0.9719165,2,20,0.003437012,0.93682516,2,40,0.00913846,0.9401567,2,63,0.033470906,0.8589465,2,83,0.0,0.9512686,2,105,0.0060431054,0.9156455,2,125,0.0,0.9728495,2,145,0.019583194,0.7620418,2,165,0.026806125,0.6099666,2,200
52,0.006704393,0.9463183,2,20,0.013735923,0.89984024,2,40,0.019122472,0.89941895,3,60,0.0,0.8863553,2,80,0.0,0.75384927,0,100,0.0008259646,0.9439121,2,126,0.027479324,0.9459083,2,147,0.019984376,0.91521084,2,167,0.017576618,0.8400496,2,200
53,0.0,0.9565433,2,20,0.023563212,0.9355799,2,43,0.00426398,0.86621284,2,64,0.009420383,0.7763169,2,86,0.0,0.8770286,2,106,0.0063792267,0.9467109,2,151,0.063601315,0.859229,2,172,0.014205396,0.9484811,2,200
54,0.0014275045,0.88808966,2,20,0.04284077,0.8374822,2,46,0.0015479096,0.81930065,2,66,0.0040066033,1.0303663,2,87,0.0,1.1409225,0,108,0.0,1.181262,0,128,0.0,1.1730497,0,149,0.0008196497,1.1600661,3,170,0.004556124,1.0869782,0,200
55,0.022543725,0.9107338,2,27
56,0.02576099,0.95298636,2,20,7.50331e-05,0.9667629,2,42,0.013135626,0.89414877,2,63,0.009402387,0.94270223,2,85,0.0,0.93625337,2,105,0.037409537,0.9218153,2,143
57,0.033616323,0.9834874,2,20,0.026017409,0.92741954,2,40,0.005717483,0.840434,2,61,0.0,0.76701826,2,81,0.0074134865,0.5993001,2,101,0.044626277,0.68728745,2,121,0.0,0.732619,1,142,0.0,0.58724475,2,164,0.0,0.5521145,1,196
58,0.007419991,1.0273513,2,20,0.018250914,1.0608641,2,48
59,0.020951698,1.004534,2,35,0.0681965,0.9292757,2,59,0.0012896457,0.98878664,2,85,0.03846929,0.9497458,2,111
60,0.0050220415,0.85819376,2,20,0.013902437,0.8321001,2,41,0.0,0.5947413,2,61,0.0,0.7989581,2,81,0.02096143,0.9189722,2,102,0.006757982,0.87492424,2,139
61,0.0,1.0457379,2,20,0.003845502,1.0629231,0,42,0.0,1.0469021,0,65,0.0,1.0288408,2,85,0.0,1.0720689,2,105,0.006341957,1.0351251,0,126,0.015978247,0.9819306,2,146,0.0,0.9345809,2,174
62,0.029106151,0.8721393,2,20,0.0011322484,0.899891,2,41,0.0010063777,0.8073484,2,61,0.0,0.6298861,2,81,0.0,0.6414953,2,103,0.006738457,0.61540663,2,123,0.010410771,0.64465964,0,145,0.06870685,0.828627,2,165,0.014645262,0.5046049,2,200
63,0.024766186,1.002443,2,23,0.008042714,1.0604943,2,43,0.0077022,0.99495596,2,64,0.004296747,1.0463881,2,84,0.0101232575,0.98205173,2,105,0.0,1.0188105,2,126,0.0,1.0117823,2,146,0.0,0.97444963,0,166,0.0,0.9906507,2,200
64,0.029728174,0.95079374,2,20,0.03881339,0.9356395,0,40,0.03729998,0.95869094,3,60,0.0020807981,0.99757725,3,82,0.0021195188,0.9240328,2,104,0.006946989,0.76595664,2,138
65,0.03694163,0.93455875,2,20,0.0015859344,0.96905464,2,47,0.01822606,0.9716257,2,75
66,0.020377774,0.8855274,2,25,0.0,0.9432084,2,46,0.023997441,0.8798272,2,67,0.007902933,0.85712653,0,87,0.0154893175,0.9880568,2,116
67,0.01809533,0.89035857,2,20,0.0,1.0261395,2,41,0.0,1.0730088,0,63,0.0,1.0404634,2,84,0.0,1.0597245,2,105,0.0,1.0289654,2,125,0.0036744177,0.9039874,2,146,0.0,0.8942324,2,166,0.0,0.77670586,2,192
68,0.0068203136,0.9477165,2,41,0.018207755,0.98510695,2,70,0.02054286,0.9704243,2,92,0.026622007,0.995114,2,113,0.0022419563,0.9540014,2,133
69,0.03238625,0.9582058,2,20,0.003296918,0.940082,2,41,0.024890553,0.9764556,2,63,0.025414616,0.98483,2,83,0.0,0.9616788,3,103,0.034683567,0.99535036,2,124,0.026052171,0.98734367,0,145,0.02630038,0.7826103,0,166,0.02073945,0.90616155,2,200
70,0.020193167,0.9978535,2,30,0.0,0.9896973,2,52,0.021646222,0.9074551,2,72,0.0072268206,0.95695734,2,93,0.0012349572,0.9100908,0,113,0.011752325,0.9327507,2,136,0.011807928,0.8299615,2,156,0.12187594,0.89002657,0,177,0.0407828,0.92750704,2,200
71,0.0029136457,0.9747015,2,22
72,0.0064534037,0.90797263,2,20,0.012408901,0.9169219,2,40,0.062059175,0.73421687,2,60,0.01685311,0.7176104,2,80,0.0,0.7068303,2,101,0.0076693064,0.7431673,2,121,0.031180648,0.6679467,2,153
73,0.0063845613,0.94780123,2,20,0.012200626,0.9878727,2,40,0.030165287,0.9638305,2,61,0.01708813,0.9478595,2,82,0.0,1.003826,2,102,0.013884984,0.8978151,2,122,0.02823418,0.94150126,2,142,0.0,0.8256554,2,165,0.017315008,0.8567434,2,200
74,0.0035118833,1.0248413,2,24,0.004157974,0.9540639,2,44,0.0016938051,1.0485805,2,64,0.0,1.0769918,2,84,0.011387825,0.9923581,2,107,0.027217712,0.7803141,2,127,0.0033792264,0.6959404,2,147,0.019888647,0.69415903,2,167,0.013337756,0.7899702,2,200
75,0.0,1.02094,2,29
76,0.019293986,0.99551594,2,20,0.02377406,0.9235593,2,40,0.014026361,0.8230281,3,61,0.01333383,0.8039018,0,81,0.0110762175,0.9080896,2,107,0.0070803403,0.8506779,2,131,0.009241454,0.7295976,2,153,0.087151065,0.9318162,2,173,0.033478472,0.94661665,2,200
77,0.021126341,1.021727,2,23,0.030116329,0.89166135,2,44,0.0,0.9015218,2,83
78,0.009733591,0.9985516,2,42
79,0.0,1.0306343,2,20
80,0.009063492,0.9683172,3,20,0.0,0.97007823,2,46,0.017664684,1.0242319,2,66,0.012923209,0.9424127,2,86,0.01023699,0.7995528,2,106,0.008167568,0.88893545,3,126,0.006609109,0.9369256,2,147,0.057493832,0.9242758,2,169,0.013519896,0.92088735,2,200
81,0.005695941,0.96428204,2,20,0.022647293,1.0000341,2,40,0.0,0.95745975,2,61,0.012295144,1.0268377,2,81,0.0410499,0.8082991,2,102,0.02799276,0.7136198,0,122,0.07356093,0.7383831,2,144,0.057737947,0.7810755,2,168,0.01712251,0.8432729,2,200
82,0.019036017,0.9319668,2,22,0.02601676,0.8957971,2,43,0.03953103,0.8716713,2,66,0.013731286,0.8672339,2,86,0.022877436,0.86598533,2,108,0.030241549,0.9056273,2,130,0.006715648,0.9355298,2,150,0.025633013,0.94552624,0,170,0.010102133,1.0067998,2,200
83,0.0,1.0114481,3,21,0.024853362,0.98188335,2,41,0.0076031936,1.0385246,2,69,0.0,1.0545934,2,90,0.019673558,1.0343337,2,110,0.01913335,0.8760928,2,131,0.0022346682,0.99089926,2,153,0.036711067,1.0124407,2,174,0.0200584,0.9669122,2,200
84,0.03865354,0.96831906,2,20,0.035212893,0.6625853,2,40,0.028785266,0.7919052,2,67
85,0.010943062,1.0363132,2,22
86,0.0,1.071106,2,27
87,0.0,1.0261295,2,25
88,0.0,1.0455691,2,21,0.025187023,1.0013945,2,47
89,0.025159137,0.9414553,2,21,0.006091322,0.90125144,2,43,0.0,0.9431774,2,63,0.026435629,0.79474556,2,83,0.0024790696,0.8166516,0,105,0.0,0.7122385,0,125,0.0002124849,0.5838161,0,149,0.05137979,0.62578475,0,169,0.0034064963,0.5469386,0,200
90,0.0008961113,0.9864437,2,23,0.022017606,0.889283,2,43,0.019028945,0.9044191,2,65,0.022436578,0.90359735,2,85,0.03040586,0.9697043,2,105,0.0013556452,0.9705988,2,133,0.0066590523,0.8884757,2,153,0.019843362,0.95185184,2,173,0.017073957,0.9136052,2,200
91,0.004673966,0.9844985,2,23,0.014320353,1.0783101,2,43,0.0,1.0281225,2,63,0.00874717,0.97546566,2,83,0.034768492,0.9492593,2,103,0.02613474,0.9086019,2,123,0.022658369,0.78063715,2,143,0.0,0.81133556,2,163,0.02957655,0.77483916,2,200
92,0.0073579066,0.91832244,2,20,0.037137706,0.8660634,2,41,0.0,0.72572225,2,61,0.030393323,0.58872813,2,82,0.0015123914,0.8257936,2,102,0.01602938,0.8477098,2,122,0.0003702065,0.9715077,2,142,0.0389661,0.88389206,2,163,0.0035215202,0.8997838,2,200
93,0.011000266,1.0367186,2,22,0.00042252586,1.0144774,2,42,0.00038830785,1.090697,3,69,0.0,1.0063756,2,89,0.0,1.0537728,2,111,0.0,1.0463778,2,131,0.0,1.1242735,2,152,0.0069802282,1.0189695,2,172,0.0012000243,1.0403403,2,200
94,0.003216643,0.8770072,2,24,0.029555818,0.9050169,0,44,0.0314899,0.87344074,3,64,0.016181143,0.86151487,3,84,0.011499458,1.0720152,3,104,0.002203395,0.9048899,3,125,0.03264723,0.87464297,2,145,0.0,0.81328064,2,166,0.0463967,0.7320434,1,200
95,0.009205117,0.95434046,2,21,0.009055472,0.9729023,2,41,0.0015900352,0.93619883,2,61,0.008441213,0.88959444,2,81,0.01209984,0.8155295,2,101,0.0,0.8506368,2,121,0.032362986,0.8800685,2,144,0.025170961,0.9426985,2,164,0.027932197,0.9011315,2,200
96,0.006211417,0.96448064,2,25,0.0,0.9375081,2,45,0.0,0.9083325,2,65,0.0015581677,0.89322615,2,98
97,0.012977337,0.9355453,2,20,0.0,0.9865079,2,40,0.003718679,0.86819476,2,64,0.0020209388,0.9201692,2,88,0.01430738,0.709488,2,109,0.005344464,0.74503577,2,129,0.033446476,0.7384435,2,149,0.005290105,0.7855412,2,170,0.03787986,0.82667077,2,200
98,0.01986062,0.92502475,2,22,0.07154152,0.8043599,0,43,0.017638374,0.75530887,2,63,0.07326108,0.5737435,2,85,0.0,0.87491655,1,105,0.0,0.38982758,1,125,0.0,0.65816927,0,145,0.035494965,0.46440053,2,165,0.09642478,0.5140259,1,200
99,0.007914896,1.0544035,2,20,0.012033393,1.0981977,3,40,0.008633742,1.0019532,2,60,0.003124626,1.0979477,0,81,0.0,1.0917943,2,101,0.0054647275,1.1171716,2,122,0.0031079082,1.0456339,2,143,0.00036102906,0.95373327,2,163,0.0,0.9910473,2,200
100,0.014408419,0.9189636,2,22,0.0,0.91033053,2,44,0.03578081,0.8446498,2,64,0.015371603,0.7439186,0,84,0.05286789,0.85451776,2,104,0.0,0.96644086,2,124,0.025133107,0.87083733,2,144,0.010497188,0.7729955,0,165,0.00016559387,0.94633204,2,199
101,0.0,1.0700314,2,23,0.0,1.0372418,2,46,0.0,1.0074557,0,66,0.0,1.0393634,2,86,0.0,1.0816929,2,106,0.0004229576,1.0472901,2,134,0.01826598,0.9430944,2,155,0.01769717,1.0540632,2,176,0.021699851,1.0917944,2,200
102,0.01781557,1.0189937,2,29
103,0.014749393,1.0681267,2,20,0.0,1.0384047,2,41,0.0034376322,1.0694866,2,61,0.0,0.9882662,2,86,0.04221224,0.84730065,2,106,0.0018675895,0.93685997,2,126,0.009165475,0.8924047,2,146,0.020245053,0.96798134,2,167,0.0056921714,0.9565921,2,200
104,0.0019018437,0.9924145,2,34
105,0.016020048,0.98824644,2,24
106,0.004593846,1.0311352,2,20,0.003768526,1.0109977,2,40,0.0,1.0079482,2,64,0.0013319342,1.0178211,0,84,0.00046172235,1.0561321,0,104,0.0,1.0521615,3,124,0.006397237,0.9927579,2,144,0.0007991962,0.962208,3,166,0.020904744,0.99525857,2,200
107,0.0026175745,0.9440531,2,21,0.01955625,0.8790388,2,41,0.0,0.7927586,2,61,0.011627231,0.91906154,2,81,0.014168444,0.88845664,2,106,0.0111583695,0.89686984,2,127,0.0,0.96293086,2,147,0.0058900034,0.96622384,2,168,0.00072904915,1.03679,2,194
108,0.016939228,0.87688667,2,20,0.011016595,0.7998339,2,40,0.0,0.8176964,0,60,2.5710091e-05,0.8432211,2,81,0.00015914216,0.814088,0,101,0.0,0.7385656,0,122,0.0,0.84256554,0,142,0.0,0.49917388,1,162,0.024504548,0.5045906,1,200
109,0.0054013357,0.9846675,3,20,0.000710223,0.9662385,2,57
110,0.0035101955,1.0089542,2,22,0.0,1.0450056,2,56,0.0,1.0730693,2,79,0.03395185,0.93905556,2,99,0.008380739,1.0088881,2,119,0.013069993,0.94730675,0,139,0.030402288,0.9100135,2,159,0.011854551,0.9326974,2,179,0.006671699,1.0187693,2,200
111,0.0045749014,1.0428419,2,29,0.00086783175,1.041024,2,51,0.005194095,1.0441765,2,72,0.018871905,1.0397673,2,97,0.023255581,1.0265927,2,117,0.006335631,0.97974116,2,146,0.013816298,1.0710224,2,168,0.0050693713,1.0544412,2,200
112,0.003931609,1.0357728,2,20,0.009728558,1.0830516,2,41,0.006739438,1.0368334,2,63,0.0028517838,0.9677132,2,83,0.0,1.0413942,2,108,0.01689969,0.9838312,2,136,0.012279394,0.96373576,2,159,0.01822438,0.97293377,2,200
113,0.0070524043,0.91365254,2,36
114,0.0098662805,0.9988431,2,35
115,0.00029880265,1.0404698,2,24
116,0.007939461,0.98738414,2,29,0.008384717,0.9552728,2,49,0.0,0.80622727,2,71,0.0,0.91155165,2,94,0.0,0.8073327,2,114,0.0,0.83418494,2,134,0.0482329,0.84311414,2,156,0.0,0.9327834,2,176,0.0009916701,0.8580988,2,200
117,0.0,1.0180733,2,20,0.0,1.0417612,0,40,0.0,0.93180907,0,60,0.0038294771,1.0527478,0,104
118,0.005144316,1.0191276,2,29
119,0.008273702,1.0029533,2,20,0.0043140845,1.0424789,2,41,0.004013854,0.93027174,2,61,0.031229073,0.91832066,0,81,0.022132454,0.9066354,2,102,0.04794769,0.9510183,2,123,0.035025887,0.91778326,0,144,0.022061436,0.94425714,2,166,0.012763218,0.93824255,2,200
120,0.017597498,0.98157626,2,23,0.01521422,0.88146806,2,45,0.03579902,0.8729206,2,74
121,0.011280494,0.9385681,2,20,0.01027402,0.86870384,2,40,0.023134407,0.7777946,2,61,0.0,0.6329892,2,81,0.0,0.5610998,1,102,0.0,0.51458114,2,123,0.0,0.448771,1,143,0.0,0.33649117,1,163,0.0037286382,0.5734397,2,200
122,0.00420214,0.92690486,2,24,0.016792115,0.93896437,2,45,0.06002258,0.8316027,2,65,0.02325697,0.7090837,2,87,0.044280525,0.86474806,2,112
123,0.036562532,0.8928534,2,20,0.031843193,0.8186499,2,40,0.023643093,0.6710202,0,61,0.0012158989,0.8221773,2,81,0.005308394,0.9453205,2,102,0.019452633,0.8771332,2,122,0.0,0.83667815,3,142,0.0,0.7814203,2,162,0.06230879,0.8095795,2,200
124,0.0058025704,0.9942006,2,23,0.0088292,0.98586327,2,45,0.0029966086,0.9448598,2,66,0.012698205,0.9643624,2,96
125,0.012647095,0.9597199,2,21
126,0.007543309,1.0129668,2,20,0.018675933,0.9818511,2,40,0.014290859,0.9310852,2,63,0.0014033029,1.0185722,2,84,0.0,0.9095871,2,104,0.0,1.0418943,2,127,0.0,1.053985,2,147,0.0,1.0686241,2,200
127,0.0039866227,0.93983775,2,20,0.012163,1.0311031,2,40,0.0006270396,0.893848,2,62,0.025819117,0.8887812,3,82,0.035108946,0.9499302,2,102,0.020035034,0.91245633,2,122,0.007901725,0.951573,2,144,0.005760715,0.936584,2,167
128,0.0061842017,0.9740304,2,20,0.009360802,0.968036,2,54
129,0.034507316,1.006571,2,30
130,0.018868214,0.9057029,2,20,0.0015068527,0.8915841,2,40,0.003378824,0.86070967,2,60,0.0,0.86507964,2,96
131,0.0060465075,0.99418306,2,25,0.010861415,0.9923546,2,45,0.0,0.99909735,2,65,0.003263696,1.049144,2,88,0.0077757994,0.98308825,2,109,0.00869029,0.99002004,2,142,0.021966187,0.9374008,2,165,0.029628566,0.88991165,2,200
132,0.026331425,0.93140316,2,20,0.0114963185,0.9154496,2,40,0.021204375,0.8891126,2,66,0.005338486,0.960132,2,86,0.020020556,0.88171613,2,126
133,0.030334543,0.94397163,2,21,0.042143926,0.73151284,2,41,0.025489567,0.8787544,2,63,0.0038215339,0.84756464,0,85,0.029829687,0.681258,2,106,0.053841483,0.5153141,2,126,0.0016293739,0.45779777,2,154,0.052409638,0.4963546,2,177,0.10132533,0.6104256,2,200
134,0.004464859,1.0150312,2,21,0.0041157077,0.99484307,2,43,0.010483303,0.89478695,2,64,0.0,0.8690718,2,84,0.0,0.9233596,2,105,0.0,0.95582855,2,125,0.0,0.9157473,2,145,0.034579728,0.90344906,2,167,0.0,0.76543325,2,200
135,0.0145129105,0.9493319,2,23,0.026992813,0.93535405,2,47,0.0026852998,0.985302,2,67,0.0071950406,1.0278953,2,97,0.011886926,1.0324408,2,118,0.015136981,0.89399654,2,138,0.06508529,0.9593482,2,158,0.0016568397,0.9511647,2,179,0.013924743,1.0261282,2,200
136,0.008379336,1.0401783,0,22,0.0087298015,1.0629576,2,43,0.0021892448,1.0058931,2,64,0.010579832,1.0084454,0,88,0.008888928,1.0792544,0,109,0.006912862,1.0562111,2,129,0.004785582,1.0164206,2,162
137,0.003506846,0.8309309,2,20,0.012001243,0.83562386,2,41,0.0,0.64148694,2,61,0.008250723,0.4550448,2,81,0.0,0.48594123,2,101,0.0,0.42271924,2,122,0.0,0.6388969,2,142,0.0,0.6949056,2,163,0.032658923,0.39495364,2,200
138,0.0042175064,1.0355026,2,20,0.0061070328,1.0836905,2,45,0.015714541,1.0022664,2,70,0.004782904,0.9210135,2,90,0.014956733,0.93347204,2,110,0.011292478,0.7338654,0,130,0.0029329364,0.6537013,2,151,0.06628261,0.7152599,2,171,0.040399846,0.7709567,2,200
139,0.008467904,0.9074316,2,20,0.03890476,0.8823019,2,40,0.04320189,0.8104478,0,60,0.011825374,0.88194674,2,80,0.042089254,0.93059826,2,100,0.0,0.8478187,2,121,0.017883737,0.9485694,2,141,0.0,0.9140232,2,161,0.014539466,0.8926347,2,200
140,0.01716141,1.0115595,2,20,0.0,1.0299104,2,41,0.011531386,1.0158513,2,63,0.006445774,1.1011963,0,84,0.0034994888,1.0589592,2,104,0.012803192,1.0021193,2,128,0.0,1.0217875,2,148,0.0,0.992321,2,172,5.1278686e-05,1.0017942,2,200
141,0.0114731565,0.9645073,2,20,0.017812118,0.92615813,2,44,0.0055132485,0.97633946,2,64,0.0376407,0.7778631,2,84,0.0024294609,0.78287244,2,114
142,0.010093867,1.0235529,2,46,0.00345392,0.96898955,2,75,0.002836047,0.9781512,2,101,0.01731103,0.98805594,2,123,0.02421488,0.9475753,2,147,0.0,0.9924408,2,169,0.0063390406,1.0565618,2,200
143,0.007184984,1.0225908,2,31,0.00740659,1.0453407,2,52,0.008386584,0.98632085,2,73,0.008116568,0.99952155,2,94,0.020134637,0.97930694,2,119,0.0052014682,0.9943353,2,139,0.015396515,0.9795221,2,164,0.0109806545,0.9541997,2,200
144,0.008582716,0.91894424,2,21,0.013176096,0.7579679,2,43,0.005844901,0.7753188,2,67,0.013041163,0.8154837,2,87,0.046180718,0.7771529,2,107,0.004532856,0.7437433,2,127,0.0,0.7372352,2,148,0.039397947,0.85816157,2,168,0.04489146,0.7677709,2,200
145,0.00226217,0.9679755,2,20,0.024740463,0.96266794,2,41,0.0034090572,0.90243167,2,63,0.043543376,0.9319646,2,83,0.012144551,0.9256833,2,103,0.047351625,0.93618655,2,125,0.030610519,0.9740222,2,149,0.04752217,0.9846698,2,170,0.04124936,0.9785398,2,200
146,0.0038929405,0.95354617,2,21,0.018034013,1.0157,2,41,0.017063286,0.9374115,2,68,0.026517311,0.9518727,2,89,0.0026825229,1.0633446,2,119,0.003618945,1.0638797,2,140,0.0,1.1313971,2,166,0.004978996,1.0418626,2,200
147,0.0017367761,1.0775099,2,21,0.010654258,1.0308994,2,62
148,0.0017016071,1.0145166,2,20,0.0,1.0629382,2,44,0.0,0.99687296,2,66
149,0.0058072186,1.0126221,2,20,0.0032655024,0.9749244,2,40,0.012351224,0.8793246,2,60,0.009439481,0.93550146,2,82,0.0029969343,1.0485237,2,104,0.0016064583,1.0124049,2,126,0.010713447,0.91447794,2,152,0.021037903,0.9630919,2,175,0.038024332,0.93836457,2,200
150,0.016626853,0.8620594,2,20,0.026852915,0.85127753,2,40,0.042917427,0.8076608,2,62,0.009719031,0.9574398,2,82,0.0038716993,0.58910197,2,102,0.00960021,0.695337,0,123,0.0060003744,0.7010949,0,143,0.0,0.6521366,2,163,0.04844715,0.7304752,2,193
151,0.011588765,1.0086801,2,26,0.006187362,0.9888611,3,46,0.022109527,0.9351982,2,66,0.0,0.93405133,2,86,0.02616832,0.7808328,2,113,0.0,0.9292935,2,133,0.00033637305,0.9049586,2,154,0.01617645,0.87836933,2,174,0.0,0.65985686,2,200
152,0.0,0.9237649,3,21,0.0,0.86896795,2,42,0.022110904,0.93651426,2,62,0.0,0.7649181,2,83,0.0004560272,0.8878176,2,105,0.007619356,0.863931,0,125,0.07533629,0.7534385,3,145,0.0,0.7232382,0,166,0.00054127676,0.62422526,0,200
153,0.0028833444,1.0089589,2,27,0.016298067,0.98419887,2,47,0.03606036,1.0252124,2,68,0.027493866,0.8939869,2,106
154,0.0,0.90832394,2,21,0.026480045,1.009258,2,42,0.003560692,0.9310355,0,62,0.0,0.99116707,2,82,0.0,0.61720735,0,102,0.0,0.99681556,2,122,0.015943915,0.9382242,2,161
155,0.0059737056,1.006851,2,23,0.0020258133,0.9832819,2,46,0.028190855,0.9432187,2,66,0.008780705,0.9883381,2,86,0.0019015953,0.9988651,2,106,0.029350638,0.96883655,2,130,0.0011811283,0.9826531,2,152,0.013496582,1.0835625,2,172,0.008721619,1.0527959,2,200
156,0.0058124783,0.9793139,2,21,0.02194887,0.9454857,2,42,0.014921146,0.92107743,2,62,0.0038424158,0.73161536,2,87,0.0,0.8427951,2,107,0.010162251,0.72804695,2,127,0.0,0.8453124,2,151,0.0,0.7755921,2,171,0.015119851,0.7573899,2,200
157,0.009730602,1.0369214,2,21,0.0087589305,1.0161089,2,41,0.012055026,0.9628537,2,61,0.013573554,0.95456636,2,83,0.015982253,1.0991513,2,108,0.001956641,1.0733905,2,128,0.0,1.0723747,2,149,0.0,1.0527177,2,180,0.011551203,1.0113249,2,200
158,0.0030048587,0.97114843,2,32
159,0.0064829085,1.0126634,2,36
160,0.0,1.0568708,2,20,0.020415919,1.0792891,2,41,0.002045135,1.0263054,2,63,0.0127855,1.0221252,2,85,0.0,1.0658762,0,107,0.00034219728,1.0231016,2,128,0.0027933535,1.0356013,2,149,0.0034285684,0.99364424,2,170,0.010848765,0.9890785,2,200
161,0.0013615007,1.0327834,2,28,0.006791271,1.0577288,2,58,0.0050653783,0.9732359,2,90
162,0.0,1.0046469,2,21,0.0048584156,1.0060341,0,41,0.006839116,1.0143511,2,66,0.0029058696,1.0564034,3,87,0.005436925,1.066628,2,109,0.006046281,0.9832549,2,130,0.021372758,1.0244745,2,163
163,0.0041387076,1.0024214,2,28,0.009572885,1.0566221,2,48,0.0028209027,1.00625,2,68,0.0067532985,1.0295978,2,88,0.0077150664,0.9668153,2,108,0.016774464,0.9934085,2,144
164,0.008629227,1.0139664,2,20,0.007148499,1.0654781,2,41
165,0.041092318,0.8816847,2,21,0.089487776,0.87036145,2,41,0.034610655,0.86820227,2,63,0.0096387025,0.6879471,2,83,0.012600012,0.5613116,2,104,0.0,0.7200705,2,124,0.08188541,0.58593994,2,144,0.042736657,0.65980446,2,164,0.050756723,0.61970246,2,200
166,0.0036134473,1.002105,2,20,0.027312001,1.0121157,2,47
167,0.00041914583,1.019002,2,25,0.0043202853,1.0315559,2,45,0.0042792736,0.96470994,2,65,0.011448405,0.982285,2,85,0.020042766,0.9932699,3,105,0.024201004,0.89712226,2,128,0.002583488,0.9899913,2,148,0.014009744,1.015516,2,200
168,0.004994589,1.0228451,2,23
169,0.005276307,1.0603653,2,23,0.0,1.0708455,2,48,0.0012615635,0.997313,2,69,0.006837101,1.076695,3,89,0.0,1.1140801,0,109,0.0,1.1614625,2,130,0.016897062,1.0775188,3,151,0.0,1.1738971,3,175,0.0,1.0923078,2,200
170,0.034525983,0.99327195,2,20,0.00079214864,1.0048937,2,40,0.0,0.9446983,0,63,0.0,1.0171422,2,83,2.4931594e-05,1.0132139,0,104,0.00426543,0.9615002,2,128,0.0010210446,0.9688268,2,160,0.0004123616,0.988931,2,180,0.008421818,1.0722606,2,200
171,0.0062462436,1.0343598,2,20,0.000967013,1.1265155,2,41,0.007921942,1.0881095,2,63,0.00467581,1.1030035,2,83,0.0,1.1190809,0,106,0.00197621,1.0915897,2,134,0.018198913,0.99654937,2,161,0.015483565,0.89263135,2,200
172,0.0017201226,1.0040498,2,21,0.0043139937,1.0520316,2,44,0.0,1.1491512,3,69,0.0,1.1865244,2,89,0.0044600195,1.123369,2,110,0.008957886,0.9534608,2,137,0.01411673,1.0393963,2,157,0.014051095,0.95016825,2,177,0.0,0.8159829,2,200
173,0.00016913936,1.035475,2,21,0.00842745,1.0348017,2,41,0.006114314,0.9802335,2,68,0.013175906,0.90340644,2,93,0.006621655,0.9120158,2,113,0.0027548883,0.84244347,2,134,0.020028615,0.8641219,2,154,0.02806721,0.88138515,2,175,0.0491039,0.9115596,2,200
174,0.004862712,0.9843117,2,23,0.0,0.9434635,2,43,0.012823383,0.99485147,2,63,0.0005002372,1.0389526,3,83,0.003538832,1.046226,3,104,0.0,0.99848276,0,125,0.0,0.9407907,2,150,0.014816676,1.0326275,2,170,0.0017887068,0.98702246,2,200
175,0.0045813285,1.0388124,2,20,0.0,1.0546459,2,44,0.001217899,1.0498306,2,71,0.0,1.0259144,2,98,0.0005751999,0.99320346,2,118,0.012026013,0.9894821,2,138,0.008569798,0.9121915,2,158,0.0025553468,0.8421319,2,179,0.015576804,0.9303439,2,200
176,0.03153784,0.9251933,2,20,0.013724402,0.87168074,2,40,0.0,0.78756684,2,60,0.021296935,0.7446053,2,81,0.009912724,0.67703784,2,101,0.0068066875,0.779373,2,122,0.0,0.6403923,3,142,0.014449312,0.5802723,2,163,0.06267959,0.7010403,2,200
177,0.008199764,1.031968,2,20,0.002346405,1.0071288,2,44,0.0064340057,1.0503917,2,69,0.014545834,0.9749769,2,91,0.0,1.0235046,2,111,0.0064227404,1.0060785,2,131,0.00092803466,1.0001988,0,151,0.0,1.0077671,0,174,0.009027725,1.0322164,2,200
178,0.006107978,0.9669282,2,21,0.009852691,0.91073716,2,41,0.0,0.8611063,2,61,0.040081717,1.0115097,2,81,0.028078951,0.95572835,2,102,0.029616997,0.88381636,3,122,0.0,0.75494313,2,142,0.062005475,0.87250435,2,163,0.014719799,0.8690998,2,200
179,0.005892398,0.9870626,0,21,0.004959035,1.057911,2,45,0.0044014147,1.0616312,2,66,0.0112974215,1.0229884,2,87,0.0,0.96956813,2,107,0.034650426,0.8825485,2,127,0.014730466,0.9293231,2,147,0.0007254335,0.87858117,3,167,0.04568253,0.8606281,2,200
180,0.010050113,1.0235978,2,20
181,0.026129046,0.9463101,2,23,0.06757611,0.8128328,2,44,0.04237399,0.7737316,2,66,0.059875418,0.91930884,0,88,0.039572127,0.8980094,2,108,0.0,0.9273262,2,129
182,0.0,1.0448674,2,24
183,0.0066152276,0.93596697,2,24,0.014521247,1.0191234,2,44,0.0055529117,1.0707638,2,66,0.011004677,1.0111946,2,88,0.0,0.93233484,2,111,0.0,0.92291987,2,132,0.0041075726,0.9386776,2,154,0.0,0.8790499,2,174,0.015246689,0.76685494,0,200
184,0.004668672,0.97523236,0,22,0.0050858594,0.9600581,0,43
185,0.0044683404,0.9316041,2,21,0.009075722,0.9752064,0,41,0.0076783285,0.9530221,2,61,0.022872683,0.89917326,2,81,0.0058143563,0.7071385,2,101,0.0011702029,0.77669924,2,121,0.04706282,0.6973499,2,144
186,0.0046661734,0.9796608,2,20,0.028224394,0.9834321,2,41,0.0,0.8055561,2,61,0.012526604,0.9033104,0,81,0.00610754,0.86921054,2,101,0.004547267,0.88624984,2,122,0.026088718,0.80922,2,143,0.007283124,0.8477357,2,164,0.03887286,0.8761047,2,200
187,0.004205281,1.0156008,2,22,0.008275072,1.0239652,3,43,0.0,1.0351117,2,80
188,0.03378475,0.9283878,2,24,0.0016082929,1.0668083,2,44,0.024119295,1.0376804,2,64,0.008297253,0.99502397,2,98,0.012341453,1.0350784,2,121,0.025556678,1.0159229,2,142,0.020801842,0.96867436,2,162,0.005951313,0.9101991,2,200
189,0.010836259,0.96738803,3,33
190,0.002209025,1.0385168,2,21,0.013322345,1.0528796,2,45,0.010794453,0.9714422,2,69,0.0009539145,1.0204036,2,89,0.00046011232,1.0905107,2,113,0.0061936844,1.0373904,0,136,0.0,1.102123,3,157,0.009075919,1.1209252,3,178,0.005347163,1.1284997,0,200
191,0.0020188887,1.0367807,2,22,0.0,1.0584233,2,42,0.0,0.9744516,2,63,0.0,1.0249476,2,88,0.0,1.0966021,2,108,0.0013726711,0.9530898,2,129,0.015397368,0.95840293,2,149,0.014728272,0.9348998,2,169,0.0,0.9090705,2,200
192,0.0063104266,1.039285,2,20,0.005055926,1.0060806,2,40,0.01831191,1.0642123,2,63,0.034404192,1.0806397,3,87,0.0,1.0918849,3,107,0.0,1.0713971,2,128,0.009697849,1.1058533,2,151,0.017012678,1.0786908,2,172,0.005789291,1.0220997,2,200
193,0.018340614,1.0131675,2,21,0.007293829,0.9415539,2,43,0.02356123,1.0157137,2,75,0.0,1.0587044,2,95,0.0013754598,1.0352694,2,115,0.0,1.052047,2,137,0.0062069683,1.0337265,2,157,0.06605545,0.8965853,2,179,0.0,0.96351016,2,200
194,0.00921136,0.98360807,2,20,0.018505631,0.93658054,2,40,0.012002526,0.8066515,2,60,0.0,0.86575204,2,80,0.0005068524,0.82716393,0,103,0.008991823,0.5101408,0,137
195,0.02423576,0.9217323,2,22,0.05404227,0.87064266,2,42,0.0173525,0.86716115,2,62,0.0,0.7776143,2,83,0.04056508,0.8245859,2,105,0.031486068,0.83375657,2,125,0.0,0.7518707,2,145,0.006261355,0.80885905,2,165,0.029011048,0.88458645,2,200
196,0.007095901,0.99041903,2,20,0.0042258273,0.96036595,2,40,0.016258257,0.9973469,2,70
197,0.031853247,1.0119042,2,21,0.0039525796,1.066312,2,42,0.0042605256,1.0730401,2,65,0.009897753,1.0447931,3,87,0.002426055,1.0249006,2,129
198,0.009725254,1.0144507,2,20,0.039258856,0.99796593,2,41,0.00036502926,1.0447215,2,61,0.0,0.9876108,2,81,0.008992961,0.9363961,2,101,0.010874589,1.0361665,2,121,0.0094982935,1.0237596,2,144,0.007448224,1.0544127,2,169,0.0026813382,0.9994711,2,200
199,0.0,0.9219007,2,22,0.009367732,0.919538,3,43,0.1310896,0.88393325,2,66,0.08502097,0.94459647,2,88,1.5464891e-05,1.013828,2,108,0.04430856,0.8341593,2,129,0.06761326,0.846611,2,149,0.085015535,0.8953291,2,169,0.05607673,0.89484966,2,200
200,0.0,1.0283018,2,22,0.008989753,1.073419,3,42,0.0,1.0260742,3,65,0.0027189304,0.99494374,2,93,0.00044306234,0.9925263,2,114,0.0033795661,1.0164442,3,137,0.0,1.0112605,2,162,0.017636023,0.9876197,2,200
201,0.042179443,0.93333936,2,21,0.012096197,1.0092007,2,49
202,0.019060785,1.0003765,2,37,0.0,0.9802801,2,58,0.008623347,0.9535138,2,86,0.0046460647,0.9488088,2,112,0.001494624,0.95121634,2,141,0.0005680411,0.8871126,2,161,0.025993437,0.9153198,2,200
203,0.0015295551,0.99645615,2,21,0.00032022674,1.0474973,2,42,0.0,0.97388107,2,66,0.021547997,0.9730922,2,91,0.022071332,0.88426054,2,111,0.0020365005,0.87352496,2,131,0.0006141004,0.7685643,2,151,0.0023645302,0.7597698,2,173,0.01566056,0.89576656,2,200
204,0.00014108482,0.92248935,2,21,0.0,0.89610755,2,41,0.0,0.8002316,2,61,0.0,0.7405964,2,81,0.0025245044,0.92833465,2,108
205,0.010665411,0.9813665,2,20,0.009371438,0.9190739,2,42,0.018413467,0.9917147,2,73
206,0.023954164,1.013154,2,20,0.0060390076,1.0596983,2,40,0.00471543,1.0347888,2,60,0.014272257,1.0556242,2,91,0.0019255907,1.0691394,2,126
207,7.4483455e-06,1.0280857,2,20,0.007812715,1.0518928,2,49,0.0,1.1514618,2,72,0.0,1.0877033,2,102,0.009532926,1.0335029,2,127,0.0,1.0620987,2,147,0.004713344,1.0869683,2,200
