0,0.00076877105,1.0171129,2,25,0.014280507,0.95166314,2,45,0.03866854,0.94344616,2,65,0.046391256,0.897274,2,86,0.02518416,0.904584,2,107,0.07286778,0.9372597,2,127,0.021859989,0.8793229,2,150,0.011418035,0.90241253,2,170,0.0,0.91924286,2,200
1,0.001352552,0.9929631,2,22
2,0.011305508,1.0082842,2,20,0.002371258,1.019478,2,42,0.016297063,1.0262157,2,66,0.0017206381,1.007598,2,102
3,0.01528124,0.9844534,2,33
4,0.004874977,1.0667894,2,20,0.0018051155,0.9975258,2,40,0.0032425362,1.0143586,2,76,0.0,1.0095553,2,98,0.00831631,1.0652665,2,119,0.008932419,0.98068696,2,144,0.0011330582,1.0834144,2,168,0.0,1.0968528,2,200
5,0.004136018,0.9966306,2,28,0.024799386,0.9555221,2,56,0.011039405,0.95189494,2,81,0.049587637,0.9891137,2,102,0.0821645,0.9223473,0,123,0.022812476,1.0193424,3,143,0.00091212,0.9936977,3,165,0.022946417,0.88806784,2,200
6,0.0006799389,1.0073366,2,21,0.0,0.98817474,2,41,0.026742965,0.9800374,2,61,0.004842732,1.0338656,2,137,0.032617986,1.0320513,2,159,0.013398707,1.0025365,2,179,0.0017659891,0.94320834,2,200
7,0.015354194,0.89614546,2,20,0.004180847,0.8954857,2,44,0.0,0.86575425,2,64,0.0,0.96682274,2,84,0.012216186,1.0870516,2,105,0.03369386,0.8007679,2,125,0.0,0.63902,0,145,0.13634373,0.4296235,2,167,0.13852534,0.42240113,2,200
8,0.0,0.9865236,2,22,0.012808001,0.82563967,2,45,0.003569036,0.82411873,2,66,0.010601119,0.8170522,0,86,0.016324237,0.8732223,2,109,0.018631274,0.7586322,0,132,0.0,0.5278734,2,154,0.0,0.57379246,2,174,0.016433097,0.42986682,0,200
9,0.001894016,0.94674623,2,20,0.008380495,0.9120837,2,45,0.013278134,0.9019415,2,65,0.020345107,0.9712902,2,89,0.013782932,1.0299447,2,110,0.008099173,1.001046,2,130,0.019221595,0.92917377,2,150,0.005640122,0.86628205,2,172,0.013479484,0.9311061,2,200
10,0.0047581117,1.0183204,0,20,0.007202998,1.0861962,2,41,0.0,1.0645946,2,61,0.0069919103,0.9463825,2,82,0.008387315,1.0060437,2,106,0.023932505,0.96310157,2,126,0.00423346,1.0037484,2,146,0.05058167,1.012158,2,166,0.00071361015,1.0258245,2,200
11,0.0014076158,1.028497,2,23,0.0,1.0054872,2,46,0.011467878,0.9243134,2,73,0.0,1.023905,2,108,0.012230436,1.0586504,2,129,0.0,0.99222094,2,152,0.0,0.9956731,2,174,0.0019165785,1.0219294,2,200
12,0.0092736315,0.95705014,2,23,0.007857228,0.9315328,2,45,0.013904509,0.911241,2,67,0.020238888,0.89134485,2,87,0.0031036239,0.7735117,0,108,0.037542358,0.8521229,2,128,0.02240265,0.90828085,2,148,0.005708495,0.85015106,2,169,0.022484656,0.82965124,2,200
13,0.004088662,1.0095301,2,24
14,0.006664796,1.0539933,2,23,0.0075344956,1.0403072,0,44,0.008231269,1.0825614,2,64,0.0028661436,1.0708517,2,85,0.0,1.055549,2,105,0.0019687307,1.034155,2,137
15,0.023333983,1.0067717,2,21,0.0,0.9723603,2,42,0.010249891,0.94653946,2,63,0.011390577,0.8836496,2,86,0.0,0.9134458,2,106,0.014274196,0.97739995,2,127,0.029386517,0.9970767,2,148,0.00073361595,0.9678981,2,168,0.0047981027,1.0408361,2,200
16,0.012315276,1.0182134,2,23
17,0.0142488405,0.9528357,2,20,0.0,1.0118746,2,40,0.027501324,1.0006034,2,60,0.0,1.0645268,0,80
18,0.0034055943,0.92846364,2,23,0.011145191,0.9443695,2,43,0.0466194,0.95128983,2,64,0.0017158028,0.89274216,2,84,0.00038700513,0.97632074,2,104,0.016560221,0.89944685,2,124,0.029699031,0.95488834,2,157
19,0.009595685,0.97543305,2,21,0.0070917318,1.0013512,2,41,0.00020844702,1.0568624,2,77,0.0064918697,1.0406879,2,99,0.007364811,1.0106716,2,119,0.010599009,0.9938001,2,145,0.014303383,0.9827466,2,165,0.0010647519,1.0330952,2,200
20,0.009834247,0.9748033,2,30,0.004483698,0.98347986,2,53,0.0,0.956713,2,74,0.026556268,0.877079,2,94,0.0,0.9830446,3,114,0.030676633,0.7378136,0,136,0.03943698,0.8587387,0,156,0.037423342,0.7825476,2,176,0.14111589,0.71690416,2,200
21,0.009151501,0.9874973,2,22,0.0,0.97141534,3,45,0.0,0.9522321,2,67,0.007040329,0.99845314,2,89,0.016183326,1.0082484,2,110,0.0,0.8926546,2,130,0.016358929,0.78624916,2,151,0.015016776,0.9004831,2,176,0.008359716,0.9552088,2,200
22,0.005222487,0.9497759,2,20,0.03897634,0.81542647,3,40,0.0,0.7446362,0,60,0.009346533,0.85351306,2,80,0.01821063,0.84325314,2,102,0.013199634,0.86646074,2,124,0.012389502,0.9844525,2,146,0.0,0.954241,2,167,0.0,1.0155901,2,200
23,0.030025046,0.9342741,2,20,0.031950865,0.95226943,2,40,0.0,0.9167886,2,61,0.0,0.9427641,2,83,0.0,0.83015245,0,106,0.0,0.922688,2,126,0.0,0.9895915,0,147,0.0,0.9901124,0,167,0.0,0.96321344,0,200
24,0.0073300726,0.95689565,2,20,0.0,0.9528589,2,40,0.0,1.0241134,2,68,0.0,0.97170955,2,88,0.034688506,0.97635,0,110,0.0044715097,0.94151634,2,131,0.0064063,0.90508586,2,151,0.021723906,0.85459405,2,171,0.0039497344,0.7760653,2,200
25,0.012044353,0.99555576,2,21,0.019890407,0.98147357,2,41,0.025965288,0.9375765,2,61,0.0059595928,0.9647163,2,81,0.004272239,0.8734901,2,102,0.0041806693,0.9292301,2,122,0.022001859,0.9354627,2,149,0.005489052,0.9489109,2,173,0.024244081,0.9709218,2,200
26,0.003732662,0.8960904,2,20,0.0075950525,0.8737548,2,40,0.032321736,0.9113861,2,62,0.014585296,0.91526663,2,82,0.02392832,0.7062248,2,102,0.0,0.6790978,2,122,0.0,0.7456747,1,142,0.009389229,0.86911315,2,162,0.016574731,0.6714162,2,187
27,0.02840582,0.92168874,2,21,0.030350905,0.87197095,2,41,0.0,0.82636154,2,62,0.021024348,0.9575998,2,82,0.0,0.8423212,3,102,0.0069969646,0.9217103,2,122,0.0,1.0080725,2,142,0.020042453,0.91874796,2,164,0.00019325974,0.8039701,0,200
28,0.008911258,1.0052483,2,21,0.0133614885,0.9383985,2,41,0.002842835,0.9668144,2,61,0.019663991,1.0095133,2,81,0.030727208,0.82871044,2,101,0.019169759,0.77007884,2,122,0.012305815,0.658452,2,142,0.028595548,0.57808435,2,162,0.01863409,0.6216455,1,200
29,0.011372508,1.0137726,2,26,0.0017082354,0.94028693,2,47,0.0034199983,1.003149,2,67,0.002828079,1.0232117,2,89,0.0150816785,0.89682496,2,109,0.017613832,0.86826193,2,129,0.0,0.8987113,2,149,0.03131274,0.9572523,2,169,0.012601908,0.9780944,2,193
30,0.00035437103,1.0719622,2,22
31,0.0137709705,0.9554688,2,20,0.0,0.86748856,0,41,0.003309571,1.0153149,2,61,0.0,0.9731631,2,81,0.04677669,0.8288601,2,101,0.0059719523,0.8190451,0,122,0.014819287,0.7497231,0,142,0.049749173,0.7733345,2,162,0.032655098,0.8024984,2,187
32,0.0038746812,1.0344669,2,20,0.0,0.96077204,2,45
33,0.013512572,0.9476174,2,20,0.011985055,0.92826515,2,42,0.0007622062,0.926791,2,62,0.022273397,0.9563398,2,85,0.022161765,0.8773829,0,105,0.020314177,0.9029339,0,125,0.01681078,0.80374354,2,146,0.0,0.76212025,2,168,0.027872778,0.7569604,2,200
34,0.0,1.001508,2,22,0.05181384,0.92095804,2,42,0.017931705,0.98868906,2,62,0.01164708,0.9453726,2,82,0.0070451163,1.0165166,2,102,0.008272202,1.0003225,2,122,0.008410398,0.9893507,2,142,0.016825281,1.0434777,3,164,0.021558518,0.9780934,2,200
35,0.0005132432,1.0383769,2,21,0.0061061056,1.0705994,3,42,0.0049617393,0.9947241,2,63,0.0,0.9831017,0,83,0.0023747894,1.0540271,2,103,0.0053192396,1.0817808,2,124,0.0048688105,1.1027764,0,144
36,0.0041162414,1.0026724,2,23,0.012962977,0.9825457,2,43,0.014479325,1.0312079,0,65,0.0027890448,1.1088815,3,85,0.0,1.025084,2,105,0.016674336,1.0576673,2,125,0.014069479,1.0049704,2,147,0.0,1.0077444,2,167,0.014851664,0.99549544,2,200
37,0.008632573,0.9503717,2,21,0.013190732,0.9299624,2,43,0.02177718,1.001706,2,63,0.005956612,1.0473801,2,100
38,0.000105308776,1.0429016,2,23,0.009905437,1.0471008,2,43,0.009973081,1.0982194,2,65,0.010321008,1.0564611,0,85,0.017596567,1.0504181,2,105,0.0048299716,1.0369259,2,128,0.0,1.0684009,2,149,0.0,1.0259122,2,176,0.0071489397,1.0245405,2,200
39,0.0,1.0740209,2,29
40,0.0,0.75404155,2,21,0.0,0.68826437,1,41,0.0,0.56748587,2,64,0.0,0.49415526,2,84,0.0,0.67636555,2,104,0.0,0.5853748,2,126,0.0015376075,0.665705,2,151
41,0.03105929,1.0001354,2,20,0.010053992,0.9327058,2,41,0.021274297,0.9451181,0,62,0.0083659645,0.87384623,2,82,0.018619098,0.95208263,2,102,0.0,0.9054711,2,137
42,0.02077413,1.0030985,2,20,0.0,1.006023,2,49,0.0,0.99436647,2,69,0.0,1.0227284,2,89,0.00077406404,1.0004054,2,109,0.0031325093,1.0419598,2,133,0.01935862,1.0318644,2,153,0.0,0.96878654,2,174,0.011341979,1.0333775,0,200
43,0.0060663847,0.9234053,2,23,0.026307782,0.7762939,2,44,0.023925077,0.8331584,2,64,0.007960133,0.8314735,2,84,0.00061716797,0.8521583,2,108,0.0,0.8587436,2,130,0.0,0.7423921,0,151,0.013644519,0.8522053,2,174,0.10726981,0.8482594,2,200
44,0.0,1.0155147,2,20,0.011331194,1.0028336,2,42,0.0073819757,0.8835328,0,62,0.0007443524,0.89653283,3,82,0.007855596,0.78390694,0,102,0.02851963,0.7260642,2,122,0.0,0.69837517,2,147,0.0,0.6177367,2,167,0.00036581227,0.8280221,2,200
45,0.00088926015,1.025466,2,20,0.0043805814,1.008991,2,41
46,0.01487972,0.96265066,2,21,0.0,1.0096933,2,41,0.008025676,0.99105513,2,61,0.007760205,0.9347114,2,84,0.0,1.0304177,2,104,0.025915224,0.8930155,2,124,0.01042554,0.9861014,2,154
47,0.0024828387,1.0628911,3,24
48,0.0,1.0403929,2,24,0.0026830249,1.0276176,3,45,0.0,0.99585843,2,66
49,0.011140678,1.0347594,2,27,0.012930074,1.0837035,2,52,0.0,1.1756847,2,72,0.004934509,1.1316229,2,96,0.001333035,1.0907934,2,128
50,0.01782901,1.000142,2,22,0.010449462,0.8779324,2,47,0.00336899,0.9591974,2,77,0.020122107,0.8740494,2,98,0.0,0.8130578,2,118,0.014864707,0.75382227,2,153
51,0.008474674,1.0037963,2,32,0.0019822891,1.0403503,0,56,0.015099061,1.0432165,2,79,0.008811504,1.0813277,2,99,0.0,1.0853014,2,119,0.0,1.0851371,2,139,0.0003297153,1.0877752,2,159,0.0,1.041081,2,179,0.0,1.073538,2,200
52,0.0025265082,0.99627733,2,20,0.010637311,0.9708052,2,41,0.0094508985,0.96019435,2,63,0.0008153662,0.9919683,2,83,0.02214874,0.9539176,2,103,0.0014305019,0.99942523,2,126,0.010521086,0.9637052,2,146,0.05855411,0.97136396,2,168,0.0135538345,1.0372331,2,200
53,0.0024236336,1.0119827,2,20,0.03267466,1.0044047,2,40,0.0045593753,0.99111736,2,60,0.034756783,0.92512035,2,88,0.018286007,0.92751247,2,108,0.026203154,0.9335086,2,132,0.044927232,0.9091652,2,163,0.014652475,0.91901946,2,200
54,0.010779247,0.96445084,2,20,0.0004093173,0.97921866,2,40,0.001782137,1.0150343,2,72
55,0.0049477844,1.0090301,2,20,0.0055345567,0.99007666,2,48
56,0.016138513,0.9811107,2,20,0.021191379,0.9526793,2,40,0.029159594,0.9404815,2,60,0.028834993,0.9724257,2,82,0.01177537,0.97098017,2,102,0.023147484,0.9182814,0,122,0.008446738,0.946279,2,144,0.0,0.9598627,2,164,0.01430586,0.8680703,2,200
57,0.004367319,0.97199297,2,34
58,0.014353333,1.0072657,2,20,0.0031253907,1.0653301,2,40,0.008623916,0.98794883,2,61,0.0037195557,0.99727714,2,81,0.0,1.0160527,2,106,0.014579813,0.89942855,2,126,0.024122177,0.86561465,2,151,0.0044445405,0.9126864,2,172,0.004089759,0.93791044,3,200
59,0.0,0.9993302,2,20,0.0040997704,1.0040443,2,40,0.01930764,1.027455,2,60,0.012921828,0.9694061,2,80,0.018780328,0.99624914,2,102,0.0004038092,1.0203725,2,132,0.013018075,1.063711,2,156,0.005572459,1.0232072,2,180,0.015120873,1.0383557,2,200
60,0.005117475,1.0048804,2,35,0.0,0.9497676,2,55,0.006071088,0.97198975,2,87,0.0067461827,1.0209824,2,107,0.021431446,0.9155532,2,130,5.967785e-05,0.89907056,2,150,0.0,0.99818516,2,174,0.014044437,0.95752203,2,199
61,0.0016862021,1.0514523,2,20,0.0068190354,0.939235,2,42,0.015561392,0.9330949,2,63,0.02965312,0.8702798,2,83,0.0050441604,0.8592484,2,105,0.008178061,0.8469273,2,126,0.012507088,0.9750346,2,171,0.00046139187,1.0654548,2,200
62,0.0,0.8702307,2,20,0.0,0.63879347,2,41,0.0017274547,0.7375696,2,61,0.0,0.6442215,2,81,0.0,0.80848664,2,101,0.0,0.54533255,1,122,0.008103764,0.22239569,1,142,0.0,0.36229768,0,162,0.0,0.56786567,1,200
63,0.0070389314,0.94750595,2,20,0.010425315,0.95799863,0,40,0.024998961,0.8938959,2,60,0.0075631277,0.930681,2,82,0.03379158,0.9020871,0,102,0.06536007,0.88015246,2,123,0.010759084,0.91891235,2,175
64,0.00050561223,1.0298324,2,20,0.017879354,1.0206449,0,40,0.010692208,0.90771705,2,61,0.0,0.80985135,0,81,0.015059812,1.0196314,2,102,0.01350428,0.91397965,2,123,0.022924725,0.8841774,2,143,0.0,0.79264295,2,163,0.03334615,0.80610067,0,200
65,0.0022153347,0.99961853,2,20,0.029799188,0.92831796,2,43,0.007750768,0.9276724,2,63,0.012807807,0.91644394,2,83,0.020383168,0.8850175,2,103,0.03278462,0.8845981,2,123,0.04630355,0.6918504,2,146
66,0.0070111966,1.0172796,2,21,0.00060453656,0.92632365,2,42
67,0.0,0.9660272,2,21,0.027689967,0.91370386,2,56
68,0.0019339236,0.9910606,2,20,0.008661756,0.9843379,2,40,0.009495905,1.0022619,2,60,0.008595365,1.0141338,2,85,0.0045544044,0.9342868,2,105,0.025870254,0.91412514,2,126,0.0,1.0012476,2,148,0.0037358466,1.0445265,2,176,0.0,1.0067896,2,200
69,0.016606253,0.9242865,2,20,0.012699777,1.012358,2,41,0.048274573,0.928625,2,61,0.016958319,1.0005686,2,81,0.025137205,0.9004777,2,101,0.0,0.9039985,2,121,0.01802494,0.9062681,2,145,0.0021470226,0.9894038,2,173,0.0014041804,1.0568529,2,200
70,0.022603225,0.9218438,2,20,0.010102599,0.79291445,2,40,0.018291777,0.997875,2,66,0.0027562578,1.0711985,2,90,0.0,0.78070706,2,114,0.028624678,0.7240852,2,134,0.048392553,0.8296617,2,154,0.018865729,0.8348465,2,179,0.03609188,0.906594,2,200
71,0.016810322,1.0288603,2,20,0.0,0.9828714,2,42
72,0.00149494,0.9671299,2,20,0.011632665,1.0011375,0,40,0.0,0.98934364,2,61
73,0.017304793,0.9916582,2,32
74,0.01404545,0.8635136,2,20,0.0,0.9818209,2,40,0.011298831,0.9206778,0,60,0.011451383,1.0300434,2,81,0.0,0.9172074,0,102,0.0,0.89333737,2,122,0.0,0.819711,0,146,0.0,0.94617665,0,166,0.0018119123,0.91908765,0,200
75,0.020888086,0.98603857,2,20,0.017436657,0.9797303,2,41,0.014487316,0.934715,2,61,0.0027425191,1.0270308,2,84,0.0,1.0382135,2,105,0.0,0.977639,2,128,0.0,0.93667746,2,148,0.022210214,1.0135422,2,168,0.0026150967,0.99297345,2,200
76,0.009321753,0.96165186,2,21,0.0,0.8067773,2,41,0.0,0.8132881,2,61,0.0022216486,0.88362205,2,81,0.0,0.7482564,2,101,0.008508687,0.8416473,2,141
77,0.018867403,0.8774435,2,20,0.020108066,0.9052385,2,58
78,0.00011028066,1.0230346,2,21,0.0037488958,0.96802354,2,43,0.048811756,0.8981077,2,66,0.003253783,0.9377744,2,88,0.00017864164,0.9533568,2,110,0.0487539,0.94779146,2,136,0.012750549,0.88385236,2,157,0.003699427,0.8665839,0,179,0.012789086,0.880982,2,200
79,0.0009542958,0.9503398,2,21,0.0,0.93199,0,41,0.0,0.883335,3,61,0.031326775,1.0604266,0,81,0.003103774,0.8937993,3,105,0.0,1.045254,3,125,0.0,0.9129753,2,149,0.00631724,0.8512945,3,169,0.004052737,0.8791366,3,200
80,0.0014324338,1.026809,2,24,0.0015186804,0.9876049,2,44,0.010304493,1.0061573,2,65,0.016954627,0.92681503,2,86,0.002868089,0.9055126,2,113,0.0022847631,0.77217346,2,138,0.0067229993,0.779465,2,159,0.020314287,0.8677777,2,179,0.08599461,0.86376584,2,200
81,0.0106271235,0.98571646,2,22
82,0.001671714,0.9585099,2,20,0.04567945,0.81309015,2,40,0.080585696,0.80951947,0,60,0.020118766,0.9071929,2,80,0.019503575,0.9438476,2,102,0.025637826,0.9453668,2,123,0.0,0.981456,0,145,0.022768302,0.84318465,2,165,0.055314958,0.80830544,2,200
83,0.009370821,0.993573,2,20,0.0,0.9504058,2,40,0.007823761,1.005371,2,62,5.2354688e-05,0.9566803,2,86,0.012290235,0.90323925,2,106,0.0,0.87360847,2,127,0.01019901,0.8169617,2,149,0.033863664,0.8787653,2,173,0.05389931,1.0478742,3,200
84,0.0,1.0703799,2,21
85,0.009492384,0.9742466,2,20,0.01666542,0.9303212,2,40,0.026506644,0.88623124,2,60,0.021048173,0.97337466,2,81,0.0019237541,1.0764537,2,102,0.0058748065,1.0761845,2,127,0.009367814,0.9828775,2,150,0.025228824,1.0137777,2,170,0.019992216,0.96305734,2,200
86,0.0,1.0602287,2,20,0.020962775,1.041892,2,42,0.038918193,0.9177276,2,63,0.01926227,0.89023286,0,83,0.049113348,1.0672357,0,103,0.115076184,0.94347346,2,123,0.035931326,0.90871066,2,146,0.034955006,0.93032545,2,168,0.04494573,0.9533957,2,200
87,0.0114484,0.9559085,2,40
88,0.0070317737,1.011919,2,33
89,0.0008082708,1.0124317,2,28
90,0.022921594,0.95406467,2,20,0.010267744,0.731694,2,42,0.007385428,0.6895052,2,62,0.0013079261,0.67980283,2,86,0.0,0.6413692,1,107,0.0,0.49405017,2,127,0.0,0.5367978,1,147,0.002855168,0.5304934,1,167,0.00913441,0.52290046,1,200
91,0.015801035,0.93903184,2,32,0.027948523,0.86856496,2,52,0.014325366,0.92933685,2,78,0.039976187,0.84929264,2,98,0.06344131,0.94361925,2,121,0.11623491,0.5298796,3,141,0.0,0.58304006,2,161,0.004412732,0.38790905,2,200
92,0.008306407,1.0241382,2,20,0.0018878219,1.10979,2,41,0.0040160753,1.0436971,2,62,0.0022494479,1.0177757,2,82,0.008657711,0.9628006,2,102,0.014534519,0.96733737,2,127,0.037074957,0.9067851,2,148,0.013095827,0.9572993,2,173,0.06739445,0.94716173,2,200
93,0.0077533824,1.0097119,2,20,0.00507356,1.0738091,0,40,0.0,1.1486957,0,61,0.0,1.143908,3,81,0.0028738393,1.1297214,3,101,0.0,1.2036976,3,125,0.0,1.1418098,3,145,0.0048986487,1.1124525,2,166,0.0049933116,1.0220128,3,200
94,0.0031986241,1.0294119,2,21,0.011564186,1.0837938,2,41,0.0035055883,1.0001857,2,61,0.009364646,0.9745649,2,81,0.021797739,1.0065618,2,103,0.0051553627,1.0726334,2,133,0.0031917982,1.0760273,2,158,0.0029341157,1.0382181,2,200
95,0.00093780016,1.0205659,2,25,0.0022009364,0.97225344,2,45,0.12125349,0.9206293,2,66,0.09008671,0.9795165,3,86,0.010448785,1.0587925,2,106,0.026025265,1.0197313,3,126,0.017260943,0.9619142,2,147,0.02830142,0.9392361,2,170,0.02721845,0.8214825,2,200
96,0.0,1.0061742,2,30
97,0.0047904835,1.0456359,2,23,0.041249752,0.8859622,3,43,0.0015773845,0.91762185,2,75
98,0.011154466,0.84147483,2,21,0.011282189,0.8021691,2,42,0.02882363,0.8775453,2,66,0.03882449,0.70182943,0,86,0.033525653,0.61116517,0,106,0.023249583,0.5500131,0,139
99,0.004561073,0.98170507,2,20,0.007511818,0.9827775,2,43,0.0,0.89352036,2,63,0.0141070215,0.7856895,2,83,0.0009691493,0.82862693,2,103,0.0,0.86536586,2,129,0.0,0.72155285,2,149,0.022864273,0.7301791,2,169,0.0044071595,0.8658522,2,200
100,0.00527046,0.9489467,2,22,0.0075650616,0.9664222,2,42,0.0145489555,0.9247214,2,70
101,0.0068748407,1.0155042,2,20,0.0045180963,0.9395653,2,69,0.0018805054,0.92816657,2,89,0.011363147,0.9463415,2,109,0.012789093,0.8587979,2,129,0.002652114,0.9067637,2,149,0.018131357,0.9426133,2,169,0.04350517,0.9158846,2,200
102,0.0071693244,1.0318785,2,23,0.031129874,0.96562475,2,45,0.016027965,0.98022616,2,65,0.007903786,0.99894583,2,85,0.00414833,1.0559164,2,106,0.009006512,0.95780796,2,132,0.037747324,0.97766525,2,153,0.0,0.93692034,2,174,0.0,0.88074213,2,200
103,0.013296496,0.8217165,2,21,0.08061967,0.7837993,0,41,0.011758146,0.7890477,2,69,0.0062442194,0.60462373,0,99,0.014377439,0.36512724,2,120,0.073065236,0.4289658,2,143,0.26483035,0.5445053,2,172
104,0.025653396,0.978909,2,20,0.011489834,0.93442726,3,40,0.016467325,0.9232893,2,64,0.00756211,0.89534736,2,86,0.08790175,0.9789759,2,109,0.0027707845,0.97873,2,129,0.06096883,0.9042456,2,160
105,0.0023050474,1.0646724,2,39
106,0.0020512552,0.9556247,2,20,0.013713742,0.9612738,2,40,0.022103589,0.8901116,0,61,0.004992615,0.96886945,2,83,0.0,0.94209605,2,103,0.011069119,0.9856167,2,125,0.015088754,1.0223236,2,145,0.0,1.0695108,2,168,0.0013258569,1.0863839,0,200
107,0.023154173,0.94090587,2,27,0.0016086644,0.9678418,2,48,0.007512015,0.91160595,2,87
108,0.007927198,0.8394959,2,24,0.0049223006,0.70021516,2,44,0.03628221,0.6412612,2,65,0.04094793,0.8666712,2,98
109,0.0019299103,0.8848057,2,20,0.0042218277,0.9851461,2,41,0.0062475526,1.071993,2,65,0.022135325,0.95727,2,85,0.026416028,0.9712817,3,109,0.01982602,1.0043448,2,137,0.0,1.0550673,3,157,0.008661257,0.9469984,0,177,0.036750067,0.8546869,2,200
110,0.015024041,1.0045036,2,20,0.002960633,0.95676714,2,55
111,0.010365537,0.9420972,2,28
112,0.009340565,0.98785555,2,20,0.0070356946,0.8992435,2,41,0.0,0.80052984,2,61,0.0038036595,0.8797474,2,83,0.0,0.8681506,2,103,0.035973858,0.8462857,2,123,0.002499627,0.90285087,2,146,0.0,0.8112499,2,166,0.07467676,0.62284327,2,200
113,0.003992235,0.945083,2,20,0.004437325,0.90305555,2,40,0.009266223,0.91913617,2,61,0.0137305595,0.72684205,2,84,0.0,0.6003416,0,104,0.008475719,0.7678583,2,124,0.0005857383,0.80427027,2,144,0.040661335,0.8355692,2,165,0.0,0.6635136,2,200
114,0.0028204825,1.0694803,2,35
115,0.0004248698,0.98961776,2,21,0.033555813,0.92052156,2,48
116,0.0018602156,0.8848922,2,22,0.06591056,0.89453155,2,42,0.022726357,0.89383996,2,62,0.047315206,0.80954003,0,84,0.060664773,0.6638135,2,104,0.02990327,0.77878743,2,128,0.022087518,0.79147387,2,148,0.046847343,0.7368559,2,168,0.076164685,0.61476743,0,200
117,0.010821207,0.9918473,2,22,0.0031917244,1.0477289,2,42,0.008881416,0.98945844,2,63,0.0,0.9369919,2,83,0.0,1.0497721,2,107,0.0,0.9103543,2,127,0.0,0.9933262,2,148,0.0,1.0680876,2,168,0.0028695655,0.7949872,0,200
118,0.009584909,0.96157175,2,22,0.015055773,0.96295464,2,42,0.029764395,0.9982244,2,62,0.0013010768,1.00348,2,82,0.020077785,0.9273044,2,102,0.0046583633,1.0376844,2,123,0.0,0.9838304,2,144,0.0,1.003495,2,172,0.0018818413,0.9022247,2,200
119,0.0032419555,1.0404383,2,20,0.008227545,0.98965573,2,47,0.008663214,0.96293914,2,76,0.01736717,0.95587,2,97,0.0029088478,0.99233484,2,118,0.009077721,1.0079238,2,138,0.005089395,1.040043,2,160,0.003468927,1.0078487,2,180,0.0014245354,1.0316732,2,200
120,0.007397185,0.8945558,2,23,0.008244924,0.7813836,0,43,0.03373068,0.92343616,2,63,0.0,0.816282,2,83,0.0,0.69810736,2,103,0.00033955066,0.76029885,2,126,0.032444958,0.853747,2,146,0.036450025,1.0007013,2,171
121,0.019620618,1.0177747,2,20,0.008296105,1.0216087,2,51
122,0.009430285,0.979881,2,20,0.0037796765,0.9986064,2,43,0.033226203,0.89990675,0,63,0.00330708,0.9628752,2,83,0.015458359,0.92124265,2,129
123,0.023535362,0.9394806,2,20,0.020455454,0.9111781,0,40,0.0013438385,0.7833084,2,72
124,0.0470631,0.9240872,2,20,0.0009797353,0.9792722,2,57
125,0.0039442396,1.0179822,2,20,0.006418322,0.95579803,2,40,0.0013257661,0.9939575,2,64,0.009686665,0.99048024,2,86,0.0043836283,1.032699,2,114,0.0046546888,1.1296617,2,136,0.0,1.0475385,2,156,0.012412847,1.011405,2,176,0.0038472526,0.98523444,2,200
126,0.015197137,1.0236404,2,23,0.0151893115,1.0341922,2,47,0.0004889949,1.0060341,2,79,0.0035590713,1.016068,2,108,0.016970595,0.91814494,2,132,0.012370473,0.982323,2,153,0.014347,0.9490162,2,174,0.0,0.966573,2,200
127,0.0029032603,0.997139,2,20,0.0016397906,0.97432595,2,40,0.024928823,0.9273681,2,65,0.00609236,0.8844287,0,86,0.031347424,0.979833,2,106,0.04443346,0.85321367,2,126,0.012957364,0.9265101,2,148,0.010768781,0.9178821,2,169,0.0068405704,0.98109293,2,200
128,0.031156097,0.9616339,2,23,0.0,1.012641,2,44,0.003466586,1.0278891,2,66,0.0063485946,1.0130367,2,101
129,0.0099534225,1.0150858,2,33
130,0.0059984284,0.93211156,2,21,0.004367073,0.9224168,2,41,0.0076702186,0.89087564,2,61,0.0061175763,0.85990286,2,93
131,0.02088891,0.9567462,2,20,0.008641191,0.9374088,2,43,0.034915153,0.9174755,2,63,0.013428805,0.8142722,2,94
132,0.0008192457,1.0141355,2,20,0.020989656,0.9673896,2,41,0.023720758,0.99499947,2,63,0.0,1.0108467,2,86,0.0,0.899138,2,106,0.0057110908,0.92159903,2,128,0.00056710315,0.9991172,2,148,0.01746485,1.011804,2,168,0.0045084828,1.0441458,2,200
133,0.013413022,0.95867664,2,20,0.026662175,0.8737853,2,40,0.057831265,0.6817136,0,61,0.0,0.944225,0,81,0.024980698,0.8601093,2,101,0.0,0.6534555,0,122,0.0060558305,0.7364618,0,142,0.0,0.83966416,0,162,0.011285606,0.82283354,2,200
134,0.013943897,0.9842308,2,22,0.01570162,0.9739232,2,42,0.0,0.88019973,3,63,0.015445521,0.9991829,3,83,0.015528376,1.0230436,2,103,0.017830953,0.84847623,2,123,0.0015244831,0.891916,2,143,0.0,0.9184047,2,163,0.015661286,0.7199118,2,200
135,0.0,1.0553896,2,20,0.025043886,1.0254487,2,40,0.0012470252,0.996242,2,61,0.0019828724,0.97118205,2,83,0.001498785,1.0198374,2,108,0.0013978472,1.0188336,2,141
136,0.026783383,0.9122298,2,22,0.025816444,0.76875764,3,42,0.0072810873,0.8648888,2,62,0.029149264,0.867674,2,82,0.012603437,0.83778715,2,102,0.023949089,0.6196337,1,122
137,0.0012365996,0.87626684,2,20,0.016195633,0.95156986,2,40,0.035416987,0.8808336,2,72
138,0.018378122,1.0241234,2,25,0.026023809,1.0171629,2,46,0.058713138,0.8902664,2,66,0.0094918115,0.88345766,2,86,0.015132148,0.9267321,2,107,0.008887564,0.7479984,2,131,0.01783987,0.69375944,2,152,0.008310957,0.6770754,0,172,0.0044126017,0.6732336,0,200
139,0.0028991215,1.0014298,2,20,0.017666716,1.0291255,2,40,0.008913484,1.0672174,2,60,0.003041907,1.0084965,2,86,0.0,1.0027038,2,113,0.0057061394,1.0114967,2,150,0.0,1.1091044,2,171,0.0,1.0390482,2,200
140,0.0,1.0013673,2,20,0.017082145,0.92394006,2,40,0.0009701359,0.9495444,2,60,0.00038412213,0.91975385,2,80,0.012519333,0.9270485,2,102,0.007756648,0.9715762,3,122,0.012990702,0.96352744,2,157
141,0.002857023,1.016668,2,20,0.0,1.0981604,2,41,0.0,1.079571,2,61,0.0022240991,1.0166138,2,91,0.0,1.0539662,2,111,0.0,0.86624336,0,131,0.00013404526,0.83376837,2,151,0.026285116,0.7867919,2,171,0.034095168,0.78426015,2,200
142,0.020437323,0.95018685,2,20,0.018329663,0.9376901,2,44,0.02602224,0.9862174,2,65,0.0,0.9958094,2,85,0.010053907,0.9747432,2,106,0.012368791,1.0399612,2,126,0.02606911,1.0029567,0,146,0.0036522935,0.9897681,2,168
143,0.007568228,0.9844533,2,20,0.0067110783,0.96939033,2,45
144,0.0,1.0729829,3,21,0.0032449805,1.0031598,2,44,0.00070709916,1.0255718,2,66,0.0,0.93956167,2,86,0.04259393,0.9118564,0,107,0.03842505,0.90917623,2,127,0.031524528,0.8279892,2,148,0.008197661,0.9208506,2,183
145,0.015324081,1.0343273,2,20,0.026903516,1.0182745,2,40,0.013209468,1.0311873,2,60,0.010328081,1.0339664,2,85,0.018547425,1.0075972,2,105,0.010208781,1.0514965,2,125,0.016645765,1.07258,2,150,0.02028824,1.0096544,2,175,0.0148527585,0.9807671,2,200
146,0.007965915,1.0107173,2,23,0.013190072,1.0098424,2,45,0.033187546,1.0054809,2,65,0.00030207148,0.9730878,2,88,0.0113088675,0.98025006,2,114,0.0,0.9349882,2,136,0.0061312905,1.0325755,2,156,0.003534949,0.9356762,2,178,0.010400508,0.9511534,2,200
147,0.0,1.0544854,2,20,0.0028178473,0.9996052,2,40,0.0,0.99888784,2,60,0.0058485894,0.9926876,2,80,0.022065818,1.0469662,2,100,0.0028085823,1.0233877,2,121,0.0,1.0821638,2,146,0.0,1.016052,2,166,0.0058838534,1.0210265,2,200
148,0.0025334575,0.9623146,2,20,0.0019203258,0.90681094,2,41,0.023265583,0.91565704,2,61,0.033636697,0.8945058,2,81,0.046009768,0.92809206,2,103,0.0114658605,0.99887574,2,124,0.008276348,0.80966234,2,147,0.028266016,0.90205747,2,168,0.028768342,0.8778734,2,200
149,0.0064669163,0.9277319,2,20,0.0129501615,0.9365515,2,48,0.0028664828,1.0379978,2,68,0.0,1.1030661,0,88,0.0011935121,1.0895855,2,108,0.0,1.0767927,2,128,0.0016210888,1.1129065,0,149,0.0,1.177966,0,171,0.013428719,1.081255,2,200
150,0.0094317235,0.962535,2,36
151,0.034527145,0.9369933,2,29
152,0.017784134,0.86038,2,21,0.10604842,0.55092275,2,44,0.04136074,0.41406792,0,64,0.026361112,0.46266508,2,84,0.015780974,0.6487444,2,104,0.037209313,0.59906644,2,124,0.009562744,0.81149197,0,144,0.0,0.6388401,0,164,0.004276587,0.5583856,0,200
153,0.011555093,1.0209638,2,21
154,0.017387731,0.9175621,2,33
155,0.024959367,0.91129124,2,20,0.026578384,0.90793014,2,42
156,0.009601494,0.8955784,3,20,0.018908968,0.95507985,2,45,0.012748879,0.9490084,2,72,0.0,0.9999078,2,95,0.0034358245,0.92307675,2,130
157,0.008386979,0.9658161,2,24,0.024581434,0.9803355,2,47,0.0046037408,0.877058,2,70,0.0,0.93607175,2,90,0.0030344871,0.90702343,3,110,0.032195162,0.9002401,2,130,0.007373064,0.8678308,2,156,0.01659964,0.94736403,2,176,0.01666492,0.94055253,2,200
158,0.0034091715,1.0348028,2,24,0.0050747157,1.0015162,2,48,0.00020979912,1.0060761,2,71,0.018740833,0.9624011,2,91,0.0,1.0103488,2,117,0.009202581,1.0267962,2,139,0.0051065455,0.9505302,2,160,0.02602155,0.9559868,2,200
159,0.0067503457,1.0411443,2,23,0.0060506896,0.9679378,2,43,0.0005587509,0.94884247,2,64,0.017348431,0.97455454,2,134,0.0015111367,0.9203755,2,155,0.007775463,0.8666755,2,175,0.034273162,0.68774396,2,200
160,0.010199787,1.005296,2,40,0.017585803,1.0722659,2,68,0.0,1.0826744,0,90,0.0,1.0939472,2,110,0.0049269223,1.0913378,2,131,0.0,1.0825465,2,151,0.008393172,1.0155222,2,185
161,0.013039554,0.94469804,2,20,0.00298314,0.94271153,2,41,0.014440502,0.97730196,2,61,0.009845878,0.95282155,2,82,0.008244266,0.9850722,2,105,0.015571582,0.9789648,2,125,0.006770243,1.0384119,2,145,0.0,1.0275097,2,165,0.0049663167,1.0179254,2,200
162,0.020260453,0.91323614,2,20,0.02256208,0.92795616,2,42,0.042422395,0.9254667,2,62,0.005596214,0.9732267,2,82,0.0,0.9134842,2,102,0.06480441,0.7745789,2,123,0.04444489,0.8021367,2,143,0.045287315,0.8595231,2,163,0.07471211,0.7201683,2,200
163,0.002031953,0.90795606,2,23,0.0,0.8528978,2,44,0.016214078,0.96404094,2,79
164,0.006374555,0.9510595,2,35
165,0.0,0.9757898,2,24,0.0,1.061324,2,46,0.0021292842,1.1012539,0,77
166,0.0,1.0583323,2,21
167,0.0122380275,1.0270423,2,21,0.0015583002,1.0413697,2,41,0.0,1.1092126,2,62,0.0036216134,0.9836486,2,86,0.017663471,0.9090771,2,108,0.023714188,0.95889044,2,136,0.018232783,1.0275754,2,157,0.030327532,0.88236725,2,178,0.015891735,0.9247042,2,200
168,0.0062434347,0.97623825,2,20,0.030864254,0.8971874,2,40,0.024822092,0.9319515,2,60,0.026689243,0.7533777,2,80,0.0,0.7548684,2,100,0.024066713,0.53779876,2,121,0.0,0.61278045,2,142,0.021446472,0.5212757,2,163,0.003467524,0.716915,2,200
169,0.028976614,1.042489,2,20,0.01164099,0.9853512,2,40,0.006519492,0.8524965,2,62,0.005353857,0.7760776,2,82,0.04200216,0.85513765,2,105,0.000529437,0.9263859,2,125,0.020277329,0.86759776,2,147,0.0135798585,0.8685645,2,167,0.008106222,0.9650473,2,200
170,0.0034670422,1.0279132,2,26
171,0.013124952,0.9315815,2,22
172,0.008936536,0.99443585,2,36,0.0,1.0085607,2,59,0.00412938,1.0420953,2,98
173,0.001638049,1.0470337,2,20,0.006663008,0.9977663,2,40,0.0,1.024736,2,61,0.019073348,0.98370945,2,81,0.0075234175,1.0125141,0,101,0.0,1.0580846,0,122,0.0050110966,1.0207851,0,142,0.01632326,1.0518159,2,183
174,0.03157746,0.92779136,2,22,0.0064782603,0.86005425,2,44,0.040868882,0.8404856,2,64,0.0,0.9186786,0,85,0.0,0.7328721,2,105,0.005074247,0.6544165,0,125,0.037762802,0.5028941,0,146,0.03203825,0.4315983,0,167,0.043146063,0.19135718,1,200
175,0.009998207,0.9289188,2,23,0.020102521,0.73685884,2,43,0.01459533,0.7030106,2,63,0.0,0.56264544,1,83,0.0,0.518225,2,103,0.0,0.5224549,2,123,0.0,0.62231606,1,144,0.0,0.5051855,1,164,0.003418427,0.63646954,2,196
176,0.001097643,1.0084189,2,20,0.009794385,0.9454458,2,43,0.004396549,0.90810806,2,68,0.017765429,0.8608979,2,88,0.001256624,0.88461584,0,109,0.02663959,0.7872702,2,129,0.011844117,0.79024583,0,149,0.011466154,0.724095,0,169,0.0,0.6162044,0,200
177,0.0011295665,0.9514637,2,20,0.078236975,0.8583748,2,40,0.010752386,0.89602154,2,60,0.014154274,0.8904566,2,82,0.016624704,0.73066694,2,105,0.014391072,0.9967853,2,126,0.01056279,0.8950084,2,147,0.02733947,0.9826382,2,169,0.035191864,0.9696229,2,200
178,0.012699075,1.0678415,2,20,0.0,1.0483416,2,43,0.0,0.9962314,2,64,0.0,0.97135687,2,96,0.0,1.0742054,2,116,0.0031058192,1.0144092,2,149
179,0.017139498,0.99478847,2,28
180,0.016089322,0.9499758,2,21,0.05037941,0.9115893,2,51
181,0.025959313,0.88669026,2,20,0.030283649,0.86258,2,40,0.00420899,0.85355544,2,62,0.019748148,0.7834688,2,84,0.013525543,0.89740956,2,104,0.007992231,0.75167304,2,124,0.04069067,0.94233227,2,144,0.0046569244,0.93112975,3,164,0.036648333,0.925071,2,196
182,0.00029906826,1.0188372,2,21
183,0.00069103553,1.0349302,2,23
184,0.0055541717,0.9931966,2,20,0.019548103,0.88630897,2,41,0.040237747,0.91409117,2,63,0.007932205,0.9900442,3,85,0.012649133,1.0312011,2,107,0.013935916,0.98844415,2,127,0.0,1.047106,3,147,0.04593268,0.8915166,0,168,0.015232669,0.9013103,2,200
185,0.00014689006,0.929698,2,20,0.030686846,0.8662949,2,47,0.0,0.7021881,2,70,0.003764579,0.50086987,2,91,0.0,0.6749476,2,111,0.021638043,0.53914994,2,131,0.00035531167,0.4676965,2,153,0.0,0.7218915,2,174,0.0,0.53975767,1,200
186,0.0072419047,0.9655672,2,41
187,0.019914841,0.9101623,2,32,0.016512327,0.7854839,2,55,0.005633271,0.8311439,2,78,0.0,0.6596545,2,100,0.048749257,0.70985687,2,120,0.0,0.5646326,1,140,0.0,0.66963756,1,160,0.0,0.5790057,1,180,0.016709205,0.7600581,2,200
188,0.00999768,0.96102095,2,21,0.022627814,0.9771007,2,41,0.00819599,0.8937768,2,61,0.006990213,0.8421609,2,81,0.011664269,0.7322596,2,101,0.01137709,0.7741067,2,122,0.0,0.3525552,0,143,0.0,0.7085927,2,163,0.0,0.6140307,1,200
189,0.010705126,1.0329989,2,22,0.012299955,1.018611,2,42,0.0,0.9803139,2,62,0.0047717434,1.0092787,2,84,0.009435861,0.99312377,2,111,0.0,1.0448374,2,133,0.008401396,0.9776058,3,154
190,0.009549275,0.96073866,2,23,0.0017341856,0.919051,2,43,0.0042963163,0.82145417,2,66,0.019775428,0.96518415,2,91,0.0,0.97581047,2,113,0.018311149,0.99138755,2,136,0.0020154733,1.0386548,2,158,0.0018022262,0.9943949,0,178,0.002527158,1.0914665,0,200
191,0.022962147,0.95826566,2,20,0.004117642,1.0505135,2,41,0.0019826554,1.0518754,2,61,0.0,1.0068856,2,83,0.0,1.0430291,2,103,0.0055729738,1.0399143,2,123,0.0,1.0813677,2,151,0.0,0.9720777,2,171,0.0038532687,0.9777843,2,200
192,0.013272127,0.9680375,2,20,0.017955398,0.98343974,2,40,0.025553579,0.8697814,2,60,0.016225934,0.9148758,2,80,0.034598935,0.9588893,0,100,0.023437178,0.8857403,2,120,0.04504145,0.89188856,2,159
193,0.0,1.0568798,2,22,0.0,1.0960275,2,43,0.012508355,1.0993049,2,64,0.01241148,1.052866,2,99,0.0076550283,1.0411887,3,126
194,0.002241635,1.0500549,2,20,0.0,1.023763,2,40,0.0007815047,1.0288029,2,61,0.009515061,0.9690024,2,82,0.0037079765,1.0271673,2,103,0.0018472464,0.9489063,0,123,0.001894683,0.98417914,2,145,0.0,1.1044767,2,165,0.0047210786,1.0869389,2,200
195,0.007438412,1.0108613,2,21,0.0057392865,0.92357576,2,41,0.014371971,0.82559144,2,61,0.0,0.87825525,2,81,0.002409032,0.9541295,2,104,0.0,0.8331007,2,124,0.0,0.6882598,0,145,0.02575456,0.8209699,2,166,0.0044466206,0.634817,2,200
196,0.0047995066,0.8743558,0,20,0.007244619,0.7980153,2,40,0.0,0.79542196,2,61,0.0,0.88003904,2,81,0.0,0.70006937,2,102,0.0,0.83211803,2,122,0.03600851,0.64482033,2,142,0.033794023,0.8504146,2,167,0.013477993,0.9033531,2,200
197,0.014096317,0.9576484,0,20,0.016097361,1.0085192,2,59
198,0.004053477,1.0458422,2,21,0.0092238495,1.0298532,2,43,0.0022421945,1.0423241,0,75
199,0.010710396,0.98513395,2,25
200,0.020341674,0.95363206,2,20,0.023224054,0.9085483,2,42,0.009580167,0.8998552,2,63,0.035041034,0.71256584,0,83,0.013275814,0.8132469,0,103,0.11892037,0.63473994,2,123,0.029850412,0.64962405,0,143,0.012148925,0.83945465,2,164,0.04887059,0.6508272,2,200
201,0.025324244,0.9781267,2,20,0.018142663,0.92391,2,41,0.0,0.88352996,2,62,0.0,0.8977765,2,82,0.031955045,0.78327954,2,118
202,0.008899588,1.0315583,2,29,0.0079377815,0.96358657,2,55,0.015972447,0.9059114,2,80
203,0.008456126,0.87958235,2,22,0.023925245,0.81261843,2,46,0.051182628,0.8452865,2,69,0.04784252,0.81894636,2,94,0.008009868,0.9352454,2,115,0.02179914,0.88598984,2,135,0.024594,0.9921142,2,155,0.0276582,0.9468211,2,175,0.024465065,0.9676318,0,200
204,0.019214436,1.0209005,2,20,0.0064649945,1.1444175,2,41,0.0,1.0809081,2,62,0.0,1.0601724,2,84,0.0017444525,0.9988949,0,104,0.0,0.94808793,2,130,0.0,0.8413602,2,150,0.0067086746,0.8227225,2,172,0.0043033925,0.854611,2,200
205,0.0,0.9215862,2,23,0.0067969724,1.0075283,2,43,0.0,0.9565716,2,69,0.0,0.82199347,0,89,0.023028877,0.9434447,0,110,0.0,0.80821645,2,130,0.029556125,0.8745302,2,150,0.042897206,0.8218056,2,173,0.003090656,0.90801764,2,200
206,0.012312247,0.94403666,2,21
207,0.0071101887,0.9875662,2,20,0.024458405,0.9136429,2,40,0.035119742,1.0014032,2,63
208,0.026153155,0.94484854,2,27
209,0.015050434,0.7451972,0,21,0.013447029,0.8835036,0,41,0.017603662,0.9153673,0,61,0.0067687477,0.88498473,2,83,0.0015126637,1.0348655,2,103,0.03853594,0.96008825,2,123,0.013042548,0.9668879,2,147
210,0.007993515,0.95735955,2,22,0.01932917,0.9308486,2,42,0.035329986,0.8153821,2,62,0.005006219,0.98195016,2,82,0.014925273,0.99101955,2,103,0.008245211,0.9674958,2,124,0.038894735,0.90189856,2,144,0.009250251,0.94480646,2,166,0.0037496292,0.71624774,2,200
211,0.010353585,0.9742939,2,24,0.0070792595,0.9747981,2,44,0.0010047208,1.0352213,2,70,0.008935982,1.0170988,2,90,0.007969805,0.972373,2,116,0.0,0.97051775,2,136,0.01248925,1.0384694,2,159,0.0,0.89087427,2,200
212,0.01585247,0.97917837,2,22,0.008392872,0.9946568,2,43
213,0.023234995,0.9485134,2,23,5.2992254e-06,0.9185791,2,46,0.020744516,0.98674357,2,72,0.012318074,0.9862379,2,95
214,0.0011159137,1.0973948,2,30
215,0.002950897,0.9933616,2,20,0.008067823,1.007566,2,41,0.0050450875,0.9667479,2,64,0.0077322074,0.9069379,2,84,0.048556734,0.79896843,2,104,0.0039385227,0.9191049,2,124,0.022335585,0.85868376,2,144,0.036332462,0.8462514,2,166,0.011194962,0.86803097,2,200
216,0.005473711,0.96991414,2,21,0.029112637,0.98486584,2,41,0.003419461,0.9601108,2,62,0.018610038,0.98522395,3,83,0.0048023136,1.0120504,2,111
217,0.019495737,0.9524617,2,20,0.0047701225,0.96809816,2,40,0.032324694,0.94364035,2,65,0.053458128,0.8989322,2,87,0.006553218,0.9358385,2,107,0.03192149,0.99367046,2,200
218,0.0012460026,1.009678,2,22,0.00893958,0.9830895,2,44,0.0011009229,0.9339613,2,66,0.0,0.8766275,2,87,0.0013772361,0.88691723,2,107,0.028155094,0.8916555,2,128,0.025584567,0.9016138,2,149,0.0,1.0450388,2,170,0.0049155294,1.0871166,2,200
219,0.0013806497,1.0168418,2,34,0.028110841,0.9213959,2,57,0.0015886656,0.81498164,2,79,0.030895734,0.82585657,2,99,0.0059562363,0.82018346,2,120,0.0,0.78150225,0,140,0.0022787487,0.96576685,2,162,0.0075122965,0.92516387,0,200
220,0.006990068,1.0424974,2,21,0.0062743896,1.0217003,2,56
221,0.009719576,1.0440917,2,20,0.0024091883,1.1353494,0,43,0.0022172034,1.1026053,2,75,0.0024987923,1.1287053,0,95,0.0013097079,1.1267545,2,115,0.0,1.0306728,2,135,0.009601725,1.0388918,2,156,0.0032761178,1.0515995,3,191
222,0.0071198745,1.0553476,2,20,0.0,1.0606269,2,42,0.00142016,0.97942245,2,62,0.006318541,1.034273,2,84,0.004371386,1.0264245,2,107,0.0,1.0312414,2,128,0.0028567212,0.9962276,2,149,0.0052572615,1.027925,2,170,0.02025517,0.9843353,3,200
223,0.02075756,0.9509767,2,20,0.0,1.0749724,2,40,0.008007698,1.1102424,2,61,0.011074064,1.0455011,2,102
224,0.0,0.92485,2,20,0.002750508,0.9352682,2,40,0.010618947,0.9334571,2,60
225,0.043927796,0.9475813,2,20,0.015075164,0.97071606,2,53,0.0,0.99552447,2,80,0.044833884,0.96845317,2,101,0.022599718,0.90864646,2,124,0.0,0.9056762,2,144,0.061419435,0.8549312,2,164,0.01289391,0.8133724,2,200
226,7.934418e-05,0.9954651,2,31,0.0072907405,1.0117065,2,51,0.011844541,1.0182852,2,71,0.018672459,1.0141197,2,93,0.008940422,0.9375829,2,119,0.0,1.0349976,0,139,0.0,1.184691,0,163,0.00014872874,1.0990889,2,200
227,0.018786633,0.8720423,2,20,0.013419355,0.86629474,2,40,0.0,0.94980717,0,60,0.0063296463,0.92675793,2,81,0.0,0.9252623,3,102,0.015032587,1.0276732,3,122,0.0,0.65151864,2,142,0.03413384,0.684538,2,175
228,0.024227714,0.89877224,2,20,0.038948566,0.8991711,2,41,0.002211249,0.9213003,2,61,0.010726172,0.8907293,2,81,0.044343065,0.7742476,0,101,0.02937038,0.7548313,2,123,0.0068611177,0.87570155,2,144,0.011276497,0.9480304,2,173,0.0,0.93115205,2,200
229,0.010364633,0.8139405,2,21,0.110858105,0.7825743,2,41,0.0,0.8629777,2,61,0.044066273,0.81439763,2,83,0.0,0.9692119,2,103,0.0,0.70181143,2,123,0.0,0.7346488,1,144,0.0,0.80583936,1,165,0.009846451,0.47050628,2,200
230,0.013096457,1.0070145,2,21,0.0,1.0871513,2,46,0.0,1.0897514,2,69,0.0015406129,1.0823504,2,105,0.0006655338,1.0281779,2,125,0.0076936455,0.99433625,2,146,0.006938697,0.98504466,2,167,0.027067,0.9398494,2,200
231,0.0064835637,1.0276809,2,20,0.012116686,0.9954552,2,42,0.012173755,0.93499655,2,63,0.007994939,0.99594736,2,84,0.021069217,0.99805796,2,104,0.024821885,0.9387306,0,124,0.015823117,0.959641,2,144,0.038149726,0.98875225,2,164,0.022525333,0.95780087,2,200
232,0.0058357017,0.9888748,2,20,0.011524012,0.89937246,3,40,0.00075976533,0.83828515,2,64,0.018003315,0.837989,2,84,0.0,0.9572264,2,104,0.01787518,0.9084256,2,125,0.0,0.8601105,3,147,0.0020758542,0.9363025,2,171,0.06722086,0.98405886,2,200
233,0.021467978,0.8937394,2,20,0.016080149,0.8962827,2,40,0.0034938515,0.8420149,2,60,0.012167499,0.85328114,2,80,0.02667375,0.8237672,2,100,0.011004405,0.9056159,2,120,0.0,0.9355451,2,140,0.0,1.0772752,2,163,0.0007886951,1.1159123,2,200
234,0.0026655,1.0134308,2,21
235,0.002218758,1.0151477,2,21
236,0.0,0.90465564,2,20,0.0045858757,0.89180386,2,40,0.03545247,0.7059348,1,61,0.0,0.56278986,0,81,0.0,0.84700423,2,101,0.0,0.77395135,0,123,0.0,0.62094086,2,147
237,0.024891485,0.8427769,0,21,0.0,0.7658591,2,44,0.024923421,0.7580977,2,66,0.059894823,0.73493534,2,87,0.0,0.6496578,2,107,0.034123726,0.7188796,2,128,0.0019786747,0.70350087,2,148,0.013758988,0.6958646,2,187
238,0.0127404835,0.881419,2,37
