0,0.004556019,0.9074292,2,20,0.0022859513,0.8559466,2,43,0.016576566,0.6929703,2,65,0.021992419,0.7413341,2,86,0.078352556,0.9252159,2,106,0.0009114798,0.89432174,2,126,0.003892254,0.99318254,2,146
1,0.011229366,0.85275966,2,21,0.0,0.7420779,2,42,0.0,0.8031273,1,62,0.0,0.54347956,0,82,0.0,0.717616,2,102,0.0,0.50986296,1,123,0.0,0.4185656,1,143,0.007946203,0.756966,0,164,0.010836788,0.8823005,2,200
2,0.0035227893,0.9735618,2,23,0.01754878,1.0124075,2,43,0.0034640327,1.077296,2,63,0.0052825473,1.1768593,2,86,0.0,1.1215953,3,106,0.0063425167,1.128741,3,134,0.0,1.0922158,3,155,0.005596034,1.1075156,0,175,0.021919513,0.93192583,0,200
3,0.003018111,1.0430022,2,22,0.0062383115,0.9757965,2,42,0.0113541,0.99718565,2,69,0.023245651,0.96489525,2,89,0.002431348,0.87077504,2,109,0.012292669,0.98568106,2,130,0.025773367,0.9989107,2,150,0.021027518,0.96894884,2,170,0.06332907,0.94726336,2,200
4,0.008016934,1.0162958,2,23,0.0453081,1.0102736,2,43,0.0032320765,1.0137943,2,68,0.0,1.0898583,2,97,0.004424115,1.10501,2,124,0.002864726,1.1324778,2,145,0.00031219076,1.0543282,2,166,0.002773582,1.0547734,2,200
5,0.003275181,0.94614196,2,23,0.0017354534,0.8949362,2,46,0.032936927,0.88140076,2,66,0.0,0.84464675,2,87,0.0070854044,0.9259793,3,107,0.0011324713,0.86829615,2,127,0.0,0.90281314,2,147,0.014229463,0.6929154,2,167,0.02617327,0.8693878,2,200
6,0.047927286,0.94993925,2,20,0.012154998,0.82912636,2,40,0.013378832,0.7792368,2,60,0.008623863,0.74678326,0,80,0.0,0.83144236,2,100,0.0023866477,0.79287434,0,120,0.0074818237,0.6394279,2,142,0.029927175,0.7195744,0,162,0.016221175,0.873323,0,200
7,0.0007124975,1.0771768,2,20,0.0023470914,1.0891387,2,45,0.0,1.0251442,2,69,0.0,1.0121484,2,91,0.010690639,0.94333506,2,111,0.026744911,1.0249074,2,131,0.005586648,1.0539963,2,151,0.0076319748,1.0251555,0,176,0.0,0.99875623,2,200
8,0.027152946,1.013331,2,20,0.019248832,0.9918464,2,40,0.003918828,0.99983114,2,63,0.0056136367,1.0364379,2,86,0.0,1.0459301,2,111,0.0,1.0431795,2,131,0.0018354036,1.0573757,2,151,0.002201519,1.0003649,2,173,0.001228522,0.9256888,2,200
9,0.022195376,0.9690423,2,20,0.009362326,0.9687323,2,42,0.008605624,0.9012604,2,74,0.03343314,0.8640356,2,94,0.060055643,0.7510357,3,114,0.011420065,0.90103704,0,134,0.002726233,0.89826524,2,154,0.0020576532,0.806434,2,174,0.14912358,0.75441307,2,200
10,0.038334638,0.8695344,2,20,0.025443863,0.80100834,2,40,0.0,0.7781755,2,60,0.0,0.74534845,0,81,0.0,0.7842175,2,103,0.004656809,0.5669898,2,124,0.0,0.88780326,1,144,0.0,0.9544897,0,164,0.022253295,0.4640454,2,200
11,0.0,0.96824837,2,20,0.015937027,0.97690284,2,41,0.0,1.0624951,0,61,0.010139642,1.0747213,2,81,0.009224711,0.90843236,2,106,0.0012561341,0.9046423,2,126,0.0,0.991494,2,149,0.024396826,0.9398497,2,169,0.00034350084,1.076168,0,200
12,0.01916962,0.97638035,2,20,0.0034283497,0.97572213,2,42,0.008790692,0.9213475,2,65,0.003110517,0.8802491,2,88,0.0,1.006642,2,116,0.006164389,1.0591878,2,143,0.003388282,1.0541514,2,171,0.004099478,0.95667493,2,200
13,0.012515975,0.99674046,2,20,0.03056609,1.0122333,2,40,0.002838313,1.0596092,2,74
14,0.007871433,0.9453876,2,21,0.0,0.82412827,2,52
15,0.004897057,0.9278725,2,20,0.029936176,0.96468335,2,40,0.018735496,0.8727642,2,61,0.0073352098,0.9241077,2,81,0.010142973,0.86935145,2,103,0.015149868,0.9511842,2,126,0.008644683,0.8387703,2,147,0.0019440566,0.8821498,2,174,0.0055826576,1.0013334,2,200
16,0.0,0.9233667,2,20,3.4707289e-06,0.9281975,2,41,0.041471582,0.79664,0,61,0.037528317,0.8114684,2,82,0.0,0.89298904,3,102,0.0,0.92177534,3,123,0.0,0.5358503,2,145,0.0,0.57843673,3,165,0.009968566,0.6977023,2,200
17,0.0002468896,0.98924905,2,25
18,0.038352262,0.9383337,2,20,0.0009555023,0.93857956,2,40,0.0007887453,0.90981615,2,60,0.0,0.92301214,2,80,0.0,0.7516874,2,100,0.0,0.73305225,2,120,0.016815465,0.52175045,2,140,0.112079635,0.48754683,2,161,0.09910213,0.51220524,2,200
19,0.010457944,0.94948614,2,26,0.007565553,0.9893528,2,46,0.0034430712,1.0102755,2,68,0.008215891,0.90996814,2,89,0.00033167264,0.88149416,2,115,0.0,0.90236855,2,135,0.038074065,0.9033551,0,158,0.0,0.8603915,2,178,0.006692201,0.6648491,2,200
20,0.010654824,0.8729337,2,21,0.01665613,0.8213561,2,41,0.0,0.86389303,2,61,0.0,0.9229808,2,82,0.0,0.9498771,2,102,0.0,1.1040535,2,122,0.0,0.8342562,2,142,0.0,1.1368793,2,166,0.015964821,0.7834494,0,200
21,0.0016557506,1.0719684,2,20,0.0,1.034854,2,40,0.0,1.029905,0,61,0.0,1.0457674,0,85,0.003834883,1.0461856,0,107
22,0.012994449,0.9596979,2,20,0.020779466,0.93881404,0,41,0.015649665,1.0002185,3,61,0.022167183,0.8765728,2,88
23,0.014413326,0.90327203,2,22,0.01797157,0.9091625,2,42,0.01938653,0.89952934,2,68,0.018449146,0.9039833,2,93,0.003739363,0.9380906,2,113,0.008008218,0.89971745,2,141,0.014983748,0.95305336,2,162,0.02152625,1.0054886,2,186
24,0.00994248,0.9770983,2,21,0.010692936,0.9303916,2,41,0.03824405,0.89348775,2,62,0.012407249,1.0114694,2,83,0.04036824,0.9656558,2,103,0.0,1.1646756,0,123,0.004932723,1.0536103,2,146
25,0.037072487,0.83846855,2,20,0.037727468,0.73354566,2,40,0.06628666,0.6958047,2,61,0.017073836,0.53635657,2,81,0.08895088,0.5794353,2,103,0.011978759,0.5738188,2,123,0.15703462,0.55652696,2,146,0.05602948,0.45933086,2,166,0.003578233,0.6854001,2,188
26,0.0029135726,0.9192076,2,20,0.008624894,0.67972165,2,41,0.0,0.61247605,2,61,0.0031030443,0.7304921,2,82,0.0,0.7166866,2,102,0.0,0.5303513,2,122,0.003938096,0.4717795,0,143,0.0,0.45846418,2,164,0.05615264,0.7198182,2,200
27,0.003659374,0.99927825,2,30
28,0.0026313453,1.0135686,2,21,0.012844476,1.0212529,2,41,2.3655686e-05,0.9680136,2,61,0.007938884,0.87915933,0,81,0.01821674,0.92356664,3,101,0.0,0.77228224,3,121,0.0,0.9663601,2,141,0.03301579,0.9339035,2,163,0.038236417,0.9530117,2,200
29,0.01488261,0.8935311,2,21,0.0,1.0410533,2,41,1.76004e-05,1.0285503,2,62,0.003980592,0.9216594,2,87,0.02522653,0.8721657,2,107,0.0,0.89491117,2,127,0.019303184,0.9053019,2,147,0.014598645,0.90878266,2,167,0.0038923318,1.0208341,2,200
30,0.0,1.0037544,2,20,0.010188466,0.9820853,2,43,0.04378691,1.0180602,2,67,0.004298101,0.9867007,2,87,0.0,1.081268,2,107,0.0,0.96491945,2,127,0.00013286599,1.0470622,2,153,0.004552211,1.0680753,2,179,0.00028420018,1.0496957,2,200
31,0.019953521,0.9409382,2,41
32,0.005296984,0.9426465,2,24,0.010803333,0.9229841,2,44,0.019282203,0.75969857,2,64,0.0059893425,0.7344299,2,86,0.0,0.63790923,2,106,0.008236847,0.6761219,2,135
33,0.0,1.0629545,3,26,0.0011410239,1.0662894,2,59
34,0.0019908778,1.0333023,2,22
35,0.01964179,1.0196201,2,20,0.014133573,0.96725947,2,43
36,0.0039214836,0.9086689,2,20,0.013798668,0.95314896,2,43,0.01894043,0.9651747,2,63,0.0036467172,1.0077113,0,85,0.005533763,1.0805734,2,106,0.014212597,1.0287654,2,128,0.044962715,1.0146586,2,151,0.0284284,0.9845565,2,175,0.010963257,0.99978846,3,200
37,0.010924447,0.99126333,2,29
38,0.0023746288,0.95053214,2,20,0.008787496,0.8722189,2,41,0.0,0.88924277,3,61,0.033333015,0.990757,3,84,0.010750223,0.8736046,2,104,0.012942327,0.8651294,2,132
39,0.015541536,0.9673357,2,20,0.008491926,1.0241,2,44,0.014461735,0.9743506,2,64,0.012567228,0.9267295,2,84,0.00546316,0.95970726,2,105,0.004451631,1.029853,0,128,0.0074060094,0.9983274,2,164
40,0.012888535,1.0062449,2,21,0.020012692,1.0339997,2,41,0.009089221,0.9645556,2,62,0.0,0.9932354,2,84,0.0,0.99150926,2,104,0.0035797171,0.98012096,2,124,0.007841799,0.94789237,2,146,0.0,0.95969933,0,166,0.012777295,0.99993503,2,200
41,0.0,0.9937142,2,20,0.008661904,1.0154539,2,44,0.0,1.0622572,2,71,0.009934533,1.0284722,2,103
42,0.025990056,0.988397,2,23,0.042737626,0.8646647,2,43,0.00034405198,0.9317099,2,63,0.0,0.88862365,2,84,0.0,0.9514297,2,107,0.0,0.92933166,2,127,0.0006199753,0.9941957,2,149,0.0,1.0022024,2,170,0.0003007084,1.0191857,2,200
43,0.0,0.88999856,2,20,0.0048776716,0.8605574,2,41,0.058635414,0.8334069,0,61,0.0,0.90647566,2,81,0.06845689,0.8793395,2,101,0.059496593,0.693127,0,121,0.06271298,0.7365863,2,144,0.0,0.6488052,2,166,0.059488654,0.6461166,2,200
44,0.023965284,0.9639293,2,20,0.024353238,0.8734217,2,42,0.007215178,0.97970045,2,62,0.008886544,0.9578329,2,83,0.004437743,0.9166523,2,103,0.022693742,0.99333656,2,123,0.0,0.93362427,2,147,0.0,0.95915675,2,173,0.015141191,0.81143713,2,200
45,0.02217115,0.9770164,2,25
46,0.011271154,0.96687984,2,20,0.014417971,0.97675335,2,41,0.002560092,1.0291432,2,61
47,0.0,1.0066898,2,20,0.009045071,0.9757798,2,42,0.0,1.0603223,0,62,0.010656893,1.0277642,2,95
48,0.0,0.9271782,2,20,0.01611262,0.92928606,2,41,0.0,0.9031608,2,62,0.013114448,0.86565053,2,83,0.0,0.83494234,2,103,0.013458163,0.9023886,2,123,0.014026552,0.96826684,2,143,0.0043851426,0.9230587,2,163,0.0025288004,0.9320402,2,200
49,0.0068967775,1.0666128,2,22,0.0026030682,1.0079601,2,42,0.007945623,1.0154618,3,68,0.0,1.0543841,3,89,0.0,0.97117996,2,111,0.0,1.0158848,2,131,0.0045374064,1.0202496,2,151,0.008541437,0.9821936,2,171,0.0042979117,1.0049609,2,200
50,0.005924997,1.0032594,2,22,0.027374744,0.96052855,2,46,0.0367242,0.9762438,2,69,0.05667212,0.9588353,0,89,0.032677177,0.8966908,2,111,0.051112086,0.86777556,2,146
51,0.01620025,1.0221643,2,42
52,0.003973567,0.9862381,2,20,0.01242303,1.0413588,2,41,0.02383547,0.8657898,2,61,0.05264491,0.89947367,2,81,0.027932448,0.9249272,2,109,0.004586482,1.0948584,2,131,0.0,1.0163943,2,151,0.0,0.87158334,2,171,0.037079684,0.6851296,2,200
53,0.0,0.89585686,0,20,0.007190815,0.8336005,2,40,0.0,0.7881614,2,60,0.0,0.69943,2,82,0.017899008,0.751804,2,102,0.032737084,0.90078247,2,122,0.008269348,1.0063827,2,172,0.009523044,0.9929175,2,200
54,0.0048945546,0.9819604,2,20,0.0061717294,0.97599155,2,53
55,0.00016449354,0.81032145,2,20,0.0,0.8932249,2,40,0.0028272627,0.73998415,2,68
56,0.028574966,0.96217763,2,21,0.0034255919,0.9136559,3,42,0.001127772,0.9731328,2,74,0.010022455,0.965953,2,94
57,4.0151925e-05,1.0386534,2,25
58,0.018356007,0.9510247,2,20,0.0063119023,1.0053433,2,56,0.020239638,0.8821654,2,77,0.0,0.8821414,2,97,0.013489199,0.76726794,2,117,0.013378094,0.8413211,2,138,0.0,0.9533755,2,158,0.022833308,0.8919705,2,178,0.0,0.8787651,2,200
59,0.021607814,0.9894642,2,23,0.0023769122,1.0584031,2,46,0.018559815,0.9846806,2,69,0.00985768,0.98930526,2,106,0.051228724,0.94691145,2,126,0.029152457,0.936886,2,146,0.0,0.9496918,2,167,0.0023502707,0.93060106,2,200
60,0.00036138794,0.9173785,2,21,0.019996125,0.87868947,2,41,0.013025845,0.8945673,2,61,0.031198764,0.8952164,2,104
61,0.036352273,0.99263877,2,20,0.016086802,0.96091384,2,40,0.015015442,0.9546316,2,62,0.0058190213,1.0327597,2,82,0.0032908127,1.102899,2,105,0.0,1.1262062,0,125,0.009189266,1.0590166,2,146,0.0,1.0458624,2,166,0.010876074,0.9614222,2,200
62,0.0052921525,1.0386231,2,20,0.022623576,0.9330914,2,41,0.012657219,0.8735085,2,69,0.010293444,0.8594267,2,101,0.015140871,0.92414147,2,130,0.008950338,0.8984545,2,153,0.00807239,0.8799359,2,173,0.013049662,0.92605245,2,200
63,0.004227159,0.96481204,2,21,0.015377212,0.9834059,2,65
64,0.0,0.9358094,2,22,0.07453487,0.7582823,2,60
65,0.004858614,1.0074514,2,20,0.008861354,0.9655569,2,41,0.0011046679,1.0237869,2,79
66,0.0069647585,1.0069661,2,27,0.015331616,1.0024221,2,55
67,0.007653573,0.9415945,2,20,0.010763548,0.871675,2,41,0.01242331,0.9502319,2,61,0.0017146211,1.0151939,2,81,0.02490633,1.0035543,3,101,0.0,0.99875534,2,121,0.0,1.0130556,2,141,0.00632905,0.9272916,2,165,0.012234047,0.96794564,2,200
68,0.01209238,0.90753794,2,20,0.0,1.0011826,2,47,0.02471836,0.9134142,2,68,0.005354367,0.8786613,2,88,0.046174392,0.7645717,2,114
69,0.015060949,0.92192376,2,20,0.017119784,0.8868483,2,40,0.027083738,0.93908703,2,77
70,0.008049886,0.9577716,2,20,0.013262822,0.8903922,2,41,0.0,0.8707403,2,61,0.011485893,0.82590187,2,86
71,0.0,1.0509758,2,20,0.006064563,1.0037339,2,40,0.0098970635,0.9976775,2,60,0.01891885,0.96761036,2,92
72,0.016613293,0.9261839,2,23,0.052416824,0.94053775,2,43,0.01089804,1.0116565,2,63,0.000643895,0.9653323,2,83,0.013807535,0.957108,2,103,0.026546907,0.90155476,2,123,0.004238375,0.96364427,2,152,0.02097405,0.9859612,2,173,0.010051135,0.9125567,2,200
73,0.01799661,1.0274656,2,26,0.0029601415,0.9238119,2,46,0.035336953,0.9031579,2,66,0.02531372,0.83287656,2,86,0.04630649,0.8047553,2,108,0.0031045526,0.7746194,2,128,0.0022401165,0.9200204,2,151,0.0022652992,0.8764086,2,171,0.0,0.8366583,2,200
74,0.004196815,1.0375385,2,32,0.0025985471,0.9573229,2,52,0.010825623,0.954881,3,72,0.0,1.0074265,2,92,0.011585887,1.02531,2,113,0.0069105676,1.1052366,2,133,0.010435341,1.020591,2,154,0.0023648578,1.0269893,2,178,0.013696826,0.92910343,2,200
75,0.0005085919,1.0393109,2,20,0.0,1.0783823,3,40,0.002487324,1.0571549,2,63,0.0,1.07699,2,88,0.0027641603,1.1124822,0,110,0.0044732876,1.1156716,2,132,0.0057501695,1.0977405,2,152,0.005746455,1.114506,2,192
76,0.0037786663,1.0316997,2,40
77,0.0145526705,0.9500553,2,22,0.018710794,0.9384231,2,49
78,0.0008268839,0.9925409,2,21,0.021834206,0.90021086,2,42,0.049646653,0.9500259,2,62,0.009938428,0.8793786,2,83,0.0039907936,0.93733203,2,104,0.0,1.0308336,2,126,0.0,1.0505754,2,146,0.003286665,1.0519391,2,167,0.0,1.0161048,2,200
79,0.0030300305,0.9954686,2,23
80,0.012055313,1.0032638,2,21,0.005693217,0.98427916,2,44,0.0,1.0005057,2,64,0.0,1.0068669,2,90,0.0055134394,0.987004,2,114,0.0007731869,1.1063163,2,134,0.011357997,1.049785,2,159,0.004849362,1.0690215,2,179,0.0,1.017309,2,200
81,0.00033290734,1.0238414,2,23,0.00041049407,0.99850637,2,44,0.0038956238,1.0126607,2,66,0.007824813,1.0051266,2,89,0.02003299,0.97787225,2,109,0.025490295,1.0118057,2,130,0.0088126445,1.0073999,2,168,0.00809868,0.9649558,2,200
82,0.0064516645,0.91917175,2,22,0.0057194587,0.9175347,2,43,0.039248437,0.90355587,2,63,0.07464535,0.8191376,2,84,0.0028699718,0.7648695,2,105,0.0115790665,0.68289745,2,125,0.03340999,0.9256589,2,145,0.0984936,0.6133395,2,166,0.07404499,0.650499,2,200
83,0.002512731,1.0353373,2,20,0.0,1.0642037,2,40,0.0015664797,1.0065299,0,60,0.026385859,0.99689656,2,80
84,0.002313834,1.0691634,3,30
85,0.0,1.0115652,3,22,0.0,1.0643036,3,42,0.0044626356,1.0617157,2,63
86,0.0,1.0518858,2,20,0.0,1.0048151,2,44,0.0,1.0639509,2,67,0.0,1.0553722,2,96
87,0.039981134,0.9633358,2,20,0.07556648,0.92613584,2,41,0.02928993,0.9648124,2,83,0.04842356,1.0123796,2,123,0.01626867,1.0078832,2,144,0.04779658,0.96934587,2,164,0.031301245,0.9162713,2,200
88,0.009350503,0.9843737,2,20,0.012230443,0.90318996,2,40,0.009527952,0.97765386,2,60,0.006724353,0.9134832,2,97,0.0,0.9115367,2,117,0.020628955,0.9215464,2,138,0.024971288,0.89609444,2,158,0.031436183,0.89915085,2,178,0.013735103,0.9440984,2,200
89,0.0,0.9051407,2,20,0.0019907835,0.8740406,2,40,0.017322524,0.7859882,2,60,0.0,0.865523,2,80,0.01124675,0.6469003,2,100,0.0011079087,0.54427695,1,122,0.0,0.2627472,1,150,0.0,0.18640628,1,176,0.033848926,0.50641185,1,200
90,0.0,0.9469121,2,36,0.0053457916,0.97469586,2,63,0.0,0.9353757,2,83,0.0,0.9163028,2,103,0.0,0.7750424,2,123,0.0,0.7134542,2,146,0.0028397704,0.6160072,2,171,0.017137824,0.7348219,2,193
91,0.010492695,0.98903036,2,20,0.004290769,0.9838304,2,45,0.021936288,0.9276658,2,66,0.012293516,0.9032301,2,86,0.0074382722,0.97010374,2,106,0.0189133,0.89173746,2,126,0.012729677,0.81582576,2,146,0.05008129,0.7381314,2,166,0.045186486,0.6408742,2,200
92,0.01345095,1.0559618,2,28,0.0,1.0836749,2,53,0.0,1.0076158,0,74,0.0,1.0429338,2,94,0.0013062082,0.99337304,2,114,0.0054193973,0.9709895,2,134,0.010593248,0.9141613,2,156,0.01998948,0.9723666,2,178,0.016594686,0.9875317,2,200
93,0.0,1.0435548,2,20,0.017061662,0.95774806,2,41,0.010103864,0.9746435,2,61,0.014724739,0.97845274,2,84
94,0.0098799495,1.0611066,2,20,0.0,1.0342515,2,48
95,0.005072455,0.9687228,2,25
96,0.0044390624,1.0387825,2,20,0.00036424602,0.9685749,2,41,0.022595663,0.97991145,2,61,0.02531963,1.0550684,2,81,0.008307701,0.9520334,2,101,0.0021657457,1.0249506,2,122,0.012697374,0.9593996,2,142,0.0073674177,1.01141,2,174,0.01561525,1.0131521,2,200
97,0.019345181,0.95964694,2,25,0.0013759207,0.98523486,2,69,0.0046680714,1.0304171,2,94,0.0050940244,0.86541265,2,115,0.00015427305,0.75023454,1,136,0.0,0.8550507,1,156,0.0,0.79232657,2,176,0.052755427,0.7067955,2,200
98,0.007750337,1.0080482,2,20,0.015897831,1.052623,2,40,0.010106537,0.9953952,2,64,0.005541304,0.99182147,0,85,0.0020374558,1.0174785,3,111,0.011715987,1.0357649,0,132,0.017140444,1.0014567,3,154,0.044416275,0.9359493,2,174,0.08519359,0.9470305,2,200
99,0.02770982,0.9652227,2,26,0.015386706,0.87617874,2,46,0.012070233,0.9695282,2,68,0.026245099,0.88104856,2,88,0.0,0.65479475,0,108,0.024618642,0.7212864,0,129,0.018133316,0.694749,0,158,0.0,0.50988305,0,178,0.0,0.4065213,0,200
100,0.0128383245,1.0295943,2,20,0.006358734,1.0733688,2,43,0.012507118,0.9961646,2,63,0.0070113353,1.0324128,2,92,0.008135198,1.0056385,2,123
101,0.0052820165,1.0133021,2,24,0.0025935192,0.95837885,2,49,0.0054519926,1.0462353,2,76
102,0.0066767815,0.9541756,2,23,0.0003185769,1.0124748,2,44,0.0,0.9921035,2,66,0.018633753,0.9851204,2,86,0.0183511,0.9174841,2,106,0.0021043676,0.9489686,2,126,0.009578809,0.97098273,2,146,0.015697444,0.93292505,2,166,0.015838303,0.96263504,2,200
103,0.027231228,0.94463843,2,20,0.006692132,0.9668343,2,42,0.027915293,0.9155787,2,63,0.013918388,0.9407827,2,83,0.015593187,0.83803856,2,104,0.0,1.0306467,0,125,0.0,1.0555354,2,148,0.0,1.0856721,2,168,0.0040031755,0.9677793,2,200
104,0.013449484,1.0098398,2,36
105,0.0,0.97699213,2,20,0.023740834,1.0375957,2,40,0.0028800834,1.0516945,2,78,0.0,0.97923154,2,99,0.0,1.0049014,2,130
106,0.0222237,1.0133095,2,21,0.0046437285,0.9321629,2,41,0.026777059,0.92467535,0,61,0.057713605,0.89966077,2,81,0.0,1.0372831,2,106,0.0,1.1589699,0,127,0.0,1.0736454,2,147,0.0,1.0940976,2,168,0.0031134218,1.1132383,2,200
107,0.0,0.90270334,2,23,0.0060943053,0.9458652,2,46,0.01498985,0.92898035,2,66,0.0,0.8959034,2,86,0.012425628,0.750471,2,106,0.019771444,0.5481847,1,127,0.0028224261,0.6092645,2,148,0.0,0.73824674,2,170,0.005188398,0.56402373,2,200
108,0.00966169,1.0234385,2,23,0.0,1.0698953,2,43,0.012225694,0.9474581,2,63,0.021784756,0.9662673,2,93,0.002133465,1.0423232,2,115,0.0022561497,1.0484167,2,135,0.00124025,1.0447755,2,160,0.0033454373,1.0389893,2,200
109,0.008151645,0.9027454,2,20,0.0051467856,0.93263847,2,40,0.006511775,1.0521337,2,62,0.011524233,0.98367673,3,83,0.008432655,0.8769428,2,103,0.0,0.9571299,2,130,0.00053626817,0.93258095,2,152,0.011019606,0.97616005,2,172,0.017862033,0.9705693,2,200
110,0.011202166,0.9586293,2,21,0.0,0.98894435,2,41,0.0072944574,0.97372055,2,65,0.012723525,0.8533171,2,85,0.01747945,0.8474076,2,106,0.02726944,0.8913461,0,127,0.0,0.83066744,0,149,0.0,0.6633591,2,170,0.0,0.47461933,0,200
111,0.008312115,1.0401766,2,20,0.0011437241,1.0297052,2,42,0.0,1.0811657,2,63,0.0,1.0579296,2,96,0.0,1.0788316,2,126,0.0,1.1154917,0,148,0.0,1.0449568,0,170,0.0016953523,1.1110059,2,200
112,0.0,0.9194787,2,20,0.0,0.9654918,2,41,0.0053145024,0.8955607,2,62,0.009168616,0.8663775,2,82,0.016048716,0.8527549,2,102,0.0018808853,0.894091,2,124
113,0.0017013187,1.030488,2,20,0.010956662,0.9416203,2,42,0.02038661,0.96089536,2,62,0.0069440296,0.96322936,2,90,0.0037376303,0.9674475,2,123,0.008396705,0.9844298,2,162
114,0.006783099,1.0091441,2,20,0.009652796,0.9270059,2,57
115,0.026492422,0.9876481,2,20,0.00615732,0.9414267,2,41,0.011952186,0.99594104,2,61,0.0,0.8330291,0,82,0.04082048,0.77979517,2,103,0.013483721,0.8338297,2,133
116,0.0035076914,0.9424085,2,22,0.063831545,0.75133663,2,43,0.01225791,0.7567901,2,65,0.09875162,0.6417392,0,85,0.045422476,0.6298333,2,106,0.018103942,0.90330666,2,127,0.0,0.92667216,2,147,0.0026787769,0.93160397,2,176
117,0.004812742,0.98632455,2,32,0.018633755,0.9001157,2,57,0.03561685,0.96892995,0,77,0.0023254175,0.91216934,2,97,0.00038838712,0.91678727,2,117,0.0037202407,0.7638489,3,137,0.031239044,0.87941736,2,159,0.015088595,0.9218245,2,180,0.00956448,0.96211517,2,200
118,0.01117671,1.0558318,2,21,0.014982369,0.9960294,2,45,0.016344052,0.9672722,2,67,0.03703203,0.99810654,2,91,0.0,0.9278294,2,111,0.0,0.7562775,2,132,0.0,0.95513207,2,153,0.01625441,0.8990442,2,173,0.021083001,1.0294673,2,200
119,0.020494226,0.9958025,2,20,0.043822013,0.9393652,2,40,0.009524965,1.0195959,2,60,0.02945194,0.9020345,2,83,0.0013507857,0.99467486,2,103,0.0,1.1441399,0,123,0.0,1.0428379,0,143,0.0,1.0540243,2,165,0.018940467,0.8714304,2,200
120,0.0046151644,0.92227864,2,27
121,0.0038888264,0.9810879,2,29,0.035368703,0.9115775,2,49,0.01408829,0.99845797,2,70,0.010939301,0.85762113,2,101
122,0.010747019,0.99697495,2,21,0.0145593695,1.03935,2,46,0.0,1.0110927,2,72,0.0053472957,1.0413595,2,102,0.0087332,1.0263493,2,143,0.008005359,0.99561876,2,165,0.00869517,0.9846688,2,192
123,0.024889315,0.9067025,2,20,0.0148080215,0.7633248,2,40,0.03198064,0.5919975,2,63,0.022520449,1.083503,3,83,0.0,0.91234475,2,103,0.0,0.8451791,0,123,0.02154239,0.4906351,0,144,0.0,0.98994434,0,164,0.059572294,0.48821968,0,200
124,0.020978,0.92249423,2,20,0.005374807,0.8465496,2,42,0.020600125,0.8754046,2,64,0.016278367,0.8509962,2,84,0.019561836,0.92291784,2,108,0.005589406,1.0457586,2,128,0.015944608,0.9824522,2,149
125,0.025155481,0.8534583,2,39
126,0.00767328,1.0015534,2,33
127,0.012126761,0.9779287,2,21,0.0,0.99490654,2,41,0.0059599355,0.9637109,2,61,0.015204453,0.9763153,2,85,0.021167072,0.9133655,2,110,0.025157135,0.9800253,2,130,0.018801367,0.9504639,2,151,0.016573343,0.94949305,2,171,0.008948806,0.948562,2,200
128,0.0028090125,0.9566462,2,27,0.011511263,1.0246009,2,47,0.0062183654,1.0187896,2,72
129,0.026740199,0.93388784,2,20,0.013498749,0.948182,2,48,0.007641082,0.99049836,2,68,0.059613038,0.9714527,2,88,0.0,0.88037854,2,108,0.032378953,0.8387397,2,128,0.013326794,0.7821012,2,149,0.015301214,0.89708406,2,173,0.039524917,0.9092066,2,200
130,0.019017134,0.9412238,2,20,0.0056703975,0.8662631,2,40,0.021462236,0.64727634,2,61,0.04156714,0.8771861,2,82,0.024585951,0.75609654,2,102,0.007314431,0.7306786,2,122,0.023314249,0.77703536,0,142,0.0085721575,0.8259796,2,162,0.0032625908,0.379599,0,200
131,0.014656281,1.0094839,2,20,0.0007882796,0.9774884,2,41,0.005831326,0.94882584,2,61,0.0070952703,1.0285708,2,86,0.0013478361,1.0584496,2,110,0.013312497,0.99694324,2,131,0.0067791594,0.9978307,2,151,0.005711919,1.0110602,2,176,0.0361494,0.9413762,2,200
132,0.0,0.97650117,2,20,0.0058461945,1.0053188,0,43,0.003785835,1.0569154,2,64,0.0,0.9994763,2,89,0.0017525569,1.0155833,2,119,0.012326541,1.0501868,2,139,0.0,1.0715265,2,160,0.007842141,1.012499,2,200
133,0.013400406,0.9768799,2,20,0.033640243,0.9807583,2,40,0.015584549,0.9137188,2,62,0.032444272,1.0043547,2,82,0.0048815706,0.9650958,2,103,0.0,1.0929468,2,129,0.0016075927,1.0548896,2,152,0.011561014,1.0671369,2,176,0.0068302327,1.0572773,2,200
134,0.022438189,0.88921463,2,21,0.030876009,0.7789362,2,43
135,0.032055974,0.9451128,2,20,0.010040019,0.92754686,2,40,0.018943433,0.8851242,3,60,0.02073569,0.8999267,2,92
136,0.01344092,0.96207935,2,20,0.04036329,0.8431967,2,41,0.024547555,0.8547297,2,63,0.02931603,0.9696197,2,85,0.007419309,0.96163,2,115,0.0,0.7640737,2,135,0.0,0.77680624,2,156,0.0,0.8467906,2,176,0.010296897,0.9005986,2,200
137,0.00089771213,1.0412658,2,23,0.006240549,1.0770642,0,43,0.0,1.0093443,2,65,0.0,1.0757338,2,85,0.0,1.0799017,2,109,0.0,1.0224458,0,131,0.0,1.0002396,2,153,0.0,1.073553,2,180
138,0.007746298,1.0195757,2,21,0.00017721743,0.9411235,2,46,0.0015742283,0.96821326,2,66,0.016567487,0.9494675,2,86,0.014728267,0.976779,2,110,0.009179779,0.9193355,2,135,0.014190949,0.9026803,2,158,0.0,0.97616315,2,179,0.0055783503,1.0515261,2,200
139,0.013062702,1.0333763,2,22,0.0019154325,0.999157,2,47
140,0.0025035788,1.0123808,2,26
141,0.014427464,0.9662829,2,25,0.0030312536,0.9315281,2,50,0.0248575,0.9144762,2,70,0.08432843,0.9284878,2,90,0.022884658,0.9593757,2,116
142,0.038091395,0.9815506,2,22,0.017948959,0.93153477,2,61
143,0.0069984784,1.0454632,2,20
144,0.0012152346,1.0551156,2,20,0.010055735,0.9824337,2,45,0.016874166,1.0074131,2,66,0.016628565,0.96088535,2,97
145,0.0,0.91739476,2,20,0.003235685,1.0100763,3,42,0.0029561236,0.98875564,0,76
146,0.0,1.057077,2,20,0.009274606,1.0193098,2,51,0.010524091,1.0037066,2,72,0.0033545827,1.0222424,2,94,0.0020929507,0.9740893,2,128,0.0,0.93862534,2,148,0.004074986,0.836727,2,168,0.0018628079,0.9253669,2,200
147,0.0029258972,1.0200847,2,28,0.010977516,1.0402247,2,48,0.0,0.9990656,2,68,0.012975669,0.96280354,3,88,0.010637924,0.9436178,2,114
148,0.031364545,0.9624386,2,22,0.016029892,0.89746153,2,53
149,0.0,1.0233048,2,22,0.025287747,0.96466047,2,43,0.00086631184,1.0002316,2,70,0.0,0.9704496,2,91,2.4282654e-05,0.92006874,2,111,0.0,1.0272678,2,131,0.019998977,0.7482011,0,152,0.0,0.7850685,0,172,0.0,0.7820435,0,200
150,0.0,0.8905794,2,20,0.005951047,0.92586917,2,41,0.010343688,0.8550461,2,61,0.0,0.8755217,2,86,0.012345518,0.85482424,2,107,0.0028853498,0.8352303,2,131,0.0,0.7761683,2,153,0.005362241,0.5858907,2,173,0.053068668,0.8070687,2,200
151,0.021958984,0.96752006,2,20,0.019989276,1.0438049,2,40,0.0046404647,1.12671,3,60,0.0,1.0186576,2,80,0.0,0.70685446,2,103,0.0,0.6653564,2,125,0.0,0.9585751,2,146,0.01931113,0.7952815,2,166,0.013103215,0.93812096,2,200
152,0.0076417667,1.0153253,2,22
153,0.014920679,0.99835193,2,20,0.0,0.9821774,2,43,0.009458458,0.94469225,2,63,0.015934315,0.8512953,2,83,0.0067654923,0.86219025,2,103,0.0046611666,0.81587774,2,123,0.023142884,0.7859809,2,143,0.0,0.9331886,0,163,0.0050438954,0.7080175,0,200
154,0.043237716,0.9634218,3,24,0.0,0.88887674,2,65
155,0.015002189,1.0129602,2,33
156,0.0,0.9868285,2,21,0.042606134,0.9275088,2,42,0.053184353,0.9821018,2,65,0.006636059,0.9459263,3,86,0.018690905,0.9602546,2,109,0.029049262,0.8777525,0,129,0.037403516,0.9547372,0,150,0.0011669456,0.91457206,2,170,0.021137511,0.9126452,2,200
157,0.013902995,0.9266251,2,20,0.046450663,0.94486135,2,43,0.014678507,0.96984947,2,66,0.052091837,0.7537812,2,86,0.0,0.86065817,2,106,0.0072440044,0.715192,2,126,0.010236806,0.7851405,2,147,0.0290297,0.70613956,2,167,0.0013326129,0.6334639,2,200
158,0.0,0.953791,2,21,0.002237622,1.0061103,2,52,0.00023246724,1.0889232,2,72,0.012107579,0.9826795,2,92,0.0041361507,0.9388106,0,117
159,0.033780657,0.9447977,2,20,0.009400809,0.8080867,2,59
160,0.0042417813,0.9801826,2,26
161,0.0051224977,1.0410264,2,20
162,0.0,1.0231014,2,22,0.00020436331,1.056745,2,47,0.02433123,0.99943334,2,67,0.0074109263,0.8482114,2,87,0.030619098,0.9067864,2,110,0.01225729,0.9611055,2,130,0.017967416,0.92846197,2,158,0.058492947,0.9095515,2,178,0.013961967,0.9998026,2,200
163,0.01839542,0.8981702,2,20,0.013790588,0.9087793,2,40,0.009488968,1.0097979,2,60,0.0,1.1181967,3,81,0.005204398,1.1368039,2,102,0.0,1.0877482,2,128,0.00017719751,1.1516747,2,149,0.0,1.1428621,2,169,0.0,1.1612858,3,200
164,0.0,0.9004675,2,23,0.0,0.8006314,2,43,0.025684696,0.837103,2,63,5.9674214e-05,0.8390974,2,83,0.02393638,0.6658162,2,103,0.064911865,0.7880914,2,123,0.012794663,0.90704125,2,143,0.031489965,0.9119259,2,163,0.004259067,0.8254753,2,200
165,0.011744966,0.9976492,2,24,0.004994751,0.8974489,2,44,0.0011033443,0.9161498,2,65,0.0143975215,0.9451402,0,86,0.044315804,0.8360461,2,106,0.008953319,0.7526852,2,126,0.03761881,0.72841215,2,146,0.04433522,0.81527054,2,166,0.020571005,0.71293974,2,200
166,0.0014399132,0.9380942,2,21,0.0016244989,1.0350173,2,41,0.0,1.1117206,2,63,0.00598921,1.0609515,2,83,0.015829867,1.0440242,2,103,0.001206557,0.98483676,2,123,0.0,0.983157,0,143,0.0,1.0217417,2,167,0.007891329,0.9984518,2,200
167,0.0015262129,0.8941423,2,20,0.04134921,0.92357147,2,40,0.0060044983,0.9203899,2,61,0.028158287,0.9801332,2,81,0.050687216,0.8667601,2,115
168,0.008471662,1.0403738,2,23
169,0.007394409,1.0047536,2,21,0.0,1.0829836,2,42,0.0,1.1606662,2,72,0.0,1.1173668,2,93,0.009776389,1.075918,2,113,0.0019564375,0.9496027,2,136
170,0.0,1.0410422,2,53,0.0,1.0688382,2,74,0.0033585164,1.0439501,2,115
171,0.013645822,0.97559345,2,20,0.009778714,0.9386858,2,43,0.0015303976,0.8969908,2,63,0.013614954,0.8889769,2,83,0.0,0.85911244,2,103,0.005854117,0.9649207,2,123,0.0051180334,0.96659595,2,143,0.00925806,1.003783,2,163,0.0,0.92865133,0,195
172,0.0,1.0462955,2,37
173,0.002503755,1.0039907,2,24,0.0045893635,0.972652,2,47,0.012291395,0.9798363,2,71
174,0.009290436,0.95074767,2,40
175,0.020895028,1.02203,2,21
176,0.003074986,0.9051139,2,21,0.052724037,0.9759132,3,43,0.0,0.9943423,2,66,0.019660745,0.9119974,2,87,0.002202998,0.93725324,2,128
177,0.004710093,0.9127241,2,21,0.054184366,0.85370195,2,41,0.006816371,0.94274825,2,65
178,0.0,1.0293081,2,22,0.0,1.0367168,2,45,0.0,1.0651245,2,82
179,0.01451139,1.0009773,2,20,0.00080152234,0.97545797,2,42,0.01036587,0.96803504,2,62,0.008818587,0.84952813,2,91,0.013535596,0.9106023,2,111,0.0045477753,0.9795787,2,135,0.0,0.9138116,2,157,0.01564658,0.91118336,2,179,0.009153294,0.9876195,2,200
180,0.029604683,1.0326022,2,21,0.011294938,0.952306,2,41,0.007330216,0.9114831,2,62,0.0,1.0888085,2,84,0.006032722,0.9902025,2,106,0.006586248,0.97862333,3,130
181,0.05499165,0.9211049,2,38
182,0.022351127,0.92056984,2,21,0.007908181,0.9773259,2,53
183,0.0013378998,0.91592836,2,20,0.032990772,0.905998,2,43,0.007735913,0.9200347,2,63,0.0016614661,1.0464299,2,87
184,0.017172491,0.91695577,2,20,0.0,0.8996237,2,40,0.017539661,0.90229744,2,62,0.0022012289,0.7938867,2,83,0.005876674,0.8138884,2,105,0.03265501,0.5580596,2,127,0.0,0.43382573,0,147,0.0018562211,0.4568824,2,167,0.028696338,0.48994562,3,200
185,0.0,0.9698102,2,20,0.008810999,0.96159256,2,41,0.0029047441,0.8283698,2,61,0.01097224,0.7922825,2,81,0.04111991,0.97954136,2,104,0.019532125,0.94935393,2,130,0.011262843,0.9679806,2,152,0.02665922,0.92870927,2,174,0.016090004,0.91356933,2,200
186,0.0070455456,0.9476368,2,30
187,0.008182825,0.9754761,2,20,0.00468519,1.0528907,2,42,0.0020716952,0.9689083,2,66,0.017756285,0.9737556,3,88,0.010981289,0.92554694,2,109,0.015575118,0.86948377,2,129,0.0136531,0.8878814,2,150
188,0.0047220746,0.89186966,2,20,0.05244856,0.976069,2,40,0.017161643,0.89044255,2,63,0.009032425,0.9172537,2,87,0.013244998,0.9004116,2,108,0.021703634,0.9549187,2,128,0.009778773,0.9103266,2,148,0.00080921524,0.9658947,2,170,0.0,0.9248332,2,200
189,0.010656869,0.95751,2,20,0.0059018307,1.0536253,2,40,0.02220237,0.94889814,2,60,0.00017700646,0.92497945,2,81,0.0,0.91068375,2,101,0.0,1.0072017,2,122,0.0041660205,1.0261749,2,143,0.0066509633,0.9926062,2,166,0.02074877,0.9469143,2,200
190,0.010026116,1.021759,2,20,0.005086247,1.017924,2,41,0.011568842,0.9507202,2,61,0.01373229,0.9521173,2,81,0.005138057,0.9390936,2,101,0.037966646,0.91716325,2,124,0.0071481476,0.9650119,2,154,0.0031167162,0.93980145,0,175,0.010786201,1.0157639,0,200
191,0.0,0.98439497,2,22,0.0,0.98459655,2,42,0.015107779,0.9441144,2,62,0.0,0.99427205,2,82,0.002991266,1.0411794,2,102,0.0,0.97316134,2,123,0.0,1.0362991,3,143,0.0062319636,0.9887978,2,164,0.029753141,0.99202985,2,200
192,0.003836008,1.0253229,2,21,0.0073655094,1.0589278,2,48,0.0209236,1.0482309,0,68,0.0,1.0883571,2,91,0.0,1.1069736,2,113,0.0077492152,1.0728239,0,136,0.005669275,1.0881474,2,159,0.0018144156,1.0905496,2,200
193,0.004631792,0.96691334,2,20,0.0029581694,1.0033147,2,41,0.0028932989,1.0207524,2,99,0.005903993,1.0521926,2,120,0.008055674,0.97202325,2,156,0.004563012,1.0838487,2,176,0.001732332,1.0297741,2,200
194,0.0033352014,1.0418171,2,38
195,0.017497912,0.9365515,2,21,0.0045109703,0.8681203,2,41,0.0,0.7696851,2,61,0.0,0.6076493,0,82,0.0,0.74915946,0,102,0.0,0.6749184,2,122,0.018520806,0.7563111,2,143,0.0,0.6798371,1,163,0.0,0.48333982,2,200
196,0.041974295,0.9242966,3,21,0.031974625,0.84640807,0,41,0.03065809,0.7179122,0,61,0.0,0.70704514,0,81,0.0,0.8126654,2,102,0.0,0.8732929,2,122,0.0,0.7193996,0,143,0.0008587351,0.5605509,0,163,0.0020543435,0.571458,2,200
197,0.016888851,0.95076245,2,21,0.022474447,0.94138765,2,44,0.0038130996,0.8218233,2,65,0.015271669,0.9756155,0,85,0.0,1.0157981,0,105,0.0,0.9247921,2,125,0.0059602233,0.737275,0,145,0.012974824,0.91496575,2,165,0.0014767664,0.94981986,2,200
198,0.009440253,0.96895254,2,23,0.008781498,0.9339899,2,55,0.017259927,0.90612406,2,77,0.0074131396,0.9983173,2,106,0.013243256,1.0004594,2,126,0.011791689,0.8419734,0,146,0.046658807,0.7454496,2,166,0.001195455,0.8556269,2,200
199,0.012544334,1.0283604,2,20,4.358022e-05,1.0564082,2,41,0.0013070941,1.1089243,2,64,0.0,1.0767831,2,84,0.0034948091,1.0751369,0,104,0.015281737,1.070918,2,127,0.0073482874,1.0177763,2,149,0.017139627,0.88974106,2,170,0.0008670211,0.971362,2,200
200,0.0006633521,0.99839705,2,20,0.020602057,0.8716775,2,41,0.018558824,0.9144937,2,61,0.023435017,0.9884069,2,96,0.003010086,0.9643154,2,124,0.042762086,0.8330807,2,146,0.0457113,0.8188537,2,167,0.08499343,0.8371515,2,200
201,0.00658457,0.83780736,2,20,0.011134439,1.0225306,2,48,0.038032733,0.9355523,2,68,0.067006074,0.82522595,2,89,0.014927471,0.9959611,2,111,0.044675328,0.98927146,0,131,0.009245249,0.85348684,2,168
202,0.024337271,0.9106407,2,24,0.020107852,0.8999723,2,53
203,0.016781054,0.9870092,2,21,0.011730696,0.86647505,2,42,0.012626469,0.8669179,2,62,0.023655469,0.8409429,2,83,0.029903412,0.83183074,2,105
204,0.01187786,0.8903478,2,20,0.0054943124,0.9023811,2,40,0.0034646702,0.91549206,2,60,0.0012325912,0.89326555,2,80,0.049097776,0.84566057,2,100,0.034031723,0.7214931,2,121,0.066317484,0.76681817,2,152
205,0.0121555505,1.0302794,2,22,0.018580513,0.98371285,2,46
206,0.01608073,0.9409592,2,25,0.011186494,0.90339357,2,48,0.010695128,0.9772149,2,78,0.0009671778,1.0390165,2,107
207,0.025426496,0.9497863,2,20,0.007936896,0.8001008,3,40,0.0,0.85381144,2,62,0.010189762,0.72741187,2,82,0.004877158,0.77323747,2,104,0.003364434,0.89461994,2,126,0.01292624,0.9623889,2,146,0.011699911,0.88107425,0,166,0.0055682994,0.8517108,2,200
208,0.010473983,0.89680165,2,20,0.015221536,0.8256065,2,40,0.05832807,0.7624415,0,60,0.048016105,0.8747081,2,82,0.0066717737,0.7552458,2,102,0.0,0.90114194,3,125,0.0,0.9126712,2,148,0.0,0.7804571,2,170,0.010058367,0.86606896,2,200
209,0.0017012248,1.0369399,2,20,0.0,1.0309583,2,44
210,0.025303226,0.95575696,2,20,0.0,1.0006735,2,40,0.0,1.1079566,2,60,0.00033530488,1.1900042,3,85,0.0030914736,1.1553314,0,125
211,0.0,0.9450269,2,20,0.009383242,0.8913957,2,56
212,0.012492114,1.0145545,2,20,0.0,1.0588084,0,48
213,0.009755449,0.97520065,2,20,0.020744607,0.9820835,2,44,0.0037285679,0.96892977,2,64,0.0044621537,0.9982199,2,85,0.0080873165,0.8654215,2,105,0.020582344,0.8698152,0,126,0.06436866,0.71295553,2,148,0.0062472494,0.67231977,2,168,0.04495976,0.65934634,2,200
214,0.0056818416,0.98005867,2,20,0.0011837923,1.0213015,2,40,0.009628936,1.0397154,2,73,0.010027181,0.979813,2,93,0.013955976,0.95735615,2,114,0.002042347,0.98774415,2,136,0.006192661,0.9137486,2,156,0.01872749,0.9953396,2,176,0.0015405278,1.0189923,2,200
215,0.008471502,0.98540145,2,20,0.006976136,1.067464,2,40,0.005918485,0.9828821,2,73,0.019516477,0.8996185,2,93,0.0,0.8769029,2,114,0.0,0.7498876,2,135,0.012579258,0.5209813,0,155,0.06574494,0.39739892,2,175,0.04140029,0.5055605,2,200
216,0.0010460591,1.0401313,2,24
217,0.0,1.0759364,2,20,0.0018894295,1.0394692,2,42,0.0064643174,1.0017745,2,63,0.0042283884,1.0655131,2,86
218,0.0050850464,0.9469601,2,20,0.012752965,0.9334524,2,40,0.017612621,0.997207,2,60,0.03885705,0.7931924,2,80,0.0,0.7618734,2,100,0.0011048862,0.6346179,0,120,0.026689434,0.59637296,2,140,0.048501257,0.35319132,0,178
219,0.009755802,1.0061476,2,23,0.00026994207,1.0270046,2,43,0.0018958312,0.9538,2,68,0.01678576,0.94231874,2,88,0.0072134016,0.92899925,2,108,0.020772217,1.0161964,0,132,0.010468376,0.97609395,2,163,0.010460913,0.9156514,2,200
220,0.0020192089,1.0307918,2,22,0.0011558195,1.0215813,2,42,0.001245994,1.0520906,2,71,0.008169649,1.0074321,2,108,0.0071538333,0.98550415,2,129,0.014656322,0.9621348,2,150,0.0,0.95865303,2,172,0.002927186,0.89105856,2,200
221,0.00300818,0.95993364,2,20,0.015267718,0.95264655,2,40,8.9793095e-05,0.81408596,2,60,0.031948473,0.7507023,2,81,0.012117894,1.0210906,2,101,0.0,0.8965947,2,121,0.022346284,0.7356467,0,142,0.013716164,0.66363406,2,163,0.014005561,0.62648845,2,200
222,0.0,0.987178,2,20,0.030403873,0.94069326,2,40,0.02714842,0.95534533,2,60,0.012295768,0.9354288,2,84,0.040643953,0.9595019,2,104,0.0,1.0109177,2,124,0.00039586128,0.9730045,2,146,0.006810299,0.9781412,2,166,0.0013438476,1.0329714,2,200
223,0.0,1.0280114,2,24,0.007432261,1.039196,2,47,0.0060541267,1.0149341,2,67,0.0,0.9973587,2,94,0.0,1.0366004,2,114,0.0,1.0289423,3,135,0.0,1.0745028,2,155,0.0015109607,1.0330973,3,175,0.0,1.0091424,2,200
224,0.0075286822,1.039695,2,20,0.0006122915,1.003094,2,40,0.009490111,0.98274606,2,63,0.0,0.9623286,2,84,0.0005588454,0.9659407,2,107,0.021150028,0.93537444,3,131,0.0,1.052361,2,153,0.0,0.9571103,2,173,0.0,0.8839357,2,200
225,0.0154719,0.96317446,2,20,0.012812627,0.97369903,2,42,0.0,1.015601,2,62,0.0,1.0337435,2,83,0.014674381,0.997131,2,110,0.0,0.897326,2,131,0.00028823828,0.85992604,2,151,0.06042874,0.96800524,2,172,0.0039880783,0.92568094,2,200
226,0.0035012462,0.98585695,2,25,0.00091754925,1.0289024,2,45,0.0014125374,1.0265714,2,69,0.0024888988,0.97501993,2,97,0.007275402,1.0105191,2,122
227,0.005708277,0.97355163,2,23,0.03594833,0.9854834,2,45,0.0,1.089963,3,66,0.0006247456,0.9520499,2,89,0.023182811,0.90117264,2,109,0.0057763197,0.92437994,2,129,0.031019466,0.92897004,2,154,0.0077621057,0.92382175,2,174,0.0,1.0640032,2,200
228,0.010183174,0.9768289,2,20,0.023316735,0.85966873,2,40,0.022630867,0.8103549,2,60,0.0052709463,0.8944786,2,80,0.011603253,0.8548931,2,100,0.046383627,0.84977263,2,120,0.0062763887,0.9349453,2,140,0.007416002,0.9687434,2,162,0.021882711,0.8616602,2,200
229,0.015699599,0.9845747,2,20,0.0,0.84371203,2,42,0.0039262725,0.872807,2,75,0.0,0.93377906,2,95,0.0,0.86638963,2,115,0.0,0.8903019,2,135,0.0077753775,0.84129494,2,156,0.0,0.92385846,2,194
230,0.018005827,0.90976685,2,21,0.059148688,0.8228488,2,41,0.009107243,0.8616994,2,61,0.00978644,0.8009957,0,81,0.010877168,0.7144877,0,101,0.015315046,0.81037915,2,122,0.024075571,0.52637273,0,142,0.0,0.51690376,2,162,0.017921222,0.6946657,1,200
231,0.0003469931,1.055265,2,20,0.0,1.0471145,2,41
232,0.0035990214,1.0143305,2,25,0.025717966,0.8818179,2,61
233,0.0026146078,0.9634566,2,22,0.0,1.0194852,2,42,0.010965362,0.977564,2,62,0.002905584,0.95622474,0,89
234,0.0,1.0408642,2,23,0.0,1.0601257,2,63
235,0.019761566,0.98864263,2,37
