0,0.012104151,1.0251303,2,23
1,0.014925025,1.0064925,2,20,0.01032192,0.93712217,2,42,0.00409059,0.8883301,2,62,0.029044475,0.86546487,2,82,0.028805155,0.8542021,0,102
2,0.016780704,0.90941155,2,20,0.009495994,0.9470185,2,41,0.010533778,0.9961977,2,61,0.0,0.9742333,2,81,0.0,1.004637,2,101,0.0,1.0300697,2,124,0.031328555,1.1064953,2,144,0.00012208495,0.9600324,2,165,0.00023154079,0.97386974,0,200
3,0.005723412,0.99816996,2,33,0.024216792,1.004118,3,53,0.0023411934,1.0175503,2,85,0.002206975,0.987583,2,105,0.0,1.1300162,2,127,0.009756185,1.186705,0,148,0.0,1.1742932,0,168,0.00043847467,1.0640372,2,200
4,0.025501251,0.9183667,2,21,0.018826019,0.9207699,3,41,0.03377578,0.9421829,2,61,0.0,0.9894588,3,83,0.010646388,0.9892615,2,103,0.01216496,0.9663429,2,133
5,0.010385478,1.0180042,2,20,0.0,1.0777003,0,42,0.0009942183,1.1254077,2,62,0.00049084175,1.0243716,2,89
6,0.012279421,0.931191,2,30
7,0.015097771,0.9728319,2,23,0.013212948,0.9882919,2,46,0.0,0.99048513,2,67,0.022022715,0.9736125,2,93,0.010711196,0.93868816,2,113,0.01149501,1.0110879,2,133,0.018431116,1.012782,2,153,0.021185862,0.96544397,2,179
8,0.010692035,0.9564299,2,28
9,0.01550522,1.0188838,2,20,0.0024019817,0.9084757,2,40,0.0073529836,0.90092033,2,62,0.00636577,1.025677,2,92
10,0.0,1.0284963,2,20,0.0,1.0517185,2,41,0.0045208116,1.0140855,2,79
11,0.012355016,0.9757928,2,22,0.047882706,0.97744423,2,43,0.012734326,1.0027922,2,63,0.0,1.0173011,2,83,0.020667845,0.89181346,2,120
12,0.020480009,0.9439782,2,21,0.026929231,0.91400677,2,50,0.0012321902,0.94762874,2,71,0.0,0.94661313,2,91,0.0057888445,0.91465783,2,118,0.0072008064,0.95152396,2,138,0.0008805315,0.97883517,2,163,0.0008016802,0.95898306,0,200
13,0.01132822,1.0028579,2,25,0.0013303186,1.0060886,2,45,0.020752648,0.95495534,2,71,0.016505262,1.0111325,2,94,0.0029725109,1.0094103,2,154,0.0044059455,1.0239332,2,200
14,0.011050766,1.0035943,3,20,0.0045743557,0.9641657,2,52,0.014551541,0.8332446,2,72,0.028138656,0.90105283,2,92,0.06685358,0.7629663,2,112,0.07846885,0.9503599,2,133,0.0,1.0501553,2,153,0.0055323266,1.0105444,2,174,0.10606812,0.8174196,2,200
15,0.032906387,0.9077722,2,20,0.005356802,0.89108914,2,40,0.0019243794,0.89724743,2,60,0.0025229205,0.82762,2,81,0.0,0.56248564,2,101,0.111901425,0.39941832,2,138
16,0.012665536,0.9606648,2,24
17,0.0028522895,0.95307523,2,22,0.0015022486,1.0178092,2,42,0.013370355,1.004626,2,63,0.062814325,0.9164322,2,83,0.018015582,0.84061253,2,103,0.0052515958,0.85076684,2,124,0.011359671,0.90751755,2,144,0.00312223,0.6800754,2,164,0.000286135,0.81238306,2,200
18,0.018626504,0.99968123,2,23,0.007864155,0.9926253,2,44,0.004182677,0.99114645,2,64,0.014591374,0.991097,2,85,0.0007732683,0.9911222,2,106,0.024671376,0.97970265,2,126,0.014114438,0.9599034,2,146,0.048049252,0.95113647,2,166,0.044603992,0.9477291,2,200
19,0.001280967,0.9890563,2,21,0.017683346,0.96620417,2,41,0.0,0.9034915,2,61,0.007232871,0.8576604,2,81,0.0050737,0.9159659,2,102,0.0036289624,0.95773953,3,123,0.0,0.89394224,0,143,0.01737605,0.84603864,0,163,0.0,0.44790933,0,200
20,0.04485649,0.86382884,2,20,0.0028711325,0.66511667,2,42
21,0.0,0.9951166,2,20,0.0050643203,1.0464034,2,42,0.0,0.98844355,2,62,0.0,0.97601,2,83,0.0010938725,1.091957,2,105,0.0,1.1161759,2,137,0.0036721914,1.1134803,2,162,0.012523527,1.0460738,2,200
22,0.007584865,1.046221,2,20,0.0017782648,1.0320804,2,43,0.0017501833,1.0845207,2,66,0.0031962425,1.0548149,2,90,0.004103452,1.0830722,2,114,0.005024195,1.0627266,0,134,0.005596012,1.0685511,2,154,0.004878168,1.0218257,2,177,0.010689213,0.9861131,2,200
23,0.008944283,1.0571016,2,20,0.00067455834,1.0017388,2,43,0.0021505004,1.0302932,2,65,0.020345727,0.9641733,2,89,0.024241442,1.0379946,2,110,0.0,1.0175673,2,132,0.012199891,1.0393244,2,154,0.0016410924,0.94003737,2,176,0.008168906,0.9848253,2,200
24,0.009241148,0.96702003,2,21,0.008330646,1.022176,2,41,0.006703254,1.0236475,2,62,0.0032174967,1.0612999,2,83,0.016614152,1.0045222,2,103,0.007210376,1.0020844,2,131,0.012959625,1.0587374,0,152,0.0052701123,1.0475339,0,172,0.0,0.9977507,2,200
25,0.039401866,0.9848714,2,20,0.009356783,0.9591321,2,40,0.013024698,0.8966044,0,60,0.0,0.9512188,2,80,0.0,1.0406356,2,100,0.0,0.9628824,2,122,0.016654665,0.7779683,2,142,0.002182721,0.9346646,2,163,0.0060250196,1.0499442,2,200
26,0.005488014,0.9835021,2,24,0.011901618,0.9566263,2,44,0.014975925,1.0031438,2,64,0.0,0.88783336,2,88,0.0,0.89768547,2,110,0.0075340075,0.89402,2,132,0.00020965682,0.94867915,2,152,0.02447399,0.92728895,2,175,0.039086036,0.9565298,2,200
27,0.0046022083,0.9997111,2,22,0.0063648503,1.0815535,2,44,0.010643643,1.0170009,2,64,0.004188723,0.9948015,2,92,0.013765694,1.0094004,2,115,0.009493529,1.0672072,2,135,0.005396668,1.0548978,2,155,0.003546426,0.99011886,2,178,0.006442255,0.9869452,2,200
28,0.000389666,0.94382954,2,20,0.012389717,0.89013636,3,40,0.013219733,0.8702409,2,62,0.016415125,1.0032513,2,84
29,0.00970152,1.0307329,2,20,0.0002122214,1.0287564,2,40,0.0,0.9959022,2,60,0.0,1.0123605,0,81,0.0,1.0093566,2,103,0.0,1.0491785,2,123,0.003302869,1.0090442,2,156,0.0056086173,0.96699023,2,195
30,0.0026247513,1.0744833,2,27,0.0,1.0775392,2,54,0.0,1.0270615,2,80,0.004154586,1.0860363,2,101,0.0015995551,1.0464022,2,121,0.0,1.0099047,2,141,0.00029474768,0.9988288,2,163,0.008422113,1.0509534,2,200
31,0.0003850363,0.97140735,2,29,0.009303708,0.95023566,2,50,0.0,0.81786937,2,70,0.007086522,0.76179385,2,91,0.03422561,0.86120355,2,111,0.0,0.8130088,2,131,0.0011149492,0.6523583,2,151,0.039658897,0.8148002,2,173,0.0034949635,0.74038583,2,200
32,0.014531508,1.0078987,2,20,0.0010248333,1.0633293,2,54,0.00048298278,1.0509156,2,74,0.007271168,1.0710374,2,97,0.014513411,1.0276828,2,129
33,0.025520891,0.92403984,2,20,0.021153007,0.90954876,2,40,0.004601367,0.8950072,2,61,0.0,0.8990386,2,89,0.005190881,0.9319849,2,111,0.014629936,0.95634687,2,131,0.01718636,0.9573797,2,151,0.0014449,0.9042392,2,175
34,0.00604724,0.9678648,2,20,0.025132492,0.92745125,2,40,0.08189128,0.875469,2,60,0.005075185,0.96695554,2,81
35,0.009641623,0.985603,2,30
36,0.006372302,1.0058577,2,21
37,0.014524771,0.9707873,2,45
38,0.001356959,0.9613404,2,20,0.008477829,0.98220444,2,40,0.020292204,0.9908903,2,62,0.029766269,0.9786861,2,88,0.003772821,0.96362776,2,109,0.0,0.9025933,2,129,0.015708404,0.9151358,2,151,0.016485363,0.98902166,2,172,0.0061570853,0.92693937,2,200
39,0.0,1.0229235,2,21,0.0,1.0551795,2,41,0.0014859096,1.0517881,2,70
40,0.0054795155,0.97830313,2,27,0.0,0.9803337,2,48,0.0,0.9735822,2,71,0.024121359,0.96841794,2,92,0.0,1.032427,2,114,0.0,1.0545642,2,134,0.0,1.000029,0,154,0.015570708,0.97542447,2,175,0.0,0.87521636,0,200
41,0.009057569,0.9806645,2,25,0.031590797,0.942596,2,48,0.027524069,0.90094894,2,69,0.018226143,0.9859703,2,89,0.005432343,0.9299275,2,110,0.0,0.9520388,2,131,0.007622585,0.95937234,2,154,0.027155513,0.9334802,2,200
42,0.0,0.9967545,2,20,0.0,1.0205086,2,40,0.0,1.0906249,2,62,0.0,1.0744729,2,88
43,0.0,0.9802857,2,22,0.0,1.03478,2,43,0.01375446,1.0399797,2,65,0.005241961,1.0177953,2,88,0.005057093,1.0936315,2,110,0.00045092485,1.0846441,0,133,0.0,1.1422601,0,155,0.0,1.0674925,0,175,0.009193021,1.0723673,2,200
44,4.264544e-05,0.9869848,2,21,0.0,0.9856899,2,47,0.0,0.9832316,2,72,0.00081005035,0.9858196,2,98,0.0068497,0.99605453,0,118,0.0036405616,0.91870177,0,138,0.04196785,0.9443776,2,159,0.031041998,0.93141985,2,179,0.010666869,0.88417816,2,200
45,0.002513299,1.0242556,2,21,0.0,1.0184231,2,53,0.004589446,0.9363101,2,101,0.01291618,0.95802945,3,122,0.021157494,0.89728415,0,142,0.01844603,0.9456126,2,162,0.02394182,0.9555793,2,200
46,0.005733064,1.0248997,2,23
47,0.00046835138,0.9936057,2,22,0.0015023579,0.9986556,2,42,0.024767268,0.8993176,2,63,0.007203306,0.91860914,2,83,0.014905727,0.9598659,2,103,0.0010638643,0.9071997,2,123,0.0034372448,0.94744617,2,143,0.016006492,0.93142724,2,165,0.013527646,0.94485253,2,200
48,0.02494129,0.9620854,2,20,0.0012879925,0.93341625,2,40,0.010857033,0.97135323,2,60,0.019732133,0.9474591,2,81,0.007006444,0.9939146,2,105,0.0,0.9651952,2,125,0.003060647,1.0044328,2,146,0.009457624,0.9549106,2,167,0.023535172,0.9837521,2,200
49,0.017868403,0.83197546,2,21,0.0009266936,0.7653586,2,42,0.002370524,0.64603215,2,62,0.0205444,0.7116187,2,86,0.0,0.8405565,2,106,0.0,0.46388394,0,126,0.0,0.56992966,0,146,0.0,0.5054213,2,166,0.044687413,0.57677406,2,200
50,0.0,1.0900172,2,23,0.0,1.0481645,3,48,0.0008039513,1.0556597,2,90
51,0.0,0.9014478,2,20,0.002315371,0.92447007,2,40,0.0063841026,0.9923759,2,66,0.022755215,0.9622242,0,86,0.018853594,0.84126294,0,106,0.0020607873,1.0331018,2,126,0.004655032,1.0130395,2,148,0.008564274,1.0276539,2,168,0.0014736175,0.9526767,2,200
52,0.017633738,0.90684813,2,22,0.07421132,0.8740657,2,42,0.014548073,0.9554516,2,62,0.0057503176,0.90848356,2,87,0.014604707,1.011594,2,107,0.0,0.901196,2,127,0.0,1.0159508,0,148,0.0,1.1070367,2,168,0.0,1.1192417,0,200
53,0.03405971,0.9762681,3,21,0.0,1.0547051,2,42,0.0023937407,0.8862976,2,63,0.0,1.0107783,2,87,0.0,0.90431815,0,107,0.0012763924,0.8177402,2,129,0.059588946,0.87560576,0,149,0.0045330375,0.7016199,0,179
54,0.008833387,0.6351439,2,20,0.008699333,0.6398083,2,40,0.0,0.55484986,0,64,0.0,0.37592098,0,85,0.0,0.26368287,1,107,0.0,0.17074977,1,145
55,0.015831245,1.0456535,2,22
56,0.0,1.0617834,2,21,0.0,1.0396295,2,48
57,0.0036418296,1.0251493,2,21
58,0.012604894,0.96441233,2,32
59,0.0,0.9848813,2,20,0.033102483,0.93473405,2,41,0.006235547,0.8260311,2,62,0.004117159,0.8752517,3,84,0.019429058,0.9903841,2,104,0.031079102,0.865543,2,124,0.016006026,0.89704114,2,144,0.0,0.9460656,2,165,0.012073092,1.0113345,2,200
60,0.0030639276,0.9557645,2,20,0.0041369973,0.9661741,2,40,0.008868733,0.9211094,2,65,0.0023914375,0.9806658,2,87,0.00854042,0.9594353,2,107,0.026860978,0.9798237,2,127,0.0,1.0279028,2,147,0.0,1.0550902,2,169,0.0026650405,1.0647166,0,200
61,0.0044761193,0.9138652,2,25,0.015548867,0.91790354,2,45,0.01276522,1.0357002,2,73,0.03114069,0.9895233,2,94,0.014696086,0.8950146,2,114,0.0021542986,1.0078709,2,137,0.0,1.0818927,2,158,0.0010368499,1.0154179,0,179,0.012949756,1.0154107,2,200
62,0.00047115423,0.979333,2,33
63,0.0011298885,0.92976606,2,20,0.0,0.9448983,2,40,0.0005596567,0.9911315,2,60,0.004349978,0.99516296,2,80,0.0011211373,1.027073,2,133,0.0,1.0091091,2,154,0.02480357,0.9689454,3,174,0.0057554673,0.8878424,2,200
64,0.0038337267,1.0255374,2,20,0.0026242274,0.9565366,2,40,0.029442566,0.9482957,2,61,0.0,0.907718,2,85,0.0023374178,0.97622555,2,105,0.0,1.0278788,2,125,0.036314968,0.9509297,2,147,0.01470271,0.9021107,2,169,0.00092478644,0.8906829,2,200
65,0.0049995733,0.86491317,2,20,0.025087833,0.88853323,2,42,0.0,1.0203811,2,62,0.0,1.1296717,2,83,0.008819125,1.0822122,2,104,0.0,1.1154228,2,128,0.0,1.1172514,2,149,0.0,0.8972598,2,170,0.04566834,0.7611202,2,200
66,0.0016366789,1.0616331,2,21,0.0007407674,1.0077406,2,51
67,0.012882935,0.96724665,2,20,0.0,0.98509485,2,42,0.030532446,0.9726733,2,63,0.0,1.075796,2,85,0.0,1.082904,2,107,0.0096253585,0.9729963,2,128,0.0034475066,1.034109,2,148
68,0.015153746,0.8970344,2,21,0.01833545,0.8331345,2,41,0.0,0.8009508,2,61,0.01816525,0.8566781,0,81,0.06956355,0.5272868,0,104,0.033927713,0.32632115,2,126,0.23541293,0.31265956,2,158
69,0.0035186086,1.0147506,2,23
70,0.0038331414,1.0092859,2,21
71,0.009755427,0.9894972,2,35,0.0047127525,0.9000343,2,57,0.008548199,1.0043714,3,78,0.014011689,0.97682154,2,99,0.010158634,0.8771447,2,119,0.0036531126,0.92651,2,148,0.0,1.0376047,2,172,0.0,0.9230362,2,200
72,0.0052228193,0.97058284,2,20,0.00705913,0.9868714,2,77,0.034234036,1.0086539,2,97,0.0047758636,0.9629918,2,119,0.004897591,1.0272777,2,139,0.0037865706,0.9997574,2,159,0.005998385,0.9610704,2,179,0.013534069,0.99325335,2,200
73,0.060174845,0.8652106,2,21,0.019217692,0.81687325,2,42,0.0246196,0.6440343,2,62,0.02704075,0.57973355,0,82,0.020821718,0.8272194,0,104,0.011722152,0.81356895,0,125,0.0,0.93307513,0,146,0.0,1.0507387,2,170,0.0,0.8098858,2,200
74,0.014320189,0.99588066,2,21,0.0032316588,1.0098994,2,42,0.018938383,0.9803656,2,63,0.002550673,1.0483105,2,92
75,0.006978722,1.0331889,2,21,0.0006878145,1.0708144,2,50,0.0033584654,1.0308516,2,70,0.0032812199,0.94829047,2,93,0.0035215656,0.9953752,2,115,0.0030131082,1.0336156,2,140,0.00040375852,1.0617658,2,179,0.0,1.0272754,2,200
76,0.0027795853,0.9922345,2,26,0.00814291,0.95840436,0,48,0.049045242,1.0070792,2,68,0.012075263,1.0368078,3,88,0.004508789,1.0067648,2,109,0.011424504,0.97818893,2,130,0.0053550536,0.90079594,2,150,0.026524978,0.9088,2,183
77,0.02595383,0.9316843,2,22,0.002840006,1.0086327,2,42,0.041326813,0.99358976,2,62,0.0064446316,0.8726261,2,82,0.008123855,0.9378373,0,102,0.051919073,0.7530605,2,122,0.04221023,0.5395026,2,144,0.0,0.6880895,2,167,0.030483026,0.5948302,2,200
78,0.008857614,0.9058634,2,20,0.010089221,1.0167648,2,43,0.083258495,0.8696108,2,63,0.024353981,0.87386394,2,84,0.07132446,0.8130273,0,105,0.018488513,0.77634573,0,125,0.031362124,0.66137123,2,145,0.033832617,0.7415462,2,168,0.00748882,0.79689664,2,191
79,0.016801141,0.9101943,2,20,0.0076007075,0.82161474,2,40,0.0062427544,0.9510251,2,61,0.008803109,0.8421341,3,84,0.023849528,0.820768,3,104,0.029281111,0.82179165,3,126,0.0,0.8203772,2,150
80,0.014601471,0.9928814,2,20,0.0084168855,0.9614046,2,40,0.0,1.0349171,0,62,0.0,1.0264671,2,82,0.0,1.0283413,2,104,2.8007265e-05,1.0144647,0,125,0.0,1.024251,2,148,0.00057027105,1.0334693,2,169,0.0022065644,0.99174887,2,200
81,0.002470989,0.9787401,2,22,0.005459039,0.9295122,2,42,0.0,0.95732296,2,68,0.015422258,0.9804613,2,88,0.018100167,0.9684652,2,108,0.027149564,1.035554,2,128,0.0,1.104994,0,149,0.0,1.1400496,0,169,0.001491158,1.1669058,0,200
82,0.055539448,0.75787175,2,20,0.043822937,0.76853716,2,40,0.040875677,0.9006416,2,60,0.01633004,0.9187444,2,100
83,0.015049152,0.996231,2,23,0.0030129831,1.0103939,2,44,0.0030506856,1.0425911,2,65,0.0013514219,1.0181627,2,85,0.005164759,0.9613982,2,116,0.012160047,0.96319765,2,139,0.011322766,0.9289046,0,161,0.03777818,0.87737834,2,200
84,0.002133786,0.929263,2,21,0.0027268333,0.9023564,2,43,0.0072081657,0.8710247,2,64,0.007929526,0.8520519,2,84,0.010742501,0.8524504,2,106,0.0,0.9631796,2,126,0.0,0.89589965,2,146,0.0109622935,0.8744602,2,166,0.01908645,0.65533817,2,200
85,0.02805153,0.9413948,2,20,0.0039946497,0.97779036,2,40,0.040943228,1.0136386,0,60,0.0004847885,1.0466859,3,80,0.041790914,0.8845978,2,100,0.059293903,0.80865705,0,138
86,0.0008465451,0.98695046,2,25,0.030714892,0.8903618,2,47,0.0010071354,0.9141369,2,67,0.011073749,0.9833274,2,87,0.027772455,0.9857276,2,108,0.008070008,0.9391309,2,128,0.0,0.8999341,0,148,0.038466625,0.9271773,2,168,0.06594669,0.9381226,2,200
87,0.011616498,1.0166372,2,21,0.013619503,1.0108589,2,41,0.0035277728,1.0257441,2,62,0.0018215688,0.99210006,2,86,0.00042688928,0.9788925,2,109,0.01587193,1.0133502,2,135
88,0.0008831813,1.0047368,2,20,0.017281052,0.9477161,2,41,0.020478245,0.9956784,2,61,0.0018963709,0.97343683,2,81,0.026352892,0.88012666,2,101,0.0,0.95579845,2,121,0.00048719943,0.8585762,2,141,0.021487964,0.9093391,2,161,0.0054828255,0.8889027,2,200
89,0.009410284,0.9858929,2,21,0.0066308323,0.97272927,2,42,0.0,0.91015434,2,63,0.018250087,0.97910786,2,83,0.053782593,0.824633,2,105,0.0,0.7686853,2,126,0.022750085,0.76856256,2,146,0.022624264,0.9152851,0,167,0.008861407,0.7803978,2,200
90,0.0018918745,0.9676747,2,22,0.025629902,0.95037144,2,42,0.0033197799,0.92233324,2,62,0.07111718,0.8886911,2,82,0.0075716116,0.94896823,2,103,0.022246405,0.925449,2,124,0.0,0.9089019,2,144,0.0,0.8149632,2,165,0.010623151,0.97521645,2,200
91,0.010610807,0.9720773,2,24,0.06059726,0.9073839,2,44,0.0,0.90247846,0,65,0.0,0.9163772,2,85,0.0,1.0151985,2,106,0.0030752001,1.0533961,2,128,0.0,1.0386518,2,148,0.004798115,0.9943921,2,169,0.0011183021,0.9781607,2,200
92,0.008707868,0.9721715,2,20,0.0087255435,0.98935145,2,40,0.004993106,1.0132883,2,61
93,0.010566961,1.0186427,2,20,0.015204145,1.0251554,2,40,0.009834004,0.9730172,2,64,0.0,1.0216386,3,84,0.0,1.0503932,2,105,0.00060345687,1.0113679,2,126,0.0025193505,0.94476146,2,146,0.013557235,1.0133169,2,166,0.0,1.024069,2,200
94,0.009124976,0.9359951,2,23,0.011871851,0.82333004,2,43,0.0017947607,0.84999573,2,63,0.0010953803,0.90463966,2,89,0.018391673,0.89248085,2,109,0.0054742424,0.959679,2,129,0.0,0.96264905,2,150,0.014803938,0.94429517,2,171,0.010301511,0.9377786,2,200
95,0.018809445,1.0106037,2,20,0.02265327,1.0065436,2,45,0.006416322,1.0182582,2,70,0.03681364,0.9318391,2,91,0.012010237,0.9841398,2,113,0.00408109,1.0285771,2,136,0.0,0.9814327,2,157,0.0,0.97261727,2,177,0.010315231,1.0129069,2,200
96,0.007957614,0.9107442,2,20,0.01420383,0.9461474,2,41,0.017331276,0.82793444,2,63,0.017556217,0.90701693,2,84,0.02918973,0.95392257,2,104,0.00032919226,0.9339382,2,124,0.021280793,0.9969283,2,146,0.019295797,0.8975222,2,169,0.029149022,0.91774416,2,200
97,0.0034131885,1.037521,2,22
98,0.0,0.9855877,2,31,0.0011076024,1.0084729,2,52,0.0014985596,0.9602478,2,72,0.046610776,0.8668612,2,92,0.0,0.93191767,2,112,0.0055062464,0.9358792,2,139,0.011132458,0.9915122,2,159,0.006062732,0.9645598,2,200
99,0.031473167,0.8737466,2,20,0.06363119,0.9119066,2,53
100,0.0022601734,1.0628593,2,28
101,0.0013204076,0.98210466,2,20,0.0320308,0.949362,2,40,0.014355345,0.8803855,2,60,0.00058286596,0.9118566,2,82,0.0,0.96290505,2,102,0.010317831,0.92541116,2,124,0.0,0.86190116,0,145,0.0,0.91873014,0,165,0.0038271614,0.7999814,0,200
102,0.012279085,0.98204434,2,29
103,0.0015191857,0.993642,2,23,0.0045952485,0.9994034,2,45,0.005531916,0.9823474,2,73,0.00038204147,0.9752846,2,93,0.0015382662,1.0267687,2,118,0.010911624,1.0241497,2,138,0.0024079948,1.0285646,2,162,0.009835087,0.9458595,2,200
104,0.01313633,1.0450038,2,23,0.0026349865,1.0098338,2,44,0.0,1.0609328,2,66,0.007635853,0.9917904,2,91,0.010359744,0.87025917,2,114,0.0054306258,0.93408746,2,138,0.0,0.92024076,2,168,0.005416172,0.93337035,2,200
105,0.004230683,0.92773294,2,21,0.016743423,0.97616327,2,50,0.0031263605,0.9013257,2,70,0.022878682,0.8924003,2,92,0.022884551,0.83129835,2,112,0.014598353,0.9043897,2,133,0.009461633,0.874801,2,154,0.00072001206,1.0089046,2,180,0.008823503,0.9539067,2,200
106,0.011521885,1.031384,2,20,0.0024233183,1.0170066,2,41,0.0101865325,1.0084792,2,61,0.015605007,0.9601355,2,82,0.07259205,0.9492027,2,104,0.09880106,0.98070014,2,124,0.022029497,1.0053957,2,146,0.006116533,0.9292033,2,169,0.02140472,0.9377296,2,200
107,0.00033614726,0.9180923,2,29,0.022460533,0.9118536,2,50,0.03812774,0.9251623,2,70,0.048090197,0.7838757,2,90,0.023576895,0.7265717,2,110,0.007619309,0.8492468,2,130,0.0,0.88772404,2,150,0.018088987,0.9653082,2,170,0.007806335,1.0075943,2,200
108,0.032050095,0.9077636,2,20,0.019457698,0.88685894,2,40,0.0,0.8374322,2,60,0.038649343,0.8613285,2,80,0.024009686,0.93147594,2,100,0.0,0.96958464,3,120,0.0,0.8590311,2,140,0.06076504,0.8185407,2,160,0.050596856,0.75372577,2,180,0.0,0.777599,2,200
109,0.0010124893,1.0344245,2,20,0.0031970749,0.99184203,2,45,0.003204152,0.99278057,2,65,0.014899969,0.9866075,2,86,0.008630187,1.0104654,2,110,0.02177394,1.0067502,2,133,0.038693734,0.8270302,2,154,0.018550184,0.9514068,2,174,0.0032424761,1.0361097,2,200
110,0.0,1.0334853,3,22,0.0,1.0320113,2,48
111,0.01048366,0.97658426,2,38
112,0.0077189086,0.962842,2,20,0.014823283,0.93855304,2,44,0.011342352,0.9786769,2,76,0.010282022,0.89778304,2,100,0.0033684478,0.83822715,2,120,0.0,0.7741081,2,140,0.012133193,0.85652065,2,160,0.0019178682,0.6779379,1,180,0.062296174,0.31201577,0,200
113,0.010120951,0.8630438,2,22,0.03260197,0.81893694,2,45,0.0,0.6995297,2,65,0.0,0.79763323,2,86,0.08672536,0.5818063,1,106,0.0,0.4356252,1,128,0.0,0.22258231,1,148,0.0,0.34585977,1,169,0.004172146,0.3480681,1,200
114,0.0,0.98776835,2,21,0.005338348,1.006774,2,54
115,0.0062737926,0.9987762,2,22,0.0034186933,0.9889686,2,71
116,0.0066698925,0.9160656,3,20,0.007233052,1.0327926,2,41,0.0027300983,1.0880998,0,61,5.675802e-05,0.9490759,2,98
117,0.00726758,0.963257,2,22
118,0.002795524,0.9904775,2,31
119,7.476155e-05,0.98012763,2,20,0.034301452,0.9208336,2,41,0.01788857,0.8960666,2,66,0.0149026085,0.8241358,2,86,0.022482265,0.9409143,2,106,0.004811075,0.9409,2,128,0.010466545,0.9100132,2,149,0.020549113,0.90103406,2,169,0.0011173991,0.8877719,2,200
120,0.011751302,1.0458013,2,21,0.007307641,1.0554088,2,45,0.0048758746,1.0033196,2,74,0.016102444,0.9440794,2,94,0.04767742,0.8969045,2,120,0.03149874,0.95257205,2,153,0.0380403,0.9414977,2,174,0.007308427,0.96172726,2,200
121,0.019805424,1.0508877,2,31
122,0.0025438184,1.0232413,2,22
123,0.027600562,0.9056376,2,28
124,0.0053904536,0.89702445,2,21,0.00048483425,1.1170831,2,43,0.0,1.1302674,2,68,0.0032331352,1.0517273,2,99
125,0.0035883484,1.0024779,2,26,0.007997076,0.9426807,2,49,0.0071413843,1.0132676,2,69,0.0122361,0.9138142,2,94,0.013285336,0.9398967,3,114,0.031186894,0.9496986,2,134,0.012978296,0.9983649,2,154,0.03904142,0.95856684,3,175,0.025366474,0.9125652,2,200
126,0.01118201,0.9744934,2,23,0.036003187,0.98461026,2,43,0.004955535,1.0093665,2,63,0.006480428,0.9367868,2,83,0.013044638,0.9931501,2,103,0.012489118,0.98760635,2,124,0.0,0.93491983,2,145,0.014326493,0.91442007,2,166,0.016401632,0.9334216,2,200
127,0.009052825,0.85263145,2,21,0.008248561,0.92202187,2,42,0.048620604,0.8229392,2,62,0.026560683,0.79871047,2,82,0.0,0.54031646,0,107,0.0,0.58035076,0,128,0.021123841,0.6717906,0,148,0.009351523,0.84976697,0,175
128,0.012625392,0.8569683,2,21,0.04416117,0.91692954,2,41,0.01499969,0.8008384,2,63,0.0004964639,0.8493801,2,86,0.012696268,0.8023085,0,107,0.0030302494,0.8610339,0,127,0.00043954919,0.8353119,0,150,0.020768505,0.7958575,0,170,0.01601065,0.9437541,2,200
129,0.005734579,0.94918287,2,20,0.0,0.9423094,2,40,0.0,0.9743043,2,60,0.0,0.9835941,0,83,0.0,0.9508095,2,103,0.0,0.84445554,0,123,0.0,0.9327118,0,146,0.0,0.8500408,0,166,0.002318957,0.82357633,0,200
130,0.010644583,0.9683795,2,20,0.00717632,1.0429609,2,40,0.0,1.1618574,2,60,0.0,1.0420798,2,87,0.0062113153,1.0099355,3,107,0.016518403,0.99009275,2,128,0.0,0.84625006,2,149,0.0016595302,0.7759386,2,170,0.008389882,0.8696843,2,200
131,0.017377807,0.95063764,2,21,0.01190848,1.020868,2,50
132,0.0018501818,0.8491386,0,20,0.0,0.8664072,2,41,0.0032358174,0.7401744,0,61,0.0,0.51796037,2,81,0.0,0.62808275,1,101,0.0,0.5219997,1,121,0.00035679172,0.3514722,1,144,0.022986721,0.52406293,2,167
133,0.005205487,0.86016715,2,20,0.008775906,0.8438567,2,41,0.025273394,0.8839491,2,62,0.0,0.9603283,2,85,0.00018426785,0.7603897,2,105,0.023872059,0.7189183,0,125,0.09665124,0.7135336,0,154
134,0.009641985,1.0095831,2,27
135,0.018261578,0.91712904,2,20,0.031150138,0.86077386,2,40,0.0,0.66310066,2,62,0.0,0.7335714,2,82,0.007903974,0.5697974,2,102,0.02599819,0.6692702,2,126,0.0,0.6298631,2,147,0.030406523,0.51660866,2,167,0.028532678,0.776207,2,200
136,0.011649099,0.9815339,2,25,0.0018432314,1.0014975,2,52,0.002201802,0.966226,2,74,0.001953648,1.0435742,2,94,0.0,0.87240565,2,115,0.03621213,0.92369807,2,135,0.0039525838,0.93554455,2,158,0.11238183,0.9007033,2,179,0.036350813,0.9614755,2,200
137,0.002362859,1.0149512,2,25,0.007471445,1.01811,2,45,0.014361186,0.87195826,2,65,0.0164134,0.905673,2,85,0.020390525,0.9501234,2,110,0.005713957,1.0600255,0,130,0.0,1.0190175,2,151,0.013841701,0.9936099,2,171,0.004878567,1.0178891,2,200
138,0.0014983309,0.9931098,2,23,0.010125279,1.0536133,2,43,0.011424839,0.97486305,2,65,0.0011470196,1.0273334,2,85,0.0,1.0531936,2,109,0.0014756259,0.9878817,2,134,0.008591794,1.0313958,2,155,0.0,0.92959946,2,175,0.005502895,0.90164703,2,200
139,0.02680527,0.9306222,2,34
140,0.030371735,0.98916614,2,21,0.016958503,1.0454391,2,43,0.021029664,1.0013576,2,66,0.01955894,1.0077661,2,86,0.021593424,0.9245913,2,116
141,0.011904912,0.97992945,2,23,0.035992682,0.9421867,2,45,0.0084612155,0.9972115,2,73,0.005800271,1.0279232,2,115,0.0,1.0546123,2,151,0.0,0.98813176,2,173,0.0015795161,0.9401085,2,200
142,0.001988529,1.036792,2,21
143,0.002888207,1.0458701,2,23
144,0.0057756817,0.8914096,2,20,0.014401535,0.87208605,2,40,0.0053221895,0.981547,2,60,0.014962153,0.9543891,2,81,0.007053585,0.93081266,2,101,0.0082374755,0.9945939,2,121,0.009992605,0.9557907,2,159
145,0.0156067535,0.9461604,2,21,0.06337417,0.95794475,2,41,0.016167339,1.0017645,2,71,0.012813196,1.0928078,2,91,0.027930286,1.0585532,2,111,0.070774086,0.9545929,2,133
146,0.049388953,0.91601354,2,29,0.007411434,0.9376855,2,49,0.011106067,0.9334815,2,69,0.002852453,1.0231285,3,89,0.0,0.8645533,2,109,0.02310235,0.893894,0,130,0.015090629,0.95746565,2,154,0.017504625,0.929924,2,175,0.00016198248,0.88058037,2,200
147,0.011054536,0.9026809,2,20,0.033837404,0.8917194,2,46,0.03792509,0.73768806,2,77,0.0,0.7552398,2,108,0.0,0.75302786,2,138,0.026995182,0.71228004,2,158,0.012981683,0.6960985,2,178,0.0,0.80987644,2,200
148,0.03886902,0.8969191,2,20,0.0152835725,0.8477489,0,40,0.017764937,0.8438891,2,60,0.021360515,0.936736,2,81
149,0.0041775694,1.0277011,2,20,0.0012352618,0.9209345,2,41,0.0069857016,1.0056322,2,61,0.015579529,0.95429707,2,85,0.025747104,0.9054333,2,110,0.0,0.9620793,2,140,0.013170563,0.94675577,2,163,0.0025300554,0.9756415,2,200
150,0.00452504,0.95199025,2,34
151,0.028122287,0.83969015,2,22,0.043623038,0.88027394,2,43,0.035413884,0.8213209,2,63,0.10854909,0.84429115,2,85
152,0.027684866,0.9894989,2,25,0.0,0.865932,2,45,0.0092481235,0.9730479,2,65,0.014576846,0.8685875,2,87,0.014329289,0.95935905,2,112,0.0,1.0040748,2,133,0.0060227066,0.88087356,2,153,0.050192285,0.9051139,2,173,0.027587935,0.9194398,2,200
153,0.00051009544,0.98476684,2,20,0.009205779,0.98929864,2,43,0.029602263,0.8843034,2,63,0.04524115,0.94956195,2,93,0.0152155785,0.9216997,2,117,0.0074139778,0.9538613,2,139,0.0005953786,0.8934225,2,159,0.018912926,0.91073686,2,179,0.0071042604,1.0335287,2,200
154,0.008060187,1.0511925,2,21,0.0028231384,1.0052252,2,43,0.019652352,1.0058407,2,67,0.011427399,1.0050446,2,87,0.0,1.0120257,2,107,0.0016950351,1.0335207,2,130,0.0034820368,0.9865334,2,151,0.028570985,0.91542894,2,171,0.009711769,0.90642786,2,200
155,0.0,0.83484805,2,20,0.022828124,0.85472876,2,42,0.013355866,0.69558936,2,62,0.0,0.43246955,2,83,0.0,0.22227395,1,103,0.0,0.42487684,1,127,0.022669962,0.42520508,0,148
156,0.012803146,1.0011908,2,21,0.047693435,0.8795634,2,43,0.005158431,0.9460823,2,63,0.0127298385,0.93307465,2,83,0.024573997,0.7477767,2,104,0.0017765803,0.9595234,2,124,0.0,0.92918324,2,149,0.0,1.0055681,2,169,0.0,1.0792445,2,200
157,0.0024813914,0.97482693,2,21,0.0014704671,0.979317,2,56
158,0.0056904247,1.0143763,2,21,0.014957273,0.9485565,2,60
159,0.011956798,0.9165446,2,20,0.015356835,0.9183311,2,63
160,0.0,0.93452007,2,20,0.0126344245,0.93867034,2,54
161,0.008267035,1.0068072,2,21,0.022466982,1.010915,2,41,0.0037231438,0.9787303,2,69,0.019153787,1.0098017,2,90,0.0027592224,1.0078025,2,110,0.014370789,0.98481035,2,134,0.010135708,0.96255463,2,158,0.0,0.9896476,2,179,0.0,0.9526151,2,200
162,0.036359586,0.99699,2,21,0.012797646,0.93442404,2,44,0.0,0.9730765,2,65,0.008040217,0.9779598,2,98
163,0.016355079,0.89390117,2,20,0.035865087,0.94586855,2,42,0.008125534,0.8585765,2,63,0.006532147,0.81560963,2,86,0.0039225477,0.87911,2,106,0.080301516,0.754885,2,126,0.0020479187,0.8752617,2,148,0.023326939,0.92784154,2,168,0.041808292,0.88714457,2,200
164,0.029162193,0.89955825,2,20,0.011662698,0.9215028,2,43,0.039785292,0.94096714,2,73,0.0,0.8457203,2,93,0.0049661887,0.92721397,2,114,0.0132562835,0.835412,2,134,0.007140803,0.803125,2,157,0.0,0.8466194,2,177,0.001249158,0.9463937,0,200
165,0.005694013,0.84443724,0,20,0.0,0.8925109,2,40,0.0054535116,0.7830778,2,65,0.040177338,0.9187758,2,96
166,0.011602262,1.0469577,2,20,0.009544538,1.0642503,2,42,0.0026130092,1.0508101,2,63,0.01495236,1.027558,2,84,0.0010020062,1.0380292,2,115
167,0.011440172,0.89134705,0,21,0.005378459,1.0344142,2,42,0.0,0.90573865,2,64
168,0.0059229713,0.9475472,2,21,0.010232736,0.97036326,2,41,0.045247436,0.90870994,2,63,0.019693013,0.8102449,2,83,0.045657285,0.73792803,2,104,0.0580328,0.7734054,2,124,0.020798722,0.7176012,2,146,0.036454484,0.58778244,0,168,0.052657627,0.7455826,2,200
169,0.013018156,0.99377394,2,20,0.010522316,0.9639805,2,40,0.0,0.9664537,2,60,0.0022152786,0.98035353,0,88,0.0058321394,1.0417204,0,111,4.1018924e-05,1.0151924,2,141,0.005327551,1.0250591,2,161,0.002797656,0.99454725,2,200
170,0.0011120567,0.99320793,2,20,0.011295595,0.97049,0,40,0.0073290085,0.7481923,2,60,0.0,0.7048472,2,80,0.016364928,0.81271994,2,100,0.014161639,0.8427453,0,121,0.0,0.53880364,2,141,0.0,0.67432785,3,162,0.016051246,0.6329092,2,200
171,0.005190948,1.0318185,2,21,0.0060602464,0.9654726,2,41,0.0074600205,1.0373582,2,63,0.0033397828,1.0050831,2,83,0.0034621402,1.02314,2,103,0.016234763,0.8865558,2,123,0.0,0.9719364,2,145,0.00405573,1.0331868,2,165,0.00014308217,1.0404062,2,200
172,0.025429592,0.9801609,2,20,0.01696739,1.0056373,2,42,0.023170376,0.9283256,2,76
173,0.0044486467,1.0279319,2,34
174,0.008855325,0.903162,2,20,0.005405317,0.8337886,2,40,0.016734337,0.8258468,2,60,0.0,0.5042133,1,95
175,0.0048705707,1.0192606,2,26
176,0.0041248524,1.0216106,2,23
177,0.010740919,1.0275985,2,21,0.01556753,1.0139394,2,46
178,0.020300612,0.82291555,2,20,0.023209957,0.92932606,2,42,0.014046085,0.9243682,2,62,0.0066405386,0.9001686,2,82,0.013059571,0.8646553,2,102,0.023989813,0.9223679,2,122,0.0065330314,0.9255575,2,142,0.013099655,0.56981266,2,175
179,0.0,1.0007406,2,27,0.0,0.91198456,2,48,0.02211331,0.94925606,2,68,0.006542561,0.97780573,2,99
180,0.010192688,1.0112243,2,24
181,0.002838963,0.9377865,2,24,0.018093247,1.1052898,2,44,0.026417386,1.0732702,2,77,0.0050687883,1.0661899,2,101,0.0,0.92497516,2,128,0.0,0.9720953,2,151,0.0,0.9985557,2,174,0.0017918267,1.015516,2,200
182,0.01761161,1.0187742,2,21,0.010358002,1.02927,2,48
183,0.0,0.96522254,2,20,0.006522154,0.92112654,2,40,0.018560456,0.897382,2,64,0.017381761,0.8284136,2,87,0.0009768134,0.885493,2,111,0.023914168,0.8946472,2,135,0.0072727054,0.9488305,2,156,0.036644634,0.9485894,2,178,0.0049643475,0.96292186,3,200
184,0.0026525743,1.0385925,2,21,0.009666707,1.0307643,2,41,0.0,1.0897659,2,64,0.001334469,1.0470291,2,86,0.009041209,1.020774,2,117,0.0028213693,1.0213727,2,141,0.010452487,1.092509,2,162,1.9181176e-05,1.1109328,2,200
185,0.0,0.90050364,2,20,0.0,0.74222344,2,40,0.0,0.66773176,2,60,0.012817669,0.8240768,2,80,0.0,0.32164255,1,102,0.0,0.33119237,1,123,0.0,0.45616913,2,144,0.0,0.23478726,1,165,0.00021883973,0.37750953,1,200
186,0.0119638005,0.9915422,2,22,0.0,0.9983157,2,42,0.0068377117,0.96995306,2,63,0.02793769,0.9646635,2,83,0.0064990036,1.0068207,2,104,0.04248893,0.92732704,2,124,0.01694298,0.9288446,2,144,0.015791953,0.9102497,2,164,0.0032493141,0.87490475,2,200
187,0.06395135,0.8983852,2,20,0.0023458288,0.7025162,2,40,0.0001844072,0.5686595,2,61,0.0,0.8735471,2,81,0.0,0.6876704,1,101,0.0,0.7219927,2,121,0.0023025973,0.7938066,1,142,0.0148683665,0.9360698,2,162,0.06305072,0.6378182,2,200
188,0.008646115,0.92921716,2,23,0.016338354,0.66118056,0,43,0.0,0.6696971,0,63,0.006915197,0.6169971,0,83,0.0035552196,0.55427355,0,103,0.05040776,0.3951591,2,124,0.14892192,0.28087682,2,144,0.06679313,0.3507673,2,164,0.0925257,0.44538224,2,200
189,0.027167188,0.9915272,2,22,0.008244659,1.0181665,2,47,0.0038242515,0.9506252,2,71,0.030441077,1.0039165,2,93,0.0,0.88996065,2,113,0.002140315,0.8476604,2,136,0.0,0.92990696,2,156,0.009629659,0.9236889,2,177,0.0055390047,0.85953027,2,200
190,0.0,1.0991375,2,20,0.009009483,1.0406026,2,48
191,0.019754013,0.9990419,2,20,0.001976485,0.9761594,2,46,0.0,1.0018911,2,66,0.015660932,0.9711484,2,87,0.0,1.072386,0,107,0.0,1.0286813,0,127,0.0043711048,0.9961479,0,153,0.0038699023,1.0274124,2,173,0.0006409306,1.0528961,0,200
192,0.018170007,1.0053054,2,26,0.0056908135,1.0641001,2,52,0.0,1.0107307,2,79,0.0015224185,1.0586652,2,99,0.012789363,1.0198666,2,121
