0,0.01429136,0.98888034,2,24,0.03350179,0.9827591,3,46,0.039636414,0.946172,2,73,0.04361769,0.95842123,0,94,0.023870138,0.9056707,2,115,0.02434322,0.95826054,2,135,0.08464964,0.9649583,2,155,0.039626937,0.9242712,2,175,0.024073023,0.8524517,2,200
1,0.0050898576,0.9713357,0,21,0.0,0.93825394,0,42,0.0,0.80664617,2,62,0.00938745,0.928191,3,82,0.0030722995,0.8089964,2,102,0.0,0.7907829,0,123,0.0,0.84831953,0,143,0.0,0.49938083,2,163,0.019556845,0.49269158,2,194
2,0.025072223,0.94321406,2,20,0.016070955,0.9543244,2,55
3,0.0023814852,0.97145474,2,27
4,0.004797083,1.011118,2,22
5,0.0031733885,0.9034734,2,20,0.024842711,0.6308678,2,40,0.0,0.60983044,2,60,0.008461018,0.6388381,0,84,0.014905229,0.7747358,2,104,0.025079722,0.78924406,2,124,0.018006412,0.9506259,2,147,0.0,1.045829,2,172,0.008369335,1.0037463,2,200
6,0.016092649,0.9072242,2,21,0.0,0.8817364,2,41,0.0063356333,0.8842476,0,61,0.004679474,0.92812365,2,81,0.0,0.95925725,2,101,0.0,0.75406027,2,121,0.0,0.8584112,1,141,0.008814072,0.7781607,1,161,0.025153099,0.7938599,2,200
7,0.00040615952,1.0374264,2,31,0.0063494593,1.0579016,2,59,0.019168567,0.9532396,2,79
8,0.002946956,1.014115,2,34,0.0043524746,0.9705862,2,72
9,0.00031230514,0.97059333,2,20,0.007716854,0.8872746,2,40,0.009135941,0.8606217,2,61,0.011026143,0.59081966,2,81,0.093663976,0.6236836,2,101,0.027245665,0.72741044,0,121,0.059637032,0.770669,2,141,0.041877538,0.59355223,2,161,0.036566686,0.62692,2,200
10,0.013398331,0.97689277,2,21,0.0035719243,0.92312944,2,41,0.0075828037,0.9348162,2,61,0.010991607,0.8581111,2,81,0.020672474,0.8945368,2,101,0.021844923,0.9167924,2,122,0.055685382,0.85440016,0,142,0.04830261,0.775869,2,162,0.0,0.9147094,2,200
11,0.02031468,0.94132984,2,26
12,0.0104474295,0.938379,2,20,0.0,0.93931293,2,40,0.018950865,0.9302071,2,60,0.010023748,0.8856109,2,80,0.0,0.8669742,2,100,0.009298997,0.91987854,2,121,0.0,1.1639287,2,141,0.008501754,0.85038054,2,161,0.07506257,0.79143673,2,200
13,0.0,0.9915779,2,22,0.0,1.0312293,2,43,0.040508077,0.9130322,2,63,0.008123186,0.91338384,2,84,0.024446873,0.93699896,2,106,0.022078093,0.91779244,2,126,0.0018505823,0.8918781,2,146,0.0033659742,0.8261076,0,166,0.0065050274,0.90203995,2,200
14,0.00019370003,1.0037037,2,23
15,0.041073807,0.8797852,2,20,0.024848536,0.73589504,0,40,0.027944118,0.8146461,0,60,0.04118741,0.92656225,2,82,0.010330938,0.8955866,0,110
16,0.0071220007,0.9420686,2,21,0.0046059564,0.95569146,2,41,0.0,0.89332944,2,61,0.0036545836,0.8365389,2,81,0.020695994,0.8614706,0,101,0.0,1.0369337,0,121,0.0029850593,0.99191034,0,141,0.006659449,0.85370237,2,161,0.013414562,0.79430914,2,200
17,0.0013324679,0.99700123,2,27
18,0.0072168773,0.9399435,2,20,0.0,1.0005394,2,40,0.01534497,0.95374525,2,60,0.023333767,0.86275274,2,81,0.0,0.94590807,2,101,0.0073527424,0.9803937,2,121,0.0,1.082948,3,141,0.017682841,0.8969928,0,161,0.0014305421,0.84699345,2,200
19,0.008357425,0.9841339,2,24
20,0.0020465308,1.0007888,2,38
21,0.017678224,0.9194807,2,22,0.030102268,0.9305404,2,42,0.015593315,0.92055374,2,63,0.0073882593,0.9513828,2,85,0.005724039,1.0264571,2,105,0.004133689,1.0870601,2,130
22,0.0,0.8950942,2,21,0.023679614,0.87662977,0,42,0.009383247,0.83006966,0,62,0.0,0.9680727,2,82,0.0,0.679707,2,102,0.00970642,0.7802334,0,122,0.08465282,0.70362556,2,142,0.0,0.66190135,2,162,0.06454956,0.70999044,2,200
23,0.002568161,1.01998,0,27,0.0021094142,0.98187655,0,51,0.0,1.037232,2,73,0.0,1.0259992,2,96,0.0,1.0012962,2,117,0.0,1.0302496,2,138,0.0,1.0367992,2,159,0.0,0.98528737,0,179,0.0,1.0597057,0,200
24,0.012201621,1.0422544,2,21,0.00020393477,1.0104682,2,41,0.037901398,0.9675013,2,61,0.009892181,0.9589429,2,81,0.007451516,0.9716829,2,107,0.0076331,0.9997368,2,128,0.023072282,0.9134385,2,148,0.0077494956,0.9249953,2,169,0.005373301,0.9895185,2,200
25,0.0009768703,0.9832467,2,23,0.018976491,0.96552354,2,45,0.00077587215,1.0698658,0,65,0.00015522397,1.0319742,2,86,0.0005682146,1.0140766,2,107,0.040351722,0.9791913,2,127,0.014685841,0.9842428,2,147,0.0044933036,1.0049223,2,167,0.013670643,0.9635212,2,200
26,0.0,1.0424483,2,20,0.0,1.0326099,2,41,0.00962681,1.0036298,2,62,0.0027680197,1.0365616,2,84,0.0011941055,0.9869238,2,106,0.0003537335,0.93848675,2,127,0.008780987,0.89991224,2,154,0.017048474,0.9456059,2,174,0.0040068137,0.99783474,2,200
27,0.011969594,0.9897359,2,26,0.006671024,1.0054381,2,46,0.0034938604,0.9904324,2,66,0.023784604,0.9342745,2,99,0.021338653,0.93771714,2,119,0.012832771,0.95653003,2,160,0.014607389,0.96389925,2,200
28,0.007949633,0.95633715,2,20,0.02680549,1.010852,2,40,0.0030066187,0.94708526,2,65,0.016184883,0.92256564,2,85,0.014824098,0.8084423,0,105,0.00557945,0.9003523,2,125,0.011506603,0.8740883,2,145,0.052598365,0.87616605,2,165,0.0057993904,0.9026544,3,200
29,0.00694303,1.0729927,2,28
30,0.012445138,0.9511894,2,22,0.057443786,0.7803435,2,44,0.0558712,0.75419563,2,66
31,0.0007687193,1.0366924,2,23,0.021715738,1.0060375,2,43,0.013454896,1.009533,2,66,0.008025654,0.95896065,2,94,0.0,0.77618957,2,114,0.0,0.82671976,2,146,0.0035467055,0.8573225,2,166,0.020987153,0.93815446,2,200
32,0.0121009825,0.94896966,2,20,0.014782217,0.93795025,2,57
33,0.0152614275,0.9679932,2,31
34,0.026419288,0.86758506,2,21,0.023943512,0.9074543,2,48,0.010423285,0.9379505,2,68
35,0.008090801,0.9794372,2,21,0.021308951,0.89662856,2,41,0.009263896,0.88535833,0,61,0.005324269,1.0168539,2,82,0.013302575,0.91372335,3,102,0.06497497,0.8611726,3,123,0.004403185,1.0325398,2,144,0.016119802,0.89739436,3,164,0.022778906,0.9025418,2,200
36,0.010956001,1.0040715,2,22,0.0057497965,1.0546892,2,50
37,0.0,1.0719272,2,21,0.006148756,0.99495065,2,56
38,0.012505226,1.0258211,2,21,0.0073468187,0.9448063,2,41
39,0.010560446,0.871487,2,20,0.017225984,0.8900269,2,40,0.015783282,0.9548345,2,61,0.010611441,0.87435603,2,82,0.0,0.865753,2,102,0.01682233,0.67516834,2,123,0.0,0.8639907,2,145,0.0015260123,0.88023835,2,165,0.02575599,0.8177445,2,200
40,0.011237697,0.9647193,2,27,0.0041397023,0.952168,2,47,0.008068147,1.0110465,2,68,0.009869877,0.9808129,2,88,0.0076421127,1.1241238,2,108,0.0,1.0652082,2,129,0.0024611696,1.0875386,2,150,0.035561636,0.91786116,2,174,0.029599976,0.83913463,2,200
41,0.0071875667,0.9952015,2,30
42,0.0,1.0137724,2,20,0.006227928,1.0314031,2,42,0.0,1.0317165,3,62,0.017119436,1.0758064,2,84,0.0,1.0407585,2,105,0.0026743147,1.0601479,2,125,0.016803153,0.9917875,2,168
43,0.004362785,0.9360365,2,22,0.017920662,0.94170666,2,61
44,0.008772716,1.0088168,2,20,0.020235376,0.8719206,2,40,0.0020643529,0.93597496,2,60,0.013386493,0.9730581,2,80,0.026114117,0.80885327,0,100,0.0097242445,0.66464067,3,120,0.00040865087,0.7747839,2,142,0.0,0.8414551,2,165,0.036138702,0.8981626,2,200
45,0.0012369403,1.0183647,2,20,0.023053266,1.0245129,3,42,0.043802943,1.0148766,2,62,0.020352475,1.0115496,2,82,0.0110224765,1.0299495,2,102,0.058397796,0.92827827,2,132
46,0.0020709357,1.03802,2,21,0.0,0.9635771,2,41,0.017566316,0.9680236,2,61,0.012308698,0.7875627,2,81,0.041533723,0.90264577,2,102,0.003632451,0.94557637,2,122,0.018839847,0.8657933,2,144,0.0060764793,0.7787521,0,165,0.0062299636,0.58241093,2,200
47,0.008612947,0.99156576,2,23,0.009354305,0.8967556,2,45,0.04161108,0.9468944,2,67,0.045698907,0.8623668,2,87,0.00881827,0.98600465,2,107,0.011193068,1.0054306,2,130,0.01826999,0.93744016,2,151,0.042432744,0.9403812,2,171,0.012102474,0.9788585,2,200
48,0.021696523,0.93014127,2,20,0.0010283417,0.97883564,2,51,0.0,1.0179111,2,81,0.0,1.0432521,2,109,0.004908666,0.9930474,2,130,0.013487983,1.0142457,2,150,0.0,1.0873358,2,170,0.0020104332,1.0860206,2,200
49,0.015979663,0.92134297,2,20,0.0,0.9704914,2,40,0.013259018,0.9613743,2,61,0.022874951,0.917709,2,81,0.020372894,0.86603725,2,101,0.01818704,0.85859907,2,121,0.018141683,0.9680718,2,142,0.0,1.0288063,0,162,0.0,0.9868917,0,200
50,0.011040795,0.9917602,2,28
51,0.015655583,0.99283755,2,20,0.001484667,1.0456698,2,52
52,0.0013459366,1.0214868,2,24,0.007166916,0.9615494,2,44,0.0,1.0484626,2,64,0.0,1.0128781,2,86,0.006651459,1.0275962,2,107,0.0036727127,1.0459075,2,135,0.011879357,1.0363991,2,170,0.015434173,1.0283602,2,200
53,0.0,1.0179887,2,22,0.0,1.0541985,2,42,0.0,1.0243939,0,64,0.0,1.0371991,2,86,0.00044224263,1.0146444,2,106,0.0,1.0145289,2,128,0.008706268,1.0240878,2,157,0.0,1.0456508,2,182
54,0.02901932,0.93557566,2,20,0.004187738,0.55061096,0,42,0.0,0.6944068,2,62,0.0,0.78563905,2,84,0.007406631,0.4419117,2,104,0.0,0.3715488,3,124,0.0,0.45780635,1,148,0.015319515,0.18027614,1,200
55,0.0016735087,1.0268652,2,20,0.0066028833,0.97136045,2,42,0.0013707286,1.0046711,2,67,0.0067318385,0.9802029,2,91,0.010190836,0.9617001,2,111,0.0037665046,0.9821542,2,131,0.0,0.87217724,2,151,0.08569346,0.73831093,3,171,0.007586378,0.85674995,2,200
56,0.005710994,1.0027869,2,26,0.025018081,0.9580954,2,46,0.011899392,0.9408287,2,67,0.0,0.9424259,2,87,0.0322434,0.9310172,2,107,0.0018376384,0.9147356,2,129,0.0042007677,0.8018042,2,149,0.0016252912,0.9367564,2,172,0.008651083,0.9344451,2,200
57,0.0,0.98751765,2,20,0.025622895,0.9928901,2,41,0.028781358,0.86243,2,61,0.012237755,0.96852183,2,83,0.034278776,0.9101841,2,103,0.0,0.9622358,2,128,0.011208972,1.0152049,2,153,0.008781231,0.904109,2,173,0.0,0.7846605,2,196
58,0.0,1.0136161,2,30
59,0.02191432,1.0199836,2,22
60,0.0014346626,1.0533183,2,20
61,0.0018658269,0.9933033,2,22,0.010072169,0.99575675,2,42,0.0010572403,0.9870292,2,62,0.0051261457,0.9662707,2,130
62,0.02012172,0.9500865,2,38
63,0.007341237,0.9647584,2,21,0.004135534,0.992458,2,41,0.008532959,0.98200953,2,85,0.0056464784,0.97962606,2,106,0.0025717958,1.106921,2,126,0.03643596,0.92420876,2,146,0.0002600605,0.9495108,2,172,0.0,1.0353191,2,200
64,0.0066979667,0.99014807,2,38
65,0.0026892696,0.98415184,2,20,0.004340589,0.930912,2,40,0.0036013299,1.0295137,2,60,0.000376426,1.0333425,2,89
66,0.014868795,0.99498993,2,28
67,0.0018920272,1.076882,2,25,0.0036681972,1.0194257,2,47
68,0.0086258445,0.8443227,2,38
69,0.022996375,0.8924009,2,20,0.0262061,0.9790615,0,40,0.020807933,0.85405153,0,75
70,0.0169396,1.03669,2,20,0.0,1.0042765,2,40,0.0,0.9021382,2,64,0.0021892495,0.8960249,2,85,0.00072313147,0.9372002,2,106,0.004737275,0.94657767,2,126,0.0070748264,0.9611369,2,147,0.0030624014,0.89432395,2,176,0.019649616,0.92771167,2,200
71,0.01471861,0.9942209,2,20,0.0,0.8751816,2,43,0.041069537,0.8829444,2,63,0.015145345,0.89056176,2,83,0.0019797548,0.9490932,2,103,0.017906146,0.9032135,2,123,0.013332656,0.9810541,2,143,0.0010863927,1.0484258,2,163,0.0037829743,1.0006248,2,200
72,0.004378356,1.0260371,2,20,0.0012452069,1.0226902,2,40,0.0007937744,0.9819433,2,61,0.017398423,1.0404327,2,81,0.026712567,0.99901676,2,101,0.0014404797,0.93999064,2,122,0.005749436,1.0140955,2,142,0.0023049277,0.8627281,2,163,0.012710867,0.9597571,2,200
73,0.00497342,1.0130429,2,20,0.034916542,0.8970559,2,40,0.0045031225,0.9237217,0,60,0.0,0.93588185,2,82
74,0.009163045,0.9575656,2,28,0.007493622,0.8737867,2,51,0.0042724423,0.98853517,2,73,0.0,0.99158245,2,95,0.021857103,0.98633975,2,116,0.0041865474,1.0066283,2,136,0.0051404554,1.0361866,3,159,0.016221587,1.0159514,2,200
75,0.027417853,0.9379772,2,20,0.0,0.9337358,2,42,0.021522973,0.9078116,2,63,0.005731844,0.891913,2,85,0.010941881,0.8750416,2,105,0.004571078,0.91546535,2,125,0.059096195,0.77574533,0,145,0.0,0.6806617,0,165,0.0040350184,0.64475363,2,200
76,0.02121669,1.0599933,2,20,0.0026686508,1.0333661,2,41,0.007282784,1.0198197,2,75
77,0.032625593,0.9105016,2,20,0.0,0.80636626,2,41,0.019377898,0.8421539,2,63,0.004717011,0.78771615,3,83,0.011107085,0.8904203,2,103,0.013792183,0.9399637,2,128,0.044096984,0.8507932,2,159
78,0.028457416,0.8347481,0,35
79,0.0011174437,0.9575431,2,20,0.02466378,0.89782256,2,40,0.00660803,0.89469075,2,61,0.010349717,0.9338663,2,90,0.027656266,0.82853806,0,111,0.02361566,0.7833255,3,131,0.0032193654,0.8548428,0,151,0.021915603,0.74011385,0,171,0.00019945776,0.9173324,2,200
80,0.01832709,0.9668013,2,20,0.012736287,0.8944013,2,43,0.01510476,0.9345829,2,63,0.011660086,0.8620539,2,83,0.0062069707,1.0453118,2,106,0.0,0.92565745,2,126,0.005609329,0.98879194,2,146,0.03978101,0.93902034,0,168,0.015355382,0.8891976,2,200
81,0.012061402,1.0066737,2,22,0.0,0.96280587,2,42,0.02104466,0.9433398,2,62,0.012264398,0.9726499,2,82,0.004063111,1.0167081,2,103,0.0,1.0528239,2,126,0.0,1.0808423,3,146,0.0017705753,1.0539131,2,166,0.001981029,0.98693454,2,200
82,0.013650201,0.96914876,2,20,0.0019074817,0.9821685,2,41,0.02199225,0.9565991,2,61,0.0053398684,0.9268995,2,85,0.012907185,0.90209097,2,106,0.002522315,0.9639233,2,139,0.019225825,1.0218272,2,160,0.013589529,1.1204801,2,200
83,0.0049687275,1.0491525,2,25,0.0,0.98129827,2,45,0.0065136044,0.95932406,3,65,0.025840726,0.9528698,2,85,0.0122099,0.9109025,2,106,0.013427572,0.9650935,2,134,0.032540973,0.77600646,2,156,0.04272173,0.79056185,2,177,0.025192255,0.8490505,2,200
84,0.004032063,0.948441,2,20,0.0,1.0286164,2,40,0.0,1.1357963,2,60,0.0,1.0202553,2,80,0.0,0.7325682,0,100,9.869669e-05,0.8636838,2,121,0.0,0.78213054,0,145,0.018066972,0.7994698,2,165,0.011930389,0.65119356,2,200
85,0.014866271,0.9937154,2,26
86,0.021047082,0.9680002,2,36
87,0.004374746,1.0187154,2,22,0.0074477377,1.0133643,2,45
88,0.03499738,1.0007775,2,20,0.016608847,0.97453153,2,42,0.02903662,0.99129736,3,62,0.016526625,0.9648099,2,82,0.0011573924,0.9485408,2,103,0.014917982,0.89694005,2,123,0.0115503315,0.9893799,0,143,0.0,0.9548237,2,163,0.023339456,0.92181265,2,200
89,0.0067395656,0.8983606,2,20,0.0035416402,0.8785055,2,40,0.01155955,0.8369554,2,60,0.0030668438,0.93440866,2,80,0.04735901,0.87698764,2,101,0.006798656,0.7320759,2,121,0.0,0.7476359,0,141,0.0,0.5783328,3,162,0.014235393,0.6450697,1,200
90,0.00048489962,0.9727128,0,20,0.017271414,0.8810302,2,41,0.01112561,0.93981355,2,64,0.018605607,0.9497222,2,91,0.001497579,0.9543948,0,114
91,0.011758594,0.9933175,2,21
92,0.036999334,0.9039677,2,38
93,0.016280005,0.9982298,2,23,0.002521696,1.0580488,2,43,0.0026093998,1.064639,2,85,0.000381127,1.1387423,2,106,0.0,1.0387307,2,126,0.0,1.1061083,2,149,0.0014098351,1.0779339,0,171,0.0005241899,1.0647085,0,200
94,0.034390654,0.762835,0,21,0.0254556,0.5210333,2,45
95,0.020952065,0.92899275,2,21,0.015382702,0.97829735,2,41,0.007948779,0.83602464,2,63,0.004492481,0.895486,2,83,0.026268214,0.9173223,0,103,0.006712196,0.98936725,2,128,0.0054579186,0.9620842,2,148,0.09377966,1.043978,2,168,0.042079233,0.90863395,0,200
96,0.006236599,1.0077783,2,43
97,0.011561718,0.96599877,2,27,0.003418491,0.92500985,0,48,0.008462225,0.86228716,0,69,0.042849604,0.9313068,2,91,0.005619088,0.9646999,2,111,0.028654372,0.7441745,2,134,0.03759656,0.8752469,2,154,0.0033344268,0.91347057,2,174,0.0,0.7805042,0,200
98,0.0,0.9675315,2,21,0.0002071327,0.96501243,2,42,0.004343486,0.9125943,2,65,0.005479315,0.9233514,2,85,0.0,0.864746,2,105,0.0075565493,0.82496005,2,126,0.0,0.7920019,0,150,0.0,0.5172105,2,171,0.0,0.6933459,2,200
99,0.007229757,0.9588972,2,22,0.0019206579,1.0759337,2,81
100,0.029882383,0.9260082,2,21,0.030364584,0.9018309,2,46
101,0.016236167,0.9037875,2,20,0.0031662122,0.95486224,2,40,0.017790537,0.84074897,2,60,0.0,0.9346635,0,80,0.020640524,0.89801216,2,102,0.0104369195,0.8521919,2,143
102,0.015700163,0.9596537,2,22,0.0029101933,0.9927657,2,47,0.011614704,1.0428101,2,73,0.028056134,0.98374015,2,94,0.0,0.9624855,2,114,0.0018568399,0.88184726,2,134,0.0,1.0546473,2,154,0.026240468,0.9160635,2,175,0.022901475,1.0382426,2,200
103,0.01908218,0.9363391,2,20,0.017300043,1.0125272,2,40,0.03876378,1.000274,2,60,0.008214815,0.971296,0,80,0.039210726,0.9475196,0,101,0.025272181,1.0057409,3,121,0.057821132,0.9082187,3,142,0.036855757,0.7664112,3,163,0.032373097,0.8996414,3,200
104,0.012699334,1.0373858,2,20,0.013532281,1.048815,2,40,0.006793775,1.020371,2,65,0.0011994625,0.99893254,2,85,0.025345238,0.99941474,2,106,0.008504184,0.99859875,2,126,0.010490486,0.98461056,2,146,0.0028531507,0.8986062,2,169,0.0,0.72439647,2,200
105,0.018721418,0.9812414,2,24,0.019709637,0.96704227,2,44,0.0009321021,0.9835049,2,64,0.011757305,0.958607,2,84,0.0,0.7362043,2,105,0.034504123,0.7961511,2,125,0.0,0.6683059,0,149,0.0,0.79173374,0,169,0.018617814,0.8706099,2,200
106,0.045770727,0.9307126,2,20,0.035111636,0.8179923,2,40,0.008395769,0.7206803,2,68
107,0.0007930541,1.0019765,2,20
108,0.011446559,0.99441373,2,21,0.007230846,0.9279961,2,43
109,0.0,0.95382136,2,20,0.006154633,0.8616296,2,40,0.045688566,0.8892526,2,61,0.0006388721,0.9807975,2,82,0.00467856,0.91822016,2,102,0.0,0.8514717,2,122,0.024545342,0.8129722,2,142,0.02822718,0.832176,2,162,0.014741533,0.92988896,2,200
110,0.009527206,0.9848174,2,27,0.014867976,0.99231565,2,47,0.018791635,0.98214966,2,102,0.059675455,1.0259244,2,122,0.0153731005,0.9555765,2,156,0.023404658,1.0221418,2,180,0.02195498,0.9664451,2,200
111,0.027729655,0.88345873,2,20,0.028338546,0.8419285,2,40,0.0,0.71258354,0,63,0.0,0.6478071,0,83,8.067125e-05,0.5447788,2,104,0.0,0.5586306,2,124,0.01185912,0.7942461,0,144,0.020874333,0.54789424,0,164,0.038942132,0.6490594,2,200
112,0.008092545,0.95439255,2,20,0.0,0.9602729,2,40,0.0033762127,0.89594626,2,64,0.0041119675,0.7758415,2,85,0.024116661,0.7716377,2,105,0.013778313,0.83841,2,127,0.027833303,0.55462635,2,147,0.009727302,0.7627513,2,168,0.002552973,0.67166674,0,200
113,9.16836e-05,1.0625874,2,35,0.0,1.0878112,2,58,0.0,1.0326904,2,78
114,0.0065047536,0.9778171,2,39
115,0.0046591433,0.94019765,2,20,0.03295883,0.9307529,2,41,0.0073540797,0.98128015,2,61,0.02614687,0.9254571,2,81,0.035884827,0.88488215,2,103,0.012937431,0.7859726,2,124,0.02470528,0.8144838,2,144,0.0,0.71571815,2,164,0.012839854,0.7483275,2,200
116,0.008061268,0.98089063,2,29,0.02542377,0.9755588,2,53
117,0.00981194,0.9556162,2,20,0.0,0.9473412,2,57
118,0.011198627,0.9413439,0,20,0.0,0.96590513,2,46
119,0.015539609,0.8851887,2,20,0.03623762,0.9063528,2,40,0.039282944,0.86217386,2,60,0.005800235,0.8200668,2,81,0.017158553,0.71056026,2,101,0.01513584,0.640117,2,121,0.045232113,0.81110823,2,141,0.022672622,0.82142895,2,162,0.036739383,0.8264698,2,200
120,0.0027653042,1.0352018,2,20,0.007166531,1.0462385,2,49
121,0.011592265,0.95860326,2,20,0.015865734,0.96702003,2,40,0.0,0.9006969,2,61,0.0020450025,0.84198177,2,81,0.0,0.97712576,2,101,0.003276859,0.93152565,2,126
122,0.0002615191,0.94965667,2,20,0.0,0.97690946,2,40,0.0019947495,1.0233033,2,60,0.006250395,0.9964496,2,81,0.0,1.0884478,2,110,0.0,0.9240915,2,131,0.027573321,0.99074763,2,151,0.017988127,0.883908,2,172,0.014027824,0.8868384,2,193
123,0.013345666,0.96883476,2,20,0.010459877,0.97542703,2,43,0.0014960485,1.0062298,2,70,0.0054694475,1.0996498,2,108
124,0.006216032,0.98584396,2,20,0.0,1.0004064,2,44,0.030702094,0.9968919,2,73,0.0048212055,1.0081695,2,116,0.0,1.060807,2,144,0.0,1.0122225,2,169,0.017097827,1.0503951,2,200
125,0.0029574432,1.0127702,2,23,0.020083958,0.98183984,2,44,0.02157777,0.95841205,2,64,0.02804248,0.9344323,2,91,0.0,0.95306516,0,112,0.022217283,0.9758804,2,134,0.0,0.9632055,2,156,0.01570791,1.0409218,2,179,0.023500737,0.93934387,2,200
126,0.00028677323,1.0083766,2,20,0.02839763,0.9863289,2,40,0.0011691801,1.0320106,2,67,0.011319112,1.0308532,2,87,0.004854267,0.97026664,2,107,0.009275417,1.0043907,2,139,0.0,1.0139174,2,162,0.005333815,1.0222422,2,200
127,0.018922476,0.9322506,2,23,0.025046611,0.8592421,2,43,0.004700877,0.7006618,0,63,0.019709833,0.715879,0,85,0.08666302,0.47612816,0,106,0.010099169,0.21571374,0,130,0.0,0.25865155,2,150,0.08528272,0.31979588,2,188
128,0.010568372,0.9343884,2,30
129,0.0076125236,0.96891344,2,31
130,2.3240817e-05,1.0906833,2,22,0.01050912,1.0041409,2,62
131,0.004604585,0.98493606,2,21,0.009948307,0.9744614,2,41,0.023709312,0.9041454,2,61,0.027990485,0.8443718,2,81,0.001910764,0.8900692,2,101,0.025586564,0.98739874,2,123,0.002815347,0.9595714,2,146,0.007872641,0.9438855,2,167,0.018453268,0.9411002,2,200
132,0.011548395,0.8907126,2,21,0.0,0.8084819,2,41,0.0008550845,0.9199852,2,61,0.0012498879,0.9953012,2,82,0.005184129,0.9591876,2,102,0.021956638,0.88614845,2,122,0.011970411,0.56657827,2,153
133,0.0023042273,0.99381185,2,21,0.018254962,0.96954346,2,41,0.0061602695,0.9771293,2,61,0.0,0.8815651,2,81,0.0032649024,0.8758432,2,104,0.013322119,0.9378999,2,127,0.012018486,0.9754369,2,154,0.002284066,0.9349924,2,175,0.017302789,1.0517696,2,200
134,0.0017097773,1.0044591,2,20,0.0,0.99829423,3,40,0.004122501,1.0645885,2,60,0.012076935,1.0005363,2,90,0.0,0.994702,2,113,0.0072149043,0.97505176,2,139,0.008362739,0.9578023,2,162,0.0025314654,0.9133387,2,200
135,0.0,1.0131989,2,20,0.007923806,1.0282853,2,40,0.0,1.0296918,2,74,0.013340684,1.0794754,2,101,0.0013425704,1.0655009,2,142
136,0.0017025408,0.9441722,2,20,0.016475488,0.94011706,2,40,0.014275648,0.9433818,2,60
137,0.006820195,0.97093475,2,25,0.024552427,0.92389625,2,47,0.055631943,0.88850623,2,67,0.009130729,0.92912114,2,87,0.0047301436,0.9349886,2,107,0.00017778129,0.9812387,2,127,0.02206056,0.8769347,2,147,0.0060762116,0.8153012,2,168,0.022447089,0.82464725,2,200
138,0.0,0.90932167,2,20,0.023557633,0.88481236,2,40,0.01062309,0.9004036,2,61,0.008799436,0.99459666,2,81,0.011801916,0.9746895,3,102,0.021115042,0.92003447,0,125,0.09472855,0.9111281,2,146,0.0102072945,0.9139101,2,167,0.015478859,0.86166674,2,200
139,0.022417426,0.9679408,2,24,0.0,1.0288175,3,45,0.015408944,1.0075287,2,66,0.010489637,0.8879175,2,86
140,0.0,0.9693651,2,20,0.025507253,0.9422762,2,40,0.025114685,0.8842207,2,60,0.015390353,0.9274809,3,80,0.0048007355,0.9813795,2,100,0.035709962,0.92825156,2,121,0.0,0.97588396,2,141,0.015674308,1.0133934,0,161,0.0075840116,0.9366099,2,200
141,0.0012714383,1.0613431,2,54,0.0,1.0582697,2,75,0.018008554,0.9988483,2,95,0.0070696915,0.95132256,2,119,0.0,1.0063913,2,139,0.0,1.0088377,2,159,0.0030301611,0.9726798,2,200
142,0.023622977,0.948468,2,20,0.0051960903,1.0558237,2,40,0.01114773,1.0576285,2,61,0.015003541,0.9698413,2,82,0.0,1.0635498,3,102,0.0,1.1319022,2,123,0.002760953,1.1070715,0,143,0.0,1.1263008,2,163,0.0,1.0667198,2,200
143,0.0,0.95557326,2,20,0.016848773,0.9471261,0,56
144,0.01999226,0.9154438,2,20,0.023293156,0.9320179,2,43,0.00804357,0.9269703,2,63,0.000918791,0.9224741,2,83,0.02655314,0.8599221,2,104,0.0,0.86745524,3,125,0.0052671796,0.9046148,2,145,0.093659155,0.853914,2,168,0.0025606402,0.92087376,2,200
145,0.0004729256,1.0119451,2,22,0.013391287,1.0174627,2,45
146,0.0021562255,0.9924482,2,20,0.0031362474,0.89843655,2,44,0.013165161,0.87050307,2,64,0.008349133,0.9587941,0,84,0.0041851704,1.0603952,3,107,0.00096764433,0.9086661,3,128,0.0036680046,1.0054458,3,148,0.025947135,0.9623846,3,168,0.07974666,0.8656537,2,200
147,0.0,0.90056354,2,20,0.0,0.7051817,2,40,0.0,0.71030617,0,60,0.045264166,0.9031719,2,81,0.00047118726,0.96771985,2,103,0.011818501,0.87876767,2,127,0.03582071,0.69527864,2,147,0.003847668,0.70624924,2,167,0.032100994,0.884339,2,200
148,0.015697079,0.8292366,2,20,0.011336918,0.7319378,2,41,0.019132296,0.87862486,0,62,0.0055506304,1.1136296,2,82,0.0,0.7401117,0,102,0.0,0.31832236,0,122,0.0,0.77431774,2,142,0.0,0.4643627,2,162,0.04504515,0.4493613,2,200
149,9.257105e-05,1.036411,2,37,0.002248445,1.0597789,2,60,0.0,1.019356,2,105,0.0012378682,1.0414016,2,125,0.0,1.0460423,2,147,0.0,1.063187,2,168,6.226561e-05,1.0394108,2,200
150,0.019104647,0.9044244,2,30
151,0.010016714,0.95812863,2,20,0.012345084,1.0081526,2,51
152,0.012953339,0.9419789,2,28,0.06526078,0.8613399,2,48,0.001894223,0.9624209,2,70,0.02041706,0.9073566,2,97,0.008156134,0.8877486,2,117,0.0016553531,1.0958796,3,138,0.0008688491,1.1152565,0,159,0.006617597,1.0812575,2,200
153,0.0,1.0184394,2,20
154,0.0203081,0.9466017,2,21,0.014710554,1.0234083,2,43,0.012988629,0.92568845,2,63,0.022487782,0.9281117,2,83,0.025403272,0.9182541,2,103,0.02353192,0.95597017,2,123,0.04452394,0.9545125,2,146
155,0.007228992,0.94833267,2,20,0.023001064,0.91982126,2,40,0.0,1.0409176,2,62,0.0,0.9228215,2,82,0.035677593,0.96991634,2,102,0.0,0.93607694,2,122,0.0007187825,0.85999864,2,145,0.0,0.80464804,0,165,0.0064465767,0.8401454,2,200
156,0.021078968,0.97311074,2,22,0.032112345,0.9035373,2,43,0.0,0.9957644,0,63,0.0,1.0080528,2,85,0.009585463,0.96752167,2,109,0.0009647247,0.9476232,2,130,0.011690358,0.9555583,2,150,0.008291163,0.9069688,2,174,0.044931795,0.89021754,2,200
157,0.0113968775,1.0072087,2,21,0.0,1.0411183,2,48,0.0,0.93547183,0,69,0.0052599255,0.8699665,0,91
158,0.03394736,0.93456876,2,20,0.0066836886,0.83042544,2,40,0.015322417,0.9929137,2,60,0.014454839,0.9014049,2,84,0.060647562,0.7966378,2,106,0.013909359,0.90957564,2,126,0.0,0.83316255,2,149,0.08193596,0.7819996,2,169,0.05936138,0.80134004,2,200
159,0.0138220955,1.0146977,2,20,0.021333007,1.0221803,2,43,0.0060250084,1.0289005,2,69,0.009273699,0.9916021,2,89,0.006472729,1.0270562,2,113,0.0059517524,0.97547066,2,134,0.00296066,0.9680417,2,155,0.0103722485,0.8606925,2,175,0.034364637,0.8840658,2,200
160,0.0,1.0566027,2,30
161,0.011146804,0.91581935,2,20,0.01153673,0.86478007,2,40,0.0008784326,0.88082457,2,60,0.00920123,0.83038074,0,83,0.018407177,0.6596832,0,103,0.06690856,0.6458182,2,133
162,0.009623563,0.97003907,2,20,0.0024961457,1.0349711,2,47,0.005486401,0.9893708,2,67,0.022195432,0.9823426,2,87,0.0008975019,0.92180234,2,108,0.024518598,0.9255272,2,128,0.00079586066,0.8203142,2,148,0.0,0.84054476,0,170,0.0,0.8105344,2,200
163,0.003490846,1.0456634,2,20,0.015134384,1.055269,3,40,0.0,1.0840011,2,67,0.0,1.0962906,2,103,0.0,1.1068217,2,123,0.0,1.0710056,2,143,0.0,1.1358718,2,164,0.002208232,1.0826129,2,200
164,0.006789559,0.9781009,2,43,0.015715612,0.92145413,2,67,0.0022926517,0.96687925,2,104,0.01585412,1.0099488,2,124,0.005609242,0.9565126,2,144,0.024592038,0.9151599,2,164,0.0162969,0.8426436,2,200
165,0.004902497,1.0220509,2,23,0.009643545,1.0389496,2,43,0.022747165,1.0744431,0,63,0.017826188,0.9997496,2,85,0.007810816,0.9901609,2,109,0.0054786312,1.0528108,2,131,0.015527017,1.0235423,2,152,0.0,1.0335811,2,173,0.0030315418,1.003376,2,200
166,0.01269965,1.0470254,2,21,0.0050639817,1.0309983,2,45,0.0,1.0692952,2,67,0.0069024437,0.9968774,2,88,0.04919906,0.90676194,2,120,0.057862293,0.91546315,2,148,0.020120863,0.97010165,2,200
167,0.013255703,0.7694107,2,20,0.0,0.70223176,2,40,0.0045888736,0.63884383,2,60,0.0,0.5438901,2,80,0.0,0.65634984,2,100,0.0,0.6541787,1,123,0.008524521,0.7221641,2,145,0.0035927393,0.74174464,2,165,0.073298246,0.68700314,2,200
168,0.0,0.93539584,2,20,0.0,0.9670253,2,43,0.058274634,0.8960207,2,63,0.004454078,0.936919,2,98
169,0.0037671712,0.95924264,2,28,0.013510019,0.9679742,2,48,0.0010692537,0.9890682,2,68,0.02950416,0.87517846,2,91,0.014665261,0.96043825,2,111,0.0023476258,0.9899777,2,132,0.005143329,0.9904148,2,157,0.020172419,0.9880889,2,178,0.010065236,0.98734385,2,200
170,0.030532056,0.97237605,2,33
171,0.009813174,0.99262905,2,20,0.0,1.0050253,0,41,0.0020418107,0.9898291,2,62,0.0010951029,1.0227544,2,82,0.0,1.0346701,0,102,0.0,0.8868381,2,122,0.0,0.79968023,0,142,0.0,0.62718,0,163,0.0,0.5747898,0,200
172,0.009190457,0.9067606,2,23,0.0,0.876119,0,43,0.030371632,0.8357381,0,64,0.0075477697,0.71836513,0,85,0.117903665,0.6937121,2,105,0.011796741,0.84303766,2,133,0.012871626,0.88494134,2,158,0.017863968,0.8498168,2,178,0.03975106,0.8334747,2,200
173,0.07244806,0.7591785,2,20,0.009326615,0.6975365,2,40,0.004947843,0.8176075,0,60,0.013832484,0.846858,2,80,0.006364739,0.8348913,2,100,0.02431074,0.7694298,0,120,0.0298154,0.8472296,2,142
174,0.00011447404,1.0149133,2,23,0.018623292,0.90863836,2,44,0.028109144,0.9511739,2,64,0.0023623453,0.8946003,0,84,0.0043532588,0.8842394,3,104,0.010687905,0.89773875,0,127,0.026997002,0.92035466,3,148,0.018888773,0.7710849,2,168,0.04702943,0.750396,0,200
175,0.012541451,0.910149,2,20,0.0049482537,0.8791462,0,40,0.0,0.81477803,2,60,0.03789731,0.8016199,2,80,0.000106189495,0.83465403,0,100,0.0035648167,0.9364168,2,128,0.021354033,0.9925787,0,148,0.0,0.8660471,2,168,0.025912115,0.8628284,2,200
176,0.008895536,1.0102003,2,40,0.00078752905,1.037596,2,61,0.0,1.0914537,2,97,0.0033938487,1.07781,0,118
177,0.0021431185,0.9957305,2,20,0.00078007375,1.027358,2,45,0.0037079125,1.0086339,2,65,0.0055506555,1.0510513,2,88,0.00014568093,1.0553466,2,108,0.0042189383,0.98102105,2,129,0.0,1.0007408,2,150,0.0,1.0193088,2,173,0.0,1.0127393,2,200
178,0.018251793,0.88120914,2,25,0.0021403753,0.92927724,2,45,0.07641607,0.74086714,2,81
179,0.011340432,1.0153548,2,20,0.0,0.9177359,2,41,0.0,0.98961985,2,62,0.015137593,0.9096997,2,98
180,0.0,0.9794827,2,22,0.032627236,0.9435175,2,42,0.0063797226,0.9588496,2,63,0.0,0.9703067,2,83,0.058400255,0.7082511,2,103,0.021768408,0.73922336,2,123,0.014251572,0.798226,2,143,0.020066775,0.81292045,2,163,0.040101428,0.6741472,2,200
181,0.0038449187,0.9905329,2,24
182,0.009802727,0.9404255,2,20,0.018975051,0.9610916,2,43
183,0.004382608,1.0532609,2,35,0.0016330741,1.016577,3,56
184,0.013030342,0.94473153,2,24,0.008681392,0.94789994,2,44,0.0045320964,0.9926602,2,65,0.0,1.05479,2,90,0.0018449065,1.0297244,2,110,0.003075532,1.0289588,2,130,0.064774305,0.92383236,2,152,0.015348338,0.8915101,2,172,0.00076682225,0.94809246,2,200
185,0.0031479723,0.98917305,2,20,0.004882466,0.9281575,2,47,0.0045906375,0.9816453,2,83,0.0060029863,0.95055366,2,108,0.0019005967,0.9650792,2,137,0.015500704,0.9536234,2,157,0.0,0.9443586,2,179,0.0032710338,0.91530627,2,200
186,0.008517622,0.974442,2,20,0.0,1.0079582,0,40,0.011970046,0.9561654,2,63,0.0,1.008414,2,83,0.038179196,0.7187537,2,103,0.026866626,0.6527074,2,123,0.007657313,0.82966256,2,150,0.04789616,0.81209147,2,170,0.032965735,0.7731513,2,200
187,0.022338178,0.9401215,2,27,0.008313052,1.0447038,2,125,0.0050764587,1.0235817,2,176,0.009707221,1.0749029,2,200
188,0.043573543,0.94592875,2,20,0.0,0.90942955,3,40,0.003807079,0.91726243,2,60,0.010583637,0.85444516,2,80,0.0009158097,0.9425815,2,100,0.038595017,0.8814382,2,121,0.041796036,0.88949376,2,149,0.062860794,0.88694435,2,170,0.018036814,0.90008396,2,200
189,0.007940591,1.0226011,2,31
190,0.03747516,0.92421514,2,21
191,0.002043163,0.96989715,2,20,0.008714448,0.977657,0,40,0.0022848775,0.8172604,2,60,0.01024998,0.87706774,2,80,0.0030097757,0.92904234,2,101,0.0,0.98087883,2,122,0.021520019,0.91699874,2,142,0.021350857,0.89295495,2,162,0.0025198923,0.82712924,2,200
192,0.023286521,0.98082554,2,20,0.006232291,0.9510559,2,40,0.017704709,0.9878229,2,68,0.0,0.9950166,2,100,0.01485125,0.9845093,2,124,0.029056361,0.97044784,2,145,0.018202964,0.98368835,2,167,0.03781518,0.912054,2,200
193,0.0,1.0369631,2,21,0.0,1.0574027,2,57
194,0.0078881215,0.9624388,2,24,0.0065760557,0.9562944,2,55,0.013342719,1.0030937,2,76,0.007543898,0.9309751,2,97,0.0029175042,0.97445893,2,127,0.007330529,0.9688549,2,150,0.0036781852,1.0422598,2,174,0.006766296,0.98043656,2,200
195,0.0016791061,1.0165074,2,31
196,0.0,1.068822,2,21,0.0,1.0105766,2,59
197,0.0029399167,0.9197651,2,21,0.07398859,0.85185593,2,41,0.01426314,0.935266,2,61,0.0,0.7307714,2,81,0.0,0.8685218,0,101,0.03823086,0.8179817,3,121,0.004833418,0.8949334,2,141,0.01138211,0.8176244,2,161,0.016338617,0.47916627,0,200
198,0.0017530173,0.945528,2,23,0.0,0.89744043,2,44,0.013985425,0.9843691,2,64,0.0018127935,0.94832104,2,85,0.021803956,0.9270347,2,106,0.035876263,0.9036877,2,131,0.03438113,0.841925,2,151,0.011893372,0.86242616,3,171,0.0232815,0.8298781,2,200
199,0.0,0.94755346,2,20,0.00109959,0.87034214,2,40,0.015624481,1.020385,2,60,0.0063662273,0.9982513,2,82,0.0019194019,0.95179397,2,103,0.013765889,0.99287117,2,123,0.020137845,0.92124385,2,143,0.010817511,0.86842364,2,163,0.011325878,0.7362187,2,185
200,0.024434427,0.96497345,2,20,0.011759079,0.9613656,2,40,0.0019990313,0.9372896,2,69,0.014820042,0.920245,2,89,0.0,0.90997314,2,109
201,0.0099625215,0.9923272,2,21,0.00930472,0.99374616,2,41,0.00018490534,0.9717428,2,61,0.014760513,0.93703586,2,82,0.006208373,0.89388514,2,102,0.013718379,0.8704355,2,141
202,0.011986339,1.0092962,2,25,0.0022176912,0.95612526,2,46,0.017048316,0.8879873,2,67,0.00873535,1.0195165,2,97,0.0,1.0094429,2,120,0.0,1.0616904,2,142,0.0,1.0688728,3,164,0.003945755,1.0662197,2,200
203,0.026557812,0.9712249,2,20,0.012639873,0.93929076,2,47,0.0,0.9568489,2,70,0.01562157,0.9632885,2,90,0.01956713,0.9157435,2,110,0.0014133519,0.91904706,2,131,0.051026013,0.97357637,2,155,0.047091346,0.91459435,2,176,0.0036722189,0.9486572,2,200
204,0.0004028961,1.0183399,3,20,0.0034391973,1.0537956,2,41,0.0067063044,1.042952,2,65,0.009451786,1.005327,2,97,0.0039141867,1.0459461,2,118,0.0,1.0502691,2,139,0.022276592,0.991152,2,159,0.009533984,1.0181557,2,200
205,0.0,0.6449076,0,20,0.0,0.39492333,2,40,0.0,0.5790533,2,60,0.015950428,0.65541154,2,80,0.0,0.41102466,1,100,0.0,0.22159329,1,123,0.02203739,0.26435143,1,144,0.0011906862,0.30435634,1,183
206,0.010529113,0.99551964,2,20,0.0047686873,1.0316198,2,61
207,0.00579036,0.97770005,2,20,0.050910547,0.92219824,2,42,0.024612527,0.90849113,2,62,0.023595318,0.90543497,2,82,0.00046200733,0.8065344,2,102,0.0,0.77642435,2,122,0.0,0.6299638,1,142,0.027221728,0.60113424,1,163,0.021438789,0.57451516,2,200
208,0.020608965,0.94637454,2,21,0.015228659,0.95899945,2,41,0.04242958,0.89884377,2,64,0.0,0.9270589,2,85,0.010945873,0.8665245,2,105,0.0038579702,0.9759099,2,131,0.058128618,0.9547833,2,151,0.0045489836,0.9731746,2,172,0.02811627,0.9615203,2,200
209,0.0062887026,1.0206834,2,20,0.006120269,0.97325075,2,40
210,0.0,1.0031856,2,20,0.008434664,0.9740635,2,40,0.010849551,1.0416882,2,61,0.009547304,0.95178974,2,97
211,0.000600066,0.96619946,2,24,0.036214262,0.8846572,2,51,0.021675002,0.8211743,2,71,0.010285105,0.86418855,2,91,0.010622034,0.9169744,2,111,0.00757449,0.8673846,2,131,0.0071101277,0.9462531,2,151,0.022018371,0.9394436,2,174,0.015960075,0.9728485,2,200
212,0.0043576276,0.9626559,2,29
213,0.018610941,1.0121404,2,22,0.0023851143,1.0192368,2,56,0.007403237,1.0195802,2,76,0.0051354454,1.0182776,2,97,0.005955592,1.0252324,2,123
214,0.012606884,0.87536955,2,20,0.0,0.9488194,2,41,0.013223195,0.9961186,2,63,0.001815866,1.0304621,2,88,0.0,1.0249629,2,112,0.004629602,0.9741516,2,139,0.0023804079,0.9894417,2,168
