0,0.010549475,0.99001926,2,36
1,0.022429109,0.95739514,2,23,0.038323395,0.878981,2,43,0.005177831,0.92280996,2,64,0.0012681138,0.8830412,2,85,0.036753066,0.9358145,3,105,0.027346227,0.9231919,3,125,0.018653598,0.80764663,3,145,0.055450387,0.914266,1,165,0.022214396,0.6191905,2,200
2,0.017481714,0.902783,2,25
3,0.009690433,0.9438836,2,25,0.017065555,1.0496211,2,45,0.012626231,1.031578,2,65,0.0008315008,0.94822425,2,85,0.0,1.0253736,2,107,0.0030626534,0.94679874,0,145
4,0.0,1.069038,0,21,0.017003985,1.00111,2,43,0.0,0.9044484,2,63,0.0048880754,0.9568795,3,83,0.036216926,0.99318373,3,103,0.04158041,0.9079361,2,126,0.008400365,0.93396354,2,148,0.022176439,0.9535047,3,169,0.028443556,0.90343595,2,200
5,0.0,1.112601,2,20,0.0008054032,1.0658084,2,52
6,0.018091992,0.89850724,3,20,0.05224427,0.88894683,0,40,0.049840495,0.7842711,0,60,0.013929184,0.9120612,2,80,0.06222507,0.8572719,2,102
7,0.011813194,0.9166149,2,21,0.028194586,0.8072871,2,42,0.026106495,0.93712795,2,62,0.004287492,0.92702293,2,83,0.008652604,0.9927387,0,103,0.030004757,0.9655113,0,124,0.016880106,0.79486275,2,145,0.042183753,0.87379545,2,168,0.004439444,0.66394037,2,200
8,0.016991863,1.0016714,2,21,0.011178588,0.98925674,2,42,0.0037291355,0.9954745,2,65,0.0,1.0199294,2,94,0.011181885,0.9606042,2,114,0.017924042,0.9297835,2,134,0.010691958,0.78417045,2,155,0.011487657,0.6557533,2,175,0.033724543,0.8894586,2,200
9,0.0032923885,1.0040165,2,20,0.0,1.043745,2,48,0.0,1.0324541,2,69,0.00090440584,0.99911916,2,92,0.0,1.0276402,2,112,0.002366585,1.0672488,2,133,0.0018794946,1.0654207,2,154,0.00680776,1.0529625,2,200
10,0.0034861087,1.1005229,2,38,0.0,1.0583932,2,58,0.008246348,1.025894,2,78,0.0013933157,0.97703946,2,112,0.028487897,0.94560784,2,132,0.010251135,0.9878158,2,163,0.0025680044,1.0559803,2,200
11,0.0,0.98662597,2,21,0.011040852,0.92851686,2,42,0.0049533295,0.9139681,2,62,0.0049855816,0.93088704,2,82,0.0179099,0.93621206,2,102,0.003868706,0.9570134,2,123,0.0072110062,0.92768705,2,143,0.001602432,0.94797856,2,166,0.026099965,0.9368942,2,200
12,0.0071582757,0.98676336,2,23,0.0014883861,0.96087915,2,64
13,0.0027719347,0.892491,2,23,0.025639437,0.9819709,2,44,0.0,1.0355991,2,71,0.0,1.0590894,2,91,0.00053182396,1.1357505,2,115,0.0,1.0636543,2,142,0.007855941,1.0782624,2,174,0.0053179804,0.992046,2,200
14,0.006777601,1.0625376,2,20,0.00562279,1.0613558,2,41
15,0.0008374714,1.0424049,2,25,0.00030219107,1.0996237,2,50,0.0,1.062566,2,70,0.0063599707,1.0334789,2,95,0.0,1.0562484,2,115,0.0019196289,0.9577125,2,136,0.00062823144,0.9774798,2,156,0.0046495087,1.0637361,2,180,0.00259978,0.9540809,2,200
16,0.004316199,1.0349208,2,22,0.0020912213,1.0471624,2,50,0.0,1.0889359,2,70,0.0053247274,1.0708224,2,90,0.0,1.0258477,2,116
17,0.025035467,1.0459862,2,26
18,0.0046489974,1.0230187,2,32
19,0.008265987,0.97524977,2,20,0.011899893,1.0001804,2,41,0.0014789605,0.9803318,2,61,0.0027178766,0.86846644,0,83,0.0,0.912632,2,103,0.029067196,0.9211657,2,125,0.0,0.8136004,2,145,0.00525301,0.82431185,2,168,0.014960545,0.86183715,2,200
20,0.0034762525,1.0282685,2,21,0.0,1.0488513,2,41,0.014417384,0.9725816,2,71,0.0,0.9448697,2,91,0.00047791298,0.94608396,2,112,0.0071752947,0.8472206,2,135,0.0267387,0.98665535,2,155,0.0030991996,0.86930597,2,177,0.0062213684,0.9256757,2,200
21,0.0,1.0000626,2,20,0.00090604107,0.95458084,2,42,0.012115196,0.822161,2,63,0.006184046,0.9317953,2,83,0.039700255,0.8800406,0,105,0.0488254,0.83963513,2,126,0.0,0.9590971,2,146,0.0023466619,0.82008016,0,167,0.064274184,0.7216564,2,200
22,0.004256618,0.9562445,2,23,0.03501857,0.9551231,2,43,0.02010688,0.9176031,2,64,0.0009692969,0.9319471,0,84,0.0065203803,0.88037646,2,104,0.015695164,0.9541499,2,125,0.0,0.9561698,2,145,0.0049805804,0.821146,2,169,0.067793615,0.9824471,2,200
23,0.0074825734,0.9440031,2,20,0.0042437515,1.0073065,2,41,0.020084321,1.0353148,2,61,0.010403182,0.96050346,2,81,0.007541774,0.9335933,2,104,0.0016612038,0.97131675,2,131,0.006260049,0.9849303,2,162,3.761901e-05,0.976874,2,200
24,0.010626963,0.98330575,2,41,0.003705635,0.96605206,2,63,0.0,0.8897599,2,83,0.009120634,0.8980192,2,106,0.0018522262,0.9681601,2,131,0.021545198,0.9265271,2,154,0.005636856,0.95566344,2,180,0.0,0.8495572,2,200
25,0.01896235,0.95876276,2,20
26,0.002372835,0.9772692,2,30
27,0.014532631,0.9904712,2,21
28,0.0036309646,0.95461845,2,21,0.006788862,0.86367416,2,41,0.008445047,1.0143633,2,73
29,0.026315544,0.96524465,2,23
30,0.029184237,0.7463839,0,39
31,0.010510085,0.99301875,2,20
32,0.0025142655,0.92189264,2,20,0.0,0.96024966,2,41,0.007888514,0.89361346,2,64,0.005907361,0.9869969,2,90,0.0057037906,1.0064903,3,110,0.016290683,0.8922785,2,130,0.016024001,0.90553105,2,150,0.0294225,0.96344423,2,177
33,0.009388918,0.9778721,2,20,0.0055582006,0.96921575,2,42,0.011249317,1.0473852,2,75,0.0104863355,1.0677602,2,101,0.0,0.986747,2,126,0.0,0.9466853,2,146,0.0,0.9070511,3,167,0.0,0.9454818,2,200
34,0.0,0.86888415,2,21,0.0,0.7119752,2,41,0.02784591,0.5792502,0,61,0.031192685,0.7078136,0,81,0.0,1.1434948,2,101,0.0,0.9935943,2,121,0.0,0.83672434,1,142,0.0,0.56222403,0,165,0.037835997,0.4191426,0,200
35,0.008721575,0.885146,2,20,0.01065114,0.97905195,2,40,0.016268723,0.92692363,2,60,0.0,0.855471,2,85,0.0134965,0.9514844,2,105,0.013422118,0.89677376,2,126,0.04012898,0.78355783,2,148,0.0,0.8042592,0,169,0.01023857,0.88369983,2,200
36,0.009110021,0.95046425,2,20,0.041067746,0.8573254,2,44,0.046235252,0.8291689,2,64,0.0054386235,0.9573182,2,84,0.0,0.81248236,0,104,0.042604692,0.5828757,2,124,0.06350907,0.43716475,2,148,0.049805425,0.40625137,0,168,0.036771342,0.3976441,2,200
37,0.0,0.8840121,2,21,0.0,0.9752267,2,42,0.013051481,1.0083194,2,64,0.0,0.996322,2,87,0.0002654275,0.99819386,2,107,0.0,1.0343217,2,129,0.0,0.99555814,2,150,0.0,0.8419606,2,170,0.0163794,0.8899421,2,200
38,0.0022571068,1.0369236,2,20,0.0,1.0625592,2,45,0.0016272217,1.0509903,2,65,0.029958567,0.92576337,2,86,0.026031896,0.9709549,2,106,0.006008574,1.018224,0,126,0.0,1.0144681,2,152,0.0,1.0724447,2,172,0.0032697972,1.0567472,2,200
39,0.01890879,0.92908496,2,20,0.008375595,0.8764471,2,40,0.0,0.8492719,2,60,0.0018127423,0.72062236,2,80
40,0.004681266,0.88599557,0,20,0.026485084,0.8392903,2,45,0.0113528455,0.9394035,2,70,0.04288095,0.9309994,2,91,0.0076892814,0.80526805,2,129
41,0.001379891,0.9149846,2,20,0.0,0.92272115,2,41,0.0029065658,1.0765553,2,71,0.0,1.1496757,0,92,0.0,1.1135501,2,116,0.0,1.1434981,0,137,0.0,1.1587664,2,157,0.0,1.1048743,2,179,0.0,1.100765,0,200
42,0.03304076,0.93554246,2,20,0.018360313,0.9381327,2,41,0.032772746,0.8980297,2,69,0.0208111,0.93719745,2,94
43,0.016281413,0.99354553,2,20,0.021449436,0.99337214,2,41,0.0,0.9901226,2,70
44,0.0,0.990307,2,20,0.0,1.0136694,0,41,0.0028369501,0.9798134,2,64,0.0,1.0454891,3,84,0.0,1.0549419,3,104,0.0,0.9923375,2,124,0.0006921086,1.0487076,2,151,0.016777841,0.9602478,2,176,0.0,1.0329671,2,200
45,0.024891099,0.8749156,2,20,0.006523301,0.8828299,0,42,0.061760355,0.67807883,2,65,0.002912016,0.80680025,2,85,0.018589621,0.8349923,3,106,0.013070305,0.8787061,2,126,0.033444982,0.8162783,2,146,0.0047360826,0.8554001,0,166,0.013308648,0.7723447,2,200
46,0.012473102,0.98483557,2,21,0.037220445,1.0510939,2,41,0.03851775,0.9559123,2,61,0.014134942,0.91627586,2,81,0.028960865,0.86568916,2,101,0.0,0.80609095,2,123,0.0,0.7200569,2,143,0.0,0.7034597,2,163,0.056562554,0.72516245,2,200
47,0.010076359,0.9799227,2,21,0.01644667,0.83157015,2,41,0.0,0.91408557,2,63,0.0027587798,0.8489669,2,83,0.020295253,0.9721875,2,103,0.022011546,0.8667303,2,125,0.049574994,0.76929694,0,146,0.008821034,0.6869125,0,166,0.013481371,0.5333368,0,200
48,0.03396902,0.94147694,2,29,0.0013637076,0.9375084,2,49,0.0,0.9220624,2,70,0.007330035,0.88639796,2,90,0.0,0.844295,2,111,0.038478006,0.86678255,2,131,0.0,0.9244707,3,151,0.014366031,0.8585542,0,172,0.025676753,0.9237626,2,200
49,0.007138965,0.99923676,2,20,0.009178388,0.9424945,2,45,0.007667125,0.9968271,2,65,0.013606421,0.9584099,2,90,0.018181745,0.9704177,2,126
50,0.0,0.9980912,2,21,0.0027756798,0.99256974,2,41,0.009345163,0.8935071,2,61,0.013102075,0.96694833,2,81,0.018049445,1.0363996,2,101,0.042145394,0.92848414,2,121,0.029152546,0.929896,2,141,0.02329966,0.91967,2,161,0.02862492,0.9948125,2,200
51,0.01842103,0.90864384,2,20,0.013492089,0.83935964,2,41,0.0065678777,0.97747374,2,61,0.01860869,1.093354,2,84,0.006911256,0.92754036,3,105,0.0,0.8916658,2,125,0.0043807155,0.99340403,2,145,0.019531269,0.893116,2,165,0.064876065,0.8676665,2,200
52,0.053987946,0.8960867,2,32
53,0.008220693,1.0111687,2,20,0.0,0.9444655,2,40,0.0026341113,1.0698292,2,60,0.0,1.0320417,2,84,0.0,1.1017202,2,104,0.0,1.0585455,2,124,0.0,1.0088304,2,145,0.0,1.0406897,2,173,0.0019078716,1.0045465,2,200
54,0.0068323375,1.00066,2,20,0.049221855,0.866914,2,40,0.0013831423,0.94497645,2,61,0.008568394,0.8006266,2,85,0.0,0.76330405,2,105,0.008388579,0.66592664,2,126,0.002975116,0.752907,2,146,0.030724436,0.87586224,0,166,0.022821233,0.7420239,2,200
55,0.0066450164,0.9575552,2,20,0.0045717475,0.9876657,2,48,0.00665353,1.0347049,2,68,0.0075579644,0.93819857,2,88,0.019036885,1.0014805,2,108,0.0115888845,0.9032744,2,129,0.010358011,0.8625041,2,150,0.0,0.7293925,2,173,0.019303657,0.81750715,2,200
56,0.0012602082,1.0362971,3,20,0.0031420803,0.97891504,2,42,0.011669891,0.96248364,2,67,0.012263009,0.881213,2,87,0.0034509592,0.7994796,3,107,0.012845707,0.9251965,2,127,0.01662858,0.8264764,2,147,0.0029653318,0.638242,0,169,0.02875255,0.7080009,2,200
57,0.0002733939,0.96667975,2,22,0.013100746,0.9232595,2,47,0.005705389,0.98400325,2,67,0.0104993675,0.9640933,2,88,0.00796199,0.91474515,2,110,0.030750196,0.93123925,2,138,0.0061586997,0.9470975,2,158,0.014473877,0.8972853,2,200
58,0.028178615,0.86283684,3,21,0.0016647356,0.9249078,2,41
59,0.008825524,1.0434858,2,20,0.0030026578,1.0153744,2,50,0.0,0.98708034,2,72,0.0064670253,1.039212,2,94,0.0065916814,0.9965143,2,114,0.004564351,0.95381975,2,143
60,0.007769458,0.7614788,2,20,0.044360977,0.83451253,2,40,0.001950165,0.8425454,2,60,0.014195949,0.69917816,2,80,0.018515449,0.5128132,0,100,0.00866807,0.83902395,2,121,0.0,0.8599602,2,141,0.0018718478,0.86560756,2,161,0.021989064,0.8383659,2,191
61,0.002451708,0.9591921,2,20,0.010518531,0.984352,2,40,0.0,0.9085056,3,60,0.0,0.79858005,2,80,0.0,0.64716446,2,100,0.0,0.7724025,2,121,0.0,0.79549855,2,144,0.0,0.9230022,1,166,0.022899315,0.79904926,2,200
62,0.0077918265,0.95443916,2,21,0.040085454,0.9322442,2,41,0.036346108,0.9580793,2,66,0.020302115,0.94690067,2,89,0.031042289,0.9143901,2,109,0.025373593,0.6815635,2,130,0.0141728325,0.4837481,0,150,0.038409546,0.42034206,1,170,0.02103533,0.65416175,2,200
63,0.0047541345,0.98237735,2,20,0.005057503,0.91356146,2,49
64,0.010504019,0.9236554,2,23,0.0,0.93348014,0,43,0.05949855,0.88848096,2,63,0.010782616,0.88430977,2,85,0.0078261895,0.97134876,2,105,0.010455132,1.0406086,2,126,0.02509064,0.95703477,2,146,0.014151418,0.8224299,2,168,0.017640602,0.8459586,2,200
65,0.0,1.0044369,2,24
66,0.0,1.0428666,2,20,0.0,1.085247,2,51
67,0.0016143237,0.7941198,0,21,0.030456038,0.6881917,2,59
68,0.011794856,0.9338771,2,20
69,0.0032742629,1.0086845,2,23
70,0.0056142192,0.92035526,2,22,0.0,0.9429939,2,43,0.0,0.8943266,2,65,0.0004823221,0.906233,2,85,0.0,0.7264415,2,125
71,0.016581254,1.0035402,2,20,0.008778359,1.0006069,2,40,0.0,1.0348285,2,60,0.0014931769,0.8884068,2,82,0.0025264875,1.0015368,2,105,0.011808865,0.9802793,2,125,0.02796678,0.9710038,2,147,0.0008292439,0.9475007,2,175,0.00205396,0.8251564,2,200
72,0.0030030585,0.9724464,2,25,0.0017372891,1.0151299,2,45,0.000966893,0.9078827,2,69,0.0,0.8445544,2,94,0.0,0.69794446,2,114,0.0299424,0.7331503,2,143
73,0.0048040473,0.9874521,2,24,0.016723631,0.8024691,2,48,0.029972333,0.77700126,2,68,0.0,0.6554957,2,89,0.07490776,0.48538637,2,109,0.08550267,0.6785154,2,129,0.0181801,0.64865196,2,155,0.04885345,0.811654,2,175,0.023069628,0.89766675,2,200
74,0.0043150187,1.001805,2,31,0.0023516584,0.8838764,2,87,0.0012630018,0.9233125,2,107,0.012879484,0.9970037,2,133,0.010186809,1.057288,2,157,0.008994838,0.99912673,2,177,0.0076598176,1.0856619,2,200
75,0.003237559,0.99734557,2,23,0.0,0.9649765,2,46,0.0038254156,1.0101581,2,69,0.008730303,0.94254315,2,89,0.012652904,0.86445403,2,111,0.008513196,0.88386565,2,131,0.0,0.72049147,2,152,0.0,0.7399708,0,172,0.04600266,0.52388793,0,200
76,0.00269208,1.0103439,2,23
77,0.0,1.0380962,2,21
78,0.0056252927,0.9728268,2,24,0.018046428,0.9583592,2,46,0.0021061127,0.95433784,2,68,0.0,0.9074901,2,93,0.021044226,0.9475934,2,119,0.021162782,0.90798503,2,139,0.0,0.91507024,2,159,0.010179256,0.93933004,2,200
79,0.0113352435,1.0399109,2,28,0.012741597,0.9605899,2,48,0.0,1.028519,2,68,0.0018870048,1.0027592,2,88,0.00814812,0.96666616,2,109,0.008251489,1.0638807,2,129,0.0009439829,1.0273377,2,154,0.000992032,0.92992747,2,175,0.054179803,0.9050591,2,200
80,0.013545431,0.91960347,2,20,0.0,0.8891854,0,40,0.014365171,0.7787007,2,60,0.05903557,0.78031576,2,80,0.0,0.73966724,2,100,0.004143833,0.97334385,2,120,0.0,0.959568,2,140,0.0,0.9845044,0,160,0.007920528,0.5947439,2,180,0.0,0.59662217,2,200
81,0.027818196,0.8230023,2,35
82,0.008243272,1.0162318,2,20,0.02054609,1.0311495,2,40,0.014044344,1.0293539,2,60,0.004855531,1.0118055,2,87
83,0.0032388691,0.95588076,2,21,0.008821358,0.95945585,2,55
84,0.006517993,0.9813358,2,44,0.0061846953,0.9527936,2,68,0.008913233,0.9531295,2,88,0.00043822368,1.0054344,2,112,0.013056129,1.0236881,2,137,0.027761286,1.0079039,2,157,0.02722026,0.9856108,2,177,0.014238179,0.9554372,2,200
85,0.03462074,0.94393796,2,20,0.016216386,0.8789638,2,40
86,0.0028265144,1.0155566,2,20,0.015358031,1.0346766,2,41,0.034990255,0.9788702,2,64,0.0,1.0273511,2,86,0.0,1.0223218,2,108,0.0032182564,0.99269104,2,129,0.00071924995,1.0010891,2,151,0.008435018,0.9126145,2,171,0.018827284,0.84936,2,200
87,0.0,0.99222165,2,22,0.0,0.99526113,2,44,0.0030210544,1.0197334,2,65
88,0.0070300223,0.9753315,2,23,0.016463876,0.9458631,2,43,0.006173224,0.9068783,2,63,0.0033977474,0.9569881,2,105
89,0.0026206665,1.042261,2,28
90,0.011525954,0.9100076,2,20,0.01430655,0.872003,2,48
91,0.016774317,0.9711876,2,23,0.0,1.0407301,2,43,0.0,1.0524623,2,77
92,0.0,1.0612389,2,25
93,0.0050362973,0.9345843,2,20,0.037857234,0.91025394,2,43,0.0049474053,0.8691509,2,64,0.0,0.8107666,2,84,0.083036624,0.7741947,2,105,0.014735327,0.82134736,2,126,0.010519222,0.849052,2,148,0.017556097,0.9548356,2,169,0.0036202145,0.9234651,2,200
94,0.00043658764,0.8663842,2,20,0.00589823,0.97539675,2,55,0.0008900517,1.0395972,2,78,0.007773069,0.98622143,2,116,0.0172964,1.0104676,2,136,0.00308396,0.89358526,2,158,0.018808426,0.7851996,0,192
95,0.0142887095,0.9519107,2,24,0.005453038,0.8855406,2,46,0.006481202,0.8916143,2,66,0.0,0.9020299,2,89,0.013628049,0.9721838,2,109,0.005490576,0.91524744,2,146
96,0.014389465,0.9931487,2,20,0.0076459288,0.9806639,2,43,0.021280833,0.885689,2,65,0.012602654,0.9671814,2,85,0.006474018,0.9918796,2,105,0.013815051,0.9994934,2,125,0.0,0.9573925,2,149,0.0,0.9098034,2,170,0.00060913374,0.81670666,2,200
97,0.025108287,0.9548588,2,21,0.029510448,0.9379032,2,41,0.004224938,0.9025936,2,69
98,0.0026086303,0.96429217,2,20,0.010070906,0.9728959,2,41,0.019193117,0.93055993,2,61,0.029119343,0.8473698,0,81,0.013559954,0.8053196,2,101,0.022060413,0.8688801,2,124,0.024657829,0.91618663,2,145,0.018359536,0.9301975,2,172,0.026139576,0.9183832,2,200
99,0.004377201,0.96153754,2,29
100,0.03324906,0.6930547,2,20,0.0,0.734233,0,40,0.105659634,0.63623667,2,61,0.0,0.68585384,2,82,0.00516552,0.453741,2,102,0.008449082,0.38119835,1,125,0.0,0.41218376,1,151,0.0,0.34136027,2,173,0.006968421,0.46487734,1,200
101,0.008360832,1.0186838,2,21,0.010520543,0.99148357,2,42,0.030740995,0.9404219,0,62,0.031028181,0.9377982,2,86,0.023465198,0.9833193,2,106,0.011082646,0.89987576,2,126,0.08317514,0.90708494,3,146,0.013410112,0.940143,2,166,0.010180898,0.8459469,0,200
102,0.018594375,0.94914263,2,20,0.0043643946,0.95080984,3,40,0.0054039657,0.96013325,2,60,0.01452292,0.91095746,2,80,0.008769922,0.89095694,2,105,0.011878977,0.916187,2,125,0.011589066,0.86316854,2,145,0.018092081,0.9130328,2,165,0.014586762,0.9634951,2,200
103,0.000104781335,0.91245395,0,20,0.020047214,0.8753589,2,40,0.006661136,0.90203255,2,61,0.0052834144,0.9427345,2,82,0.00267092,0.9416269,2,102,0.020090772,0.89951146,2,130,0.008593499,0.83997124,0,150,0.0,0.54133886,1,172,0.0,0.70786566,2,197
104,0.026030913,0.9035164,2,23,0.0,0.77806956,2,43,0.00614595,0.8240652,2,82
105,0.0,0.9821147,2,21,0.028735569,0.91834927,2,41,0.0031406053,0.865751,2,63,0.014558079,1.0031142,2,94
106,0.0,0.93942624,2,20,0.01870228,0.97142065,2,40,0.034534864,0.9442288,2,60,0.0019158704,0.88848126,2,81,0.0,0.8159447,2,101,0.004447966,0.8908106,2,121,0.0,0.9887686,2,141,0.016784012,0.81641036,2,161,0.020095311,0.840538,2,200
107,0.00018190689,1.0553693,2,29,0.00013992596,1.0060331,2,51,1.6723945e-05,0.97528255,2,71,0.0062361285,0.98429716,2,91,0.0033767405,0.9757124,2,111,0.017697046,0.9675584,2,131,0.021102415,0.9159728,2,154,0.022983136,0.9300628,2,174,0.051685333,0.89367896,2,200
108,0.007840127,0.8618304,2,23,0.0,0.8381305,2,43,0.0,0.810706,2,89,0.0061760307,0.7510045,2,109,0.0053129294,0.8492232,2,136,0.054681126,0.9020605,2,158,0.009406159,0.8043426,2,178,0.026755748,0.7838997,2,200
109,0.019547878,0.93592906,2,21,0.007293538,0.6960107,2,41,0.06906135,0.8047267,2,62,0.016731283,0.94227993,2,83,0.0060805064,0.9591076,2,110,0.011850594,1.036588,2,130,0.0,0.94751275,2,150,0.020459434,0.9059298,2,173,0.021473465,0.98985904,2,200
110,0.027012903,1.0057906,2,20,0.01439977,0.8190537,2,42,0.008834152,0.87766206,2,62,0.0017817833,0.9339522,2,83,0.0043832124,0.89990777,2,103,0.005706748,0.9429295,2,124,0.0010290118,0.97065187,2,150,0.0,0.90651786,2,170,0.026155615,0.91015494,2,200
111,0.013115192,0.85348666,3,20,0.014336636,0.90803355,2,40,0.028690374,0.9559251,2,60,0.0,0.7583095,2,80,0.005955886,0.6788246,0,100,0.032656338,0.66604847,2,131
112,0.0075473003,0.8449641,2,21
113,0.017148191,0.9584899,2,20,0.0,0.94835585,2,40,0.0,0.95713294,2,60,0.007328112,0.7820698,2,81,0.00978413,0.83158475,2,101,0.015165729,0.8745497,2,122,0.014124227,1.0696818,2,142,0.020379767,1.0838993,2,162,0.019861098,0.90839285,2,200
114,0.021085793,0.97548705,2,24,0.024141124,0.95437783,2,44,0.012118148,0.8682027,2,64,0.012507319,0.93874454,2,84,0.0027547628,0.888898,2,104,0.027143702,0.87849474,3,124,0.027153367,0.8082945,2,145,0.036026645,0.9459671,2,165,0.022898823,0.8395777,2,200
115,0.008946469,0.91716796,2,37
116,0.0,1.0599061,2,26,0.0,1.0011331,2,46,0.0,1.0509508,2,67,0.006848842,1.0081296,2,103
117,0.023662735,0.88094246,2,21,0.0,0.7586696,2,43
118,0.00509482,1.0021805,2,20,0.019976744,1.0125619,2,41,0.004398146,0.9902563,2,63,0.0020365275,0.85885525,2,83,0.004586152,1.0407175,2,104,0.0117763635,0.97488827,2,126,0.011288631,0.93342495,2,146,0.019814944,0.9127134,2,166,0.0,1.0514542,2,200
119,0.00032013096,0.98322284,2,21,0.01167377,1.0164348,2,45,0.023871971,0.9531263,2,67,0.01900593,0.9297336,2,87,0.007874588,0.8396144,3,108,0.0005839437,0.9163635,2,146
120,0.0,0.9144017,2,20,0.004998475,0.71177185,0,40,0.0,0.67239016,2,60,0.010671082,0.7067483,2,84,0.0,0.7367921,2,108,0.0,0.6680923,0,130,0.0,0.7688471,0,150,0.0,0.6043889,2,172,0.017773125,0.69332707,2,200
121,0.0069519924,0.9730843,2,23,0.03453023,0.96540505,2,44,0.015757496,0.9658686,2,64,0.018932262,0.9838079,2,84,0.013302764,1.0512961,2,104,0.009747465,1.0092921,2,124,0.013263586,1.0113262,2,144,0.0013714412,1.0627666,0,164,0.0,1.0898918,3,200
122,0.004790118,0.89067274,2,22,0.014220002,0.9220874,2,42,0.0038377456,0.9656946,3,62,0.006577607,0.9915634,2,100,0.012683065,1.0241059,2,122,0.002908588,1.0073675,2,151,0.0,0.8100368,2,172,0.0,0.61609966,0,200
123,0.01747723,0.91976875,2,25,0.0,0.90971386,2,45,0.039264236,0.90426433,2,65,0.0,0.93023396,3,87,0.016503297,0.8550516,2,114
124,0.020593341,0.98183507,2,36
125,0.012493159,0.9610699,2,31,0.0039579803,0.9181497,2,68
126,0.007468858,1.0354234,2,23,0.0,1.0413024,2,43,0.0054010376,1.0253586,2,63,0.0,1.0284669,2,84,0.0,1.0801518,2,109,0.016522884,1.0371952,2,135,0.0,1.0206889,2,160,0.0033598244,1.0506836,2,200
127,0.003315736,1.0336431,2,21,0.023374766,1.0001004,2,43,0.02031293,0.95285916,2,67,0.0035490007,1.0040166,2,90,0.0069764513,1.0115867,2,121,0.0009986194,1.0651124,2,141,0.0037323139,1.016619,2,161,0.010827766,1.0396616,2,200
128,0.017574212,0.90866196,2,21
129,0.0020877633,1.0510198,2,22,0.0,1.0546911,2,42,0.0,1.0927938,2,63,0.0007195659,1.0041716,2,83,0.004912168,0.94390583,2,103,0.013355656,0.92283666,2,124,0.033821546,0.926803,2,149
130,0.011747748,0.96009654,2,20,0.011216679,0.9305552,2,46
131,0.003245068,0.9311858,2,34
132,0.0089726085,0.9666598,2,25
133,0.014528323,0.92072797,2,25
134,0.0,0.9932904,2,20,0.020899467,0.90975785,2,42,0.011388687,1.0142481,2,80
135,0.0,0.99110544,2,26,0.0067467634,1.0237553,2,47,0.025025267,0.94247425,2,67,0.00051700254,0.9218711,2,92,0.07685245,0.88178366,2,114,0.03994637,0.8209686,2,134,0.0015621008,0.9649633,2,171,0.005255922,1.0577441,2,200
136,0.00036299072,0.95952195,2,20,0.03501011,0.9397773,2,50
137,0.005111946,0.98500204,2,29,0.002492005,0.92979926,2,49,0.0,0.9054216,2,69,0.008187418,0.9335618,2,96
138,0.0,1.0023671,2,20,0.0046979506,1.0144525,0,46,0.0,1.082422,0,66,0.0010259317,1.0181943,0,93,0.0,0.99723685,0,116,0.0,1.0253229,2,136,0.0,1.0540881,0,156,0.0,1.028657,0,180,0.0005276369,1.030068,0,200
139,0.0071826135,1.0273685,2,32,0.016272873,0.9491583,2,52,0.0023709694,0.95623845,2,78,0.01066287,0.9676212,2,99,0.0,0.6190746,1,121,0.008375056,0.7117019,2,143,0.004958366,0.8940384,2,163,0.0034304599,0.6887341,2,200
140,0.014623408,1.0476961,2,20,0.0,1.1297148,2,40,0.006651254,1.0823818,2,60,0.0,1.1140985,2,88,0.0,1.0316788,2,108,0.0,1.016824,2,128,0.008570945,1.0802175,2,158,0.006939576,0.99636304,2,200
141,0.018757239,1.0035927,2,25,0.007653417,1.0390033,2,56,0.013162048,1.0134268,2,95
142,0.01376003,0.8558286,2,20,0.0024307284,0.93573314,2,40,0.010564244,0.8435135,2,60,0.012975921,0.8452256,2,81,0.003167632,0.74593127,2,103,0.016743656,0.81369275,0,124,0.0,0.734947,0,144,0.004238802,0.8071607,2,164,0.005249748,0.97053707,2,200
143,0.0034833823,0.94641685,2,20,0.005310254,1.0285021,2,40,0.06705336,0.79027134,2,64,0.009527193,0.8404145,2,84,0.0071917586,1.0121698,2,112,0.018036345,0.93585294,2,135,0.006352244,0.9822889,2,157,0.0075890515,0.9720049,2,179,0.023711571,0.79083776,2,200
144,0.015719123,0.9676651,2,33
145,0.0016521545,1.0295973,2,20,0.0,1.0250657,2,41
146,0.0,1.015784,2,26
147,0.011213736,0.9687664,2,27,0.0022205655,0.9648778,3,47,0.009497105,0.8476683,2,67,0.02580753,0.9127917,2,87,0.0045102206,1.012266,2,107,0.0106545575,1.0306594,2,127,0.0026282317,1.0023661,2,147,0.0,1.0836012,2,168,0.0046147136,1.0572338,2,200
148,0.0014146708,1.0094559,2,20,0.018044414,0.99701494,2,43,0.005701903,1.0247797,0,67,0.0034641265,0.98582286,2,96,0.0,0.92255896,2,116,0.002081126,1.003405,2,149,0.0010902149,0.974805,2,170,0.0042968676,1.03791,0,200
149,0.036405135,0.9264779,2,24,0.008989162,1.0011659,2,47,0.017509077,0.94084084,2,67,0.014142253,0.9166543,2,88,0.029514883,0.88256186,2,108,0.06636249,0.8796526,2,128,0.0119775655,0.82207024,2,148,0.027211439,0.90234184,2,168,0.06838463,0.91615975,2,200
150,0.0016557763,0.9510822,2,20,0.0033160045,1.0081137,2,43
151,0.0,1.0132377,2,27
152,0.007183728,0.95730144,2,20,0.03855292,0.91631126,0,40,0.0012679739,0.8000265,0,61,0.014266187,0.97342074,2,82,0.0024553041,0.89164436,0,102,0.0,0.80327535,0,124,0.0,0.7878573,2,144,0.0,0.7091908,0,165,0.0235715,0.73493123,0,200
153,0.007959299,0.9604716,2,21,0.0035203702,0.91835755,2,45,0.014248623,0.9749497,2,68,0.012171575,0.97451276,2,89,0.0,0.9994897,2,110,0.0058029024,1.0726588,2,130,0.009528379,1.0097915,2,150,0.00054163515,1.0207144,2,173,0.00873446,0.9799699,2,200
154,0.005883363,0.85774356,2,20,0.025574485,0.89602864,2,40,0.021134634,0.79045206,2,62,0.0,0.8538317,2,83,0.0,0.67296076,2,103,0.0,0.5905024,0,123,0.020640602,0.35290962,0,144,0.0,0.2443776,2,167,0.06572314,0.25600004,1,200
155,0.0,1.0251158,2,20,0.028992623,0.93569833,2,40,0.058127075,0.96269363,2,61
156,0.006348653,1.0028845,2,28
157,0.0042814002,0.9848717,2,22,0.012024566,0.9590049,2,43,0.002308754,1.055934,2,73
158,0.0,0.9897387,2,31,0.0073702307,0.98569787,2,51,0.019391576,0.9343268,2,72,0.027353836,1.0091066,2,95,0.015115118,0.89619285,0,115,0.025272252,0.778995,0,137,0.0,1.0586348,2,160,0.024785876,0.92336595,2,200
159,0.0019950406,0.9856682,2,25,0.0061597456,0.9947538,2,46,0.0046925345,0.95788956,2,66,0.0020983631,1.0168806,2,88,0.0039414284,1.0409236,2,114,0.0,1.0017284,2,138,0.008625923,0.95874333,2,159,0.00015763815,0.92934036,2,180,0.006440592,0.9682929,2,200
160,0.004416234,1.038943,2,20,0.01974041,0.8240439,2,40,0.017733179,0.87346655,2,64
161,0.047376696,0.94978416,2,21,0.00031135388,0.89211226,2,41,0.019795153,0.92160714,3,61,0.0056134425,0.8940809,2,97
162,0.023259938,0.9840084,2,24
163,0.003695126,0.90116155,2,20,0.04214583,0.8845558,2,40,0.018758386,0.84195393,2,60,0.015166716,0.8271338,2,83
164,0.020050097,0.93029743,2,31
165,0.006635121,0.9614858,2,21
166,0.00037653308,0.94606113,2,20,0.0655185,0.8509593,2,40,0.007182412,0.7861916,2,60,0.02349926,0.8413492,2,81,0.024747739,0.92158437,2,102,0.04825349,0.8324178,2,122,0.0142010655,0.8881727,2,144,0.013649107,0.9475485,2,176
167,0.020133121,0.99537253,2,22,0.0007190933,1.0002012,2,42,0.0,0.9597724,2,62,0.013945293,0.9770561,2,84,0.0,0.97787005,2,105,0.008048537,1.0135663,2,125,0.010390778,0.94248724,2,145,0.03393941,0.9718131,2,165,0.0036816958,0.9232784,2,200
168,0.006517469,0.9676622,2,20,0.005411737,0.982604,2,42,0.016891431,0.9642882,2,64,0.022753885,0.8152564,0,84,0.0,0.8441579,2,104,0.0,0.9125679,2,124,0.0,0.9797553,2,144,0.0,0.88736516,3,164,0.015433024,0.8767564,2,200
169,0.007300608,0.9835016,2,20,0.012449734,0.9398847,2,41,0.06288104,0.8906113,2,61,0.0025676999,0.87673986,2,81,0.008736313,0.84054583,2,101,0.01857759,0.7428489,2,124,0.046504956,0.81935287,2,150,0.003424439,0.8395027,2,171,0.0368175,0.94430405,2,200
170,0.0037860584,1.0120852,2,20,0.007393406,0.9566303,2,51
171,0.000300395,1.004111,2,20,0.01485565,0.90655744,2,40,0.039313693,0.97785217,2,60,0.032384932,0.93774235,2,81,0.009463132,1.0244123,2,114,0.031823684,0.98730797,2,136,0.0,0.96184385,2,156,0.008321878,0.95083237,3,176,0.035590444,0.81877947,2,200
172,0.00539459,0.9534254,2,20,0.023633376,0.9558956,2,40,0.005314348,0.9403629,2,64,0.0,1.0066754,2,84,0.009191739,0.9972294,2,104,0.0056300103,0.9435175,2,124,0.0035457446,1.011791,2,163,0.0,1.040424,2,200
173,0.04204153,0.96340954,2,20,0.009872912,0.885273,2,40,0.0,0.89981145,2,64,0.0,0.8658546,2,84,0.0042273276,0.7164354,2,104,0.028861279,0.73814666,2,124,0.0,0.84152573,2,144,0.0,0.3785115,2,164,0.029587673,0.2713702,1,200
174,0.005719918,0.96806616,2,22,0.005950892,1.0142438,2,47,0.0,1.025846,2,69,0.0,0.98504025,2,92,0.01021742,0.87736225,0,114,0.0,0.86626834,2,134,0.0,0.97640115,2,154,0.0,0.92621976,2,177,0.0027103906,0.8553802,2,200
175,0.012695454,0.9987151,2,20,0.0064747147,1.0175444,2,48,0.00617006,1.0260717,2,69,0.0021387485,1.0198294,2,92,0.021223327,0.99453217,2,116,0.023918623,1.016535,2,137,0.019497488,0.85808915,2,157,0.0,0.9800705,2,180,0.006395053,0.95667154,2,200
176,0.004791767,1.0343608,2,22,0.0030049363,1.0331177,2,42,0.004879082,1.0397166,2,63,0.01836911,0.97813696,2,84,0.0,1.0002985,2,106,0.0,1.0525265,0,127,0.0,1.0188324,2,155,0.0,1.0597796,0,179,0.018500803,1.0062402,2,200
177,0.011758212,0.94110584,2,24,0.00068645325,0.97266644,2,44,0.019155994,1.0401082,2,75,2.750922e-05,0.9845287,2,95,0.008511391,0.97149736,2,117,0.012784728,1.0251354,2,139,0.05406084,0.8893011,0,161,0.025435224,0.5682538,0,200
178,0.006298255,1.0856241,2,21,0.0031734135,1.0495692,2,44
179,0.008177285,1.0051062,2,21,0.003673517,1.0349499,2,44,0.0010320424,1.0248218,2,68,0.0044196197,0.99524164,2,88,0.006102017,1.0299608,2,113,0.015315154,0.99449766,2,135,0.0063445563,1.0436182,2,160,0.004694849,1.0025918,2,184
180,0.025751999,0.86972874,2,20,0.05801345,0.8136228,2,40
181,0.008236854,0.8957478,2,20,0.0,0.8406074,2,42,0.039049063,0.89081955,2,62,0.010956483,0.9177658,2,82,0.074678555,0.97159547,2,102
182,0.0,1.0252248,2,23,0.0063442923,0.97435695,2,47,0.0,0.97598726,2,67,0.0066864155,1.0140024,2,87,0.0035426102,0.90941334,0,109,0.030921254,0.9518053,2,129,0.07257502,0.93481195,2,149,0.015270735,0.98021907,2,169,0.075103275,0.9354461,2,200
183,0.0017444664,1.0088809,2,21,0.006726866,1.0300554,2,41,0.00067114236,1.0000664,2,64,0.0,1.0366966,2,103,0.0020246932,0.9984793,2,155,0.0052022794,0.9637392,2,177,0.01045737,1.0181019,0,200
184,0.019800143,0.8200352,2,22,0.0,1.0020698,2,43,0.016350215,0.61590296,2,63,0.0,0.95772135,2,84,0.027900685,0.6808404,2,104,0.0,0.6134258,2,124,0.0,0.44430608,1,146,0.0,0.3934128,2,166,0.0,0.42143083,1,200
185,0.0030986774,0.95386493,2,20,0.0037541098,0.8307109,2,40,0.0,0.7031139,2,60,0.0,0.8773596,2,82,0.013225138,0.95536566,2,110
186,0.0046520983,1.032073,2,22,0.002106437,1.0120602,2,48,0.0015559159,1.0316254,2,88
187,0.01846919,0.96497506,2,20,0.0,1.036499,2,41,0.0005938753,1.0326157,2,68,0.0,1.1735407,2,108,0.0075548603,1.1403002,2,136,0.0014117451,1.1414107,2,163,0.008603507,1.000044,2,200
188,0.007850037,0.97877836,2,20,0.0012607467,0.95324266,2,42,0.007139913,1.018644,2,62,0.0188855,0.97515047,2,82,0.0045958636,0.9897936,2,105,0.009258168,0.9516177,2,126,0.017623497,1.0030961,2,146,0.0,0.9666212,2,166,0.0061055785,0.99683315,2,200
189,0.0041231825,1.0199122,2,38
190,0.0026988033,0.89894104,2,24,0.02886087,0.9980236,2,44,0.035527557,0.98045665,3,64,0.016030341,0.86702853,2,84,0.017652571,0.85228515,2,106,0.0,0.9562715,2,126,0.0,0.92665637,2,146,0.013156772,0.9417968,2,166,0.017122705,0.9964824,2,200
191,0.02434682,0.9804816,2,20,0.035059493,0.8691744,2,41,0.006841231,0.89672214,2,61,0.007845534,0.888784,2,88,0.0043378687,0.9827156,2,111,0.033781376,0.9443744,2,135
192,0.014059488,1.028976,2,25
193,0.0105335135,0.94271994,2,28
194,0.0,0.965624,2,20,0.04378365,0.9078686,2,42
195,0.011341164,0.9808429,2,20,0.0,0.98414314,3,40,0.010909631,0.9019705,3,60,0.010968029,0.8874713,2,83,0.0,0.8228464,2,105,0.0054406626,0.8350286,2,130
196,0.0,0.556164,2,20,0.008071992,0.7825545,2,40,0.0,1.0869831,2,60,0.0,0.7925427,2,81,0.0032985304,1.0222387,0,102,0.0,0.88596046,0,122,0.0,0.7786978,0,142,0.01636398,0.37949964,0,171
197,0.012048376,1.0109613,2,23
198,0.006446316,0.9133289,2,21,0.04771244,0.9038596,2,41,0.016269077,0.9665196,2,80
199,0.011153787,1.0184323,2,21
200,0.0,1.0582353,2,36,0.0062384605,1.0169768,2,60
201,0.009706834,1.0577549,2,20,0.0,1.0513129,2,40,0.0,1.0500329,2,63,0.0010345852,1.0150287,2,90,0.0021956323,1.002672,2,112,0.01604302,0.95870423,2,134,0.004270564,1.0028638,2,162
202,0.0039875447,1.0453273,3,28
203,0.015296445,0.95610046,2,21,0.0025473982,0.91127574,2,42,0.013256609,0.8926727,2,66
204,0.017701842,0.95351726,2,21,0.0,0.9812519,2,45,0.00835447,0.9313911,2,65,0.014043271,0.9707283,2,90,0.029984035,0.78596777,2,115
205,0.03589806,0.96803963,2,20,0.0028004735,1.0208067,2,41,0.018954596,0.79267967,2,61,0.0010437465,0.77123296,2,86,0.0073919115,0.8671841,2,109,0.0063129216,0.91957986,2,129,0.011805315,0.8912608,2,149,0.012563026,0.9206508,2,169,0.0153686,0.89222145,2,200
206,0.033734072,0.9757743,2,20,0.0044086296,0.94966316,2,40,0.0069538658,1.0413678,2,71,0.0043406687,0.952781,2,91,0.009742623,0.85572004,2,111,0.024459677,0.81767297,2,133,0.0,0.88982946,2,154,0.0,0.88936675,2,177,0.020771088,0.9766024,2,200
207,0.007981876,1.0051241,2,23,0.0068625556,1.0479434,2,43,0.0,1.0842352,2,75,0.0,1.1117212,2,101,0.0011702306,1.1126821,2,121,0.0,1.0462309,2,142,0.0,1.0613307,2,165,0.009475309,0.9974961,2,200
