0,0.0032977383,1.0198863,2,21,0.009134444,1.066167,2,50,0.027115768,1.0163765,2,70,0.032490347,0.94112444,2,97,0.031770486,0.9626209,2,121,0.021559637,0.98106253,2,144,0.0692444,0.9051172,2,164,0.009722184,0.9589977,2,200
1,0.011789531,0.8277961,2,21,0.012311641,0.82657564,2,41,0.038386617,0.756685,2,61,0.019581888,0.78452647,2,81,0.09786723,0.5918936,2,114
2,0.038947217,0.85694474,2,38
3,0.032263137,0.9444239,2,23
4,0.010128377,1.0518639,2,32,0.0009353757,1.0725644,2,54,0.0012279481,1.0764654,2,75,0.01404477,1.0451502,2,97,0.00079688587,1.0262159,2,124,0.0040204814,0.99717915,2,144,0.00030901656,1.0683184,2,180,0.0,1.0728616,2,200
5,0.018731248,0.97722447,2,20
6,0.009394038,0.9725906,2,20,0.032743704,0.9004752,2,40,0.008380401,0.9494596,2,64,0.014118487,0.908309,2,84,0.0,0.6325165,2,104,0.0,0.8117097,2,124,0.0018609782,0.96489227,2,150,0.008562243,0.9404467,2,172,0.007233479,1.000768,2,200
7,0.038666863,0.89581645,2,22
8,0.0,1.0690113,2,26,0.0,1.0580455,2,48
9,0.01460948,1.0058616,2,21,0.018992167,0.92692184,2,41,0.0011654973,0.9687685,2,61,0.015157746,0.99013317,2,82,0.009039769,0.9262934,2,102,0.013415347,0.99209595,2,122,0.0031136174,1.0256388,2,143,0.0004839276,0.9628373,2,166,0.01542188,0.9319633,2,196
10,0.014528644,1.0415896,0,23,0.012627304,1.0244368,2,44,0.0050615272,1.0072129,2,78,0.0,0.9634837,2,104,0.010450137,0.970263,2,132,0.016051367,0.9280779,2,153,0.019986045,0.96870434,2,173,0.053803086,0.75854427,2,200
11,0.008924104,0.84024096,2,20,0.010210921,0.9221627,2,40,0.028767545,0.9317626,2,60,0.0028266222,0.93207514,2,80,0.0198455,0.9318168,2,101,0.014370953,0.9243739,2,121,0.025861045,1.0663351,3,142,0.0031527167,0.99574065,2,176,0.014518159,1.0362216,3,200
12,0.00012025512,1.0177732,2,21,0.006965217,1.0325246,2,43,0.011297994,1.0762739,2,66,0.0,1.0058308,2,86,0.0,1.1040138,0,106,0.02217631,1.0544683,2,129,0.0021776245,1.0884688,2,149,0.03880313,0.99719733,2,169,0.015262136,0.88305175,2,200
13,0.0013513122,0.9507404,2,23,0.00634581,1.0229175,2,43,0.0037618566,0.9955869,2,63,0.007032552,0.9156265,2,83,0.0039794226,0.779022,2,103,0.012737895,0.91462517,2,127,0.015211031,1.1329645,2,149,0.0,1.0402114,2,169,0.0,1.1203582,2,200
14,0.04246316,0.8161602,2,34
15,0.020167826,0.83213466,2,22,0.029617071,0.89064294,2,42,0.02000078,0.75853235,0,62,0.10380543,0.66016114,0,83,0.0,0.70432734,2,104,0.009253484,0.68642336,2,129
16,0.03895781,0.97449386,2,30
17,0.0,0.9768184,2,20,0.009671427,0.9765866,2,44
18,0.0,0.83793485,2,21,0.0042823283,0.74123156,0,42,0.0,0.6720107,3,63,0.0,0.51312006,1,83,0.0,0.32957035,1,103,0.13168672,0.20483541,1,123,0.0036854602,0.18488422,1,143,0.0,0.5085472,2,164,0.025690908,0.36793843,1,200
19,0.0022737388,0.99449664,2,20,0.008459521,0.99796116,2,41,0.006414888,0.9250483,2,62,0.060852945,0.9076522,3,82,0.02747297,0.87523735,2,102,0.027233457,0.941236,2,122,0.0026446145,0.84691286,3,142,0.0,0.8098399,2,162,0.01881625,0.74712235,2,200
20,0.013625017,0.9556158,2,30,0.043986224,0.7809122,2,51,0.005217006,0.80823326,2,75,0.01405483,0.75885993,2,99,0.021504086,0.4859334,2,122,0.010050304,0.53251284,2,144,0.029812878,0.53306496,2,164,0.021770654,0.5478003,2,200
21,0.022051489,0.97220814,2,21,0.0133804185,0.8931862,2,44,0.017715931,0.8021883,2,64,0.0,0.71612346,3,84,0.009139092,0.7799339,2,104,0.0,0.79366237,2,125,0.0034826286,0.78288716,2,145,0.0,0.72705495,2,165,0.0,0.8398549,2,200
22,0.0005935217,0.9791646,2,21,0.025120135,0.9386761,2,48,0.024509823,0.9372181,2,75,0.0026079412,0.9775289,2,95,0.010985008,0.8939198,2,115,0.01715776,0.9493891,2,135,0.0,0.88050395,3,156,0.009617921,0.6732877,0,177,0.0,0.3814765,2,200
23,0.007877776,0.95510566,2,23,0.0058570663,0.98893046,2,44,0.0,1.0324891,2,64,0.0064718374,0.91783917,2,84,0.0,0.9838622,2,104,0.021040969,0.9606194,2,143
24,0.0018021277,1.0581564,2,39
25,0.002613211,1.0127684,2,20,0.013912843,0.828365,2,41,0.024254613,0.97688085,2,61,0.02561774,0.99593925,2,81,0.0024105322,0.8181118,3,101
26,0.0,0.97659266,2,22,0.0009205899,0.99668723,2,42,0.01035042,0.9634325,2,67,0.020789985,0.9221431,2,87,0.009963421,0.97709316,2,117,0.0,0.97205585,2,139,0.0064459867,1.0175774,2,159,0.011909299,1.0073376,2,179,0.011248034,0.9774881,2,200
27,0.0,0.9509009,2,20,0.0152258,0.74615663,2,40,0.036669914,0.746045,2,60,0.0065351627,0.78803384,2,80,0.004659871,0.82321227,3,100,0.0,0.88352615,2,121,0.0,0.94747525,1,141,0.0,0.454574,1,162,0.025411148,0.5530772,1,184
28,0.0020690556,0.94921845,2,20
29,0.00064193754,0.9855213,2,20,0.0,0.91133636,2,45
30,0.0065660276,1.0062201,2,39,0.02135825,0.9154296,2,59,0.0,1.0221422,2,80,0.026404005,0.9407921,2,103,0.012710406,1.0333261,2,129
31,0.009399115,0.98318434,2,27
32,0.008050111,0.9969348,2,21,0.004952053,0.8685888,2,41,0.0416014,0.91100895,2,62,0.031993523,0.86712784,2,83,0.011099841,0.9375892,2,105,0.0068641985,0.9720872,2,126,0.0,1.08499,2,146,0.0093398215,1.063834,2,171,0.009805651,0.9919718,2,200
33,0.03091633,0.95840734,2,21,0.017930346,0.931044,2,41,0.014677739,0.8211128,2,61,0.015795697,0.8726646,2,81,0.0003790427,0.81176585,2,101,0.0,0.8866086,0,121,0.04267832,0.8693136,0,141,0.016340679,0.85652924,2,161,0.013607578,0.8986302,2,200
34,0.017590808,1.0318139,2,20,0.0020762268,1.0755594,2,41,0.0,1.0908875,2,67,0.0021013722,1.1872871,2,108,0.0,1.1145905,0,130,0.0,1.1524664,0,160,0.0,1.0942386,2,180,0.0,1.096308,2,200
35,0.005974093,1.056954,2,20,0.0,1.0461229,2,40
36,0.004795458,1.0022242,2,21,0.046573557,0.8339186,2,41,0.005139945,0.875425,2,64,0.038177766,0.88102037,2,84,0.0028147236,0.9989652,2,110,0.036858395,0.96518046,2,131,0.066573374,0.9630634,2,151,0.08952216,0.90258014,0,172,0.03488435,0.87553996,2,200
37,0.023998769,0.9732023,2,22,0.016004957,0.947351,2,42,0.0121614,0.9638506,2,65,0.037201304,0.9912078,2,86,0.0079305405,0.9638323,3,108,0.01999184,0.91818583,2,131,0.0029240656,0.9810589,2,151,0.0018108914,1.0801624,2,180,0.0050744326,1.0455868,2,200
38,0.0,0.9258806,2,20,0.0049779713,0.90578246,2,42,0.007971771,0.84446037,2,63,0.0033042026,0.83934295,2,84,0.0040883473,0.778694,2,105,0.0,0.920639,3,127,0.031187847,0.66522837,2,147,0.0,0.9409765,2,167,0.007416458,0.9699107,2,200
39,0.0,0.9980255,2,23,0.011969457,1.005977,2,43,0.009132469,0.99773496,2,66,0.007344068,1.0112213,2,103,0.0,1.0753089,2,129,0.013580772,0.9951577,0,149,0.010037586,1.0797932,2,169,5.0139402e-05,1.0759529,2,200
40,0.004730909,0.951693,2,22,0.00394533,0.83826655,0,42,0.025162099,0.8816262,2,71
41,0.010895689,0.932896,2,20,0.0023066865,0.90911674,2,44
42,0.01568153,0.9223411,2,22,0.01312024,0.81512964,2,42,0.0017627821,0.9950505,2,64,0.0,0.91174334,2,85,0.0020361184,0.8821723,2,105,0.0,0.80721426,2,126,0.0062304386,0.8523161,2,146,0.007158553,0.92341197,2,168,0.00046474743,0.91078836,2,200
43,0.0010280543,0.9653702,2,20,0.013507794,0.9823327,3,40,0.03770753,0.85662174,0,62
44,0.013516197,1.0212625,2,20,0.034518283,0.9263301,2,40,0.014993921,0.94522643,2,64,0.00574121,0.93819153,2,84,0.02358532,0.8277521,2,104,0.0,0.84893733,0,124,0.009593164,0.7891359,0,146,0.00054949557,0.66721237,0,166,0.00891645,0.70394695,2,200
45,0.0035428568,1.0032493,2,20,0.0,0.89885855,2,44,0.0,0.83173597,2,67,0.012314737,0.72476614,0,88,0.0,0.81237876,2,114,0.0,0.8992532,2,134,0.0056644618,0.9828714,2,157,0.002557551,0.84939826,2,200
46,0.00915438,0.99564356,2,24
47,0.0027350497,0.96045697,2,20,0.0,0.9035395,2,40,0.09407364,0.8538023,2,60,0.008658083,0.7012845,2,81,0.0,0.58667475,2,101,0.0,0.6117569,0,122,0.0,0.63056475,0,142,0.0,0.5759223,2,162,0.0,0.51260316,2,200
48,0.0103527345,0.9484636,2,21,0.025256412,0.9430536,2,43,0.009457437,1.0319693,2,63,0.016023498,0.91720897,2,83,0.016841907,0.8801049,2,103,0.0021911091,1.0414414,2,123,0.0010944073,0.9873317,2,143,0.001611514,0.9575691,2,163,0.0,1.0399907,2,200
49,0.010654963,0.94055456,2,21,0.015266698,0.9855253,2,46
50,0.009717896,0.9159458,2,20,0.040862083,0.91621697,0,41
51,0.047887668,0.9256415,2,25,0.034245696,0.90982527,2,47,0.059165478,0.87782747,2,67,0.022898782,0.89254546,2,90,0.07420867,0.9035215,2,112,0.03999467,0.9442174,2,133,0.026367951,0.92646074,2,172,0.03130952,0.913187,2,200
52,0.017284324,0.8898488,2,20,0.0119221015,0.96569985,2,52
53,0.0,1.0114424,2,21,0.011956614,1.0615028,2,41,0.0,1.0573059,2,61,0.00074545864,1.0484544,2,91,0.00410772,1.0931728,2,131
54,0.0,0.971437,2,20,0.05521783,0.951634,2,42,0.026068557,0.92683834,2,73,0.0,0.90635693,2,102,0.0,0.9457985,2,124,0.0043760664,0.95211375,2,167,0.005752007,0.9533057,2,200
55,0.01220015,0.9048012,2,24
56,0.005329977,1.025705,2,20,0.0,1.0593294,2,40,0.0030668117,1.0345292,2,60,0.0072207786,0.9764404,2,88,0.013147784,1.0048813,2,108,0.0071525304,0.95950156,2,128,0.011316511,1.0304307,2,149,0.0,1.0328194,2,169,0.0077181165,1.0044639,2,200
57,0.027572483,0.90190125,2,20,0.035800893,0.9174544,0,40,0.028040495,0.9208886,0,61,0.0261119,0.9079074,2,83,0.0030893956,0.9254883,2,103,0.0067806034,0.8920802,2,123,0.0033060403,0.9481033,2,145,0.01364823,0.9293687,2,165,0.02030466,0.9266944,2,200
58,0.0,0.9330783,2,21,0.013044884,0.95298576,2,41,0.008300661,0.93477374,2,61,0.024016095,0.95647013,2,91
59,0.007821592,0.9791837,2,27
60,0.0,1.0556952,2,20,0.015283397,1.0206892,2,41,8.4551815e-05,0.9675577,2,63,0.0061027016,0.9912267,2,83,0.010149803,0.9797495,2,103,0.0018863659,0.9968613,2,123,0.0,0.95347106,3,143,0.0,1.0197883,2,163,0.0003573697,0.98176634,2,200
61,0.021093167,0.87158763,2,20,0.025040172,0.85144496,3,41,0.022488492,0.9036851,2,61,0.02712201,0.98461735,0,81,0.0,0.6770605,0,102,0.0,0.8932204,1,122,0.024691787,0.708172,1,143,0.0,0.52114224,0,163,0.04068197,0.35119617,0,200
62,0.014529261,0.9591276,2,24,0.05894953,0.8216301,2,44,0.013454291,0.95724094,2,64,0.0,0.9198837,3,84,0.012327668,0.8672248,2,105,0.0027371,0.85678387,0,125,0.08939929,0.6936812,0,146,0.0,0.7429432,0,166,0.0,0.6668757,0,200
63,0.019119358,0.948359,2,35
64,0.006925324,1.0534987,2,33,6.989483e-05,1.0331008,0,53,0.004210282,1.0160637,2,87,0.00018204303,1.0115479,2,138,0.0052382695,0.99509704,2,158,0.009589177,1.0488886,2,180,0.0044594463,1.0712422,2,200
65,0.020254644,1.00898,2,22,0.028435618,0.9200551,2,42,0.0,0.9537652,2,63,0.02003399,0.94886065,0,83,0.0,0.7998407,2,103,0.0034350571,0.7631229,2,123,0.021407554,0.7278872,3,143,0.011981036,0.72347534,2,163,0.013866374,0.69305897,2,200
66,0.0010505192,1.0258107,2,51,0.008734532,0.99308324,2,83,0.011739118,0.9784648,2,114,0.0120315645,0.933791,2,136,0.022371665,0.92750084,2,156,0.025889834,0.89343774,2,176,0.07945611,0.90265393,2,200
67,0.03200232,0.97328734,2,36
68,0.023824377,0.9297695,2,21,0.0,0.9099576,2,41,0.0017303523,0.9340968,2,62,0.018588893,0.8763887,2,84,0.019077351,0.89102155,2,104,0.02145622,0.90242994,2,126,0.010525974,0.92953545,2,162
69,0.0,1.0559983,3,21,0.006079561,1.0306412,2,41,0.0035916946,1.07846,2,75,0.004769731,1.1243873,2,98,0.016241454,1.0649093,2,120,0.0010344565,0.9319892,2,143,0.029699737,0.9272602,2,163,0.007690143,0.976137,2,200
70,0.035197005,0.9866543,2,25,0.021688057,0.9897224,2,54
71,0.011916121,0.98985326,2,29,0.0,1.0288969,2,49,0.006594342,0.97489583,2,69,0.0052117156,1.0307825,2,89,0.0,1.0700886,2,112,6.154042e-05,0.9834573,2,135,0.012429398,1.0204523,2,155,0.0006372338,0.8999925,2,176,0.013389182,0.96261233,2,200
72,0.033781696,0.9248796,2,22,0.0051932847,0.9101883,2,42,0.027882606,0.9313205,2,62,0.0,0.6392718,2,82,0.0,0.8985637,2,102,0.032109678,0.9675328,2,122,0.01324288,0.99519473,0,142,0.015173048,1.0112183,2,162,0.00999745,1.000306,2,200
73,0.0366266,0.9781581,2,20,0.0,0.95249194,2,40,0.00087515486,0.9774787,2,60,0.003341089,1.1136512,2,82,0.0008090811,1.1407799,3,102,0.0047280304,1.094113,2,124,0.0009286933,1.0934945,3,149,0.0,1.1667795,0,176,0.00670922,1.075047,2,200
74,0.022639854,0.8806941,2,21,0.028963149,0.9254728,0,42,0.00077293045,0.81834793,2,62,0.04426553,0.8267683,2,82,0.008015313,0.76328015,2,104,0.0,0.6863633,2,124,0.0,0.6249679,0,144,0.0,0.7985468,2,164,0.006362864,0.85675997,2,200
75,0.025317097,0.8687726,2,20,0.009696174,0.8012868,0,40,0.0075869365,1.0310886,2,60,0.0,0.8649108,3,80,0.060512125,0.8064822,2,100,0.009783095,0.82729024,3,120,0.0,1.167721,2,141,0.0,0.58345544,0,161,0.06555002,0.5430757,2,182
76,0.0025026149,0.9507126,2,31,0.0,0.9300658,2,52,0.0009933766,0.8791748,2,74,0.009440934,0.8927948,2,94,0.0010025224,0.91096574,0,114,0.0,0.7914102,2,134,0.0,0.5036825,3,154,0.0,0.4900148,1,174,0.00870141,0.36907122,0,200
77,0.020039499,0.91177064,2,20,0.05678756,0.91936034,2,40,0.021591127,0.8820705,2,62,0.012381342,0.92770904,0,83,0.046568953,0.8958925,2,103,0.003040782,0.92947006,2,124,0.003835988,0.89312124,2,147,0.07512357,1.0095972,2,168,0.015323045,0.9561962,2,200
78,0.064040676,0.93684834,2,20,0.018340051,0.8259196,2,40,0.009705392,0.8544551,2,60,0.0045774444,0.79081917,2,80,0.0026374622,0.71195906,2,100,0.0,0.8768598,2,120,0.0427768,0.7365241,0,140,0.013315519,0.8024903,2,162,0.02222792,0.62953025,0,196
79,0.007981381,0.9812315,2,21,0.0,1.0547651,2,41,0.0023797767,1.0090834,2,65,0.004245811,0.9803542,2,85,0.00024832747,1.0378354,2,105,0.0,1.0168381,2,125,0.013832907,0.8949358,2,145,0.0,0.9177382,2,168,0.042658716,0.959221,2,200
80,0.03838579,0.97447014,0,21,0.002789844,1.0046718,2,41,0.0,1.0838292,2,61,0.0,1.0815212,2,94,0.0,1.1064781,0,116,0.0,1.0765749,2,140,0.0,1.0632495,2,176,0.0,1.0517535,2,200
81,0.019125815,0.9547328,2,20,0.009483738,0.9085614,2,40,0.004199871,0.952697,2,60
82,0.0062286477,1.0334295,2,21,0.0029975683,1.0167677,2,42,0.0,0.95801324,2,62,0.01809592,0.9219979,2,82,0.008738559,0.9590795,2,109,0.0036055986,1.020052,2,133,0.035231628,0.9636659,2,156,0.030774558,0.93165284,2,176,0.0054229815,0.9275356,2,200
83,0.0010692442,0.97605,2,20,0.018206278,0.85449755,2,43,0.062529705,0.8704046,0,63,0.021508632,0.9311325,0,83,0.020328041,0.86233205,2,104,0.022605617,0.8584702,2,126,0.090566464,0.8631207,2,146,0.0071332925,0.9832327,2,166,0.008903235,0.94004595,2,200
84,0.008041513,0.89189494,2,20,0.005547531,0.77575845,2,40,0.0,0.8037393,0,62,0.042181253,0.95316994,2,82,0.04821717,0.85288125,2,102,0.02408662,0.7477814,2,122,0.06264296,0.70356846,2,142,0.019540874,0.7426059,2,163,0.0821788,0.6167189,2,200
85,0.0,1.0479139,2,23,0.0,1.0862881,2,43,0.000867835,1.0369297,2,65,0.0,1.0450689,2,87,0.0,0.9926283,2,109,0.009621524,0.946126,2,129,0.034059178,0.93369406,2,149,0.015487638,0.91163987,2,169,0.027266368,0.9482682,0,200
86,0.0036614197,1.016403,2,21,0.008029014,0.9739278,2,47,0.0,0.89239407,2,67,0.06353954,0.8563511,2,87,0.01359663,0.95277166,2,153
87,0.022954563,0.98275775,2,21,0.0005239375,1.0408962,2,53
88,0.0057293028,0.9783345,2,26,0.009818854,0.92731917,2,46,0.0018130081,0.9570516,2,67,0.010875221,0.9922571,2,89
89,0.0,1.0477815,2,20
90,0.0071141534,1.0266813,2,28
91,0.01104717,0.96500236,2,36
92,0.0017920363,1.035481,2,22,0.0,1.0164423,2,45,0.0,0.98238444,2,66,0.027140385,0.8525282,2,86,0.036885723,0.8830417,2,110,0.023354322,0.89099467,2,130,0.019883245,0.91865,2,150,0.008180459,0.7232215,0,170,0.01987058,0.92273915,2,200
93,0.01023515,0.96752465,2,28
94,0.0073480974,1.007832,2,21,0.0009978164,0.8937767,2,41,0.0012048458,1.0206428,2,61,0.0,1.0487964,2,83,0.020460704,0.80543983,2,103,0.0059728404,0.89259195,2,124,0.03179032,0.8852018,2,144,0.026213232,0.9320467,2,174,0.015755298,0.9766192,2,200
95,0.0034834787,1.0293528,2,20,0.020304224,0.94033396,2,40,0.004759303,1.045533,2,62,0.0066263434,1.0059942,2,104,0.008473665,1.0545875,2,124,0.0,1.0938632,2,147,0.0,1.0480596,2,167,0.0073175128,1.049896,0,200
96,0.0,0.9426389,2,20,0.01043413,0.93778527,2,40,0.0,0.8934603,2,60,0.019617585,0.7886663,2,80,0.021940067,0.8627511,2,100,0.017798284,0.7616278,2,120,0.02473549,0.7173646,0,141,0.022512442,0.8780569,0,161,0.040458214,0.9284711,2,200
97,0.02697049,0.91139567,2,20,0.012310744,0.9894614,2,40,0.029325197,0.9102057,2,61,0.0006216885,0.9952235,2,86,0.0,1.1493609,2,108,0.0,1.0485104,2,128,0.009108188,1.0036207,2,148,0.012573181,0.96846104,2,168,0.014700714,0.83668756,2,200
98,0.004531236,1.0310102,2,25,0.00632452,1.0110668,2,58
99,0.006855962,0.96823376,2,23
100,0.0009038001,0.9977836,2,22,0.017562578,0.9666091,0,42,0.01309776,0.9291754,3,62,0.012072067,1.0058894,2,82,0.018407963,1.015815,2,102,0.009264911,0.98403645,2,137,0.015113247,1.0703377,2,162,0.0056703207,1.0303025,2,200
101,0.01608317,0.9889041,2,20,0.008822355,0.89593333,0,40,0.0116025,0.93957174,2,60,0.001260945,1.0460252,2,87,0.029216608,0.9271451,2,107,0.0,1.0021627,2,127,0.019680081,1.0436962,2,149
102,0.005290786,0.9310397,2,21,0.0,1.026876,2,42,0.0,0.9945585,2,62,0.039451085,0.8531513,2,83,0.0049904264,0.9232572,2,103,0.0054635606,0.76797295,2,125,0.011233484,0.79139787,0,145,0.01823722,0.7090236,2,165,0.0,0.8535423,2,191
103,0.0072911796,0.9985887,2,26
104,0.019417057,1.0168113,2,24
105,0.03796775,0.95030206,2,23,0.028473357,0.96695757,2,43,0.0094919475,0.9395469,2,63,0.0,1.0026501,2,83,0.004669181,0.96857786,2,103,0.0030816572,0.94244957,2,128,0.0153340865,0.83023435,2,149,0.0,0.803425,2,170,0.010825116,0.72552043,2,200
106,0.0,1.0655168,2,20,0.0,1.0209858,2,43,0.0,1.0058004,2,64,0.0,1.0244504,3,87,0.0,1.0457659,2,125,0.0011075027,1.0372982,2,158,0.0071273125,1.002888,2,178,0.0059289383,0.98300546,2,200
107,0.044280294,0.9539531,2,20,0.016237298,0.9119695,2,54
108,0.007944312,0.95803463,2,20,0.027506405,0.87508094,2,40,0.09501876,0.7557188,2,60,0.0015467522,0.97149634,2,94,0.0025223126,0.9692415,2,114,0.0028979299,1.1127255,2,140,0.0,0.98673505,2,173,0.013697633,0.8512168,2,200
109,0.03599464,0.98656934,2,23,0.01585335,0.94723004,2,44,0.010522312,0.99287117,2,64,0.021046104,0.9834167,2,85,0.048905917,0.94344777,2,106,0.024003368,0.9482473,2,126,0.00070105225,0.8645689,2,147,0.020127837,0.95084095,2,167,0.0037073055,0.84090877,2,200
110,0.023345014,0.9786982,2,21,0.041634567,0.8812728,2,42,0.007938072,0.9039553,3,62,0.0,0.85545504,2,83,0.03035734,0.95585185,2,109
111,0.00072489877,0.993344,2,26,0.014602909,0.9490277,2,46,0.013178172,0.96244985,2,66,0.023725377,0.9462823,3,89,0.03190941,0.9342611,2,118,0.010132004,0.92467743,2,140,0.029359017,0.9049002,2,160,0.04918907,0.90831155,2,200
112,0.028197085,0.87738055,2,23
113,0.02858915,0.88748085,2,20,0.0,0.8047261,2,40,0.0,0.82650584,2,60,0.009243127,0.8042027,2,80,0.0008566942,0.94678634,2,102,0.015463312,0.84637403,0,122,0.02320844,0.75282764,2,154
114,0.00882909,1.005724,2,28
115,0.010040038,0.99703103,2,22,0.012140127,0.9745485,2,42,0.0,1.0132166,2,63,0.0,0.98494416,0,83,0.0,0.9399381,0,105,0.0138184875,0.87542707,2,125,0.012140572,0.84052926,2,145,0.0,0.9890171,2,165,0.0038393973,0.9559966,2,200
116,0.0047002984,1.005972,2,20,0.0069155255,0.9813385,2,48,0.021049902,0.8903526,2,68,0.04744813,0.9767416,2,89,0.038674835,1.0013283,2,111,0.022653677,0.94420224,2,136,0.006914916,0.911502,2,156,0.015340377,0.9019536,2,177,0.0027673983,0.95997745,2,200
117,0.0091322055,0.9634471,2,21,0.056598324,0.8408821,2,41,0.0010749946,1.009323,2,62,0.050951604,0.902367,0,85,0.0,1.0236412,2,105,0.022821,0.7745848,2,125,0.0,0.7769216,2,145,0.011122777,0.7880615,2,173,0.06885836,0.70355886,0,193
118,0.008991225,0.9710512,2,20,0.0,0.882645,2,40,0.0030257325,0.9432723,2,61,0.0,0.9983525,2,81,0.01621889,0.9994657,2,113,0.0,0.96425205,3,139,0.016609356,0.953217,2,163,0.0050526015,1.0056411,2,200
119,0.0011969868,1.0116351,2,20,0.008287019,1.0242795,2,43,0.010302149,0.96859795,2,68,0.013073591,1.0145004,2,88,0.0,0.97567606,2,108,0.0,1.03277,2,129,3.331997e-05,1.0183681,2,150,0.011679462,1.0223368,2,171,0.0012346633,0.90765774,2,200
120,0.002832413,1.0102282,2,23,0.008047348,0.9771036,2,43,0.0027235334,1.0823929,2,65,0.009720956,1.038765,2,85,0.0044748997,1.0905001,2,105,0.0010842847,1.0700794,2,131,7.327297e-05,0.9867713,2,155,0.029400261,0.9467293,2,178,0.0,1.0629994,2,200
121,0.024130186,0.9540409,2,20,0.0,1.0683244,2,44,0.0,1.0679201,2,66,0.010207252,1.0570222,2,88,0.0,1.0946833,2,109,0.0,1.0669173,2,129,0.0,1.0588107,2,165,0.0048365095,1.0861002,2,200
122,0.006024217,0.97999257,2,20,0.0,0.9011304,2,40,0.0016457082,0.9756392,0,60,0.038667493,0.9426589,2,80,0.0,0.978464,2,100,0.00023532202,0.8528724,2,120,0.0053749187,0.9552272,2,140,0.0,0.8627574,2,163,0.00025622058,0.9214387,2,200
123,0.004977666,0.9885233,2,20,0.0,0.914801,2,40,0.0,0.64435303,2,60,0.012317064,0.70473367,2,80,0.009190122,0.70117843,1,100,0.024719382,0.78990495,2,120,0.003810127,0.9486198,3,142,0.006905627,0.8412427,0,165,0.015481193,0.6865394,2,200
124,0.0,0.992357,2,26,0.0068700113,1.0521643,2,56,0.018267592,1.0216167,0,76,0.005068444,1.0286347,2,100,0.0071237492,1.049218,0,131
125,0.034950126,0.9350528,2,32
126,0.008052124,1.0018775,2,26
127,0.00208469,1.0038458,2,31
128,0.024394732,0.8703268,2,20,0.045828354,0.8235116,2,40,0.0,0.9066388,2,60,0.06370279,0.8644274,2,80,0.027937204,0.6699673,0,100,0.030905614,0.26372764,2,124,0.027187312,0.22355728,2,144,0.0100146765,0.18682463,0,164,0.04507988,0.24395575,2,200
129,0.0033776355,0.8654373,2,20,0.008893922,0.81862384,2,40,0.012906438,0.8021213,2,60,0.043954425,0.895133,2,80,0.012096239,0.96552646,2,100,0.0,0.9321873,2,121,0.0,0.9308359,0,142,0.0,1.0291603,2,162,0.0,0.9389779,2,200
130,0.0,0.9179592,2,23
131,0.0048262207,0.975163,2,20,0.00059204863,0.99099106,3,46,0.004252086,0.9490372,3,66,0.000866309,1.0152938,3,89,0.00082976243,0.9548896,3,109,0.010117233,0.94901276,2,136,0.008110666,0.9750596,3,156,0.045025535,0.94798917,2,176,0.012660272,0.9583292,2,200
132,0.015283557,0.9110176,2,39
133,0.0182377,1.0321676,2,20,0.0015823059,1.0076727,2,41,0.023320584,0.9529155,2,61,0.0,0.97330743,2,81,0.0,0.991045,2,101,0.0,0.89348495,2,121,0.009308799,1.0057468,2,141,0.0,1.0607438,2,163,0.010676453,0.9747535,2,200
134,0.0050205113,1.0499737,2,23,0.0,0.9283213,2,45,0.0,1.0400354,2,67,0.003759055,0.9750118,2,87,0.0,1.0496819,2,108,0.010316022,0.9466268,2,129,0.030044133,0.801637,0,149,0.014823971,0.8571194,2,169,0.02585478,0.93330353,2,200
135,0.009007923,0.97560453,2,23,0.0068826056,0.8929493,2,47,0.0,0.88464874,2,69,0.0,0.90832996,2,89,0.005653142,0.80059063,2,109,0.0,0.7474308,1,129,0.0,0.6948725,2,149,0.0044746506,0.6762529,2,188
136,0.012023159,0.906974,2,22,0.038711865,0.93985337,2,47
137,0.009672783,0.94139063,2,20,0.02767716,0.9622157,2,40,0.015106064,0.83455503,0,62,0.072676525,0.93505305,2,83,0.05237878,0.8141812,2,117
138,0.0068409382,0.9394725,2,20,0.027944172,0.99555314,2,40,0.0,0.9221594,2,60,0.03994645,0.87706053,0,82,0.04169483,0.7664062,3,102,0.007303559,0.7416235,0,122,0.012868486,0.9324316,0,142,0.004535415,0.9501606,3,162,0.022609487,0.9326195,3,200
139,0.012012101,0.9700284,2,20,0.016180664,0.9540277,2,49
140,0.04111091,0.89192426,2,21,0.024304375,0.8928218,0,41,0.016891597,0.8363605,2,63,0.0061148913,0.8179652,2,91,0.0048231245,0.97479147,2,113,0.027685585,0.83874685,2,150
141,0.002743479,0.9877303,2,20,0.017222507,0.9751233,2,41,0.0050751567,0.9507529,2,62,0.011345309,0.94772714,2,85,0.0037897404,0.922352,2,105,0.012198461,0.9171552,2,126,0.015899701,0.89061356,2,150,0.02200568,0.7921974,2,170,0.0,0.65106577,2,200
142,0.0047661876,0.96610326,2,23,0.0072309817,1.0099642,2,50,0.003220396,1.0272591,0,70,0.0,1.0159298,2,93,0.0022637674,1.0055593,2,113,0.00354479,0.99788016,2,142,0.0060493373,1.0072242,2,162,0.0,1.0075969,2,200
143,0.010035574,0.9038488,2,28
144,0.026176801,0.9125701,2,20,0.0131992465,0.9276024,2,43
145,0.0025493947,1.0889369,2,22,0.0,1.1024826,2,42,0.0,1.0938562,0,63,0.0007122612,1.0721409,2,83,0.0063688774,1.0176716,2,116,0.0,1.0912515,2,136,0.0,1.0761819,2,156,0.0,1.0547545,2,176,0.006999709,1.0699049,2,200
146,0.005092225,0.9555749,2,23,0.011950711,0.850974,2,45,0.035954483,0.8219817,2,66,0.0294473,0.8396788,2,88,0.004253966,0.88648045,2,108,0.013202627,0.8590223,2,128,0.00686626,1.0015565,2,148,0.017425278,0.9212489,3,169,0.0,0.8575947,3,200
147,0.018297434,0.96829015,2,20,0.01557466,0.8936653,2,43,0.0075974194,0.9517886,2,69,0.004493979,1.0353867,2,93,0.0,1.0289751,2,113,0.009201432,1.0342379,2,136,0.0013273095,1.0887113,3,156,0.0,1.0623469,2,177,0.009128091,1.0347707,2,200
148,0.005586957,1.0341977,2,30,0.010660272,0.99824095,2,54,0.0055012875,1.0072494,2,86,0.00013143603,1.0538107,2,108,0.010575663,1.0127546,2,144,0.018381033,1.0323842,2,164,0.012662467,0.9632346,2,200
149,0.0,1.0562649,2,20,0.008658437,0.98644507,2,50,0.013371707,1.0133647,2,73,0.010028927,1.0474061,2,116,0.016085144,1.0634793,2,145,0.009887619,1.056956,2,165,0.003155742,1.0169677,2,191
150,0.005653112,0.99886835,2,20,0.010891021,1.0586466,2,41,0.042219874,1.039428,2,61,0.0061043315,1.0076421,2,92,0.026284402,1.0701354,2,112,0.0,0.9945928,2,138,0.023506911,1.001687,2,159,0.0,0.9436963,2,179,0.010391828,1.013078,2,200
151,0.04351848,0.91019666,2,20,0.022621233,0.9511633,2,40,0.010233223,0.95614004,0,60,0.014215635,0.88871,0,80,0.034539565,0.9111765,2,100,0.032112665,0.89162725,2,121,0.030256081,0.8912605,0,141,0.013619366,0.99821776,2,163,0.011183358,0.9683511,2,200
152,0.015754722,0.7439676,2,21,0.0,0.5226722,0,41,0.0,0.810674,0,61,0.005638825,0.62894976,2,81,0.0,0.5164508,0,102,0.0,0.5075339,0,122,0.0,0.47346202,2,144,0.019312762,0.4678242,1,166,0.0011349095,0.50898,1,200
153,0.002565197,0.98816127,2,20,0.0115907155,0.910663,2,40,0.013586692,0.9741414,2,66,0.04326871,0.987978,2,87,0.010232956,0.9611545,2,109,0.045960207,0.93608546,2,130,0.010115913,0.9750223,2,150,0.0053549246,0.906469,2,187
154,0.0032743306,1.0222532,2,23,0.0061358735,1.0517178,2,51
155,0.021936897,0.9709209,2,21,0.010449306,0.9867848,2,44,0.042172004,0.9165511,2,64,0.008694719,0.93266594,2,85,0.00791928,0.9630624,2,120
156,0.00985614,0.93067014,2,20,0.0,0.88751334,2,40,0.0100351265,0.82895243,2,60,0.0,0.78073895,2,80,0.07307677,0.8118068,2,100,0.005282855,1.0389117,2,120,0.065574616,1.06571,2,142,0.18804805,0.9157609,2,163,0.077889614,0.96221286,2,200
157,0.008399949,0.9822221,2,20,0.0,1.011537,2,41,0.0,1.0304948,2,65,0.027544048,0.9558252,3,85,0.025714375,0.9664074,2,107,0.008856003,0.95273477,2,127,0.015453781,0.9238614,2,147,0.016233012,0.9048133,2,167,0.012618788,0.8953798,2,198
158,0.0,1.0209311,3,20,0.0057316283,1.0608644,2,41,0.0109735,1.071214,3,64,0.00014579008,1.1463047,3,86,0.0015908693,1.0620294,3,112,0.00660586,1.0632967,2,133,0.0075403345,1.0686485,3,154,0.009860539,1.0405775,2,174,0.015939243,0.9866232,2,200
159,0.0,1.0003153,2,21,0.034185335,1.0300142,2,41,0.018461626,1.013468,2,63,0.0,1.0058014,2,83,0.0051067863,0.95160884,2,105,0.022136534,1.0253102,2,125,0.002096731,1.073835,2,146,0.0015740375,1.0238802,2,169,0.026774487,1.0150748,2,200
160,0.016041104,0.9532426,2,35
161,0.0022928426,0.9584883,2,20,0.0,0.9077808,2,40,0.014394214,0.8423171,2,60,0.02727721,0.92444754,2,81,0.0664593,0.9744414,3,113
162,0.0073497584,0.94162023,2,20,0.010619396,0.8449796,2,40,0.008486563,0.74919343,2,60,0.0,0.6792896,3,81,0.0,0.7330167,2,103,0.0,0.8233739,2,124,0.0,0.9102397,2,145,0.012742537,0.8799186,0,165,0.049089175,0.80984616,2,200
163,0.01785583,0.9627188,2,21,0.0,1.011159,2,41,0.025591994,0.9652091,2,61,0.00035489033,0.96987545,2,81,0.0,0.9452523,2,101,0.0,0.9692162,2,121,0.0,0.9969263,3,141,0.0,1.0004673,2,163,0.009073465,0.95543164,2,200
164,0.0044032387,1.0274149,2,34
165,0.012558219,0.93795633,3,20,0.037900843,0.9192721,3,40
166,0.02972936,0.8954553,3,21,0.0,0.8555483,3,42,0.0,0.9614008,0,62,0.019213133,0.89461833,2,86
167,0.014077919,0.94938165,2,20,0.018802986,0.91331816,2,41
168,0.03953875,0.82606536,0,20,0.030335957,0.9903469,2,40,0.003047518,0.9750873,2,60,0.0032843777,1.0448557,2,95
169,0.0046208887,1.036886,2,23,0.0,1.0822642,2,49,0.0,1.0568792,2,80,0.00853183,1.0251621,2,108
170,0.0011977514,0.9820432,2,21,0.0064837798,0.9739788,2,41,0.011773136,0.9762303,2,76
171,0.009717086,0.97103417,2,21
172,0.008410281,0.91623545,2,21,0.0,0.88961524,2,41,0.04772546,0.8396225,2,61,0.017833903,0.81157476,2,81,0.0,0.6988653,2,101,0.0061003864,0.73862183,2,121
173,0.009470178,0.8154788,2,25
174,0.009920692,0.9764715,2,21,0.008392784,0.9657523,2,41,0.007870515,0.8611965,2,62,0.018415567,0.9361037,2,90,0.0028975594,0.96561503,2,115,0.007829324,0.97294587,2,135,0.008455026,1.0003421,2,168,0.0061582876,0.96070516,2,200
175,0.0068613715,0.9925905,2,21,0.023502085,0.9939154,2,42,0.016654376,0.9959974,0,62,0.00095063314,0.9691819,2,83,0.0,0.9443408,2,103,0.017372875,0.92311686,2,123,0.018411618,0.8796304,2,143,0.0022213147,0.90602416,2,163,0.012211757,0.9420689,2,200
176,0.02580123,0.83412457,2,20,0.00037108417,0.83286893,2,40,0.0089535955,0.86131907,2,60,0.0,0.6486538,2,80,0.0,0.7842509,1,101,0.0,0.7194502,2,121,0.0,0.3190958,1,142,0.005487877,0.5629093,1,176
177,0.0,0.96024525,2,20,0.014378626,0.85048586,2,41,0.014241728,0.7307673,0,61,0.020284716,0.8410902,2,81,0.0,1.0510843,3,101,0.0029672096,0.99546486,2,122,0.01755532,0.7777324,2,142,0.024799239,0.7213299,3,162,0.022401566,0.9168188,2,200
178,0.010171772,0.9847876,2,20,0.0,1.0397913,2,40,0.0,1.0476233,2,64,0.013711538,0.9768308,2,87,0.0,0.94519603,3,107,0.0,1.0074403,0,127,0.0,1.0229158,2,148,0.01274367,0.9346869,2,170,0.0,1.0087998,2,200
179,0.002818461,1.0213153,2,21,0.009659369,0.95867175,2,41,0.018508364,0.93003905,2,61,0.05133921,0.9008228,3,81,0.0019080779,0.9662954,2,102,0.01507068,0.92860925,2,122,0.02914654,0.7996448,2,142,0.03820715,1.0159564,3,162,0.0,0.9688063,2,200
180,0.024931235,0.9742271,2,21,0.00243799,0.9399269,2,45,0.005799358,0.96446115,2,82
181,0.0,0.96499455,2,20,0.0071513485,0.9230503,2,42,0.0,0.99723047,2,67,0.01994606,0.9725873,2,87,0.019679543,0.99898696,2,114
182,0.016741209,0.98972285,2,22,0.0,0.9964773,2,42,0.01322669,0.9490618,2,78
183,0.006369753,0.9427854,2,32,0.05294811,0.90085965,2,52,0.021341726,0.9439878,2,73,0.004618532,0.9157994,2,94,0.009849432,0.87458766,2,114,0.0019040424,0.8769224,2,134,0.013461801,0.9606307,2,154
184,0.004687099,1.0118811,2,22
185,0.03310354,0.89520836,2,20,0.0,1.0030856,2,40,0.026393289,0.88715565,2,61,0.006547175,0.8730594,2,82,0.0,1.0043905,2,109
186,0.023317067,1.0062295,2,22,0.005711894,1.0445774,2,43,0.0005505903,1.0501486,3,65,0.0044624456,1.0557177,2,92
187,0.009231443,1.0228744,2,20,0.003351737,0.9999018,2,46,0.0035013931,1.0026659,2,79,0.035324454,1.0000119,2,99,0.0077191703,0.9397107,2,136,0.016130392,0.9160451,2,177,0.024845367,0.95868796,2,200
