0,0.0,1.0394853,3,21,0.0011872143,1.0680672,2,54
1,0.0022066906,1.0358547,2,36
2,0.012198333,0.95657516,2,24,0.015050102,0.95167446,2,48,0.0,0.94119865,2,68,0.0,0.91722274,2,90,0.0,1.0061123,2,110,0.0,0.8878132,2,130,0.023277033,0.8905057,2,150,0.0066732983,0.8950595,2,176,0.022439694,1.0092841,2,200
3,0.0061954074,0.8925047,2,20,0.002545875,0.8905994,2,43,0.019205276,0.8249072,2,63,0.011930953,0.97701037,2,83,0.03064688,0.9195795,2,103,0.0,0.91981107,2,124,0.019115262,0.87110215,2,144,0.017541999,0.9185581,2,164,0.04598805,0.9242594,2,200
4,0.011590475,0.9660021,2,20,0.011693344,0.931513,2,40,0.0074218204,0.91262835,2,61,0.06233189,0.87670267,2,84,0.018279681,0.89004374,2,108,0.012987387,0.97277415,2,128,0.017281182,0.9302271,2,148,0.005278241,0.9532393,2,168,0.0024792845,0.879473,2,200
5,0.0027034425,0.9417239,2,21,0.042582925,0.90623397,2,41,0.017880488,0.8221289,2,61,0.019110424,0.7631089,2,81,0.02424005,0.86260825,2,101,0.0,0.94696033,2,121,0.0,0.84116536,2,141,0.0,0.68358487,0,162,0.046698388,0.64204025,2,200
6,0.0,0.98330784,2,36,0.03245679,0.9199604,2,58,0.017331127,0.9822175,2,79,0.014945291,1.0335263,2,100,0.0013576628,1.0902238,3,121,0.0,1.0015466,0,141,0.0040663728,1.0152724,2,161,0.024009928,1.015812,2,200
7,0.0075480295,0.92032987,2,20,0.016214373,0.8842621,2,40,0.02644798,0.87158453,2,62,0.0,0.92188007,2,82,0.0,0.94097155,2,106,0.025803328,0.9279102,2,127,0.0013854478,0.97403806,2,148,0.019946937,0.9981543,2,188
8,0.0,0.9922941,2,23,0.023369342,0.968464,2,43,0.0,0.94281733,2,63,0.009821847,0.9825535,2,97,0.046031807,0.93199927,2,123,0.0597633,0.9384286,2,143,0.003776532,0.9707468,2,171,0.045797557,1.013169,2,200
9,0.0032796052,0.9786173,2,20,0.00019829693,0.94623214,2,40,0.015000527,0.9224524,2,61,0.020414138,0.7612771,2,82,0.03041173,0.81356597,2,108,0.009238621,0.91451156,2,128,0.0,0.7060918,2,148,0.008624939,0.6663922,2,171,0.016823554,0.73754674,2,200
10,0.0003549844,0.95197976,2,20,0.0013102137,0.95614624,2,43,0.05548762,0.94623375,2,63,0.006424793,0.90968734,0,84,0.015935551,0.9745148,0,104,0.022755966,0.9912617,3,125,0.0051113735,0.9113339,2,154
11,0.009339456,1.0908287,0,20,0.0,1.0616453,2,40,0.0,1.0714257,0,62,0.0,1.0405585,2,82,0.0014348067,1.0402851,2,106,0.012176321,0.9432151,2,127,0.024535254,0.8923349,2,148,0.018652393,0.968994,2,169
12,0.002912796,0.92733747,2,30
13,0.0021849982,1.0012678,2,20,0.0075820237,1.0081313,2,40,0.016777735,0.8682699,2,60,0.021564098,0.8350011,2,81,0.08211132,0.7451579,2,101,0.05077011,0.8372391,2,121,0.05100952,0.75386596,0,144,0.008891586,0.86043674,0,164,0.0,0.46359777,1,200
14,0.0038146046,1.0414443,2,23,0.0088323485,0.98548496,2,43,0.0,0.93693227,2,63,0.0094745895,0.9853177,2,87,0.012631392,0.919565,2,107,0.0,0.99785966,2,127,0.0,0.8587648,2,149,0.007477472,0.83553445,2,169,0.039439783,0.70070106,2,200
15,0.026122347,0.9752385,2,20,0.006038937,0.9714049,2,41,0.010655957,0.94690967,2,63,0.00077936746,0.9713823,2,83,0.008100325,0.9366888,2,103,0.0,1.0263721,2,124,0.00090660935,1.0878905,0,146,0.0042019873,1.0510786,2,169,0.0043170922,1.1453208,2,200
16,0.005681893,0.9706199,2,21,0.009364384,0.9578301,0,42,0.011313194,0.840876,0,62,0.0219358,0.8345511,2,86,0.0,0.67937,0,106,0.0,0.40619615,2,128,0.0,0.33460099,2,148,0.08020757,0.23291937,2,168,0.017691802,0.33047947,0,200
17,0.004303151,0.95401895,0,22,0.0,1.1160852,2,42,0.0,0.88782007,0,62,0.017854605,0.8681802,0,83,0.0,0.87704486,2,103,0.0,1.0655081,2,124,0.0,0.98942584,2,148,0.016528873,0.7452368,2,173
18,0.00499926,0.99884313,2,28
19,0.0052078245,0.98141855,2,22,0.036705203,0.993705,2,42,0.0098247435,1.0130059,2,66,0.0099542225,0.9980766,2,88,0.0,1.0358052,2,109,0.0,0.9738201,2,130,0.0,1.0119957,2,176,0.0,0.9931288,2,200
20,0.011391403,0.8138209,2,21,0.0019764374,0.93429536,2,41,0.0,0.9804651,0,61,0.06764962,0.795295,2,81,0.060623907,0.7231434,2,112
21,0.0,0.997942,2,20
22,0.0021591685,0.9227998,2,23,0.0,0.957774,2,43,0.0073743933,0.9398968,2,64,0.012626862,0.91640025,2,84,0.009348536,0.8798093,2,105,0.029405933,0.8769395,2,125,0.0050708414,0.8712149,2,148,0.0,0.95825857,2,171,0.0,0.915122,2,200
23,0.0067278645,1.0119402,2,20,0.011610476,0.96321094,2,58,0.0,1.0482402,2,78,0.0,1.1072767,2,98,0.0,1.0327895,2,127,0.0017046718,0.9188442,2,148,0.0026420127,0.90094966,2,169
24,0.0,0.9893877,2,20,0.009375086,0.9383422,2,40,0.02368913,0.9122542,2,60,0.013301281,0.9826873,2,80,0.007907166,0.9315579,2,101,0.006894868,0.9424777,2,121,0.030735282,0.8604749,2,142,0.0037049148,0.9099776,2,162,0.031125959,0.9122722,2,200
25,0.013074937,0.9377099,0,21,0.0,0.8534175,2,41,0.0,0.86535645,2,61,0.047059357,0.8444497,2,81,0.0,0.8186442,2,101,0.037071276,0.5879043,2,121,0.014323665,0.8972745,2,149
26,0.001836269,1.0219479,2,21,0.0060142395,1.025522,2,43,0.040743068,0.98611945,2,63,0.008558599,1.0123572,2,83,0.027435986,0.98692703,2,104,0.013110204,0.950219,2,124,0.0033714836,0.9700652,2,149,0.006582859,0.85064113,2,169,0.0,1.0127753,2,200
27,0.019756751,0.8893112,2,21,0.01532986,0.81252384,2,41,0.04233684,0.8282814,0,61,0.062068224,0.9820501,2,82,0.0,0.90005606,2,102,0.0,0.6894193,0,123,8.348118e-05,0.8188899,3,144,0.0,0.7889242,2,166,0.00806314,0.78364897,3,200
28,0.011028959,1.0229853,2,27,0.0055773365,0.97800523,2,52,0.030526657,0.9428721,2,74,0.0,0.96036005,2,106,0.0,1.0008112,2,130,0.0,1.0061351,2,157,0.0,1.066567,2,200
29,0.0050808666,1.0119824,2,34
30,0.009084869,0.91695225,2,26,0.008821584,0.98061746,2,57
31,0.0,0.98253536,2,20,0.014563099,1.0098821,2,50,0.00017286216,1.003456,2,71
32,0.005434282,0.9210495,2,22,0.022866424,0.97886485,2,43,0.010019964,0.9639371,2,63,0.021819077,0.9114793,2,84,0.0067820335,0.86005276,2,104,0.025066717,0.9769015,2,128
33,0.0028528431,0.99750054,2,20,0.017679695,0.96832865,2,40,0.012927994,0.9690329,2,60,0.0336059,0.73790586,2,80,0.099210806,0.9950779,2,100,0.04525279,0.9687343,2,122,0.013875514,0.95373476,0,142,0.0,0.8089138,2,163,0.025752658,0.7625507,2,200
34,0.00087552203,1.0193297,2,20,0.0066288686,0.9873856,2,40,0.008576475,1.0252846,2,62,0.0,1.0913653,0,82,0.006308633,1.0799584,2,102,0.001908294,1.0559038,2,124,0.0,1.0860486,3,144,0.010955297,1.0260391,2,166,0.0,1.046514,2,200
35,0.0070613055,0.9837228,3,20,0.010648845,0.9683321,2,40,0.014541118,0.99255717,2,65,0.006748101,1.0727357,2,85,0.004041514,1.1027923,3,105,0.0024044756,1.1343753,2,126,0.0,1.1556364,3,153,0.0018035809,1.1024885,3,174,0.0058621014,1.117373,0,200
36,0.026696773,0.99226606,2,21,0.024149006,0.9869946,2,42,0.0019309418,0.9529216,2,63,0.0,0.90925854,2,83,0.018755,0.9470153,2,106,0.010591559,0.9883855,2,129,0.033960316,1.0779572,2,152,0.0026887215,1.1032199,2,200
37,0.00864712,0.9647225,2,20,0.026383186,0.91353494,2,40,0.0,0.9829232,2,60,0.028455652,0.876594,3,81,0.017345281,0.9665288,3,102,0.0010075213,0.9194562,2,126,0.00073837937,1.0131073,2,147,0.012797794,0.98904175,2,168,0.0144710485,0.91754484,2,200
38,0.012159389,1.0004389,2,31,0.011029862,0.936949,2,55,0.014471553,1.0108947,2,87
39,0.010445885,0.9714159,2,25,0.0012164601,1.0064654,2,52
40,0.027403884,0.99504715,2,22,0.0114525035,0.9822358,2,42,0.0032568108,0.91337365,0,63,0.008295974,0.86404276,3,83,0.08528189,0.78270805,2,104,0.018990293,0.8237858,2,126,0.0,0.9057882,2,148,0.03260728,0.7122698,2,168,0.013544479,0.7400585,2,200
41,0.0036919862,0.9958171,2,23
42,0.0036094293,0.88290155,2,20,0.0,0.96290934,2,40,0.00018539102,1.0113351,0,60,0.009178468,0.9261424,2,90
43,0.003121708,0.98781615,2,25,0.0,1.0117532,2,47,0.0,0.93031144,2,69,0.0,0.9435886,2,89,0.0,0.98714286,2,114,0.010066355,1.0041918,0,135,0.0,1.0270883,3,155,0.017323848,1.0915468,2,176,0.0,1.0241052,2,200
44,0.0018087595,1.055795,2,20
45,0.0041161915,0.98180217,2,31
46,0.00038588783,0.9363219,2,36
47,0.0028600323,1.0089663,2,24
48,0.00034978657,1.0562923,2,22,0.0067321234,1.0226333,2,42,0.0013143611,1.0864092,2,63,0.0,1.0877405,3,87,0.0035475383,1.099953,2,110,0.007652606,1.1344085,3,130,0.00294004,1.1100135,0,162
49,0.0014255786,0.97454363,2,27,0.010188733,0.87121695,2,52,0.016805394,0.8672472,2,80
50,0.03395666,0.9877293,2,21,0.061992954,0.9068754,3,53
51,0.0,0.8783146,2,22,0.018153226,0.9236487,2,42,0.0012358675,0.741365,2,64,0.018584207,0.8494018,2,88,0.00030776951,0.91844255,2,108,0.044879388,0.9526801,2,146
52,0.0,1.0067157,2,20,0.0,1.0771546,2,41,0.0019030056,1.0424497,2,82
53,0.010834123,1.020656,2,26,0.013922766,1.0554615,2,50,0.0,1.0236126,2,75,0.0,1.0343444,0,97,0.0,1.0229927,2,122,0.017206093,0.99805444,2,144,0.0011798597,1.0411919,2,166,0.013446101,1.0462403,2,200
54,0.003335205,0.9549908,2,22,0.047376655,0.87822837,2,50
55,0.016110845,0.9095358,2,39
56,0.00277687,1.0111957,2,20,0.008348756,0.9811771,2,41
57,0.005220087,0.98412466,2,21,0.028887715,0.9838419,2,41,0.0026966538,0.94508743,2,64,0.0,0.93638736,2,84,0.0014264617,0.9741235,2,113,0.015712833,1.0176333,2,133,0.0,0.90695506,2,153,0.0,0.92768013,0,173,0.0,0.6021955,0,200
58,0.0024964216,0.94770247,2,22,0.0066709453,0.98401326,2,42,0.009047798,0.83023345,2,62,0.012609378,0.91044587,2,89,0.0012462203,0.808055,2,110,0.03245925,0.77524775,2,131,0.0,0.50067675,1,151,0.0,0.7211646,2,171,0.0,0.5751511,2,200
59,0.00029063332,1.0101792,2,48,0.0035907857,1.0644821,2,83,0.0,1.0689789,2,121,0.0,1.0115002,2,142,0.019153219,0.99926025,2,162,0.007537031,0.9675289,2,200
60,0.002400248,1.0196478,2,20,0.0,1.0534444,2,45,0.0,1.1109129,2,65,0.0013080204,1.0382227,2,86,0.0,1.0654718,2,107,0.0,1.0645757,3,128,0.003958782,1.0423304,2,150,0.0044946047,0.9927497,2,170,0.004574411,1.0506583,2,200
61,0.0,0.85489595,2,20,0.0009962722,0.7229742,0,42,0.007928936,0.7726338,2,64,0.027761653,0.6126778,2,84,0.0,0.38240314,1,104,0.0,0.2728086,1,124,0.0,0.44370505,2,156
62,0.0106248725,0.9813391,2,23,0.013448062,0.84918356,2,43,0.052203376,0.8848915,0,63,0.031968083,0.87975883,2,85,0.005164499,0.9339921,2,105,0.028900454,0.8376472,2,126,0.0,0.9441626,2,151,0.0,0.95692635,3,175,0.07625386,0.96773744,2,200
63,0.0,0.9266574,2,20,0.013704523,0.9772634,2,42,0.03566752,0.95397437,2,70,0.0034317872,0.9605321,2,96,0.0,1.0039427,2,117,0.004209079,0.93483794,2,139,0.00879734,0.92012316,0,160,0.00014305655,0.91666555,2,180,0.018844124,0.8294884,0,200
64,0.0047093793,1.0263476,2,23,0.0133047495,1.0220629,2,43,0.01178344,1.0320065,0,63
65,0.004385796,0.9672043,2,22
66,0.0029488534,0.99001294,2,25,0.005477681,1.0056635,2,46,0.0,0.9910043,2,66,0.008620072,0.9102364,2,88,0.018344559,0.89219886,2,109,0.01821326,0.9613029,2,137
67,0.00069825596,0.99366826,2,20,0.02105084,1.0093714,2,40,0.014955494,0.9677814,2,60,0.019923138,0.8572169,2,81,0.011359185,1.0111996,2,101,0.0054874686,1.0108984,2,121,0.0,1.0556545,2,141,0.0065128864,1.0479419,2,161,0.004489473,0.9729671,2,200
68,0.00067087763,0.98977363,2,21,0.0011052563,1.0088476,2,45,0.0064205476,0.9153886,2,66,0.0,0.95746666,2,94,0.0,0.9571867,2,114,0.012127293,0.8920245,2,137,0.010508882,0.9222936,2,166
69,0.0,1.0413295,2,20,0.0,1.0456367,2,42,0.0014575797,1.0797755,2,62,0.0,1.0854285,2,82,0.0,1.048314,2,105,0.0,1.1063842,3,125,0.0011963116,1.0983962,0,149,0.0,1.0510341,2,171,0.0044019045,1.1148914,3,200
70,0.013882193,0.93421376,2,20,0.011837866,0.95341146,2,43,0.016367005,1.0105188,2,64,0.0,1.0018266,2,85,0.0,0.9992266,2,106,0.013501124,0.9815779,0,126,0.0,1.0775797,2,147,0.0,1.1153591,0,167,0.0,0.9493585,2,200
71,0.0,0.9702509,2,21,0.0022555322,1.0056102,2,41,0.00996761,0.9694117,2,76
72,0.0068012127,1.0346158,2,41
73,0.020796929,0.9391198,2,21,0.0034091207,1.0235229,2,53,0.007917556,1.0581372,2,73,0.00097133964,1.0970901,3,93,0.015087518,1.0175216,2,116,0.0,1.0419861,2,136,0.005150054,0.9464843,2,157,0.011600901,1.0218565,2,177,0.012033218,0.9832688,2,200
74,0.031195533,0.92794055,2,21,0.0,0.8828293,2,42,0.043007668,0.85768646,2,63,0.033422373,0.9244213,2,84,0.0,0.8612219,2,104,0.09002284,0.8260027,0,124,0.0,0.8585742,0,149,0.0032145046,0.8059149,3,169,0.00686712,0.8130901,0,200
75,0.024253834,0.8927085,2,21,0.015730416,0.896093,2,42,0.0,0.78609896,2,62,0.0023562203,0.64419806,0,83,0.026977707,0.66554725,2,106,0.0,0.8455746,2,141
76,0.0346067,0.9328348,2,22,0.010541852,0.9104259,2,43,0.008023747,0.9354925,2,63,0.005299875,0.9443858,2,83,0.013767694,0.9438797,2,103,0.038803946,0.8205312,2,124,0.02642889,0.9247655,2,147,0.016619356,0.95954,2,169,0.010009674,0.9447639,0,200
77,0.0045964285,1.0258664,2,22
78,0.02086584,1.0129304,2,30
79,0.0074970913,0.95451635,2,21,0.018049974,0.95290345,2,41,0.038320128,0.9112619,2,61,0.053647805,0.9338412,2,86,0.06028918,0.8307835,2,106,0.14530452,0.84195036,0,127,0.02805105,0.887029,2,151,0.16263197,0.884535,2,175,0.028139597,1.0281606,2,200
80,0.0061964737,0.971128,2,20,0.023046935,0.9688099,2,44,0.0043449025,0.9696196,2,66,0.0020250983,0.9984682,2,90,0.0065299273,0.9838832,2,118,0.01877842,0.94648725,2,138,0.0096613895,0.9644208,2,165,0.0013091181,1.0051528,2,200
81,0.004078544,0.8823713,2,20,0.052933473,0.90978515,2,40,0.032502003,0.93608606,2,60,0.0,0.9286545,2,80,0.0,0.97778237,2,101,0.0,0.9709863,2,123,0.0114318775,0.9609893,2,144,0.0,0.9879559,2,165,0.0006772747,0.9913051,2,200
82,0.016600315,0.79905266,0,21,0.031249404,0.81291425,2,42,0.0,0.75211436,0,62,0.005240082,0.70649475,2,82,0.014571475,0.8839731,2,102,0.0,0.82117903,3,122,0.0066625723,0.76758474,2,143,0.0,0.927256,2,164,0.019825332,0.8447025,2,200
83,0.010316753,1.0176307,2,20,0.011728173,1.0339143,2,45
84,0.011020883,0.9490433,2,23,0.02355297,0.8562693,2,52
85,0.010079567,0.97708464,2,20,0.009121027,0.9549446,2,42,0.006161622,0.9353963,2,63
86,0.009743566,0.9696299,2,20,0.002269289,0.95665205,2,40,0.0037628717,1.0140111,2,61,0.036262713,0.85449517,2,81,0.00789779,0.8698122,0,101,0.0,0.8260457,0,121,0.03482851,0.8402047,2,141,0.020751754,1.0213314,2,164,0.02276124,0.7651117,2,200
87,0.008864437,0.9388668,2,25,0.01903724,0.9340848,2,51
88,0.012172174,1.0294327,2,35
89,0.039282408,0.92468786,2,20,0.030110657,1.020292,2,41,0.060584616,0.9242506,2,61,0.017719086,0.8439142,2,81,0.0,0.987543,3,101,0.008199813,0.84603065,2,122,0.0,0.95272577,0,142,0.0,0.75798756,0,162,0.010412809,0.39990035,0,200
90,0.0021997544,0.97843164,2,24,0.010864227,1.005058,2,55,0.020789893,1.0065639,2,95,0.0064556724,1.0058758,2,115,0.008507727,1.0717592,2,136,0.0051575457,0.9762348,2,156,0.0,1.0094492,2,176,0.0004941879,0.94743425,2,200
91,0.0018596456,1.0296437,2,20,0.010102322,0.99753743,2,43,0.00075384084,1.0543889,2,63,0.0024581267,0.98938495,0,96,0.0,1.05862,2,118,0.0020380486,1.0618273,2,138,0.0146988705,1.0004557,2,158,0.0,1.0089768,2,179,0.0153451245,0.99516577,2,200
92,0.0054461444,0.9438734,2,20,0.00030315007,0.95164853,2,42,0.016041944,1.0798155,2,64,0.0067771412,1.1255274,2,87,0.013885259,1.011989,3,115
93,0.010030514,0.9741434,2,20,0.026793737,0.96147233,2,40,0.005900563,0.99348223,2,61,0.021437375,0.91378564,2,85,0.0,0.9428156,2,105,0.0,1.0009574,2,126,0.053248305,0.76319647,2,161
94,0.023821559,0.9411911,2,20,0.010198083,0.8475704,2,40,0.09815683,0.7791118,2,63,0.032995768,0.8979346,2,83,0.015984368,0.9374802,2,104,0.0058629946,0.9921828,2,127,0.0,0.99051636,2,152,0.0038372844,0.7846528,2,172,0.06325738,0.8169699,2,200
95,0.011900389,1.0402645,2,21
96,0.0005996715,1.0505037,2,27
97,0.014775646,1.0079262,2,20,0.0015177088,0.9840018,2,44,0.004192561,1.0282869,2,68,0.0028512438,0.9968289,2,94,0.0,0.9629961,2,116,0.014519999,0.98910654,2,139,0.012246746,0.85815984,2,163,0.010903964,0.9379534,2,200
98,0.009196628,1.0643657,2,20,0.007935877,1.0206186,2,60
99,0.00791146,1.0273278,2,20,0.0044253278,1.0753372,2,46
100,0.0051394473,1.0265077,2,41
101,0.0071454225,1.0121278,2,20,0.0,1.0141066,2,42,0.00029540682,0.9998168,2,81,0.028640233,0.95500875,2,106,0.014921765,0.89459866,2,126,0.001615457,0.9714219,2,147
102,0.02382188,0.93508875,2,21,0.0015260054,1.0369393,2,45,0.002387752,0.99265826,2,65,0.007810244,0.98409295,2,92,0.0,1.0507826,2,112,0.0022901543,1.0334051,2,134,0.0,1.148492,0,155,0.0013109596,1.1341375,2,178,0.00044458962,0.9433495,2,200
103,0.022400526,0.9096325,2,24,0.03819737,0.9726518,3,45,0.010151746,0.9602299,3,65,0.055495393,0.95247316,2,86,0.08570933,0.9005823,2,106,0.0406722,0.94935066,2,127,0.0014377163,0.9705752,2,147,0.036740888,0.9036479,2,167,0.0016325854,0.82615674,2,187
104,0.015927073,1.0518353,2,21,0.008098094,0.99404556,2,41,0.0010275621,1.0157923,2,62,0.0071774586,1.0048096,2,82,0.0017706233,0.9918764,2,103,0.0017120679,0.9968285,2,125,0.008863735,0.9823559,2,152,0.004010998,1.0355872,2,174,0.004305717,0.9716066,2,200
105,0.006810838,0.9784584,2,22,0.0031616718,1.0294974,2,42,0.017431386,0.9512005,2,63,0.006578728,1.0468076,2,102
106,0.00030307364,0.8861066,2,21,0.004279107,0.9150378,2,41,0.005292684,0.8794489,2,61,0.019113779,0.75095433,0,82,0.05510019,0.83413005,2,103,0.0,0.9862768,2,123,0.0,0.8265742,2,144,0.0,0.7345781,2,164,0.02444898,0.8023305,2,200
107,0.023131836,1.0080554,2,20,0.012822706,0.96484154,2,41,0.030456344,0.9297797,2,64
108,0.015316844,0.96691036,2,24,0.021608813,0.9883331,2,47,0.025537897,0.9962578,2,69,0.010039483,0.88467723,2,90,0.0052273218,0.9581564,2,114
109,0.035704575,0.8922942,2,20,0.015668955,0.9010922,2,40,0.0,0.99061316,2,60,0.0,0.9363012,0,85,0.0,1.0078201,2,105,0.0,0.90887415,2,125,0.008845718,0.90969867,2,145,0.0,0.8263229,2,166,0.0052287173,0.86740005,2,200
110,0.0,0.9853088,2,20,0.0022139766,1.0420265,2,43,0.0036148585,0.9873015,2,63,0.0,1.0448486,2,89,0.0,1.0152993,2,112,0.0005106029,0.87098265,2,132,0.047879826,0.79772484,2,152,0.07282805,0.81770176,2,174,0.013356281,0.9178885,2,200
111,0.008423076,1.0244384,2,22,0.015612129,1.0520281,2,44,0.0,1.0403539,2,67,0.0,1.0471262,2,88,0.0079442905,1.0462496,2,109,0.00038259831,0.99522746,2,130,0.0,0.9910271,2,152,0.0046904674,0.95737106,0,173,0.011964766,1.0180892,2,200
112,0.045964353,0.87482846,2,20,0.0052395845,0.79905224,2,40,0.0026578163,0.71394295,2,60,0.0,0.67653096,2,82,0.0034292117,1.0443751,3,102,0.0,0.6728303,1,122,0.0,0.7481196,1,142,0.0,0.6088446,2,165,0.0084264465,0.5725964,2,200
113,0.013615226,1.0180435,2,22,0.0019378993,0.9748058,2,52,0.01026356,1.0040798,3,74,0.005524325,1.0432482,2,94,0.002163297,0.97915405,2,116,0.0069895377,0.9596535,2,136,0.01854685,1.0398699,2,156,0.011621477,1.0837642,3,176,0.008309522,1.0784706,2,200
114,0.0046911286,0.9021288,2,20,0.005143222,0.89159685,2,46,0.023031857,0.8549906,2,66,0.0,0.78093994,3,86,0.019766672,0.36452067,0,116
115,0.010464253,1.0320909,3,21,0.0,1.0873611,2,49,0.019248474,1.0265511,2,73,0.0010739489,1.1173626,2,97,0.0,0.9887842,2,122,0.0,0.93646306,2,148,0.0,1.0361348,2,168,0.0,0.91783667,2,200
116,0.006128775,0.9500537,2,39
117,0.0,0.93236274,2,23
118,0.006642471,1.0264918,2,40
119,0.001203856,1.0609342,2,26,0.017080279,0.98793507,2,56
120,0.0009730545,1.0073211,2,36,0.0024075487,0.99886686,2,58,0.011532248,0.9042509,2,78,0.00033201143,0.9659133,2,99,0.027204273,1.037575,2,121,0.0070240824,1.0261136,2,143,0.004461611,0.9631478,2,163,0.012786261,0.96734816,2,200
121,0.013965404,0.98065996,2,27,0.0,0.98646104,2,47
122,0.024129227,0.97973824,2,23,0.010165733,0.9825967,2,46,0.023717988,0.98841625,2,76,0.0032832,1.0121498,2,100,0.0105005,1.0278933,2,132,0.0,1.0432259,2,152,0.0,1.0272006,2,179,0.0029257175,1.0447301,0,200
123,0.019952208,0.9949151,2,20
124,0.012008367,0.94940263,2,20,0.0067316648,0.9873917,2,46,0.0016276877,1.0057399,2,67,0.013695867,0.8996624,2,90,0.0,0.86858076,2,111,0.0035166494,0.84625375,2,131,0.014957915,0.8561549,2,151,0.0029080848,0.82996225,2,178
125,0.021582907,0.9779886,2,20,0.013959209,0.95108,2,41,0.0033211284,0.9518739,0,61,0.022113036,0.91310966,2,81,0.022554044,0.79146653,2,101,0.008147461,0.75857264,2,121,0.014060494,0.5625423,2,144
126,0.0041940226,1.0258846,2,20,0.011269327,1.0169852,2,42
127,0.013466701,1.023267,2,28,0.020973343,0.9765972,2,48,0.0012268162,0.87195796,2,68,0.014573162,0.871019,2,89,0.0,1.0093945,2,109,0.0,1.077773,2,129,0.0,0.9390832,2,149,0.0,0.9972309,0,169,0.0022863785,0.9632917,2,200
128,0.008697067,1.0690838,2,20,0.0010348927,1.043038,2,40,0.0,1.0596982,2,60,0.006525027,1.0061717,2,87,0.0021075339,1.001751,2,119
129,0.0005691701,1.0573184,2,20,0.0,1.1048442,2,40,0.0,1.0557683,2,71,0.0,1.0628089,2,97,0.0,1.0041412,0,117,0.0,1.0583584,2,146,0.0070072836,1.0381913,2,191
130,0.025432328,0.9230395,2,26
131,0.020486854,0.93651944,2,24
132,0.002042125,0.9695271,2,25,0.0072792987,1.018931,2,46,0.006107442,0.91848886,2,66,0.03441577,0.87983656,2,87,0.01365189,0.90235585,2,107,0.0,0.9027734,2,127,0.03547456,0.7845236,2,147,0.031075027,0.75335634,2,167,0.026785068,0.8506278,2,200
133,0.01522556,0.9945097,2,24,0.019481424,0.90763646,2,44,0.02402035,0.932037,0,64,0.02403594,0.91101694,0,102
134,0.02609295,0.96427536,2,20,0.0,0.90874356,2,40,0.004587451,0.7614458,2,75,0.0,0.82823485,2,95,0.014484151,0.8762605,2,119,0.0,0.75257576,2,139,0.00047549047,0.6541354,2,160,0.0024361163,0.5939825,1,200
135,0.005148966,0.8454704,2,20,0.0,0.6592534,2,42,0.012588255,0.65983987,2,62,0.040921804,0.7416158,0,83,0.06418729,0.57489824,0,103,0.025487056,0.5882128,2,123,0.02259368,0.6459001,0,143,0.0,0.86392003,2,163,0.0,0.36777917,0,199
136,0.005577283,0.9192315,2,23,0.038390085,0.82251394,2,45,0.0028550178,1.0471648,2,83
137,0.017977264,0.98854095,2,20,0.0053288206,1.1286733,2,40,0.0071601514,1.1062173,2,62,0.0050314968,1.1256852,2,86
138,0.006545659,0.92721844,2,20,0.014535224,1.0031431,2,40,0.0135480035,0.93144286,2,63,0.006477867,0.952614,2,85,0.017597392,0.9714664,2,105,0.0006812845,1.0241414,2,125,0.0,0.9664117,2,145,0.0024290376,1.0946679,2,167,0.0053547677,0.9777787,2,200
139,0.0067667053,1.0011694,2,28,0.0,1.0329814,0,48,0.017443828,1.0455712,2,75,0.0032805675,1.0675504,2,95,0.0019144702,1.0387856,2,115,0.0006181864,1.0132815,2,137,0.0026957279,1.0303209,2,158,0.014771667,1.0038576,2,178,0.0036097427,0.9150353,2,200
140,0.011626061,0.93457955,2,20,0.0032279158,0.90819323,2,41,0.032421485,0.9501772,2,63,0.05822395,0.99569404,2,83,0.044943802,0.9490625,2,103,0.00056272367,1.0097942,3,123,0.008919525,1.024719,2,144,0.012341368,0.8446214,2,176
141,0.007849395,1.0054128,2,20,0.001632883,0.94093,2,40,0.024600685,0.89313036,2,64
142,0.009738069,0.94801605,2,26
143,0.0019496095,0.8711401,2,28
144,0.008995895,0.92222947,2,20,0.0,0.84009886,2,41,0.016621714,0.87120277,2,61,0.013934265,0.95055234,2,82,0.013366954,0.90538263,0,102,0.0066935704,0.7780547,0,122,0.012007993,0.39881203,0,143,0.0,0.5842444,0,163,0.03532182,0.38687465,0,200
145,0.01270403,0.8886541,2,20,0.016899677,0.87122023,2,46,0.04796321,0.8174235,2,66,0.015240255,0.8396396,2,88,0.0092445295,0.91803026,2,108,0.026376545,0.84950465,2,128,0.02537473,0.8548287,2,148,0.012642694,0.82708,2,171,0.026125045,0.8767134,2,200
146,0.008468791,0.90919036,2,20,0.043467697,0.9389421,2,40,0.025550764,0.8964734,2,60,0.014254116,0.9553144,2,82,0.0,0.9237225,2,104,0.0,1.0250205,2,126,0.0104240505,1.0086238,2,149,0.022013022,0.93608,2,169,0.004485231,0.99140245,2,200
147,0.0007329774,0.9380695,2,20,0.012774442,0.801449,0,40,0.0023037153,0.78733575,1,60,0.0,0.93428296,2,81,0.036319405,0.78361875,2,101,0.0,0.8639614,2,121,0.008109653,0.84983426,2,145,0.0,0.92530435,3,167,0.025679896,0.8851409,2,200
148,0.010462314,0.96839,2,20,0.012484039,0.8787699,2,40,0.003178355,0.9173684,3,60,0.036442485,0.83484715,2,88
149,0.008994503,0.9933203,2,23,0.040079955,0.90409327,2,43,0.009391577,0.9353878,2,63,0.03032126,0.83926857,2,83,0.054169983,0.8885035,2,120
150,0.020073283,0.9784239,2,20,0.009683094,1.0093889,2,41,0.008277607,1.0624328,2,76
151,0.010157947,1.0251374,2,20,0.007695261,0.98336357,2,42,0.03296766,0.8976847,2,67,0.009684429,1.0452837,2,87,0.018656839,1.0596328,2,107,0.009283416,1.0242059,2,127,0.004706861,0.99097186,2,148,0.0,1.000716,2,168,0.013027804,0.99177325,2,200
152,0.0,1.0251558,2,22
153,0.00024001412,1.0399511,2,20
154,0.016077902,0.9434463,2,33
155,0.011187111,0.98382425,2,20,0.032033455,0.87910193,2,40,0.0036502422,0.90133387,2,66
156,0.0012940329,0.95720464,2,20,0.015475808,0.8776498,2,41,0.0,0.80718744,2,61,0.01906515,0.7691026,2,84
157,0.018010587,0.85760736,2,24
158,0.0019330427,0.9676983,2,22,0.017648838,0.9805034,2,46,0.019119201,0.9533744,2,73
159,6.137443e-05,0.91722137,2,21,0.0,0.96604675,3,42,0.0072020567,0.96066797,2,68,0.0,0.92995054,2,88,0.010453085,0.9534696,2,109,0.0042598248,0.983631,2,139,0.009650436,0.97831285,2,161,0.01334357,0.99047184,2,200
160,0.008194911,1.0323703,2,20,0.0011677126,0.98658407,2,40,0.003496015,1.0174966,2,60,0.008788995,1.0130402,2,80,0.0011617966,1.02815,2,107,0.0,1.0550983,0,127,0.004340688,1.0832745,0,155,0.011334858,1.0655674,2,175,0.013419044,1.0674005,2,200
161,0.0,0.9077534,2,37
162,0.0,0.8109161,2,20,0.008253454,0.72898394,2,40,0.003103792,0.5458545,2,61,0.0,0.27672723,0,82,0.0,0.2156647,1,102,0.0067987726,0.47102678,0,124
163,0.010706076,0.9776306,2,29,0.016184762,0.9269152,2,50,0.014869504,0.8221939,0,70,0.035656676,0.8808164,2,91,0.001259515,0.9247075,2,114,0.0054567936,0.9707984,2,153,0.0021594625,0.92655975,2,173,0.006092598,0.8280637,2,200
164,0.00054250925,1.0006706,2,20,0.0025516886,0.9699187,2,40,0.0,0.9693095,2,60,0.021508582,1.0175656,2,93
165,0.009503008,1.027283,2,28,0.0,1.0536288,2,52,0.0,0.99288154,2,75,0.0,0.94862366,2,97,0.0,1.114503,3,120,0.0,1.0076851,2,148,0.00053632475,1.0039461,2,174,0.0,1.016084,2,200
166,0.004405399,0.94353485,2,20
167,0.012531841,0.95385295,2,20,0.004112071,0.88113135,2,40,0.008756929,0.94967127,2,60,0.059714906,0.78175807,3,80,0.018877085,0.94833684,2,101,0.009840189,0.8796229,2,130
168,0.010755655,0.98911506,2,21,0.0,1.0500282,2,44,0.026423719,0.9777694,2,64,0.015490408,0.88316506,2,84,0.0,0.81827486,0,104,0.004051307,0.8352419,2,124,0.0,0.93477976,0,146,0.0,0.8656772,2,166,0.018805483,0.92337906,2,200
169,0.0019256352,0.97070575,2,21
170,0.0039199227,0.9009961,2,21,0.0067090313,0.81846184,2,42,0.0,0.6475829,2,62,0.0,0.5839852,2,82,0.0,0.6507205,2,102,0.0016988938,0.6182905,2,125,0.0,0.7630943,2,145,0.033637226,0.72415024,2,178
171,0.0073955567,0.99521416,2,20,0.011544963,0.98364514,2,40
172,0.011389004,0.9753706,2,23,0.01978688,0.9969972,2,44,0.01783203,0.93719596,2,64,0.040653624,0.919384,2,97
173,0.0031791807,0.8942045,2,20,0.0038020276,0.9883081,2,40,0.003110117,1.0125767,0,61,0.010280246,0.9162988,2,82,0.0,0.8569089,2,102,0.02726036,0.71184856,2,131,0.02543225,0.74613786,2,151,0.039645415,0.5951874,2,171,0.00851888,0.66988873,2,200
174,0.0032218976,0.9847576,2,22,0.0006575965,0.8998577,2,42,0.025291229,0.78605664,2,62,0.056767575,0.90169114,2,82,0.058645427,0.72770584,2,102,0.011063377,0.6680348,2,122,0.05530252,0.7110777,2,143,0.06296115,0.88472444,2,167,0.054864038,0.7328715,2,200
175,0.003127531,1.0227073,2,20,0.006192957,0.9817874,2,40,0.0,1.0359392,2,60,0.0081392275,0.9272715,2,80,0.03709761,0.81183004,2,100,0.008884563,0.59683466,0,121,0.0,0.6561023,0,142,0.0046791392,0.719825,2,164,0.007970251,0.7354345,2,195
176,0.006792127,0.9985439,2,20,0.016678091,1.0089046,3,40,0.0,1.0288361,2,60,0.0,0.9019478,2,80,0.015677469,0.98164403,2,101,0.034919236,0.86676437,2,122,0.0005116669,0.983771,2,142,0.0,0.9061437,2,163,0.015761117,0.83947927,2,200
177,0.003986011,1.0265493,2,20,0.0051290067,0.9906105,2,40,0.015246408,0.9827472,2,68,0.0,0.9198201,2,98,0.011254116,0.9284774,2,121,0.0061528143,0.93799603,2,141,0.034108963,0.91246665,2,163,0.023852156,0.9624282,2,200
178,0.015444429,1.0229205,2,27,0.0034341929,0.9055897,2,47,0.017013088,0.93346125,2,68,0.040146153,0.8697369,2,92,0.027441138,0.7779719,2,112,0.009437396,0.9286725,2,136,0.012261544,0.97466224,2,157,0.009806625,0.9947176,2,177,0.002027874,1.0824455,2,200
179,0.008762565,1.0158808,2,25
180,0.031833317,0.9386112,2,20,0.0022573657,0.9343506,2,53,0.0,0.9015857,2,73,0.0,1.0242279,0,93,0.0,0.94697684,0,113,0.0,0.85469675,2,133,0.0,0.94535285,0,153,0.0,0.678553,0,173,0.010485225,0.5414328,0,199
181,0.036431957,0.98101205,2,20,0.025341582,0.8166418,2,40,0.035183147,0.6063027,0,60,0.097743474,0.65503657,0,80,0.06360767,0.70655626,2,100,0.012178967,0.70602536,0,120,0.0337325,0.8005908,2,140,0.030695314,0.53018576,2,165,0.042679183,0.79165554,2,200
182,0.0036712221,0.932352,2,22
183,0.0,1.0372039,2,20,0.0,1.0713215,2,41,0.006306074,1.0359718,2,80
184,0.005135188,0.9260255,2,21,0.016970012,0.88150096,2,42,0.009456024,0.9303677,2,64,0.009206876,0.766209,2,86,0.0009888306,0.90902346,2,106,0.0027863774,0.98385876,2,127,0.0,1.0194287,2,147,0.0,0.9840842,2,172,0.0017419894,1.0232944,0,200
185,0.0002731139,1.07076,2,23,0.0,1.068895,2,46,0.012606482,1.1050961,2,66,0.006780603,0.9515659,2,86,0.022797743,0.9462698,2,106,0.008710425,0.9385614,2,127,0.0040740096,0.9046942,2,147,0.0070307865,0.8843635,2,167,0.023448413,0.85057425,2,200
186,0.032252125,0.9278872,2,23,0.0,0.86525756,2,43,0.026454562,0.8053144,2,63,0.021819577,0.71608967,0,83,0.014913396,0.8820397,2,104,0.0012551851,0.9083656,2,124,0.0,0.8549515,2,144,0.028460199,0.82992697,2,164,0.0612752,0.81268996,2,200
187,0.020032879,0.9288471,2,21,0.030140411,0.88480043,2,41,0.010784313,0.96524715,2,61,0.0030304706,0.8892927,2,81,0.012076057,0.87551194,2,104,0.026377331,0.93673575,2,127,0.014942207,0.76328033,2,148,0.0,0.88815486,2,168,0.014278339,0.8915195,2,200
188,0.0057399776,0.8921562,2,22,0.0026306733,0.8851217,2,42,0.0063895495,0.7978312,2,62,0.0008883524,0.8303252,2,83,0.0,0.60218626,1,103,0.0,0.57362455,2,124,0.0,0.47986063,1,145,0.0,0.56732666,1,165,0.06431981,0.45666048,1,200
189,0.01008801,0.9989449,2,20,0.0,1.0584112,2,41,0.006911605,1.0455039,2,68,6.7977235e-05,0.8882968,2,88,0.0130746905,0.776405,2,108,0.0,0.6247478,2,128,0.08902362,0.49531823,2,150,0.0,0.81736946,2,170,0.023685746,0.8283024,2,200
190,0.013970827,0.9547723,2,20,0.03162693,0.7727027,2,41,0.02028274,0.6974088,2,62,0.007137642,0.6329127,2,85,0.0,0.8309407,2,106,0.0114606945,0.8004707,2,128,0.007862192,0.63131666,0,151,0.042929616,0.8171752,2,172,0.024980187,0.9972712,2,200
191,0.00925689,1.0020081,2,38,0.0026524246,0.9600412,2,58,0.0026729212,0.96153253,2,81,0.0,0.9580902,2,101,0.0,1.0363615,2,121,0.0,0.96224695,2,148,0.0,1.0116067,2,169
192,0.0040520565,0.94732445,2,20,0.004742111,0.96015775,2,42,0.017273169,0.94391805,2,62,0.0016027598,0.9638834,2,82,0.044142697,0.9396279,2,109,0.0,0.9064124,2,129,0.0287818,0.8400055,2,150,0.0021994824,0.7180802,0,171,0.013449519,0.30596292,0,200
193,0.0055948133,0.9090663,2,20,0.0,0.9608407,2,44,0.0036579377,1.019522,2,64,0.019367633,1.01855,3,86,0.015552909,1.0151185,2,108,0.00079675904,0.9617901,2,128,0.014822567,0.9099352,2,148,0.013639262,1.0136287,2,168,0.0,0.9791311,2,200
194,0.022276625,0.82606435,2,25,0.015624067,0.8853596,2,45
195,0.0045794686,0.97645134,2,27
196,0.009860845,0.9297046,2,25,0.010041633,0.95613253,2,45,0.007957546,0.8260042,2,68,0.003281863,0.836178,2,88,0.030342167,0.82483435,2,108,0.0038029307,0.88138574,2,130,0.0,0.8771384,2,155,0.0038587763,0.83757704,2,175,0.004700991,0.91724044,2,200
197,0.0068126246,0.9931138,2,20,0.013531288,0.93288076,2,40,0.0046301414,0.91759,2,63,0.00051316636,1.0206345,2,83,0.019107064,0.9948483,2,105,0.006454453,1.0323023,2,129,0.010745766,1.0862255,2,155,0.0054673576,1.0515246,2,200
198,0.021749947,0.9304182,2,20,0.01214658,0.8861952,2,40,0.059527032,0.809878,2,60,0.009794599,0.96483254,2,82,0.06217591,0.8185339,2,106,0.009944843,0.96373606,2,126,0.024838643,0.8010467,2,147,0.017949695,0.82196784,2,174,0.12158631,0.9025986,2,200
199,0.00072719494,1.0240144,2,20
200,0.0,1.0056416,2,22,0.0019287824,1.0844138,3,42,0.0,0.8886595,0,62,0.0,0.86528146,2,84,0.039366204,0.9580115,3,104,0.0,0.74212015,0,124,0.0074247224,0.5300131,2,144,0.0,0.36775348,1,167,0.0049824733,0.67554456,1,200
201,0.011062189,1.0134617,2,21
202,0.015190562,1.053441,2,22,0.0007823269,1.0287246,2,42,0.011784732,1.0675681,2,62,0.01803299,1.0378759,2,83,0.020241331,1.0134856,2,118
203,0.009915341,0.9098309,2,36
204,0.011196762,1.0391582,2,20,0.017029272,0.9944986,2,51
205,0.0,1.0408014,2,21,0.020204568,1.0656292,0,41,0.0022613201,1.0539505,2,76,0.0034154737,1.0546275,2,98,0.0,1.0459648,2,118,0.0044021998,1.057543,2,160
206,0.033582695,0.93990463,2,27,0.03286218,0.88262016,2,47,0.0023354306,0.89814717,2,69,0.019068193,1.0974678,2,89,0.01546024,0.8977477,2,109,0.00046722387,0.76617485,2,131
207,0.003451882,0.974867,2,20,0.0,1.1081675,0,41,0.0018715197,1.0510248,0,61,0.014641031,1.0176115,2,95,0.006269163,0.99830186,2,127
208,0.00040534826,0.9276499,2,26,0.0054633906,0.9756841,2,52
209,0.0014792919,1.0239781,2,20
210,0.014492562,1.0268036,2,20,0.02653407,1.0515244,2,41,2.2909293e-05,1.0798062,2,62,0.0,1.0646933,2,82,0.0,1.0281726,2,106,0.0,0.9550724,2,126,0.016056916,0.8483329,2,150,0.057172526,0.90379363,2,170,0.0039337096,0.95038897,2,200
211,0.0,0.91850126,2,20,0.033133637,0.95872843,0,40,0.0,1.0476995,0,60,0.04704365,0.93232745,2,80,0.024696995,0.85980016,0,100,0.0009276552,0.46586904,2,122,0.0,0.47732687,2,142,0.010427603,0.25143617,2,162,0.20454593,0.38055834,2,200
212,0.0055564404,0.8668868,2,20,0.008848929,0.92270625,2,43,0.0,0.70428514,0,63,0.019238088,0.9455841,1,83,0.0,0.8377887,1,104,0.010667573,0.4800098,0,124,0.0,0.9132406,2,144,0.1567904,0.6123021,2,164,0.05551283,0.3982507,2,200
