0,0.0013438868,1.0413852,2,36,0.002639885,1.069971,2,72,0.00049362634,0.9964872,2,93,0.0054426924,1.0218971,2,113,0.02853091,0.91092,2,133,0.008193479,1.0306,2,153,0.0016823459,1.0361402,2,200
1,0.010572563,1.0100607,2,28,0.0,1.0408361,2,49,0.016491199,1.0193334,2,69,0.0077058612,1.007688,2,89,0.0030680024,0.9910456,2,114,0.0,0.9907286,2,137,0.0,0.9489759,2,167,0.0028728757,0.9560228,2,200
2,0.0,0.9313666,2,24,0.011651853,0.85900694,2,63
3,0.02418622,0.9479745,2,20,0.040948104,0.88987476,2,40
4,0.005712951,0.95708287,2,21,0.0014142182,0.9011295,2,43,0.0076244297,0.90396595,2,63,0.0017470208,0.9782192,2,83,0.0,0.8689722,2,103,0.007998867,0.96907926,0,124,0.0,1.0545658,3,145,0.0005630263,0.82244027,3,165,0.07717153,0.76705605,2,200
5,0.015732406,0.9362943,2,22,0.0041030375,0.9191286,2,44,0.048092633,0.9693059,2,65,0.010416192,0.8980536,2,87,0.048933607,0.8468815,2,108,0.026412487,0.85214883,2,128,0.03992947,0.868407,0,149,0.02636174,0.8105074,2,169,0.010083725,0.83768034,2,200
6,0.00453876,1.0411513,2,21,0.0,1.0157455,2,41,0.016812082,0.96569043,2,61,0.0009864933,0.98351544,2,85,0.019820329,0.97069323,0,106,0.026110664,0.9507682,2,127,0.120952226,0.8838773,2,152,0.10482348,0.96060145,2,173,0.061224088,0.922566,2,200
7,0.018295635,0.94424534,2,20,0.016931478,0.97862387,2,40,0.0002743689,1.0232323,2,62,0.0016628486,0.9791787,2,97,0.03420799,1.0286992,2,117,0.006430382,1.0294122,2,139,0.0071169743,1.0499303,2,159,0.003131275,1.076398,2,200
8,0.007528664,1.0643992,2,24,0.004603449,0.9611057,2,46,0.009667962,0.933084,2,66,0.022894975,0.95351,3,86,0.011571879,1.0080779,3,107,0.019834962,0.94120616,2,128,0.007876551,0.94673705,2,162,0.004663536,0.9425804,2,200
9,0.0032351036,1.0167046,2,35,0.00739955,1.020015,2,73,0.023049884,0.9308829,2,100,0.022500876,0.9673505,2,120,0.03677069,0.92908174,2,140,0.0,0.8667786,2,161,0.016154625,0.9471767,2,200
10,0.0,1.0409658,2,21,0.0,1.0409056,2,42,0.0054665715,0.9754708,2,75
11,0.007197255,1.0241361,2,24,0.013386157,1.0326477,2,46,0.0045310045,1.0158173,2,66,0.0055603674,1.0238765,2,86,0.012668322,1.0110778,2,109
12,0.0,0.9238904,2,21,0.030545646,0.82066756,2,42,0.010585599,0.7513801,2,63,0.0038796272,0.7510675,2,83,0.010050037,0.5473762,2,107,0.0015402837,0.26021737,1,127,0.0,0.073727556,1,166,0.03975951,0.19420801,1,200
13,0.0,1.0143708,3,20,0.0066240197,1.0918729,2,41,0.00029366283,1.1015731,2,69
14,0.0029945767,1.0597478,2,22,0.0,1.0384707,2,42
15,0.10113936,0.79171187,2,37
16,0.010891155,0.96811706,2,26
17,0.013115993,0.9819183,2,31
18,0.017796718,0.89913476,2,20,0.016027413,0.7061003,2,42,0.0,0.9334178,0,62,0.04742441,0.9038579,0,82,0.011094403,0.82361597,0,105,0.0,0.92678106,2,125,0.0,0.8823531,2,145,0.0,0.91867435,2,165,0.010174678,0.5254565,0,200
19,0.0040733507,0.9990335,2,21,0.0045024073,1.0751256,2,46,0.0018742179,0.96904594,2,74
20,0.012526331,0.98982793,2,22,0.0054318095,1.0537614,2,58
21,0.0021941494,0.98981446,2,20,0.0,0.96190375,2,40,0.00038034876,0.96564865,2,61,0.04418599,0.7858704,2,81,0.0029673236,0.8124849,2,101,0.0,1.0405855,0,122,0.0,0.86347896,0,142,0.0,0.8247703,0,162,0.019800862,0.6404332,0,200
22,0.011549657,1.010921,2,23
23,0.011066741,1.0212907,2,20,0.028222857,0.87748146,3,43,0.024563387,0.91614926,2,71
24,0.00022454103,1.0416721,2,20,0.008411626,1.0293846,2,40
25,0.008568004,1.0609041,2,21,0.001221022,1.0636564,2,41,0.0,1.0097156,2,64,0.0,1.029412,0,85,0.008477078,1.0652676,2,106,0.005131534,1.0720171,2,126,0.009793346,1.0288464,2,151
26,0.00542322,0.88688743,2,20,0.0,1.0116953,2,43
27,0.0,0.98592377,2,20,0.00084674644,1.1262786,3,42,0.0,1.070125,0,62,0.0,1.0192783,0,82,0.0,1.0546206,0,103,0.0,1.0510088,0,124,0.0,1.020549,0,156,0.0,1.0416815,2,177,0.0077122436,0.9755109,0,200
28,0.001837022,1.0611911,2,36,0.0,1.0706998,2,68,0.003958975,1.0712954,2,88,0.0021195959,1.0574728,2,124,0.00018345882,1.0732614,2,144,0.0,1.0456327,2,164,0.0023743277,1.0200369,2,200
29,0.0030061542,1.0268648,2,21,0.0,1.0262221,2,42,0.0048199953,1.0571043,2,80
30,0.026645778,1.0153327,2,29,0.0,1.1112361,2,49,0.0008624741,1.032744,2,70,0.00027372027,0.90583575,2,90,0.0035428675,0.95031756,2,111,0.022232972,0.9766771,2,133,0.00893318,0.8850528,2,156,0.009776774,0.8990303,2,176,0.008195606,0.8457265,2,200
31,0.0,1.0083041,2,21,0.010097033,0.98476535,2,42,0.008760448,0.935655,2,62,0.02202889,0.99036944,2,82,0.0042974134,0.9133923,2,104,0.014468258,0.9609114,2,124,0.017558731,0.8996244,2,150,0.054682806,0.9625315,2,175,0.016784675,0.95361006,2,200
32,0.021942105,0.92174673,2,20,0.0,0.93899095,2,40,0.009840618,0.8311511,2,60,0.0122489985,0.88509285,2,81,0.0,0.6905612,2,101,0.0,0.7318375,2,122,0.0020080956,0.8465912,2,142,0.03535172,0.8928708,2,162,0.035070386,0.6323573,2,200
33,0.0,0.99438685,2,20,0.015711246,0.98091114,2,40,0.0047032167,0.9335906,2,63,0.036320772,0.8935644,2,83,0.005646242,0.93900967,2,105,0.004987294,0.8202906,2,126,0.058748167,0.77919406,2,146,0.0,0.6188818,2,167,0.010610333,0.7901381,2,200
34,0.0,0.9987378,2,20,0.025140513,1.0160542,2,41,0.010370737,0.9166139,2,64,0.009440913,0.9139701,2,87,0.025861025,0.89981353,2,110,0.0,0.84173405,2,130,0.003709916,0.8891696,2,150,0.004911299,0.7998442,2,170,0.00847265,0.7722733,2,200
35,0.037762087,0.9018392,2,21,0.018862821,0.9823671,2,54,0.007581261,0.94126636,2,74,0.059979245,0.8258203,2,96,0.0,1.0407027,2,117,0.0012817241,1.0239078,2,139,0.05658088,0.9992083,2,161,0.030459609,1.0006464,2,196
36,0.02342425,0.9061405,2,20,0.0058965897,0.9727034,2,41,0.011670729,0.90527517,2,61,0.0010732432,0.95890826,0,82,0.0035751548,0.9913146,2,103,0.011968574,0.83008754,2,123,0.004277506,1.0292776,2,143,0.018822156,0.84097546,0,164,0.005568481,0.7834518,2,200
37,0.0034606964,0.9832016,2,20,0.023956355,0.8905134,2,40,0.012983891,0.9061905,2,63,0.0054538744,0.8166161,2,85,0.0,0.76880854,2,105,0.0,0.6695217,2,125,0.07456507,0.69392174,2,146,0.019668374,0.62105083,2,166,0.0014887878,0.6540142,1,200
38,0.00805497,1.0032052,2,28,0.04906646,0.9354663,2,48,0.02985704,0.8399353,2,68,0.0,0.9563649,2,88,0.0,0.912797,2,108,0.0,0.93399143,0,128,0.0,0.973683,2,148,0.0,0.88010293,0,168,0.0,0.9192653,2,200
39,0.00092048926,0.9651955,2,24,0.023687359,0.9141569,2,44,0.066471666,0.83589256,2,72
40,0.007668767,0.9385232,2,20,0.048270404,0.88345814,2,40,0.02698709,0.83844453,2,65
41,0.0024787916,1.0339098,2,23,0.0053765518,1.005986,2,43,0.015649205,0.94781464,2,67,0.005769045,1.0357506,2,95,0.0,1.0902795,3,116,0.0,1.0540864,2,136,0.0013266681,0.9875017,2,160,0.024610486,0.95110255,2,180,0.002929146,0.99723846,2,200
42,0.022677217,0.9592937,2,21,0.0,0.9791644,2,42,0.0023052876,0.9707538,2,67,0.028693005,0.9406018,2,87,0.0,0.9792121,2,107,0.0144463675,0.97655666,2,127,0.0009614791,0.88729143,2,147,0.0,0.896214,3,167,0.018197417,0.8094441,2,200
43,0.009434529,1.0198034,2,21,0.0032910712,0.9974497,2,42,0.012100456,0.9305871,2,62,0.006919734,0.9820261,2,86,0.003148049,0.95698714,2,108,0.02465916,0.83780396,2,128,0.0,0.6117191,2,148,0.00048940803,0.55040294,2,169,0.051084843,0.7961679,2,200
44,0.0045694723,0.9582251,2,24,0.0051109456,0.9677095,2,45,0.003186917,0.9376876,2,69,0.0069213463,0.9091161,2,89,0.012965064,0.9660962,2,113,0.014701196,0.9951293,2,141,0.015902279,0.9843839,0,161,0.007826383,0.9958934,2,200
45,0.005064353,1.0898226,2,24
46,0.009875337,0.91316986,2,20,0.01419561,0.9666165,2,41,0.0,0.77694094,2,61,0.059320394,0.7093883,2,83,0.037133653,0.7092849,2,103,0.081688285,0.7129073,2,123,0.0,0.55729353,0,143,0.0,0.4584452,2,164,0.007431287,0.36637992,0,200
47,0.0060482165,0.9079464,2,20,0.01522119,0.9746198,2,41,0.007962587,0.94928056,2,65,0.0025915294,0.9912263,2,85,0.008184847,0.96777374,2,109,0.0,1.013753,2,131,0.0070808344,1.0369523,2,154,0.009950533,0.93450713,2,179,0.0074008177,0.89391726,2,200
48,0.047679655,0.92910254,2,20,0.025018413,0.9190383,2,40,0.008639008,0.9286541,0,60,0.0,0.9708651,2,80,0.007897328,0.9172937,2,105,0.022436514,0.94349366,2,125,0.0073351474,0.8320163,2,149
49,0.046727773,0.89527047,2,20,0.036076028,0.90545946,2,47
50,0.006369874,1.0480913,0,20,0.0041374015,1.0991579,0,40,0.0053658183,1.057752,2,63,0.0,1.0711746,2,83,0.0023671978,1.1554354,3,121,0.0,1.170002,3,141,0.0,1.1484123,2,165,0.006625355,1.139308,0,200
51,0.0016808737,0.97125095,2,22,0.020881388,0.9982812,2,42,0.019586097,0.9576886,2,65,0.032781232,0.924838,2,86,0.0005360211,0.690905,0,116
52,0.008539532,1.0396049,2,21
53,0.00866872,0.96338713,2,23,0.017982125,0.971686,2,43,0.01468854,1.0133042,2,70,0.019679096,1.0096418,2,93,0.003843903,0.96972555,2,114,0.005375112,1.0262339,2,135,0.0029433542,1.0103936,0,155,0.01796064,0.822086,3,176,0.0007128332,1.019888,2,200
54,0.0,1.0004985,2,20,0.013302689,0.9563042,2,42,0.012249166,0.9795788,2,62,0.022342574,0.75792253,2,82,0.005110546,0.8287257,2,103,0.0043707876,0.9873735,2,123,0.060981587,0.87526965,2,144,0.067522034,0.99838364,2,164,0.014462559,0.98700154,3,200
55,0.00039548575,0.92381096,2,20,0.02158487,0.95105475,2,40,0.00858738,0.88351005,2,61,0.0,0.87161857,2,82,0.0,0.87633085,2,102,0.0,0.60189295,2,122,0.0,0.79582924,2,142,0.0,0.5460343,0,162,0.062143262,0.65316623,2,200
56,0.014898422,1.0264195,2,20,0.020396799,1.0043019,2,42,0.0,1.0469657,2,65,0.0010892265,1.0248637,2,85,0.0,1.0605057,2,105,0.0047934027,1.0100038,2,126,0.020726379,1.0296547,2,152,0.025043298,0.96519256,2,174,0.04982462,0.9328183,2,200
57,0.02286582,0.9113186,2,25
58,0.001819844,0.92951375,2,20,0.0112716835,0.94550705,2,40,0.03860177,0.8872216,2,62,0.023172185,0.945019,2,86,0.045636754,0.8997819,2,106,0.006789185,1.0010886,2,126,0.00164303,0.87954986,2,146,0.0066086417,0.9501481,2,166,0.0031866212,1.0098933,2,200
59,0.017071065,0.88418895,2,20,0.016250568,0.91905326,2,40,0.0038167916,0.9125617,3,60,0.00473112,1.0629154,2,80,0.021419981,0.9413063,2,104
60,0.0072806114,0.8782185,2,36
61,0.007347288,0.94553035,2,39
62,0.0,0.9202687,2,20,0.0,0.91661656,2,40,0.0007169414,0.9071977,2,65,0.017229833,0.9133859,2,86,0.03201123,0.8296586,2,112
63,0.023037393,0.9832751,2,20,0.015993128,1.0270104,2,40,0.0,0.95265514,2,60,0.02845129,0.90334064,2,81,0.0,0.83213824,2,103,0.005433297,0.9251402,2,124,0.01272964,0.8945917,2,144,0.0110041285,0.75104433,2,164,0.0038168253,0.95116115,2,200
64,0.005177669,0.96551716,2,20,0.024600968,0.92632306,2,40,0.024731994,0.9718431,2,62
65,0.007443125,1.0165966,2,20,0.0028328581,1.0033579,2,58
66,0.00859977,1.020594,2,35
67,0.0102613,0.9836305,2,20,0.017341288,1.0061622,2,43,0.0064724414,1.0192024,2,65,0.013662338,1.0130658,2,89
68,0.0,0.986193,2,21,0.0,0.99812365,2,42,0.0072150794,1.0108083,2,79,0.006380074,1.0604873,0,105
69,0.002949526,1.0136867,2,20,0.011942768,1.0122019,2,40,0.00024060757,1.0623037,2,60,0.0026270777,1.0022898,2,82,0.001660799,0.9671214,2,102,0.01606867,0.98778766,2,125,0.008965025,0.95890313,2,145,0.009880794,0.96030444,2,168,0.005609171,0.9421914,2,200
70,0.00878559,0.9159362,2,26,0.009457732,1.033317,2,47,0.0010252064,0.94817847,2,67,0.009401469,0.921224,2,87,0.023641597,0.9179665,2,110
71,0.010147655,0.9238599,2,20,0.014312917,0.9713372,2,40,0.003657694,0.83473897,2,62,0.032232758,0.92292905,2,89
72,0.0007247301,1.0093457,2,20,0.0,1.0736661,2,40,0.00030071964,1.1126574,2,67,0.0049915784,1.1449546,2,103,0.0,1.0824629,2,124,0.0,1.1122689,2,144,0.0057046064,1.0771033,2,165,2.4019448e-05,1.0683863,2,200
73,0.0,0.91191036,2,20,0.0154599,0.9467588,2,41,0.021556849,1.0073727,2,65,0.0045674215,1.0641319,2,89,0.0037342093,0.9204461,2,109,0.024718022,0.8694008,2,129,0.013294667,0.8369765,2,149,0.03240694,0.88830274,2,172
74,0.0113315135,0.9719986,2,20,0.0,0.9638428,2,43,0.012659448,0.9104066,2,63,0.014832231,0.9862454,2,92
75,0.010934332,0.95283467,2,22,0.008680282,0.84793717,2,43
76,0.044673152,1.0004092,2,23,0.0,1.0690331,2,43,0.0,0.8878468,2,66,0.0,0.79577386,0,86,0.0,0.6230849,0,108,0.01583734,0.3840138,0,138
77,0.008134838,1.0079631,2,23,0.015353179,1.0270761,2,49,0.008844651,0.9853072,2,72,0.012455261,1.0281978,2,96,0.0114887515,0.99195075,2,120,0.0,1.0677068,2,140,0.020666463,1.0211269,2,160,0.008884573,1.0467832,2,200
78,0.006289893,1.0026275,2,20,0.026571095,0.9217533,2,40,0.048424013,0.92451984,2,60,0.0083095115,0.8990487,2,80,0.0044308747,0.85689795,2,100,0.0050244066,0.9078109,2,122,0.0120234545,0.8984187,2,143,0.054248165,0.61630785,2,163,0.042359803,0.8141156,2,200
79,0.0066913525,1.0104405,2,21,0.009584268,1.034135,2,41,0.02567614,1.0153227,2,61,0.008938423,1.0123504,2,83,0.01518576,1.034284,2,111,0.0049631163,1.0814475,3,131,0.0014580672,1.0066527,2,157,0.010689684,1.0371767,2,178,0.0018054117,1.0747007,2,200
80,0.030510437,0.91265273,2,22,0.02344339,0.88818914,2,42,0.08228276,0.77336216,2,79
81,0.0007608698,0.9377269,2,32
82,0.009777976,0.9841955,2,27,0.007297915,0.9309981,2,49,0.0011046417,0.9372232,2,73,0.0018406663,0.9773623,2,96,0.006532329,0.9886724,2,122,0.010337441,0.905847,2,150,0.01380309,0.7734821,2,170,0.02206161,0.88766164,2,200
83,0.03000545,0.9428174,2,20,0.039453447,0.97391367,2,40,0.0059779906,0.9066145,2,60,0.021822527,0.7917335,2,80,0.014423656,0.88527715,2,100,0.018380998,0.86125124,2,120,0.013404884,0.9055862,2,142,0.03466555,0.9150777,2,163,0.011781774,0.9298671,2,200
84,0.0016683039,1.0533998,2,21,0.011109842,1.0555385,2,44,0.012595466,1.0057715,2,66,0.0,0.99355966,2,86,0.0064363875,0.9607727,2,109,0.008751717,0.9424165,2,129,0.012258083,0.8988114,2,152,0.00013166906,0.9545647,2,173,0.00025773013,0.9839264,2,200
85,0.009140595,0.9644235,2,20,0.0075189685,1.0263201,2,41,0.0,1.0052682,2,67,0.005203369,0.98688185,2,87,0.0,1.0526466,2,107,0.021112015,1.0081682,2,127,0.01636768,0.94086134,2,147,0.011048581,0.9625429,2,167,0.02049961,0.8665128,2,200
86,0.01985311,0.9350874,2,20,0.02447658,0.7296678,0,47
87,0.0,0.9441187,2,20,0.0058089746,1.0210173,3,40,0.01422513,0.7551164,0,76
88,0.00085676636,1.0398858,3,20,0.00074632873,1.0597726,2,45,0.0,1.022943,2,74
89,0.0,0.9964206,2,22,0.003967137,1.0147121,2,43,0.010576208,0.94901776,2,64,0.004308294,0.9788455,2,85,0.0062286695,0.8753135,3,106,0.003109039,0.8111919,2,126,0.0,0.9142132,2,147,0.03753599,0.83242553,2,168,0.0070105763,0.89989275,2,200
90,0.008667087,1.014453,2,20,0.0037308983,1.0801961,2,40,0.014375914,1.0768087,2,61,0.0016646531,1.0277891,2,83,0.0029360396,1.064646,2,109,0.0,1.0857389,2,129,0.0,1.053348,2,152,0.0036231324,0.98488015,2,172,0.010493196,0.9081391,2,200
91,0.0039978446,0.9316268,2,20,0.013212554,1.0203158,2,41,0.0102969855,0.978232,2,61,0.0046301684,0.99792963,2,82,0.004191774,0.9872392,2,103,0.015943773,0.95563674,2,125,0.017225808,0.99933016,2,145,0.0009871637,0.9753035,2,166,0.034186624,0.9710088,2,200
92,0.009235522,0.98000026,2,25,0.024830466,0.9336869,2,45,0.024587985,0.92771304,2,65,0.02270773,0.8635417,2,100
93,0.003915354,1.0105915,2,20,0.0008819071,1.0413233,2,54
94,0.0009757676,1.0537248,2,21,0.021664405,1.0498209,2,41,0.0041789706,1.0292805,2,67
95,0.0055290917,0.9357353,2,36
96,0.030348908,1.0027457,2,20,0.011234927,0.95768327,2,40,0.0047433674,0.9932275,2,61,0.08959163,0.92909604,2,81,0.03535389,0.9782887,2,107,0.0024635177,0.920531,2,138
97,0.015026557,1.0076497,2,20,0.01965376,0.98261505,2,51
98,0.0069989907,0.9811166,2,23,0.020379331,0.95948046,2,43,0.008434275,0.9937753,2,66,0.016460583,0.98451275,2,89,0.0084738005,0.7836459,2,114,0.012739952,0.89995146,2,135,0.0147807645,0.79235315,0,159,0.03340173,0.73858416,2,179,0.0069634155,0.84752,2,200
99,0.008942435,1.0469142,2,22,0.018581089,1.0192968,2,52,0.0071003833,0.9956193,2,72,0.019366939,0.9596087,2,92,0.012505591,1.0108527,2,123,0.0190506,0.9899523,2,146,0.00016213622,1.0021646,2,173,0.0,0.99792093,2,200
100,0.0,1.0457555,2,21,0.0,0.9940715,3,42,0.014113738,0.9943648,2,67
101,0.0045332587,1.0035815,2,20
102,0.0,1.0223111,2,20,0.016831866,1.0246811,2,40,0.015331561,0.81569517,2,60,0.0,0.8067106,2,80,0.022359936,0.70446163,2,102,0.0035629184,0.633883,2,125,0.00524777,0.5705365,2,149,0.0129432175,0.5669422,2,174,0.02058853,0.79404426,2,200
103,0.004707235,0.97614986,2,20,0.0093662655,1.0161251,2,42,0.0,0.94497573,2,62,0.008216435,0.9523023,2,82,0.04591449,0.94902104,2,103,0.061416347,0.96859324,0,123,0.017002884,1.0157744,2,147,0.0,1.0672802,2,170,0.010355516,1.0112963,2,200
104,0.009683071,0.94459593,2,20,0.025411768,0.89976853,2,41,0.03547827,0.89690506,2,64,0.015127425,0.9257172,2,84,0.0005027166,0.9328953,2,104,0.01776023,0.7903017,2,129
105,0.011979935,1.0007601,2,25
106,0.010447934,1.0312827,2,30,0.0,1.1303594,0,51,0.008939683,1.1022173,2,79,0.0,1.1330371,2,106,0.001833143,1.0893846,2,142,0.0105064735,1.127051,2,182
107,0.0003421911,0.91469896,2,20,0.0,0.8809021,2,40,0.0,0.79891247,2,60,3.8452778e-05,0.83282787,2,88
108,0.0033487012,0.95359594,2,21,0.014935262,0.9454019,2,47,0.020522693,0.90821373,2,81
109,0.00203105,1.0102613,2,20,0.028941426,0.9548723,2,40,0.029175004,0.93359804,2,60,0.0041914578,0.9007758,2,80,0.040738218,0.9162806,3,101,0.013941881,0.9312196,2,121
110,0.0043682256,1.0213062,2,30
111,0.0023933619,1.043808,2,23,0.0018177879,1.0962256,0,57
112,0.031092595,0.99636304,2,21,0.0068995785,0.9875712,2,47
113,0.012845904,0.820018,2,23,0.013865005,0.9950316,2,45,0.0020689422,1.0541298,2,65,0.0,0.8374958,0,85,0.03918354,0.63809705,2,114
114,0.0052004126,1.0308287,2,20,0.0,1.0266504,0,40,0.0,1.0193913,0,68,0.0,1.0196854,0,89,0.0,1.0877875,2,110,0.0,0.9931754,0,130,0.0,1.047038,2,154,0.0017456908,1.0635228,0,200
115,0.0061905147,1.0259174,2,20,0.00917721,1.0378017,2,40,0.0,1.0129007,0,60,0.014143542,0.95222354,2,81,0.03005719,0.9165192,2,103,0.035460725,0.88184625,2,130,0.012595378,0.97456485,2,151,0.026294673,0.9921052,2,171,0.0074675763,0.94495684,2,200
116,0.007452393,0.98998135,2,21,0.00088287174,1.063601,3,47,0.0,1.0807608,2,71
117,0.0027613759,1.0468507,2,22,0.0,1.0240957,2,44
118,0.006418741,1.0572405,3,24,0.0,1.0371906,2,47
119,0.027743483,0.9194472,2,22,0.0150610935,0.8756753,2,58
120,0.013871101,0.92487913,2,35
121,0.008649402,0.90736675,2,24,0.02327716,0.92872286,0,44,0.030362617,0.74367434,2,65,0.003986006,0.8258651,2,86,0.01338611,0.8832623,2,106,0.0,0.8074447,2,126,0.0,0.64613384,2,150
122,0.0030517513,0.978802,2,27,0.004700241,0.94164073,2,47,0.0,0.90847623,2,67,0.010806033,0.97686386,2,88,0.014283445,0.9420278,2,111,0.0232442,0.92221177,0,131,0.0029986068,0.91497636,2,154,0.028848004,0.956395,2,174,0.02828653,0.8515235,2,200
123,0.003770901,1.0152311,2,24,0.0,0.9964072,2,48,0.0169641,1.0321225,2,71,0.008085488,1.0324895,2,91,0.004180468,1.0037954,2,111,0.0,1.0384928,0,132,0.010376146,0.9769476,0,152,0.0044859974,1.0398892,0,173,0.002444571,1.0757282,0,200
124,0.018344076,1.0191461,3,27,0.0038829385,0.87274325,2,47,0.023351494,0.883866,2,67,0.037000973,0.98747444,2,87,0.0,1.1216515,2,111,0.0016660518,1.1331441,2,143
125,0.0069846315,0.965876,2,20,0.0031913577,0.7932296,2,51,0.030614462,0.7446481,2,71,0.0,0.73829085,2,91,0.0,0.67085195,2,113,0.0,0.56932026,2,136,0.0028114785,0.6643953,0,156,0.0,0.6261424,1,186
126,0.010024402,0.9887617,2,21,0.02269694,0.8957975,2,44,0.003909549,0.9142068,2,67,0.046342235,0.8647278,2,87,0.0042016935,0.9083168,0,107,0.025565172,0.9690529,2,127,0.00969827,0.9773917,2,148,0.0039237975,0.95494336,2,168,0.008932027,1.0246196,2,200
127,0.021060187,1.0128627,2,20,0.03088376,0.967419,2,40,0.009088288,1.0053347,2,60,0.007995013,0.98393595,2,89
128,0.004438925,0.93133384,2,20,0.0032061003,0.819176,0,40,0.0068284995,0.86434245,2,78
129,0.0018386706,0.97226936,2,41,0.0113608595,0.9329787,2,66,0.0,0.94681966,2,97,0.0059644454,0.79465216,2,117,0.0070769107,0.8192482,2,137,0.0,0.8529049,2,157,0.0,0.813144,0,177,0.05957185,0.86689913,2,200
130,0.0,1.0149121,2,20,0.010355281,1.0261295,2,46,0.003995532,0.951718,2,66,0.0072648427,0.8639746,2,86,0.003802803,0.9953688,2,106,0.012144818,0.94759524,2,127,0.0,0.85339725,2,147,0.0,0.8322215,2,168,0.0071489206,0.8074736,2,200
131,0.013507586,1.0187875,2,22,0.0033226095,1.0313298,2,42,0.012871045,0.8754969,2,64,0.0035453006,0.92269844,2,85,0.014448923,0.86377674,2,108,0.003015979,0.87601125,2,128,0.07771221,0.92911303,2,149,0.023713367,0.9513923,2,200
132,0.0011273155,0.9583658,2,20,0.010560436,0.9099461,2,41,0.0052777077,0.937586,2,76
133,0.0063468884,0.98361796,2,24,0.0,1.014347,2,44,0.0094015505,0.9543576,2,64,0.004753498,1.0034392,2,85,0.04738614,0.9559469,2,105,0.025744658,0.9390709,2,127,0.017520305,0.83085096,2,147,0.039728943,0.7436962,2,167,0.066779196,0.776377,2,200
134,0.006457536,0.999979,2,48,0.0016814439,0.9832412,2,68,0.02234687,0.87807256,2,88,0.07242037,0.64139116,2,108,0.028047932,0.7006412,2,131,0.004195578,0.8333327,0,152
135,0.0037159808,1.0520905,2,20,0.016544357,1.0105648,2,41,0.0016167497,1.0386965,2,61,0.00060150167,1.1256793,2,94,0.004806034,1.1840955,2,115,0.01366025,0.96326816,2,149,0.014198579,0.9589788,2,169,0.0013086363,0.82073855,2,200
136,0.013765978,0.977094,2,20,0.010456401,0.95684785,2,41,0.035042457,0.9278469,0,61,0.0011383274,0.94204557,2,81,0.0091431895,0.90412486,2,101,0.028761083,0.69328004,2,138
137,0.0,1.0437037,2,27,0.0,1.0778366,2,51,0.004309673,1.058033,2,75,0.0068166335,1.0566354,2,97
138,0.0029862565,1.0274938,2,25
139,0.013651061,0.9673952,2,20,0.0,0.9400014,2,41,0.011461916,0.92803895,2,64,0.002965816,0.9240891,2,84,0.0,0.6876314,3,104,0.0014913232,0.5082724,2,130,0.0,0.8330236,2,152,0.0,0.72483474,2,172,0.0013538618,0.8983718,0,193
140,0.0,0.99451065,2,21,0.052274894,0.92463684,2,41,0.0025954181,0.92278683,2,61,0.0023020506,0.86852634,0,81,0.010990958,0.8590015,0,101,0.0046069473,0.92456764,2,126,0.000377323,0.8794948,2,146,0.0753389,0.68857926,2,167,0.07751793,0.7816092,2,200
141,0.005025552,1.0226474,2,22,0.0062311213,0.97771543,2,44,0.0018404073,0.9935454,2,65,0.0029202334,1.0842845,2,86,0.00039199172,1.0864714,2,106,0.0047287317,1.1030092,3,129,0.02167543,1.0436939,2,151,0.0028301273,1.0454779,2,171,0.0,1.019445,2,200
142,0.0010558877,0.9699186,2,20,0.005550868,0.9194104,2,40,0.052501224,0.83992255,2,62,0.011116017,1.0107616,2,82,0.004361966,0.9033632,2,102,0.043187726,1.0732552,2,123,0.0,1.0451906,2,143,0.043006368,0.9615863,0,163,0.014345488,0.93841654,2,200
143,0.015738213,0.97116816,2,20,0.0065526897,0.9419975,2,40,0.009926995,0.86493474,0,60,0.034461606,0.8303953,2,82
144,0.015007896,0.9578613,2,21,0.03608242,0.80001545,2,41,0.0029558246,0.9008474,2,67,0.004653446,0.8730965,0,89,0.0,0.6202567,2,126
145,0.014898819,0.8632388,2,20,0.05109694,0.8827098,2,40,0.016426574,0.900486,2,60,0.023121316,0.93133193,2,80,0.008613293,0.92708516,2,101,0.0,0.9577559,2,121,0.015992036,1.0048363,2,141,0.016113011,0.9557134,3,162,0.00327975,1.0446461,2,200
146,0.0,0.9636753,2,24,0.0036234173,0.99161893,2,69,0.0,1.0608627,2,124,0.0,1.0371574,2,179,0.0063512865,1.1035635,3,200
147,0.0009941846,1.0171453,2,20,0.003157584,1.087081,2,41,0.0,1.1400833,3,62,0.004625198,1.1186042,3,84,0.005342358,1.070496,2,104,0.008967008,0.9785054,2,125,0.009731149,0.92026293,2,145,0.039939772,0.96181864,2,168,0.031650912,0.97590446,2,200
148,0.007091376,1.0462115,2,20,0.01056186,0.9756482,2,40,0.0,0.9765619,2,62,0.0005968488,1.0205035,2,82,0.001720126,1.0208938,2,102,0.007350308,1.0107522,2,122
149,0.009943029,0.91280913,2,22,0.0,0.9233422,2,42,0.056150544,0.8081128,2,62,0.014173946,0.84849304,2,83,0.042850126,0.8962378,2,108,0.012497498,0.9045676,2,128,0.0,0.9933842,2,148,0.018328527,1.0109348,2,169,0.020044265,0.9705231,2,200
150,0.011112462,0.98164207,2,21,0.009144423,1.0358125,2,44,0.0022933756,1.0412357,2,64,0.0063430294,1.0605592,2,84,0.004505647,1.0224748,2,116,0.0,1.1218618,2,140,0.0013784624,1.0995501,0,162,0.002263585,1.1048818,2,200
151,0.00081455405,1.0051042,2,21,0.037804876,0.8633014,2,46,0.013505784,1.0066164,2,66,0.018075561,0.94884384,2,86,0.00043519205,0.957832,2,106,0.013581906,0.91111153,2,127,0.020545054,0.89348733,3,147,0.04550334,0.8983218,2,170
152,0.0033479726,1.0425373,2,21,0.008179186,1.015001,2,42,0.009672898,1.0126226,2,62,0.039825834,0.92305213,0,82,0.0,0.89269054,0,102,0.0,0.94462323,2,123,0.0,0.96058375,2,144,0.0,1.091588,2,167,0.0,1.0359812,2,195
153,0.001588985,1.0131911,2,21,0.029781694,0.9517103,2,42,0.0035404915,0.8978226,2,63,0.00079144276,0.8483534,2,83,0.0,0.6761641,2,105,0.0,0.8773397,2,125,0.0038158875,0.83856314,2,148,0.013593443,0.6027641,2,168,0.0067713847,0.8479274,2,200
154,0.008105287,0.9949462,2,31
155,0.006493721,0.882578,3,20,0.0,1.0079234,2,40,0.0,0.8985428,2,63,0.0,0.7230507,2,83,0.0007461686,0.9205296,2,122
156,0.012621674,0.8997292,2,39
157,0.0012113499,1.0488534,2,22,0.0,1.0328455,2,42,0.007845318,1.034497,2,62,0.009047433,0.97365004,2,84,0.0,0.8147373,2,104,0.0,0.77412915,2,124,0.0010934229,0.8375575,3,145,0.002464113,0.9303441,2,166,0.031558204,0.9495347,2,200
158,0.0046478896,1.0270255,2,34,0.0,0.96031296,2,54,0.00995865,1.071975,2,75,0.018310193,1.052146,2,95,0.0,1.0731729,0,115,0.022643337,0.9379881,3,135,0.031713102,0.98788154,2,158,0.006125313,0.881539,2,178,0.018420964,0.91143554,2,200
159,0.005348066,0.98992753,2,22,0.014372541,0.96958625,2,43,0.012650895,0.9321353,2,63,0.0052415133,0.78707254,2,83,0.0,0.87952995,2,103,0.022503624,0.7637269,2,124,0.02182578,0.6938345,2,144,0.010369332,0.6619751,2,166,0.016735366,0.5987189,2,200
160,0.0,1.041618,2,20,0.0054398202,1.0549086,2,44,0.021714238,0.9575653,2,66,0.029981535,0.90414906,2,86,0.043940775,0.97383946,2,106,0.065662935,0.7984009,2,126,0.03135651,0.7805975,2,148,0.02069829,0.90505856,2,200
161,0.01712602,0.8562323,2,23,0.07367175,0.6226783,2,44,0.056602627,0.6272756,2,64,0.06565942,0.78132266,0,84,0.0,0.61766493,2,104,0.0,0.6438359,2,124,0.0,0.6616074,2,144,0.0,1.0414989,0,164,0.03441646,0.7117055,2,198
162,0.0,1.0175023,2,20,0.025383981,1.0137793,2,41,0.009834919,1.0533916,2,68,0.0,1.074918,2,95,0.0,0.9879635,2,119,0.0,1.0616295,2,139,0.009768069,1.0201527,2,169,0.0,1.0606863,2,200
163,0.016661767,0.9636832,2,21,0.0,0.88402176,2,43,0.0,0.61342794,2,68,0.0,0.6395794,2,93,0.0,0.5377869,1,113,0.06355782,0.78284407,2,133
164,0.00074331363,0.82761115,2,20,0.012803005,0.72098875,2,40,0.01625543,0.7585983,2,61,0.03355173,0.93349636,2,81,0.03595997,0.55775523,2,102,0.0011677549,0.6849408,1,122,0.006891916,0.4695724,0,157
165,0.0011241451,0.9072158,2,20,0.0070403875,0.9120694,0,42,0.02085447,0.921528,0,63,0.0,0.8895272,2,83,0.010620754,0.88984764,2,103,0.0055147274,0.7301364,2,124,0.07479626,0.7950988,2,145,0.020180896,0.72597474,0,165,0.022476593,0.5379932,1,197
166,0.0050646127,0.95299184,2,20,0.011755023,0.9406996,2,40,0.0,0.9809992,2,60,0.03090355,0.98790604,2,81,0.0,1.0337846,2,101,0.008457291,0.99230623,2,135,0.0031471308,0.9452181,2,155,0.025408572,0.8030048,2,177,0.08536129,0.83431095,2,200
167,0.0030727996,0.9117764,2,20,0.042254258,0.9082473,2,40,0.047632344,0.76990765,2,60,0.022713598,0.8672849,0,80,0.00062310265,0.8797759,2,100,0.008549621,0.9004887,2,120,0.0,0.92189324,2,140,0.005784441,0.8563736,2,160,0.0020000278,0.99110574,2,180,0.0018582931,1.054702,2,200
168,0.012548931,0.94488275,2,20,0.0055712457,0.9346993,2,42,0.0,0.9889294,2,63,0.008284043,1.008224,3,85,0.0,0.91213053,0,107
169,0.0014462293,1.0282779,2,26,0.0042961724,1.0574737,2,47,0.0026161696,1.0178938,2,67,0.0,0.9990795,2,101,0.0,1.0521628,2,123,0.0,0.9932499,3,143,0.0,0.9876035,2,164,0.006429957,1.0281848,2,200
170,0.0,0.94493556,2,21,0.0315673,1.0149293,0,42,0.007165628,0.89017886,2,63,0.0047431705,0.83368933,2,85,0.0,0.77701074,2,105,0.019764429,0.71966535,1,125,0.0,0.69666666,1,146,0.004246164,0.81816286,2,170,0.056878984,0.8875538,2,200
171,0.0007175405,1.0349145,2,20,0.0,1.0143508,0,46,0.0,1.0940963,0,67,0.0,1.0154344,0,90,0.0,1.0436797,2,111,0.0,0.91502565,2,140,0.0,0.9748462,0,160,0.0,0.9393121,0,180,0.013100408,1.0090072,2,200
172,0.034078915,0.7857652,2,20,0.015739927,0.8579465,0,40,0.024848055,0.8812658,0,62,0.023551017,0.8757869,2,82,0.003690552,0.82002467,2,102,0.002554494,0.7764444,0,123,0.0,0.8736604,0,143,0.0,0.7465004,0,163,0.046579625,0.82538205,2,200
173,0.017397402,0.86102724,2,20,0.0,0.8483757,2,40,0.0072723716,0.7351131,2,60,0.007716625,0.6532572,2,81,0.0,0.7706454,2,101,0.0034080804,0.6617381,0,121,0.0,0.483816,0,141,0.0,0.6452261,0,161,0.0061591407,0.3587284,0,187
174,0.019786859,0.9976304,2,21,0.010408967,1.0379659,2,41,0.018820211,1.0584126,2,62,0.024944833,0.97449476,2,83,0.03495683,0.961032,2,104,0.0,0.9253093,2,125,0.008566866,1.0246319,2,145,0.0077963145,1.0035124,2,170,0.01033621,1.0166813,2,200
175,0.008798418,0.9119843,0,20,0.01990149,0.8416828,2,40,0.0,0.95371765,2,61,0.0020753108,0.96611303,2,83,0.0,1.0338895,2,104,0.0,1.0705867,2,136,0.0,1.1030638,2,157,0.008042284,1.0571405,2,177,0.0,1.0207533,2,200
176,0.002811649,1.0293887,2,24,0.015746176,0.92588365,2,44,0.015521815,0.9906414,2,66,0.016977517,0.9828214,2,88,0.009868503,0.902299,2,109,0.0,0.7671328,2,130,0.0,0.83519876,2,153,0.030876528,0.62314165,2,173,0.052313976,0.92675835,2,200
177,0.0017672994,1.001828,2,21,0.05460005,1.0237367,2,41,0.0060512074,0.9931499,2,61,0.031026721,0.97877747,2,83,0.00404031,0.987059,2,110,0.005117285,0.9786379,2,131,0.022095622,0.8908984,2,151,0.0017048258,0.97568387,3,171,0.030588593,0.858024,2,200
178,0.0,1.0423809,2,25,0.0028645396,1.0458835,2,47,0.0024776186,1.0706127,2,67,0.005221602,1.0731642,2,87,0.0,1.0435759,2,107,0.0,1.0690179,0,129,0.022416329,1.0633781,2,149,0.0,1.0843033,2,172,0.010162799,1.1256258,0,200
179,0.0053347894,1.0560988,2,21,0.0,0.9629004,2,43,0.00040248,0.9424723,2,63,0.010940241,1.0014346,2,84,0.012950422,0.9283619,2,104,0.0057272757,0.978645,2,125,0.0068921093,0.96479106,2,146,0.0342749,0.8241657,2,168,0.013416172,0.8383243,2,200
180,0.0009369271,1.0725483,3,24,0.0006444297,1.0264893,2,56
181,0.0016040739,1.0501527,2,33,0.011277475,0.9691741,2,54,0.023933448,1.0184348,2,79,0.0,1.0189003,2,110,0.0,1.05985,3,130,0.0,1.0495228,3,150,0.0038240657,1.0403771,2,181
182,0.011122957,0.9968112,2,21,0.0,1.039639,2,43,0.0,1.0847266,2,67,0.025091505,0.9747429,2,90,0.003825509,0.9830936,2,113,0.0,1.0214696,2,133,0.008938646,1.0798382,2,153,0.0020382544,1.0523573,2,173,0.0030215713,1.0599107,0,200
183,0.0043205246,0.93148243,2,20,0.0,0.9234108,2,40,0.014206017,0.89840287,2,60,0.0,0.90839404,2,80,0.011724718,0.99314165,2,107,0.024780458,1.0227336,2,129,0.004655473,0.92790926,2,151,0.012998246,0.91681874,2,172,0.08130304,1.0652741,2,200
184,0.011292448,1.1010946,2,20,0.005633717,1.0210922,2,40,0.0030866622,1.0706793,2,60,0.0,1.0898296,0,86,0.0,1.0980105,0,106,0.0035677035,1.0060022,2,132,0.036079116,1.0475961,2,152,0.0,1.1091406,2,172,0.0030862652,1.0713103,0,200
185,0.006304513,1.0098935,2,28,0.008970403,1.0472118,2,52,0.02415799,1.0688049,2,72,0.019157564,1.006185,2,93,0.0,1.0849962,2,113,0.0067755063,1.0223106,2,136,0.01153864,1.036731,2,157,0.002114416,1.0091572,2,179,0.0037423188,1.0053934,2,200
186,0.0054477626,0.9346627,2,20,0.023650067,0.91830426,3,40,0.0,0.7908933,2,60,0.026420211,0.8957642,3,80,0.0,0.82883036,0,101,0.0,0.8102807,0,121,0.0,0.77234447,0,142,0.00034142347,0.66064006,0,179
187,0.003590344,0.88935727,2,20
188,0.00687969,0.98184216,2,20,0.011713136,0.9507584,2,49,0.03521793,0.9021179,2,73,0.0050485036,1.0553819,2,93,0.036711816,0.8829621,2,119,0.03236082,0.73713005,0,140,0.032916114,0.57205516,0,161,0.022038598,0.72812927,2,200
189,0.010716868,0.9510483,2,39
190,0.014218027,0.8862954,2,23,0.0075468286,0.89223003,2,43,0.015296946,0.8474992,0,66,0.048800014,0.8168844,2,89
191,0.015710877,0.9955987,2,47,0.006289306,0.98884654,2,79
192,0.006857048,0.9505016,2,20,6.5743274e-07,0.9995365,2,43,0.0,0.9941012,2,63,0.0041640373,0.95871603,2,89,0.0,1.0500046,2,110,0.001399072,1.0556077,2,130,0.0,1.0290602,2,151,0.0036149945,1.0026199,2,172
193,0.0050720186,0.9840784,2,20,0.0062778997,0.8821377,2,44,0.0023585102,0.98718053,2,65,0.0035172899,1.0218042,2,85,0.004201887,0.9493477,2,105,0.0035927938,0.9305031,2,127,0.009493024,1.0195254,2,150,0.031991385,0.89647675,2,170,0.0067096096,0.95673877,2,200
194,0.0133020375,0.90989935,2,20,0.0061077215,0.93337995,2,41,0.020502578,0.8626804,2,63,0.037235595,0.8634378,2,83,0.0062320353,0.7818925,2,103,0.04731654,0.81572413,2,125,0.054325048,0.9258897,2,146,0.009694742,0.7951251,2,169,0.010120686,0.80877584,2,200
195,0.011347248,0.94504493,2,24,0.005701821,1.0022883,2,44,0.0,0.9000357,2,65,0.009808185,0.83997077,2,85,0.0060583632,0.9547734,2,109,0.0,0.9682952,2,130,0.0,0.9252235,2,152,0.022653792,0.88529575,0,178
196,0.007719389,1.0439094,2,25
197,0.015868805,0.95911723,2,21,0.0,0.984328,2,42
198,0.0041823965,0.9503706,2,24,0.0015587193,0.9458482,2,50,0.035382483,0.9001241,2,70,0.042057283,0.9579346,2,97
199,0.0021419022,0.98025584,2,22,0.0,0.9627049,2,43,0.0016677892,1.0052263,2,64,0.0,0.943364,2,84,0.0,0.90263414,2,104,0.0054745385,0.8893324,2,124,0.0048473575,0.90858537,2,144,0.005459323,0.8081828,2,166,0.015157917,0.82832366,2,200
200,0.005792446,0.99685806,2,22,0.028228575,0.95239365,2,42,0.01341524,0.9289632,2,65,0.00042584742,0.91765594,2,85,0.0030228354,0.80535984,2,107,0.04836882,0.70702827,2,127,0.0,0.486638,1,147,0.0,0.38258225,1,170,0.0,0.42701873,1,200
201,0.01050146,0.98110056,2,20,0.0034000934,0.9142543,2,40,0.03714151,0.9037665,2,61,0.018807162,0.93650633,2,86,0.017064625,0.9646636,2,109,0.005615745,0.95860535,2,131,0.008487634,0.9275171,2,151,0.0,0.91450965,2,171,0.0024663985,0.9560102,2,200
202,0.0,1.0890044,2,22,0.0,1.026445,2,43,0.0,1.0794717,2,63,0.0013149651,0.9891438,2,92,0.005489962,1.0169758,2,121,0.0,1.0472391,2,147,0.0,0.9563286,2,167,0.011675547,0.8961817,2,195
203,0.015430128,0.9034942,2,20,0.0,0.6670994,2,44,0.056654975,0.50506777,0,66,0.02795295,0.6541778,0,86,0.0,0.5053886,2,107,0.0,0.7369338,2,128,0.007086246,0.8403568,2,148,0.016342094,0.6997118,0,168,0.04140113,0.61889964,2,200
204,0.010162725,0.96221465,2,22,0.024979465,0.97429544,2,45,0.009819668,0.9033797,2,67
205,0.0,0.899032,2,20,0.0,0.7785555,0,40
206,0.01897248,0.94085646,2,20,0.00077582704,0.89597666,2,40,0.007720618,0.8779414,0,60,0.05647148,0.82748985,3,80,0.04855115,0.8041636,2,100,0.0,0.8675698,0,121,0.0,0.8918093,2,143,0.0,0.8578681,2,164,0.005044909,0.95438874,2,200
207,0.0050628167,0.9678406,2,22,0.03498159,0.8988682,2,43,0.015638294,0.9511453,2,64,0.011708002,0.90651006,2,91
208,0.008953987,0.913479,2,20,0.040778942,0.703991,2,42,0.0,0.9081996,2,62,0.0,0.76886404,2,82,0.06099341,0.7245574,0,103,0.08507206,0.65757906,2,126,0.014034102,0.69407326,2,146,0.01932844,0.7674836,0,166,0.060592778,0.7222132,2,200
209,0.0,1.042251,2,23,0.028120646,0.8963925,2,43,0.0076738144,1.0251825,2,71,0.0018581833,1.1986915,2,92,0.0,1.1850913,2,112,0.003008142,1.1059939,2,136,0.0,1.1571004,2,156,0.0,1.1156647,2,176,0.0018761121,0.9880333,2,200
210,0.004932157,0.8646729,2,21,0.002182668,0.7890193,2,41,0.027587181,0.96235865,3,61,0.024434365,0.6070487,2,91
211,0.010850786,1.058517,2,20,0.0023718106,1.01396,2,42,0.0058234646,0.9632671,2,73
212,0.008753051,1.0234282,2,21,0.004806507,1.026076,2,52
213,0.01810176,0.8978039,2,27
214,0.020065172,0.9326609,2,24,0.02098057,0.900201,2,44,0.00026847227,0.89737594,2,64,0.0,0.69264865,2,89,0.0065000956,0.6161278,1,111,0.01695406,0.5745152,2,131,0.0011449486,0.7570656,1,151,0.0,0.7052013,0,172,0.020414459,0.41620016,0,200
215,0.020062046,0.95757055,2,25
216,0.034206577,1.0070277,2,20,0.0022695526,0.94701153,2,47,0.0069610267,1.0143316,2,84
217,0.006538279,1.0361624,2,21,0.0121297315,0.9058065,2,42,0.0,0.86450773,2,65,0.0,1.031099,2,86,0.0,0.8988207,3,106,0.009508381,0.99435973,0,128,0.0,0.77490985,2,149,0.037807442,0.81420135,1,170,0.0106566185,0.7330455,2,200
218,0.0,1.0502208,2,38
219,0.0038906436,1.0841093,2,20,0.0052868263,0.99603355,2,40,0.0044688345,0.9602235,2,68,0.037180778,1.0448793,2,92,0.017314227,0.9496825,2,114,0.0,0.9622154,2,135,0.0,1.1329246,0,158,0.0018630347,1.1106602,2,200
220,0.0076925075,0.9426564,2,21,0.011794483,1.0124724,3,43,0.0020236701,0.87961733,2,63,0.0365242,0.88316876,2,86,0.012921687,1.0113058,2,117,0.0016790724,1.0150256,2,138,0.014993116,0.953345,2,158,0.0659508,0.9728378,3,178,0.03316539,0.9208491,2,200
221,0.006423662,1.0454053,2,31,0.01616345,1.078975,2,66
222,0.0,1.0346966,2,22,0.021224326,1.0160708,2,44,0.03735494,1.0294923,2,72,0.026376583,0.9769202,2,94,0.10787985,0.9381072,2,129
223,0.025445344,0.9441026,2,23,0.010663386,0.9587321,2,47,0.015780948,0.9253968,2,73,0.014341828,0.931028,2,93,0.022402417,0.9338026,2,115,0.010333125,0.87310284,0,135,0.004859417,0.9538208,3,155,0.015643653,0.84972686,2,175,0.024124378,0.8692836,2,200
224,0.005855195,0.93565595,2,20,0.0018153993,0.9861124,2,43,0.007472104,1.0771711,2,65,0.0018277226,1.0433717,2,96
225,0.0071706786,0.9848275,2,21,0.0032463148,0.9094199,2,41,0.0032551945,0.84838885,0,61,0.0068901265,0.85709107,2,81,0.0,0.5846836,2,101,0.0,0.63699925,0,122,0.0,0.5356073,0,142,0.0,0.55969596,0,162,0.08076408,0.73628134,2,200
226,0.0,1.0150754,2,20,0.02443797,0.90812635,2,49
227,0.018290391,1.0269986,2,23,0.002279229,0.96893775,2,43,0.0,1.0410068,2,63,0.03366036,1.0290568,2,84,0.012998922,1.0217584,2,104,0.0037447705,1.0081358,2,134,0.0084552085,1.0167711,2,159,0.0033593248,1.0793583,2,179,0.0032518343,1.0520704,2,200
228,0.01745009,0.92243785,2,37
229,0.0,1.001208,2,20,0.037129767,0.98016024,2,40,0.029698482,1.0417941,2,61,0.006154035,0.9779873,2,81,0.005247234,0.93318826,2,101,0.0031022595,0.9814756,2,128,0.018405294,1.0384064,2,148,0.014270815,0.96881926,2,170,0.009449665,0.9166986,2,200
