0,0.005314348,1.0042998,2,24,0.0065194056,0.8715641,2,44,0.03376149,0.94915164,3,65,0.039608017,0.90999997,2,85,0.0072812964,0.9621506,2,107,0.0045350716,0.8284876,2,128,0.0,1.0233775,2,148,0.0019920086,0.67020106,2,169,0.02195325,0.5531261,2,200
1,0.012148398,1.0081818,2,25,0.013779752,0.9992795,2,50,0.027156597,0.9502152,2,70,0.010701248,0.9616476,2,90,0.0024195267,0.94727963,2,111,0.006841436,0.81495893,2,131,0.0,0.6719762,2,151,0.007540446,0.74561644,2,176,0.10829556,0.92580986,2,200
2,0.012227551,0.96587294,2,23,0.0008228977,0.9661409,2,44,0.015114504,0.9684409,3,64,0.06454329,0.9232294,0,84,0.009588804,0.95469666,2,104,0.025917333,0.91277474,0,124,0.0,0.775622,0,144,0.0,0.65039474,2,170,0.008284034,0.69713086,2,200
3,0.0061671347,0.9461673,2,20,0.016392222,0.9839851,2,40,0.012368679,0.9338506,2,60,0.008756038,0.9850788,2,82,0.0034726753,1.0570343,2,102,0.0006680826,1.0535594,2,122,0.0,1.1229647,2,146,0.003335647,1.0608966,2,200
4,0.0,1.0247715,2,20,0.0015584037,0.9504743,2,41,0.009322724,0.94100547,2,74,4.0427072e-05,0.99194354,2,99,0.0,0.9674905,2,119,0.0046647005,1.0084867,0,140,0.0054986826,0.9784969,0,160,0.0047143474,1.0186774,0,200
5,0.032272108,0.962276,2,20,0.008263014,0.9827698,2,40,0.029547023,0.950865,2,62
6,0.009828663,0.9549613,2,21,0.017339787,0.9594718,2,41,0.034391843,0.92212933,2,62,0.0,0.94303995,2,83,0.022538515,0.91463405,2,103,0.0019825492,0.95490074,2,124,0.019601252,0.90671366,2,144,0.011419052,0.98532504,2,164,0.02342591,0.7291014,2,200
7,0.003262131,1.0278097,2,20,0.018440153,0.9468788,2,42,0.010005791,1.006389,2,64,0.023219964,0.9180328,2,88,0.01599069,0.959289,2,109,0.02751493,1.0281805,2,129,0.01895646,0.9276187,2,150,0.044809397,1.0098401,2,173,0.047283825,0.9744291,2,200
8,0.0035339019,0.9781774,2,29
9,0.0024623943,0.9491423,2,20,0.0,1.0256891,2,45,0.009264917,0.9991878,2,72
10,0.0155917015,0.9493189,2,20,0.0036474683,0.9651717,2,57
11,0.0033680126,0.98920727,2,20,0.013157017,0.95918965,2,47,0.00456245,0.9665796,2,68,0.020843202,0.8967018,2,88,0.031972144,0.88429195,2,111,0.07445506,0.9746061,2,132,0.03896781,0.68379533,0,152,0.025994537,0.9351125,2,200
12,0.039367497,0.9106844,2,22,0.054383487,0.91346437,2,42,0.017366506,0.88890326,2,62,0.028335044,0.9288775,2,82,0.01583203,0.91894096,2,104,0.043936297,0.85878134,2,124,0.015118187,0.8842815,2,144,0.005454139,0.8707324,2,164,0.0040479954,0.8942623,2,200
13,0.016828591,0.97625095,2,20,0.0,1.0764346,0,42,0.0,1.0801452,0,62,0.0,1.0488076,2,82,0.0,1.0878803,2,105,0.0030246056,1.0490258,2,155,0.0,0.94926715,2,179,0.0,0.9601256,2,200
14,0.00035879115,1.0436124,2,30
15,0.0011519908,0.9941393,2,20,0.0061964756,0.88447016,2,40,0.0050032125,0.9655069,2,71
16,0.005756977,0.9207121,2,22,0.010545816,0.86554164,2,45,0.0,0.746877,2,68,0.004032923,1.0753739,3,91,0.0,0.9970468,2,131,0.0,1.0576577,2,152,0.016066441,1.0129762,2,200
17,0.0086896075,0.9498752,2,21,0.012262898,0.93126816,2,42,0.0,1.0510039,2,65,0.024913069,1.0259057,2,92,0.0032552278,0.94391674,2,123,0.0,1.1355696,2,144,0.023945814,0.9946407,2,167,0.0037167564,0.9696196,2,200
18,0.0049714805,0.97125584,2,23,0.002034051,1.0156609,2,43,0.0078380145,0.9584921,2,67,0.021744642,0.99016154,2,96,0.0,1.0560039,2,119,0.0,1.0541679,2,139,0.0065994263,1.0616599,2,160,0.01256635,0.80587727,2,199
19,0.027085733,0.7683162,0,20,0.057669852,0.77793753,0,42,0.040511254,0.63484854,2,62,0.008785617,0.75613177,2,82,0.035290122,0.7293712,0,102,0.076980844,0.5661346,2,123,0.14603405,0.61324465,2,154
20,0.012361611,0.89513904,2,20,0.0,0.9902309,2,42,0.05832108,0.8740238,2,62,0.0,0.94582194,0,82,0.0004944041,0.8124615,2,102,0.0,0.7608399,2,122,0.0,0.81296474,0,142,0.0,0.824293,2,163,0.0065537896,0.96425164,2,200
21,0.03984434,0.95070636,2,20,0.0037335702,0.979994,2,43,0.0,1.021556,2,64,0.0037196602,0.9554966,2,88,0.0,0.9831041,2,111,0.0,1.0230768,2,152,0.0,1.0486128,2,172,0.0187239,1.032389,2,200
22,0.0,0.9561893,2,20,0.00303139,0.96887624,2,40,0.008194918,0.9604392,2,60,0.0015599804,1.0201193,2,80,0.01644653,1.0771625,2,103,0.0,0.99026495,2,129,0.02087866,1.0089543,2,149,0.0046785795,0.92458916,2,169,0.01936694,0.8772892,2,200
23,0.010797391,0.9982718,2,26
24,0.037272822,0.96399665,2,23,0.0016824031,0.9726262,2,43,0.017296076,0.9770031,2,67,0.0,0.94552124,2,87,0.021683743,1.0217437,2,109,0.011841728,0.98045963,2,131,0.008130361,1.0837532,2,152,0.0074301576,1.0048964,2,172,0.0072162114,1.0335513,0,200
25,0.004618893,1.0289228,2,20,0.039502073,0.9950356,2,42
26,0.012538796,0.9410011,2,20,0.01481842,0.9496816,2,40,0.021230549,0.93738,2,62,0.0017252341,0.95998657,2,82,0.0046560774,0.94006634,2,102,0.011024556,0.9475868,2,123,0.0041527054,0.88773763,2,143,0.0,0.79553425,2,164,0.02534426,0.81476086,2,200
27,0.0,1.0501311,2,23
28,0.0024481458,1.0525141,2,34
29,0.010338407,0.93409306,2,24,0.037331864,0.88774735,2,46,0.017476538,0.94669986,2,67,0.024145762,0.8169529,2,87,0.011188081,0.864509,2,107,0.039208,0.8275426,2,127,0.03921669,0.91261846,2,147,0.0057113157,0.9025472,2,167,0.039089657,0.86632204,2,200
30,0.0042496775,1.0251195,2,22,0.010649086,0.98454446,2,42,0.021095864,0.9500362,2,62,0.022472855,0.92152536,2,82,0.0,0.88184637,2,103,0.0,0.82174647,2,123,0.0021511188,0.8496893,2,144,0.083737865,0.89727926,2,164,0.009771002,0.9983342,2,200
31,0.004508226,1.0572357,2,21,0.0,0.95976037,2,41,0.0009672163,1.0534341,2,61,0.0,1.0630581,2,82,0.022844454,1.008827,2,102,0.0,1.041517,2,122,0.0020348888,1.0544212,2,147,0.0,1.0752295,2,170,0.0,1.0834543,2,200
32,0.0027527278,1.0796427,2,29,0.0,1.1002542,2,52,0.0,1.02741,2,74,0.0033912996,1.0323348,2,96,0.002848558,1.041424,2,116,0.002224437,0.99576455,2,136,0.0010736737,1.021042,0,156,0.0,1.0719655,0,179,0.0037969262,1.0412748,2,200
33,0.012401402,0.93875253,2,23,0.0,0.80421954,2,43,0.0,0.93141454,2,65,0.023524523,0.9013029,2,86,0.06669351,0.8857469,2,107,0.024407918,0.7432873,2,127,0.008473436,0.7023748,2,147,0.0,0.7404924,0,169,0.0,0.6211059,2,200
34,0.0,1.0273925,2,34
35,0.021043086,0.9710517,2,29
36,0.0,0.98307735,2,20,0.019966006,0.95456475,2,41,0.0007173632,1.0026379,2,61,0.0,1.063114,0,81,0.005154003,0.9768107,2,107
37,0.023219973,0.9550774,2,21,0.0026444949,0.9250023,2,41,0.0,0.9285334,2,62,0.014626121,0.9461436,2,85,0.00042176814,0.9185661,2,105,0.011061911,0.78046507,2,127,0.002839332,0.81997836,2,149,0.00042746615,0.938666,2,171,0.03412282,0.8838831,2,194
38,0.015176952,0.9624773,2,22,0.004193187,0.90901166,0,44,0.058730066,0.9238696,2,64,0.011988745,0.93115455,2,84,0.018767135,0.9199379,2,114,0.022197383,0.8848513,3,136,0.0991211,0.93427354,2,158,0.029901272,0.85327685,2,178,0.0070976275,0.91804427,2,200
39,0.012947102,1.004095,2,20,0.046114393,0.94883776,2,40,0.009251462,0.98641825,2,60,0.0049166256,0.9014882,2,80,0.0,0.81508696,2,108,0.0,1.0502814,3,130,0.010940238,1.0339357,2,152,0.025038145,0.9627971,2,174,0.0089345435,1.075994,2,200
40,0.0023136758,1.0166928,2,23,0.0,1.003328,2,43,0.0069093406,1.0044323,2,63,0.0,0.9991144,2,85,0.00024406667,0.9850211,2,105,0.0,0.9389701,2,126,0.0022936033,0.9826031,2,146,0.016242694,0.95340973,2,191
41,0.004415576,1.0183946,2,25,0.008057344,0.96524286,2,45,0.013425289,0.98878545,2,65,0.002509047,0.9631832,2,85,0.0072420924,0.9539011,2,109,0.006118011,0.78838706,2,136,0.0022555212,1.0132873,2,156,0.008235595,0.9977499,2,176,0.0011850483,0.9661207,2,200
42,0.0072725513,0.95879596,2,27
43,0.020004835,0.7967738,0,20,0.004742586,1.0032444,2,40,0.00390725,0.91708726,2,60,0.012661584,0.7544631,2,81,0.0,0.6030244,2,101,0.010014426,0.743856,0,121,0.038494468,0.7018434,2,147
44,0.0,0.990221,2,22,0.0,1.0204853,2,48,0.01149307,0.83966416,2,69,0.014338143,0.95898306,2,92,0.022038704,0.7528406,2,112,0.0,0.5125583,2,132,0.0,0.22559571,2,152,0.0014917227,0.3314668,2,173,0.008530462,0.57797635,2,200
45,0.0,0.9397917,2,20,0.04465283,0.8830673,3,40,0.014383294,0.97181994,2,61,0.0,0.9260439,0,82,0.0,0.86021453,0,102,0.01610602,0.6356844,0,137
46,0.007491538,0.7868209,2,20,0.024439998,0.79810756,2,40,0.03678271,0.7921784,0,61,0.040442422,0.74252033,0,81,0.013876039,0.8045782,0,101,0.016823063,0.8167901,2,122,0.0052941716,0.92537194,2,142,0.0040159975,0.7992874,2,165,0.014808098,0.7620103,2,200
47,0.019158317,0.91878927,2,22,0.040396422,0.8862988,2,42,0.0030097456,1.0154556,0,62,0.013547419,0.9663312,2,82,0.003798721,0.7859973,2,102,0.0009228247,0.58184886,2,123,0.15700087,0.508718,0,143,0.17888814,0.47297224,0,163,0.026472205,0.42911044,1,200
48,0.012631455,0.9903557,2,22,0.016001575,0.9332727,2,42,0.00087484065,1.0890989,2,106,0.0,1.172255,2,128,0.0016199638,1.0629584,2,149,0.0,0.9105326,3,172,0.02240092,0.9581375,2,200
49,0.026442884,0.9670923,2,29
50,0.0077905036,0.8960986,2,24
51,0.0,1.0610168,2,28,0.0038696127,1.052301,2,53,0.003182462,1.0392113,2,80,0.02540591,0.9513418,2,100,0.0070616156,1.0238209,2,128,0.0,0.9787985,2,148,0.00319238,1.0221183,2,170,0.012809848,1.0744343,2,200
52,0.00600065,0.9663871,2,21,0.013458587,0.9934727,2,41,0.0,0.90469074,2,61,0.022118488,0.8288213,2,82,0.0014003316,0.75601727,0,103,0.042774536,0.7562496,0,123,0.019390125,0.84932864,0,143,0.04587705,0.83517003,2,165,0.008733733,0.84961337,2,200
53,0.0,1.0239164,2,20,0.06139455,0.8331155,0,42,0.021699902,1.0247896,0,63,0.010026336,0.96792793,0,83,0.026262945,0.8356941,2,107,0.0,0.80582285,2,127,0.0,0.81717503,2,147,0.0022322792,0.99170905,2,167,0.007021218,0.9343827,2,200
54,0.00573484,0.96870804,2,20,0.009261618,0.91891336,2,41,0.0,1.008732,2,61,0.018091876,0.94421655,2,83
55,0.025237354,0.952592,2,21,0.005067417,0.9092291,2,41,0.0052479063,0.97197807,2,64
56,0.025024187,0.9234094,2,25,0.03839727,0.91042864,0,45,0.0,0.9011747,2,66,0.006322965,0.86471164,2,87,0.020550918,0.8190306,2,108,0.005745086,0.9652114,2,139,0.0023931768,0.9235474,2,159,0.005985735,0.981051,2,200
57,0.0,0.96494514,2,20,0.013372272,0.9831994,2,40,0.0,1.0353382,2,60,0.0055807903,0.9864944,2,86,0.01599123,0.99588704,2,107,0.0043815263,1.0310246,2,127,0.0,1.0150174,2,147,0.018142674,1.0278687,3,170,0.0,0.99831975,2,200
58,0.0060428116,1.00167,2,37,0.0,0.97609234,2,61,0.0148796085,0.9083422,2,81,0.021399098,0.896982,2,103,0.0147230085,0.9467527,2,123,0.011573568,0.9141029,2,144,0.01660414,0.9744658,2,165,0.024503892,0.9869365,2,200
59,0.0050410787,0.83739567,2,20,0.0072815465,0.635275,0,40,0.0,0.5376498,2,60,0.0,0.28345272,1,82,0.0,0.2532423,0,102,0.00939138,0.15250646,1,135
60,0.009443211,0.9333458,2,21,0.033699572,0.9852853,2,46
61,0.013945031,1.0491958,2,20,0.0031016963,0.9272617,2,42,0.02207362,0.9285986,2,62,0.0057864985,0.86711854,2,83,0.0040912195,0.89767474,2,103,0.003867351,0.8271507,2,123,0.0029290605,0.85374534,2,144,0.0,0.96458364,3,166,0.0,0.7914481,2,200
62,0.0006857748,1.0030805,2,22,0.015276323,0.95531267,2,45,0.022455601,0.95668036,2,69,0.022699773,0.9917571,2,89,0.0071146125,0.856664,2,109,0.0116946185,0.8981647,2,136,0.0,0.8573704,2,157,0.040595584,0.85815084,2,177,0.0793617,0.75551283,2,200
63,0.015108546,0.91125095,2,20,0.022209613,0.88354,3,40,0.01505664,0.96010065,2,60,0.0,0.9363694,2,80,0.0,0.87565136,2,100,0.0,0.8563236,2,120,0.0,0.98686713,2,140,0.0077011017,0.9446837,2,160,0.04711734,0.89070207,2,180,0.0,1.0104444,2,200
64,0.023385758,0.9711658,2,20,0.0,0.9445832,2,42,0.0024678286,0.90249646,2,62,0.015882982,0.66311353,2,82,3.0490943e-05,0.7824331,2,102,0.029219732,0.6043309,2,122,0.03591767,0.7571399,2,143,0.0,0.7727377,2,163,0.0,0.68740124,2,191
65,0.0,1.0257136,2,20,0.002081278,0.96457297,2,48,0.0019607209,0.98578703,2,68,0.033673637,0.9828146,2,89,0.0018341457,0.94002676,2,113,0.0044180243,0.92642903,2,135,0.0,0.9417441,2,157,0.0,0.9421116,2,179,0.0015482863,0.9732477,2,200
66,0.008311116,0.9635951,2,21,0.020606114,0.95927364,2,41,0.0,0.83791274,2,65,0.0034219932,0.98741406,2,86,0.014567406,0.9180951,2,109,0.0077224765,1.0037227,2,139,0.0033460513,1.0202659,2,173,0.0033269646,1.0203748,2,200
67,0.009723627,1.0256754,2,21,0.018444678,0.88709813,2,45,0.0067226933,0.91085654,2,95,0.0,0.9500984,2,115,0.0024957343,0.9404545,2,136,0.0044245846,0.9364848,2,156,0.00045896554,0.98470277,2,176,0.0061376635,0.99394304,2,200
68,0.008375227,0.9480868,2,21,0.007582621,0.98743117,2,41,0.0,0.89049757,2,61,0.0,0.9871128,2,81,0.0,1.1653689,2,102,0.018124737,0.86758316,2,122,0.0,1.0852395,2,142,0.0,0.7620877,0,162,0.017282281,0.67837995,2,200
69,0.02643085,0.95076793,2,39
70,0.025670225,1.0102978,2,20,0.004725604,1.0275882,2,43,0.007473341,1.0185152,2,64,0.0028728845,1.0031601,2,97
71,0.006014397,1.0338113,2,20,0.010086314,1.0060599,2,42,0.017529655,1.0653137,2,70,0.03412947,0.94841605,2,90,0.012693186,0.9415077,2,116,0.03345414,0.9730287,2,138,0.009850359,0.9269063,2,170,0.04112556,0.90392053,2,200
72,0.041133888,0.8735703,2,20,0.05544585,0.8738136,2,40,0.009454635,0.9396105,2,60,0.016259948,1.0314159,3,80,0.019035282,0.8717204,0,117
73,0.0,0.8842251,2,20,0.0,0.7523413,2,40,0.012693193,0.7470839,2,72
74,0.0026939635,1.0321115,2,21
75,0.0046043745,0.8839986,2,20,0.0022752006,0.8515251,0,40,0.08650902,0.87333506,3,60,0.020062875,0.6974369,2,80,0.0075294776,0.73846865,2,100,0.061199993,0.5600824,0,120,0.0006075949,0.51811993,0,140,0.008185183,0.4596781,0,161,0.19045265,0.4629644,2,200
76,0.03257063,0.85268146,2,20,0.031463932,0.94098485,2,40,0.04570856,0.78482854,2,60,0.0,0.9071275,2,80,0.0037866777,1.0447562,0,102,0.0,1.0389731,2,122,0.0,0.7777719,2,143,0.0,0.9552883,0,163,0.012508284,0.83394283,2,200
77,0.007210714,1.0323814,2,25,0.0065148207,0.9812917,2,48,0.0036336218,1.0986258,2,69,0.00488138,1.096366,2,89,0.0,1.0652465,2,111,0.0,1.0631006,0,131,0.010767741,1.0235448,2,153,0.00088727137,1.1515417,3,175,0.0,1.1392851,0,200
78,0.042373523,0.929447,2,20,0.020039247,0.92315495,2,40,0.050628245,0.8791647,2,60,0.010060774,0.85096943,2,80,0.038057674,0.7100722,0,104,0.003374365,0.63787967,0,124,0.042461768,0.6614116,0,144,0.06349768,0.70072734,0,164,0.0061325883,0.69478023,0,200
79,0.0,1.0683972,2,20,0.0010457762,1.0312175,0,43,0.025330104,1.0011668,0,64,0.010515094,1.0462141,2,128,0.0010407136,0.95069456,2,148,0.00016724644,0.9996586,3,168,0.00095898507,1.0314722,2,200
80,0.012575437,0.9756453,2,23,0.005841466,1.0313704,2,43,0.04032571,0.9401547,2,63,0.0039547915,0.91727334,2,83,0.009339702,0.9160348,2,103,0.026939796,0.91079164,2,125,0.0,0.91821325,0,145,0.0062625515,0.9336456,2,166,0.051141907,0.8807791,2,200
81,0.012665134,0.92883354,2,22,0.024509814,0.934241,2,42,0.030804537,0.7883136,2,63,0.012854129,0.7575189,2,83,0.0,0.71408826,2,104,0.0,0.86787415,2,128,0.0,0.56999296,2,152,0.0,0.6783585,2,178,0.033916984,0.8459026,2,200
82,0.018433418,1.0441722,2,20
83,0.01923888,1.0001688,2,24,0.012665173,1.0523717,2,61,0.00032433352,0.98899966,2,91,0.012427957,0.9462675,2,116,0.00041628373,1.0093755,2,137
84,0.0022000559,1.0464872,2,22,0.015772754,1.0285794,2,42,0.0033775105,1.0369766,3,64,0.004955668,1.0194658,2,84,0.004715887,0.913901,2,104,0.0023861243,0.9451316,3,124,0.0,1.0245926,3,144,0.0,0.97997266,2,165,0.00594043,0.8561364,2,200
85,0.0051016044,1.0154457,2,26
86,0.0,1.0025814,2,20,0.0,1.0101722,2,44,0.0,1.0968965,2,70,0.0,1.0413433,2,92
87,0.021269292,1.0095394,2,20,0.0017087384,1.0406071,2,42,0.0,1.0787184,2,62,0.008966487,0.9885346,2,87,0.028173696,0.9425762,2,107,0.014531878,0.96962035,2,127,0.02414592,0.83055466,2,147,0.0005237768,0.8974767,2,168,0.031463943,0.9099971,3,200
88,0.0023841397,0.91661215,3,20,0.0,0.9795745,2,41,0.021809217,0.9029356,0,61,0.0,0.8968731,2,83,0.0,0.9203132,2,114,0.0,0.9160364,0,135,0.0,0.96908885,2,158,0.00040008643,0.85994416,0,180
89,0.018637734,0.9659073,2,28,0.045304913,0.91049814,2,49,0.07774253,0.97047997,2,70,0.028881144,0.9607979,2,95,0.009812781,0.94925046,2,124,0.085115395,1.0121771,2,144,0.047680892,0.97683656,3,164,0.017502151,0.87354445,2,200
90,0.00901532,0.97924143,2,21,0.006836978,0.9443995,2,41,0.013679639,0.97507143,2,62,0.01174736,0.93999183,2,82,0.021273563,0.9433094,2,102,0.004843655,0.8577284,2,127,0.038028404,0.9373732,2,149,0.024683278,0.92177826,2,188
91,0.038808573,0.92830664,2,23,0.0024143718,0.900709,2,43,0.020331318,0.92323565,2,65,0.015910314,0.9315071,2,85,0.018911196,0.92936647,3,105,0.06700578,0.83211863,0,126,0.0,0.95392454,0,146,0.054078024,0.906751,0,166,0.09354764,0.8047383,2,200
92,0.010270327,0.91730565,2,20,0.0031472554,0.9780496,2,43,0.011410266,0.899536,2,63,0.023697954,0.82957935,2,83,0.03275811,0.8660653,2,104,0.020860257,0.8740555,0,124,0.032285582,0.63805854,1,144,0.0,0.5848678,0,167,0.015904445,0.32219595,2,200
93,0.0,1.0378915,2,21,0.021144027,0.9179298,2,41,0.006121952,0.91347235,3,61,0.006486946,0.9237884,2,81,0.014374993,0.88367987,2,105,0.0,1.0024974,2,125,0.016827535,0.9342181,2,146,0.011060632,0.91910684,2,166,0.030616121,0.9291348,2,200
94,0.014427166,1.0069832,2,38
95,0.014684642,1.0289744,2,29
96,0.0077815563,0.95994914,2,20,0.020460535,0.9034393,2,53
97,0.0027698055,0.9769632,2,23,0.0,0.9524849,2,43
98,0.0007567269,0.94609994,2,21,0.0,0.9071143,2,42,0.0225722,0.85091525,2,68,0.0013511656,0.67540896,2,88,0.0,0.4870805,1,108,0.015402086,0.586664,2,128,0.0,0.7383379,1,148,0.0,0.72712314,2,168,0.015483116,0.67477125,2,195
99,0.002313066,0.9725705,2,22,0.0,0.9684398,3,43,0.016317721,1.0401381,2,63
100,0.00722504,1.0038941,2,35
101,0.0051015816,1.025415,2,28
102,0.0023710814,0.99787664,2,31,0.014991025,1.0005647,2,55,0.0045489133,1.0142437,2,81,0.003392926,0.9985897,2,108,0.0,1.0259511,2,128,0.0,0.94118184,2,151,0.004111604,1.0021698,2,171,0.0,1.0527428,2,200
103,0.008041693,0.9595978,2,21,0.0,0.94740516,2,41,0.00819859,0.87275755,2,64,0.012593183,0.8592283,2,84,0.0021784997,0.95239794,2,104,0.0,0.9166535,2,124,0.0,0.9629146,2,145,0.0,0.9869721,2,171,0.00072403305,0.9808275,2,200
104,0.03040239,0.94578207,2,26,0.009780358,0.98299634,2,46,0.010422962,0.96884775,2,69,0.028823307,0.93938255,2,89,0.010568295,0.91908616,2,109,0.006415937,0.92924017,2,132,0.006201282,0.9747843,2,154
105,0.017820468,0.98762023,2,20,0.0060094935,0.95838845,2,41
106,0.0026773806,0.8670389,2,20,0.03154323,0.7803368,2,42,0.019967992,0.69213676,0,62,0.10665803,0.67800516,0,83,0.0,0.68295777,2,103,0.028116083,0.52910274,0,123,0.062089235,0.6135562,2,143
107,0.011421555,1.0392452,2,20,0.0,1.0518644,3,46,0.0,1.0047568,2,68,0.0,1.0775499,2,88,0.0016027921,1.0571287,3,112,0.0,1.0325974,3,133,0.0043293936,1.0415573,2,153,0.0042496864,1.005397,2,178,0.011088539,1.0241355,0,200
108,0.013284812,0.91145784,2,20,0.0051166737,0.8439611,2,40,0.0,0.8419446,2,60,0.0,0.8940965,2,90,0.019883653,0.91109365,2,113,0.0,0.99482125,2,133,0.0026707067,0.918019,2,154,0.0,0.9670269,2,174,0.0,0.88643134,2,200
109,0.012943552,1.0203209,2,21,0.00041878052,1.0004433,2,45,0.00038772766,1.0376945,2,65,0.011498502,1.0037172,2,85,0.006970785,0.9531408,2,107,0.026407046,0.8764418,2,137
110,0.00037031234,0.95343435,2,33
111,0.007892647,1.0503383,2,22,0.0,1.0198832,2,44,0.0,1.0328544,2,66,0.007306986,0.9596898,2,90,0.017753126,0.9949404,2,116,0.0033350866,0.95736295,2,136,0.005143874,0.9381257,2,157,0.024325604,0.95130825,2,179,0.0035327503,1.0217499,2,200
112,0.015728116,0.8947903,0,20,0.02437138,0.950488,0,41,0.005229719,1.0513436,3,61,0.020885166,0.9014369,2,100
113,0.0043972754,0.945152,2,28
114,0.0062233373,1.0480075,2,22,0.0003406211,1.0405275,2,47
115,0.0023952727,0.9044439,2,20,0.021361057,0.9143482,0,56
116,0.0036461737,0.96434796,2,31,0.029941667,0.9235058,2,56,0.014069068,0.91650754,2,76,0.015239986,0.95953107,2,97
117,0.023647944,0.835209,2,20,0.0193209,0.86778814,2,41,0.0,0.6928183,0,61,0.006799097,0.58758456,2,81,0.00010777929,0.7106723,2,104
118,0.025078002,0.99483556,2,20,0.029755512,0.92025745,2,40,0.0048398366,0.984745,2,76
119,0.0032361043,0.8526609,2,23,0.0,0.8389424,2,46,0.014576013,0.8662517,2,67,0.014277841,0.7897013,2,88,0.022817874,0.7707733,2,109,0.0016753154,0.7680036,2,129,0.002849199,0.8274916,2,150,0.0011507389,0.962787,2,170,0.04115818,0.8678654,2,200
120,0.059518445,0.89058685,2,20,0.0058566886,0.8617903,2,40,0.0099491775,0.87904435,2,60,0.015546195,0.859509,2,80,0.025332112,0.91671824,2,106
121,0.0044033336,0.97915775,2,21,0.022388436,0.9768595,2,42,0.0038145503,0.95214313,2,64,0.019273007,0.9766298,2,92
122,0.01587762,0.9879329,2,21,0.0,0.94928867,2,42,0.007667699,0.95227396,2,62,0.0111297015,0.98210204,2,82,0.009434241,0.97642505,2,102,0.0,1.0347359,2,122,0.009725295,1.0343229,2,151,0.002441332,1.0328728,2,173,0.0,1.0499227,2,200
123,0.0,0.93175805,2,20,0.031736247,0.8965551,2,40,0.008295992,1.0194478,2,60,0.0045937584,0.9532794,2,80,0.006931598,1.047851,2,100,0.016968768,0.95184594,2,120,0.017485663,0.89801055,2,140,0.008001621,0.84277487,2,161,0.026880244,0.74791193,2,200
124,0.04641796,0.99283093,2,20,0.0,0.9737402,2,42,0.009035111,1.0113053,2,64,0.003206615,0.99550647,2,84,0.004047834,1.0193933,2,114
125,0.014675926,0.995091,2,22,0.0039566453,1.0350548,2,46,0.0,1.0469624,0,66,0.0,0.9872127,0,88,0.00075028645,0.99918824,2,133,0.0,0.9634678,2,158,0.023968551,0.90259856,0,178,0.01975254,0.82532066,3,200
126,0.0066274204,0.98311406,2,20,0.013824602,0.92259014,2,40,0.012176104,0.85088384,2,61,0.015137154,0.89441454,2,81,0.0,0.87575287,3,102,0.010627772,0.82291377,2,123,0.0,0.9247697,0,143,0.0,0.89560616,0,163,0.035937354,0.73028505,2,200
127,0.005629549,0.99956274,2,29
128,0.007936783,0.99085087,2,32
129,4.583765e-05,0.9486456,2,20,0.021967575,0.91882145,2,54
130,0.00034131226,1.0476528,2,27
131,0.0026400988,0.956216,2,21,0.019505879,1.0102506,2,42,0.0,1.1621909,0,64,0.0,1.1503413,2,87,0.0,1.1356891,2,111,0.00019913692,1.0597974,2,133,0.0,1.0772359,2,153,0.0090462435,1.1369351,0,173,0.0,1.1508347,0,200
132,0.0076000243,0.8212156,2,20,0.0,0.92186224,2,40,0.0043572993,0.8099759,2,60,0.004176963,0.7307211,2,80,0.008774739,0.9307717,0,100,0.0,0.88070714,3,120,0.01605416,0.80903894,2,140,0.010094268,0.7858318,2,160,0.027370507,0.8643414,2,180,0.023194905,0.87674606,2,200
133,2.4045725e-05,1.0241262,2,20,0.017435148,0.9781141,2,40,0.0,0.95601064,2,61,0.00068159477,0.9105348,2,82,0.0021348943,0.9725407,2,106,0.0010262795,0.9716658,2,137,0.0,0.97304356,2,179,0.00069390173,1.1069481,2,200
134,0.012387636,0.95631725,2,20,0.009247384,0.90871185,2,42,0.031905867,0.9461622,2,64,0.019532973,0.95923156,2,84,0.017059851,0.9565762,2,110,0.0,0.9708536,2,134,0.0008633936,0.9375168,2,154,0.015835388,0.9399926,2,178,0.018020926,0.9592218,2,200
135,0.011622576,0.8170147,2,35
136,0.028825322,0.89043343,2,21,0.033974424,0.8144463,2,43,0.0,0.85557574,2,63,0.029155362,0.8380899,2,84,0.0,0.71497977,0,104,0.009916114,0.74465543,0,128,0.019060101,0.86635196,2,148,0.014393228,0.88784444,2,168,0.05895706,0.6694519,2,200
137,0.012411308,0.9749033,2,21,0.00027766378,0.99080426,2,44,0.0022924205,0.9717823,2,64,0.042245995,0.88624924,2,84,0.015712578,0.93976694,2,105,0.024664532,0.97494847,2,127,0.02861985,0.9898132,2,147,0.0,0.96048,2,200
138,0.0,0.89741766,2,20,0.008939465,0.91057986,2,44,0.031529307,0.96012753,2,64,0.0,0.9697378,2,84,0.0069468454,1.0014716,2,121,0.021689977,1.0006889,2,141,0.017832112,0.93658626,2,161,0.0075078085,0.89120686,2,200
139,0.0003285911,0.97278357,0,20,0.023558931,0.97523457,2,42,0.0455805,0.85742724,2,62,0.04440269,0.8795686,2,94
140,0.0013785886,0.9410779,2,20,0.03102867,0.92618936,2,43,0.0016434287,0.7910513,2,65,0.00218072,0.81993306,2,85,0.051597487,0.67998683,2,105,0.045670915,0.7870223,2,126,0.0138009675,0.78390634,2,148,0.030481901,0.7154874,2,169,0.11040467,0.61133975,2,200
141,0.013081712,0.98888826,2,20,0.007152041,1.0070584,2,40,0.0,1.0532359,2,64,0.0024545274,1.0211755,2,87,0.002983823,0.98358226,2,114,0.012357248,1.0136664,2,139,0.00081191934,1.0223546,2,161,0.00067652453,1.0334831,2,200
142,0.0113442475,0.99283123,2,32,0.002984939,1.0404336,2,52,0.029390996,0.92205185,2,73,0.010246943,1.0268852,2,95,0.029850658,0.96116203,2,116,0.009754956,0.88498414,2,136,0.006829018,0.9804873,2,158,0.005115943,1.0431867,2,180,0.016275903,1.0483938,2,200
143,0.0,1.0085837,2,21,0.010901036,0.98081416,2,41,0.02673716,0.94184273,2,65,0.027835716,0.9419071,2,85,0.035140816,0.9555022,2,106,0.029232716,0.8255561,2,137
144,0.0053978334,0.92484146,2,22,0.019797891,0.97217387,2,60
145,0.0126795815,0.97275555,2,21,0.001171791,0.97619855,2,55
146,0.0030120679,1.0065061,2,22,0.006178291,1.0249634,2,47,0.018395174,1.0209316,2,67,0.0072923033,1.0208299,2,94,0.03288869,1.055152,2,114,0.005054061,1.0069036,2,139
147,0.004178388,0.9945379,2,24
148,0.013008518,0.9783805,2,21,0.022859044,0.9703388,2,43,0.025642809,1.0323868,2,63,0.004197777,1.0101949,2,109,0.004336717,1.0147688,2,129,3.597669e-05,1.0046169,2,160,0.0046984786,1.0344398,2,200
149,0.01995687,0.9127364,2,20,0.025942396,0.91726524,2,40,0.0008844122,0.92368585,2,60,0.009571674,0.97625065,2,84,0.0060950955,0.8269777,0,104,0.011518196,0.901068,2,126,0.00069967465,0.98812026,2,150,0.0,0.978616,2,172,0.0050954097,1.0230374,2,200
150,0.007838517,0.99905384,2,20,0.008852801,0.93929815,2,57
151,0.017469164,0.98810166,2,24,0.0014871043,1.0577403,0,46,0.00248211,1.1125865,2,67
152,0.019010998,0.99718076,2,21,0.0016436545,1.0420867,2,49,0.005564375,1.0225978,2,80,0.0124430545,1.0062652,2,116
153,0.013497755,0.94123507,2,20,0.019706195,0.8849883,2,40,0.041288983,0.9383004,2,71
154,0.041152943,0.928681,2,20,0.0,0.94848037,2,47
155,0.014146151,0.9709307,2,20,0.034675546,0.8883287,2,40,0.0027002138,0.9164771,2,60,0.0021542488,0.9606611,2,84
156,0.0017588777,0.9677932,2,22,0.017330429,0.94290096,2,42,0.01137599,0.9789404,2,64,0.008560145,0.96173733,0,84,0.0022256565,0.9879955,2,116,0.016408864,1.0093256,2,163
157,0.0071511017,0.945318,2,39
158,0.025677465,0.9395117,2,22
159,0.0070780837,1.0569118,2,24
160,0.017726317,0.98012733,2,23
161,0.03923435,0.9069125,2,20,0.029109813,0.9010242,0,42,0.024535835,0.97947407,2,62,0.039582085,0.93671715,2,83,0.061725337,0.9050328,2,124
162,0.0,1.0691358,2,25,0.09458772,1.0159241,2,54,0.032713365,0.9883697,2,92
163,0.015546449,0.96857923,2,35
164,0.01817755,0.94958496,2,37
165,0.013040665,0.9759517,2,20,0.0,0.9033047,2,45
166,0.005854944,0.8580662,2,21,0.0,0.86349475,2,41,0.020400519,0.71862304,2,66,0.0,0.6008853,2,87,0.0,0.4123122,1,109,0.0,0.36242643,1,129,0.0,0.23216581,1,158,0.0019599944,0.39831316,1,200
167,0.021292767,0.9882833,2,20,0.018890828,1.01096,2,40,0.008458428,1.0198867,2,60,0.031167127,1.0133181,2,81
168,0.0,1.0043924,2,37
169,0.007660215,0.9711362,2,20,0.0016472515,1.0800784,2,50,0.0,1.1075648,2,71,0.0007177778,1.1540645,2,95,0.004155892,1.1228706,2,118,0.000629323,1.1173501,2,151,0.0,1.0879736,2,171,0.01430635,0.93366426,2,200
170,0.021733368,1.0010222,2,20,0.0044446825,0.949633,2,41,0.010045795,1.0592349,2,61,0.0014218739,0.98459655,2,102,0.007043291,1.0790416,2,139,0.0022078508,1.0304207,2,200
171,0.020763198,0.9074664,2,21,0.0056732134,0.8887867,2,42,0.0031286117,0.932998,2,75
172,0.010240602,0.90881777,2,20,0.04335643,0.925176,2,42,0.008294107,0.923823,2,62,0.012938564,0.92404336,2,87
173,0.028476302,0.9469193,2,20,0.0,0.95048296,2,40,0.015304523,0.98237145,2,60,0.0008572512,0.8905792,2,82,0.00017110877,0.9918224,2,107,0.008142154,0.82866406,2,128,0.039049722,0.91061604,2,148,0.0034181252,0.8374049,2,168,0.0041208193,0.9390892,2,200
174,0.0040847836,0.9538929,2,20,0.019589137,0.97529876,3,40,0.014669242,0.9109131,2,60,0.005459384,0.96269953,2,80,0.0,0.92354095,0,101,0.0,0.92318,2,123,0.0,0.8714611,2,145,0.013490865,0.91420394,2,165
175,0.0072671934,0.7221515,2,20,0.0,0.7194114,0,40,0.022652354,0.7972416,0,60,0.0,0.48411098,2,80,0.0,0.6631572,2,100,0.02657774,0.755175,2,120,0.0,0.7996205,2,143,0.037109777,0.45959842,1,175
176,0.015752856,0.9730052,2,20,0.021239744,0.92529404,2,46,0.0066049476,0.8904517,2,72,0.008560828,0.9453304,2,99,0.024468848,0.9058016,2,123,0.014080943,0.90680116,2,147,0.00037520216,0.9492448,2,170
177,0.012825236,1.0465835,2,20,0.0,1.0545214,2,42,0.0,1.0720143,2,62,0.0,1.0712711,2,82,0.0,1.0736735,2,102,0.0057126526,1.0659035,2,124,0.0075818435,0.9649617,2,144,0.0,1.0424299,2,164,0.0,0.8052842,2,189
178,0.0,0.9428371,2,23,0.023323784,0.9191658,0,47,0.042126816,0.9310031,2,68,0.022899624,0.86198443,2,88,0.0,0.9911993,2,108,0.0,0.90772665,2,128,0.10146964,0.90146357,2,150,0.0,0.9042157,2,170,0.025554994,0.4046191,2,200
179,0.01791625,1.0001662,2,22,0.013560667,1.0496161,2,43,0.0,1.0940167,0,66,0.0073739737,1.0793037,0,89,0.0,1.0234851,2,109,0.007910014,0.99300605,2,130,0.016275695,1.017921,2,157,0.007347108,1.0422542,2,177,0.0046040383,1.0616628,2,200
180,0.021671113,0.93645257,2,20,0.0,0.9040302,2,42,0.037982177,0.9405201,2,62,0.008020079,0.96488124,2,82,0.024844205,0.9551511,2,105,0.0025803635,0.95542634,2,125,0.017301898,0.89086425,2,145,0.0,0.9138848,2,165,0.01942871,0.83325386,2,200
181,0.01877946,1.0096867,2,20,0.0023195178,0.9577478,2,42,0.018541005,0.98431414,0,64,0.0,0.8103222,2,86,0.0,0.9161803,2,107,0.0,0.92695075,2,127,0.003845299,1.0090036,2,163
182,0.010574204,0.9164376,2,32,0.0,0.8820046,2,52,0.012500828,0.94106615,2,72,0.04613434,0.81386995,2,92,0.028049935,0.90212804,2,113,0.020588236,0.7806454,2,135,0.026797164,0.81397057,2,155,0.06260472,0.725234,0,177,0.09102949,0.7738537,2,200
183,0.015002877,0.93250406,2,23,0.048562128,0.8590588,2,47,0.07410826,0.7856241,2,68,0.0,0.9285606,0,88,0.0,0.70721817,2,113,0.008179321,0.6323189,2,134,0.114137,0.44680646,2,159,0.009935094,0.6669969,2,179,0.06861438,0.65660936,2,200
184,0.021352801,1.0098529,2,40
185,0.004265947,0.9138543,2,20,0.006952295,0.9765272,2,53
186,0.0014705105,0.9841081,2,21
187,0.020689588,1.0074725,2,23,0.011139576,1.0808067,2,44,0.0071995636,1.0511551,2,66,0.0015994863,1.0107341,2,86,0.005144768,0.9931537,2,114
188,0.012484564,1.0116079,2,20
189,0.010357256,1.0072322,2,24,0.021894094,1.004915,2,44,0.0024021757,1.0287594,2,64,0.0051666577,1.0459187,2,85,0.01456205,1.0199437,2,105,0.0024339512,1.0032358,2,138,0.014689657,0.930856,2,160,0.0,1.0030158,2,180,0.008227045,0.8843807,0,200
190,0.004847846,0.9667238,2,20,0.032963008,1.0191913,2,40,0.018720943,1.0019494,2,60,0.028756078,0.9943433,2,81,0.0023760786,0.9310513,2,104,0.030642444,0.89804876,2,124,0.0071264277,1.0049608,2,145,0.0034681628,1.0122614,2,166,0.0034376935,1.051587,2,200
191,0.0012709278,1.021316,2,39
192,0.0033523361,0.9759358,0,20,0.0,0.997762,2,50,0.012707578,1.0169029,2,71,0.03060876,0.89799327,2,94,0.027384967,0.95403105,2,116,0.0054702484,0.96816856,2,140,0.0,0.9726359,2,164,0.035085343,0.97333646,2,200
193,0.0,0.80715126,2,21,0.0017174529,0.6321252,2,41,0.0,0.8343705,0,61,0.0,0.6961932,0,81,0.022334393,0.73230463,0,101,0.0,0.72044057,3,121,0.0,0.56861436,3,141,0.0217437,0.5429273,1,162,0.0,0.54433703,2,188
194,0.019952293,0.9978007,2,20,0.01526062,1.0034517,2,40,0.009639937,0.97927994,2,62,0.061932515,0.87993085,2,82,0.0368593,0.9539379,2,104,0.029784337,0.9464418,2,125,0.0041398914,1.0589281,2,149,0.017428506,1.0502157,2,173,0.0046167183,0.98174024,2,200
195,0.0048746546,1.0053418,2,23,0.0008930413,1.0420579,2,45,0.002237232,0.9846978,2,65,0.02627132,0.9658555,0,86,0.0,0.9921145,2,108,0.012392067,0.9903372,0,128,0.030901317,0.978834,0,148,0.0,0.96672946,0,168,0.0031708842,1.0383179,2,200
196,0.0072782827,1.013812,2,22
197,0.0074726,1.017627,2,30,0.0061101043,0.97817194,2,50,0.0023596757,1.013343,2,70,0.0,0.9468931,2,90,0.015714055,0.97217697,2,114,0.05328114,0.91276455,2,134,0.0021367786,0.9172263,3,154,0.02906676,0.8696108,2,174,0.0145056825,0.8993905,2,200
198,0.016929029,1.0092283,2,20,0.0,1.0546259,2,47,0.0006403728,1.0554055,2,82,0.0,1.0699072,2,113,0.011689029,1.0445855,2,133,0.023067165,1.0190715,2,153,0.016264316,0.9098603,0,173,0.038567986,0.89456123,2,200
199,0.017354866,1.0228152,2,24,0.0,1.1208606,2,56
200,0.019992927,0.9227673,2,20,0.014433496,0.9716219,2,40,0.0068143094,0.85715723,3,60,0.017099816,0.8809843,2,80,0.012549594,0.81904733,2,112
201,0.0073930747,1.0037692,2,20,0.0029262986,0.9581874,2,55,0.005652798,0.9448938,2,77,0.005122351,0.9535868,2,101,0.006783557,0.97522986,2,123,0.0027615698,0.9743906,2,145,0.025119444,1.0011796,2,166,0.009505353,1.0295854,2,200
202,0.0067741573,0.91565377,2,22,0.0017621676,0.94464,2,47,0.009013707,0.9339199,2,72,0.008391515,0.96060914,2,93,0.015598659,0.93679,2,113,0.00681577,1.0251167,2,133,0.0,0.95107317,2,153,0.013791829,0.895367,2,173,0.0,0.704325,2,194
203,0.0057321875,0.9161113,2,20,0.010781328,0.9169216,3,41,0.0,0.75530905,2,65,0.008270933,0.7955808,2,95
204,0.013951367,0.9568736,2,20,0.0018167371,0.97738725,2,51
205,0.0,1.0238248,2,25,0.008639646,1.0086986,2,59
206,0.0005612752,0.93848485,2,23,0.00204978,0.9673294,2,43,0.007163625,0.77250034,2,63,0.008082174,0.7267402,2,98,0.029031146,0.5556711,0,118,0.0,0.72761124,2,139,0.0,0.66484076,2,159,0.062407285,0.5956713,2,179,0.027682489,0.9571397,2,200
