0,0.001368633,1.0121456,2,24,0.0,0.9603312,2,47,0.010523634,1.0605428,3,67,0.00096031436,1.054198,0,87,0.0,1.0087396,0,110,8.979555e-05,1.0611244,3,131,0.007837949,1.0103842,2,151,0.013879556,0.96732813,2,173,0.0019600438,1.0526358,0,200
1,0.0023046804,1.0195247,2,23,0.0,1.0565206,2,46,0.0011037077,1.1062562,2,67,0.0,1.1188362,2,87,0.008587503,1.0329623,2,119
2,0.011406128,0.97360706,2,20,0.022771519,0.9967697,2,43,0.009663549,1.0143398,0,66
3,0.0012853573,1.0249609,2,20,0.00020964479,1.0021359,3,41,0.0,1.0073044,0,61,0.0,1.0184685,3,84,0.0,0.9951846,2,105,0.009289458,0.994606,2,129,0.007253456,0.92882407,2,149,0.010138515,0.9934358,2,171,0.032037955,0.96854645,2,200
4,0.016639197,0.96957564,2,26,0.013110305,0.94006604,2,47,0.0,0.908443,2,67,0.010432089,0.981082,2,90,0.030145962,1.022392,2,110,0.018194074,0.87951165,3,130,0.022420507,0.8367847,2,150,0.0,0.5628721,1,170,0.00038286595,0.677873,2,200
5,0.0,0.92982066,2,21,0.0,0.8652998,2,41,0.0,0.90149677,2,61,0.0,0.5926314,1,81,0.026496936,0.5206224,1,101,0.0,0.5508958,1,121,0.012220936,0.6513732,2,147,0.014938171,0.76486605,2,167,0.016492076,0.80519956,2,200
6,0.00036400356,0.9752411,2,24,0.023439383,0.9084765,2,67
7,0.0033506346,1.0380945,2,29,0.015617229,0.9994682,2,49,0.021257421,1.009009,0,69,0.046320796,0.9958391,2,89,0.046234544,0.96818787,2,111,0.14237882,0.9547448,2,132,0.022558924,0.9680224,2,153,0.07131907,0.9307646,2,175,0.010021427,1.009317,2,200
8,0.00231659,0.94852936,2,20,0.036497507,0.9473061,2,42,0.0033713477,0.9091283,2,77,0.075135976,0.67976034,2,97,0.0,0.880696,2,117,0.03142997,0.89189404,2,138,0.019201474,0.8103239,2,159,0.0,0.6927285,2,179,0.013181196,0.9015713,2,200
9,0.0026676592,1.0254352,2,28,0.0027334485,1.0641217,2,70,0.0018329568,1.0682147,2,90,0.011313649,1.0447434,2,110,0.0,1.0638766,2,132,0.0011333416,1.0697775,2,152,0.0033236635,1.0163026,2,172,0.006999495,1.0231591,2,200
10,0.01528047,0.86480105,2,20,0.023398016,0.9147782,2,58
11,0.04268692,0.92176646,2,21,0.03455103,0.88510597,2,46,0.0348112,0.84933394,2,66,0.009586954,0.8571426,2,89,0.0044473484,0.8888524,2,113
12,0.033667598,0.7749281,0,20,0.0,0.6836711,2,41,0.0,0.46662974,1,61,0.0,0.493994,0,81,0.036626894,0.4829955,2,101,0.036738835,0.6181254,2,122,0.031879965,0.42660683,2,142,0.019387646,0.539971,2,163,0.06655297,0.562699,2,200
13,0.012071788,0.95197296,2,27,0.0020100824,0.91444266,2,47,0.0077042496,0.89859945,2,68,0.10452731,0.9325891,2,90,0.2625206,0.9396369,2,110,0.14861102,0.93004245,2,134,0.195196,0.9284623,2,154,0.02986381,0.9627658,2,174,0.027486347,0.93077266,2,200
14,0.0016079952,0.82163036,2,20,0.039424635,0.4959863,0,40,0.024958666,0.60018396,2,60,0.0,0.6435459,2,82,0.014393978,0.5993422,1,109
15,0.022468064,0.9342157,2,21,0.031577136,0.9354768,2,41,0.02386068,0.98078823,2,63,0.004955825,0.95354575,2,87,0.022698143,1.0041562,2,107,0.02078704,0.9420846,2,127,0.013281519,0.93054855,2,148,0.031086404,0.78830063,2,168,0.009184418,0.97948736,2,200
16,0.0,1.053088,2,20,0.0017903383,1.0601977,2,48
17,0.010863864,0.94868153,2,20,0.010172177,0.9186193,2,52
18,0.016587552,0.9374658,2,38
19,0.0,1.0739979,2,20,0.0,1.0531944,2,40,0.0,1.0140775,2,60,0.0,1.0697645,2,99
20,0.0,1.0143095,2,21
21,0.013905986,0.9536807,2,24,0.018944327,1.0239433,3,45,0.005633912,0.9498731,2,65,0.0044728247,0.725618,2,85,0.00035412292,0.6421098,2,105,0.002370251,0.6510169,2,133
22,0.0,0.96835256,2,22,0.0,1.0307094,2,44,0.015334338,0.88497674,2,64,0.0,0.9776691,2,84,0.0,1.0290422,2,106,0.0005712572,0.9892677,2,141
23,0.021053527,0.9334194,2,20,0.020936284,0.9036085,2,40,0.0,0.53961515,0,60,0.0,1.0181825,2,81,0.0,0.81758195,0,101,0.002580575,0.8546853,0,122,0.0069949985,0.87999463,0,147,0.0,0.92876005,0,167,0.0,0.7779614,2,200
24,0.01146472,0.9524084,2,26,0.057536364,0.9631974,2,46,0.023464495,0.8711556,3,66,0.02603446,0.9848534,3,87,0.017270753,0.81455314,3,107,0.02487736,0.85811174,2,127,0.0,0.87320185,2,152,0.01826854,0.8299738,2,174,0.02977672,0.85330606,2,200
25,0.017729484,0.9016224,2,22,0.0368556,0.9563545,2,42,0.0009923276,0.871782,2,62,0.010029106,1.0389309,2,85,0.0,1.0354102,2,111,0.0030128974,0.97583735,2,134,0.005671936,0.9707011,2,161,0.0334641,0.97439426,2,200
26,0.023771659,0.9348904,2,20,0.012775609,1.0854739,2,40,0.0,1.0058659,2,66
27,0.009917576,0.93204224,2,30
28,0.0022983332,0.9976951,2,21,0.021625627,1.0275397,0,41,0.011374552,1.0026529,2,61,0.005364782,0.9658742,2,81,0.0,0.9807478,2,101,0.0101276655,1.0184621,2,134
29,0.009108632,0.9760354,2,24,0.0025433588,1.0786548,2,50,0.013336137,1.03304,2,70,0.035886556,1.0033591,2,97,0.04568224,1.061605,2,117,0.007289998,1.0575049,2,141,0.011134749,1.043806,2,164,0.004829653,0.94545007,2,200
30,0.049185537,0.9269017,2,20,0.0,0.80754834,2,40,0.0,0.9522377,0,60,0.0,1.0625879,0,90,0.003943496,0.87974036,2,112,0.0,0.8851616,2,134,0.031048225,0.8955088,2,162,0.003591679,0.9678584,2,200
31,0.0059441444,0.94145215,2,21,0.056969564,0.9330039,2,41,0.0059716627,0.93344593,2,77,0.010997272,0.73651326,2,97,0.025234714,0.8024916,0,118,0.047702897,0.9420822,0,138,0.0061292676,0.8667967,2,158,0.02663595,0.89129305,0,179,0.013465234,0.9698833,2,200
32,0.025358887,1.0481724,2,29
33,0.0,1.0261521,2,21
34,0.033707462,0.9934789,2,20,0.0034364557,1.0636845,2,44,0.0,1.1414357,2,65,0.017040139,1.0580478,2,85,0.0064919023,1.0307372,2,106,0.011203667,0.9211879,2,134
35,0.013924696,1.0549662,2,20,0.0,1.0294276,2,46,0.0,1.0766337,3,66,0.0023915956,1.048205,2,87,0.0,1.0241363,2,107,0.009480227,1.0450492,2,132,0.0034455196,0.92899114,2,153,0.0,0.9972482,2,173,0.006288409,0.9700179,2,200
36,0.0,1.0135624,2,32
37,0.005334237,0.9712097,2,34
38,0.0,0.9497024,2,21,0.018714508,0.978137,2,41,0.03985197,0.8915615,2,61,0.012776759,0.9456571,2,82,0.017616842,0.9805005,2,102,0.030497205,0.91306907,0,122,0.0046212324,1.0578187,2,142,0.0,1.0569319,2,172,0.0,1.07144,2,200
39,0.005169008,0.9544033,2,20,0.017768435,0.85769606,2,40,0.0055997693,0.8970016,2,62,0.019594206,0.8014204,2,82,0.02441003,0.80260897,2,102,0.047150973,0.79071647,2,126,0.032312863,0.81321466,2,148,0.008071066,0.82141,2,171,0.00053318846,0.847932,2,200
40,0.007862739,1.0205274,2,21,0.015423318,1.0185717,2,47
41,0.0,0.95150906,2,26,0.034936793,0.91838384,2,48,0.059241004,0.78323674,2,68,0.0072059087,0.8607909,0,89,0.03811598,0.87601995,2,114
42,0.0,1.0336107,2,20,0.0,1.1185963,2,40,0.022354133,1.0490072,2,61,0.0,1.0343564,3,82,0.0,1.0532286,2,102,0.0,1.114489,2,129,0.00014194725,1.0402254,2,149,0.0046084025,1.0984347,2,176,0.029018322,1.0186726,2,200
43,0.00975177,0.9608709,2,37
44,0.022391709,0.9278556,2,20,0.023255656,1.0120646,2,40
45,0.0032584486,1.0669987,2,36,0.0,1.0286466,2,58
46,0.016526474,0.97442484,2,24
47,0.055056877,0.8448174,2,21,0.0,0.7873397,2,41,0.0,0.6729232,0,61,0.0,0.4085764,0,81,0.0,0.7130479,0,101,0.14321633,0.43760836,0,139
48,0.0037845664,1.0493062,2,20,0.0024815782,1.0776451,2,46,0.0020937382,1.0375874,2,83
49,0.023082992,0.9799744,2,23,0.007118764,0.9064785,2,43,0.009888498,0.82060945,2,63,0.047049936,0.74751586,0,83,0.011160438,0.84549713,2,103,0.013785144,0.8009164,2,123,0.003743526,0.82767975,2,146,0.00018354859,0.7902902,2,166,0.0,0.51618856,0,200
50,0.034854867,0.93549454,2,20,0.0,0.93886316,2,40,0.0,0.9118112,2,60,0.04557746,0.7903792,2,80,0.012367832,0.85670054,0,100,0.018372947,0.8270025,2,120,0.00959326,0.9109071,2,143,0.0,0.82256764,2,164,0.0,1.0175332,2,200
51,0.0039708125,0.9943818,2,20,0.007885188,0.94560444,2,40,0.008191306,0.9821528,2,66,0.0,0.95380497,2,94,0.032768834,0.95168036,2,114,0.0,1.0468073,2,135,0.021222876,0.93869275,2,158,0.01049633,1.0203682,2,200
52,0.0050237468,0.964157,2,20,0.00092919986,0.9564158,2,42,0.02551066,0.9722803,2,62,0.0056997268,0.96693736,2,82,0.028021205,0.92377806,2,102,0.0,0.962081,2,124,0.01269161,0.9275281,2,144,0.008660488,0.9559973,2,164,0.0,0.93077344,2,200
53,0.0171904,0.95380795,2,29
54,0.019562837,0.9250609,2,21,0.010517222,0.85765624,2,44,0.0018338813,0.91472423,2,65,0.025918124,0.9332079,2,87,0.051254906,0.8303749,0,107,0.030622026,0.9231027,3,127,0.054966085,0.94734,2,158
55,0.0090657715,0.93294877,2,20,0.007757481,0.8866986,2,40,0.03580633,0.82885754,2,60,0.0002114918,0.9704275,3,80,0.010426448,0.9003404,2,101,0.015799204,0.9453149,2,121,0.011347614,1.066992,2,142,0.020483132,0.9564899,2,163,0.019157197,0.91234547,2,200
56,0.038480252,0.93673897,2,20,0.0013030729,0.93090504,2,40,0.010337224,0.84398335,2,60,0.050465487,0.87019056,2,81,0.0047307536,0.9335235,2,101,0.030944392,0.8325783,2,121,0.0,0.87835777,2,158
57,0.002399234,0.9618413,2,20,0.0,0.9143192,2,40,0.059197523,0.7434467,2,61,0.035882134,0.8420757,2,82,0.019735679,0.80723894,2,102,0.01142792,0.89868104,2,122,0.0038919426,0.9056584,2,142,0.016608724,0.9001381,2,165,0.016499734,0.88313323,2,200
58,0.007812822,0.95687324,2,20,0.030848628,0.9872042,2,43,0.00777063,0.9074534,2,63,0.03219054,1.0081105,3,83,0.0075379116,0.85647506,2,103,0.005776831,0.7817925,2,124,0.041334003,0.5627071,2,145
59,0.01380586,0.9811353,2,37
60,0.0,0.875488,2,24,0.0028930146,0.95096016,2,50,0.01716704,0.9539363,2,76
61,0.02829749,0.7298809,0,20,0.0,0.9330288,2,40,0.010467025,0.7736873,2,77
62,0.018360738,0.93212336,2,20,0.006995376,0.99269503,2,43,0.0,1.0540571,2,63,0.011080117,1.0267246,2,91,0.00037736146,1.0368707,2,117,0.0030114022,1.0810316,2,140,0.0068423664,1.0268757,2,167,0.005026761,1.0098188,2,200
63,0.0,0.93325424,2,20,0.0,0.8220407,1,40,0.0,0.90995663,2,60,0.012925132,0.9233785,2,81,0.0,0.94413483,2,101,0.012437319,1.0101895,2,123,0.0099205095,0.94353646,3,147,0.002355583,0.96255267,0,167,0.024908997,0.69838023,2,200
64,0.0033591322,0.87233704,2,20,0.0,1.0035678,2,40,0.019924235,0.91212493,2,67,0.060712468,0.8315041,2,89,0.0049765105,0.8658045,2,114,0.04042019,0.8852666,0,134,0.0019098738,0.94279355,2,154,0.028653607,0.8671277,2,174,0.005367115,1.0869871,0,200
65,0.0062201195,0.90795386,2,20,0.0,0.64510804,2,44,0.010897758,0.6914476,2,64,0.03508103,0.77433217,2,84,0.0011599262,0.8509698,2,104,0.016804162,0.76547927,2,124,0.0,0.6048037,3,144,0.0,0.6494087,3,164,0.005524149,0.664284,2,200
66,0.018595897,0.9587057,2,20,0.0023631533,0.95672905,2,40,0.030141175,0.87838256,2,61,0.0008368183,0.9659977,0,81,0.039143246,0.8717599,2,102,0.009794702,0.90291774,2,122,0.027168974,0.74762094,0,142,0.0044522225,0.8292797,2,162,0.0060496717,0.8647653,2,200
67,0.0046006083,0.98354274,2,20,0.037136253,0.9808296,2,40,0.023891225,0.78069186,2,61,0.025955081,0.95221025,2,81,0.031113263,0.78629553,2,101,0.030167423,0.8533103,2,122,0.0,0.81124717,2,142,0.0,0.98398036,2,162,0.0031394179,1.0634605,0,200
68,0.0027982097,1.0013654,2,20,0.002474977,1.0011586,2,40,0.035002023,0.8933294,2,62,0.0060646744,1.0327969,2,86
69,0.0043607904,1.0366188,2,27
70,0.013854472,0.997653,2,20,0.017690148,1.0382328,2,40,0.0012832547,1.0598199,2,61,0.008126091,1.1360704,2,110
71,0.010569177,0.97369105,2,21,0.045296587,0.87415856,2,41,0.020066446,0.89910346,2,61,0.0011720532,0.93647623,2,82,0.0,0.94940466,2,103,0.01490266,0.8754766,2,125,0.019859323,0.9454259,2,146,0.02423977,0.8846013,3,166,0.011002469,0.84307027,2,200
72,0.0036900395,0.9917315,2,21,0.0088697495,0.9179618,0,41,0.006636658,0.9304991,2,65,0.052098263,0.9900874,2,85,0.013694669,0.9251076,2,105,0.0105890725,1.0061344,3,138,0.021951947,0.9316996,2,158,0.020486373,0.8659304,2,189
73,0.0,0.78413427,2,20,0.023432566,0.7024822,2,44,0.0,0.5740734,2,65,0.0,0.29349542,1,86,0.0,0.50467277,1,108,0.004737525,0.6706239,2,140
74,0.007816092,1.020094,2,22,0.00055417884,0.94353884,2,45,0.04903119,1.0191551,2,65,0.018137902,0.9927605,2,85,0.025380183,1.000176,2,105,0.00077679096,0.9729388,2,130,0.018166123,0.9059774,0,150,0.029413566,0.8907672,2,171,0.018002216,0.89426404,0,200
75,0.0,0.7620001,2,20,0.103600465,0.51494074,2,41,0.011877389,0.43858752,0,64,0.0144110285,0.4223559,2,87,0.06033199,0.37785634,2,107,0.004329611,0.53098655,2,127,0.00674493,0.65305626,2,156
76,0.018771252,0.9439122,2,21,0.042794634,0.89200336,2,44,0.015635062,0.86354524,2,69,0.010585801,0.9239849,2,90,0.023576576,0.9099623,2,122
77,0.008822884,1.0307007,2,20,0.013167435,1.049195,2,40,0.0062906225,1.0232544,2,72
78,0.01421715,0.98212487,2,24,0.008749706,0.9913564,2,44,0.021255706,0.9885437,2,64,0.038538646,0.99222004,2,84,0.108325005,1.0422537,2,105,0.057583876,0.97870743,2,125,0.02374346,0.88416594,0,145,0.1156062,0.8468698,2,165,0.04994712,0.9016974,2,200
79,0.020715533,0.995683,2,20,0.034916293,0.91100657,0,40,0.004587236,0.9192233,2,61,0.0058464636,0.8906841,2,83,0.015295984,0.884325,2,111,0.013622849,0.90015477,2,135,0.013828917,0.88421774,2,156,0.021627793,0.8935696,2,200
80,0.0,0.98140144,2,20,0.0069760443,0.9927255,2,40,0.010986171,0.9836767,2,64,0.007030552,1.008597,2,85,0.009027215,0.9210717,2,105,0.02091121,0.92558765,2,125,0.0,0.9557358,2,145,0.047285218,0.88157445,2,165,0.0,0.95715356,2,200
81,0.0058736634,1.0369588,2,29,0.012999939,1.0451895,2,49,0.0011033147,1.0366284,2,71,0.044109516,0.90960526,2,96,0.014778989,0.91074765,2,116,0.0015662825,0.92875063,3,136,0.03667098,0.9123218,2,157,0.01546259,0.8404764,2,177,0.01637398,0.9260557,2,200
82,0.013681812,0.8741383,2,28
83,0.0024667731,1.0287912,2,31,0.0,1.040839,2,51,0.0018368431,1.0259445,2,73,0.012205404,0.96330416,2,102,0.0085342955,0.9348396,2,125,0.0,0.78018385,2,145,0.0,0.8481987,2,165,0.0,0.83626974,2,195
84,0.001481705,1.0046011,2,21,0.009177597,0.9769387,2,41,0.020415053,0.9478897,2,61,0.0015533034,0.98777527,2,82,0.027431307,0.9668436,2,118
85,0.010242103,0.88809764,2,21,0.05662756,0.8223504,2,41,0.007705225,0.98826855,2,61,0.0050817253,0.9315451,2,81,0.012843499,0.90574497,2,113
86,0.010047994,0.923388,2,32
87,0.0014552067,0.9701995,2,29
88,0.016981173,0.9921077,2,21,0.005195882,0.831487,2,42,0.0336474,0.88669664,2,62,0.003343213,0.95781505,2,82,0.024460386,0.86934775,0,102,0.08411957,0.83232784,0,122,0.022346543,0.8384311,2,143,0.002516583,0.7571832,2,163,0.011809726,0.77034414,2,200
89,0.009836074,1.0410279,2,22,0.0,0.99412024,2,47,0.0051642656,0.94504136,2,68,0.0,0.9106728,2,88,0.015953919,0.90157217,2,123
90,0.022052344,0.8245858,2,20,0.018524466,0.8917969,3,40,0.010526759,0.8713501,2,60,0.020726835,0.8019244,2,80,0.0,0.8177775,2,101,0.050670076,0.88293326,2,121,0.008095851,0.7807541,2,141,0.003567025,0.9007195,2,164,0.010285394,0.7668246,2,200
91,0.011548429,0.95336986,2,21,0.0074463645,0.99062264,2,41,0.0,0.948263,2,66,0.013298447,0.7118535,0,86,0.05221209,0.7102188,2,106,0.026411366,0.61476773,2,127,0.10819761,0.65720475,2,147,0.05362439,0.68035483,2,167,0.07292752,0.6570285,2,200
92,0.012870207,0.9727479,2,20,0.0054402873,0.90011585,2,40,0.009299516,0.83461237,2,60,0.027640188,0.9684868,2,80,0.018211547,0.791772,2,101,0.0078000524,0.9451178,2,121,0.010690372,0.9340057,2,143,0.02964588,0.96142125,2,164,0.0055499435,0.88990426,2,200
93,0.012798022,0.95118016,2,21,0.010972842,0.97006905,2,41,0.03836023,1.0111872,2,62,0.009879421,0.93495965,0,84,0.0,0.63846767,1,107,0.011442737,0.76384306,2,131,0.0,0.80148715,2,153,0.0,0.8396924,2,173,0.0033136408,0.79072815,2,200
94,0.0,0.8637431,2,20,0.012320528,0.8714836,2,40,0.05947987,0.8229656,2,60,0.0,0.6389295,2,80,0.0076885447,0.7944101,1,100,0.006704486,0.6157857,1,120,0.004839023,0.7601084,2,140,0.034912415,0.69638884,2,160,0.0033377302,0.43170524,0,181
95,0.00334746,1.0266367,2,22
96,0.0065850043,1.0384347,2,20,0.013290059,1.006429,0,41,0.06549029,0.9619833,2,61,0.021629686,0.99016035,2,82,0.013289646,0.9764849,2,104,0.02423629,0.884191,2,125,0.05135736,0.8764542,2,145,0.02254758,0.9566368,2,177
97,0.004535808,0.96328056,2,20,0.0087748505,0.98455465,2,40,0.010250686,0.9224056,2,60,0.014755634,1.0297475,0,82,0.009115277,1.0322329,2,102,0.009124845,1.0322286,2,122,0.0045745685,1.0798986,2,142,0.017177287,1.0243368,2,163,0.016587984,0.99512964,2,200
98,0.0016484623,0.9929095,2,21,0.011873985,0.9721608,2,41,0.0,1.0455958,2,61,0.00044645873,0.98157626,2,81,0.0031670514,0.87708473,2,102,0.015725244,0.9507602,2,122,0.02148039,0.9183728,2,143,0.03490157,0.9296589,2,167,0.0022504162,0.9075105,2,200
99,0.0032869175,1.0010761,2,20,0.0113983145,0.9914697,2,40,0.017073993,0.992324,2,61,0.0016463414,1.0387574,2,84,0.0,1.1395379,2,118,0.020017143,1.1334945,2,138,0.0066969558,1.02786,2,159,0.0,1.0348777,2,200
100,0.021774689,0.98471576,2,24
101,0.009861012,1.0537139,2,22,0.008320308,1.0399857,2,44
102,0.0070949416,1.0631577,2,30
103,5.869167e-05,1.0138322,2,20,0.0,1.0468504,2,40,0.018558517,1.067306,3,61,0.004823777,1.0798242,2,86
104,0.00036866945,1.0278323,2,20,0.004028221,1.1165576,2,40,0.0,1.1147358,2,60,0.0,1.0672653,2,81,0.010744769,1.0784785,2,101,0.0,1.1246526,2,122,0.0017577076,1.0741677,2,146,0.025600959,0.9437986,2,167,0.015986968,0.8917658,2,200
105,0.009098387,0.9725178,2,20,0.021932172,1.016742,2,41,0.007923673,0.91903895,2,62,0.006399793,0.9043907,2,82,0.010353981,0.83272415,2,103,0.015838126,0.9490487,2,123,0.0,0.95227087,2,143,0.027783174,0.8777458,2,163,0.02085517,0.9415772,2,200
106,0.0,0.9953556,2,22
107,0.011238652,0.9623907,2,24
108,0.0,0.994353,2,20,0.010565805,1.0120722,2,59
109,0.014936486,0.99060506,2,20,0.013931233,0.99691004,2,45,0.03769399,0.95074195,2,65,0.0,0.9602825,2,85,0.04542023,0.9633843,2,105,0.020870607,0.9379609,2,125,0.0,0.8972058,2,145,0.025787156,0.9355809,2,165,0.0,0.99222434,2,200
110,0.017963966,0.9576146,2,24,0.0044971774,0.9321833,2,45,0.0028215218,0.9129321,2,65,0.002249695,0.91080964,2,85,0.027918171,0.8421714,0,105,0.0048742145,0.83218396,2,125,0.033201113,0.8964648,2,146,0.0,0.9728565,2,166,0.05494826,0.86763394,2,200
111,0.0,0.9854572,2,22,0.031349428,0.97403735,2,42,0.010727382,0.9449673,2,69,0.0065578166,0.89900696,2,90,0.0,0.78884447,2,110,0.0,0.5401204,0,131,0.017713064,0.8386054,2,156,0.0,0.707805,2,176,0.0,0.58423746,2,200
112,0.0022302275,0.96339977,2,20,0.037514985,0.93462324,2,40,0.025753308,0.8719265,2,60,0.0,0.96677816,2,80,0.009831763,1.0120894,2,100,0.0,0.9557906,2,121,0.0,1.0245274,2,141,0.0,0.8342698,0,161,0.033698924,0.7385114,2,200
113,0.0,1.0608447,2,20,0.00018560041,1.0455023,2,55,0.0,1.0590215,2,94,0.0,1.0573374,0,127,0.0029796201,0.99419296,0,155,0.0019346096,1.044006,2,177,0.0077329795,1.0836891,0,200
114,0.0073539843,0.98358005,2,38
115,0.01017218,0.9790063,2,21,0.0022611532,1.0570364,2,43,0.0045780865,1.0232972,2,64,0.022762656,0.99498814,2,84,0.026469236,1.0144441,2,113,0.007599496,1.0462288,2,134,0.0047254264,0.92546713,2,160,0.024530068,0.8801258,2,200
116,0.010222099,0.8759621,2,20,0.0,0.8058176,2,40,0.0,0.7899811,2,61,0.0,0.5351503,2,81,0.0,0.4532988,0,101,0.0,0.27338418,0,126,0.0,0.34718984,0,147,0.0,0.30227587,1,169,0.0030028725,0.44385427,1,200
117,0.0069704205,1.0214659,2,23,0.0,1.0421815,2,43,0.0048778937,0.9683675,3,64,0.0,1.0949371,2,84,0.0021080882,0.9563511,2,106,0.0,1.0651648,2,126,0.00868164,0.92251956,2,156
118,0.009556033,0.8933196,2,20,0.0073747174,0.9019621,2,40,0.020602036,0.8943755,3,60,0.020806296,1.0319326,3,80,0.0065099434,1.0342456,3,101,0.0,0.9528195,3,121,0.0004034928,0.9833433,2,141,0.003601807,0.7270118,2,161,0.0015175448,0.68029565,2,200
119,0.0075747846,1.023034,2,22,0.00859105,0.94942397,2,42,0.009061859,0.90084124,2,62,0.005165018,0.93674886,2,83,0.022407362,0.91045296,2,109,0.00027802042,1.0108622,2,133,0.00053061085,1.0315236,2,160,0.0017012078,0.97278434,2,180,0.0,1.0069301,2,200
120,0.029882804,1.0066507,2,20,0.0069331555,0.9689394,2,40,0.0,0.93118936,2,60,0.012479879,0.94054043,2,80,0.0,0.7769349,2,100,0.0,0.75704646,2,122,5.3327352e-05,0.84379524,2,143,0.032377936,0.8834566,2,163,0.022173936,0.94608593,2,200
121,0.004132488,0.97879755,2,21,0.0061328495,0.98012793,2,41,0.006818395,0.9719636,2,65,0.0030279397,0.9191972,2,85,0.005472669,0.93591607,2,108,0.031187842,0.7995742,2,129,0.035076328,0.8126521,2,149,0.011733567,0.9228163,2,169,0.009571138,0.87709606,2,200
122,0.014579226,0.9291401,2,20,0.0022764225,0.89234716,3,40,0.0,1.000211,2,60,0.0049722246,0.89306813,2,80,0.0378352,0.88372916,2,103,0.008676177,0.78840137,2,127
123,0.00991334,0.89987934,2,20,0.021647938,0.99079806,2,43,0.007047521,0.9287541,2,75,0.023572974,0.95306987,2,99,0.013840759,0.9332239,3,120,0.017044092,0.9551951,2,140,0.023814524,0.8745664,3,163,0.019825052,0.96378285,2,200
124,0.017157976,0.96720445,2,20,0.011125619,1.0631921,2,41,0.008791631,1.0183873,2,61,0.0,1.0013058,2,81,0.035996728,0.9765253,2,101,0.023228746,0.9204024,2,121
125,0.033556454,0.9446335,2,24,0.009673379,0.86010313,2,44,0.011930451,0.90756875,2,64,0.0068218196,0.99122256,2,84,0.0010105314,1.0198998,2,106,0.0,0.95543444,2,126,0.008560542,0.97998554,2,153,0.0,0.9598336,2,173,0.03321224,0.78441185,2,200
126,0.00029852675,1.0388216,2,24,0.0,1.0599203,2,44
127,0.0,0.9798596,2,21,0.00021086578,1.0027058,2,51,0.014969629,1.0204359,2,71,0.0,1.0469402,2,91,0.004417284,1.0845078,3,112,0.0076286425,1.0351062,2,135,0.0036096268,0.9227012,2,156,0.012659405,0.93740773,2,177,0.00082358735,0.949209,2,200
128,0.0,1.0674841,2,20,0.0,1.0815834,2,51,0.0028449048,1.0640872,2,78
129,0.0,1.0528703,2,30
130,0.0036922134,1.0412891,2,33
131,0.034589164,0.9305437,2,20,0.038766958,0.8584708,2,40,0.0038550827,0.7515751,2,60,0.020091247,0.6555278,2,82,0.03478896,0.6798701,2,102,0.0,0.6356629,2,125,0.01995808,0.6845031,2,146,0.02701198,0.725465,2,167,0.054077856,0.6658297,2,200
132,0.0028480454,0.9939927,2,23,0.021595782,0.9638494,2,45,0.0066030044,1.0377318,2,79,0.00020519408,1.0782038,2,117,0.0,1.1010756,2,137,0.0,1.0710565,2,157,0.0020225202,1.0556417,2,200
133,0.0,1.0448425,2,21,0.0034280103,0.95618546,2,56
134,0.037518736,0.95800424,2,22,0.005413662,0.9054155,0,61
135,0.008839578,1.0047125,2,27,0.0119047975,0.9836317,2,49,0.0065043992,0.8949458,2,69,0.031437624,0.8775259,3,91,0.021437716,0.9295186,2,111,0.041360933,0.9884194,3,132,0.004408629,0.93422824,2,155,0.039674174,1.0337871,3,175,0.097972766,0.8925757,2,200
136,0.022141807,0.9926718,2,21,0.008270321,0.95339555,2,41,0.05734137,0.89041626,2,62,0.0096269855,0.95103675,2,82,0.025681565,0.84226274,2,103,0.0,0.8902267,0,124,0.0,0.79461616,2,144,0.004703986,0.7940417,2,164,0.022598911,0.8773568,2,200
137,0.00015706409,0.9741734,2,21,0.012114191,0.9095402,2,41,0.008779792,0.89467347,2,62,0.0061959215,0.9036201,3,82,0.035990246,0.889314,2,102,0.049238343,0.80715466,0,126,0.0,0.8601905,2,149,0.0,0.8856505,2,169,0.0055057695,0.6297036,2,200
138,0.002192468,1.0575005,2,34
139,0.0012063535,0.929843,2,21,0.013321055,0.8046335,2,41,0.009288371,0.93287945,2,63,0.049732592,0.8852958,2,85,0.031459212,0.87553316,2,113
140,0.008178057,0.93556356,2,28
141,0.023442036,0.89624345,2,20,0.0,0.9220296,2,40,0.017172465,0.87758404,2,72
142,0.008111641,0.95745504,2,20
143,0.002974273,0.9581457,2,24,0.0,1.0145562,2,44,0.008075454,0.9616157,2,64,0.007908009,0.86888134,2,85,0.0069569675,0.7692799,2,105,0.03452307,0.8470175,2,127,0.013967322,0.68933725,2,148,0.06678628,0.7744163,2,168,0.030355928,0.869357,2,200
144,0.036191177,1.0136026,2,21,0.014275064,0.9296799,2,56
145,0.0035647072,1.0359975,2,20,0.0,1.0473301,2,41,0.0,1.0833662,2,63,0.004997335,1.0430965,2,97
146,0.013084848,0.95804304,2,21,0.0059868814,0.9423112,2,43,0.00863975,0.91520214,2,63,0.017033072,0.96110183,2,84,0.0,0.9111654,2,104,0.05291424,0.84509534,0,124,0.002279449,0.93590945,2,148,0.0046451166,0.9184285,2,170,0.068089314,0.8984228,0,200
147,0.01002074,0.96948415,2,37
148,0.008532018,0.97389764,2,24,0.0005670784,1.0446221,0,48,0.0,1.1027501,0,71,0.00060313573,1.0955694,2,98,0.0009491565,1.117695,2,124
149,0.0,0.9861933,2,20,0.0,1.0038987,2,41
150,0.0,0.9647327,2,22,0.0,0.92920244,2,45,0.025171956,0.88087624,2,66,0.0251037,0.79162556,2,86,0.010579577,0.79406846,2,106,0.06252916,0.85124964,2,129
151,0.0028168727,1.0019156,2,21,0.011457267,0.9600336,2,45,0.0076142233,0.98773456,2,67,0.0,0.9345956,2,88,0.0025459686,1.023365,2,108,0.0,0.9675053,2,128,0.019867428,0.9481039,2,150,0.004577515,0.7960867,3,170,0.0004686789,0.8896076,2,200
152,0.011708951,0.8883897,2,20,0.009233206,0.96742034,2,42,0.008564168,0.9100056,2,65,0.00026094913,0.9131829,2,85,0.011832283,0.8290289,2,106,0.011559886,0.9240921,0,126,0.0,0.8044523,2,146,0.00332468,0.62537014,2,167,0.005819056,0.6766986,2,200
153,0.0020442284,1.0559069,2,24
154,0.0023989005,1.0900146,2,22,0.0019220748,1.0394962,2,45,0.0013098427,1.0637804,2,73
155,0.01552228,0.89081085,2,21,0.018284602,0.89190257,2,42,0.007326727,0.73157036,2,62,0.0,0.46478212,0,83,0.0,0.75686586,3,103,0.0,0.7260359,1,123,0.0,0.5766746,2,144,0.0,0.56715095,2,165,0.0,0.77034456,2,200
156,0.008097316,0.89468366,2,20,0.0007320042,0.88161105,2,41,0.011315827,0.8166077,2,68,0.0061342395,0.8687247,2,89
157,0.015155096,0.91928136,2,21,0.0075986166,0.8816055,2,42,0.018324329,0.89891726,2,73
158,0.0028765283,0.9772348,2,22,0.0010963937,0.9821682,2,50,0.014414003,0.9548268,2,89
159,0.005375921,0.8862111,2,20,0.01213746,1.0352846,2,53,0.0,1.122137,0,74,0.0019631495,1.027653,0,94,0.009838297,0.98013884,2,116,0.0025730568,1.0344148,2,136,0.00080509,1.0556102,2,159,0.0,1.0139383,2,200
160,0.005155507,0.9952244,2,22,0.002412092,0.8836085,2,42,0.012652336,0.92730886,2,62,0.0027125832,1.0241644,2,83,0.012691368,0.9862075,2,104,0.033335786,0.89995563,2,125,0.00343487,0.9818867,2,145,0.022819052,0.93154407,2,166,0.006233124,0.8014534,2,200
161,0.012403846,1.0171959,2,30
162,0.005016341,1.0145117,2,20,0.0,1.0848659,2,43,0.0002482689,1.1652155,2,63,0.0,1.1015295,3,84,0.0013194181,1.065436,2,105
163,0.021624308,0.95659864,2,20,0.0,0.96700394,2,40,0.009301851,0.9207715,2,61,0.011140389,1.0123112,2,81,0.024103463,0.9436311,2,102,0.023152271,0.91600573,3,122,0.0,0.9460758,3,143,0.0023074846,0.9031218,2,163,0.03520745,0.8592432,2,200
164,0.015485314,0.90189314,2,20,0.031056589,0.9405613,2,40,0.01835148,0.8701579,2,60,0.018204108,0.8702177,2,92
165,0.009073514,0.9774188,2,38
166,0.01508097,0.9371197,2,21,0.004117449,0.9221069,2,41,0.02389192,0.9723975,2,64,0.038408622,0.92532516,2,87,0.007940467,0.8780557,2,116,2.4325791e-05,0.954043,2,137,0.02256722,0.9239148,2,158,0.004316544,0.97114724,2,179,0.09918985,0.9581812,2,200
167,0.012803535,0.9324069,2,20,0.0031752966,0.86991394,2,40,0.0,0.8836131,2,61,0.003452207,0.8381048,2,85,0.0015994139,0.8436141,3,110
168,0.007543726,0.8804689,2,33
169,0.0045891623,1.0475531,2,30
170,0.06266433,0.8832799,2,20,0.0170863,0.91997147,2,44,0.0,0.90227765,2,64,0.0,0.80594856,0,84,0.0031436179,0.7440735,2,104,0.011144742,0.8546028,2,124,0.00013618411,0.6334073,2,145,0.0,0.68052614,2,165,0.006904666,0.9327086,2,200
171,0.0,1.0510371,2,20,0.0,0.97473156,2,40,0.010161018,0.9688596,2,66,0.015798012,0.8852036,3,87,0.0005789101,0.8819469,2,109,0.014553157,0.87287474,2,129,0.0052209054,0.8455263,2,150,0.0,0.8292005,2,172,0.019524623,0.73200935,0,200
172,0.0035185684,1.0568529,2,23,0.0013959045,1.0602888,2,54,0.011420833,1.0006769,2,75,0.015358138,0.97935474,2,95,0.0067029134,1.0140563,2,116
173,0.00010261335,1.047705,2,25
174,0.0,1.0290713,2,42,5.8886966e-05,1.0874861,2,72,0.0,1.0499662,2,99
175,0.0030310755,1.0019697,2,30
176,0.009279732,1.0211889,2,23,0.0,1.064024,2,46,0.02502283,1.0034733,2,66,0.009334412,1.0169528,2,97
177,0.0014602132,0.9848552,2,28,0.015998313,0.9488481,2,48,0.024886847,0.9284933,2,71,0.01596361,0.95976603,3,93,0.0110039385,1.0084715,2,114,0.014106214,0.92057264,2,134,0.027358556,0.903679,2,154,0.0012144794,1.0320227,2,175,0.04678667,0.90639395,2,200
178,0.026125813,0.9719828,2,20,0.033309136,0.951569,2,44,0.02364374,0.93637186,2,110,0.028163161,0.99251544,2,146
179,0.029905643,0.92109424,2,21,0.021716427,0.8684212,0,41,0.009138966,0.6768339,2,63,0.0,0.34097067,0,83,0.0015400599,0.40737692,2,103,0.019954637,0.41376558,0,123,0.0064351778,0.42512563,2,151,0.4484958,0.21977293,2,171,0.03628531,0.3604914,2,200
180,0.0022207312,0.9575466,2,20,0.030414974,0.952103,2,42,0.032388736,1.0040805,2,62,0.024653297,1.0111492,2,82,0.0062345937,1.0714811,3,104,0.005013919,0.97842544,2,128,0.03366806,0.9920087,2,148,0.027115146,0.9887311,2,168,0.0,0.88016057,2,200
181,0.007911288,0.9553257,2,22,0.053044897,0.8324197,2,48,0.0,0.87387544,2,68,0.012116855,0.7773039,0,88,0.014646349,0.7547328,3,108,0.010622675,0.6535629,0,128,0.010221467,0.5776473,0,149,0.0020557025,0.69210494,0,174,0.0,0.5225578,0,197
182,0.0,0.91540843,2,20,0.017205633,0.649276,2,40,0.0,0.55404,2,60,0.058588296,0.4020032,2,81,0.01220728,0.410057,2,102,0.0016856987,0.56835943,2,122,0.057841063,0.41004682,2,142,0.011815506,0.6018194,2,164,0.13350624,0.5506925,2,200
183,0.008926433,0.9977354,2,20,0.0015548903,0.89544255,2,48,0.0034100804,0.8831428,2,69,0.04744142,0.9595014,2,105
184,0.010762871,1.004539,2,21,0.011825188,1.0380279,2,47,0.0,1.0700119,0,70,0.0047334963,1.0206052,2,98
185,0.00439356,1.0173004,2,20,0.034867495,0.997263,2,42,0.0053290473,0.94359595,2,73,0.008369417,0.9480475,2,93,0.006194054,0.8945323,2,113,0.0053276583,0.9543527,2,133,0.0012895389,0.87207055,2,156,0.0067571755,0.9291063,2,177,0.0128564965,0.98191434,2,200
186,0.017033774,0.93323743,2,20,0.014480039,0.9738516,2,50
187,0.0074841008,1.0316101,2,24,0.000101381724,0.99560225,2,44,0.018995715,0.91626865,2,65,0.0072736247,0.97669685,2,85,0.007840285,0.87376434,0,105,0.010894967,0.95621413,2,125,0.01760338,0.86329496,2,147,0.0007540043,0.83558786,2,176,0.060628027,0.8394851,2,200
188,0.006660148,0.87634045,2,23,0.037677944,0.81529796,2,43,0.026016617,0.9206033,2,63,0.0296436,0.860676,0,83,0.0,0.7067359,2,103,0.0,0.74994516,2,123,0.0,0.6106236,1,145,0.0,0.55028427,2,166,3.8629893e-05,0.7227025,2,200
189,0.008731633,0.9333002,2,20,0.0,0.9270819,2,40,0.016179314,0.91925824,2,60,0.040940642,0.83079594,2,81,0.0,0.89967585,2,101,0.0070075067,0.83580613,2,123,0.0,0.80638087,0,145,0.0,0.87827176,0,165,0.0071649305,0.7020261,0,200
190,0.01565945,0.9486183,2,20,0.010500108,0.9279035,2,50,0.011291566,0.953915,2,72,0.020839226,0.89517903,3,94,0.0,0.86350214,0,114,0.00139364,0.57760847,0,134,0.01847339,0.91373664,2,154,0.024701267,0.8047427,0,174,0.012947807,0.8710525,2,200
191,0.01207658,0.9973716,2,23,0.0,0.9671055,2,43,0.0,0.8909686,2,64,0.005199891,0.9021101,2,84,0.016735617,0.9140421,2,104,0.026634242,0.8621129,2,125,0.0038591332,0.8170552,2,145,0.001231469,0.86101186,2,165,0.0059382836,0.9456202,2,200
192,0.0,1.0408815,2,31,0.0,1.0491632,2,51,0.00040465762,1.0076059,2,72,0.0013611923,1.0698092,2,99
193,0.0,1.0491761,2,22,0.0,1.0347534,2,42,0.0,1.0454684,2,66,0.0021323212,1.0452085,2,94
194,0.024964858,0.9270459,2,30,0.009815764,0.97600985,2,50,0.002546747,0.9262072,2,70,0.009516713,0.82878846,2,90,0.0,0.87829036,2,110,0.006730373,0.9226651,2,135,0.13520823,0.81219196,2,157,0.020109026,0.9721645,2,191
195,0.025548255,0.9969509,2,24,0.0023006042,0.91275597,2,44,0.016685663,0.99817187,2,66,0.0060681333,0.89890254,2,89,0.020829584,0.965844,2,109,0.006218878,1.0269635,2,129,0.0010846457,1.0720416,2,151,0.0030296291,1.0269037,3,171,0.005578468,1.0194273,2,200
196,0.0,1.0161269,2,20,0.0015174017,1.0122311,2,47,0.0017004277,1.0406803,3,67,0.0,1.0045532,2,87
197,0.007728039,0.9519008,2,20,0.018283341,0.94216937,3,40,0.07284744,0.77249235,0,60,0.011197787,0.9190854,2,80,0.014320819,0.7976293,2,106,0.021859353,0.8042367,0,126,0.03085581,0.8603355,2,146,0.0,0.7418792,2,168,0.05529384,0.7509513,2,200
198,0.001208793,0.990162,2,29,0.023731617,0.9518014,2,50,0.01470502,0.9615824,2,73,0.029626409,0.9677356,2,93,0.018189436,0.956104,2,113,0.016584922,1.0023056,2,138,0.0,1.0466087,2,160,0.0,1.1194215,2,180,0.0017798124,1.1533957,2,200
199,0.022999,0.93075097,2,20,0.025865933,0.91806203,2,40,0.0075085834,0.8293069,2,60,0.042719755,0.90161496,2,98
200,0.0054930844,0.8671818,2,27,0.0,0.8189052,2,48,0.0019289594,0.69628936,2,78
201,0.014518873,0.9097216,2,25
202,0.0026610196,1.0181887,2,20,0.006511786,1.0070348,2,40,0.0051264795,1.0423188,2,62,0.0038758507,1.0220839,2,89,0.0,1.0976019,2,113,0.0,1.0531372,2,139,0.0026279981,1.0320837,2,161,0.0045522056,1.071913,2,200
203,0.02022554,0.95141494,2,21,0.017545694,0.9526641,2,42,0.0,0.981265,2,63,0.0,0.96513957,2,83,0.010781134,0.95467454,2,103,0.0037307476,1.042072,0,124,0.021833524,0.957403,2,145,0.008373059,0.883987,0,167,0.0,0.9191078,2,200
