0,0.0,1.0909382,3,20,0.0015110568,1.0388746,2,61,0.0,1.0304163,2,95,0.0,1.0669259,2,130,0.0,1.0420796,2,155
1,0.00044561978,1.0092185,2,20,0.0,0.95001113,2,41,0.027549436,0.8983315,2,61,0.025087088,0.9473424,2,81,0.037100513,0.9223755,2,104,0.0002624158,0.948305,2,124,0.016088821,0.91181695,2,146,0.0075807082,1.0359585,2,171,0.00013176397,1.1061628,2,200
2,0.00059936824,1.0503662,0,20,0.015103908,1.1031791,2,41,0.0,1.1197023,2,69,0.0064901533,1.0109603,3,89,0.0,0.97009486,2,110,0.00073461403,0.9904383,2,138,0.0,1.1034197,2,159,0.0025604751,1.0641592,2,200
3,0.03934448,0.9080803,2,22,0.011107408,0.8834394,2,45,0.017994072,0.86409795,2,66,0.009263899,1.0727938,2,91,0.0,0.99460423,2,111,0.0051782755,0.8466142,2,131,0.0022819003,0.79863536,2,152,0.0,0.76069075,2,172,0.031483095,0.564443,2,200
4,0.009644835,0.9728038,2,33
5,0.0021681986,0.9412386,2,20,0.0,0.8304852,2,40,0.0,0.6471978,2,60,0.0,0.657966,0,80,0.0,0.6259633,0,104,0.012015949,0.63962215,2,131
6,0.0,1.0107219,2,22,0.021539593,0.98905265,2,42,0.02424815,0.9492134,0,63,0.017547289,0.93656677,2,85,0.00356063,1.0241534,2,108,0.008046543,0.9529683,2,128,0.014594376,0.9555053,2,159,0.014136861,0.9658596,2,200
7,0.015098333,0.906211,2,21,0.010647234,0.91329706,2,41,0.0030088006,1.0334226,2,62,0.009190412,1.0644307,2,91
8,0.0043863165,1.0253515,2,20,0.007190452,0.98089087,2,49
9,0.006346551,0.9841198,2,21,0.00061231013,1.0293764,2,58,0.0016241613,1.0778385,2,86,0.0,1.0664139,0,108,0.0,1.0667686,0,128,0.014850179,0.96320474,2,148,0.013915189,0.90044534,2,171,0.010898514,0.9061894,2,200
10,0.029361458,0.9182576,2,21,0.008194993,0.96504134,2,41,0.005821263,0.9879812,2,61,0.01862723,0.8842069,0,81,0.0,0.9438795,2,101,0.0,1.0504879,2,122,0.0,0.96438664,0,142,0.054306846,0.61010885,2,167
11,0.013806504,0.9353968,2,20,0.018933848,0.8143671,2,41,0.026654845,0.5729989,1,61,0.118204966,0.32634774,1,81,0.015431182,0.38102806,2,101,0.08319063,0.3236315,0,121,0.016202446,0.52153873,2,141,0.068065986,0.5903955,0,161,0.043878824,0.61448413,2,200
12,0.008409778,0.9535925,3,22,0.018584229,0.8280986,0,42,0.0,0.5215118,0,62,0.0,0.4724521,2,82,0.0,0.71589863,0,102,0.00885447,0.70835674,0,122,0.031758092,0.6559665,0,142,0.0,1.012542,0,162,0.031091584,0.5781546,0,200
13,0.0,0.99099666,2,20,0.026821727,0.93013114,2,40,0.0,0.9757867,2,61,0.0,0.99577475,2,82,0.011779812,0.87921464,2,104,0.0012433777,0.89247864,2,125,0.042022303,0.7904155,2,145,0.033426866,0.71582323,2,167,0.075650506,0.72284085,2,200
14,0.03175947,0.94700533,2,21,0.0,0.8711884,2,42,0.0078086476,0.8864798,2,64,0.0,0.9918235,2,84,0.0,0.9448744,2,104,0.010805962,0.77165395,0,124,0.0,0.8797469,2,144,0.04100073,0.7223994,2,164,0.013199989,0.8143685,2,200
15,0.008685565,0.9290922,2,20,0.0161446,0.9359895,2,40,0.023797985,0.9549315,2,67
16,0.0092852255,0.9658867,2,20,0.024395384,1.0273283,2,41,0.0140470145,0.846043,2,61,0.021379912,0.9368257,2,86
17,0.003241723,0.9805459,2,20,0.0,0.9811851,2,40,0.023391074,0.8970621,2,60,0.014528432,0.8973625,2,81,0.011227464,0.93712413,2,101,0.019903114,0.8449282,2,122,0.01576026,0.9228123,2,145,0.023803933,0.9751339,2,167,0.015463777,0.93363804,2,200
18,0.0,1.0386454,2,26,0.0012707352,1.0437013,0,49
19,0.014909302,0.9984299,2,21,0.005699858,0.9759781,2,41,0.018900368,0.96669084,2,66,0.005137566,0.9386423,2,88,0.016805148,0.96747535,2,109,0.017160436,0.96846294,2,129,0.0,1.025582,2,149,0.011063427,0.99304354,2,169,0.018513348,1.0231376,2,200
20,0.0041425726,0.9944274,2,20,0.0,1.0936468,2,41,0.0,1.1237252,2,62,0.0019000019,1.1447988,2,84,0.0,1.052469,0,106
21,0.0049929908,1.0522468,2,29
22,0.011101055,1.0032753,3,20,0.0030009889,1.0295918,2,40,0.009632382,1.0344398,3,62,0.016156156,0.9739666,2,82,0.0,0.95747274,2,103,0.015050995,0.983044,0,123,0.0053552655,0.9975936,2,143,0.021026393,0.97280145,2,167,0.000932699,0.9994701,2,200
23,0.038372904,0.9327044,2,21,0.0,0.891958,2,43,0.0,0.738608,2,63,0.0047735376,0.8362309,2,83,0.0,0.872126,2,104,0.0,0.8075071,2,126,0.0,0.80102694,2,146,0.0046276255,0.7914118,2,166,0.0,0.5439167,2,200
24,0.01151047,1.0144801,2,34,0.0075088115,1.0055023,2,54,0.0,0.9816405,2,77,0.014705535,0.9489217,2,101,0.034192283,0.9351982,0,122,0.051924363,0.89968616,2,145,0.016897326,0.9370469,2,171,0.0038996218,0.9426124,2,200
25,0.038900696,0.8023118,2,20,0.0,0.556994,1,42,0.0,0.5359322,2,63,0.0,0.4764491,2,83,0.0,0.23832051,1,103,0.0,0.51930916,1,130
26,0.0065824403,0.98360866,2,23,0.011665898,0.9321694,0,50
27,0.01723464,0.886125,2,21,0.014692942,0.80595464,2,41,0.0,0.7174888,1,61,0.0,0.45395365,1,81,0.03881398,0.62491214,2,101,0.0,0.4888671,2,123,0.008821514,0.69848347,2,143,0.0,0.7034674,2,166,0.0025044123,0.6864148,1,200
28,0.0031799881,0.96559376,2,23,0.025991287,0.96939576,2,49,0.0,0.9874536,2,69,0.016157268,0.9947421,3,89,0.0,0.9694961,2,109,0.021355832,1.0530353,2,129,0.0073511624,1.055707,2,149,0.0,1.0555857,2,170,0.0,1.0139791,2,200
29,0.0007258391,0.98951626,2,22,0.010041538,0.96437234,2,43,0.008965081,0.9312708,2,74
30,0.024585592,0.99053955,2,29,0.0029018787,1.0439155,2,49,0.0053021647,1.0453638,2,70
31,0.0035927189,1.038529,2,20,0.0,1.0157485,2,43,0.0,0.98485374,2,64,0.0,1.0135221,2,84,0.0,1.0715253,2,116
32,0.019237397,1.0241127,2,24,0.015533292,1.0314745,2,54
33,0.01002396,0.9981067,2,29
34,0.008821474,1.0041094,2,28
35,0.00052993355,1.0637037,2,49
36,0.0,1.0622989,2,24,0.00026388583,1.0020343,2,61
37,0.003415948,0.99997634,2,23,0.003959159,1.0153728,2,46,0.009933461,1.0075821,2,68,0.027704028,1.0230856,0,89,0.0073390617,1.060874,0,111
38,0.033571225,1.0622222,2,21,0.012549749,1.0266668,2,43,0.016983587,0.9874284,2,77
39,0.011204128,0.96860415,2,21,0.0,0.842178,2,41,0.0,0.8781766,2,62,0.0,0.9357023,2,82,0.010361985,0.91212136,2,103,0.0,1.1423818,0,126,0.026797561,0.93125015,2,147,0.024562329,0.9028018,0,167,0.01900629,0.7397656,2,200
40,0.001378285,0.98053443,2,36,0.0,1.0034251,2,56,0.0,1.0371597,2,81,0.0,0.96229327,2,103,0.0,1.0481685,2,128,0.009758384,0.9781771,2,169,0.021857284,0.93742174,2,200
41,0.0,0.9855417,2,22,0.0040106983,0.9841037,2,51,0.0006889182,1.0207652,2,90,0.0007157346,1.0049722,2,111,0.0055211307,0.93155307,2,134,0.007677908,0.9141386,2,173
42,0.0,0.951968,2,20,0.0067245676,0.9089943,2,40,0.0,0.95579374,2,60,0.0,1.0003865,2,80,0.0,0.8909327,0,100,0.0,0.89488745,2,120,0.0,0.984251,2,141,0.0981501,0.71792156,2,162,0.05391605,0.7731448,2,200
43,0.00047932268,1.0854425,2,20,0.0,1.0521861,2,41,0.0021751493,1.0476928,2,61,0.003964007,1.037144,2,82,0.0047351173,1.02804,2,108,0.0027123312,1.0608475,0,128,0.0028011824,1.0168246,0,151,0.021613676,0.992726,2,171,0.008606875,1.0064001,2,200
44,0.0033989658,0.9279429,2,22,0.014471129,0.95658463,2,58,0.030707736,0.92953336,2,78,0.006116279,0.9893158,2,100,0.0011525046,1.0025741,2,120,0.0,1.0255425,2,140,0.001176374,1.0119654,2,160,0.004752418,1.0565364,2,200
45,0.0027973233,0.98268044,2,21,0.0017618097,1.0120361,2,41,0.012223016,1.0013049,2,62,0.010959443,0.9264539,2,82,0.01381213,0.89331925,2,102,0.008802741,0.7890735,2,125,0.036392745,0.5448948,2,145,0.0437073,0.49434662,2,168,0.06793273,0.512895,2,200
46,0.0051114843,1.0082673,2,20,0.023057899,0.9817988,2,44,0.005107656,0.99550694,2,64,0.0212282,0.9954363,2,89,0.012743114,1.0442358,2,116,0.0031933307,0.98685914,2,161
47,0.00079223095,0.9875563,2,24,0.0,0.98596257,2,63,0.0009740861,1.0174782,2,83,0.0,0.9677249,2,103,0.0,0.9300779,2,126,0.0022738974,0.95130175,2,147,0.009852571,0.9480959,2,167,0.029375166,1.0026072,2,200
48,0.0020192955,1.0015675,2,20,0.017011818,0.9448312,2,43,0.0567904,0.9240891,2,72,0.021495333,0.9931695,2,93,0.04355902,0.94614667,0,114,0.031462695,0.98196435,3,137,0.073291026,0.89548934,2,157,0.019617042,0.84251106,2,177,0.027058793,0.9320231,2,200
49,0.0,1.0117878,2,23
50,0.0,0.95196027,2,21,0.0,1.013723,2,43
51,0.0015416692,0.9537061,2,20,0.0,0.91970444,2,40,0.00644954,0.89828944,2,62,0.02565031,0.8374741,2,84,0.009631775,0.71447575,2,104,0.013261321,0.8255622,2,124,0.010065105,0.8447031,2,144,0.0137186255,0.73746556,2,164,0.009374593,0.72362834,2,200
52,0.007441003,0.8905411,2,21,0.035944894,0.9428071,2,41,0.008417769,0.99952424,2,62,0.0034517564,0.7760761,2,82,0.08233613,0.6574889,2,111
53,0.0041622105,0.9749305,2,21,0.0,1.058489,2,42,0.004996516,1.0190822,2,64,0.011852488,1.0315243,2,84,0.019864317,0.9674536,2,110,0.0012924329,0.86237526,2,133,0.0,0.9338354,2,156,0.00053234777,0.9742933,2,200
54,0.010566685,0.9887478,2,20
55,0.001031111,1.0290053,2,20,0.021160364,0.9332266,2,40,0.008258606,0.9425416,2,63,0.0023243327,0.96933556,2,99
56,0.010224944,0.9504066,2,22,0.009800732,0.9516667,0,42,0.020035272,0.8902659,2,63,0.013943391,0.8451023,2,83,0.011991343,0.8967965,2,107,0.012655939,0.93816483,2,127,0.046269152,0.8801606,2,147,0.02270579,0.79815024,2,167,0.00921194,0.8600357,2,200
57,0.0019467283,0.99607706,2,20,0.008007503,0.871034,2,40,0.004467711,0.965027,2,60,0.012709856,0.9114872,2,83,0.0076913116,0.88395226,2,103,0.0,0.88936937,0,123,0.022680437,0.9129156,2,143,0.0,0.8745538,2,163,0.0054418338,0.9337363,2,200
58,0.0,1.0412868,2,20
59,0.023533767,0.95130354,2,22,0.032373194,0.91252273,2,58
60,6.841212e-05,1.0114267,2,21,0.011315228,1.0846467,2,61
61,0.0,0.9698873,2,26
62,0.0022782458,1.0145454,2,28,0.0,1.0003263,2,50,0.010836469,0.9920599,2,71,0.006888224,1.0736619,2,102,0.0,1.079912,2,127,0.0,1.0850872,2,147,0.0011297029,0.99195623,2,172,0.017598862,1.0513679,2,200
63,0.0024440195,1.0147209,2,20,0.0054031434,0.9021205,2,41,0.0068665342,0.9238448,2,61,0.026739895,1.0348293,2,81,0.012393599,1.0448697,2,101,0.001295822,0.93165344,2,123,0.0,0.9684044,2,143,0.0025024354,0.991649,2,163,0.020401534,0.8704009,2,200
64,0.020989094,0.90899837,2,20,0.030251423,0.8973478,2,40,0.0,0.798097,2,60,0.004807984,0.8513978,2,80,0.00065661885,0.8339163,2,100,0.0,0.8448434,2,120,0.02883839,0.83606195,2,140,0.023330428,0.8269067,2,160,0.0,0.7453765,0,180,0.016941268,0.8496973,0,200
65,0.0025270109,0.9210844,2,20,0.0,1.0454406,2,50,0.0010599373,1.0230011,2,70,0.0,1.0807691,2,92,0.022452587,0.8817262,2,115,0.0,0.8809355,2,139,0.030790618,0.9275778,0,159,0.0050275596,0.7878337,3,179,0.0,0.8231002,2,200
66,0.0033186085,1.0223525,2,22,0.01756585,1.0167242,2,43,0.0062628794,0.9836704,2,68,0.0101097915,0.9437824,2,91,0.010402684,0.9083659,2,111,0.035260607,0.9151693,2,132,0.00024597804,0.89706266,2,152,0.008111593,0.83642715,0,173,0.04116282,0.8623671,2,200
67,0.021864047,1.0008491,2,37
68,0.016547272,0.93660754,2,20,0.01564385,0.7557703,2,42,0.0007585957,0.7679877,2,70,0.0,0.9812864,2,95,0.015997568,0.9321614,2,126
69,0.009048617,0.9537824,2,21,0.0020888092,0.9233334,2,43
70,0.021741487,0.98260456,2,22,0.012908977,0.9698616,2,42,0.003651963,1.0515411,2,63,0.0013899191,0.9598937,2,84,0.0,0.96445745,2,106,0.0117889885,1.0206974,2,129,0.0018504659,0.90020096,3,149,0.0,1.0232626,2,174,0.036947522,0.8560232,0,200
71,0.022201724,0.9922435,2,27
72,0.020236436,1.0070407,2,20,0.015462743,0.9410063,2,40,0.037087727,0.9242356,2,78
73,0.00883399,0.99169236,2,24,0.006914054,0.99929553,2,44,0.005849603,1.0168176,2,81
74,0.00094364246,1.0572485,2,21,0.0101089645,1.0707883,2,50
75,0.0022294591,0.9629551,2,20,0.0,0.88883656,2,40,0.0,0.9009479,2,60,0.0,0.6994138,2,80,0.04130164,0.75838375,3,101,0.0,0.76827466,2,122,0.010717524,0.898715,3,142,0.043374877,0.78919685,2,162,0.0,0.8095857,2,200
76,0.026432186,1.0039679,2,20,0.0,0.9911019,0,48,0.005189145,1.0479515,0,78
77,0.0,1.0097814,2,23,0.0,1.0081273,2,44,0.0,1.0632445,2,102
78,0.025683695,0.91440773,2,22,0.01788941,0.8325127,0,42,0.024579223,0.6884642,2,63,0.010203791,0.5599708,2,85,0.05431971,0.5301185,2,105,0.0,0.64015675,2,125,0.0,0.61711544,0,147,0.0,0.9341632,2,168,0.008673856,0.7773006,1,200
79,0.026987916,0.98510444,2,20,0.040606037,0.96767265,2,40,0.012952563,0.99733514,3,61,0.019180942,0.8942912,0,82,0.00081742683,0.7967323,2,102,0.011934702,0.67693377,2,126,0.0033872337,0.55136526,2,146,0.007892462,0.5809951,2,172,0.03475825,0.78782123,2,200
80,0.0,0.96096456,2,20,0.0035962327,0.9107016,2,41,0.0,0.9399424,2,79
81,0.0,1.0500467,2,39,0.0,1.048725,2,59,0.0,1.1016088,2,80,0.0,1.0429089,2,109
82,0.017865034,0.9462985,2,21,0.017841976,0.875134,2,41,0.0211332,0.84488153,2,61,0.055756796,0.78538024,2,81,0.010462307,0.80532837,2,102,0.0010675859,0.9620935,2,122,0.00074356963,0.8888394,2,147,0.0,0.8802206,2,167,0.0051216837,0.86320585,2,200
83,0.0007523084,0.92333597,2,28,0.007438132,0.8141427,2,48,0.033999898,0.8543528,2,68,0.0016032739,0.815151,2,93,0.0,0.8321423,2,117,0.09104745,0.77585226,2,137,0.0,0.8533572,2,157,0.008045041,0.8045699,2,177,0.00889154,0.87310195,2,200
84,0.017178707,0.9886971,2,23,0.0,0.9454043,2,57
85,0.045285836,0.9621781,2,20,0.015070776,0.89234656,2,40,0.021700954,0.92286515,2,69
86,0.006868772,1.0418155,2,20,0.0,1.0806735,2,44,0.0,1.0031563,2,65,0.0,1.0287696,2,98,0.0,0.99881715,2,118,0.0,1.0261928,2,138,0.0018194744,1.0606937,2,158,0.0,0.98845476,2,180,0.0,0.9677787,2,200
87,0.010159603,0.9605092,2,20,0.033437923,0.8734425,2,40,0.011092675,0.8313002,2,67
88,0.0024148673,0.948337,2,32,0.0,1.1122961,2,55,0.005415925,1.077688,2,75,0.006437553,1.0857553,2,98
89,0.007599204,0.98046875,2,20,0.0,0.9937807,2,41,0.015291479,0.98336995,2,62,0.00762337,0.9135395,2,82,0.0032790815,0.93211174,2,147,0.0,0.90611213,2,175,0.0015304222,0.9983343,2,200
90,0.0,1.1083499,2,21,0.0,1.0285729,2,48,0.009578231,0.99531704,2,71,0.042153858,0.9062265,2,91,0.021793747,0.9286461,2,111,0.034682386,0.86551976,2,132,0.011101784,0.931345,3,152,0.043582723,0.85717726,2,173
91,0.014882775,0.9654674,2,26,0.0011886385,0.89391786,2,46,0.004967235,0.8148386,2,66,0.027750323,0.94747514,2,86,0.04273198,0.9245167,0,106,0.031847995,0.9184941,2,145,0.018212153,1.0273048,3,166,0.006284954,1.0333751,2,200
92,0.034281477,0.9278019,2,22,0.034757443,0.81169254,2,43,0.023795748,0.71925557,2,63,0.057072837,0.7449293,2,83,0.08371693,0.5397641,2,106,0.05473254,0.6658894,2,129,0.07120414,0.6099459,2,149,0.035458084,0.7942501,2,180
93,0.0021956156,1.0200125,2,22,0.0,1.0519615,2,43,0.0051007825,1.0499384,2,69,0.0,1.1166553,2,89,0.0,1.0765936,2,109,0.0,1.0344667,2,138,0.0,1.043383,2,158,0.021608574,0.91618204,2,178,0.018851323,0.98579276,2,200
94,0.017373897,0.9800845,2,21,0.00045033795,0.9256399,2,41,0.03184653,0.9069849,3,61,0.010365155,0.9985244,2,82,0.18007758,0.90471345,2,102,0.15489289,0.92878973,2,122,0.07670072,0.9193402,2,149,0.10514349,0.8446326,0,169,0.10839761,0.96018136,2,200
95,0.006571242,0.9684281,2,23,0.0051834914,0.9558218,2,51,0.009416036,0.95946294,2,71,0.0047923937,0.9078781,2,91,0.0031452111,0.9766247,2,112,0.00018351087,1.0365615,2,132,0.011719555,1.0148302,2,153,0.01375396,0.9258752,2,173,0.019322118,0.9814594,2,200
96,0.007546147,0.90499896,2,21,0.0,0.9036006,2,41,0.0,0.95747626,2,61,0.00071372796,0.94428724,0,87,0.0,0.8859971,2,108,0.0,0.9017552,0,128,0.007958682,0.7027184,0,148,0.0,0.8520387,0,168,0.003936672,0.7541969,2,200
97,0.0027015803,1.0171012,2,24,0.01744453,0.9998711,2,44,0.014901342,1.0127605,2,64,0.011350027,1.0047266,2,84,0.0,1.0296247,2,104,0.0018653203,0.9366005,2,124,0.03371731,0.9323395,2,144,0.021093348,0.8770094,2,164,0.0017454565,0.9616709,2,188
98,0.00085246714,1.0369123,2,20,0.0006420578,1.0030884,2,50,0.010898911,1.0202857,2,92,0.003209091,1.005507,2,112,0.014102014,1.0045366,2,133,0.0010119395,1.0493894,2,159,0.014540776,0.9945874,2,180,0.0014893333,0.9972679,2,200
99,0.01934963,0.98284465,2,26,0.0,1.07006,2,46,0.0,1.156017,2,66,0.0,1.1683205,2,88,0.00974558,1.092063,2,108,0.0052301656,0.94981456,2,129,0.011040551,0.98789454,2,149,0.003566517,0.97549856,2,170,0.020010974,0.9140308,2,200
100,0.004751782,0.9833196,2,20,0.009316428,0.9645313,2,40,0.033979695,0.85878336,2,61,0.0,0.96792537,3,81,0.0016336312,1.084841,2,102,0.0,0.9129593,2,124,0.022917397,0.81657636,2,147,0.018160462,0.840691,2,168,0.031551663,0.9151623,2,200
101,0.0056207418,0.9880611,2,25
102,0.019926557,1.0331006,2,20,0.0016063818,1.0483447,2,40,0.0042759445,1.0073669,2,60,0.0,0.9953292,2,81,0.016154898,1.0403459,3,102,0.0015722637,0.8713621,2,122,0.0034409123,0.8545844,2,142,0.0,0.7743698,2,162,0.0036698163,0.6872394,0,200
103,0.035616793,0.93617284,0,20,0.044085134,0.8312143,3,42,0.01606851,0.7836607,2,64
104,0.007849037,0.9335794,2,22,0.0,0.92238796,2,42,0.0046631154,0.8086021,0,63,0.0,0.8760697,2,83,0.003763816,0.91038096,2,104,0.012539829,0.8961099,0,124,0.0,0.8866994,3,144,0.0,0.8694701,3,164,0.008837431,0.7279342,2,200
105,0.008532682,1.0052996,2,20,0.0,1.0428191,2,42,0.0026389256,1.051835,2,81,0.007605143,1.0499876,2,121,0.0,0.97904366,2,145,0.005273715,0.9756671,2,170,0.008910227,1.0381258,2,200
106,0.0,1.0490752,2,20,0.0,1.0233362,2,41,0.0,0.98335284,2,61,0.0,1.0188584,2,85,0.00048245103,1.0298452,0,124
107,0.011840405,1.0158715,2,21,0.018188745,1.023985,2,41,0.0,1.0492373,2,62,0.009059574,1.0030122,2,98,0.0045186765,1.0419152,2,118,0.011286029,1.0594895,2,138,0.01584637,1.0030574,2,159,0.0,1.0421747,2,179,0.0056959307,1.0752313,2,200
108,0.0038694865,0.99331963,2,28
109,0.0076938523,0.95427287,2,20,0.0,0.92121017,2,40,0.015851753,0.89574736,2,65
110,0.006528704,0.97193944,2,20,0.00391617,0.950576,2,42
111,0.010271901,0.9657761,2,20,0.02351237,0.93791676,2,42,0.026889637,0.9884236,2,66,0.011061736,1.0208218,2,87,0.017747473,0.9914239,2,114,0.009583493,1.021728,2,136,0.0,0.9934597,2,157,0.0053462666,1.0071024,2,200
112,0.015065877,0.9097521,2,21
113,0.022693396,0.9678612,2,20,0.010085523,0.94299513,2,61
114,0.0,0.9973615,2,21,0.0,1.049366,2,43,0.0006387587,0.9780471,2,82
115,0.0128187295,0.9547242,2,20,0.0035897412,0.88498825,2,42,0.0049774875,0.8863201,0,63,0.013468379,0.82311964,0,83,0.0,0.7512731,0,105,0.091681845,0.279294,0,129
116,0.020105883,0.9581014,2,29
117,0.0219299,0.8646311,2,21,0.0,0.91528404,0,41,0.0040192283,0.7176228,2,62,0.046315495,0.88724995,0,82,0.015443206,0.8696767,2,102,0.00058309035,0.675828,2,122,0.030973699,0.70464337,2,143,0.0,0.81279963,2,163,0.0,0.71565366,2,200
118,0.013038622,1.0166214,2,23,0.0014868132,1.0333436,2,43,0.007529308,1.0400848,2,69,0.009603772,0.9953283,2,99,0.0,1.0645564,2,124,0.064519785,0.90720636,2,148,0.015211813,0.8851561,2,176,0.022743655,0.92740196,2,200
119,0.013925365,0.9418301,2,22,0.0,0.9455689,2,42,0.019069687,0.94521886,2,62,0.007675491,0.8867468,2,84,0.020110257,0.9178093,2,118
120,0.0071646282,0.95687056,2,20,0.0070999055,0.86243373,2,47,0.045071576,0.80569124,2,68,0.13229781,0.6385899,0,88,0.057706393,0.5144177,2,110,0.03048962,0.4952918,0,130,0.07375876,0.48097104,2,167
121,0.0034110502,1.0473329,2,20,0.017118003,0.985453,2,41,0.0146103315,1.0115899,2,63,0.006149511,0.93523395,2,92,0.006833367,1.0556861,0,112,0.0,0.7650219,0,135,0.0,0.94262016,2,155,0.006640359,0.89257985,0,175,0.0029934593,0.815541,0,200
122,0.006998978,0.9721721,2,27,0.0021182783,0.8564573,2,48,0.012298493,0.97647846,2,68,0.00052209076,0.9997373,2,89,0.004663182,1.0647402,2,109,0.008530235,0.97255546,2,139,0.00012580343,0.9729501,2,159,0.0030165536,1.0143938,3,179,0.0015128109,0.8538711,0,200
123,0.007247819,1.0593997,2,22,0.0038593109,0.9490146,2,50,0.017575368,0.9779819,2,70,0.011588744,0.9323627,2,91,0.0,0.98584723,2,122,0.00932771,0.9744356,2,143,0.032709762,1.001729,2,164,0.0104304785,1.0682338,2,200
124,0.0,0.96280634,2,20,0.01829298,0.9893506,2,48,0.0014090141,1.060127,2,69,0.0,1.0207788,2,101,0.027713362,0.913116,2,121,0.00037460905,0.8872396,2,141,0.028146913,0.65976876,2,181
125,0.02716292,0.9153633,2,20,0.059267946,0.8476746,2,41,0.008385984,0.93429196,2,62,0.0050577023,0.88545656,2,85,0.008795488,0.8837875,2,107,0.0057100505,0.94610846,2,127,0.0,0.8895812,2,147,0.0060426234,0.9209113,2,167,0.042406894,0.9057635,2,200
126,0.012106331,1.023199,2,30,0.0028218788,1.0843638,2,51,0.0024880012,1.0245551,2,73,0.005362695,1.0350327,2,97,0.0005455445,1.0516233,2,120,0.0,1.0506841,2,140,0.003026641,0.9923542,2,162,0.007410948,0.9960547,2,200
127,0.01755543,0.8613194,0,20,0.024136707,0.9595302,2,40,0.022438474,0.88124347,2,67
128,0.0,1.0421592,2,23,0.0,1.0764846,2,43,0.0014986397,1.0568871,2,67,0.002434218,0.99239177,2,87,0.022390483,0.9611755,2,117
129,0.0019878151,1.0077993,2,28
130,0.005930993,0.92825043,2,20,0.008930758,1.0407516,2,40,0.0,0.8744766,0,60,0.0,0.87153786,2,81,0.005510805,0.9300776,0,102,0.0,1.0146747,0,123,0.0022318477,1.0711168,2,145
131,0.0,1.0078797,2,21,0.019028187,0.9187991,3,42,0.0,0.92601186,2,62,0.04158386,0.9602798,2,82,0.0035557323,0.9031824,2,102,0.0,0.8284874,2,122,0.067905866,0.90183955,2,143,0.0076059867,0.9450249,2,165,0.041597944,0.8698349,2,200
132,0.014625209,0.85682124,2,20,0.025382647,0.844028,2,41,0.0018224173,0.91054124,2,61,0.026640894,0.92435384,2,85,0.018212238,0.9049535,2,105,0.0023950997,0.9359164,2,125,0.0,0.9805889,2,146,0.0066214334,0.9817693,2,169,0.009005485,1.0127139,2,200
133,0.009777085,1.0347683,2,22,0.014011592,1.0095305,2,42,0.0005301836,1.0748973,2,67,0.0033630133,1.0968285,2,90,0.0148741575,0.9201516,2,111,0.017100161,0.8411063,2,132,0.0027965978,0.8585264,0,153,0.08741799,0.88788617,2,173,0.0067180847,0.81825674,0,200
134,0.0071027745,0.92399347,2,23,0.0,0.84533226,2,44,0.02536844,0.7294217,2,64,0.004303602,0.7919135,2,84,0.0,0.8185113,0,104,0.0,0.8546279,2,124,0.0,0.77727205,0,146,0.0,0.62723964,0,166,0.03653985,0.5784368,0,192
135,0.0,1.0139512,2,20,0.0,1.0234326,2,42,0.008260157,1.0309807,2,62,0.0,1.0776346,2,82,0.0051805684,1.0404572,2,104,0.0,1.0225899,2,124,0.025969481,0.90458524,2,146,0.018966073,1.0210323,2,166,0.010031765,1.0254006,2,192
136,0.0037861746,1.0356342,2,31
137,0.005572227,0.9479569,2,32,0.023754288,0.93369484,2,58,0.00087739556,0.9301653,2,82,0.009054927,0.9562461,2,102,0.014542739,0.99223495,2,139
138,0.0034195979,0.9509362,2,20,0.0059379283,0.91538334,2,42,0.0011726593,0.9625636,2,65,0.012080146,1.0420797,2,85,0.0066302046,0.9075817,2,107,0.004944912,0.9760939,2,127,0.005028452,0.99374944,2,147,0.007221601,0.8095266,2,167
139,0.0023445839,0.9405796,2,20,0.0063252593,1.0038974,2,51
140,0.00359387,0.9567876,2,20,0.0017885376,1.0161735,2,51
141,0.0,0.981084,2,20,0.043651126,0.96609974,2,40,0.01069692,0.90580976,2,60,0.010949208,0.97575724,2,83,0.0031264294,0.97950715,2,107,0.009853421,0.8870152,2,128,0.019138157,0.8509549,2,149,0.0,0.91300565,2,169,0.009296428,0.94408077,2,200
142,0.00209342,0.9808658,2,20,0.0,1.1147462,2,40,0.0,1.075356,2,72,0.015873615,1.0042841,2,92,0.00022010709,0.90350026,2,113,0.0,0.8696124,2,133,0.0075624003,0.8956361,2,153,0.0019505844,1.0928105,2,174,0.0014321042,1.0627495,2,200
143,0.0074533327,0.9494708,2,20,0.0,0.9225882,2,40,0.028787524,0.7249753,2,60,0.016472455,0.777281,2,80,0.00734741,0.75026524,2,100,0.0,0.8380473,2,121,0.027495597,0.9126748,2,141,0.005817114,0.94363564,2,166,0.026458232,0.91531783,2,200
144,0.019864468,0.87565744,2,20,0.014026391,0.96931946,2,40,0.008775881,0.99103767,2,61,0.0007109421,1.0329967,2,97,0.013551446,1.0375923,2,117,0.0,1.028568,2,137,0.0021326109,0.928994,2,157,0.0061082263,0.89167494,2,179,0.029239943,0.93719935,2,200
145,0.008120585,1.0058585,2,20,0.022990813,0.9659446,2,44,0.016243117,0.9835602,2,66,0.002305325,1.0927684,2,86,0.0,1.0783327,2,106,0.0,1.1486969,2,126,0.0,1.1841705,2,147,0.0,1.1611327,2,169,0.0,1.0488429,2,200
146,0.00921314,0.98922044,0,20,0.0028334972,0.9373204,3,40,0.0,0.98467654,2,60,0.01591627,0.9345485,2,80,0.022427743,0.90287435,2,102,0.0,1.0245708,2,125,0.0,1.0227915,2,160
147,0.0022959434,0.9520236,2,20,0.046030033,0.8844124,2,41,0.010908004,0.93484455,2,67,0.018283155,0.83761996,2,89,0.0,0.7350279,2,110,9.228196e-05,0.83488446,0,130,1.3720599e-05,0.73285615,2,151,0.003516478,0.6743214,2,174,0.015148042,0.8351646,2,200
148,0.0118200425,0.8602082,2,20,0.0,1.087664,2,50,9.518587e-05,1.1202406,0,71,0.0,1.0932904,2,92,0.022994865,0.9245768,3,114
149,0.020890405,0.90825444,2,20,0.036053788,0.9499086,2,40,0.0,0.8803865,2,60,0.0,0.84983176,2,80,0.011671921,0.85924846,0,100,0.03646501,0.7818351,2,120,0.0,0.78098476,2,140,0.024873668,0.5782072,2,160,0.0065205544,0.86767274,2,180,0.006755793,0.91237533,2,200
150,0.024792416,0.92437017,2,21,0.005454131,0.83086485,2,42,0.00047991704,0.9180487,2,62,0.009269337,0.9159634,2,83,0.002372565,0.9082033,2,104,0.0,0.8752773,2,126,0.0,0.9189392,2,148,0.0,0.9562005,2,168,2.8070877e-05,0.9284494,2,200
151,0.0030246272,0.9896598,2,23,0.0,1.0098339,2,47,0.0094494,0.99356633,2,67,0.016105505,0.93399477,2,95
152,0.00013989698,0.940578,2,21,0.026860932,1.0222538,2,41,0.008999264,0.974431,2,63,0.07113587,0.7791734,2,95
153,0.0,0.95981866,2,20
154,0.017827842,0.89078313,2,20,0.018922785,0.947017,2,59
155,0.021994118,0.9096314,2,21,0.029233461,0.83861285,2,45,0.0040309504,0.83681023,2,72,0.010561308,0.92332023,2,93,0.005695984,0.7312227,0,113,0.0029364063,0.8468086,3,133,0.0,0.77409303,0,153,0.02451936,0.90689564,2,173,0.0011714583,0.9254407,2,200
156,0.0012353037,0.904089,2,20,0.0,0.75004894,2,41,0.0126008615,0.6352368,2,61,0.08943681,0.7312533,2,81,0.077662304,0.6011411,2,101,0.0,0.49418023,1,125,0.0,0.3346156,1,147,0.0,0.36066324,0,172,0.0101149315,0.17186472,1,200
157,0.018032849,1.010941,2,26,0.019700741,0.979403,2,46,0.048537742,0.9638826,2,66,0.053586144,0.93331164,2,86,0.018902969,1.0049695,2,154,0.012547089,0.9801191,2,174,0.028017204,0.98235923,2,200
158,0.020679824,0.8885545,2,21,0.0045127925,0.8965844,2,53
159,0.0,0.98857945,2,21,0.018464431,0.9348093,2,46,0.013700559,0.966557,2,77
160,0.014877653,0.99865437,2,20,0.0072197607,1.0356911,2,41,0.018074814,1.1085781,2,68,0.008210971,1.0918212,2,110,0.019789683,0.98960346,2,137,0.0025670642,1.0878847,2,180,0.0001614105,1.0483296,2,200
161,0.0031391694,1.0359215,2,20,0.00184251,1.0123285,2,40,0.0,1.0575141,2,62,0.0,1.0170349,2,97
162,0.0025883256,1.0354931,2,21,0.0005686515,1.1085011,2,41,0.002878615,1.0825802,0,62,0.0,1.1306522,0,82,0.0013607091,1.1330125,2,105,0.0,1.1105442,2,126,0.0,1.1658542,0,146,0.0,1.1939944,0,167,0.00030530736,1.1293164,0,200
163,0.001474112,1.0099841,2,20,0.0061906246,0.9622082,2,42,0.023864547,0.92360127,2,62,0.0,0.889048,2,83,0.0,0.8041488,2,103,0.0,0.76067877,2,123,0.0,0.39947665,2,144,0.0,0.5010756,2,164,0.00010676118,0.5911156,2,200
164,0.0,1.0815277,2,20,0.0,1.0386717,2,55
165,0.004714648,0.9568591,2,24,0.0,0.88003844,2,44,0.0,0.68283165,2,64,0.0331057,0.6769911,2,96
166,0.016716713,0.9503239,2,20,0.02435474,0.92752737,2,42,0.032490674,0.82570237,0,62,0.0044918717,0.79646784,2,84,0.01723704,0.8508173,2,104,0.0,0.8030411,0,124,0.0,0.9770175,3,145,0.0,1.0659266,2,166,0.0,0.81969744,0,200
167,0.027111065,0.982155,2,20,0.0,0.8918232,2,40,0.0071011675,0.8874517,2,62,0.0,0.98509187,2,82,0.10268746,0.90427303,0,102,0.0016573047,0.93964905,3,123,0.017502591,0.8471322,2,143,0.055835247,0.8472765,2,163,0.008670116,0.72387964,2,200
168,0.0021280288,0.99527156,2,20,0.013674726,0.97755176,2,41,0.002352301,0.9267068,2,65,0.03826621,0.90395653,2,85,0.012724302,0.91966355,2,106
169,0.025545428,0.96964973,2,21,0.0055803624,1.025893,2,44,0.0039965324,1.032443,2,65,0.014362039,1.0694273,2,93
170,0.011244747,0.9121505,3,33
171,0.04075282,0.87996703,3,20,0.0,0.98095685,0,40,0.0039258413,0.95467854,2,60,0.00397845,0.80028945,0,80,0.031293094,0.70116407,0,100,0.13804306,0.7196027,2,120,0.0061796107,0.7580728,2,146
172,0.0053577675,0.9981036,2,20,0.0040074033,0.97058326,2,45,0.006697262,0.9843616,2,75,0.014018523,0.9199155,2,95,0.007288334,0.97269267,2,115,0.0036211517,1.0033638,2,138,0.0073399115,0.9642999,2,160,0.0027214673,0.96504575,2,180,0.009473031,0.97620726,2,200
173,0.0033734627,1.0571651,2,20,0.0,1.0495148,2,40,0.0,1.0603307,2,60,0.015880873,1.0972769,2,80,0.0057139755,0.9838128,2,105,0.011588085,1.044932,2,125,0.0,1.0371565,3,145,0.0025701576,0.8627769,2,174
174,0.010952253,0.9910772,2,25,0.0075884564,1.062098,2,47,0.007267534,0.9757387,2,67,0.0,0.97949046,2,95,0.0,0.9283938,2,116,0.0,0.90823233,2,139,0.0,1.0196686,2,160,0.0,0.9715725,2,200
175,0.007016629,1.0616082,2,27,0.0,1.1163955,2,51,0.0020049307,1.1280333,0,85
176,0.0025351443,1.0399253,2,20,0.023649652,1.0170825,2,40,0.011837921,1.011812,2,69,0.013859332,1.0301557,2,98
177,0.014141517,0.9817152,2,28
178,0.012796478,0.97801006,2,27,0.015684415,0.95834684,2,55,0.0032372922,1.0144308,2,78,0.009462639,1.0046295,2,98,0.0026511934,0.98131585,2,142,0.0,0.968871,2,162,0.0010711829,0.9812424,2,200
179,0.0040285774,1.0518861,2,38
180,0.011973897,1.0058701,2,20,0.003471875,1.0435698,3,52,0.009031667,1.135835,2,76,0.009428497,1.1466352,3,100,0.0,1.1678231,2,120,0.0,1.0804331,2,140,0.005800122,1.0064323,2,160,0.0032373443,0.96514547,2,180,0.007250996,1.025342,2,200
181,0.014083226,1.0004487,2,20,0.02225537,0.9528836,2,40,0.011252254,1.0058393,2,68,0.009298807,1.0130458,2,90,0.0034339975,0.9707161,2,110,0.0074371435,1.002517,2,130,0.009917358,0.9237976,0,152,0.020618957,0.90524757,2,172,0.008562675,1.0112972,2,200
182,0.0044551864,1.0404385,2,39
183,0.0005813413,1.0209396,2,20,0.008549755,0.8787171,2,51,0.001882478,0.96903926,2,71,0.008248886,0.9323719,2,91,0.001515554,0.93865776,2,111,0.0,0.8920043,2,131,0.001835718,0.90311724,2,152,0.0,0.9381134,2,175,0.015334654,0.89644545,2,200
184,0.014096692,0.98593366,2,20,0.017188866,0.9717585,2,40,0.012417975,0.9463837,2,62,0.007768314,0.9332365,2,90,0.02077157,0.9984555,2,110,0.026543956,0.9063032,2,133,0.015881315,0.89277047,2,153,0.0,0.9134464,2,174,0.005448481,0.89810884,2,200
185,0.022070033,0.9907754,2,20,0.020285485,0.9944016,2,40,0.0055071935,0.9579751,2,60,8.755617e-06,0.9637119,2,82,0.017896349,1.0282999,2,104,0.00957725,0.98823094,2,125,0.0,1.183694,3,145,0.011118559,1.1311696,3,165,0.0003191933,1.0076624,2,200
186,0.0,0.9985624,2,24,0.0074316,0.942029,2,48,0.0,0.87637293,0,71,0.0,1.0562496,2,91,0.0,0.98961884,2,113,0.015881686,1.036868,2,133,0.040849358,0.9056261,2,156,0.002157169,0.90868187,2,176,0.023441628,0.9588623,2,200
187,0.0075176484,0.9320874,2,20,0.017777478,0.9835011,2,41,0.008664227,0.9098937,2,61,0.0,1.1103511,2,88,0.0,1.0730581,2,113,0.0,1.0482967,2,146
188,0.013603006,0.9836548,2,27,0.02789407,1.0064896,2,53,0.02991852,0.95372915,2,74,0.015280785,0.9088481,2,94,0.008711269,0.91541463,2,114,0.007814466,0.9510742,2,147,0.031158352,0.9584053,2,167,0.0,0.94396216,2,200
189,0.0070599974,0.9829759,2,24,0.023574086,1.0405352,2,46,0.008726958,1.0652076,2,77
190,0.004933174,0.9837322,2,20,0.014872007,0.8454714,2,53
191,0.053084612,0.75861853,2,20,0.05380997,0.9274686,2,40,0.00758224,0.5391494,2,60,0.025054619,0.3508831,0,80,0.10461154,0.4197131,0,100,0.025384601,0.41041133,2,121,0.0,0.43890253,1,141,0.007796637,0.6283479,0,161,0.05503583,0.5730728,2,197
192,0.011535996,0.98207265,2,23,0.02462616,1.0060813,2,45,0.0062769023,1.0298053,2,76,0.0064479704,1.0193588,2,98,0.0,1.0228697,2,118,0.002986693,1.0056398,0,139,0.011239858,0.9594078,2,173,0.004701337,0.9475379,2,200
193,0.017024437,0.98237544,2,20,0.02031747,0.9432915,2,53,0.0,0.8591347,2,73,0.0,0.903415,2,112,0.0032235722,0.897982,2,134,0.0,0.8167093,2,157,0.029263396,0.7149615,2,177,0.01832052,0.86092246,2,200
194,0.0052719377,0.9144901,2,28
195,0.0075964453,0.96698344,2,21,0.0,0.8956233,2,41,0.06287539,0.8250225,2,61,0.0,0.73646843,2,81,0.058501948,0.7723006,2,101,0.0,0.6974733,2,128
196,0.010087025,0.92003417,2,25,0.0,0.96969306,2,45,0.013224166,0.72696495,2,69,0.0,0.8692521,2,89,0.0,0.6563161,2,109,0.0041177636,0.7433641,2,132,0.0,0.7482441,2,152,0.0,0.6352908,2,174,0.0023388779,0.7983865,2,200
197,0.010837102,0.9799687,2,40,0.0073613985,1.0354642,2,64,0.0047946107,0.98879135,2,94,0.0,0.98489463,2,114,0.015880283,0.96090245,2,135,0.050739165,0.9154206,2,157,0.034773983,0.9262315,2,178,0.02042632,0.90538144,2,200
198,0.0077230907,1.0627329,2,36,0.022391656,0.9786212,2,56,0.0032738235,0.9587671,2,77,0.041918676,0.9493804,2,97,0.007466636,1.0019883,2,120,0.028343983,0.9749971,2,146
199,0.010035014,0.90742236,2,20,0.010354046,0.82285744,2,41,0.0044795508,0.7912346,0,62,0.011934822,0.7949453,0,82,0.00084243965,0.7891839,2,103,0.025693208,0.8847412,2,123,0.0039021925,0.6488459,2,146,0.015178475,0.6671222,2,167,0.025234824,0.4578745,1,200
200,0.008816399,0.9984673,2,20,0.006664538,0.990592,0,40,0.0016505268,1.0866138,2,63,0.003528326,1.0521587,2,86,0.00342398,0.99185866,2,108,0.010103338,0.9595267,2,149,0.036863737,0.9099805,2,169,0.01544522,0.5671403,2,200
201,0.011100663,0.8958343,2,20,0.0,0.76815695,0,43,0.06024157,0.6613246,2,63,0.0,0.88554853,2,98
202,0.0027840135,0.98889804,2,21,0.012566803,1.0391474,2,41,0.006798473,1.0451113,2,62,0.004350906,1.0008763,2,83,0.004096335,0.9313928,2,103,0.0045895674,0.9229561,2,124,0.0035159034,0.9867137,2,144,0.00088608416,0.9905618,2,164,0.016621865,0.93208176,2,200
203,0.0,1.0137087,2,20,0.0008011252,1.0340866,2,40,0.00053987023,1.080327,2,61,0.0,1.1113538,2,81,0.0058271396,1.0561931,0,101,0.026255226,0.93643236,2,139,0.012246686,0.92548496,2,162,0.00554612,0.97914386,2,200
204,0.0016398996,0.947819,2,22,0.0,0.95161545,2,43,0.06142817,0.94928837,0,63,0.0072511537,0.8975809,2,83,0.022573376,0.91031015,2,103,0.006562921,0.86636066,2,123,0.01671928,0.9317808,2,143,0.0,0.829737,2,163,0.021831185,0.6386967,2,200
205,0.0049896995,0.97181845,2,21,0.0,0.97895133,2,41,0.008121589,0.9869486,2,61,0.009411207,1.0119915,2,81,0.0045926278,0.9736332,2,105,0.0035868254,1.1173738,2,142,0.004610969,1.0807627,2,166,0.0421993,0.91916496,2,200
206,0.0021137083,0.9229861,2,22,0.003115584,0.73381895,2,45,0.0,0.5520132,1,65,0.0,0.6517127,2,85,0.0007119065,0.54914224,2,108,0.0,0.42013386,0,129,0.0,0.5724797,2,150,0.0,0.5457629,2,171,0.019621717,0.64357984,2,200
207,0.00961626,1.0155629,2,27
208,0.052338004,0.9938559,2,22,0.06037144,0.8444831,2,42,0.057045754,0.88170344,2,68,0.07140316,0.91424334,2,94,0.07295395,0.8957667,2,115,0.07349109,0.91989964,2,135,0.030095005,0.9330245,2,163,0.052732643,0.9423317,2,200
209,0.0058433446,0.9778564,2,22,0.029348874,0.96402967,2,42,0.016405856,1.0142206,2,62,0.036685366,1.0165517,2,82,0.0012227538,0.97271174,2,104,0.025694313,0.9899443,2,126,0.048395973,0.9840332,0,146,0.023989797,0.9486398,2,168,0.044697307,0.94290936,2,200
210,0.019754296,0.9113916,2,20,0.006185703,0.8755709,2,46
211,0.0052343556,0.9685903,2,21
212,0.007874011,1.0404305,2,42,0.0,0.98407507,2,74,0.009193869,0.9124943,2,97,0.026482424,0.92046064,2,121,0.03984437,0.932471,2,142,0.0013050827,0.8796536,2,162,0.019698828,0.9021433,2,200
213,0.014865837,1.02486,2,28
214,0.0,1.0603983,3,31
215,0.0,1.0544323,2,25
216,0.0,1.0539639,2,30
