1719824087550 0.7734695672988892 0
1719825320409 0.8692916631698608 0
1719826448379 0.8835821151733398 0
1719827580053 0.8917339444160461 0
1719828567032 0.9004462957382202 0
1719829495667 0.905372142791748 0
1719830393129 0.9100334644317627 0
1719831268583 0.9132247567176819 0
1719832252864 0.9145152568817139 0
1719833419630 0.9163450598716736 0
1719834586613 0.9206342101097107 0
1719835743392 0.9205654263496399 0
1719836660128 0.924614667892456 0
1719837457761 0.9266414046287537 0
1719838247759 0.9257057309150696 0
1719839037571 0.9268829226493835 0
1719839822392 0.9292773604393005 0
1719840792517 0.9302855134010315 0
1719841721635 0.9317916035652161 0
1719842502959 0.9313275814056396 0
1719843273692 0.9326210021972656 0
1719844037837 0.9365642666816711 0
1719844799487 0.9349640011787415 0
1719845558694 0.9347485303878784 0
1719846318303 0.9359859228134155 0
1719847073635 0.9359490275382996 0
1719847839270 0.9393140077590942 0
1719848593876 0.9382180571556091 0
1719849353454 0.9396921992301941 0
1719850297489 0.9403230547904968 0
1719851153458 0.9417707920074463 0
1719851901211 0.9417381882667542 0
1719852650615 0.9411875009536743 0
1719853473578 0.9424493908882141 0
1719854376882 0.9426082372665405 0
1719855163503 0.9427610039710999 0
1719855926750 0.9427623152732849 0
1719856665966 0.9439449906349182 0
1719857408012 0.9463847875595093 0
1719858148870 0.9470468759536743 0
1719858907394 0.9458568096160889 0
1719859671546 0.9470212459564209 0
1719860465479 0.9498062133789062 0
1719861347428 0.9483725428581238 0
1719862117245 0.9492912292480469 0
1719862900588 0.9485418796539307 0
1719863758297 0.9520580768585205 0
1719864529647 0.951343834400177 0
1719865300340 0.9498695731163025 0
1719866085313 0.9520857930183411 0
1719866862007 0.9524171352386475 0
1719867743249 0.9540805220603943 0
1719868521820 0.9550846219062805 0
1719869337568 0.955517590045929 0
1719870076645 0.953166663646698 0
1719870815176 0.9523710012435913 0
1719871663676 0.9563824534416199 0
1719872610375 0.9565632343292236 0
1719873622551 0.9590082168579102 0
1719874609937 0.9594818353652954 0
1719875497167 0.9588345885276794 0
1719876398314 0.9592761993408203 0
1719877135884 0.9600227475166321 0
1719877871838 0.9599388241767883 0
1719878607399 0.959129273891449 0
1719879341990 0.9601435661315918 0
1719880076663 0.9607541561126709 0
1719880812472 0.9631244540214539 0
1719881545970 0.9641468524932861 0
1719882279978 0.9625423550605774 0
1719883016722 0.9598408937454224 0
1719883964129 0.9596264958381653 0
1719884906884 0.963647186756134 0
1719885729813 0.964142382144928 0
1719886462489 0.963853657245636 0
1719887377787 0.9603842496871948 0
1719888190804 0.9642981886863708 0
1719888922093 0.965408444404602 0
1719889657001 0.965846836566925 0
1719890391415 0.9670364260673523 0
1719891123334 0.9650561213493347 0
1719892090001 0.9674515724182129 0
1719892961036 0.9677080512046814 0
1719893833944 0.9686518311500549 0
1719894564683 0.968652069568634 0
1719895297002 0.9676324725151062 0
1719896028100 0.9685848355293274 0
1719896757879 0.9692858457565308 0
1719897490191 0.9677312970161438 0
1719898367800 0.9685047268867493 0
1719899146698 0.9677711129188538 0
1719899877612 0.9705905318260193 0
1719900607758 0.9718806147575378 0
1719901338978 0.9681299328804016 0
1719902069388 0.9705808758735657 0
1719902829930 0.9708842039108276 0
1719903560193 0.9724432229995728 0
1719904291286 0.9716855883598328 0
1719905134528 0.968684196472168 0
1719905876514 0.9720962643623352 0
1719906604910 0.972776472568512 0
1719907337424 0.9725073575973511 0
1719908066490 0.9700366258621216 0
1719908795111 0.9714205265045166 0
1719909525719 0.9718707203865051 0
1719910255524 0.971714973449707 0
1719910986789 0.972835123538971 0
1719911830364 0.9719983339309692 0
1719912559155 0.9715464115142822 0
1719913290393 0.9720118641853333 0
1719914020161 0.9728444218635559 0
1719914776265 0.9743218421936035 0
1719915506662 0.9731264114379883 0
1719916363900 0.9738016128540039 0
1719917276381 0.9755573272705078 0
1719918051429 0.974898099899292 0
1719918781169 0.9748690128326416 0
1719919509319 0.9717456102371216 0
1719920238536 0.9755188226699829 0
1719921084866 0.9751123189926147 0
1719922062720 0.976020336151123 0
1719923093476 0.9769718050956726 0
1719924122681 0.9759619235992432 0
1719924957618 0.975967288017273 0
1719925717528 0.9748545289039612 0
1719926451606 0.9775537848472595 0
1719927185782 0.9779508113861084 0
1719927919512 0.9778773188591003 0
1719928654019 0.9780948162078857 0
1719929388984 0.9755677580833435 0
1719930122817 0.9783928990364075 0
1719930857717 0.9753296375274658 0
1719931592711 0.9765971302986145 0
1719932325900 0.9769461750984192 0
1719933060255 0.9764307737350464 0
1719933795525 0.9772482514381409 0
1719934531013 0.9780674576759338 0
1719935265376 0.9796037673950195 0
1719935999231 0.9784190058708191 0
1719936733096 0.9786515235900879 0
1719937467291 0.9778011441230774 0
1719938201438 0.9789721369743347 0
1719938937770 0.9772825241088867 0
1719939673100 0.97950679063797 0
1719940410874 0.9798212051391602 0
1719941145586 0.9799838066101074 0
1719941881110 0.9800673127174377 0
1719942621619 0.9769237041473389 0
1719943357466 0.9766461253166199 0
1719944090216 0.9777178764343262 0
1719944823031 0.9796940684318542 0
1719945557201 0.9811237454414368 0
1719946289417 0.9808149933815002 0
1719947028129 0.9783279895782471 0
1719947763868 0.9770880341529846 0
1719948498452 0.9800556898117065 0
1719949233734 0.9799644351005554 0
1719949968435 0.9806093573570251 0
1719950700330 0.9814103245735168 0
1719951432155 0.9823218584060669 0
1719952164368 0.9816113114356995 0
1719952897702 0.9792689085006714 0
1719953626845 0.9810650944709778 0
1719954354632 0.9821636080741882 0
1719955082392 0.9802744388580322 0
1719955808632 0.9823183417320251 0
1719956535278 0.9829249382019043 0
1719957262745 0.9829267263412476 0
1719957993776 0.9796311259269714 0
1719958729625 0.9785122871398926 0
1719959465249 0.9794037938117981 0
1719960205175 0.9782698750495911 0
1719960933049 0.9813995361328125 0
1719961661382 0.9826347827911377 0
1719962394817 0.980699360370636 0
1719963130813 0.9822098016738892 0
1719963871981 0.9825809597969055 0
1719964602884 0.9829404354095459 0
1719965339677 0.9836227893829346 0
1719966075827 0.983767569065094 0
1719966807746 0.9829007387161255 0
1719967538973 0.9835686683654785 0
1719968269351 0.9837521910667419 0
1719968999559 0.9835944175720215 0
1719969731700 0.9833953380584717 0
1719970462722 0.9846242070198059 0
1719971194440 0.9840719699859619 0
1719971928445 0.9834283590316772 0
1719972660514 0.9837204813957214 0
1719973390612 0.9846211075782776 0
1719974121809 0.9843284487724304 0
1719974853969 0.9843223690986633 0
1719975584809 0.9836161732673645 0
1719976315788 0.9845048189163208 0
1719977048319 0.9840587377548218 0
1719977779516 0.9851693511009216 0
1719978510137 0.9837124347686768 0
1719979243177 0.984423816204071 0
1719979975602 0.9848833680152893 0
1719980709185 0.9833979606628418 0
