1719824087524 1.336189191751077 0
1719825320385 1.1013061150161314 0
1719826448358 1.0600409537033295 0
1719827580025 1.0394009128221324 0
1719828567018 1.0174305048660492 0
1719829495630 1.0033371600567456 0
1719830393108 0.9934076134251877 0
1719831268565 0.9847963032520992 0
1719832252832 0.9801435504093976 0
1719833419604 0.9734470952262341 0
1719834586587 0.9628060294809476 0
1719835743359 0.9645852008403187 0
1719836660100 0.9562156170589823 0
1719837457727 0.9510866050384414 0
1719838247741 0.9509354735025218 0
1719839037526 0.9493936303837198 0
1719839822355 0.9452820486619439 0
1719840792502 0.9414979530656842 0
1719841721594 0.9372474795663861 0
1719842502949 0.9378464205500106 0
1719843273675 0.9348371366044166 0
1719844037794 0.9272180144820414 0
1719844799385 0.9304584140643267 0
1719845558673 0.9291515023607603 0
1719846318279 0.9273928096999585 0
1719847073619 0.9268834363776194 0
1719847839250 0.9212054931613761 0
1719848593856 0.922841514459798 0
1719849353439 0.9203995776579413 0
1719850297465 0.9185546645580883 0
1719851153428 0.9141361490101881 0
1719851901192 0.9157138101483735 0
1719852650598 0.9151162522812964 0
1719853473551 0.9151491852814043 0
1719854376865 0.9112857333438498 0
1719855163481 0.9128630081029006 0
1719855926731 0.9120744967930754 0
1719856665939 0.9095020353491877 0
1719857407983 0.9052342463547075 0
1719858148840 0.9046356419240925 0
1719858907363 0.9060757715601316 0
1719859671516 0.9043609002274526 0
1719860465459 0.8991618355227188 0
1719861347409 0.9009448243799344 0
1719862117219 0.8981065547096897 0
1719862900559 0.9006972161749719 0
1719863758249 0.8939704052293804 0
1719864529615 0.8952061163203817 0
1719865300309 0.8963544050471883 0
1719866085289 0.8938344204929513 0
1719866861976 0.8932456493377685 0
1719867743215 0.889562472424037 0
1719868521797 0.8875421691343818 0
1719869337536 0.8862720955929286 0
1719870076618 0.8904176437485386 0
1719870815141 0.8909470159100814 0
1719871663665 0.8843261361995214 0
1719872610352 0.885252990621916 0
1719873622519 0.8802661368074551 0
1719874609915 0.8785577769212319 0
1719875497126 0.879284340663695 0
1719876398282 0.8796886314069721 0
1719877135863 0.8764136036214695 0
1719877871825 0.8767607518719955 0
1719878607375 0.8783387296770659 0
1719879341964 0.8768934382250612 0
1719880076630 0.8749603918303906 0
1719880812454 0.8696247498216764 0
1719881545953 0.869519615650177 0
1719882279962 0.8699752591428622 0
1719883016692 0.8752893232224693 0
1719883964080 0.8764207536536204 0
1719884906865 0.8668558960699699 0
1719885729763 0.8682484479689262 0
1719886462445 0.8679033959214116 0
1719887377742 0.8706161684654128 0
1719888190775 0.8650819955946694 0
1719888922067 0.8634869828895784 0
1719889656983 0.8632278117999225 0
1719890391382 0.8609364355248464 0
1719891123299 0.8637142262391642 0
1719892089982 0.8587723724942812 0
1719892961019 0.8581475748478526 0
1719893833909 0.8568528853403011 0
1719894564653 0.8549089806785046 0
1719895296976 0.8581954197950766 0
1719896028062 0.8557602379624273 0
1719896757847 0.8540522769941411 0
1719897490160 0.857267762990065 0
1719898367768 0.855205774737076 0
1719899146674 0.8559169271025859 0
1719899877567 0.8505582601856178 0
1719900607741 0.8479078924555175 0
1719901338939 0.854953204443757 0
1719902069343 0.8491900415084731 0
1719902829919 0.8488671997500138 0
1719903560153 0.844738951092035 0
1719904291268 0.8474549475992229 0
1719905134482 0.853027512167541 0
1719905876465 0.8457884891268234 0
1719906604894 0.8442429509834505 0
1719907337405 0.8446618388538629 0
1719908066462 0.8483671921206192 0
1719908795088 0.8461897030682631 0
1719909525674 0.844847866629211 0
1719910255481 0.8453686293615422 0
1719910986746 0.8428690546398432 0
1719911830318 0.8438659316183815 0
1719912559111 0.8458543644623018 0
1719913290376 0.8443329049768582 0
1719914020112 0.8419766940331794 0
1719914776238 0.8389117647359069 0
1719915506622 0.8413134618678563 0
1719916363876 0.8402398316356497 0
1719917276344 0.8353684016482931 0
1719918051382 0.8378803559894293 0
1719918781124 0.8365495916084504 0
1719919509267 0.8411150399127477 0
1719920238493 0.8352918360065407 0
1719921084836 0.8359856943882688 0
1719922062685 0.8345979815805462 0
1719923093426 0.8325755155052937 0
1719924122666 0.8344922730754799 0
1719924957589 0.834126076187886 0
1719925717495 0.8356048418703214 0
1719926451590 0.8296833605027535 0
1719927185753 0.8288361045004616 0
1719927919468 0.8290301649335404 0
1719928653993 0.8299117175357442 0
1719929388956 0.8330305704600375 0
1719930122804 0.8273395367474623 0
1719930857673 0.8352414024514212 0
1719931592689 0.831760484426794 0
1719932325851 0.8304355521269248 0
1719933060236 0.8304080736872176 0
1719933795480 0.8294998249738988 0
1719934530985 0.8278225244871328 0
1719935265318 0.8238775634496984 0
1719935999202 0.8264095087387192 0
1719936733072 0.8255840330325381 0
1719937467247 0.8276191318538827 0
1719938201421 0.8242827783504002 0
1719938937749 0.8287035501171166 0
1719939673076 0.8237586306585393 0
1719940410834 0.8224396979573747 0
1719941145509 0.8222882603658757 0
1719941881079 0.8223032513605038 0
1719942621573 0.8290286182551316 0
1719943357419 0.8294259900307991 0
1719944090178 0.8277836845491974 0
1719944823007 0.8225249591142358 0
1719945557154 0.8202333696593701 0
1719946289390 0.8200073794378361 0
1719947028082 0.8240295666439432 0
1719947763840 0.8265051975586045 0
1719948498410 0.82244568467476 0
1719949233717 0.8221477846494862 0
1719949968412 0.8202310819222893 0
1719950700305 0.8174894503472556 0
1719951432144 0.81519401068083 0
1719952164339 0.8176650310637246 0
1719952897685 0.8228367252014053 0
1719953626799 0.818684821068401 0
1719954354612 0.8158732269985575 0
1719955082365 0.8182614984109368 0
1719955808590 0.8151938542916741 0
1719956535257 0.8139428671514485 0
1719957262725 0.8138026932394001 0
1719957993745 0.8204607005387964 0
1719958729611 0.8240888504713354 0
1719959465206 0.8238587274014111 0
1719960205136 0.8242196021214337 0
1719960933025 0.8169992692974252 0
1719961661359 0.8146929902425954 0
1719962394769 0.8184206786961623 0
1719963130797 0.8152024378978031 0
1719963871935 0.8151842279702844 0
1719964602854 0.813465989509099 0
1719965339632 0.8110634458501574 0
1719966075796 0.8107735221352376 0
1719966807703 0.8128339659932634 0
1719967538958 0.8108486584609663 0
1719968269325 0.8098612400981742 0
1719968999520 0.8110332436024303 0
1719969731657 0.8112504252178568 0
1719970462704 0.8081988516794124 0
1719971194418 0.809490770407126 0
1719971928402 0.8122188186242547 0
1719972660487 0.8109614694353561 0
1719973390597 0.8084785252356194 0
1719974121760 0.8084115110786868 0
1719974853938 0.8099001408765014 0
1719975584767 0.8111765950834248 0
1719976315743 0.8075411107775191 0
1719977048286 0.8094743025202147 0
1719977779473 0.8059659097429732 0
1719978510115 0.8090926210175098 0
1719979243165 0.8076614863100187 0
1719979975585 0.8069342251562737 0
1719980709151 0.8115489987453944 0
