1718234962351 0.8938761949539185 0
1718239741119 0.947293221950531 0
1718243888904 0.9580735564231873 0
1718247837888 0.961854100227356 0
1718251715119 0.9618983268737793 0
1718255540143 0.9648693203926086 0
1718259322640 0.9667091369628906 0
1718263043688 0.9685101509094238 0
1718266759098 0.9700692296028137 0
1718270464863 0.9706001281738281 0
1718274149009 0.9714419841766357 0
1718277822705 0.9716531038284302 0
1718281484503 0.9719289541244507 0
1718285151589 0.9729337096214294 0
1718288815966 0.9723420143127441 0
1718292457319 0.973745584487915 0
1718296095056 0.9737016558647156 0
1718299750742 0.9731523990631104 0
1718303416677 0.9742514491081238 0
1718307064726 0.9750491380691528 0
1718310722804 0.9748602509498596 0
1718314348767 0.975248396396637 0
1718317966565 0.9763295650482178 0
1718321596962 0.9763397574424744 0
1718325214933 0.9748493432998657 0
1718328830317 0.9757863283157349 0
1718332465506 0.9753093123435974 0
1718336115985 0.9768497943878174 0
1718339748398 0.9769821166992188 0
1718343394789 0.9762320518493652 0
1718347053005 0.9766080975532532 0
1718350732998 0.9774073958396912 0
1718354385830 0.9787800908088684 0
1718358055728 0.9801685810089111 0
1718361728400 0.9777013063430786 0
1718365398782 0.9790844321250916 0
1718369023515 0.980289876461029 0
1718372648075 0.9800581932067871 0
1718376297934 0.9783849120140076 0
1718379946094 0.9806889295578003 0
1718383612503 0.9800015687942505 0
1718387242119 0.9794671535491943 0
1718390876732 0.9796622395515442 0
1718394494116 0.9799830317497253 0
1718398122911 0.9805960059165955 0
1718401805668 0.9812209606170654 0
1718405438805 0.9808714985847473 0
1718409068727 0.9819689989089966 0
1718412690364 0.9809398651123047 0
1718416269471 0.9813345074653625 0
1718419861558 0.9822167754173279 0
1718423441363 0.9810064435005188 0
1718427017901 0.9821786284446716 0
1718430601264 0.9813278317451477 0
1718434186600 0.9826171398162842 0
1718437773501 0.9820576310157776 0
1718441349823 0.9827648997306824 0
1718444921392 0.9835548996925354 0
1718448495167 0.9842003583908081 0
1718452070607 0.980594277381897 0
1718455643837 0.9822851419448853 0
1718459205837 0.9842035174369812 0
1718462776729 0.9830203652381897 0
1718466349784 0.9840710759162903 0
1718469916528 0.9829979538917542 0
1718473492444 0.9833752512931824 0
1718477079222 0.9822552800178528 0
1718480665364 0.9836036562919617 0
1718484231544 0.985562801361084 0
1718487801796 0.9861128330230713 0
1718491352409 0.9849063754081726 0
1718494916661 0.986696720123291 0
1718498474339 0.9858301877975464 0
1718502026401 0.9865356087684631 0
1718505588061 0.9857034087181091 0
1718509144052 0.9852065443992615 0
1718512705221 0.9854501485824585 0
1718516270810 0.9846470355987549 0
1718519820925 0.9863564372062683 0
1718523383955 0.9870083332061768 0
1718526942633 0.9866614937782288 0
1718530499592 0.9873567819595337 0
1718534058980 0.9873999953269958 0
1718537617022 0.9871059060096741 0
1718541168518 0.9882932305335999 0
1718544725536 0.98581862449646 0
1718548274331 0.9874062538146973 0
1718551832479 0.9859805107116699 0
1718555395531 0.9842888712882996 0
1718558948440 0.9870772957801819 0
1718562501611 0.9885205626487732 0
1718566056093 0.9859962463378906 0
1718569606225 0.9884858131408691 0
1718573162200 0.9892259836196899 0
1718576720890 0.9869880676269531 0
1718580265096 0.9876721501350403 0
1718583816197 0.9860814809799194 0
1718587365669 0.9895346760749817 0
1718590911743 0.9900139570236206 0
1718594458155 0.9886009097099304 0
1718598000996 0.9899235367774963 0
1718601539927 0.9888297915458679 0
1718605083862 0.9866268634796143 0
1718608630213 0.988103985786438 0
1718612168300 0.9870720505714417 0
1718615705297 0.9896485805511475 0
