1718234962320 0.865653462505042 0
1718239741074 0.7393040969817569 0
1718243888871 0.7137185863842206 0
1718247837852 0.7039288933782598 0
1718251715082 0.6983958710811085 0
1718255540099 0.6895032129172199 0
1718259322590 0.6882743755027512 0
1718263043631 0.6832399196180916 0
1718266759042 0.6775794455180705 0
1718270464816 0.6781100683131029 0
1718274148982 0.6742240614585394 0
1718277822665 0.6729788998055737 0
1718281484462 0.6735750421030131 0
1718285151559 0.6696640625121048 0
1718288815934 0.6718667139456503 0
1718292457289 0.6682581518165369 0
1718296095026 0.6690533778144294 0
1718299750715 0.6673280133341007 0
1718303416657 0.6649874506674347 0
1718307064689 0.6629343381330978 0
1718310722786 0.6650021106533259 0
1718314348738 0.661856863781131 0
1718317966542 0.6603936639088558 0
1718321596930 0.6599171648880028 0
1718325214889 0.6622445601445299 0
1718328830285 0.6604099779288214 0
1718332465464 0.6621455648648196 0
1718336115944 0.6586066965945173 0
1718339748353 0.661769403337092 0
1718343394757 0.6585501952189013 0
1718347052978 0.658832509444157 0
1718350732962 0.6584194810445468 0
1718354385806 0.6558335332822396 0
1718358055699 0.652273348830895 0
1718361728372 0.6567077386471823 0
1718365398741 0.6539833549484809 0
1718369023480 0.6518914806783386 0
1718372648059 0.6509645881237734 0
1718376297892 0.6533644520229076 0
1718379946056 0.6503303424914355 0
1718383612470 0.6513672150119619 0
1718387242095 0.6529690545556222 0
1718390876700 0.6515185527872263 0
1718394494088 0.6505651237984804 0
1718398122872 0.6501950409565213 0
1718401805652 0.6505731095288821 0
1718405438789 0.6492466175626656 0
1718409068687 0.6477236686527238 0
1718412690321 0.6501802637926104 0
1718416269436 0.6485195741104032 0
1718419861523 0.6458842022277754 0
1718423441339 0.6469939750564931 0
1718427017877 0.6448869309724379 0
1718430601230 0.6470477698133099 0
1718434186561 0.6458042023065014 0
1718437773458 0.6452138496879577 0
1718441349784 0.6459807364443466 0
1718444921351 0.6424039999344568 0
1718448495144 0.6413324196092414 0
1718452070575 0.6474933225475403 0
1718455643813 0.6446063662025789 0
1718459205796 0.6427907691336844 0
1718462776697 0.6432340433841593 0
1718466349758 0.6423319200036754 0
1718469916498 0.6432886000261033 0
1718473492414 0.6421924558992498 0
1718477079208 0.6430984018118976 0
1718480665337 0.6395325655247392 0
1718484231526 0.6366129955107358 0
1718487801766 0.6375892204813848 0
1718491352379 0.6378102725663412 0
1718494916629 0.6347026726911308 0
1718498474323 0.6382921898684221 0
1718502026381 0.6339447666626755 0
1718505588026 0.6349439477815514 0
1718509144019 0.637005545876871 0
1718512705195 0.6350308749274195 0
1718516270782 0.6377448730401317 0
1718519820892 0.6327098024268685 0
1718523383914 0.6312292853636524 0
1718526942595 0.6321556649742003 0
1718530499561 0.6315554192351676 0
1718534058947 0.6302992870319314 0
1718537616988 0.6292736300715182 0
1718541168494 0.6282544653744828 0
1718544725520 0.632686350897509 0
1718548274296 0.6294595383818434 0
1718551832465 0.6312662184452615 0
1718555395520 0.6339076501518657 0
1718558948411 0.6293486219797237 0
1718562501579 0.6256219144490416 0
1718566056066 0.6303619549768306 0
1718569606194 0.6261996434505118 0
1718573162181 0.6251977322495963 0
1718576720858 0.6292022247503486 0
1718580265062 0.6259544251746397 0
1718583816169 0.628879735363971 0
1718587365642 0.6214553181246533 0
1718590911709 0.6191959096242091 0
1718594458118 0.6222974443761777 0
1718598000979 0.6188236755499548 0
1718601539898 0.6216292220235935 0
1718605083833 0.6249789522920407 0
1718608630152 0.6230279974275825 0
1718612168272 0.6215402353427578 0
1718615705248 0.6183724214210701 0
