0,0.012710656,1.0156517,2,21,0.001456408,0.9805603,2,56,0.0,1.0221897,2,79,0.001889638,1.0374137,2,103,0.029164935,0.94367486,2,126,0.018806102,0.9491851,2,150,0.007444228,0.9148957,2,170,0.034355626,0.88885343,2,200
1,0.0028754198,1.0232152,2,25,0.010806337,1.0489696,2,45,0.000110073015,1.0563185,2,65,0.0,1.1158949,2,86,0.0018407387,1.0111595,2,136,0.008269972,1.0326346,2,159,0.0,1.0677576,2,200
2,0.012857989,0.9307789,2,23,0.0,0.8600226,2,44,0.00054752314,0.72022843,2,67,0.0,0.8287438,2,87,0.03308455,0.61464083,0,107,0.0,0.3967797,1,128,0.0096989535,0.5291853,2,149,0.0,0.45990875,1,170,0.009554938,0.63421303,2,200
3,0.0024627717,0.9995709,2,52,0.017000036,1.0072131,2,73,0.004638608,1.030481,2,94,0.0,1.0850096,2,114,0.0030688974,1.0575309,2,134,0.004599629,1.0062985,2,159,0.0055815885,0.94188374,2,200
4,0.014828395,1.024941,2,21,0.0021865836,0.99207217,2,47,0.026254445,1.0165392,2,71,0.019066736,1.0126475,2,95,0.020092852,0.96291625,2,124,0.015370143,1.0254292,2,146,0.019766185,1.0215783,2,172,0.004779003,0.99447733,2,200
5,0.009681406,1.0286633,2,24,0.002216427,1.0525684,2,51,0.0036598847,1.0392747,2,71,0.0026470462,1.0610565,2,94,0.0047996272,1.0135808,2,116,0.0,1.0757787,2,136,0.0061386656,1.0336841,2,171,0.004523158,1.0419072,2,200
6,0.00048074586,1.028416,2,21,0.0,1.008103,2,42,0.0011347852,1.0332136,2,63,0.0076842154,1.0578398,2,96,0.015531164,1.011516,2,118,0.0033802898,0.9744979,2,141,0.0066697868,1.0032384,2,170,0.0126536405,1.0108086,2,200
7,0.0010475802,1.0213004,2,20,0.009293558,1.0126555,2,40,0.02697294,1.0154719,2,60,0.030632386,0.97231853,2,80,0.0,0.95148295,2,100,0.015265904,1.0105548,2,124,0.034950484,0.9669213,2,144,0.021100009,0.9679142,2,164,0.008609945,0.9883449,2,200
8,0.0013990084,1.0120878,2,20,0.015287627,0.9835485,2,46,0.006449438,0.9674735,2,79,0.021933716,0.96200603,2,102,0.013782862,0.8645504,2,122,0.010594865,0.5277797,1,142,0.0,0.649475,2,162,0.0014044247,0.47057027,1,200
9,0.0057953894,0.9759989,2,41,0.013144213,0.9880374,2,61,0.0049220445,1.0475395,2,84,0.0079474645,1.019351,2,108,0.0,1.006488,2,128,0.0,1.02191,2,148,0.0010117398,1.0504667,2,172,0.012858708,1.063257,2,200
10,0.002214772,1.0554802,2,20,0.010422305,1.0263889,3,40,0.03758898,1.0198756,2,60,0.0070716636,0.99895716,2,80,0.008584624,1.0115452,2,101,0.0074609206,1.0269254,2,123,0.008995115,1.031923,2,144,0.0033517345,1.0272121,2,165,0.008363034,1.0335115,2,200
11,0.0026911667,0.998422,2,20,0.0,0.970334,2,44,0.011201443,1.0156759,2,65,0.0048085707,1.0454389,2,86,0.026648922,0.92067367,2,107,0.009695825,0.87738794,2,130,0.002083087,0.89674187,2,150,0.0042458465,0.9040269,0,172,0.0,0.88222855,2,197
12,0.005942925,0.9541985,2,20,0.008465762,0.97063327,2,59,0.0,0.9285624,2,81,0.015875075,0.8774624,2,102,0.0151013015,0.9090745,2,122,0.023516273,0.85678816,2,146
13,0.0014306532,1.0201504,2,21,0.0009812576,1.0542833,2,45
14,0.0046340865,0.95514566,2,22,0.0,0.9731185,2,43,0.018983066,0.9144457,2,63,0.0022881287,0.77652085,2,83,0.0068213698,0.810768,2,104,0.004917059,0.5035425,2,125,0.009767093,0.68914855,2,145,0.0,0.6628039,1,165,0.010342012,0.8629458,2,200
15,0.005524769,1.0314981,2,22,0.0012176512,0.9952761,2,42,0.0066257776,1.0326502,2,62,0.0,1.0609508,0,82,0.00861414,1.0727835,2,103,0.0030697144,0.99840736,2,126,0.006864173,0.9636745,2,157
16,0.0,1.0295018,2,21,0.018480789,1.0704626,2,41,0.018130876,1.016238,0,62,0.0026860249,1.016301,2,84,0.0079346625,1.0610721,2,107,0.028006874,0.98102677,2,139,0.0,1.0432597,2,159,0.010174378,1.0536122,2,200
17,0.009656119,0.99776393,2,24,0.0006623575,1.0078726,2,45,0.029557798,0.95067304,2,68,0.025211135,0.97390425,2,88,0.017783942,0.91045845,2,108,0.0071514477,0.92844063,2,137
18,0.009410592,0.9503581,2,21,0.01871538,0.9378169,2,46,0.014739882,0.8885021,2,67,0.005630984,0.95025545,2,88,0.027761942,0.92020243,2,110,0.0104969125,0.8589484,2,130,0.008618045,0.8908903,2,152,0.0,0.8068372,2,173,0.021049138,0.62564605,2,200
19,0.009869243,1.0415808,2,24,0.010125089,0.99201614,2,55,0.010059027,0.95349437,2,83,0.019060623,0.94433105,2,103,0.0082504535,0.9392069,2,123,0.026342114,0.9899066,2,144,0.014143568,0.9923635,2,178,0.0,1.0128051,2,200
20,0.0,1.01605,2,24
21,0.0,0.9680295,2,21,0.013576338,0.92062163,2,43
22,0.0033527364,1.0364887,2,24,0.017975342,0.9786333,2,44,0.00011955769,0.9688305,2,66,0.0016641036,0.9135553,2,86,0.04212106,0.8368803,0,106,0.0,0.85482395,0,126,0.0,0.7659196,2,146
23,0.0011283916,0.99355906,2,37,0.001644905,0.9687854,2,57,0.009705246,0.9453276,2,81,0.0,1.0119833,2,101,0.008721508,0.9418668,2,135,0.042815767,0.8777588,2,155,0.030379575,0.7815072,2,175,0.0,0.7010267,2,200
24,0.004597577,0.9307913,2,21,0.012078408,0.93119305,2,41,0.012560461,0.937649,2,66,0.04279583,0.9330977,2,86,0.0120682465,0.9819825,2,107,0.0,0.9760629,2,127,0.0004878797,1.0539218,3,148,0.0,1.0542573,2,170,0.00077010156,1.0110095,2,200
25,0.0,1.048694,2,20,0.0049708816,0.98727167,2,42,0.024139922,1.0000513,2,62,0.013249244,1.020829,2,82,0.0047269794,1.030244,2,104,0.012148101,0.9913567,2,126,0.0035971734,1.0025434,2,159,0.0014554677,0.950236,2,179,0.0022829543,1.0014951,2,200
26,0.010702811,1.0659873,2,20,0.0006836646,0.9725222,2,41,0.0049527497,1.0243981,2,61,0.0037357423,0.913576,2,82,0.026161414,0.9144069,2,108,0.0022069293,0.95672053,2,143,0.008946962,0.9601312,2,165,0.014958179,0.916818,2,200
27,0.036490418,0.95638746,2,23,0.034220573,0.7473487,2,56
28,0.005281256,0.9836745,2,21,0.0,1.0499835,2,41,0.011723507,0.9115685,3,61,0.0,0.9881531,0,81,0.0,0.89250726,2,106,0.0,0.90617704,2,126,0.0,0.65692055,2,146,0.0,0.9164534,2,167,0.0049136607,0.9874617,2,200
29,0.0015808657,0.99605685,2,24,0.0,0.96473134,2,44,0.0036002612,0.9859871,2,67,0.0068501723,1.0303617,2,92,0.026752982,0.9607979,2,112,0.0118750585,0.97018194,2,133,0.007987873,0.9810866,2,160,0.011365043,0.95758086,2,180,0.0,1.0435712,2,200
30,0.0,1.0173937,2,20,0.0,1.0387541,2,69,0.0075734137,1.0522194,2,91
31,0.0023914918,1.047746,2,40,0.014190148,0.9495802,2,60,0.00487524,0.9835308,2,80,0.0010694774,1.0089582,2,101,0.0151020875,0.9758454,2,123,0.031078603,1.0418679,2,143,0.013484086,1.0383257,2,164,0.0108677,1.0253034,2,200
32,0.0,1.0624547,2,20,0.0037084138,1.0424452,2,59,0.009228417,1.0668365,2,81,0.0101920245,1.0712476,2,103,0.0017707623,1.0501356,2,144,0.0029029662,1.0609746,2,169,0.0073750652,1.077847,2,200
33,0.0,1.0542997,2,20,0.0,1.0760128,2,40,0.0,1.068381,2,65,0.0,1.0249844,3,89,0.0,1.0286397,2,115,0.0,1.0754457,3,135,0.0,1.0565412,2,155,0.0,1.0527254,2,179,0.0008368588,1.0614214,2,200
34,0.00026126122,1.0285751,2,20,0.007899291,0.99846274,2,46,0.01155894,0.92549574,2,75,0.0023541893,0.99919015,2,100,0.005469781,1.1011456,0,121,0.0044745905,1.0273031,2,144,0.0014687363,1.0334713,2,166,0.006397234,1.054269,2,200
35,0.0066771,1.012947,3,20,0.008142832,1.0593711,2,40,0.011668758,1.0131928,2,63,0.00853872,0.9966144,2,85,0.015817363,1.0068197,2,105,0.008374435,1.0081121,2,125,0.0016351965,1.016538,2,147,0.006785124,0.95178103,2,169,0.004979764,0.93330467,2,189
36,0.01675624,0.9272566,2,20,0.0,0.9032831,2,40,0.009511857,0.90099394,2,62,0.017449433,0.86035395,2,82,0.0,0.7924673,2,103,0.03390489,0.58124167,1,124,0.0,0.50910056,1,144,0.004392649,0.28064105,1,166,0.013147265,0.36823416,1,200
