0,0.026755864,0.9503653,2,22,0.007336024,0.97179663,2,42,0.019095602,0.89933765,2,79
1,0.0053629284,1.0706822,2,22,0.0,1.0760118,2,43,0.013866622,1.0553927,2,65,0.014474982,1.0301733,2,85,0.0,1.0538197,2,105,0.0037322515,1.0295751,2,125,0.0,1.0194854,2,148,0.0035401534,1.067535,3,168,0.0002728082,1.0379682,2,200
2,0.008224834,0.99873084,2,22,0.003912472,0.98562354,2,45,0.015744904,1.0267973,2,65,0.023106178,1.020544,0,86,0.009136502,1.0223854,2,121,0.00528007,0.98764837,2,141,0.0055308966,0.9850871,2,164,0.008938821,1.0207994,2,200
3,0.021519613,1.0221574,2,20,0.0008635713,1.0714186,2,40,0.0,1.0645419,2,60,0.0,1.0389098,2,89
4,0.014391507,0.8576175,2,20,0.0,1.0187216,0,41,0.0,1.0180161,2,61,0.020306613,0.7786191,2,100
5,0.00032276756,1.0174007,2,25,0.029934093,0.863099,2,48,0.0,0.9423427,2,71,0.0,0.89708817,2,91,0.028646933,0.6325513,2,129
6,0.009651812,0.954662,2,20,0.0010077452,0.96760005,2,45
7,0.02197639,0.9199038,2,21,0.003504479,0.93232584,2,44,0.012521754,0.9208355,2,64,0.024300525,0.84665346,2,102
8,0.013428435,0.92697954,2,20,0.0,0.86737,2,40,0.042042274,0.71457565,2,61,0.020618642,0.73621184,2,81,0.0,0.6825963,2,101,0.0030250372,0.43131655,2,121,0.026032576,0.72143376,0,141,0.06293601,0.5337393,0,162,0.0011531037,0.45814934,2,200
9,0.00017165467,1.0609525,2,20,0.007223188,1.0415156,2,61,0.0,1.0276634,2,81,0.013352469,1.0207863,2,101,0.010556992,1.0160958,2,126,0.0,0.96410024,2,146,0.0,1.0543664,2,166,0.0,1.0335943,2,200
10,0.008783538,1.0086762,2,23,0.023674255,0.9300861,2,46,0.0102637205,0.9785668,2,66,0.0,0.93247336,2,86,0.005346067,0.9796337,2,107,0.0,0.9400002,2,129,0.007538905,0.8883823,2,150,0.0107588945,0.9408808,2,172,0.008917497,0.99890345,2,200
11,0.029083893,0.83117706,2,20,0.07422887,0.6800275,2,40,0.0062385006,0.7191453,0,60,0.04434848,0.6059015,2,81,0.03727563,0.49947453,2,101,5.3785385e-05,0.5651539,2,122,0.070306495,0.41160554,2,145,0.051991016,0.36112764,0,165,0.0026423088,0.5289017,2,200
12,0.0,0.92366505,2,20,0.021888584,0.9462135,2,42,0.021190256,0.8466738,0,62,0.0050598397,0.7612171,2,82,0.009085265,0.87387085,2,102,0.003511,0.6826483,2,122,0.0,0.63710123,2,143,0.017262073,0.6853177,2,167,0.011109109,0.6412227,2,200
13,0.008260233,1.0210465,2,39,0.00020968533,1.0676593,2,61,0.009047244,1.0461679,2,87,0.0088548,1.0170168,2,116,0.0,1.0318589,2,137,0.002860686,1.0590471,2,175,0.00023023314,1.0407288,2,200
14,0.00357401,1.0393475,2,20,0.0,1.0409632,2,41,0.0009883955,1.090092,2,61,0.0,1.0624812,2,88,0.00206344,1.0367773,2,113,0.00010394074,1.0218376,2,134,0.0,1.0063249,2,158,0.0,1.0455343,3,180,0.0,0.99213344,2,200
15,0.00082212745,0.9716026,2,20,0.012704342,0.9934772,2,42,0.001258845,0.9766618,2,62,0.009722333,0.96595937,2,82,0.0017970982,0.9721987,2,114,0.0003590832,1.0305537,2,135,0.011315272,1.0125941,2,157,0.009692991,0.97072506,2,200
16,0.002498897,1.0512942,2,23,0.009331882,1.0393214,2,44,0.0070287473,1.0401205,2,68,0.007867772,1.0179206,2,100,0.0,1.056639,2,123,0.0049196025,1.055689,2,143,0.0,1.0465214,2,168,0.010126699,1.0332166,2,200
17,0.0,1.0221199,2,20,0.013880859,1.018347,2,40,0.011082114,1.0855963,0,62,0.022539508,1.0254743,2,82,0.0,1.0723933,2,103,0.0012570923,1.0877359,2,124,0.0,1.0837559,0,144,0.0,0.9937291,0,164,0.009936209,1.0338376,0,200
18,0.0,1.0517033,2,20,0.004154601,1.0302988,3,40,0.006762719,1.0521644,2,61,0.0031331673,1.0173957,2,102,0.0043171104,1.005828,2,135,0.0048540793,1.0615169,2,155,0.0022247082,0.9780956,2,177,0.0,1.0143625,2,200
19,0.015920594,0.9508304,2,31
20,0.0,0.8838841,2,20,0.0100591155,0.88327754,2,41,0.002505871,0.918452,2,67,0.016625531,0.87399507,2,94,0.014124301,0.8768455,2,114,0.026592338,0.97087526,2,134,0.004540504,0.9131786,2,168
21,0.010945222,1.0244161,2,22,0.0,0.9995341,2,43,0.00043186283,1.0519351,2,63,0.0007799376,0.99149966,2,85,0.00022440929,1.0095611,2,107,0.004830239,0.9752784,2,127,0.0,1.0055149,2,147,0.0024112882,0.98563933,2,169,0.012501825,1.023523,2,200
22,0.0017709291,0.89721966,2,20,0.005304306,0.895494,2,40,0.018445231,0.89423424,2,61,0.0006927708,0.9828806,2,93,0.011930073,0.9312838,2,115,0.007032553,0.9346251,2,136,0.006424536,0.9708246,2,156,0.00021847532,0.9318609,2,176,0.0020428684,0.9637758,2,200
23,0.008038668,0.99639803,2,21,0.0037519715,1.0118792,0,41,0.0107846735,1.0798181,2,64,0.0,0.92280215,2,84,6.716978e-05,0.987988,2,108,0.0,0.8232993,0,128,0.0054822005,0.84312886,0,151,0.0,0.81348896,2,171,0.017772948,0.754336,2,200
24,0.08062345,0.85200036,0,20,0.0,0.88039094,2,40,0.0,0.7235155,2,60,0.0,0.8784895,2,80,0.024031792,0.8114688,0,101,0.027790569,0.7605365,0,122,0.024423035,0.8458312,2,142,0.0,0.6322885,1,163,0.08643071,0.4275958,2,200
25,0.0023339086,1.0030228,2,31,0.010874287,1.0391886,2,58,0.011635597,1.0617168,2,78,0.0037616033,1.0015423,2,102,0.0063771033,1.0160704,2,122,0.0003948743,0.99686444,2,143,0.0010710425,1.0268975,2,167,0.0,1.009572,2,200
26,0.0004774206,1.0285792,2,26
27,0.0040779514,1.006792,2,41
28,0.0042763017,1.0329773,2,25,0.016132005,1.0216159,2,45,0.0,1.0819504,2,69,0.016731367,1.0301713,2,103,0.004493172,0.9435328,2,132
29,0.028078686,0.922634,2,20,0.0318698,0.9222908,2,41,0.02932674,0.91245514,2,62,0.04849799,0.94467616,2,89
30,0.0033459526,0.8765235,2,20,0.01856329,0.91310596,0,40,0.0,0.8922066,2,62,0.01917068,0.8171648,2,100
31,0.002917592,1.0453036,2,20,0.0027919188,1.0090916,2,40,0.0014196876,0.9902627,2,60,0.0033368117,1.0170358,2,81,0.03375812,0.9919658,2,113,0.0024786862,1.0225577,2,133,0.0,1.0189224,2,159,0.004615379,1.045108,2,200
32,0.013461506,0.97477233,2,20,0.001153536,1.0223533,2,44,0.020602528,1.000847,0,68,0.005506871,1.0182889,2,92,0.0,1.045319,2,130,0.00603612,0.9766622,2,156,0.000758635,1.0387332,2,194
33,0.030069869,0.87678444,0,20,0.012182736,0.8618902,2,40,0.028253656,0.86872256,0,60,0.0047101476,0.89731485,3,80,0.021409974,0.96589124,0,101,0.00020912876,1.02897,0,121,0.0,0.8842813,2,147,0.0087996125,0.8207779,2,169,0.019320006,0.87177354,2,200
34,0.010000826,0.95062685,2,24,0.021666955,0.9569634,2,47,0.026607145,0.9576666,2,67,0.014574438,0.94880736,2,87,0.017436892,0.9317249,2,107,0.0077534798,0.9534983,2,133,0.018583259,0.91721153,2,153,0.02569674,0.89926255,2,173,0.028924597,0.9125835,2,200
35,0.018448515,1.004424,2,24,0.0057992227,1.0067856,2,45,0.03014792,1.0031569,2,76,0.01042497,1.008054,2,115,0.013745281,1.018664,2,139,0.011960335,1.0183445,2,163,0.0037859147,1.0490968,2,200
36,0.008879756,0.9806334,2,20,0.005663753,0.9588855,2,40
37,0.0033658077,0.94575244,2,20,0.008912741,0.87571335,2,41,0.0,0.92853916,2,61
38,0.0041164476,1.0167634,2,26,0.014555843,0.9753819,2,57,0.0023800833,0.921682,2,79,0.0,0.9526547,0,99,0.0,0.90676224,2,119,0.0045087705,0.97446513,2,144,0.026139151,0.9100015,2,169,0.0020751813,0.90878725,2,200
39,0.0011680915,0.9106287,2,32,0.0,0.6960366,2,52,0.012375087,0.5717219,2,79
40,0.02246723,0.98759353,2,20,0.012103721,0.9686015,2,41,0.016448308,1.0042857,2,64,0.00746454,0.97724664,2,84,0.0036749854,1.0437316,2,111,0.007954154,1.0017588,2,131,0.00034689828,0.98842704,2,151,0.00040003489,1.0460032,2,171,0.0,0.9979592,2,200
41,0.0036083842,1.0196323,2,24,0.0,1.0154663,2,44,0.002544147,1.0352399,2,64,0.0014406125,0.9902092,2,84,0.0,1.056505,2,104,0.007220118,1.0413637,2,128,0.0,1.0187382,2,148,0.009932198,1.0295899,2,168,0.0051919613,1.0516376,2,200
42,0.011540971,0.9934432,2,29,0.0071562515,0.9219467,2,54
