0,0.0,0.98642236,0,20,0.008572167,0.8123911,0,40,0.0,0.80924505,2,65,0.018132025,0.82824916,2,85,0.0,0.6407176,0,105,0.014573498,1.0145949,3,125,0.039451282,0.73184156,0,149
1,0.0037304661,1.031391,2,20
2,0.0070879343,0.85120475,2,23,0.003906495,0.7067574,2,46,0.0044561727,0.6715242,2,66,0.014380288,0.7715218,2,88,0.025803808,0.43159527,2,108,0.0,0.4158285,1,131,0.115936145,0.57182026,1,151,0.0,0.48139855,1,186
3,0.0,0.98125094,2,23
4,0.015417455,0.9793479,2,35
5,0.0059621856,0.9393606,2,24,0.010745135,1.0024823,2,46
6,0.0,1.0416172,2,21,0.0,1.0390593,2,44,0.0,1.0436455,2,69,0.002085955,1.0189761,2,93,0.0,1.0101168,2,125,0.0,1.0083853,2,156,0.0025050996,1.0230169,3,178,0.0,0.9984588,2,200
7,0.0044174683,1.0175588,2,22,0.01830505,1.0090677,2,46,0.009036367,1.0055804,2,66,0.012060474,1.0157228,2,90,0.012847245,0.9942931,2,110,0.004771573,1.025399,2,134,0.03698775,1.0185435,2,160,0.013428012,1.0125631,2,180,0.004491493,1.0507462,2,200
8,0.018425468,0.96900713,2,20,0.011235198,0.8862163,2,40,0.018459765,0.9043164,2,60,0.0,0.9243906,0,80,0.0,1.0251777,0,100,0.00026915586,0.6504575,0,120,0.03223477,0.4911127,2,145,0.1332847,0.41113955,2,166,0.09463808,0.5150901,2,200
9,0.0075722667,1.0065917,2,26,0.0,1.0299222,2,46
10,0.0014097758,1.0123655,2,20,0.010054079,1.0340121,2,48,0.0017090781,1.0239614,2,68,0.0058112293,1.066017,2,89,0.02799719,1.0775534,2,111,0.0040356135,1.0747488,2,140,0.009394595,1.0022191,2,162,0.006681571,1.02177,2,200
11,0.0038157552,1.0039889,2,20,0.014407776,0.9550792,2,41,0.016758904,0.93315476,2,61,0.00029032072,0.913974,2,81,0.0,0.90831196,2,101,0.0,0.9573682,2,122,0.0,0.915713,2,142,0.0,0.91552496,2,162,0.0006572345,0.7994113,0,200
12,0.009494799,1.0079585,2,32,2.5748555e-05,0.9959463,2,52,0.0,1.0464314,2,74,0.0062237764,0.9975063,2,108,0.005287544,1.0018089,2,149,0.0050717387,1.0493797,2,178,0.00012792385,1.0231937,2,200
13,0.018336816,0.96175164,3,20,0.0,0.8808846,1,43
14,0.010645087,0.97876,3,34,0.0,0.9080438,2,59,0.0,0.88520163,2,81,0.05645945,0.8502863,2,101,0.0,0.8538395,2,122,0.0004028239,0.688741,2,145,0.030925512,0.6662984,3,166,0.001613666,0.48309332,2,200
15,0.0054646456,1.0163292,2,25,0.010125743,0.98973304,2,45,0.018990029,0.99217254,2,66,0.0018028249,1.0389202,2,115,0.009112852,1.0112845,2,136,0.0013168623,1.0317118,2,178,0.008341202,0.9824086,2,200
16,0.011127,0.990434,2,20,0.004218774,0.98143476,2,47
17,0.0068249092,1.0108342,2,22,0.0,1.0671873,2,42,0.00085323176,1.0406301,2,65,0.006972881,1.0295552,2,101,0.006990929,1.0596771,2,121,0.0029375325,1.043325,2,148,0.02271207,1.0066363,2,176,0.0,1.0284384,2,200
18,0.0035363727,1.0565193,2,20,0.0044087702,1.0015004,2,40,0.00637267,1.0273958,2,61,0.009117748,1.0251868,2,94,0.0016149747,1.0056008,2,154,0.001225974,0.9629365,2,174,0.018059118,0.95432097,2,200
19,0.007290866,0.98123777,2,20,0.02294455,0.9756931,2,40,0.016947055,0.962639,2,61,0.0005211732,0.95282996,2,84,0.01305075,0.9202865,2,104,0.030512176,0.9832432,0,139
20,0.0103384545,0.99268234,2,23,0.0023873746,1.0333439,2,46,0.0,1.0128233,2,74,0.0083529195,0.98344666,2,96,0.003167515,1.0242733,2,130,0.0,1.0830972,2,155,0.009051426,1.0257696,2,176,0.0,1.0285474,2,200
21,0.0025758995,0.93509203,2,24,0.0,0.9951376,2,44,0.0034803334,0.9839861,2,64,0.00085773465,1.0094218,2,88,0.007480517,1.0040984,2,120,0.0,0.96833193,2,141,0.0063619916,1.0422341,2,168,0.00994426,1.0232437,2,200
22,0.003766422,1.0043558,2,30
23,0.0016428186,0.9899371,2,20,0.009669355,1.0582788,2,65,0.017785408,0.97845185,2,85,0.0,1.0982265,2,105,0.0,1.0127325,2,126,0.03088374,0.78092444,2,165
24,0.010019595,0.98718196,2,20,0.0012049542,0.96868885,2,40,0.0107471105,0.9682932,2,60,0.030264072,0.9406839,2,86,7.909554e-05,0.9534536,2,107,0.0011002953,0.89454186,2,127,0.011866862,0.96603715,2,147,0.0,0.8829701,2,168,0.0,0.98654616,2,200
25,0.0059196856,0.9155881,2,21,0.002714577,0.9992959,2,41,0.0013931011,0.9171193,2,74,0.0056142905,0.85842955,2,94,0.0,0.86119545,0,114,0.011556617,0.807243,0,135,0.0,0.75824535,0,155,0.0,0.8119992,3,176,0.0,0.56951934,2,200
26,0.01038193,0.9814753,2,22,0.018544568,1.0013405,2,46,0.0043053236,0.97482705,2,73,0.010075854,0.9248813,2,93,0.005249856,0.95113254,2,115,0.007084404,0.895673,2,135,0.0031751175,0.95131385,0,156,0.0,0.98946863,2,177,0.006680259,0.7310146,2,200
27,0.025211409,0.8853056,2,20,0.02963845,0.9083565,2,40,0.026596362,0.8026389,0,60,0.0,0.7958233,2,80,0.0,0.85363674,2,100,0.0043214723,0.935161,3,120,0.03599762,0.75718576,2,149
28,0.0042349896,1.0221269,2,20,0.011658648,1.0177861,2,40,0.006557502,0.9790635,2,60,0.009438691,0.98934233,2,80,0.0061146193,1.0469016,2,101,0.0069953552,1.0367807,2,137,0.008570355,1.0427768,2,157,0.012307125,0.98425984,2,200
29,0.0018523149,0.9399384,2,20,0.009965188,0.7367989,2,41,0.016589228,0.81791466,3,61,0.0,0.8378375,2,82,0.012456326,0.5370402,2,103,0.0,0.46033946,0,123,0.0,0.19511105,0,143,0.006020017,0.20555763,0,163,0.034960713,0.26707616,2,200
30,0.00047707025,0.93145233,2,21,0.014909988,0.8137978,2,41,0.0,0.86669713,0,62,0.0026967586,0.8175395,2,82,0.025151882,0.7718356,0,102,0.0051991814,1.0108036,2,122,0.0008724239,0.90389335,2,142,0.08625306,0.74678946,2,162,0.108337104,0.8122747,2,200
31,0.011210183,0.9749567,2,20,0.029623713,0.9576157,0,40,0.0,0.84313864,2,62,0.0133998515,0.9416336,2,82,0.0,0.7772384,2,104,0.0,0.66007245,2,128,0.0,0.4077185,1,149,0.0016248832,0.49598777,1,185
32,0.0038081259,0.96637285,2,20,0.001090377,0.90105283,2,40,0.0,0.8244589,2,61,0.0068656635,0.7142813,0,84,0.0,0.7589286,2,104,0.044832576,0.87265176,2,125,0.0,0.72907513,0,146,0.029876743,0.554631,0,166,0.015747836,0.34093183,0,200
33,0.0041953074,0.99510974,2,21,0.0,1.0419253,2,43,0.0020006576,1.0338676,2,66,0.0036596945,0.99340075,2,88,0.0,0.9887155,2,108,0.016091226,1.0110128,2,134,0.006978902,1.023469,2,156,0.0069990098,0.99527645,2,176,0.016848255,0.9966554,2,200
34,0.0004522687,0.9984522,2,20,0.00040825765,1.0482126,2,40,0.0,1.0664585,2,60,0.0051661558,1.048703,2,81,0.0,1.0109756,2,103,0.0,1.0779847,2,124,0.002691746,1.0540156,2,145,0.000109376015,1.0230634,2,165,0.0016442898,1.0165619,2,200
35,0.008466716,1.0219575,2,21,0.008144809,1.0336189,2,41,0.011105823,1.0509152,3,65,0.0,1.0511768,2,85,0.009033243,1.0105704,2,106,0.005190512,1.0384419,2,131,0.00039829657,0.9997423,2,151,0.0113785695,1.0218889,2,172,0.015875068,1.0102388,2,200
36,0.0066890023,1.0309825,2,33,0.0012228347,1.0457653,2,79,0.0016966637,1.0380143,2,101,0.0076113436,1.0378432,2,126,0.0,1.0208138,2,150,0.0031582934,1.0226463,2,173,0.0022934696,1.0118349,2,200
37,0.0030795387,1.0167753,2,29,0.011182702,1.036309,2,49,0.008360828,1.0345097,2,75,0.011855986,1.0197092,2,100,0.0,1.0787975,2,120,0.014544593,0.97708917,2,143,0.0012716756,1.0666888,2,163,0.0025065357,1.0321156,2,200
38,0.012693893,1.0654174,2,21,0.010637192,1.0411067,2,42,0.002284922,1.0522646,2,64,0.0,1.0650799,2,84,0.0,1.0056589,2,111,0.0006919202,1.0276536,2,132,0.0010478831,0.98467344,2,153,0.0,1.0255715,2,176,0.0,1.0225717,2,200
39,0.01006811,1.0803216,0,22,0.0,0.91070986,2,45
40,0.0062187514,0.9492863,2,20,0.005279502,0.87625396,0,41,0.003814293,0.8947377,2,61,0.022608154,0.8819815,2,83,0.0,0.8993015,2,113,0.0,0.9258978,2,133,0.0067076506,0.8349594,2,159,0.0,0.92354655,2,180,0.0,0.8968638,2,200
