0,0.0,0.9539233,2,22,0.01717655,0.9449291,2,47,0.006213511,1.0260044,2,67,0.015727377,1.0018494,2,87,0.0035380733,0.9840356,2,107,0.008117406,0.987208,2,127,0.01790818,0.97884864,2,147,0.0034369398,0.95956737,2,170,0.0071867886,0.9637403,2,200
1,0.0,0.9598579,2,22
2,0.00057871797,0.95525664,2,35,0.0,0.96142626,2,55,0.0043208115,0.96700615,2,76,0.0,0.7744461,2,96,0.009272305,0.6716986,2,116,0.0,0.49633384,0,140,0.0,0.3839789,1,160,0.0,0.25495148,1,180,0.14169882,0.3533702,1,200
3,0.004757132,0.95596904,2,22,0.000481583,0.9635,2,42,0.011281675,0.9321329,2,62,0.0110902935,0.9543326,2,86,0.0,0.9330835,2,109,0.0041031237,0.91558105,2,130,0.0078752525,0.93005383,2,151,0.010773534,0.9295937,0,172,0.00025635786,0.96225226,2,200
4,0.008312795,0.9407684,2,22,0.023525346,0.8920672,2,44,0.021750154,0.94303703,2,70,0.002365571,0.9475254,2,101,0.028137973,0.9239251,2,121,0.012911278,0.9590851,2,143,0.022257203,0.93569505,2,163,0.0,0.92756176,2,200
5,0.005629374,0.9341299,2,22,0.0,0.98174745,0,42,0.0027884422,0.9382328,0,62,0.010854085,0.9206528,2,85,0.025484245,0.8901463,2,107,0.012135044,0.97802615,2,129,0.0021719479,0.94578,2,150,0.005381479,0.97204083,2,170,0.00854131,1.0050241,3,200
6,0.019526782,0.96792054,2,23
7,0.0,1.0203427,2,22,0.0063711223,1.0645595,2,44,0.0,1.0699768,2,70,0.0014207971,0.9904779,2,92,0.0,1.0350939,2,112,0.005490816,1.0235357,2,133,0.0,1.025811,3,158,0.00042100472,1.0529559,2,200
8,0.0077480385,0.97949046,2,20,0.0057817027,0.9490698,2,42,0.01889832,0.9307329,2,62,0.0,0.91356754,3,82,0.0040990026,0.87739193,0,102,0.0,0.7825209,2,122,0.030840738,0.6826167,2,143,0.014313161,0.78266764,2,163,0.01750047,0.76283807,0,200
9,0.02313889,0.9389493,2,20,0.026751405,0.9404192,0,40,0.018567722,0.931368,2,61,0.0037897548,0.97154146,2,86,0.0016922764,0.9678103,2,106,0.0047508404,0.9027846,2,128,0.038371842,0.9409073,2,148,0.007823022,0.9860322,2,169,0.043624423,0.8830716,2,200
10,0.00014375523,0.92664015,2,20,0.004806876,0.9151232,2,42,0.040180705,0.9367024,2,62,0.004690481,0.9349798,2,82,0.00831007,0.9563319,2,102,0.007154708,0.91280156,2,122,0.011080624,0.935976,2,148,0.002760171,0.88289374,2,171,0.013868349,0.91023576,2,200
11,0.0,1.0229434,2,20,0.0094905365,1.0518805,2,41,0.00064716017,1.0704143,2,64,0.0,1.0447913,2,86,0.006234712,1.0267564,2,107,0.006686948,1.0065672,2,128,0.007465051,0.9929263,2,152,0.0002589607,1.0147145,2,173,0.0112005845,1.0405544,2,200
12,0.0035619747,1.0534406,2,20,0.005420229,1.0248154,2,40,0.005092205,1.0326754,2,62,0.0,1.0114155,2,82,0.00081458094,1.0297155,2,103,0.0055419584,0.99623233,2,129,0.0,1.0698146,3,149,0.0030029449,1.0488162,2,200
13,0.027048081,0.8200548,2,20,0.0,0.7772476,2,40,0.0068663126,0.8383128,0,76
14,0.0,1.016426,2,23,0.006744628,1.0089109,2,43,0.009607771,0.9724167,2,66,0.00608489,1.0221224,2,86,0.0070503373,1.0060551,2,109,0.0030208644,1.0338457,2,129,0.03460286,0.9880927,2,149,0.0,0.9802974,2,170,0.010501444,0.9837453,2,200
15,0.0069995965,1.0279207,2,28,0.013138786,1.0220917,2,52,0.00467195,1.0213832,2,75,0.0028871964,0.98313475,2,95,0.004119369,0.97751284,2,116,0.0,1.0322902,2,136,0.004024006,1.0331901,2,157,0.0,1.0717185,2,177,0.00014622777,0.97513705,2,200
16,0.00092599296,1.0423545,2,38,0.0,1.0938323,2,58,0.0,1.0117446,2,80,0.0005707745,1.0143237,2,106,0.009469222,1.0215602,2,138,0.0,1.0496501,3,158,0.00079121796,1.0078646,2,200
17,0.00049528375,1.058182,2,20,0.004300485,1.0421392,2,41,0.005406107,1.0265056,2,62,0.0021735565,1.0164746,2,88,0.00055874116,1.0238603,2,122,0.0018434665,1.0067767,2,149,0.0,1.0473051,2,169,0.0,1.0333829,2,200
18,0.013984119,0.98166627,2,25,0.0,0.9872568,2,45,0.015685687,0.9356731,2,91
19,0.00206193,0.99292666,2,26
20,0.0032841794,1.0095814,2,29
21,0.0011834269,1.0019637,2,20,0.0022704809,1.0338007,2,41,0.0,1.0671126,3,61,1.38300475e-05,1.0646222,3,81,0.002622968,1.0386987,2,101,0.0,1.0317731,3,122,0.0,1.0606548,2,143,0.0,1.0950483,2,167,0.0049478672,1.0269644,2,200
22,0.013999095,0.82420033,2,20,0.0358285,0.829421,2,46
23,0.0010554881,1.041738,2,20,0.003374971,1.0323017,2,41,0.020734543,1.0076697,2,81
24,0.00016218198,1.0027603,2,28,0.048289277,0.8157386,2,54,0.0,0.9641312,2,76,0.0,0.89715034,2,111,0.001856787,0.91985345,2,133,0.030975914,0.9908153,2,153,0.013316866,0.8450309,2,200
25,0.0040750606,1.0155832,2,39,0.020217275,1.0270789,2,59,0.0056533413,1.0346469,2,80,0.0073888926,0.98024255,2,100,0.023750778,1.016967,2,121,0.0044824956,1.0126731,2,141,0.024653599,1.0177381,2,162,0.008001421,1.0600446,2,200
26,0.0,1.0148897,2,26,0.015789498,1.0375961,2,46,0.0074609527,1.0192324,2,66,0.009497008,1.0571809,2,91,0.024538474,1.0030271,2,113,0.00155064,0.99739236,2,133,0.0419241,0.9855281,2,154,0.0045129755,0.9586085,2,174,0.0036669462,0.96707666,2,200
27,0.0018894671,0.99010575,2,29,0.016804608,0.95053357,2,49,0.0154003445,0.9719744,2,69,0.018931452,0.9997922,2,89,0.00065515476,0.9354992,2,112,0.0013721021,0.93122274,2,132,0.0009593941,0.98658055,2,155,0.016275432,0.9956813,2,175,0.0,1.0351394,2,200
28,0.007221334,0.99651563,2,21,0.024644474,0.9992167,2,41,0.0024471418,1.0238949,2,77,0.0,1.0241494,2,101,0.007075263,0.99143964,2,124
29,7.659056e-05,1.027604,2,37,0.0039171944,0.99692494,2,59,0.021815516,1.0153754,2,79,0.023168124,0.98093677,2,100,0.001403492,0.9725977,2,126,0.02141113,0.9780795,2,146,0.0110340575,0.9823017,2,168,0.027918205,0.9947123,2,200
30,0.002557252,0.9991682,2,22,0.010215941,0.98625445,2,43,0.0,0.9562894,2,63,0.0,1.0266888,2,83,0.020942017,1.018089,2,103,0.008325441,0.98392975,2,123,0.0012837497,0.94943815,2,154,0.0,0.9710969,2,174,0.009399718,1.0393269,2,200
31,0.006364107,0.97390735,2,21,0.039247435,0.86262226,2,41,0.012018165,0.8715259,2,61,0.013505345,0.96267855,2,82,0.017072085,0.8173486,2,103,0.0,0.89313203,0,123,0.0,0.916231,2,143,0.0300739,0.8614605,2,163,0.011028098,0.8532005,2,200
32,0.0020819348,0.94845027,2,21,0.0006705389,0.9195064,2,42,0.0,0.84262115,2,62,0.0,0.8567143,2,84,0.0044099,0.92305535,2,109,0.019666119,0.8884989,2,129,0.0043246676,0.97648686,2,152,0.01236838,0.94470465,2,174,0.0061677042,0.9557559,2,200
33,0.002142372,1.0639834,2,20,0.000222656,1.0207598,2,54,0.053324133,0.9468103,2,83,0.022111235,1.0118339,2,104,0.01800832,1.0121334,2,128,0.020581452,1.0348357,3,151,0.052736826,0.97167015,2,174,0.06284196,0.9194625,2,200
34,0.012984123,0.9955673,2,22
35,0.034563813,0.92973405,2,29
36,0.0038966157,1.0396565,2,21,0.010709287,0.9951785,2,41,0.0046981433,0.991021,2,61,0.001248301,1.0100826,2,82,0.010641243,1.0394278,2,103,0.01437602,0.9998754,2,129,0.022428567,0.9909524,2,150,0.025540112,1.0221351,2,174,0.012667479,0.99667966,2,200
37,0.010670667,0.9966052,2,35,0.0,0.9761787,2,78,0.011642962,0.9899115,2,112,0.00785471,0.97964483,2,134,0.0023180163,1.0336258,2,157,0.004735199,1.0570753,2,200
38,0.0029379097,1.0188206,2,23,0.016129354,0.94473225,2,46,0.0077988296,0.9305209,2,66,0.015648017,0.9498351,2,90,0.0075757126,0.972976,2,111,0.010420418,1.0018243,2,131,0.0065509276,0.9926548,2,154,0.0,0.96613187,2,175,0.001377773,0.9701635,2,195
39,0.000610814,1.0292404,2,30
40,0.024044856,0.978108,2,29,0.003767949,0.95257527,2,57
41,0.0077016726,0.9627229,2,20,0.019252803,0.955231,2,40,0.031055281,0.98198473,2,71,0.022100147,0.92675096,2,91,0.0030732625,0.9953286,2,111,0.008920529,0.9382761,2,131,0.0,0.89268607,2,153,0.009841187,0.96547127,2,173,0.004850409,0.9600684,2,200
