0,0.0047455924,1.022821,2,20,0.0031020027,1.0273973,2,51,0.003718792,1.0245067,2,73,0.015400345,1.0324438,2,94,0.0057908464,1.044363,2,147,0.017204158,1.1009638,2,176,0.000187891,1.025348,2,200
1,0.0025483,0.99050206,2,27,0.0048701637,1.018402,2,47,0.0,0.9981011,0,68,0.009280606,0.88791597,2,105,0.0059974906,0.83356225,2,127,0.0,0.91785175,2,148,0.0,0.8343202,2,169,0.036907524,0.6487043,2,200
2,0.005011727,0.93156165,2,23,0.0,1.0400416,2,43,0.0,1.0697485,2,66,0.00189212,1.0254705,2,86,0.00035539668,1.0603902,2,107,0.0,1.0199842,2,129,0.0,0.9775664,2,153,0.0,0.959276,2,174,0.0009247477,0.9096753,2,200
3,0.014051962,1.0207866,2,20,9.869625e-06,1.0464185,2,76,0.0018610323,1.0565478,2,96,0.0,1.0286956,2,116,0.007906285,1.006214,2,136,0.0011755407,1.0340012,2,157,0.00024851144,1.0267602,2,200
4,0.003792203,1.0334276,2,30,0.0,1.0689764,2,51,0.0,1.0862108,2,75,0.003949889,0.98710215,2,101,0.00023340143,1.0535008,2,133,0.0017234003,1.043666,2,153,0.0,1.016201,2,177,0.00046323045,1.0392678,2,200
5,0.0,1.0187808,2,20,0.004883768,0.9585297,2,50,0.0038166542,0.9893079,2,70,0.010054056,0.9684314,2,92,0.0,0.9941374,2,114,0.010393289,0.9673902,2,134,0.0,0.94068766,2,155,0.010889712,0.8222782,2,175,0.004877144,0.91227907,2,200
6,0.013248617,0.92644894,2,20,0.0,1.0755398,3,40,0.0,0.7931051,2,60,0.012987124,0.84097195,2,80,0.024248265,0.9185777,2,101,0.0,0.6468546,2,121,0.0049903467,0.86954284,2,154
7,0.0006023289,1.0191592,2,30
8,0.006317207,0.94175303,2,20,0.017138716,0.9824544,2,41,0.007227023,0.9978704,2,67,0.0020323216,1.0595996,2,108,0.0,1.0610611,2,128,0.0044756806,1.0340458,2,148,0.0035760389,1.075844,2,168,0.0,1.0689611,2,200
9,0.03383196,0.94451827,2,20,0.012885381,0.8471025,2,42,0.0072586113,0.913328,2,67,0.013432555,0.9330795,2,92
10,0.004127076,1.0311196,2,35
11,0.007895528,1.0232558,2,22,0.0057653836,0.99778,2,43,0.017706597,1.0344406,2,64,0.00062192144,1.0341264,2,87,0.009525161,1.0327374,2,108,0.010065971,1.0392541,2,129,0.0037653751,1.0392725,2,150,0.0022829098,1.0146273,2,170,0.0046668896,1.0268546,2,200
12,0.0058027944,0.92287284,2,20,0.004814256,0.94550437,2,40,0.0057649054,0.9201409,0,61,0.011737839,0.84138036,2,97
13,0.00430961,0.9485836,2,27
14,0.0028241407,0.94231486,2,24,0.013094937,0.9319478,2,45,7.797761e-05,0.89880615,2,67,0.02022782,0.8453514,2,87,0.008511707,0.9228283,2,108,0.006802128,0.91745365,2,128,0.010296694,0.9141191,2,148,0.031344123,0.9244528,2,168,0.029117627,0.9211812,2,200
15,0.001617214,1.0152203,2,20,0.012347495,0.9791063,2,40,0.024507508,1.0015291,2,63,0.010877316,0.9731802,2,83,6.5497865e-05,1.0295227,2,103,0.0013873775,1.0214963,2,123,0.0012163916,1.0389496,2,149,0.004166616,0.9995158,0,171,0.01265402,1.0180645,0,200
16,0.025268616,0.90634537,2,22,0.0,0.96153986,2,44,0.00111361,0.92680055,0,64,0.0,0.76168275,2,84,0.0,0.7366142,0,104,0.0,0.7265141,2,125,0.10474616,0.7624155,2,145,0.0067557814,0.7766228,0,165,0.018734938,0.6944736,2,200
17,0.008699362,0.9868042,2,20,0.0032476585,0.98771924,2,47,0.0,0.9277298,2,70,0.0,1.0181452,2,93,0.04120867,0.9504508,2,114,0.00543679,0.9567705,2,136,0.0020415792,0.9821842,2,158,0.00935067,0.91470414,2,178,0.01030686,0.99762684,2,200
18,0.010824591,0.93175566,2,38,0.0132540595,0.99189025,2,58,0.00066117186,0.8640275,2,78,0.051760983,0.92625,0,98
19,0.0018228324,1.0416874,2,27
20,0.0114081325,1.0149906,2,40,0.0056676795,0.98955774,2,67,0.0029812697,1.0535338,2,105,0.011039993,1.0440613,2,146,0.0,0.98831177,2,168,0.0038718898,1.0051281,2,200
21,0.0005861945,1.0366883,2,21,0.011585159,1.0212337,2,41,0.016809558,1.0211786,2,63,0.0,1.0284337,2,94,0.0,1.0044503,2,117,0.0054788855,1.0305005,2,138,0.00016695565,1.0350131,2,160,0.0061981822,1.0185583,2,200
22,0.0026399367,0.8506088,2,20,0.0026055854,0.8348861,2,41,0.0,0.82690865,2,62,0.0,0.97447664,0,82,0.0,0.89575136,0,102,0.008100668,0.8977553,0,122,0.0,0.8727573,0,142,0.0,0.6880464,0,162,0.018862044,0.6572245,2,200
23,0.00688726,1.0256498,2,21,0.018783415,1.0178205,2,49,0.0,1.0036298,2,72,0.0048702187,1.0551753,2,97,0.0,1.0398148,2,117,0.0,1.0290189,2,138,0.012796005,1.0271904,2,158,0.0009910462,1.0007261,2,200
24,0.017495075,0.9548637,2,23,0.0034366876,1.0201557,2,48,0.0039682887,1.016018,2,70,0.0,1.0415535,2,91,0.0037008903,1.0232265,2,113,0.007779041,1.0478569,2,140,0.0036240718,1.0422676,2,160,0.0,1.1016666,2,180,0.0038125657,1.0677433,2,200
25,0.0024489367,1.0214856,2,36,0.0036077842,1.0304519,2,56,0.00651311,1.0499004,2,87,0.0011051142,1.0321962,2,111,0.008109925,0.9871511,2,132,0.0056037456,1.0211926,2,166,0.00958275,1.0301136,2,200
26,0.0057586967,1.0293549,2,20,0.0,1.0528762,2,43,5.870061e-05,1.0478702,2,63,0.0010015762,1.0636631,2,87,0.0,1.0098668,2,107,0.00043065738,1.0375575,2,128,0.0,1.0446541,3,158,0.0,1.0202166,2,192
27,0.004627125,0.9997155,2,35,0.01782659,1.0251437,2,55,0.003299839,0.9808592,2,83,0.0026892098,1.0131214,2,108,0.008702116,0.99419117,2,128,0.012735367,0.96728957,2,148,0.012146927,1.0221704,2,169,0.022137439,1.0047,0,200
28,0.0022188346,1.0327169,2,31
29,0.00037477183,1.0279481,2,20,0.0012034306,1.0987766,2,40,0.0020355962,1.0303417,2,61,0.0031740137,1.018564,2,85,0.016517427,0.9961864,2,105,0.020355072,1.0235007,2,126,0.003912663,0.9588965,2,153,0.001374532,0.9166826,2,173,0.021409562,0.6886598,2,200
30,0.0011936188,1.0202022,2,25,0.011680256,0.9932229,2,65
31,0.013438588,1.0267928,2,21,0.0011455836,1.0639464,2,42
32,0.00044814448,1.0196736,2,23,0.004650466,1.0316217,2,46,0.027667042,0.95905733,2,66,0.030931732,0.9307396,2,89,0.01582796,0.9535481,2,109,0.013047947,0.97621083,2,130,0.0074507943,0.9278476,2,160,0.005753752,1.016455,2,180,0.010028045,0.971025,2,200
33,0.0018044136,0.9827692,2,22,0.013838106,1.0038791,2,65
34,0.0077582826,1.0311759,2,22,0.0072286464,1.0423452,2,42,0.0,1.024472,2,63,0.014548476,0.9853567,2,83,0.0,0.9973444,2,106,0.006710625,1.0313114,2,128,0.016789602,0.99680734,2,150,0.002493677,1.0712744,2,200
35,0.005895904,0.9652452,2,22,0.003458246,0.9489557,2,42,0.010826964,0.944788,2,62,0.02049528,0.99626595,2,89,0.00010651572,0.95291793,2,110,0.03419119,0.92882156,2,130,0.0,0.93351704,2,152,0.0,0.9878551,2,172,0.0,0.9039232,2,200
36,0.0016630625,0.9932715,2,21,0.0,1.0170745,2,41,0.01480449,1.0073925,2,65,0.011436956,1.0118268,2,85,0.007981357,1.0402085,2,108,0.0050131627,1.052213,2,140,0.01608453,1.0143445,2,165,0.027072005,0.9728167,2,200
37,0.0057891468,0.9710063,2,20,0.010882311,0.9609028,2,40,0.011324654,0.95891744,2,61,0.02244163,0.8281854,2,82,0.0,0.87565327,0,102,0.0020651664,0.86232984,2,122,0.007894337,0.98604506,2,152,0.009175534,0.980182,0,172,0.018183975,0.9012757,0,200
38,0.0037483135,0.989348,2,36
39,0.030468207,0.8836696,2,25,0.0,0.9464411,2,53,0.00817045,0.5272258,0,83
40,0.0055893003,1.0298202,2,20,0.0,1.053296,2,41,0.006083918,1.0057507,2,69,0.01569757,1.0138478,2,93,0.009820232,1.0128819,2,115,0.006928856,1.035379,2,135,0.0019531744,1.012435,2,155,0.016420156,0.97901976,2,175,0.0039468347,1.0079632,2,200
