0,0.0,1.0423151,2,21,0.0,1.0235409,2,50,0.0004909114,1.0559456,2,80,0.0002102877,1.1209271,2,103,0.0060759676,1.0673051,2,129,0.0043111173,1.0964918,2,152,0.0,1.1350356,0,172,0.0073424093,1.0755731,2,200
1,0.0136881685,1.0231962,2,34
2,0.0003905047,0.97906977,2,23,0.0074227154,0.97289056,2,44,0.0044497354,0.97397804,2,64,0.025773168,0.9663763,2,88,0.0035580914,0.9558398,2,109,0.0040980335,1.0192546,2,131,0.004736622,1.0519718,2,153,0.0010587064,1.0095452,2,179,0.0043296553,1.0142885,2,200
3,0.003098025,0.90130234,2,20,0.015309521,0.80799305,2,41,0.0015794124,0.78986025,2,62,0.0031367012,0.8405897,2,82,0.0098603,0.931468,2,104,0.0,0.9054576,3,124,0.0,0.8350558,2,145,0.01646508,0.89281034,2,166,0.0,0.723647,2,200
4,0.0027488389,0.97243434,2,20,0.0060710497,1.0094105,2,40,0.015906984,1.0050896,0,63,0.020027095,0.9892395,2,83,0.015484135,1.0078946,2,103,0.005876926,1.0226529,2,125,0.0,1.0380249,2,148,0.012718174,0.9645623,2,168,0.015247762,0.97920805,2,200
5,0.0030655651,1.0290406,2,20,0.0030642515,1.0395522,2,42,0.004624065,1.0248644,2,63,0.0056973286,1.0341754,2,90,0.0019558812,0.99919283,2,110,0.016466707,1.0168202,2,130,0.0,0.9980664,2,153,0.0,1.0664412,2,173,0.00040479266,1.042287,2,200
6,0.021931473,0.8672897,2,20,0.013470951,0.69989157,2,40,0.0,0.70007247,2,60,0.0,0.67051196,1,81,0.008585054,0.74554104,0,101,0.004755072,0.568726,1,123,0.022276089,0.67927766,0,143,0.008961087,0.7015332,2,163,0.006153192,0.6148149,2,200
7,0.00488628,0.9967606,2,21,0.0,0.97804016,2,42,0.008075839,1.0633363,2,62,0.011080298,1.0405469,2,85
8,0.0062788045,0.99773526,2,21,0.005345117,1.00116,2,42,0.013427462,0.95310265,2,66,0.0059183557,1.0021496,2,90,0.0018409215,1.049601,2,110,0.010410573,0.9419798,2,136,0.01583783,0.91047966,2,156
9,0.006773482,0.9331428,2,32
10,0.00039152778,1.0316006,2,23,0.0022449805,0.9911316,2,43,0.010782097,1.0052074,2,63,0.0017032895,1.0534822,2,87,0.0,1.0562199,2,107,0.009499425,0.97960985,3,129,0.027314961,0.9627539,2,149,0.056379285,0.90242296,2,171,0.020961508,0.94877625,2,200
11,0.011844104,0.98646307,2,20,0.0077517387,0.99501467,2,41,0.011168762,0.9661939,2,63,0.00022891621,0.9332164,2,83,0.0,1.0024096,2,104,0.023296671,0.91807485,0,125,0.019350626,0.99563557,2,147,0.026781714,0.9581606,2,167,0.0051801074,0.98600656,2,200
12,0.009764736,0.9689402,2,21,0.017015845,0.86220294,2,42,0.026326561,0.89157605,2,87
13,0.016778177,1.0041606,2,23,0.006462287,1.0315644,2,46,0.02393423,0.99823684,2,66,0.013640603,1.0458021,2,86,0.016473632,1.0279418,2,123
14,0.00073548325,1.0249392,2,20,0.011349758,1.07157,0,43,0.016928667,1.0287875,2,65,0.0035153278,1.0276651,2,85,0.0,1.0651196,2,107,0.0015393109,1.0856376,2,151,0.0062182755,1.0438806,2,173,0.008738773,0.9754214,2,200
15,0.0,0.9461524,2,20,0.0038424623,0.8168629,3,59
16,0.0,1.0073587,2,20,0.010331529,1.041469,2,44,0.0022192034,1.0551362,2,67,0.008272282,1.0066918,2,90,0.0018805922,1.0141832,2,117,0.0,1.0612609,2,137,0.006090919,1.0513943,2,157,0.0048973225,1.0505812,2,178,0.0014128289,1.0559887,2,200
17,0.0074071297,0.93388325,2,28,0.010592407,0.9813071,2,49,0.042725407,0.9368534,2,70,0.011459469,0.892661,2,90,0.027613074,0.95406127,2,122,0.0051882775,0.9679777,2,159
18,0.0,1.0378152,2,21,0.0076463423,1.0401928,2,42,0.005679545,1.0171701,2,69,0.0,1.004993,2,89,0.0055077644,0.9800415,2,111,0.002344362,0.98281634,2,139,0.0,1.0401644,2,160,0.009814078,1.0438663,3,180,0.001843747,1.0100063,2,200
19,0.0016402612,0.97490984,2,21,0.0,0.81320703,2,41,0.0,0.8821498,2,61,0.014656289,0.86879605,2,95
20,0.014242593,1.016516,2,22,0.0016780639,1.0194771,2,43,0.008174276,1.0503557,2,64,0.005588006,1.0531772,2,88,0.0,1.0518008,2,113,0.0010118219,1.0060005,2,135,0.0006784382,1.0552499,2,155,0.0,1.0357409,2,178,0.0076026176,1.0521575,2,200
21,0.0,0.83887213,2,20,0.0074934373,0.61748827,1,59
22,0.023558224,1.0226364,2,20,0.009230992,0.9894328,2,40,0.011905037,0.97377145,2,75
23,0.0,0.9546572,2,20,0.0049738577,0.7413401,0,59
24,0.0,0.849018,2,20,0.0043570274,0.63198864,1,59
25,0.0,1.0557444,2,21,0.0,1.0614861,2,44,0.004957524,1.0434431,2,64,0.007408439,1.0645694,2,84,0.0027628557,1.1078525,2,106,0.0,1.156471,2,128,0.0,1.0493962,2,158,0.0,1.043051,2,178,0.0003082699,1.0714196,2,200
26,0.0,1.0372809,2,22,0.0033832877,1.0108124,2,47,0.011103809,1.053804,2,70,0.0,1.0028011,2,100,0.007832961,1.0626695,2,120,0.0,1.0716131,2,145,0.014188827,0.96840614,2,167,0.009328712,0.9554827,2,200
27,0.0,0.85850114,3,20,0.0116673615,0.8504661,2,51
28,0.0066102226,0.97989076,2,26,0.006454552,0.9509516,2,46,0.004379751,0.91985726,2,68,0.0,0.98740274,2,88,0.010644962,0.92135495,2,108,0.05564682,0.86523956,2,129,0.0076231533,0.92470294,2,150,0.0,0.82621884,2,171,0.0,0.9039644,2,200
29,0.012325013,0.9663946,2,22,0.042171456,0.93425596,2,42,0.017944328,0.8930772,2,63,0.036592234,0.90421045,2,83,0.011226203,0.79998,2,105,0.016604098,0.84411734,2,125,0.022283595,0.8237917,3,145,0.0,0.9058496,2,166,0.0,0.79204845,0,200
30,0.0005264264,1.0138577,2,24,0.007017537,0.994667,2,50,0.0,1.0390304,2,75,0.0,1.0806615,2,95,0.0,1.033965,2,122,0.0,1.0388721,2,143,0.0,1.0566045,2,163,0.0,1.0282414,2,200
31,0.0024122987,1.0120465,2,20,0.0,0.97833973,2,43,0.00554438,0.82938397,2,74
32,0.005413926,1.0116318,2,20,0.024260389,1.020364,2,43,0.018818486,0.9967073,2,63,0.0,1.0641651,2,84,0.0054948097,1.0019184,2,107,0.018556435,0.97402686,2,132,0.0004250883,0.9927546,2,152,0.027805557,0.98164785,2,172,0.013273343,0.96001214,2,200
33,0.0004097242,1.0135288,2,23,0.0033012412,0.97578895,2,43,0.02014031,0.9914197,2,64,0.0053664995,1.0249037,2,89,0.01669099,1.005782,2,110,0.015829736,1.0037471,2,130,0.004485153,1.0112063,2,155,0.0,0.99014723,2,177,0.023726862,1.0369323,2,200
34,0.014475123,1.0180843,2,21,0.002025382,0.99300003,2,44,0.009854727,0.98016346,2,65
35,0.0011803663,1.02507,2,26,0.0062302854,0.9839619,2,51,0.013613314,0.9561377,2,78,0.021304084,0.93710524,2,121,0.0075667566,0.95342237,2,144,0.0039433218,0.9787426,2,178,0.011452199,1.0650079,2,200
36,0.015839074,1.0377483,2,20,0.0047646104,1.0168641,2,45,0.0048681907,0.9963056,2,74,0.005968745,0.9954487,2,96,0.024981862,0.9789258,2,117,0.0019278784,0.9615979,2,138,0.02554635,0.9825664,2,164,0.019227833,0.9728726,2,200
37,0.0059272107,1.0501698,2,33,0.013087222,1.0143917,2,53,0.006030667,1.0202681,2,76,0.002085094,1.0752102,2,99,0.0020365268,1.0423934,2,134,4.8582773e-05,1.0453522,2,162,0.010617395,1.0058095,2,200
38,0.036634948,0.8781048,2,20,0.009454083,0.8171393,3,40,0.008158356,0.91222775,2,60,0.010541206,0.5459506,0,80,0.025421325,0.6286743,2,100,0.0,0.5813621,1,120,0.005932038,0.65417063,2,141,0.0052227024,0.811794,2,162,0.002628229,0.749918,2,200
