0,0.008323155,1.0017469,2,50,0.0021385662,1.0263753,2,82,0.0,1.0250508,2,104,0.024332352,1.0372379,2,124,0.010541979,1.0195725,2,146,0.014935017,1.0386543,2,171,0.0,1.0552568,2,200
1,0.011110769,0.9704952,0,21,0.0020407317,0.9539637,2,42,0.0072617666,0.8988313,2,67,0.009541716,0.8684784,0,87,0.08588862,0.9580949,0,107,0.0024867442,0.9953047,2,127,0.03646829,0.95450354,2,147,0.013520552,0.9487957,2,167,0.016788756,0.9166947,2,200
2,0.0008213571,1.0224564,2,20,0.005127625,1.0322474,2,43,0.0032966197,0.97609663,2,64,0.005012209,1.0418146,2,94,0.0015181047,1.0081643,2,116,0.00477727,1.0186065,2,136,0.0052047395,0.99431884,2,156,0.0,0.97576076,2,176,0.0,1.0376743,2,200
3,0.0,0.99800855,2,21,0.0019892128,1.0522856,2,41,0.0027869572,1.0193843,2,67,0.0073670945,1.0289412,2,87,0.008641268,1.030274,2,108,0.0,1.0081347,2,138,0.01751028,0.9705783,2,159,0.05097895,0.9495094,2,180,0.0062983497,0.9899241,2,200
4,0.006668555,1.0374053,0,20,0.004240468,1.0344069,2,42
5,0.016606642,0.9609293,2,32
6,0.004231664,0.8629236,2,20,0.0009729393,0.60746425,2,40,0.0,0.64287037,2,62
7,0.022032226,0.7998628,0,20,0.0,1.0244501,2,40,0.011661794,0.76214755,0,60,0.0022998224,0.6734729,0,81,0.01256798,0.84444416,2,101,0.04483444,0.68846786,2,121,0.065167315,0.84899116,2,147,0.015822249,0.8381041,2,188
8,0.0,1.0492995,2,21,0.0045870086,0.9930722,2,42
9,0.0013125186,1.044483,2,30,0.0032096212,1.0246749,2,51,0.009452437,0.99217826,2,71,0.0007265884,1.0281552,2,91,0.0005528182,1.0121663,2,111,0.005366234,0.9479463,2,133,0.0,0.9532623,2,153,0.0054114317,0.90194607,2,179,0.0,0.9256089,2,200
10,0.011883442,1.0150054,2,37
11,0.011107997,0.98908204,2,20,0.0008672728,1.0177116,2,41,0.010623708,1.015894,2,65,0.010168096,1.0517797,2,91,0.0056371964,1.0003645,2,112,0.008176153,1.000861,2,134,0.005933799,1.0178266,2,154,0.0,1.0305206,2,179,0.0018609709,0.9972716,2,200
12,0.014568823,1.0465181,2,31,0.0026628817,1.0010115,2,52,0.0027737606,0.9799913,2,80,0.006277658,0.993134,2,100,0.015757887,0.9611816,2,122
13,0.0053065275,0.96700144,2,37
14,0.0031631861,1.0385774,2,24,0.0052720397,1.0611941,2,49,0.009348582,1.0442731,2,70,0.013717365,1.0741619,2,94,0.0,1.0692712,2,144,0.02185309,1.0193504,2,174,0.001378513,1.0558703,2,200
15,0.01083975,1.0618788,2,20,0.0016194677,1.0237377,2,40,0.0008861997,1.0043728,2,60,0.0063273455,1.0412465,2,85,0.0031482687,0.9749887,2,108,0.0070273443,1.0092106,2,140,0.0014870409,1.0027481,2,166,0.008016527,0.9978615,2,200
16,0.019887118,0.8943757,2,20,0.0,0.9391449,2,40,0.0,0.8959034,2,60,0.021141391,0.6293492,2,80
17,0.0015853305,0.88471305,2,20,0.0,0.8819612,2,40,0.024597032,0.8509138,0,60,0.0020661629,0.5623895,2,80
18,0.008891425,0.99960756,2,20,0.0059813913,0.87600607,2,41,0.012497658,0.942479,2,61,0.021147761,0.72586834,2,81,0.008204903,0.8228886,2,102,0.0072753513,0.65215206,2,141
19,0.066724025,0.82381356,2,21,0.053364504,0.84989625,3,43,0.011300109,0.65018576,2,63,0.0,0.52376544,2,86,0.003511791,0.33268955,2,106,0.07706924,0.4186235,2,126,0.08758693,0.2437766,2,153,0.008789342,0.3419147,2,173,0.04222176,0.6525349,2,200
20,0.014412711,0.89503133,2,21,0.007887632,0.94959307,2,42,0.027990524,0.9448098,2,63,0.0,0.9702506,0,84,0.012291715,0.9443784,2,104,0.007942122,0.96927434,2,125,0.0023206058,0.9297601,2,145,0.009966463,0.98349726,2,165,0.01201789,0.9347512,2,200
21,0.0037471917,1.0176694,2,20,0.0,1.0267315,3,43,0.0,1.0399034,2,66,0.0,1.048578,2,86,0.015376547,0.9842069,2,108,0.0,1.0508068,2,128,0.005162653,0.9937681,2,150,0.0,1.0182556,2,180,0.0,0.9485176,2,200
22,0.0034809567,0.99647766,2,33
23,0.0013717122,1.0434953,2,44,0.01457119,1.0452867,2,66,0.01397758,1.0541633,2,91,0.00089696003,1.0107754,2,116,0.0032398691,1.0761667,2,138,0.0,1.1025448,2,159,0.00064121437,1.0992496,2,180,0.0015789343,1.0643556,2,200
24,0.0043823468,0.93179166,2,25,0.03858368,0.90452546,2,46,0.005122999,0.9177319,0,66,0.016930612,0.698298,0,89,0.008725132,0.6266989,0,110,0.0,0.7751107,2,130,0.0,0.7289635,2,152,0.004343775,0.8391408,2,172,0.0067090713,0.7069626,2,200
25,0.002236838,1.0317769,2,21,0.002327924,1.014539,2,41,0.005021721,1.0459188,2,68,0.0025553275,1.0318716,2,93,0.0019853245,1.0331472,2,113,0.0024315966,1.0643765,2,133,0.007920825,1.0425292,2,153,0.0115429545,1.0372939,2,175,0.007975183,0.99725944,2,200
26,0.0,1.0413598,2,26,0.0018769528,1.0253619,2,46,0.008391699,1.0168973,2,68,0.005452133,1.0589412,2,88,0.005261788,1.0336845,2,129,0.013652788,1.0382661,2,151,0.006589327,1.0610803,2,175,0.0,1.0665532,2,200
27,0.0,1.0152403,2,21,0.0014821473,1.0939147,2,43,0.0,1.0206664,2,69,0.0024652223,1.0298847,2,90,0.0,0.98557246,2,112,0.00019542048,0.9737521,2,142,0.0,0.97736627,2,162,0.005425542,1.0240756,0,200
28,0.0,0.8647211,2,20,0.0,0.61267614,2,40,0.0,0.62947756,2,62
29,0.005288329,1.0167552,2,20,0.027023524,0.8974651,2,40,0.010065853,0.8843487,3,62,0.0,0.8777296,2,84,0.01547392,0.9095411,2,107,0.006162402,0.87717295,2,127,0.0,0.954574,2,147,0.022357037,0.8974079,0,167,0.007341326,0.76135015,2,200
30,0.023945706,0.89723516,2,21,0.0012616519,0.9086426,2,41,0.009712238,0.82037354,2,62,0.0026446835,0.8560645,0,82,0.07510047,0.8728692,2,102,0.012845655,0.9654182,3,122,0.010857111,0.737816,0,142,0.00485935,0.75074184,2,163,0.07391661,0.6856176,2,200
31,0.0005186148,1.0586764,2,24,0.006549626,0.9840165,2,56,0.0017018457,1.0500693,2,97,0.0029764813,1.0367295,2,120,0.004149344,1.0648464,2,141,0.0,0.9798211,2,162,5.40569e-05,1.051948,2,200
32,0.0,1.0145987,2,20,0.036338694,0.98140943,2,41,0.0076123914,0.90665305,2,61,0.015442071,0.9272362,3,81,0.025187448,0.94982433,2,105,0.0,1.0393977,2,127,0.0,1.055342,2,147,0.031149205,0.89362526,0,167,0.0033079116,0.8908909,2,200
33,0.013446191,0.958114,2,20,0.07449109,0.84400266,2,41,0.02867867,0.8293233,2,62,0.012251812,0.7952255,0,82,0.0,0.8682025,3,102,0.015091466,0.8573049,3,122,0.0025500183,0.67417586,3,143,0.021384515,0.71516615,2,164,0.11783147,0.6310927,2,200
34,0.01397932,0.98080397,3,20,0.0143461395,0.7893789,2,40,0.007013372,0.8031095,2,60,0.0,0.7844631,2,83,0.0,0.80397063,2,103,0.0,0.61417097,0,124,0.0,0.6077632,2,144,0.01936877,0.74834657,2,169
35,0.0,0.9134372,3,20,0.0,0.8753565,2,40,0.029315421,0.6086184,0,60,0.0,0.6346787,0,81,0.0013884852,0.6637265,2,102,0.0,0.669082,2,123,0.002370655,0.7911034,0,143,0.039213475,0.7709823,2,175
36,0.000118089185,0.8955711,2,20,0.0014108308,0.8353569,2,40,0.02257541,0.81767577,2,60,0.026653891,0.77727675,2,80,0.0007892181,0.80982417,2,100,0.0,0.55169314,0,121,0.0,0.4343043,0,142,0.04144199,0.53836805,0,162,0.0031521972,0.42049146,2,200
37,0.020001471,1.0383508,2,20,0.006001538,1.0230587,2,40,0.017955497,1.0344775,2,60,0.0,1.0701237,2,81,0.006928884,1.053885,2,104,0.0028529784,1.0557299,2,126,0.0015520629,1.0583293,2,146,0.0036526374,1.073505,2,166,0.0034928687,1.0276806,2,200
38,0.006888742,0.9730535,2,31,0.0025156098,0.9055152,2,51,0.0022431512,0.88737804,2,71,0.0018131272,0.96183014,2,93,0.0063647465,0.9603774,2,113,0.0053070225,0.96728164,2,134,0.0032641296,0.96938956,2,154,0.0038545493,1.0088449,2,178,0.0,1.1163877,2,200
39,0.0,0.8287848,2,20,0.0,0.50515765,2,40,0.0,0.35986274,0,60,0.15202688,0.3856608,2,84
40,0.00013471283,1.0085747,3,20,0.11127428,0.655695,0,41
41,0.009171961,0.99653363,2,41,0.01232016,0.9520518,2,61,0.012600124,0.95718366,2,81,0.016501866,0.98060256,2,105,0.0067678853,1.0018697,2,127,0.0,1.030483,2,147,0.0,1.0071702,2,167,0.0017442729,0.9700112,2,200
42,0.0,1.043665,2,23,0.0,0.9898578,2,43,0.0013962978,0.99077773,2,69,0.0010365639,0.99667144,2,112,0.0012959405,0.99713975,2,134,0.0061436533,1.1086341,2,161,0.0030296196,1.0915802,2,200
43,0.0045474917,0.86745024,2,24,0.0,0.6557236,2,44,0.0,0.69469714,2,65,0.0,0.59618866,2,91,0.00022767636,0.7373453,2,112,0.0,0.6022268,0,132,0.00052034,0.8171175,2,156,0.0,0.7906435,2,176,0.0,0.8545883,2,200
44,0.004548267,1.0102206,2,22,0.0020823076,1.0426043,2,63,0.0078096017,0.99526066,2,89,0.02346871,0.95500755,2,110,0.036006227,0.9434571,2,130,0.050188277,0.92467874,2,152,0.016166667,0.9115986,2,174,0.010414519,0.99000776,2,200
45,0.011021996,0.9610159,2,20,0.0,0.90709096,2,40,0.0,0.7726006,2,60,0.0053941333,0.8808943,0,80,0.0058703288,0.74491996,2,100,0.0,0.84594476,2,120,0.0058874926,0.5624911,2,140,0.01764956,0.750573,2,168
46,0.006644591,1.0173686,2,22,0.0,0.9736727,2,44,0.0,0.88629913,2,83
47,0.008276458,1.0073415,2,24,0.0011520463,1.0205176,2,44,0.009386494,1.0157427,2,65,0.035873465,0.97695833,2,86,0.00400612,0.9883572,2,107,0.0055482746,1.0534405,2,127,0.016741645,1.0015249,2,147,0.013603477,0.92921937,2,168,0.0,0.9033253,2,200
48,0.0,1.0147032,2,21,0.004829336,0.9949425,2,43,0.006987641,1.0146922,2,64,0.025381247,0.99301976,2,88,0.007035065,0.98826486,2,117,0.0076706954,1.0043645,2,143,0.0,1.0095075,2,164,0.012535114,0.9851318,2,200
49,0.027696803,0.9415339,2,20,0.015443662,0.95501196,2,46
50,0.0075568245,1.0136777,2,20,0.006522151,0.9714879,2,59
51,0.0048156907,0.97430205,2,22,0.0036562108,0.9509369,2,42,0.0,0.9065739,2,62,0.02190644,0.85451746,2,91
52,0.0027613023,1.0138626,2,29,0.0050418177,1.040791,2,49,0.0029672089,1.0297687,2,76,0.00037676046,1.0455632,2,109,0.010688907,1.0793196,2,129,0.0020249966,1.0608417,2,151,0.0069313585,1.0708196,2,171,0.0063065095,1.0420711,2,200
53,0.010897862,1.0028373,2,21,0.0016704594,0.96258724,2,42,0.016979987,1.0163672,2,62,0.0051451437,1.0615501,2,83,0.0,1.03824,2,105,0.015831802,1.021091,2,125,0.002722307,1.0247327,2,147,0.011164095,0.98332095,2,169,0.0055021816,0.9475698,2,200
