0,0.0063375444,1.0296156,2,20,0.0,1.0100434,2,41,0.0032300868,0.9452937,2,61,0.003848001,0.9815376,2,90,0.0055587008,1.0141757,2,111,0.008871206,1.0300219,2,132,0.0018727934,1.0446979,2,156,0.0042970427,1.0181814,2,177,0.003248665,0.9648884,2,200
1,0.013732056,0.9170597,2,24,0.0,0.9706661,2,44,0.004110477,0.7285384,2,64,0.04255991,0.7469687,2,84,0.0,0.9099432,2,104,0.0,1.0810539,2,124,0.045424066,0.6348444,0,144,0.034702253,0.4782406,2,166
2,0.0,0.9542343,2,20
3,0.009942066,0.96332186,2,24,0.0,0.90212923,2,45,0.0,0.82163036,2,66,0.0,0.71655375,2,87,0.0,0.81192094,2,107,0.026561145,0.6144997,2,127,0.0,0.62767214,2,147,0.0,0.62892616,2,168,0.016183298,0.7724817,2,200
4,0.005667997,0.94400394,2,20,0.011706673,0.87890816,2,40,0.0042672525,0.9218074,2,65,0.005144567,0.86336213,2,85,0.0,0.8934407,2,105,0.0,0.8541752,0,125,0.0,0.6634368,2,145,0.0,0.7254042,2,167,0.0,0.8008239,2,200
5,0.0,0.9632063,2,20,0.035279244,0.8985341,2,40,0.0035884199,0.85858446,2,71
6,0.0016443809,1.0415721,2,33,0.0052563255,1.0547049,2,53,0.014050471,1.0132213,2,85,0.004215709,1.0026057,2,105,0.0,0.99013484,2,127,0.027665997,0.99885195,2,151,0.011471206,0.93824613,0,171,0.0,0.92354006,2,200
7,0.001338858,0.9846859,2,21,0.005435537,1.0726253,2,43,0.003417268,1.0253806,2,64,0.0,1.0561696,2,85,0.0063391156,1.0378821,2,111,0.0010141308,1.0106059,2,134,0.009092011,1.1138297,2,154,0.0025354046,1.0814189,2,175,0.0,0.999234,2,200
8,0.0027168687,1.0510302,2,42,0.0005537573,1.0749398,2,67,0.0048946445,1.0553433,2,93,0.006650953,1.0395877,2,113,0.0018164356,1.010062,2,173,0.0059732078,0.9594124,2,200
9,0.0028937913,0.9988276,2,23,0.0,1.0454456,2,43,0.0044305185,1.0261269,2,64,0.00052571035,1.0684803,2,84,0.00069530396,1.0497614,2,108,0.0020804913,1.0171987,2,130,0.00067981175,1.0383639,2,155,0.0011074736,1.0310096,2,176,0.0013851247,0.8867634,2,200
10,0.006333493,0.99573463,2,25,0.021150947,0.99753475,2,45,0.006517904,1.0016068,2,67,0.0,1.0081894,2,89,0.01603933,1.0512779,2,109,0.008020615,1.0575573,2,129,0.005377242,1.0271662,2,152,0.0016965437,1.0279295,2,173,5.317217e-05,1.0262346,2,200
11,0.009430735,0.99206245,2,26
12,0.0,0.9898306,2,23,0.0,1.049568,2,43,0.0041168933,1.004505,2,70,0.006075061,0.99933904,2,91,0.002064694,1.0346537,2,114,0.00019177182,1.0601081,2,135,0.0,1.0325944,2,161,0.0,1.0446364,2,200
13,0.013786477,1.0068613,2,20,0.007100773,0.96255744,2,40,0.021269187,0.9665503,2,61,0.006733802,0.9562565,2,84,0.021347363,0.89855796,2,104,0.008109435,0.8729312,2,125,0.016947923,0.81608605,2,161
14,0.018844452,1.0070933,2,31
15,0.0018290064,0.956519,2,20,0.015754405,0.9214915,2,41,0.020311465,0.8426305,2,61,0.0058869403,0.9387617,2,96
16,0.008162496,1.0189263,2,38,0.0015647642,1.0564283,2,59,0.0055420795,1.0050284,2,79,0.009007815,0.988942,2,111,0.0031664826,1.0128875,2,131,0.0035920534,1.0205754,2,158,0.0105847325,1.0128032,2,178,0.001960669,1.035843,2,200
17,0.0032610688,0.98286563,2,37,0.0015250219,1.040228,2,57,0.015292948,1.0458066,2,77,0.006387729,1.0591499,2,97,0.0,1.0792464,2,119,0.01264511,1.0528872,2,146,0.0,1.0890752,2,169,0.0,0.98153293,2,200
18,0.0021569105,1.0339565,2,33,0.0,1.0263269,3,54,0.0,1.1024389,0,74,0.0051737605,1.0846479,2,94,0.0024435574,1.0311232,2,118,0.0,1.0946879,2,145,0.0072066383,1.062673,2,170,0.018798422,1.0246928,2,200
19,8.921111e-05,1.0478052,2,20,0.0,1.0510993,2,42,0.00626849,1.0352994,2,62,0.0,1.02349,2,85,0.0,1.0714376,2,117,0.0005216079,1.1284076,2,144,0.0052896943,1.0991768,2,165,0.014617552,1.0301391,2,200
20,0.009355201,0.90568644,2,21,0.0049227723,0.9111777,2,43,0.012544116,0.7546424,0,63,0.0027093962,0.6176467,0,83,0.0,0.67414176,2,103,0.023667324,0.80262697,0,123,0.0,0.85802746,2,143,0.0,0.8277537,2,167
21,0.011553368,0.9708307,2,32
22,0.00897857,0.97622406,2,20,0.003936319,0.967545,2,44,0.0003063883,0.97306836,2,70,0.019194407,1.0208346,2,90,0.012409801,0.9618915,2,111,0.0,0.9965456,2,135,0.009497131,1.0052204,2,155,0.015381595,0.9647507,2,178,0.013378487,1.009192,2,200
23,0.0012938031,1.0016584,2,20,0.0035730028,0.9951107,2,40,0.012408655,0.9986695,2,71,0.011826198,1.007251,2,91,0.008523641,1.002827,2,115,0.010485062,0.92848194,2,135,0.011961539,1.0301386,2,156,0.015371121,1.033883,2,180,0.0025791526,1.0739034,2,200
24,0.00038027155,1.0553588,2,22,0.0,1.0354942,2,44,0.0,1.031477,2,64,0.0,1.0550953,2,84,0.0,0.97798383,2,106,0.0011506984,1.0598742,2,127,0.0004509643,1.0354809,2,170,0.004657825,1.0754132,2,200
25,0.0014688612,1.0420383,2,27,0.0009414746,1.0067053,2,47,0.0068465797,1.0412791,2,67,0.004435761,1.039125,2,89,0.0,1.0132459,2,109,0.005315045,1.0583743,2,138,0.0022417281,1.0475985,2,168,0.0011590004,1.0488377,2,200
26,0.0086171795,0.9919336,2,25,0.0068640686,0.9926914,2,46,0.003867112,1.0146456,2,68,0.013836423,0.9772988,2,90,0.054397393,0.9006708,2,110,0.0019035226,0.9982147,2,135,0.0,0.9267577,2,156,0.00876329,0.8305318,2,176,0.027249508,0.8571184,2,200
27,0.011522719,1.0461633,2,21,0.0006996584,1.0787022,2,53
28,0.0,1.0546694,2,23,0.0,1.0320007,2,45,0.0,1.0164123,2,75,0.0018766136,1.011812,2,102,0.0020535826,0.97657675,2,123,0.0,0.98157704,2,144,0.013598112,0.93058693,0,165,0.0037749507,1.0350571,2,200
29,0.005441263,1.0268772,2,26,0.0,1.0093744,2,58
30,0.0071336804,0.90104544,2,20,0.018151933,0.91707027,2,40,0.0,0.6239637,2,60,0.0,0.6891043,1,81
31,0.008008874,0.9922648,2,31
32,0.0011554838,1.0206033,2,29,0.0,1.0062064,2,50,0.031876154,0.969705,2,70,0.0044990825,0.9648591,2,91,0.030605003,0.90665054,2,111,0.018872952,0.92755544,2,131,0.08084891,0.89566356,0,151,0.037973873,0.97500086,2,171,0.058253232,0.9235246,2,200
33,0.003705962,1.0569193,2,21,0.002999063,1.0520799,2,53
34,0.0006972511,1.015117,2,20,0.0004718039,1.0099268,2,45,0.0020177814,1.0080062,2,76,0.0027229679,0.99840444,3,97,0.0,1.0038302,2,117,0.0,0.9953724,3,138,0.0037654482,1.0561931,2,158,0.0096967695,1.0019522,2,200
35,0.011928631,0.99753386,2,23,0.033941228,0.94578063,2,44,0.012213056,0.971062,2,65,0.00045751032,0.923054,2,90,0.0,0.9592513,2,110,0.0,0.965186,2,138,0.0,1.0077101,2,159,0.0015181683,0.90565836,2,180,0.019076642,0.8414922,2,200
