0,0.0069584097,1.0289512,2,23,0.0029014237,1.0401103,2,43,0.0010610729,1.0508163,2,64,0.009965434,1.0051236,2,90,0.0033796465,1.0155348,2,112,0.000108700515,1.0333955,2,140,0.0071266494,1.016825,2,160,0.0060134553,1.018461,2,200
1,0.002698287,0.98821086,2,20,0.0,0.84100235,0,41,0.029276665,0.7383796,0,61,0.0,0.54665715,2,81,0.07576288,0.30139115,2,102,0.073839985,0.33489993,0,122,0.07112628,0.4502665,2,142,0.00014179162,0.6037816,0,162,0.37168342,0.17131348,2,200
2,0.012024371,0.98476064,3,20,0.0020954502,0.76739645,0,40,0.000736039,0.6698078,0,60,0.01752541,0.5776807,2,81,0.013235017,0.35741946,2,103,0.11786081,0.37849104,0,123,0.08535524,0.508393,2,143,0.013272221,0.4623013,0,164,0.23545837,0.20832723,2,200
3,0.018607138,0.9397475,0,24,0.019913852,0.86945236,3,44,0.022702053,0.9336455,2,67,0.005714114,0.8233126,2,92
4,0.00076196896,1.0477524,2,28,0.0,1.0450548,2,48,0.0014194192,1.0589502,2,68,0.0039939876,0.97961026,2,92,0.0048946,1.0337929,2,117,0.00066700036,0.995308,2,140,0.0034813278,1.0123738,2,162,0.010520353,0.9234834,2,200
5,0.011273939,0.9335452,2,22,0.0087780785,0.91522133,2,42,0.022143865,0.94464195,2,63,0.012589793,0.8310747,2,83,0.012167396,0.86596566,3,103,0.0,0.66471255,2,123,0.0,0.7868384,2,154
6,0.040643044,0.8328222,2,20,0.11577171,0.7505028,2,40
7,0.0022409537,1.0337752,2,20,0.03215549,0.9527003,2,40,0.0,1.0325353,2,60,0.0012435609,1.0552033,2,88,0.0039159814,1.0572932,2,108,8.4448606e-05,1.0069761,2,129,0.01375227,0.93020535,2,149,0.0029363958,0.9193552,2,169,0.010807772,0.94760054,2,200
8,0.0046645384,0.8627529,2,25,0.0,0.9801625,2,45,0.0,0.80744463,0,66,0.0,0.666838,0,87,0.0,0.45216224,2,111,0.0,0.52265084,2,131,0.0,0.32136324,1,154,0.006136458,0.3271867,2,175,0.0,0.67934054,2,200
9,0.0060759606,0.9509001,2,20,0.0010329684,0.9562646,2,41,0.0008813476,1.0467687,2,65,0.012427236,0.9563406,2,86,0.0,0.8531845,0,106,0.0031477092,0.8689742,2,127,0.0014276959,0.83135754,0,153
10,0.034742694,0.7918972,2,41
11,0.017305875,0.996064,2,24,0.008839168,0.98941547,2,51,0.0,1.0451757,2,71,0.009346779,0.95524645,2,91,0.03170707,0.9695104,2,111,0.002035302,0.92449,2,131,0.0,0.9555885,2,151,0.0,1.0141618,2,171,0.0014817853,0.96876097,2,200
12,0.015386451,0.9403325,2,22,0.017408421,0.92736304,2,42,0.006624662,0.9272479,2,63,0.01674698,0.9452465,2,88,0.0007408742,1.0227555,2,110,0.0,1.0443848,2,130,0.02640002,0.96817243,0,150,0.015488781,0.690986,2,170,0.030279035,0.6925776,2,200
13,0.006172476,0.9694743,2,20,0.0076974705,0.96569026,2,40,0.00787948,0.9614023,2,60,0.00496803,0.91795313,2,80,0.038250763,0.91080934,2,107,0.003843889,0.9438365,2,128,0.018894548,0.98345304,3,149,0.022338167,1.0345342,2,169,0.009967229,1.0429833,2,200
14,0.0042458186,0.98767394,2,20,0.014940102,0.963901,2,41,0.0,1.0609789,2,61,0.004783729,0.9874966,2,83,0.01043965,1.0211918,2,105,0.0026979342,1.0453912,2,130,0.002939491,1.0776561,2,170,0.0017064146,1.0235666,2,200
15,0.0074741356,0.90603644,2,35
16,0.001246791,1.0404605,2,20,0.0,1.0209306,2,40,0.0,1.0343006,2,63,0.0025028512,1.0208193,2,84,0.00064105465,1.0512773,2,120,0.005234459,1.0204862,2,140,0.008380823,0.9650716,2,161,0.026740061,0.9254607,2,200
17,0.0,1.0374669,2,20,0.0,1.0473753,2,55,0.0025960635,1.0069573,2,78,0.0039304113,0.9859398,2,103,0.0,0.9811593,2,123,0.0038252056,0.99231994,2,148,0.0,1.0199488,2,168,0.007338261,1.0174918,2,200
18,0.021815749,0.99905336,2,32,0.018569421,1.0202781,0,52,0.00060031546,1.0626005,2,82,0.0,1.0500853,2,102,0.0016962796,1.0292258,2,134,0.0,1.0342582,2,154,0.0038916909,1.0328147,2,174,0.0050971755,0.9904476,2,200
19,0.0015829022,1.0219027,2,20,0.0047259154,1.0527556,3,42,0.0068656695,1.0483983,2,70,0.007244709,1.0304844,2,92,0.0013386243,1.0211074,2,112,0.019097637,1.002897,2,132,0.0067919474,1.0306642,2,154,0.0055701556,1.0312922,2,174,0.007862604,1.0100515,2,200
20,0.0024934392,0.99821144,2,21,0.010731633,0.95639277,2,56,0.013883364,0.9214135,2,99,0.04172226,0.91174954,2,119,0.032633666,0.91977364,2,150,0.0074309744,0.9452894,2,177,0.015932199,0.9134036,2,200
21,0.0057609114,1.0420024,2,26,0.0045823203,0.9862248,2,48,0.002158341,1.0175334,2,68,0.008170646,0.9903696,2,91,0.01149178,0.9871911,2,112,0.0025563645,0.98106843,2,134,0.0393432,0.9652833,2,154,0.0025613566,1.0044025,2,192
22,0.0007311577,1.0390189,2,21,0.0017059173,1.0230634,2,47,0.0,1.0201403,2,68,0.0,1.0740803,2,107,0.0,1.0101845,2,127,0.005287203,1.0347364,3,147,0.0,1.0319817,2,178,0.013817754,1.018751,2,200
23,0.0039833235,1.0029846,2,21,0.007551179,0.8392131,2,45
24,0.013897604,0.928983,3,38
25,0.00025814513,1.0288378,2,26,0.0046622865,0.99835557,2,47
26,0.026259664,0.9913564,2,21,0.0051209587,0.98494315,2,43
27,0.003509975,0.9402438,2,44
28,0.023978494,0.9118389,2,21,0.010037674,0.82002324,2,41,0.0017143599,0.76762867,2,63,0.031620253,0.7427513,2,83,0.021404035,0.73413795,2,103,0.0,0.8205137,2,123,0.0006684567,0.49880385,2,146,0.0,0.5936058,2,166,0.0,0.27482525,1,200
29,0.027510872,0.90913665,2,20,0.033364028,0.87864965,2,41,0.022144563,0.75522846,3,64
30,0.0,0.8696314,2,20,0.0003796882,0.7680203,2,40,0.032813665,0.876181,2,60,0.0,0.66421735,2,80,0.0,0.3587152,2,101,0.015117164,0.299602,1,128
31,0.0033205096,0.9442605,2,20,0.0038398136,0.9385888,2,41,0.0032675604,0.6744042,2,64,0.0,0.7874099,2,85,0.0,0.8891619,2,105,0.0014381952,0.92529404,2,125,0.00858338,0.7854333,2,145,0.0,0.6826663,2,165,0.013359723,0.698867,1,200
32,0.013959972,0.9641316,2,21,0.00040752385,0.7653537,2,45
33,0.0,0.94960606,3,34
34,0.0,1.0130637,2,21
35,0.015105705,0.9640213,2,21
36,0.015196102,0.87145174,2,35
37,0.018599477,0.9411788,2,21,0.0,0.9143198,2,41,0.0,0.967225,2,63,0.012327133,0.9293823,2,96
38,0.0,1.0053499,2,20,0.0011852048,1.0561537,2,48,0.0031490389,0.9966611,2,80,0.0031745306,0.97147465,2,104,0.01970882,0.91158205,2,129,0.050849505,0.9312748,2,150,0.015064251,0.89915025,2,172,0.017691936,0.9093976,2,200
39,0.006888281,1.0315223,2,22,0.0,1.0469866,2,42,0.007938834,1.0591738,2,63,0.00028012274,1.0113126,2,83,0.0017571842,0.97713834,2,107,0.0,1.0403184,2,130,0.006599766,1.0466616,2,151,0.00054282486,1.0354465,2,174,0.0036274146,1.0399528,2,200
40,0.02185642,0.8664674,2,22,0.014066568,0.8780719,2,42,0.04185266,0.8753177,0,62,0.024895545,0.88099176,2,82,0.0,1.0084658,2,111,0.023233533,0.98038656,2,133,0.0,0.8385507,2,153,0.05781971,0.6559529,2,175,0.039058592,0.7175946,2,200
41,0.0075425208,1.0147493,2,32,0.0054351883,1.0170826,2,66,0.008979339,1.016205,2,88,0.0,1.0674536,2,108,0.010817295,0.94179505,2,128,0.036066115,0.955625,2,150,0.0,1.0083822,3,171,0.04698532,0.98050034,2,200
42,0.006999161,1.0168068,2,23,0.008698513,1.018759,2,43,0.016412795,1.0064881,2,68,0.0,1.0322816,3,88,0.0034598578,1.0058397,2,108,0.010853034,0.9901981,2,131,0.0,0.9994777,2,151,0.0049745347,1.0186906,2,173,0.0,1.0451806,2,200
43,0.0,0.81893206,2,20,0.017385388,0.3794153,2,40,0.0005257524,0.46350384,1,60,0.0,0.46541524,1,80,0.04053157,0.7247884,1,101,0.030774146,0.6321588,0,121,0.0,0.8944297,2,141,0.0,0.53468716,2,161,0.0,0.59071636,0,200
44,0.000998736,0.93450165,2,20,0.013573281,0.93565714,2,42,0.0007456082,1.0160413,2,63,0.0065852217,0.9516936,2,98
45,0.0061063226,0.9543642,2,22
46,0.017146014,1.0081807,2,22,0.0038662557,0.9665359,2,42,0.007365795,0.9941161,2,69,0.01276754,0.9919057,2,90,0.014894029,0.94160044,2,110,0.0012656976,1.004999,2,139,0.0,1.0334109,2,162,0.0074633555,0.9930609,2,200
