0,0.0,1.0365745,2,22,0.013814283,1.0468764,2,46,0.005502222,1.0258491,2,66,0.0,1.0327212,2,89,0.010275304,1.0319524,2,134,0.0009325086,1.0112156,2,155,0.0,1.0165964,2,179,0.0,1.0539647,2,200
1,0.0042053303,0.96731377,2,21,0.032731768,0.9606632,2,47,0.063299835,0.9224156,2,67,0.0,1.0045964,2,97,0.0048171966,0.9791026,2,118,0.00858469,0.99190557,2,138,0.004011343,1.0705386,2,159,0.002646901,0.9470159,2,200
2,0.0052682394,0.97716224,2,29,0.0034081794,0.98469985,2,49,0.0059016156,0.9068483,2,71,0.00016732683,0.92064977,2,92,0.010892706,0.9590438,2,112,0.023297137,0.9066175,2,132,0.027396005,0.8477073,2,152,0.03229912,0.91260606,0,172,0.01854538,0.8840054,2,200
3,0.007460563,0.9208471,2,20,0.0073729875,0.90499663,2,43,0.0,0.83146554,2,63,0.0,0.8490675,2,83,0.0075453515,0.91983896,2,106,0.0,0.848855,0,126,0.03614416,0.75005466,0,146,0.0017464481,0.6231529,2,166,0.0082628485,0.7197612,2,200
4,0.0039053652,1.0573326,2,38,0.0,1.037414,2,62,0.0100979665,1.012783,2,100,0.0014635179,1.0401292,2,122,0.0006831125,1.034548,2,145,0.009434785,1.0427119,2,166,0.0026183599,1.0397094,2,200
5,0.009266326,0.9493768,2,37
6,0.005807568,1.0167367,2,20,0.0019205255,1.0147778,2,42,0.00024648046,1.0505723,2,69,0.0,1.0559819,2,92,0.0,1.0763202,2,113,0.0,1.0791041,2,134,0.0,1.0470376,2,156,0.0,0.9919699,3,176,0.0032145523,1.0255028,2,200
7,0.0033219524,1.0045522,2,20,0.0028448065,0.9662209,2,42,0.017890217,1.0006112,2,64,0.0013163066,1.0277524,2,89,0.0051565142,1.0259043,2,112,0.004723574,0.98340255,2,132,0.0063983253,0.98735374,2,158,0.011526671,0.99217385,2,200
8,0.00068556954,1.0087066,2,32,0.006836623,0.99417824,2,57,0.0014100946,1.0343528,2,78,0.0,0.9165028,2,102,0.06280668,0.6675856,2,138
9,0.0065601678,0.9930536,2,23,0.015765585,0.9462603,2,45,0.006981995,0.93378127,2,65,0.010415646,0.9191224,2,86,0.028653037,0.9388205,0,106,0.05238984,0.7519221,2,132
10,0.004564142,0.96758944,2,22,0.009917708,0.9508358,2,48,0.0059019774,0.928708,2,74,0.0,0.97758317,2,96,0.0023098344,0.9904721,2,117,0.013358831,0.9500936,2,137,0.02659065,0.9326427,2,159,0.019054912,0.9455518,2,200
11,0.0047211116,1.0119714,2,29,0.013620111,0.9922533,2,51,0.017393796,1.0168688,2,72,0.018349804,1.0060775,2,92,0.011933362,1.0134293,2,113,0.014098918,0.98855495,2,133,0.006253157,0.992224,2,157,0.0016576918,1.0455564,2,178,0.0,1.0202225,2,200
12,0.011923673,0.9879058,2,20,0.0054630577,1.0053184,2,40,1.1461135e-05,0.92945576,2,60,0.017304678,0.91657984,2,81
13,0.00720796,0.94561255,2,20,0.017774416,0.9154703,2,43,0.007260865,0.9490031,2,82
14,0.0,1.0216845,2,31,0.0,1.039279,2,54,0.0,0.9938934,2,76,0.0,1.0152601,2,97,0.00169744,1.0176871,2,128,0.0,1.0049855,2,148,0.00095416687,1.0210845,2,171,0.0,1.0479763,2,200
15,0.009827252,1.0348636,2,46
16,0.017383398,1.0207527,2,20,0.013051162,0.9807972,2,40,0.004269241,1.0118322,2,63,0.020123908,0.9883999,2,90
17,0.002867543,1.0281914,2,22,0.00029126028,1.0237843,2,58,0.0009763126,0.9854752,2,83,0.006631466,0.9787871,2,107,0.007663829,0.95299345,2,142,0.010983701,0.9107833,2,162,0.020709356,0.8522403,2,200
18,0.0074214707,0.97891134,2,21
19,0.013106046,1.0206774,2,41
20,0.0015405653,1.0139714,2,23,0.00016865438,1.0700328,2,45,0.0,1.0591413,2,71,0.0011180928,1.0033972,2,106,0.0,0.98882514,2,132,0.0,1.0420071,2,161,0.006869031,1.0639706,2,200
21,0.03195306,0.9305574,2,20,0.0129483435,0.9840929,2,40,0.005838388,0.9336227,2,60,0.0,0.84884924,0,81,0.0016085955,0.7899047,0,101,0.10226525,0.6082136,2,121,0.015668388,0.669883,2,147,0.076872,0.7546986,2,167,0.017864663,0.8290471,2,200
22,0.0,0.96175355,2,27,0.01727643,0.94008386,2,47,0.0005200603,0.9042123,0,68,0.01734754,0.72898763,0,88,0.0,0.81576717,2,109,0.037623644,0.7552979,2,129,0.044001706,0.7562583,2,150,0.0067572757,0.80042285,2,171,0.0075297263,0.7613644,2,200
23,0.007846529,0.9999305,2,28,0.0023493962,0.94838774,2,60,0.001989058,0.9702803,2,80,0.014247117,0.92541564,2,100,0.032059424,0.87165165,2,120,0.0,0.9387773,0,140,0.0,0.84830934,2,160,0.006187522,0.8565129,2,200
24,0.0010207209,1.0329103,2,32,0.0011100614,0.99885833,2,52,0.0010241289,1.0195202,2,90,0.0028823076,1.018837,2,117,0.0036303038,1.0486324,2,142,0.002192088,1.0635564,2,172,0.007687003,1.0613347,2,200
25,0.008531474,0.9577505,2,37
26,0.012107773,0.98831654,2,20,0.004980915,1.0137178,2,40,0.009234505,1.0394892,2,61,0.014708353,1.024592,2,81,0.004988962,0.9929223,2,101,0.00465214,1.0332276,2,121,0.0041799312,1.0398382,2,142,0.0029064673,1.0746624,2,162,0.015478693,0.97904515,2,200
27,0.00045499395,1.0386398,2,33,0.0,1.0348963,2,55,0.006278375,1.0039471,2,76,0.004472654,1.0422302,2,96,0.0031799513,1.0154259,2,116,0.006462209,1.0352546,2,164,0.009714882,1.0219653,2,200
28,0.0,1.0394909,2,20,0.01448712,1.0017382,2,40,0.014031,1.0125602,2,61,0.0,0.9872797,2,86,0.0036315522,1.0343022,2,106,0.0066332542,1.0187738,2,133,0.0048342245,1.0307355,2,157,0.03502177,0.9956557,2,177,0.0015065288,1.047268,2,200
29,0.0,1.0566199,2,30,0.0,1.0329924,2,62,0.0013371098,1.0076869,2,95,0.008310828,0.9779936,2,118,0.009318715,0.9960955,2,138,0.005407202,1.0541954,2,159,0.0052393917,1.0475987,2,200
30,0.006151032,1.027202,2,30,0.0,1.074393,2,52,0.004619563,0.9975811,2,82,0.0030904086,1.0382745,2,103,0.0026188488,1.0129458,2,124,0.0023639428,0.98528653,2,147,0.004471504,0.9871987,2,167,0.0,0.99501246,2,200
31,0.0037245927,1.05104,2,21,0.008218115,0.97300166,2,49,0.0004889297,0.938496,2,75,0.007120589,0.9589986,2,97,0.028978169,0.88871753,2,133
32,0.014706835,0.9780881,2,20,0.013972989,0.96533364,2,48,0.00112897,0.9100904,2,69,0.04314891,0.85334516,2,91,0.017767964,0.79919976,3,111,0.04701734,0.744676,2,133,0.0063399426,0.8443928,2,153,0.009483495,0.6439921,0,175,0.0019112915,0.6602529,2,200
33,0.007386405,1.0275573,2,24,0.0042503136,1.0107685,2,46,0.0035403734,1.0211763,2,78,0.0014171163,1.0018393,2,98,0.005456707,0.97852355,2,118,0.0059118136,0.9706229,2,153,0.004636549,0.9212588,2,174,0.011488229,0.9586448,2,200
34,0.0,1.0006768,2,20,0.016031226,0.96520376,2,44,0.0069216723,0.9747289,2,64,0.0049407757,0.972226,2,85,0.0023921225,0.9913207,2,105,0.007530861,0.9636664,2,130,0.0055211415,0.94875735,2,153,0.00016831278,0.9394668,2,174,0.018107235,0.9751553,2,200
35,0.0,1.0219182,2,20,0.006260796,1.0014381,2,44,0.0,1.0201796,2,64,0.008249263,1.0562078,2,85,0.0013834238,1.0284618,2,110,0.0,0.98987985,2,137,0.002525783,0.9730953,2,157,0.0077106953,0.9805979,2,200
