0,0.0017622658,1.0126963,2,33,0.018933864,0.9535074,2,53,0.015289793,0.95551205,2,73,0.018523451,0.94479764,2,93,0.0031527588,0.91284007,2,118,0.02448935,0.8853114,2,138,0.0,0.77933913,2,158,0.0,0.7509657,2,178,0.01609498,0.8736589,2,200
1,0.0,1.010376,2,21,0.0036649131,1.0304353,2,41,0.005219971,1.0500169,2,63,0.0006356966,0.99986905,2,86,0.0,0.96355027,2,107,0.0155036,0.9509483,2,133,0.033717915,0.9717809,2,153,0.002794249,0.91165257,2,173,0.010570853,0.8988364,2,200
2,0.018006977,0.93896073,2,20,0.019382436,0.98784006,2,40,0.018350253,0.9422409,2,64,0.021105343,0.97681445,2,85,0.016810296,0.91056114,2,107,0.012074213,0.92709434,2,128,0.007553247,1.0117751,2,149,0.020696348,0.9613724,0,169,0.012252456,0.9736811,2,200
3,0.022838619,0.9140138,2,25,0.018436957,0.8374551,2,45,0.05770992,0.80875176,2,65,0.004362137,0.9441516,2,85,0.0,1.0590605,2,105,0.0,1.0450423,0,126,0.0,1.0551829,2,152,0.015812222,0.93469507,3,172,0.0,0.8932819,2,200
4,0.017163003,0.99144,2,20,0.023566755,1.0043855,2,42,0.010597526,1.0369711,2,64,0.009767641,0.98742455,2,84,0.003755028,0.9816394,2,104,0.011594367,0.9958329,2,124,0.005137723,0.99007326,2,148,0.0015963424,1.0123483,2,170,0.00431893,0.9469244,2,200
5,0.01927485,0.9051398,0,21,0.0048139147,0.813626,2,41,0.040206928,0.8399493,2,61,0.010960227,0.91140217,2,92
6,0.005818014,0.93821996,2,38
7,0.025736762,0.8990447,2,34
8,0.0,1.0339544,2,20,0.005552001,1.031023,2,40,0.008773449,0.9673784,2,69
9,0.0,0.8265122,2,20,0.01791728,0.71680915,2,40,0.0,0.7474627,2,60,0.0,0.7457957,2,80,0.0070270896,0.558565,2,102,0.004824217,0.5892539,1,130
10,0.0032502068,1.0244206,2,48,0.0,0.99861,0,68,0.0,1.0352843,2,96,0.0,1.0194832,2,116,0.0,1.0328937,2,140,0.0,1.0376209,2,173,0.0,1.0468748,2,200
11,0.0,1.0129119,2,22
12,0.0002257647,1.059165,2,22,0.005100672,1.006152,2,45,0.0,0.99773246,2,65
13,0.0017261032,0.9760246,2,22,0.01685438,0.91525626,2,45,0.0012699945,0.8720549,2,65,0.0,0.82713854,2,85,0.024849018,0.88587505,2,105,0.006741643,0.8209257,2,127,0.0,0.8496765,0,148,0.0709504,0.9838645,0,169,0.09953681,0.8516158,2,200
14,0.014779484,0.9568879,2,20,0.004748396,0.96446735,2,41,0.02921316,0.9435104,2,69,0.012842354,0.90025806,2,91,0.0,0.9054639,2,112,0.005921808,0.88456696,2,132,0.009414316,0.9477564,2,155,0.00846294,0.92469007,2,176,0.025934607,0.9345601,2,200
15,0.004884998,1.0326374,2,30,0.0022605737,0.97012407,2,69
16,0.0006388101,0.8376953,2,20,0.004338771,0.8671659,2,40,0.0,0.76330113,2,61,0.0053132935,0.80758923,2,81,0.0,0.5389847,1,101,0.003883665,0.5957886,1,130
17,0.005846376,1.0318255,2,30,0.0,1.00501,2,51,0.0027223637,1.0144163,3,72,0.008139009,0.9949635,2,97,0.00031221073,1.0021305,2,119,0.0050624767,1.0552392,2,157,0.00064170966,1.0329672,2,180,0.0028989008,1.0224216,2,200
18,0.0021725923,1.0260901,2,36
19,0.00011221802,1.0326324,2,22,0.011187442,1.0320915,2,42,0.0013834875,1.0456647,2,71,0.0087506175,1.0147178,2,103,0.0082162395,1.0140786,2,124,0.0067037465,0.9674592,2,149,0.016407846,1.0145223,2,170,0.0039195004,1.0270989,2,200
20,0.0017759922,1.0092835,2,25,0.0011260926,1.0255572,2,45,0.0078854235,1.0103467,2,69,0.0028919848,1.0509235,2,91,0.0,1.0251659,2,112,0.013950586,0.9907975,2,132,0.015446822,1.0290152,2,152,0.019931152,0.99486494,2,175,0.0,1.0810877,2,200
21,0.0061420524,0.97703964,2,20,0.010850768,0.9769072,2,50,0.0076465737,0.9826797,2,73,0.004717748,0.941685,2,94,0.0041052266,0.802647,2,114,0.0,0.881822,2,137,0.0023317584,0.954877,2,158,0.0,0.91206425,2,178,0.008429723,0.9620892,2,200
22,0.00759107,1.0210015,2,22,0.0,1.0053315,2,52,0.015663166,1.0036887,2,75,0.011031764,0.97981036,2,107,0.0038875777,0.8590917,2,128,0.0,0.99196225,0,150,0.01606559,0.966502,3,172,0.0058140447,0.8378538,2,200
23,0.0013801889,0.9684521,2,21,0.01832422,0.94743377,2,41,0.0,0.9608546,2,63,0.0023535667,0.9720212,2,95,0.024227565,0.84150976,2,116,0.0027625288,0.5355844,0,142
24,0.0040145777,0.9952026,2,28
25,0.0011121448,1.0022154,2,23,0.0,1.0494462,2,45,0.0,1.0509815,2,65,0.0,1.0360934,2,92,0.0,1.0324172,2,114,0.0013163437,0.98764604,2,137,0.0,1.0407045,3,157,0.0,1.021106,2,177,0.0027233502,1.0056212,2,200
26,0.002408453,1.0262389,2,20,0.0010596869,1.0050619,2,46,0.015378301,0.9903046,2,66,0.016998993,0.9893903,2,96,0.009776481,1.0072773,2,118,0.009732517,0.9786196,2,138,0.00592701,0.96479225,2,162,0.0009639972,1.013135,2,200
27,0.001315871,1.0362489,2,29,0.0024673443,1.0244906,2,50,0.0028624686,1.0237283,2,73,0.004008042,1.025874,2,93,0.009176709,1.0354664,2,116,0.0,0.98693293,2,137,0.0030521147,1.0229464,2,158,0.0,1.0528036,2,178,0.0021087802,1.0172746,2,200
28,0.0059813946,0.9505853,2,22,0.005543469,1.0507668,2,53,0.012331915,0.9931892,2,78,0.012468679,1.0102636,2,99,0.07909586,0.89981353,2,119,0.018245135,0.9485413,2,142,0.0034240647,0.99441046,3,163,0.0038569255,0.82655346,2,200
29,0.0031134372,0.9792975,2,21,0.006013578,0.93595135,2,52,0.017590081,1.03809,0,72,0.00097391853,0.9967791,2,95,0.012592656,1.0041895,2,124,0.0079871705,0.8579491,2,148,0.041891236,0.9068756,2,169,0.006607696,1.0008925,2,200
30,0.0018147364,0.98146,2,20,0.017266827,0.9815076,2,41,0.018448101,0.9796952,0,62,0.0,0.92206085,2,83,0.0029429703,0.9462708,0,104,0.05235245,0.9532939,3,125,0.0,1.0088363,2,145,0.013763321,0.916711,2,165,0.019071877,0.9387699,2,200
31,0.018079232,1.0061388,2,20,0.023233857,1.0207492,2,46
32,0.002176832,1.0082263,2,37,0.004211668,1.0090303,2,71,0.0,1.0092534,2,98,0.0076934844,1.0113091,2,129,0.0015989458,1.0665711,2,153,0.0089096585,1.0203613,2,180,0.008661899,1.0389205,2,200
33,0.0032860425,1.0304167,2,21,0.0027934853,1.0005916,2,41,0.0040358896,0.99425465,2,67,0.0006381095,1.058311,2,87,0.002819994,1.0971675,2,109,0.022835148,1.0237939,2,129,0.007346663,0.9445795,3,151,0.0,0.9717879,2,171,0.010695378,1.0201784,3,200
34,0.0058720955,1.0190662,2,21,0.0,1.0225056,2,43,0.0023911754,1.0487185,2,63,0.004250293,1.0641699,2,83,0.0,1.0596461,2,108,0.0062650675,1.0867416,2,133,0.0040484346,1.1056544,2,153,0.0015499127,1.1073432,2,200
35,0.002728135,1.0400242,2,28,0.005775159,1.0343275,2,55,0.0,1.0579367,2,80,0.011528198,1.0240637,2,104,0.0016105945,1.0076168,2,124,0.010518161,1.0110296,2,158,0.007962851,1.0766634,2,179,0.011843098,0.9928344,2,200
36,0.0,1.0393932,2,20,0.001021212,1.0260942,2,41,0.0,1.0935767,2,62,0.004267479,1.0204754,3,82,0.0010776287,1.0189842,2,132,0.0,0.98856795,2,152,0.0,1.047267,2,173,0.0,1.0808408,2,200
37,0.0,1.0527961,2,27,0.0,1.0499443,2,49,0.0,1.0278618,2,73,0.010528087,0.96884525,2,93,0.0011803851,0.97222614,2,115,0.0034362325,1.0434171,2,141,0.0,1.0626266,2,165,0.0,1.0546066,2,200
38,0.0,1.0010175,2,28,0.0032806594,1.0053647,2,49,0.050094496,0.98689187,2,70,0.012483964,0.9753726,2,90,0.0057350677,0.9554499,2,110,0.015709193,0.8875672,2,131,0.0,0.93367213,2,151,0.014466571,0.7678844,2,178
39,0.0007066257,1.0119201,2,31,0.00984574,1.0629394,2,57,0.0,1.0947819,3,80,0.0,1.111985,2,103,0.00018926822,1.0786084,2,123,0.029550957,0.9377153,2,146,0.038183995,1.012256,2,166,0.03839717,0.92865205,2,200
40,0.014840719,1.0298859,2,20,0.0057615265,1.0211799,2,46,0.01788221,0.97552586,2,66,0.004437768,1.025794,2,87,0.0,1.0335282,2,108,0.0029906025,1.0022463,2,130,0.02333469,0.98304874,2,150,0.0022464888,1.0037467,2,177,0.0012087784,1.0290856,2,200
41,0.011015263,0.9555271,2,24,0.008508862,0.9886572,2,44,0.023722617,0.9010997,2,64,0.0047184993,0.8785536,2,86,0.0025153786,0.7901829,2,108,0.019474402,0.8733099,2,128,0.016117318,0.8612371,0,150,0.008376606,0.90176076,3,170,0.09516788,0.7455772,2,200
42,0.0034139312,0.96009237,2,25,0.015977638,0.9773979,2,45,0.008737399,0.9551217,2,65,0.0034635097,0.9738575,2,85,0.010639518,1.0135771,2,106,0.00392302,0.96324676,2,128,0.013781691,1.004619,2,151,0.0048892344,0.9921102,2,177,0.013375788,1.0114044,2,200
