0,0.0,1.0240376,2,20,0.0,1.0355875,2,40,8.305935e-05,1.0176408,2,60,0.0,1.0525126,2,108,0.0013234835,0.9796822,2,129,0.0,1.0185039,2,149,0.004080133,1.0247599,2,200
1,0.0012552091,1.0240425,2,23
2,0.030668855,0.9581913,2,22,0.005592189,0.9699677,2,42,0.021528969,0.9528706,2,64,0.002307846,0.99812794,2,84,0.0,1.0597137,3,106,0.0017233293,1.0580629,2,128,0.00238296,1.0070212,2,168,0.0069047054,0.98941493,2,200
3,0.0043912376,1.0581721,2,25,0.0065460033,1.0418804,2,45,0.014937574,0.9739506,2,66,0.0018291309,1.0305989,2,86,0.0037483596,1.0103972,2,106,0.0023697584,1.0269351,2,126,0.0034846491,1.0327668,2,146,0.00016624821,1.0047252,2,169,0.007620437,0.99724096,2,200
4,0.0030043782,0.97905254,2,20,0.007928534,1.0054647,2,41,0.008007024,0.9526005,2,61,0.00076655817,1.0108362,2,89,0.0029561024,1.013021,2,118,0.003590791,1.0366968,2,139,0.0,1.0139335,0,159,0.001348026,1.0195434,2,200
5,0.0020966402,1.0004013,2,26
6,0.0015309425,1.025767,2,25,0.004845282,1.0135251,2,51
7,0.007176121,1.0027984,2,27
8,0.01025348,0.9972955,2,20,0.0,0.9706783,2,41,0.005334726,0.9269106,2,61,0.018618671,0.93144464,2,85,0.008306413,0.9370186,2,109,0.008152269,0.9674792,2,129,0.021329863,0.96585006,2,153,0.021836082,0.92594993,2,173,0.00995602,0.7785997,2,200
9,0.0014653848,1.0445352,2,24,0.00030485875,0.96194476,2,44,0.028402654,1.0075661,2,67,0.004539533,0.9937116,2,87,0.011440967,1.0201819,2,107,0.01188951,0.98195094,2,140,0.0072580455,0.9938148,2,160,0.0,1.0198586,2,180,0.012905851,0.9537891,2,200
10,0.0003135375,1.0064915,2,20,0.004078299,0.98113525,2,40,0.0,0.99027383,2,62,0.0,0.9892933,2,86,0.00064653455,1.013042,2,124,0.0,1.0340663,2,149,0.0,1.022039,2,179,0.00028592366,1.0245813,2,200
11,0.019853767,0.9668498,2,34
12,0.00017040627,0.998713,2,29,0.0,1.031609,2,49,0.016402075,1.0284439,2,74,0.03145451,1.0015465,2,94,0.016146427,0.94751817,2,118,0.0050163334,1.0172726,2,138,0.00618335,0.99281496,2,160,0.013558028,0.98012143,2,200
13,0.0,0.7942518,2,20,0.003960113,0.6722107,2,41,0.031374983,0.9095491,2,61,0.0,0.6343187,2,81,0.0,0.432091,0,101,0.060360387,0.62243164,1,122,0.0,0.43799353,2,142,0.0,0.4018941,1,162,0.0019750313,0.19142942,2,185
14,0.0015434567,0.95921314,2,20,0.0,0.89463216,2,40,0.018423786,1.000231,2,60,0.0056052916,0.98909533,3,80,0.015182821,0.9768169,3,101,0.0,0.71404064,2,121,0.0,0.8119338,2,141,0.0,0.7848961,2,165,0.018400677,0.82991105,2,200
15,0.0047174986,1.0414063,2,20,0.008670584,1.0441538,2,42,0.022857906,1.0069878,2,62,0.049281996,0.99065816,2,83,0.0055185026,0.98212713,2,105,0.012990302,1.0041627,2,128,0.020627711,0.9442172,2,148,0.0078609185,0.9939742,2,168,0.0058776494,0.9975041,2,200
16,0.009556853,1.0285063,2,21,0.017030908,0.94995373,2,45,0.012695711,0.98128957,2,74,0.0060836757,1.0034449,2,94,4.7437847e-05,1.003272,2,116,0.017379524,0.92087364,2,138,0.014634393,0.93218935,2,161,0.06396115,0.7870353,2,200
17,0.007438374,0.9787409,2,25,0.008578939,1.0442353,2,46,0.008408182,1.0231005,2,76,0.009350419,0.9964858,2,96,0.04386876,0.8690713,2,116,0.0,0.9996409,3,137,0.0,1.0188568,0,157,0.0,0.7390379,0,177,0.02421469,0.6388659,2,200
18,0.0030287725,1.0219141,2,24,0.0,1.0767752,2,44,0.0,1.0428567,3,69,0.0,1.0470372,2,89,0.0,1.0343853,2,111,0.0005152283,1.0241019,2,131,0.0,1.0150553,2,169,0.0,1.0007476,3,200
19,0.012155455,1.0150928,2,24,0.0,1.0520176,2,45,0.010578344,0.9988925,2,65,0.022833612,0.9801143,2,85,0.010991188,1.0000594,2,105,0.0022957914,0.9931018,2,129,0.0,0.9708832,2,153,0.0026405794,1.048234,2,173,0.006036703,1.0288744,2,200
20,0.0038537793,1.0059053,2,28,0.0066547506,1.0060462,2,49,0.0,1.0602729,2,74,0.001276605,0.9661296,2,99,0.00013396908,0.9707473,2,119,0.011739544,0.9670817,2,139,0.02887975,0.85181063,2,159,0.0,0.5573666,0,179,0.00040252967,0.5391377,0,200
21,0.005213955,0.977387,2,34,0.0015965212,0.99273765,2,55,0.002606807,1.0824922,2,77,0.010095716,1.0433178,2,110,0.001314822,1.0439632,2,143,0.0025119623,0.99109024,2,173,0.0,1.0444204,2,200
22,0.014940767,0.749645,2,21,0.0,0.7347408,2,41,0.0,0.8150768,0,61,0.0036456217,0.7236702,2,81,0.0,0.39005932,1,114
23,0.03679564,0.9166264,2,36
24,0.0013549479,0.9113949,2,20,0.0,0.83003795,2,41,0.0,0.9647935,0,61,0.01938568,0.83645153,2,81,0.02039225,0.86944115,2,101,0.07110036,0.7048426,2,121,0.0,0.88870466,2,142,0.0091155525,0.85995626,2,163,0.024915965,0.88758343,2,200
25,0.002289425,0.88902426,2,20,0.00719788,0.92558527,2,41,0.0,0.9121811,0,61,0.0,0.8762094,0,81,0.06756699,0.8011197,2,101,0.033335015,0.76353294,2,122,0.029230636,0.75868833,2,142,0.029028257,0.82518244,2,163,0.03710768,0.7472342,2,200
26,0.011121647,0.9642892,2,20,0.010322834,1.0469989,2,44,0.006555258,0.9459128,2,65,0.011734613,0.9637306,2,86,0.009548893,0.9859557,2,106,0.0014710501,0.8906954,2,126,0.0105787385,1.0145569,3,147,0.0,0.83026856,0,167,0.0046972856,0.64794004,2,200
27,0.0015374179,1.0133334,2,27,0.010212459,1.020996,2,48,0.0,1.019449,2,68,0.008651402,1.0441597,2,107
28,0.007663901,0.99366146,2,38
29,0.009492984,1.0078305,2,20,0.020768894,1.0110881,2,40,0.0067253727,0.99278086,2,62,0.0,0.97116363,2,83,0.007502747,0.93671876,2,103,0.0039347773,1.0331868,2,140,0.0044111474,0.9676853,2,168,0.025413252,1.005459,2,200
30,0.009204079,1.0621189,2,21,0.0005758328,1.0248686,2,45,0.011299962,0.99617565,2,65,0.00084574585,1.0584978,2,86,0.0010846369,1.0236729,2,110,0.0011070579,1.0314642,2,134,0.0,1.0002444,2,155,0.0033601217,1.0184842,2,175,0.0019125897,1.012369,2,200
31,0.0010131449,1.0112562,2,21,0.0125388745,1.0003701,2,43,0.0316295,0.99806476,2,67,0.01072084,0.99127007,2,93,0.0045271623,0.99636,2,115,0.0065193013,1.0190101,2,137,0.004087579,1.0213193,2,161,0.009279924,0.92898405,2,200
32,0.002706196,1.0360885,2,37,0.0066880537,1.020443,2,60,0.012666811,1.021908,2,91,0.009143058,1.0511177,2,111,0.0007851388,1.0241886,2,134,0.010109557,0.9632967,2,155,0.005708581,1.0087125,2,175,0.017495297,1.0453197,2,200
33,0.007700785,0.92752254,2,20,0.006062902,0.8947979,2,42,0.012868552,0.8587556,2,62,0.018349513,0.81748635,2,83,0.004831459,0.86936915,2,105,0.03938036,0.7633021,2,127,0.014621227,1.0936037,2,149,0.0,0.8895565,2,169,0.0,0.5470286,0,200
34,0.021129087,0.94170237,2,20,0.0,0.9342473,2,40,0.03557078,0.7855561,2,60,0.03368158,0.8428392,2,81,0.027489636,0.88081473,0,101,0.014712131,0.8290328,2,121,0.015300968,0.8952309,2,142,0.005379755,0.89482117,2,180
35,0.0040188,0.9706172,2,20,0.008808123,0.92278206,2,40,0.008804249,0.93742394,2,63,0.00589282,0.93342096,2,83,0.012503442,0.94070196,2,103,0.0,0.936079,2,123,0.013257826,0.94848347,2,143,0.002633231,0.8588004,2,163,0.06924513,0.6791664,2,200
36,0.00679366,1.0221472,2,20,0.015414226,0.927909,2,40,0.00833862,1.0061909,2,60,0.0,0.98604685,2,88,0.0,1.0087869,2,109,0.0016297356,0.96062106,2,129,0.02525423,0.9695614,2,149,0.00052177656,1.0226558,2,169,0.0009159426,1.1004726,2,200
37,0.0,1.0271006,2,21,0.0033355244,1.0281781,2,41,0.013071561,1.0166067,2,61,0.0015258124,0.9890642,2,81,0.0,1.028339,2,108,0.0007685871,0.9959574,2,128,0.005057298,1.0047117,2,152,0.0027381207,1.0227429,2,172,0.009909995,1.0328289,2,200
38,0.0,0.78768265,2,20
