0,0.013753523,0.9886659,2,20,0.0039757853,1.0244603,2,40,0.0017246865,0.9936331,2,60,0.0,0.9707769,2,80,0.0012104554,0.9966673,2,111,0.007673296,0.9696232,2,133,0.0048439726,1.0618145,3,153,0.005864018,1.0454676,2,173,0.0052573956,1.0565807,3,200
1,0.023015361,0.96050286,2,26,0.041228894,0.94335866,2,56,0.009219124,0.9646198,2,81,0.004956904,0.9259213,2,101,0.014062221,0.98541266,2,127,0.0126947565,0.9803659,2,148,0.008488199,1.0058528,2,169,0.0023717198,1.0232513,2,200
2,0.015695926,1.0356442,2,20,0.010137428,1.0253354,2,42,0.015888862,0.98281544,2,68,0.029127954,0.9462325,2,91,0.022143845,0.8801154,2,112,0.0012083458,0.97283,2,132,0.009097133,1.0143125,2,158,0.0058659944,0.9539169,2,180,0.007606762,0.98941785,2,200
3,7.76349e-05,1.0426002,2,36,0.007957002,1.0316727,2,68,0.0,1.0794741,2,95,0.0,1.0683026,2,116,0.0,1.0324514,2,137,0.0,1.0104045,3,158,0.0,1.0224769,2,179,0.006348148,0.9976031,2,200
4,0.004345158,0.9894722,2,31,0.0013740256,1.0068439,2,51,0.0,0.99043405,2,73,0.015482691,0.99744576,2,93,0.018208325,0.9911036,2,118,0.0040372782,1.055209,2,138,0.012894447,1.0366788,2,162,0.009482247,0.99446666,2,200
5,0.012474665,0.99038136,2,20,0.011904245,1.0176688,2,40,0.008481603,0.9807929,2,60,0.014494372,0.95507777,2,80,0.018597519,0.9880684,2,109,0.025588047,0.9519716,2,130,0.003279296,0.9174754,2,150,0.017256651,0.8959919,2,171,0.0,0.8849949,2,200
6,0.016324764,1.0384244,2,22,0.0,1.0619767,2,42,0.004223081,1.0296469,2,62,0.0,1.0123821,2,85,0.011186904,0.9093759,2,111
7,0.025294177,1.0022569,2,24,0.0175118,0.96986264,2,45,0.0118186325,0.98778105,2,65,0.026790375,0.97255963,2,86,0.012514726,0.9282441,2,109,0.0027642054,0.8621216,2,129,0.005448668,0.9081718,2,149,0.025554216,0.8610204,2,169,0.0047593447,0.8683161,2,200
8,0.005308672,1.0479027,2,20,0.00018260488,1.0008965,2,40,0.0046943487,1.0621053,2,60,0.0,1.0816187,2,80,0.000691821,1.0595272,2,100,0.0,1.0639555,2,120,0.0037819133,1.0634245,0,141,0.0,1.052067,2,162,0.0,1.0781031,2,200
9,0.0006278684,1.0197825,2,35,0.0,0.98890585,2,56,0.00032006597,0.99025357,2,82,0.026397806,0.97324014,2,107,0.0,1.0211365,2,127,0.00032399286,1.0113542,2,147,0.0022370736,0.99781984,2,200
10,0.014405137,0.9302208,2,20,0.0037742555,0.8374384,2,40,0.043744113,0.7681614,2,60,0.000120873,0.8796299,0,80,0.0,0.7721914,3,100,0.0,0.8178879,2,120,0.01916183,0.60584754,2,140,0.004409138,0.43322462,2,179
11,0.0,0.9090185,2,20,0.061810277,0.8789814,2,42,0.0,0.9083299,2,63,0.0010669662,0.9426338,2,83,0.028566688,0.9381307,3,103,0.0,0.8991332,0,123,0.0,0.847223,2,143,0.0,0.6805254,0,164,0.008568425,0.9041459,2,200
12,0.0016536005,0.94572186,2,22,0.024352882,0.8872903,2,42,0.0012197471,0.8657049,2,65,0.0,0.87317336,2,85,0.020549264,0.77641577,2,105,0.015381124,0.6359156,2,128,0.006345193,0.43053132,2,148,0.054714974,0.5244811,2,169,0.17880541,0.3912509,2,200
13,0.011584732,0.8995761,2,24,0.003453482,1.0103294,2,44,0.0,0.8764223,2,66,0.005421153,0.87021285,2,86,0.0,0.87945783,0,106,0.0,0.7755755,2,127,0.0055426704,0.7465056,2,147,0.009020479,0.84410244,2,178
14,0.0,1.0494511,2,20,0.0,1.0254908,2,44,0.0018625766,1.0439042,2,79,0.0149216885,0.9426511,2,107
15,0.0009205998,0.9924696,2,21,0.01759861,0.9835959,2,49,0.0063366247,1.0177758,2,74,0.006593107,1.0163299,2,94,0.005523345,1.025713,2,114,0.007220651,1.0413054,2,134,0.0011093646,1.0150778,2,154,0.008433173,1.0107884,2,174,0.0059499242,1.0120382,2,200
16,0.0034125333,1.005314,2,22,0.0063950866,0.9787843,2,44,0.013427022,1.0107764,2,91,0.007382219,0.99170387,2,112,0.015469797,0.9648931,2,137,0.0055367104,1.0070654,2,157,0.0048439684,1.0161849,2,180,0.019405654,1.0141813,2,200
17,0.00063052424,0.9362236,2,22,0.0,0.9091905,2,42,0.04442171,0.8013035,2,62,0.006584318,0.6802858,0,82,0.033959538,0.5209237,2,104,0.07259739,0.36561272,0,126,0.0,0.4493381,2,146,0.0,0.45361352,0,169,0.026231894,0.22225294,1,190
18,0.009624793,0.9647609,2,26,0.0056768763,1.0181066,2,55,0.0069917026,0.9928726,2,78
19,0.0062167174,1.0277493,2,26,0.0012822982,1.0226305,2,46,0.024568275,0.9924858,2,70,0.010790363,0.9815829,2,96,0.0037681689,0.9920275,2,130,0.004011619,1.0384377,2,152,0.0023309642,1.0272115,2,200
20,0.0,1.0215325,2,24
21,0.0007316886,0.99527705,2,26
22,0.016132044,0.997448,2,22,0.00867004,1.0134331,2,55
23,0.0115717165,1.0651158,2,22,0.002040107,1.0643923,2,50
24,0.0,0.90089,0,20,0.022716695,0.8215596,2,44
25,0.0030158132,0.9030547,2,28
26,0.0013976467,0.8904587,2,20,0.0005398365,0.81577986,2,44
27,0.0,1.0003135,2,20,0.0148953395,0.9707357,2,40,0.005410628,0.92579967,2,60,0.02709452,0.960306,2,85,0.015388081,0.84873694,2,107,0.0,0.72605425,2,128,0.0,0.8144247,2,149,0.0,0.59586644,2,172,0.0060988725,0.63934755,2,200
28,0.026379785,0.9823904,2,33
29,0.02249001,1.0014694,2,20,0.010141045,0.9893465,2,40,0.0,1.0405394,2,61,0.0031110758,0.98879766,2,134,0.018574478,1.0001745,2,155,0.0,1.0162013,2,176,0.0007956714,0.87150574,2,200
30,0.0129668685,1.0023229,2,20,0.023039447,0.95863026,2,40,0.013097798,0.98566926,2,60,0.009207895,0.99899125,2,82,0.013049165,0.9536732,2,102,0.004128664,1.0111841,2,122,0.018369261,0.99439865,2,152,0.0040546567,0.962722,2,200
31,0.0,0.9730004,2,21,0.016729735,0.9623334,2,42,0.014879146,0.93092334,2,63,0.006458246,0.9401275,2,99,0.0024143192,0.96357983,2,119,0.01891181,0.9599368,2,140,0.0038376295,0.95207113,2,161,0.010380533,0.9593082,2,200
32,0.007344393,1.0227417,2,30,0.0,1.0760229,2,50,0.0043532304,0.9736327,2,70,0.006752166,0.9986366,2,91,0.008380619,0.9961802,2,111,0.010827523,1.0384028,2,132,0.005401587,1.0854598,2,154,0.005800262,1.0492337,2,174,0.0,1.0330536,2,200
33,0.006354858,0.9414299,2,22,0.0061469423,0.97381973,2,42,0.022744797,0.9897561,2,63,0.03771651,0.92332345,0,83
34,0.00061650056,0.9654373,2,22,0.020251919,0.9978983,2,43,0.01601111,0.9717113,2,63,0.045391027,0.9769505,2,83,0.025186703,0.9952568,2,104,0.013039353,1.0109673,2,124,0.0052915746,1.0058323,2,149,0.0,1.0635997,2,176,0.010394337,1.0457473,2,200
35,0.018891554,0.9585172,2,20,0.0025840572,0.9591825,2,42,0.0,0.9640722,3,62
36,0.0015110731,1.0058001,2,38
37,0.0069269934,1.0404367,2,21,2.3802742e-05,1.0472788,2,41,0.0,1.0378506,2,61,0.0,1.0388881,2,81,0.0,0.9819544,2,101,0.0067265476,1.0313901,2,135,0.0036694943,1.0574479,2,157,0.0,1.0158026,2,200
