0,0.01215873,0.9901067,2,26,0.06260894,0.8288838,0,46,0.0,0.96751994,2,66,0.010946505,0.9445799,2,86,0.014142269,0.8244598,2,107,0.011067862,0.7957475,2,137
1,0.0,1.0126204,2,22,0.012263717,0.9795059,2,50,0.02501264,0.9531484,2,71,0.020729342,0.9321393,2,92,0.010851204,0.9505068,2,112,0.026670948,0.9348499,2,132,0.08195011,0.9268376,2,152,0.01187829,0.9655494,2,174,0.025475126,0.959377,2,200
2,0.00060690707,0.9908787,2,27,0.0038036704,0.9830382,2,50,0.0,0.9557991,2,70,0.0,1.0451907,2,90,0.0,0.899381,2,114,0.013222875,0.88041246,2,134,0.0,0.87072945,2,154,0.042518884,0.81433755,0,174,0.012670839,0.67728686,2,200
3,0.00820458,0.9308165,2,21,0.01990417,0.86841786,2,41,0.016835332,0.79988587,2,61,0.009013195,0.81482244,2,82,0.021467434,0.7328541,2,109
4,0.0,0.9128103,2,22,0.0,0.93827885,2,43,0.0019874773,0.84231406,0,63,0.0,0.7799272,2,85
5,0.017896827,0.97672015,2,21,0.004843481,0.92620546,2,41,0.035086356,0.92750263,2,61,0.0,0.8439942,2,83,0.016873017,0.8846835,2,104,0.01024068,0.9406554,2,124,0.004029655,0.87377673,2,144,0.00772107,0.96887106,2,167,0.040868435,0.9313986,3,200
6,0.0,1.0390729,2,20,0.006437849,1.0429564,2,42,0.0,1.0031307,2,62,0.0,1.0493436,2,88,0.0,1.0699344,2,109,0.0,1.0430297,2,131,0.0,1.0411477,2,151,0.0,1.0284408,2,171,0.0021211952,1.0307804,2,200
7,0.008027123,1.0262444,2,25
8,0.018008318,0.99730587,2,20,0.0063196183,0.91771567,2,40,0.003966571,0.9291239,2,60,0.0,0.8776866,2,80,0.031933926,0.86656344,3,100,0.008993809,0.99563044,2,122,0.050455116,0.8266698,2,143,0.03725426,0.7261558,1,181
9,0.0028028877,0.9856724,2,22,0.008951659,0.90851307,2,42,0.0,0.94947606,2,62,0.0,0.93627155,2,82,0.021878377,0.87826127,2,103,0.0038311135,0.9723916,2,124,0.023583312,0.836696,2,144,0.010785576,0.8674386,2,164,0.0296292,0.95230687,3,200
10,0.004225728,0.9614055,2,29,0.014501799,0.9956578,2,50,0.015177049,0.9945396,2,81,0.0119837755,0.9931431,2,101,0.0030768844,0.99750614,2,133
11,0.0059896023,1.0466965,2,35
12,0.03266973,0.90651256,2,21,0.0,0.91897124,2,64
13,9.985613e-05,1.0228223,2,20,0.0,1.0520415,2,42,0.0037546947,1.0350097,2,66,0.018754233,1.0377734,2,86,0.004939912,0.97954655,2,106,0.0020513572,1.0666486,2,147,0.0057682176,0.90978163,2,167,0.011868229,1.0358461,2,200
14,0.0038205218,1.0187804,2,21,0.002053242,0.99910545,2,65,0.013428682,1.0335677,2,85,0.010459544,0.94458264,2,105,0.0,0.9796623,2,127,0.0,0.9861595,2,147,0.0026208358,0.9348242,0,172,0.0,0.9179969,2,200
15,0.0014231721,1.0182728,2,24,0.009581056,0.9929942,2,45,0.007228503,1.0028359,2,69,0.05067169,0.94188625,2,89,0.033825967,0.9612763,2,118,0.048085786,1.0162307,2,141,0.08108291,0.9495865,2,161,0.0715483,0.9437909,2,200
16,0.0037773664,0.98520595,2,21,0.002020731,0.9497794,2,41,0.017738609,0.9160414,2,67,0.012138771,0.9245208,2,87,0.020972762,0.9016894,2,107,0.0024070712,0.8555912,2,127,0.03528548,0.8407609,2,147,0.0056716865,0.90272725,0,167,0.00583575,0.6773466,0,200
17,0.0,1.0614908,2,20,0.005384515,1.0149395,2,57,0.0036416803,0.98660916,2,77,0.010074554,0.95530605,2,113,0.001624324,0.9425521,3,133,0.009855127,0.95260286,3,153,0.07981392,0.89505196,2,174,0.0004009297,0.9108543,2,200
18,0.004256496,1.0085573,2,20,0.009602066,0.98280877,2,40,0.016028646,1.0251839,2,66,0.0,0.9842886,2,86,0.00065398426,0.9754929,2,108,0.0031695415,0.95384586,2,128,0.0,0.98142195,2,149,0.0,0.9722235,2,171,0.015616431,0.98820424,2,200
19,0.006807439,1.0033643,2,20,0.02152044,1.004166,2,40,0.0059233513,1.0140051,2,61,0.0,1.0026225,2,83,0.0,1.0124636,2,116,0.00090189074,0.996928,2,137,0.0079622045,0.9746702,2,166,0.0021608437,1.0272732,2,200
20,0.0038266706,1.0042846,2,24,0.0037377276,1.0172608,2,44,0.0056775026,1.0201881,2,82,0.006828838,1.0068917,2,102,0.0060179206,1.0236943,2,122,0.002923751,1.0242981,2,145,0.0060523357,1.0175744,2,166,0.0067589837,1.0189171,2,200
21,0.0,1.0250622,2,43,0.009327254,0.9894953,2,67,0.015780091,1.0610867,2,90,0.008410901,1.0335904,2,111,0.024930462,1.0078778,2,131,0.0026292356,0.99049866,2,152,0.0,1.0372425,2,174,0.0043962826,1.0280164,2,200
22,0.009584637,1.0247377,3,20,0.0024408258,1.0261728,2,40,0.0044897418,1.0044291,2,66,0.0014075268,1.0353582,2,86,0.0041160597,0.9976374,2,108,0.013537612,1.0104913,2,130,0.0,1.0620242,2,151,0.004907644,1.0618497,2,173,0.0,1.0742297,3,200
23,0.022921054,0.9531425,2,23,0.0,0.96265966,2,43,0.0049354592,0.9970327,0,64,0.0010508162,0.8523779,2,84,0.016030163,0.791295,2,108,0.0077237217,0.81750154,2,128,0.04349082,0.86200094,2,148,0.0,0.8688925,2,168,0.0064370357,0.9553863,2,200
24,0.006464187,0.99551934,2,21,0.02433956,0.9784911,2,41,0.0045811837,0.93599576,2,61,0.0016499582,0.9995171,2,82,0.0008469496,0.96987706,2,105,0.0,1.021606,2,127,0.0,1.0122188,2,148,0.014903572,0.9780588,2,172,0.0020447883,1.0229994,2,200
25,0.0040584356,0.99612457,2,21,0.048231285,0.9018329,0,41,0.0,0.9394557,2,62,0.012607107,0.9694702,2,82,0.015417623,0.92141676,2,102,0.006057973,0.8802023,2,122,0.0,0.85827816,2,142,0.059084356,0.85185426,2,177
26,0.0125698615,1.0438397,2,25,0.005511007,1.017512,2,65,0.0041526305,1.0134807,2,101,0.0051478064,1.0264663,2,121,0.0077914707,1.0290447,2,148,0.027874094,1.0211203,2,168,0.0026587467,1.0202317,2,200
27,0.0069356696,0.99698466,2,29
28,0.009570255,0.9926763,2,27,0.005547797,0.9935631,2,53
29,0.012027437,0.99666196,2,20
30,0.0,0.7374579,2,21,0.0,0.723271,2,41,0.0,0.3997192,2,61,0.0,0.5227879,2,81,0.0,0.3565293,1,101,0.0,0.16243249,1,124,0.0323501,0.10433464,0,144,0.0,0.21001539,1,164,0.0,0.10045028,1,200
31,0.0075603537,1.0296304,2,20,0.00021660328,0.9720935,2,42,0.0,0.98142797,2,66,0.009975951,1.0020952,3,87,0.017783787,1.0006669,2,114,0.0,1.0185107,2,156,0.007186537,1.0043888,2,179,0.022586707,0.97971797,2,200
32,0.040466003,0.92635506,2,21,0.013090981,0.8364998,2,41,0.012290188,0.80367714,2,62,0.012867942,0.8141693,2,82,0.0,0.70660317,2,109
33,0.010710938,0.9267925,0,20,0.003987436,0.9576415,2,40,0.0,0.94786364,2,61,0.011684795,0.8179906,2,88
34,0.031541176,0.70808953,2,20,0.019431936,0.7223345,2,51
35,0.0033618037,0.98781633,2,21
36,0.01522916,0.9497259,2,20,0.015461327,0.83445394,2,42
37,0.031622466,0.95225096,2,25,0.0033295813,0.96395844,2,46,0.042659532,0.95228714,2,67,0.0023662169,0.9472297,2,88,0.020366345,0.9653942,2,108,0.029569501,1.0494965,2,128,0.012635399,0.95396525,2,149,0.0542693,0.97787744,2,172,0.04476241,0.8331993,0,200
38,0.00390987,0.9619955,2,20,0.010951599,0.9592455,2,40,0.0071930406,0.96199757,2,62,0.016945727,1.0089543,2,84,0.012675257,0.88464165,2,105,0.0040375823,0.9012806,2,125,0.013797058,0.9435326,2,148,0.0095527405,0.8885016,2,172,0.07502709,0.93574446,2,200
39,0.0019442883,1.0093422,2,23,0.0,1.0583797,2,47,0.0019747731,1.0518084,2,68,0.00040166292,1.0537921,2,89,0.0,1.0462254,2,111,0.002072762,1.0053025,2,138,0.0036037217,1.0434427,2,159,0.0006481631,1.033482,2,200
40,0.00893543,0.93661624,2,24,0.033899702,0.54467094,2,44,0.17281902,0.65424603,2,72
41,0.01684676,0.9963189,2,22,0.0,0.9216198,2,42,0.0,0.9848037,2,62,0.0,0.97312164,2,82,0.0,0.8362135,2,103,0.0,0.7687712,0,125,0.0,0.6013631,0,146,0.0,0.6877658,0,166,0.04645337,0.46915516,0,200
42,0.02891696,1.0219191,2,20,0.009914253,0.92332625,2,45,0.00983692,0.88503927,2,66,0.022824615,0.89465123,2,86,0.012171999,0.91450024,2,106,0.01048131,0.734392,2,126,0.009515223,0.78969646,2,147,0.021021593,0.75047594,2,167,0.0054299813,0.65071654,0,200
43,0.0066595674,0.9753944,2,27,0.004969193,0.9454899,2,47,0.0037917835,0.9495768,2,68,0.013198039,0.8929769,2,88,0.009980185,0.9018887,2,108,0.021052873,0.8237551,2,128,0.033628345,0.8716542,2,148,0.0,0.89962757,2,169,0.0,0.48966104,0,200
44,0.0065330407,0.9167555,2,20,0.033328686,0.9398681,2,41,0.11166485,0.6483247,0,61,0.021615025,0.8478454,2,81,0.024970705,0.8557743,2,103,0.00079390506,0.9318952,2,125,0.01743201,0.9382127,2,145,0.025566138,0.9828171,2,167
45,0.0018301625,1.0219334,2,24,0.0,1.0571538,2,45,0.009539303,1.0583558,0,67,0.0,1.0589626,2,87,0.006950737,0.9861542,2,107,0.010229658,0.9989443,2,140,0.0,1.0634664,2,169,0.0046700737,1.0723829,2,200
46,0.00088017894,0.9574742,2,22,0.033890408,0.851868,2,43,0.0029117146,0.8757724,2,72
47,0.0063450695,0.9114078,2,22
48,0.011122721,0.8908467,2,24,0.059020117,0.9056119,2,45,0.00087783905,1.0222883,2,66,0.0,0.9445732,2,86,0.01243885,0.85287035,2,106,0.0,0.8519686,2,136
