0,0.0026118932,1.0401642,2,21,0.0,1.0410054,2,41,0.010414684,1.0239629,2,67,0.0,1.0870588,2,87,0.0041943043,1.0105244,2,109,0.0059530344,0.995152,2,133,0.015372199,1.007674,2,156,0.0022448045,0.9898115,2,177,0.001579421,0.99380034,2,200
1,0.0068806084,0.9998174,2,41
2,0.0055156453,0.95423174,2,23,0.0053098868,0.9626302,2,45,0.0,0.93948185,2,65,0.008722428,0.94501686,2,90,0.0,0.80790013,2,111,0.018688144,0.82502496,2,133,0.0,0.5479995,2,154,0.0,0.36994126,1,174,0.0059845247,0.44372764,1,200
3,0.023723295,0.9613894,2,21,0.018590093,0.9249693,2,41,0.016729634,0.81736326,2,61,0.0017568886,0.90005845,0,81,0.036204524,0.83447486,2,101,0.0,0.95665205,0,122,0.017715575,0.8953505,2,147,0.029594595,0.92638016,2,167,0.0032174455,0.93093973,2,200
4,0.007530336,1.0488365,2,22,0.0095854085,1.0347512,2,42,0.0,1.0385945,2,62,0.0066607534,0.9957752,2,85,0.008712157,1.0198394,2,111,0.025666388,0.955185,2,133,0.010721942,0.99884254,0,154,0.00533695,0.9614251,2,175,0.020638824,0.9594492,2,200
5,0.0050784075,0.99950254,2,20,0.0019887425,1.0177308,2,42,0.006109696,1.0179371,2,62,0.008221397,1.0298684,2,90
6,0.0060203327,0.9994456,2,20,0.0019235504,1.0088121,2,43,0.0011671007,0.99612105,2,63,0.0087668765,1.0443358,2,84
7,0.0,1.0241678,2,20,0.007975612,1.0674666,2,42,0.0,1.0616088,2,64,0.0030594752,0.9756541,2,84,0.0015796522,0.88481206,2,105,0.0037786632,0.856369,2,125,0.051596154,0.78779006,2,145,0.05485325,0.84851456,2,165,0.026045492,0.90126973,2,200
8,0.01572662,0.983044,2,21,0.023289338,0.9446815,2,41,0.006223005,0.87114197,2,69,0.0,0.98661906,2,91,0.0,0.9178537,2,113,0.03966799,0.8497519,2,134,0.016801018,0.8677475,2,154,0.022959247,0.80799323,2,174,0.047075823,0.74146605,2,195
9,0.013937959,0.90823,2,20,0.0016602052,0.86443853,2,40,0.0,0.6972991,2,60,0.0,0.7322072,1,80,0.0236186,0.4896411,2,100,0.0,0.5153964,2,120,0.0,0.32936856,1,146,0.0,0.2887297,1,166,0.0,0.40877315,1,200
10,0.0011174687,1.0292047,2,25,0.0,1.0642779,2,46,0.0,1.0504463,2,67,0.0,1.0527232,2,87,0.00044071904,1.0420034,2,125,0.0,1.0497774,2,145,0.0036545324,1.0463325,2,178,0.0030171813,1.0269567,2,200
11,0.0050254203,1.0256561,2,21,0.003207026,1.0536221,2,41,0.013039125,1.0192523,2,68,0.0032436058,1.0232524,2,88,0.008848857,0.9502333,2,108,0.004547023,1.0021442,2,139,0.0045042094,1.026996,2,162,0.0031658038,1.022401,2,200
12,0.0017079267,1.0029603,2,24,0.017055856,1.0133026,2,44,0.00659076,1.0089579,2,69,0.003731399,1.0566248,3,90,0.0,1.0468462,2,111,0.005580299,1.0626134,2,135,0.0,1.0931269,2,155,0.0,1.0651464,2,176,0.0,1.0626125,2,200
13,0.0039726268,0.9607242,2,26,0.0016311154,1.0408113,2,49,0.016805194,0.8924895,2,70,0.0024346672,0.91622335,2,90,0.011090492,0.9654195,2,111,0.07182061,0.81881875,2,131,0.006193,0.9244167,2,153,0.0,0.99647045,2,173,0.0,1.0083953,2,200
14,0.0,0.9906739,2,20,0.012221076,1.0460047,2,40,0.0,1.0251538,2,61,0.012614509,1.0106642,2,81,0.0027403112,0.9929493,2,101,0.0,0.98876715,2,121,0.00018067702,1.0153656,2,142,0.015219935,0.99187416,2,168,0.010098649,1.0461495,2,200
15,0.007747985,0.98783845,2,26,0.013597891,0.97520256,2,46,0.017142577,0.99208546,2,66,0.012312574,1.0106082,2,86,0.0,1.006698,2,110,0.0013883917,1.0236266,2,131,0.0061457716,1.0769479,2,151,0.0030237562,1.0624121,2,171,0.013864778,1.0173739,3,200
16,0.006513085,0.9443195,2,25,0.02523497,0.9812672,0,47,0.0,0.80185634,2,71,0.0,0.97346103,2,91,0.019171365,0.77081984,2,111,0.018731982,0.86351776,2,131,0.0,1.015503,2,151,0.021875145,0.7997947,2,176,0.032737635,0.8481064,2,200
17,0.018031375,1.038064,2,21,0.0041362518,0.99521047,2,41,0.006423927,1.0422035,2,75,0.0068272427,1.021455,2,95,0.00012559621,1.0100473,2,116,5.383454e-05,1.026464,3,136,0.0066521685,1.0709938,2,174,0.00085616816,1.0317498,2,200
18,0.0009508684,1.0218754,2,40,0.0,1.072318,2,64,0.0,1.0400257,2,84,0.0,1.0232277,2,111,0.010501318,1.0271515,2,147,0.0009851707,1.0573789,2,167,0.0055686585,1.027293,2,200
19,0.0,0.97897696,2,23,0.010707415,0.891605,2,43,0.02083743,0.9277747,2,64,0.015254629,0.8575759,2,84,0.0,0.859058,2,104,0.00055737764,0.9481204,0,124,0.0,0.9995593,2,144,0.012529051,0.9356443,2,164,0.022657845,0.72815204,2,200
20,0.0,0.8366987,2,21,0.0,0.3640812,0,41,0.0035276436,0.38987494,1,61,0.0026788663,0.4321179,1,85,0.019294992,0.5879809,2,119
21,0.0028270397,0.9957383,2,20,0.011291235,0.88707936,2,41,0.0015328524,0.7888352,2,62,0.074043624,0.82226384,2,82,0.0,0.61173576,0,104,0.0,0.6099273,0,125,0.034971017,0.41469026,2,146,0.1324834,0.3492866,2,166,0.056793578,0.34102634,2,200
22,0.0011995254,0.9947824,2,28,0.005590555,0.9837088,2,52
23,0.0,1.0152019,2,24
24,0.0,0.90256256,0,21,0.029646033,0.77470887,0,41,0.0,0.73731124,0,61,0.031758524,0.77949804,0,83,0.046068784,0.5982938,2,104,0.0016018653,0.74811,0,125,0.0023643489,0.5720636,2,146,0.049284507,0.51832163,2,166,0.03598113,0.5444192,2,186
25,0.0043724724,0.9855903,2,20,0.0,1.0256813,2,40,0.0139069455,0.9879497,2,60,0.009293057,0.992797,2,81,0.01652644,1.0114876,2,101,0.01140355,1.0025549,2,128,0.006258196,0.9979021,2,148,0.010040778,0.9738393,2,172,0.011276096,1.0118128,2,200
26,0.000738675,1.0170004,2,20,0.008012001,1.0281001,2,41,0.003941482,1.0345409,2,61,0.015063847,1.0069661,2,81,0.0019323744,1.0560735,2,114,0.033379506,1.0254018,2,140,0.0017282395,1.0863396,2,164,0.0012189787,1.0626986,2,200
27,0.00027965897,0.9098927,2,22,0.0026509766,0.9565506,2,42,0.013585849,0.96279204,2,72
28,0.0013897106,0.9252175,2,20,0.011702054,0.93407434,2,46,0.002623834,0.99834466,2,73
29,0.0004853015,1.0052959,2,23,0.0,1.0284362,2,44,0.00492208,1.0511593,2,65,0.006107685,1.0466402,2,85,0.0031323298,1.0448849,2,117,0.007881813,1.0082889,2,161,0.0075056194,0.998391,2,200
30,0.0,0.9964236,2,34,0.0019333602,1.0311054,2,62,0.0072192485,1.0277294,2,85,0.008626517,1.0068457,2,113,0.005080153,0.99497956,2,139,0.0033920624,1.0030518,2,161,0.005747842,1.0274149,2,200
31,0.00015966575,0.9700077,2,20,0.006143463,0.9118123,2,41,0.0,0.86047286,2,61,0.00783827,0.76456225,2,87,0.026088987,0.71400714,2,119
32,0.0031506731,1.0431421,2,28,0.0,1.0361961,2,48,0.0047205156,1.027997,2,71,0.0,1.0491525,2,97,0.0037400243,1.0741616,2,117,0.0002810763,1.0609809,2,143,0.0014874447,1.0589721,2,200
33,0.015672993,0.9744464,2,25,0.0,1.026053,2,45,0.0030757918,0.91154355,2,68,0.0013538261,0.9471666,2,88,0.0,0.8670961,0,108,0.0,0.7247674,0,128,0.0,0.808912,0,148,0.048975985,0.47812968,2,168,0.0868312,0.42316335,2,200
34,0.005931593,1.0148616,2,21,0.00010295571,1.0389216,2,48,0.009208572,1.0700028,2,73,0.0,1.0298268,2,108,0.0035707266,0.9680149,2,128,0.015414379,0.9354694,2,152,0.0,0.8719061,3,173,0.040575486,0.8618262,2,200
35,0.012210283,1.0403354,2,32,0.0,1.0655158,2,52,0.0,1.0761693,2,75,0.0008891782,1.060041,2,109,0.004599358,1.0396588,2,129,0.0,1.0432563,2,161,0.0048459545,1.0676395,2,200
36,0.040858258,0.95115215,2,20,0.029692281,0.9195229,2,40,0.020033455,0.9680996,3,60,0.056024887,0.9665483,3,80,0.0030445657,1.0579841,2,100,0.01021821,0.91061085,2,124,0.06722362,0.86888653,0,147,0.0,0.8270534,2,167,0.059635986,0.6727191,3,200
37,0.004852718,0.9972635,2,22,0.00935909,0.98252827,2,45,0.0,0.8790821,2,65,0.011031868,0.7650589,2,86,0.0,0.7386971,2,108,0.0,0.6652019,2,130,0.0070911823,0.8008121,2,151,0.0,0.73924595,2,172,0.043872386,0.7632368,2,200
38,0.008905801,0.97754157,2,25,0.005791971,0.9842911,2,49,0.0012399297,0.96156186,2,70,0.0040217373,0.95419526,2,93,0.014533664,0.9817163,2,113,0.0051542292,0.9585288,2,148,0.015043284,0.8739995,2,169,0.0,0.81884384,0,200
39,0.008808168,0.9204985,2,20,0.0173087,0.90206385,2,40,0.008439931,0.679426,0,60,0.07174214,0.6011354,2,80,0.0,0.6553644,0,102,0.1322836,0.47345898,2,123,0.04409019,0.60587686,0,143,0.0,0.6138558,0,164,0.08419122,0.73397875,2,200
40,0.006869548,0.97697884,2,21,0.0074041137,0.9408372,2,44,0.0068519064,0.901122,2,64,0.01883847,0.8895465,2,84,0.019768124,0.87018794,2,104,0.0,0.85238767,2,125,0.0,0.97267455,2,145,0.036231834,0.97071284,2,166,0.033099372,0.85485756,2,200
41,0.00083217747,1.0262579,2,27,0.0,0.96520454,2,47,0.0018755652,0.92821026,2,69,0.0059549334,0.9250446,3,92,0.0,0.9823111,3,112,0.002548573,0.9791668,2,146,0.009093341,1.0249413,2,174,0.009360723,1.0622063,2,200
42,0.0,0.98776674,2,25,0.0039587147,1.063071,2,45,0.007297095,1.0162588,2,66,0.0072172023,1.024793,2,86,0.0037525888,1.0447278,2,106,0.004244298,1.0115689,2,129,0.017798293,0.99306667,2,150,0.009390093,0.98902845,2,173,0.0033480437,1.0052195,2,200
43,0.021461729,0.9716545,2,27,0.0029728885,0.96260655,2,47,0.039819013,0.809785,2,67,0.017466724,0.86676425,0,88,0.03621938,0.8385126,0,108,0.0038828733,0.8743431,2,131,0.07052065,0.9614539,2,151,0.015246359,0.7966572,2,171,0.013367462,0.900494,2,200
