0,0.0,0.85055256,3,20,0.008681325,0.80199736,2,40,0.017786236,0.8332455,2,61,0.0,0.76247317,0,81,0.014415294,0.9310913,0,103,0.047615416,1.0511098,2,123,0.0025131858,0.8782685,2,154
1,0.008271035,1.0412183,2,20,0.010658605,1.023465,2,42,0.013478071,0.9932998,2,69,0.00091199606,1.0226471,2,89,0.012060545,1.0376756,2,110,0.0032934234,1.0052038,2,131,0.010679611,1.017971,2,151,0.0,1.039396,2,172,0.004173362,1.0118659,2,200
2,0.0058568143,0.93112296,2,20,0.0062461197,0.9328371,2,40,0.051822703,0.91468686,2,60,0.0036405674,0.9025115,2,80,0.0,0.9135057,2,100,0.012980496,0.8756763,2,120,0.004899793,0.93001723,2,145,0.0006901197,0.8926405,2,165,0.031382516,0.87141895,2,200
3,0.008996448,1.0000964,2,20,0.005090055,1.0127404,2,41,0.008333381,0.9969394,2,66,0.011453181,0.9412794,2,86,0.006243524,1.0190957,2,106,0.0,1.0577366,2,126,0.004686943,0.99916166,2,148,0.0020871642,1.0043452,2,168,0.026443534,0.9882072,2,200
4,0.0061682467,1.0051268,2,26,0.028619606,1.0031368,2,46,0.005853376,0.9998375,2,66,0.028253708,0.9907762,2,86,0.0073798066,1.0126806,2,109,0.008203865,1.0174001,2,137,0.0132385185,0.9895098,2,161,0.010288932,1.0441327,2,200
5,0.006805752,1.0176421,2,22,0.008361353,1.0085839,2,42,0.0,1.0492198,2,62,0.0033389288,1.0397831,2,94,0.008713905,1.031998,2,127
6,0.011765468,0.73129356,2,20,0.0,0.7665488,2,40,0.0026105763,0.88453233,3,60,0.02054518,0.878559,0,80,0.0014830573,0.80731165,2,100,0.023304336,0.6447189,1,121,0.0,0.45282477,1,142,0.0,0.31454903,1,162,0.0,0.5431285,1,194
7,0.0,0.92637855,2,26
8,0.0,0.8865921,0,20,0.0013622527,0.858744,2,41,0.0528493,0.7564312,2,61,0.009592938,0.6990888,2,96
9,0.012736738,1.0130043,2,22,0.0011108543,0.94467735,2,43,0.024395462,0.87679327,2,70,0.005835703,0.92825997,2,90,0.019700749,0.8585784,2,110,0.011191023,0.9343786,2,130,0.0,1.0054655,2,151,0.003010514,0.95216817,2,171,0.015203051,0.87042946,2,200
10,0.0003681979,1.0314095,2,20,0.006919203,1.017112,2,46,0.0,1.0229467,2,74,0.0,1.0625904,2,96,0.0,1.035427,2,116,0.0,1.0024244,2,140,0.0,0.9849245,2,162,0.0015931564,1.0134788,2,200
11,0.0010895838,1.0198002,2,20,0.0048775356,1.0410639,2,43,0.008475174,1.0104868,2,63,0.0075089885,1.0127904,2,83,0.003230458,1.0421813,2,113,0.0091158375,1.0336199,2,134,0.0009992381,0.9837531,2,155,0.0017762479,1.0081396,2,176,0.0072123124,1.009259,2,200
12,0.015832804,0.921834,2,26
13,0.00044915755,1.0192285,2,21
14,0.0,0.77838045,3,21,0.040958766,0.90478337,0,42,0.026375461,0.7469157,0,62,0.004236336,0.62496394,0,99
15,0.0032014728,1.0297896,2,20,0.006971722,1.0355903,2,40,0.019563647,1.0105289,2,68,0.010020801,1.0270001,2,88,0.005800415,1.0599573,2,109,0.0032912437,1.006285,2,129,0.0,1.0351943,2,155,0.0036483253,1.0166538,2,176,0.0073930044,1.0319465,2,200
16,0.0074051903,1.0152166,2,28,0.0,0.99188477,2,55,0.0011880541,0.9884901,3,75,0.0,0.9750577,2,96,0.001287891,0.99942285,2,116,0.016503952,0.9422771,2,137,0.017283434,0.9394938,2,157,0.022136336,0.7887457,2,177,0.0,0.8666592,3,200
17,0.021215634,0.819644,2,22,0.006585809,0.9313925,2,43,0.0,0.83502185,2,63,0.0017435595,0.8457697,0,83,0.007370446,0.9304935,2,103,0.0,0.97679865,2,123,0.0,0.8737222,2,143,0.013539073,0.74944913,2,163,0.026590202,0.85710466,2,200
18,0.0,1.0375628,2,22,0.015982129,0.9906913,2,62,0.023880145,1.0254538,2,83,0.0075194757,1.0289143,2,124,0.009215642,1.0431316,2,155,0.010299962,1.0355308,2,176,0.0,1.0357862,2,200
19,0.0,0.97986263,2,22,0.0057417657,0.8926364,2,42,0.024156015,0.8203371,2,62,0.007887916,0.8443567,2,82,0.012248624,0.8765534,2,103,0.01528804,0.8363706,2,123,0.0,0.94462633,2,143,0.006188775,0.92369187,2,164,0.013750202,0.82150704,2,200
20,0.0,0.99432564,2,69,0.0,0.9941266,2,90,0.00029595033,1.044866,2,129
21,0.0017391003,1.0149342,2,32,0.014387049,1.0023228,2,63,0.028079648,1.0305096,2,86,0.00813585,0.99842876,2,112,0.008075768,0.9961092,2,132,0.014201785,0.9722892,2,152,0.0005157081,1.0151187,2,172,0.006447506,1.006893,2,200
22,0.0035578709,0.9876034,2,21,0.004207324,0.9954119,2,41,0.03578031,0.98403007,2,61,0.02874954,0.9564618,2,81,0.014942737,0.9449544,2,101,0.012160523,0.99360955,2,121,0.0012410578,0.9858276,2,141,0.014001134,0.9849307,2,165,0.012417841,0.98007727,2,200
23,0.002596667,0.99657476,2,23,0.0037488579,0.99886733,2,43,0.006816231,1.0289289,2,64,0.0072937994,1.0137129,2,87,0.011770735,0.96499264,2,107,0.00052290055,0.99259174,2,128,0.0011940714,0.99428433,2,156,0.0,0.98665845,0,176,0.006930875,0.9990859,2,200
24,0.00028968338,1.0040365,2,21,0.00194735,0.9668264,2,43,0.013890789,0.9981904,2,64,0.0,0.9655464,2,84,0.0063899453,1.0138814,2,106,0.0005516841,1.0075758,2,126,0.00424639,1.0368552,2,151,0.0013137835,0.9966903,2,171,0.010631639,0.98748136,2,200
25,0.007129387,0.96871513,2,21,0.0022035039,1.0598575,2,47
26,0.0071683084,1.0308301,2,33,0.009693929,0.9956684,2,59,0.026419248,1.0017166,2,85,0.0071321097,1.0420638,2,111,0.020180976,0.9962338,2,131,0.0071794447,0.91585314,2,152
27,0.0,1.0092921,2,20,0.0,0.99615335,2,40,0.0,0.966563,2,62,0.0,1.0539815,0,82,0.0,1.0106202,2,108,0.0017160377,1.0571073,2,130,0.0030598722,1.033005,2,160,0.0,0.96845543,2,180,0.0,1.0288794,2,200
28,0.0030644913,0.84649885,2,20,0.02695569,0.8165366,2,41,0.012266948,0.7578314,2,62,0.029657606,0.7172241,2,82,0.0,0.71305937,2,102,0.0,0.8160284,2,122,0.0012757956,0.8489993,2,153
29,0.007325139,0.97564775,2,20,0.027172897,1.0026118,2,40,0.032886326,1.0049511,2,64,0.0022575343,1.0020995,2,100,0.0026438779,0.9756629,2,121,0.016530322,1.0170738,2,143,0.0069397874,1.005297,2,172,0.008798858,1.0047076,2,200
30,0.0,0.9987951,2,35,0.0037657237,1.0429264,2,58,0.005592035,1.0200951,2,92,0.0,1.0278118,2,112,0.0012095156,1.0163306,2,134,0.0034171678,1.0243131,2,156,0.0006642941,1.0253841,2,200
31,0.0,0.9845409,2,22,0.014291619,0.99155664,2,76,0.00797632,0.88924694,2,98,0.0,0.9656231,2,121,0.0096964855,0.94604415,2,141,0.0,0.9432089,2,161,0.0029017215,0.9178493,2,200
32,0.0,0.9299555,2,22,0.0,0.93042266,2,42,0.0,1.0562575,0,62,0.011691494,0.8567745,3,82,0.00031454413,0.7955047,0,102,0.0,0.95810974,2,122,0.0,0.7974965,0,142,0.0,0.86714077,0,162,0.0,0.4339177,2,200
33,0.0,1.0271628,2,20,0.011035453,0.9561537,2,41,0.0,1.0320866,2,61,0.0053782696,1.0173482,2,87,0.0,1.0524788,2,107,0.005836396,0.9977034,2,128,0.002869773,0.9660269,2,151,0.016277162,1.0027244,2,174,0.00860393,0.9388749,2,195
34,0.0035236045,0.9863432,2,22,0.0008963296,1.006733,2,47,0.0006629383,1.009587,2,67,0.009362737,0.9976951,0,87,0.0042297686,1.0056089,2,114,0.0051821508,1.0556931,2,134,0.0065856194,1.0770935,2,159,0.008640615,1.0536196,2,180,0.010808992,1.0634788,2,200
35,0.0,0.9502709,2,21,0.0046266234,0.88580215,2,44,0.019241564,0.8787926,3,66,0.0,0.9616364,2,86,0.0016639162,0.8650667,2,107,0.0,0.7530029,2,127,0.0,0.5151014,0,147,0.0,0.8440828,0,168,0.009078403,0.5846647,0,200
