0,0.0030690993,1.0059091,2,43,0.012552162,1.0182741,2,63,0.0024968807,0.9908721,2,83,0.010880575,1.0218776,2,132,0.0038477913,1.0433352,2,152,0.0050274744,1.021494,2,175,0.009605545,1.0192422,2,200
1,0.007283781,1.0337812,2,21,0.0001745144,1.063009,2,41,0.0051660147,1.0637659,2,63,0.0043708845,1.0699672,2,86,0.0027064183,1.0176896,2,120,0.0,1.0635043,2,140,0.0,1.0329013,2,164,0.0,1.0239769,2,200
2,0.010671614,1.0535504,2,39
3,0.003642017,0.86983055,2,21,0.0,0.90387136,2,43,0.0,0.977856,0,63,0.014222619,0.5508903,0,100
4,0.004873269,1.026858,2,21,0.0028320868,1.0508662,2,45,0.0025944458,1.0001634,2,66,0.0,1.0360692,2,89,0.0,1.0446335,2,127,0.0,1.0492828,2,148,0.0,1.0256604,2,168,0.0026443484,1.0362673,2,200
5,0.008744055,0.95611334,2,21,0.00887896,0.8984727,2,43,0.013348594,0.8273117,0,63,0.0,0.7679259,2,83,0.0073868083,0.7606364,2,105,0.040798523,0.7923526,0,125,0.0,0.6999823,0,145,0.001913089,0.54157954,0,165,0.0057789437,0.7330044,2,193
6,0.0,1.0512937,2,21,0.0,1.0739796,2,43,0.0,1.0807765,2,63,0.0,1.062115,2,98,0.0,1.0368364,2,118,0.0,1.0510584,2,142,0.0009660519,1.0695046,2,180,0.0,1.0450777,2,200
7,0.01034297,0.99016535,2,21,0.010575537,0.9726155,2,48,0.01161861,0.97958976,2,68,0.019552076,0.9810961,2,88,0.030532252,0.9794206,0,111,0.0074082827,1.0224499,2,131,0.0,0.8828626,2,152,0.013458031,0.8364807,2,174,0.109831795,0.88091075,2,200
8,0.00083685445,1.0212461,2,21,0.003044156,1.0388054,2,41,0.0044965595,1.0211941,2,65,0.033216275,0.99179566,2,85,0.0063423114,0.97223604,2,107,0.014592385,0.9909469,2,139,0.004747582,1.0356506,2,174,0.011097661,1.0025321,2,200
9,0.0031907572,0.8933914,2,21,0.0,0.70829374,0,41,0.0041609937,0.7171734,2,61,0.0,0.77348816,2,81,0.0,0.8519515,2,101,0.0,0.64145833,1,121,0.0,0.62035656,1,142,0.0031031496,0.595931,1,165,0.0,0.451789,1,200
10,0.002142007,1.0632116,2,20,0.0065983646,1.0067173,2,41,0.006601593,0.99399805,3,61,0.0036519612,1.0474821,2,82,0.004178786,1.0194991,2,114,0.0,1.0444287,2,143,0.0034906375,1.0427525,2,171,0.014691075,1.019106,2,200
11,0.016187383,0.9776535,2,26,0.0044056303,0.9411539,2,46,0.0,0.93967885,2,66,0.0,0.8993492,2,86,0.009042535,0.9857544,2,111,0.0,0.966294,2,134,0.03890244,0.93210036,2,157,0.02821377,0.9869429,2,177,0.018832142,0.95058745,2,200
12,0.0,1.0091532,2,20,0.021539565,0.8457534,2,40,0.044331368,0.8737123,2,69
13,0.0009727964,1.0663745,2,23,0.006353591,0.9852977,2,44,0.0,1.0051886,2,80,0.0047947294,1.0213492,2,100,0.0,1.0679116,2,141,0.0036419067,1.0427935,2,161,0.0036625748,1.0329728,2,200
14,0.0026294296,1.0198423,2,41,0.005218096,1.0571982,2,61,0.0036392943,1.0237523,2,91,0.0031064996,0.9921913,2,111,0.0,1.0359699,2,133,0.011353087,1.0328459,2,153,0.008169741,1.0481534,2,176,0.0,1.0228041,2,200
15,0.019567486,0.7540576,0,20,0.0,0.7918385,2,40,0.022864277,0.8130558,2,60,0.0,0.830284,2,80,0.024876589,0.697111,0,100,0.0,0.5330924,0,120,0.048058096,0.6840296,2,150
16,0.0028310553,1.0196455,2,20,0.003841871,1.0118418,2,65,0.00017354671,0.9637271,2,104,0.0,0.9761187,2,129,0.0,0.95872563,2,156,0.0,0.9348669,2,176,6.639826e-05,0.9878073,2,200
17,0.007490861,0.9521714,2,22,0.007126767,1.0155697,2,43,0.011980272,0.9947496,2,65,0.011185958,1.0346212,2,86,0.0073429346,1.0362867,2,107,0.0,1.0101836,2,127,0.0021033399,1.0148611,2,147,0.012879598,1.0395995,2,167,0.010303878,1.0461856,2,200
18,0.0028453653,1.0460416,2,22
19,5.9863738e-05,1.0348237,2,20,0.00090718456,0.9104403,2,40,0.0,0.9746529,2,61,0.0034249038,0.98363245,0,81,0.00042145714,1.032318,2,111
20,0.0,1.0314285,2,28
21,0.010341396,0.9706157,2,24
22,0.015994076,0.9482055,2,21,0.0,1.0114286,2,41,0.012249515,1.0008276,2,68,0.014710138,1.0009332,2,88,0.006503181,0.9929861,2,108,0.006943397,0.98212445,2,128,0.0,0.98993874,2,152,0.015694164,0.96114,2,172,0.011210995,0.97844356,2,200
23,0.00084821443,1.0086495,2,21,0.011541595,1.0039732,2,57,0.0011862781,1.039478,2,77,0.013865147,0.9567531,2,107,0.004543775,1.0080205,2,127,0.025185835,0.96517503,2,147,0.009677797,1.0024363,2,172
24,0.03462157,0.9632781,2,26,0.015783688,0.95210075,2,46,0.003552109,0.973102,2,66,0.035836123,0.82307416,2,86,0.07730432,0.72961724,2,106
25,0.008153947,0.85837966,2,20,0.010580948,0.80748975,2,40,0.0535546,0.8260431,2,70
26,0.0006196422,1.0233618,2,21,0.00073414337,1.03939,2,51,0.004248851,0.9825423,2,80,0.0074741156,0.963516,2,102,0.007186957,1.0131798,0,123,0.0066649555,0.93502134,0,145,0.0,0.95865595,3,165,0.0,0.73737556,2,200
27,0.0019420639,0.7885851,2,20,0.0,0.7525341,2,40,0.0013199244,0.6711588,1,60,0.0,0.7813757,2,83,0.0,0.6515748,0,104,0.0,0.47800797,0,124,0.07721202,0.6046967,2,144,0.042589374,0.3251855,1,179
28,0.0055574947,1.0170399,2,26,0.015044576,0.928291,2,46,0.015092021,0.98218375,2,66,0.0035183602,0.97683233,2,98
29,0.0052448357,0.9705334,2,21,0.022225352,0.9577587,2,43
30,0.01288264,0.99634695,2,29
31,0.00041567974,1.034131,2,22,0.0,1.056867,3,42,0.0,1.0628977,2,69,0.00953581,1.0228897,2,151,0.0011630041,1.0343156,2,180,0.0,1.0453522,2,200
32,0.0039966265,0.9590551,2,20,0.0,0.89341193,2,40,3.8432667e-05,0.94335157,2,61,0.00017378564,0.9041245,2,83,0.0068273535,0.7211011,2,104,0.020772228,0.55801076,2,125,0.0070896386,0.74517995,2,145,0.03023831,0.6642984,0,165,0.0,0.67352706,2,200
33,0.0043124864,1.0360805,2,24,0.004177303,1.0757152,2,44,0.00043501705,1.0425187,2,66,0.009643355,1.0230362,2,86,0.0050144307,1.0158077,2,110,0.0044789976,1.0064968,2,130,0.0113255875,1.0291164,2,153,0.004616088,1.0554817,2,174,0.0031801783,1.0457556,2,200
34,0.0,0.96898633,2,20,0.0,0.8792028,2,43,0.032651883,0.8834514,2,70,0.0007390629,0.9364981,2,95,0.0,0.9344233,2,115,0.017490404,0.8445189,2,137,0.033369657,0.860732,2,158,0.023549696,0.82843024,2,182
35,0.003712614,0.9746433,2,29,0.0,0.9671334,2,49,0.0047330027,0.93934476,2,69,0.0025846094,0.8874263,2,91,0.00457051,0.8069241,2,112,0.03206444,0.861466,2,134,0.0,0.7885479,2,154,0.0017331518,0.8297947,2,174,0.0033922184,0.7524643,2,200
36,0.010086409,0.989873,2,30,0.022123495,0.99904203,2,53,0.011966306,0.99640393,2,78,4.8562048e-05,0.9558919,2,98,0.023998415,0.9255809,2,120,0.029190497,0.95288396,2,141,0.011772569,0.9821305,2,161,0.008243271,0.9944655,2,200
37,0.0,0.7958487,2,20,0.0,0.82324374,2,40,0.0,0.6714673,2,63,0.014347541,0.7524621,2,83,0.0,0.5724597,1,104,0.0,0.4422802,1,124,0.08180186,0.5474571,1,157
38,0.0029687956,1.0294119,2,27,0.0020988323,1.069048,2,49,0.004001787,1.0626966,0,73,0.00088465546,1.0097048,2,102,0.015329738,1.04339,2,123,0.0,0.9022485,2,143,0.021688346,0.78522855,2,163,0.0760906,0.77624613,2,200
39,0.008070899,1.0410569,2,20,0.0024142186,1.0190243,2,40,0.011278894,0.9791848,2,64,0.0009934569,1.0239159,2,84,0.010283079,1.0135285,2,110,0.0038273223,1.0163621,2,149
40,0.0,0.965789,2,20,0.018662374,0.9956506,2,48,0.001143844,1.046719,0,68,0.0,1.0086466,2,88,0.0,1.017644,2,109,0.0,1.0041002,2,129,0.0,0.88421005,2,153,0.0,0.93013096,2,173,0.0,1.0911018,2,200
41,0.0,1.0232611,2,20,0.0,1.0424055,2,48,0.0,1.0373969,2,79,0.00502911,1.0185856,2,101,0.0026827937,0.99998075,2,125,0.00029411842,1.0185863,2,146,0.004419903,1.0346695,2,176,0.0,1.0190797,2,200
42,0.0,1.0394971,2,21,0.0,1.04357,2,42,0.011857919,0.99498856,2,62,0.020030808,1.0069932,2,82,0.011040384,1.0055146,2,103,0.009044679,1.0227042,2,129,0.004011683,1.0487449,2,149,0.0013414405,1.0210916,2,169,4.523608e-05,1.0361711,2,200
43,0.011282899,0.97826684,2,20,0.0,1.0140605,2,42,0.011649137,1.0115781,2,64,0.0032892348,0.91872734,2,85,0.076602004,0.81383806,2,106
