0,0.12984166,0.93197095,3,20,0.024563946,0.8162473,0,41,0.104692206,0.52120125,2,77
1,0.017465487,1.0618528,2,32
2,0.010647991,1.0000865,2,30
3,0.037014645,0.86734235,3,20,0.0,0.6961061,0,40,0.027719148,0.5386595,2,62,0.044740118,0.56750554,2,96
4,0.005014063,1.0333523,0,22,0.0,1.0101073,2,45,0.0011706616,0.9706313,2,68
5,0.003433568,1.0063474,2,22,0.026584018,0.9694964,2,45,0.01631234,1.0577458,2,66,0.019935165,1.0031401,2,86,0.0071135177,0.9413678,2,107,0.015242535,0.9508623,2,127,0.0061965757,1.0146922,2,147,0.015288156,1.0155958,2,167,0.008517146,0.9912893,2,200
6,0.0029321522,1.0056304,2,20,0.010245043,1.027302,2,40,0.008582991,1.0232718,2,61,0.0131210415,1.0201514,2,81,0.010600732,1.0054687,2,107,0.0,1.0277897,2,130,0.0,0.9829155,2,153,0.0,0.9969101,2,174,0.010751148,0.9510019,2,200
7,0.027875463,1.0235296,2,20,0.010312116,1.028776,2,40,0.02236424,1.00533,2,60,0.00067685416,1.0108925,2,83,0.005667573,1.0075897,2,107,0.0026547418,0.99476594,2,132,0.007086484,0.9875685,2,154,0.0039373436,1.0376804,2,174,0.0071941977,1.0093879,2,200
8,0.0,1.0458547,2,20,0.0,1.0414028,2,40,0.0040555797,1.0436891,2,60,0.0034766675,1.0328271,2,80,0.0017548713,1.037759,2,100,0.0015778067,1.0129528,2,121,0.000104592786,1.092136,2,144,0.0029017322,1.0706983,2,165,0.003044855,1.0568742,2,200
9,0.005021371,1.0016427,2,21,0.0077930754,0.9913348,2,41,0.00037810756,0.9938339,2,64,0.0,0.95334226,2,84,0.0,0.96669924,2,106,0.0028669839,0.9795394,2,126,0.0,0.93358123,2,146,0.01337495,0.9258939,2,200
10,0.0071036047,0.94847745,2,20,0.015861463,0.95824206,2,40,0.007497113,1.0547053,2,64,0.00089847855,0.9843181,2,88,0.0,0.98451215,2,108,0.018089132,0.9567238,2,128,0.0066844216,0.96394837,2,149,0.0036171048,0.92095506,2,169,0.0051726806,0.9281303,2,200
11,0.021139642,0.9389473,2,21,0.006727024,0.965639,2,52,0.0,0.9026811,2,75,0.007180652,0.8855607,2,95,0.012190208,0.918656,0,117,0.009711714,0.6341927,0,144
12,0.015562649,0.7130422,0,21,0.0,0.668428,2,49
13,0.0032738287,1.0080091,2,20,0.005231572,1.0191596,2,40,0.002531854,0.9647415,2,60,0.012486382,0.9804372,2,82,0.02199391,0.9744833,2,102,0.033145,0.9436046,2,123,0.017144654,0.9261302,2,143,0.016341265,0.93882924,2,163,0.044785548,0.96316767,2,200
14,0.0032315694,0.93268174,2,21,0.019198682,0.9191424,2,41,0.0013984895,0.8870551,2,62,0.028246429,0.8827665,2,85,0.009020804,0.79858303,2,105,0.015064051,0.8023769,2,125,0.014184645,0.6165457,0,147
15,0.002876497,0.7698963,2,20,0.0,0.64714706,2,49
16,0.02446809,0.8675024,3,21,0.016885666,0.93770695,2,56
17,0.00560919,0.98600256,2,41
18,0.007786197,0.9679017,2,20,0.01770096,0.8401834,2,41,0.032433398,0.6532662,2,61,0.012470311,0.58812857,0,81,0.022560177,0.8137336,2,101,0.0032840804,0.4901783,2,121,0.03143071,0.78184354,2,141,0.009898453,0.5405986,1,163,0.022267591,0.6098231,2,200
19,0.020417634,0.83230865,2,20,0.05024003,0.7406036,2,42
20,0.014324688,0.88283956,2,23,0.009326784,0.8407217,2,55,0.0,0.79096764,2,79,0.003270782,0.8961498,2,122,0.01010704,0.88039726,2,157
21,0.005863327,1.0574348,2,23,0.0,1.0050074,2,43,0.0,1.038079,2,68,0.0,1.0189295,2,88,0.0,1.0421755,2,113,0.0,1.0304387,2,133,0.00040692242,1.0457766,2,154,0.0019220104,1.0726743,2,175,0.0,1.0588914,2,200
22,0.0019674501,0.9578107,2,20,0.019242698,0.9908433,2,40,0.003290377,0.9750409,2,60,0.023310509,0.97184646,2,80,0.011451371,0.9740137,3,100,0.03380671,0.8686036,2,120,0.0,0.9481843,2,140,0.0,0.73821497,2,160,0.004031673,0.57237035,1,200
23,0.0039561517,1.0063841,2,23,0.0019156646,0.86397153,2,43,0.0,0.8076129,2,63,0.02155723,0.9688032,2,83,0.0077378564,0.8990305,2,103,0.013253922,0.92600703,2,124,0.003474807,0.8840842,2,144,0.002086596,0.8441283,2,164,0.00064445264,0.8957366,2,200
24,0.0,1.0731313,2,20,0.0,1.0894959,2,40,0.016114274,1.0429729,2,60,0.0014584776,1.0436457,2,84,0.0,1.0316087,2,119,0.002615443,1.0217025,3,146,0.0,1.0612471,2,167,0.0009350773,1.06121,2,200
25,0.0,1.0121034,2,20,0.011855049,1.0147454,2,40,0.015199744,1.0085666,2,62,0.009685276,0.9845723,2,82,0.027973868,1.0132018,2,104,0.0,1.0306083,2,126,0.016691767,1.0247376,2,151,0.006357844,1.0200484,2,171,0.00665213,1.0157531,2,200
26,0.0226542,0.97402793,2,20,0.015966564,0.8311726,2,40,0.02147139,0.99780905,2,62,0.022135261,0.8214594,2,84,0.004544031,0.995141,2,104,0.007284349,0.89427376,2,126,0.0051067537,0.88639104,2,146,0.0021638866,0.92794484,2,166,0.02050471,0.92138654,2,200
27,0.0067647914,1.0367838,2,22,0.0,1.0252723,2,44,0.0,0.9811839,2,64,0.024937857,0.9162186,2,84,0.028675303,0.90267456,2,104,0.029137459,0.919421,2,124,0.012498869,0.93053186,2,156,0.020274408,1.0562708,2,177,0.011182324,1.017157,2,200
28,0.0012846877,1.0417166,2,24,0.00050996273,1.0661008,2,44,0.0,1.077216,2,64,0.00901727,1.062473,2,84,0.0021474678,1.0079402,2,104,0.0006422197,1.0403309,2,124,0.0,1.0729662,2,176,0.0,1.0676295,2,200
29,0.0,1.0472529,2,20,0.000592446,1.0486262,2,40,0.0064453925,1.0166563,2,63,0.0,1.0817008,3,85,0.0,1.052996,2,107,0.0031345426,1.0133172,2,127,0.0,1.0830883,2,149,0.0036694028,1.0575718,2,173,0.0,1.0440305,2,200
30,0.0065715215,1.0105852,2,20,0.0,0.9081682,2,58
31,0.010729461,0.9648657,2,20,0.014668481,0.9908678,2,43
32,0.0043625603,1.0137091,2,29
33,0.004485693,1.0028452,2,39
34,0.0008037534,0.982561,2,20,0.0020903435,0.9358652,2,40,0.0,0.774971,2,60,0.02731879,1.0004107,0,84,0.0,0.7600492,0,107,0.0,0.82491,2,127,0.082387656,0.55948335,2,150,0.027341697,0.57339495,2,178
35,0.0016804994,1.0560198,2,22,0.0,1.0619663,2,42,0.0,1.0794349,2,63,0.00069431454,1.0791198,2,104,0.0014139501,1.0159965,2,124,0.0,1.0296209,2,145,0.0036315024,1.0598027,3,165,0.00107844,1.0569377,2,200
36,0.0039440524,1.020941,2,34,0.0030660273,1.0311438,2,57,0.0034969961,1.0373982,2,83,0.0032926619,1.0506963,2,103,0.004713758,1.0384609,2,123,0.008007152,1.0495526,2,159,0.00077568507,1.0813881,2,179,0.0022916265,0.9999969,2,200
37,0.022970196,0.86921567,0,20,0.0047338535,0.6637522,2,41,0.0,0.6528076,0,61,0.001971799,0.6386072,2,81,0.0,0.6838568,0,105,0.0024780938,0.78975827,2,127,0.06082349,0.70787454,2,147,0.008468262,0.5334621,2,178
38,0.005932576,1.0103593,2,25,0.014908201,1.0020125,2,52,0.0,1.0335743,2,72,0.0058604893,1.0327762,2,94,0.008418543,1.0490323,2,115,0.0032495349,1.0090773,2,135,0.007127614,1.0659741,2,155,0.020809617,1.052257,2,175,0.015035079,1.0022489,2,200
39,0.007694147,0.97463524,2,27,0.01186523,0.9920371,2,48,0.0015761297,1.000461,2,68,0.017111037,1.0181644,2,88,0.0,1.0036232,2,108,0.02676099,0.98467875,2,128,0.0,1.0148048,2,151,0.01982291,0.9778952,2,173,0.0031920543,1.010063,2,200
40,0.010656143,0.9982913,2,20,0.0,0.8011713,0,40,0.005565236,1.0288991,2,60,0.04720617,0.7178167,0,96
41,0.020339815,0.8098399,2,20,0.016071502,0.8025759,0,40,0.11644993,0.511091,2,79
42,0.015482619,0.81503665,2,20,0.008624356,0.7476172,2,41
43,0.0714272,0.72282046,2,20,0.036139864,0.7568515,2,45,0.0012576019,0.83068573,2,65,0.048103355,0.76511693,2,85,0.0,0.9495815,2,105,0.041148193,0.7898367,2,126,0.05992969,0.606966,2,157
44,1.2762937e-05,0.9095348,2,20,0.003599326,0.8325849,2,41,0.0064047463,0.9564481,2,61
45,0.006920955,1.0046222,2,20,0.008063268,0.97491586,2,42,0.012959731,1.01763,2,62,0.0,1.0054038,2,83,0.0,0.96275806,2,103,0.01334195,0.97825974,2,124,0.0016803178,0.9801837,2,151,0.0086304825,0.9729107,2,171,0.006785069,1.0701538,2,200
46,0.0053259884,1.0403128,2,21,0.016290244,1.0243717,2,41,0.013643448,1.0314451,2,67,0.0072699343,1.0019045,2,89,0.010501097,1.0179476,2,110,0.019417088,0.99604017,2,130,0.012324004,0.96923894,2,150,0.0,1.03053,2,171,0.008537086,1.0096818,2,200
