0,0.010629961,0.9653758,2,20,0.01076251,0.77000463,2,40,0.030407196,0.77650535,0,60,0.022545513,0.82837945,2,80,0.062006284,0.91038215,2,100,0.031566516,0.90325284,2,121,0.0065341806,0.92231166,2,141,0.043454196,0.7458268,2,163,0.0450734,0.6476647,2,200
1,0.0080874935,1.049568,2,20,0.013024417,1.0324644,2,42,9.486363e-06,1.0284134,2,63,0.005817918,1.0218424,2,89,0.0,1.0502952,2,111,0.001528083,1.0461503,2,138,0.0,1.0880244,3,159,0.0,1.0281719,2,200
2,0.004274461,1.0324883,2,37
3,0.0022147712,1.0475838,2,20,0.0,1.0667065,2,46,0.0017587082,1.0799836,2,73,0.0,1.0378085,0,94,0.0,1.0269938,2,134,0.0003408406,1.0509108,2,156,0.0,1.043926,2,176,0.0022482087,1.0576602,2,200
4,0.00049626565,1.066003,2,20,0.0027556117,1.0706202,2,47,0.008764818,1.006552,2,77
5,0.0,1.0306189,2,45
6,0.004398949,0.99771065,2,21,0.008991884,0.9643023,2,48,0.04217175,0.94431436,2,68,0.015550419,0.96118945,2,90,0.0,0.8959959,2,114,0.007751776,0.95048755,2,136,0.01582202,0.98097926,2,164,0.0022764194,0.9962657,2,200
7,0.028829906,0.8984911,2,20,0.009300543,0.7812923,2,41,0.044317625,0.6884972,2,61,0.0219666,0.7479372,2,81,0.0021018053,0.8151938,2,101,0.0021125597,0.744624,2,122,0.039565567,0.63719475,2,142,0.0,0.630612,2,162,0.020968733,0.86574924,2,200
8,0.0,1.0456253,2,21,0.0027032343,1.0520453,2,42,0.0,1.0477631,2,64,0.004308874,1.0318373,3,84,0.0,1.0419546,2,119,0.0031627282,1.0404822,2,139,0.003843707,1.0306277,2,166,0.0,1.0582111,2,200
9,0.0041276524,1.021889,2,20,0.008418754,0.9805316,2,46
10,0.005288958,0.95420235,2,25,0.009112712,1.0336801,2,49,0.014931604,1.044107,2,92,0.011184387,1.056065,2,116,0.0,1.0498195,2,141,0.0,1.0686193,2,163,1.0642902e-05,1.0496807,2,200
11,0.009134573,0.9754909,2,20,0.03725887,1.0000037,2,46,0.0053160232,0.9234564,2,68,0.07230865,0.74003977,0,88,0.015950177,0.8805548,2,108,0.03690387,0.913449,2,129,0.013158251,0.85519063,2,150,0.017926589,0.9174064,2,170,0.0066456967,0.57170236,0,200
12,0.0028040502,1.0718557,2,20,0.0,1.0467231,2,48,0.0,1.070515,3,70,0.0,1.0732958,2,90,0.0,0.9896331,2,122,0.0,1.0499054,2,143,0.0,1.0559142,3,164,0.0016763418,1.0463233,2,200
13,0.008201108,1.0250561,2,22,0.02976104,0.97878516,2,45,0.005754988,0.9561664,2,65,0.009670076,0.9545056,2,85,0.009577059,0.9568122,2,105,0.014376679,0.9521986,2,125,0.031308066,0.9491997,2,145,0.0,0.93701506,3,165,0.0032180056,0.8434566,2,188
14,0.009727557,0.9924833,2,20,0.002569105,1.0069517,2,40,0.018177655,1.0522485,2,77
15,0.010260332,1.0533464,2,20,0.0059194923,1.0531505,2,49,0.0,1.0363071,2,73,0.0050466936,1.055161,2,95,0.0,1.0458246,2,133,0.0041380716,1.0563331,2,159,0.0023167885,1.0609179,2,200
16,0.0007488828,0.93503547,2,24,0.007560109,0.9178575,2,44,0.037059307,0.84508675,2,64,0.010253321,1.0332849,2,84,0.0026200325,0.97898805,2,104,0.003028068,1.0089468,2,124,0.00059350906,1.0052428,2,146,0.0021235594,0.9518658,2,166,0.009524997,1.0104718,2,200
17,0.016848892,0.946108,2,21,0.0,0.7884534,0,42,0.040870577,0.70554465,0,62,0.029221306,0.8609042,2,83,0.0,0.9217377,2,105,0.0056796568,0.8997494,2,127,0.010573169,0.96913147,0,147,0.018676203,0.6839723,2,167,0.042420346,0.5954178,2,200
18,0.003240008,1.0479394,2,20,0.009351003,0.98441905,2,53
19,0.013435464,0.78693396,2,22,0.0,0.7820914,2,42,0.0,0.67438227,0,62,0.0,0.47581497,0,82,0.0,0.6772428,1,102,0.0,0.71403146,2,123,0.0,0.59812576,1,143,0.0,0.62683946,1,166,0.026544472,0.51743,2,200
20,0.0029322996,1.026057,2,20,0.0045361016,1.0547782,2,41,0.0,0.9949035,2,70,0.0137709025,1.0306615,2,95,0.0,1.0789431,2,115,0.0013659812,1.0526837,2,136,0.0069837845,1.0596334,2,161,0.006721226,1.0349909,2,200
21,0.016375812,0.8684716,2,20,0.05516187,0.8251089,2,40,0.00595472,0.9270442,2,60,0.012668647,0.92174125,2,87
22,0.007989559,1.0128933,2,25
23,0.011134212,0.9854725,2,33
24,0.0027124018,1.021939,2,20,0.0030550605,1.0718834,2,40,0.006594007,1.0711648,2,60,0.00080349203,1.009482,2,86,0.0,1.011322,2,110,0.016162861,1.0086324,2,130,0.0,1.0548449,3,155,0.0005468809,1.0531058,2,176,0.008727888,1.061041,2,200
25,0.04338758,1.0058782,2,22,0.0036808767,1.0494772,2,43,0.019382028,1.0170674,2,67,0.021743733,1.0114872,2,89,0.0031839255,1.0097883,2,109,0.007249,0.97812444,2,129,0.007533024,0.9777336,2,149,0.0,1.0051559,2,169,0.0,1.0089743,0,200
26,0.005289547,0.98693764,2,20,0.0065713935,0.96365345,2,41,0.006716485,0.9206477,2,70,0.0069010584,0.977983,2,90,0.0,0.8691384,2,111,0.018872706,0.86141616,2,131,0.006032596,0.9044363,2,151,0.0,0.8523941,2,172,0.02780941,0.95284355,2,200
27,0.016779164,0.9407037,2,23,0.010771713,0.9508713,2,43,0.0063543627,0.9859983,2,71,0.0009052089,0.9260667,2,91,0.023864333,0.8694781,2,117,0.005227247,0.9511363,2,137,0.0062174303,0.8722375,2,160,0.0048622983,0.7998479,2,183
28,0.0016457743,0.9952755,2,21,0.0075356485,0.94551593,2,41,0.0,0.9472488,2,61,0.0020328541,0.9633395,2,81,0.008371304,0.9627389,0,101,0.014067511,0.9223443,0,122,0.013489346,0.9882044,2,143,0.021173561,0.94124496,2,163,0.011365993,0.9751132,2,200
29,0.008061107,1.0273972,2,20,0.0,1.0425512,2,44,0.0,0.92478216,2,64,0.01156624,0.9805673,2,84,0.0018163403,0.95115024,2,113,0.013030191,0.93213576,2,143,0.025559328,0.9165838,2,165,0.028420465,0.84853995,2,200
30,0.00686039,1.0033745,2,22,0.0065309554,1.0578514,2,47,0.011485958,0.9548563,2,69,0.007647527,0.9260176,2,90
31,0.0052384906,1.020849,2,31
32,0.0051453914,1.0302565,2,24,0.011945088,1.0174849,2,45,0.013683134,1.0178083,2,69,0.005633525,1.0733155,2,91,0.00067372574,1.0529816,2,111,0.00646433,1.0771796,2,131,0.014994852,1.0228013,2,151,0.0041815382,1.0379121,2,179,0.0069308365,1.0501417,2,200
33,0.011724918,0.9354923,2,22,0.0019880387,0.9465603,2,48,0.04789604,0.9035308,2,68,0.06575565,0.6895858,2,88,0.0,0.93097985,2,108,0.020979384,0.8302647,3,128,0.013503305,0.8815705,2,149,0.0015321893,0.889452,2,169,0.003036994,0.6829129,0,200
34,0.0,0.97489536,2,20,0.026759475,0.87506837,2,40,0.0017909791,0.66646314,0,62,0.009945785,0.826608,2,86,0.0,0.83916086,2,112,0.0,0.86129045,3,132,0.006002147,0.8206952,2,153,0.0,0.6741323,1,173,0.08072716,0.7735744,2,200
35,0.0029127127,1.0206889,2,21,0.0047913925,1.0137895,2,42,0.006825941,1.0088362,2,67,0.011028338,0.96252394,2,87,0.015702905,0.96271956,2,110,0.01048411,0.99709135,2,134,2.5736423e-05,0.98936707,2,156,0.01312739,1.0301347,2,200
36,0.0,0.99311846,2,23,0.017380673,0.95145226,2,43,0.027806694,0.9718221,2,63
