0,0.0038921628,0.89377326,2,29,0.016915983,0.81684345,2,53,0.06341848,0.9178797,2,75,0.010013997,0.8050442,2,98,0.019785961,0.7590436,2,119,0.029749012,0.71819866,2,139,0.0030237325,0.53893536,1,159,0.0,0.45104635,1,200
1,0.0007283449,1.041809,2,20,0.001588024,1.0064079,2,52,0.009195775,1.0408148,2,75,0.01633782,1.0145162,2,97,0.0015051338,1.0503074,2,138,0.0,1.014577,3,159,0.0016278736,1.0039674,2,180,0.0,1.0277593,2,200
2,0.0047997083,1.0360004,2,34,0.028945187,0.9011858,2,54,0.0012299595,1.0013545,2,77,0.0,0.96308416,2,103,0.0036331564,1.0024428,2,123,0.019699857,0.9878229,2,143,0.0,1.0890683,2,169,0.010243557,1.0319173,2,200
3,0.020177964,0.9139921,2,20,0.00306151,0.99355525,2,40,0.006678062,0.938264,2,65
4,0.0,0.88918036,2,20,0.0,0.8187925,2,40,0.007925114,0.7097608,0,77
5,0.0037514032,1.059962,2,22,0.0054623475,1.0202407,2,42,0.0,1.0209148,2,63,0.0,1.0992434,2,83,0.0052531613,1.0301944,2,136,0.011203544,1.010467,2,157,0.0009249222,0.8820438,2,179,0.0,0.9778503,2,200
6,0.0059895553,1.0188258,2,20,0.0,1.0158261,2,42,0.010238237,1.0088371,2,62,0.010947714,0.9761448,2,88,0.0,1.0218451,2,109,0.0,1.0123743,2,129,0.0,1.0198662,2,152,0.0,0.97756165,2,172,0.006647689,0.99327695,2,200
7,0.0040060817,0.9518698,2,20,0.0,0.81063014,0,40,0.030789958,0.5408906,2,67
8,0.0144246435,1.039312,2,22,0.003708835,1.0263611,2,45,0.0026542249,0.97168255,2,69,0.008016858,1.0016041,2,89,0.00686015,1.0256981,2,111,0.0026271762,1.0083128,2,132,0.0,1.00445,2,158
9,0.0,0.9634018,2,21,0.0,0.9835285,2,41,0.0,0.86578727,2,63,0.018868903,0.8182169,2,83,0.008897549,0.80782545,2,103,0.022829631,0.69300705,0,123,0.005472851,0.6011508,1,143,0.013624201,0.47934723,2,163,0.003162759,0.37990835,1,200
10,0.011567904,1.0060142,2,23,0.0055839536,0.94271904,2,45,0.0,0.8751356,2,65,0.0014677966,0.86985224,2,85,0.038342576,0.8913618,2,107,0.030654538,0.7962952,2,127,0.0,0.77915657,2,147,0.0,0.62214875,2,167,0.023705347,0.3454288,1,200
11,0.0,0.9735027,2,22,0.0035038,1.0031074,2,42,0.02172565,0.95446503,0,62,0.0002278258,0.8703872,2,85,0.0,0.92589986,2,107,0.0074555343,0.8773025,2,127,0.015423994,0.9107154,2,148,0.0,0.9142604,2,168,0.0062351953,0.9749322,2,200
12,0.007390753,1.0252602,2,33,0.0030672431,1.028494,2,56,0.0032126151,1.0569006,2,78,0.0048246384,1.0351146,2,102,0.0057837693,1.069016,0,124,0.0,1.045262,2,145,0.007166699,1.0552187,2,172,0.0065276334,1.056409,2,200
13,0.0061681443,1.0314753,2,38,0.0041432343,1.034307,0,59,0.0,1.0660313,2,79,0.0,1.0968565,2,99,0.0,1.0130693,2,121,0.0022098871,1.0482099,2,141,0.0,1.049833,2,161,0.0040333215,1.0634861,2,200
14,0.02399725,0.9558083,2,23,0.029863857,0.8289054,2,47,0.011924407,0.8243021,2,67,0.012615755,0.8309183,3,87,0.02933899,0.75136334,0,107,0.0066818437,0.7485469,3,127,0.028837338,0.9380195,2,148,0.0,0.83025867,0,168,0.004326185,0.58021873,2,200
15,0.00132587,1.042083,2,20,0.016713664,1.0167923,2,40,0.0046090377,0.98101234,2,69
16,0.005356437,1.0043018,2,24
17,0.0,0.9934393,2,23,0.00426003,0.999216,2,45,0.034218904,0.91266626,2,67,0.057026085,0.90445626,2,88,0.07093183,0.9468361,2,109,0.08457108,0.90385973,2,136,0.041860577,0.9802395,2,156,0.057220113,0.98100734,2,180,0.04958148,0.95937204,2,200
18,0.00167665,1.0212698,2,20,0.012155698,1.0029012,2,43,0.0019195579,1.0282933,2,63,0.0062788427,1.0419459,2,83,0.02280176,0.9371025,2,103,0.00803829,0.9139242,3,123,0.0,0.9819217,2,144,0.000109851455,0.9114255,2,164,0.0,0.89423627,2,200
19,0.0024476256,0.9515444,2,20,0.00470068,0.87836045,2,44,0.01853337,0.6558335,2,68
20,0.004908071,0.931632,2,21,0.0,0.9544029,2,42,0.06596962,0.8163079,2,63,0.032527942,0.80134284,2,83,0.045394793,0.8556466,2,106,0.045257982,0.8242958,2,126,0.045037013,0.5693067,2,146,0.0,0.5465873,1,167,0.015347456,0.24596113,0,200
21,0.013882764,1.0442024,2,25,0.013880397,1.0123456,2,45,0.003062229,0.97208214,2,65,9.695254e-05,1.0815703,2,99,0.010645079,1.0554016,2,119,0.006454089,1.0203518,2,139,0.012838352,1.0879405,2,159,0.0,1.0756621,2,200
22,0.010727396,1.0330726,2,20,0.0,0.99278575,2,40,0.00051450916,1.0622987,2,63,0.0040353662,1.0725929,2,84,0.00032532672,0.99050593,2,106,0.00828593,1.0423265,2,138,0.00835192,1.0065377,2,158,0.0,1.0242697,2,178,0.0110613415,1.0073662,2,200
23,0.005762977,1.0193996,2,20,0.021234712,1.0457075,2,40,0.002192716,1.0174204,2,60,0.008836108,0.97638667,2,80,0.0006845776,1.0274214,2,101,0.026538895,0.99199134,2,137
24,0.017785091,0.9707793,2,20,0.012607374,0.9946047,2,42,0.022617547,0.98177636,2,62,0.0052677626,1.015614,2,93,0.0043209093,1.0269231,2,119
25,0.0,1.0474979,2,35,0.006843058,1.0134578,2,55,0.0,1.0192153,2,75,0.0040191007,1.0518326,2,105,0.0048841946,1.0548713,2,125,0.0,1.0221684,2,148,0.008646013,1.0589726,2,168,0.0,1.0047222,2,200
26,0.031953193,0.97426236,2,20,0.009979748,0.9140397,2,46,0.0006042168,0.98479164,0,66,0.01567383,0.93355966,0,88,0.017626014,0.89476967,2,108,0.0009151289,0.95537776,3,129,0.0028267016,0.9294386,0,149,0.030649705,0.8915175,3,170,0.015123828,0.8430832,2,200
27,0.0,1.0785807,2,23,0.0019051349,1.043959,2,44,0.0,1.0417842,2,70,0.0022548307,1.0543689,2,91,0.004567528,1.031263,2,112,0.018450838,1.037129,2,141,0.013913393,1.0890707,2,161,0.0024010383,1.1047404,2,200
28,0.0016523243,1.0378096,2,36,0.0,1.0013428,2,65
29,0.008943219,1.0259919,2,20,0.0,1.007939,2,41,0.0035850324,1.0259162,2,65,0.0,0.9706279,2,86,0.0078107743,0.97177,2,106,0.020509457,1.0141248,2,127,0.00028992863,1.0569894,2,155,0.008552325,1.0194204,2,200
30,0.0052841664,1.047087,2,20,0.0,1.0725,2,43,0.0,1.0598598,2,63,0.002759318,1.0230577,2,86,0.00341559,0.9995594,2,107,0.00088245113,1.0899379,2,130,0.0,1.0462587,2,150,0.0029952105,1.0575553,2,176,0.0,1.0360837,2,200
31,0.017721552,0.87502575,2,20,0.018432636,0.81822896,2,41,0.0,0.9712843,0,61,0.01759654,0.99237406,0,81,0.0,0.9433835,2,101,0.02912105,0.8039358,0,121,0.012575003,1.0284052,3,141,0.006708284,0.8189305,2,161,0.0339767,0.604857,2,200
32,0.0027065475,1.045452,2,23,0.0,1.0473639,2,47,0.012538303,1.04631,2,72,0.014451082,1.0223285,2,98,0.00042806802,1.0583012,2,121,0.0,1.0737169,2,141,0.0030754732,1.057738,2,161,0.004517719,1.0613991,2,200
33,0.005346713,0.97542965,2,20,0.0144701,0.9643054,2,45,0.015359881,1.002754,2,66
34,0.016664676,0.97671074,2,21,0.00825108,0.92646456,2,41,0.013433792,0.9904047,2,61,0.0052017355,0.94829077,2,84
35,0.0034382392,1.0626377,2,24
36,0.0012374533,1.0317575,2,24
37,0.0006775271,1.0380206,2,23,0.023959225,0.9737061,2,43,0.00670162,0.96666414,2,63,0.0,0.9901911,2,83,0.0,1.0684048,2,105,0.0,1.071669,2,128
