0,0.008376973,1.0168927,2,20,0.0028724342,1.0139977,2,44,0.0,1.0290627,2,69,0.0012270063,1.0359161,2,89,0.0082996115,1.0301251,2,127,0.0050612767,1.0460769,2,156,0.005278946,1.0374348,2,176,0.008598287,1.0443798,2,200
1,0.0016198152,1.0444009,2,24,0.0014595779,1.0763001,2,44,0.0,1.0197501,2,66,0.006867337,1.0609274,2,95,0.0020904941,1.0739524,2,115,0.0,1.0659328,2,135,0.0,1.0157425,2,165,0.0,1.0001404,2,200
2,0.0018222737,1.0085673,2,26
3,0.0032431218,1.0384624,2,23,0.0080323825,0.990382,2,46
4,0.009336203,0.91912085,2,29,0.0079476405,0.90130484,2,51,0.003214429,0.9560013,2,90,0.0018172472,0.9756759,2,118
5,0.0,1.0063816,2,20,0.005166179,0.98717844,2,40,0.0064132283,1.008888,2,72
6,0.0038167005,1.0159093,2,27
7,0.006347051,1.0363448,2,32,0.005730632,1.054613,2,58
8,0.0,1.0030893,2,20,0.012257478,1.0049943,2,49,0.015358179,1.0177083,2,73,0.002582292,1.0174108,2,97,0.0,1.020315,2,117,0.0043850904,1.0053948,2,138,4.2108973e-06,0.9763975,2,162,0.008759261,0.9153124,2,200
9,0.014403802,0.99429023,2,20,0.003532884,0.94193584,2,43,0.0004942233,0.952163,2,74,0.016404754,0.92155766,2,96,0.01082967,0.8908318,2,117,0.0,0.902699,2,138,0.016499639,0.9607029,2,158,0.0077382303,0.8424541,2,178,0.008634692,0.87881494,2,200
10,0.006118588,1.0517125,2,30
11,0.00021348914,1.0507869,2,37
12,0.0058612945,0.9717114,2,22,0.0064482735,0.9730345,2,45
13,0.0,0.9439553,2,20,0.02892572,0.8358847,2,40,0.021519477,0.7738244,2,60,0.0,0.7751998,2,80,0.031736545,0.80162984,2,104
14,0.0027730612,1.0456266,2,20,0.014969781,0.9664198,2,40,0.013464369,0.992215,2,64,0.0,0.9928049,2,84,0.004886731,1.0390258,2,110,0.007260955,0.96817636,2,130,0.0,1.017162,2,155,0.005492211,0.96019477,2,179,0.0032903585,0.99405396,2,200
15,0.031696133,0.9014336,2,20,0.0048311707,0.78822064,2,41,0.0,0.7673482,2,61,0.0,0.81356657,0,81,0.0,0.8950893,2,101,0.0,0.8382076,2,122,0.0,1.0430865,0,143,0.0,0.88462657,0,163,0.03062356,0.47305086,0,200
16,0.010112371,0.9218416,2,20,0.006712465,0.9753014,2,43
17,0.0047312058,0.8871722,2,20,0.0020916213,0.85553616,2,41,0.030470828,0.7256846,2,61,0.025305573,0.7459291,2,81,0.047635235,0.7378835,2,104
18,0.004669355,0.9780549,2,32,0.008858551,1.0071524,2,52,0.030614043,0.9281739,2,72,0.009244962,0.9557155,2,93,0.008491833,0.934484,2,113,0.008607548,0.90199745,2,134,0.040258497,0.9187602,2,155,0.009859735,0.9264746,2,177,0.020789606,0.9348543,2,200
19,0.0,0.9727084,2,21,0.015684124,0.9582843,2,47,0.0011135476,0.9076592,2,67,0.008784115,0.919312,2,87,0.0027034434,0.9491321,2,112,0.007634672,0.97840345,2,139,0.005179157,1.0177996,2,159
20,0.013464722,0.9095891,2,20,0.014198634,1.1631477,3,40,0.0,1.0668392,3,60,0.0,0.8822917,3,80,0.0,0.92524517,2,100,0.0,0.93541515,3,120,0.0,0.99446523,3,142,0.009384208,0.86942255,3,162,0.03534795,0.8842848,2,200
21,0.004011016,1.0365752,2,31,0.017255152,1.0322101,2,51,0.0011509012,1.0363345,2,86,0.0060009737,1.0112251,2,120,0.038392384,0.98206544,2,147,0.007995252,1.0297142,2,169,0.004606718,1.0174408,2,200
22,0.004291401,0.9386434,2,31,0.0021412654,0.96558756,2,57,0.010081756,0.9905183,2,77,0.017955761,0.9504157,2,99,0.0022440671,0.92661655,2,119,0.007970993,0.8862138,2,139,0.012281954,0.8312004,2,159,0.039278015,0.9059536,2,179,0.003427439,0.8463284,3,200
23,0.0008615909,1.0451663,2,42,0.0,1.0343499,2,63,0.0,1.0569078,2,85,0.0055193966,1.0614445,2,115,0.0030486407,1.00447,2,137,0.0,1.1117675,2,157,0.0,1.0726966,2,177,0.0,1.027329,2,200
24,0.0003692663,0.9948768,2,24,0.004024808,1.0199156,2,47,0.0040945513,0.9827315,2,76,0.0,0.97523904,2,102,0.00778989,0.96699077,2,123,0.01141286,0.9690269,2,143,0.034519404,0.96442527,2,163,0.011320039,0.9481499,2,200
25,0.016760122,0.9154372,2,20,0.0,0.71443206,2,40,0.0,0.97509867,2,61,0.0,0.90315807,0,81,0.0,0.9042538,0,101,0.0,0.8149651,2,121,0.0,1.0775604,0,141,0.0,1.0679934,0,161,0.031761654,0.39243048,0,200
26,0.012984748,0.8685608,2,20,0.0,0.9016757,2,40,0.032406095,0.90535986,2,60,0.051374365,0.8621355,2,80,0.045457598,0.8991276,2,100,0.05572942,0.8768018,2,121,0.028511811,0.8006598,2,141,0.064065486,0.7500044,2,161,0.000505366,0.848558,2,200
27,0.0022599285,0.99480844,2,33,0.0,1.0067595,2,53,0.008713604,0.9956701,2,77,0.037772708,1.0293939,2,97,0.0014521229,1.0138953,2,123
28,0.0058243936,1.0113852,2,20
29,0.0011252778,1.0044442,2,20,0.007238195,1.0516176,2,42,0.006211782,0.9915062,2,64,0.011998464,0.96743727,2,87,0.008045968,0.933502,2,109,0.011786336,1.0043973,2,131
30,0.01884224,0.92520845,2,20
31,0.00039681775,0.9023536,2,20,0.01603296,0.89657736,2,40,0.0016919151,0.69685286,2,61,0.017980432,0.74213934,2,89
32,0.01263714,0.9249118,2,20,0.035537463,0.7436638,2,41
33,0.003964513,1.0366561,2,25
34,0.005019997,1.0148243,2,25,0.0,1.0137349,2,56
35,0.01148773,1.0473068,2,32,0.0006112701,1.0174105,2,59
36,0.01689121,0.93784076,2,20,0.0016432535,0.938274,2,40,0.0,0.911236,2,60,0.0375802,0.87935865,2,80,0.016989982,0.89861697,2,105
37,0.0018612625,1.0417624,2,20,0.016147826,1.0278625,2,40,0.0049004513,1.023691,2,71,0.01353161,1.0228995,2,91,0.0147410175,0.9675695,2,118,0.014165824,0.9655617,2,138,0.003384457,0.9951193,2,162,0.01020091,1.0143933,2,200
38,0.0054800413,1.0049341,2,27,0.002339046,0.9255492,2,55,0.010324662,0.86691874,2,75,0.0,1.0461265,3,95,0.023374837,0.9914747,2,117,0.0021310835,0.98059493,2,137,0.00018599222,0.98630667,2,158,0.0011759278,1.0428469,2,200
39,0.0034944278,1.0292284,2,21,0.0056928997,1.00912,2,46,0.010984316,1.0115174,2,84,0.005014536,1.0048568,2,104,0.0032052607,1.0360956,2,126,0.0,1.0534748,2,148,0.0,1.0478925,2,177,0.0014708071,1.0333624,2,200
