0,0.012219435,0.9556304,2,20,0.022910107,0.90685,2,40,0.0008988254,0.90858483,3,62,0.0,0.8774518,2,82,0.012904791,0.90460306,2,103,0.025457805,0.93367636,3,123,0.019010743,0.9051363,0,143,0.0,0.9174674,2,164,0.015717153,0.8386455,2,200
1,0.025879424,0.9670714,2,20,0.0056200353,0.9706192,2,40,8.466233e-05,0.74175674,2,67
2,0.0032162673,0.9438551,2,20,0.010520013,0.97680545,2,42
3,0.02293616,1.0126685,2,44,0.00927619,0.9723357,2,70
4,0.0070141647,1.0154921,2,21,0.017367033,1.0572928,2,43,0.0093239825,1.0050461,2,63,0.0024035254,1.0463293,2,85,0.004633035,1.0133864,2,107,0.010077642,1.027626,2,128,0.007351309,1.0241004,2,163,0.0030900398,0.9997703,2,200
5,0.018058041,1.0410739,2,20,0.00046002475,0.96999747,2,42,0.00021523277,1.0155529,2,70,0.0,0.97198963,2,90,0.0030033812,1.003742,2,111,0.0069679846,0.9549143,2,132,0.043382745,0.77387035,2,152,0.016883329,0.8305874,2,172,0.022014666,0.8499389,2,200
6,0.014525982,1.039546,2,21,0.0007609501,1.0198512,2,50,0.007206019,1.058442,2,70,0.0032391339,1.0057185,2,90,0.004134105,1.0382825,2,112,0.0068599298,1.0687346,2,150,0.009084319,1.0586617,2,171,0.007547219,1.0339848,2,200
7,0.005908078,0.96797764,2,21,0.028032655,0.9031935,2,41,0.00535437,0.76572335,2,61,0.0,0.8432187,2,81,0.0,0.9458655,3,102,0.011238141,0.9428393,0,122,0.0066316337,0.8447226,2,142,0.0,0.8320535,2,162,0.011041452,0.80272776,2,200
8,0.0,1.0367093,2,20,0.0,1.041658,2,40,0.0039299508,1.0558602,2,65,0.0030489296,1.0329185,2,85,0.008244061,1.0166036,2,105,0.016039306,1.0291691,2,125,0.005277082,1.0687132,2,146,0.015992602,1.0261632,2,166,0.0067108655,1.0697587,2,200
9,0.015638562,0.94922805,2,23,0.010062383,0.91583884,2,45,0.0,0.9061907,2,70,0.0052040396,0.9083425,2,90,0.002385595,0.9005011,0,110,0.0,0.9109197,0,131,0.05566961,0.7514038,0,152,0.00948233,0.6236284,2,172,0.014589569,0.3392437,0,200
10,0.0,0.89377004,2,20,0.016466912,0.8851638,2,40,0.005658601,0.62373364,3,60,0.049833335,0.59619427,2,80,0.017587697,0.7521734,3,100,0.028428514,0.71478176,0,120,0.0033979393,0.9434004,2,140,0.009005572,0.9495276,2,171,0.005119682,0.90440315,2,200
11,0.00021048458,0.99301594,2,20,0.00024180184,1.0217509,2,44,0.0040900405,1.0196003,2,75,0.0051898877,0.99557245,2,95,0.0061393725,0.96637315,2,120,0.025917768,1.0054963,2,142,0.01202841,0.9957194,2,167,0.0045704767,1.0028279,2,200
12,0.01835529,0.9432489,2,24,0.0019126734,0.9849862,2,44,0.002331699,1.0066789,2,64,0.0045673447,0.96202546,2,84,0.0061353673,0.9199922,2,116
13,0.0043597566,1.0058752,2,28,0.0001264822,1.0065315,2,54,0.0012171435,1.0540383,2,77,0.043932077,1.0051243,2,97,0.03496961,0.9228783,2,120,0.017635528,0.97676605,2,142,0.04451627,0.9379196,2,162,0.019092364,0.95916927,2,200
14,0.0052093402,1.0584394,2,23,0.007087176,1.0392656,2,47,0.0059874253,1.0233048,2,67,0.0034426474,1.0172749,2,87,0.008336335,1.041859,2,107,0.002264963,1.0148455,2,134,0.0,0.9828219,2,158,0.015730016,1.0248032,2,180,0.010690021,0.9969984,2,200
15,0.002641138,1.0015604,2,20,0.007084894,1.0132533,2,43,0.017380849,1.0227983,2,75,0.0022289495,1.0401778,2,97,0.0009303512,1.0271266,2,123,0.008535632,1.0290331,2,168
16,0.0021110617,0.995392,2,20,0.0265937,0.93305475,2,45,0.00022490667,0.9519273,2,65,0.00233666,0.95387757,2,85,0.01567828,0.9465235,2,109,0.00029054395,0.9884592,2,129,0.0060753715,0.92801553,2,149,0.013000131,0.85608464,2,169,0.00066665706,0.9636827,2,200
17,0.0,1.0480729,2,26,0.00534503,1.0705408,2,46,0.004031747,1.0375602,2,66,0.0016388205,1.0203428,2,87,0.0,1.0464133,2,107,0.0013312611,1.0571432,2,127,0.0,1.049166,2,150,0.009738627,1.0415405,2,171,0.00061580306,1.0578661,2,200
18,0.017367685,0.97177076,2,20,0.0,1.0544788,2,45,0.0,1.0291233,2,65,0.0,0.9821557,2,85,0.0020902327,1.0042974,2,115
19,0.007437526,1.0463592,2,21,0.012958097,0.96547836,2,60,0.012112206,0.9730334,2,83,0.0,1.0218134,2,105,0.0,1.0237627,2,125,0.017016558,0.8583293,2,145,0.01289009,0.8896057,2,165,0.018718632,0.9803894,2,200
20,0.0037819261,1.0325795,2,35
21,0.06449629,0.88752735,2,20,0.0077666724,0.7196599,2,41,0.060192328,0.57828975,0,61,0.018366763,0.5393077,0,82,0.0,0.8466837,2,102,0.07893042,0.58982646,0,122,0.03617133,0.78449583,2,142,0.057865273,0.7713217,0,162,0.05266381,0.6652342,2,200
22,0.0,0.84889334,2,24,0.008316775,0.92328596,2,44,0.0098493025,0.6086189,0,65,0.04157821,0.48331603,0,85,0.004305258,0.28618783,2,116
23,0.016794369,0.95074385,2,24,0.0,0.9796521,2,48,0.0047253277,0.89600986,2,74,0.024481153,0.90617424,2,98,0.00441464,0.9455271,2,118,0.0,0.8411522,2,141,0.0004159227,0.94157743,2,161,0.011983426,0.88076615,2,200
24,0.015537574,1.0353066,2,21,0.0009875522,1.0409585,2,51,0.00086030026,1.0701821,2,74,0.0108669475,1.0292808,2,94,0.0023683996,1.0338422,2,125,0.0,1.0555366,2,149,0.0033450297,1.0386801,2,170,0.0,1.0503668,2,200
25,0.00012730667,1.0069287,2,20,0.017815994,0.980721,2,40,0.01765665,1.0025544,2,61,0.019704651,0.9386703,2,81,0.024147118,0.9502353,3,104,0.01783606,0.92038727,2,125,0.006584829,0.9758943,3,145,0.012778114,0.9506714,2,165,0.03460719,0.88568515,2,200
26,0.004747385,1.0597334,2,25,0.0054714223,0.9999915,2,46,0.00041892502,1.0146149,2,69,0.005087426,1.0081415,2,108
27,0.0010095746,1.0665122,2,22,0.008169086,1.0210128,2,45,0.010956888,1.0134541,2,66,0.00010368441,0.9945389,2,87
28,0.006984934,0.9381762,2,21,0.0,0.9436938,2,41,0.0,0.9055664,2,63,0.0114300335,0.8650339,2,83,0.010408868,0.79629326,2,103,0.006480351,0.8418659,2,123,0.045624506,0.7407914,0,143,0.0021550471,0.79853576,2,169,0.021739218,0.8703733,0,200
29,0.0033420413,1.0028026,2,20,0.014441914,1.0075954,2,69,0.012611798,0.9493687,2,90,0.028398762,0.9760424,2,110,0.0071884887,0.9850208,2,130,0.0,1.0352008,2,166,0.010844883,0.98401856,0,200
30,0.0035786356,0.97316486,2,29
31,0.0045294086,0.99009234,2,35,0.006782771,1.0411029,2,61,0.0021841775,1.0468333,2,91,0.0022130366,1.0280683,2,112,0.0,1.0294764,2,132,0.004520843,1.0092151,2,163,0.0037095458,0.9942665,2,200
32,0.0019779417,1.0477685,2,24,0.0,1.0384095,2,44,0.0,1.0828261,2,66,0.00013756387,1.0390387,2,91,0.006373109,1.0146439,2,114,0.0017701954,1.0216377,2,142,0.0,1.0068378,2,162,0.0020432605,1.0214487,2,200
33,0.0060693985,1.0357401,2,20,0.0019317789,1.0802219,2,53,0.0,1.03361,2,74,0.00025737553,1.0536423,2,101,0.0,1.055952,2,121,0.00012712523,1.0479474,2,151,0.0014625761,0.9783613,2,173,0.019781504,1.0430413,2,200
34,0.014407374,0.9808858,2,23,0.001835089,0.9616073,2,44,0.007096703,1.0081635,2,76,0.005174105,0.8838903,2,96,0.0,0.9262883,2,116,0.062022466,0.84148806,0,136,0.022059843,0.824214,2,156,0.03063476,0.9725727,3,176,0.010214457,0.7905345,2,200
35,0.0029077518,1.0385978,2,20,0.00860783,1.0271189,2,40,0.006465444,1.0453285,2,60,0.0035045631,0.9612441,2,80,0.010165134,1.0595396,2,100,0.0,1.0365005,2,121,0.003441155,1.0772974,2,154,0.0,1.0503994,2,177,3.399781e-05,1.0139973,2,200
36,0.00026840979,1.0323439,2,43,1.1428832e-05,1.0296088,2,69,0.0015910359,1.0275967,2,89,0.0,1.003539,2,114,0.016795442,1.0000389,2,137,0.0047897734,1.0029515,2,160,0.03551533,1.0376391,2,180,0.0016448932,1.0103285,2,200
37,6.7360634e-05,1.0279568,2,28,0.0,1.0973475,2,48,0.0,1.0579886,2,68,0.00057566556,1.0866328,2,95,0.0001638458,1.0739896,2,115,0.0035458028,1.0025489,2,144,0.001357416,1.0692503,2,200
