0,0.03472963,0.88945055,2,24,0.0045272573,0.85463536,2,44,0.005167767,0.81222475,2,69,0.0,0.921775,2,89,0.014610419,0.84662473,3,109,0.0,0.3661366,1,129,0.0,0.44122314,2,149,0.0,0.49538144,2,169,0.007866649,0.58433044,2,200
1,0.003054484,1.0175049,2,21,0.0,1.0174873,2,41,0.009341396,1.0521696,2,62,0.0,1.0177622,2,85,0.0,0.99666053,2,105,0.0054951743,1.0276489,2,125,0.010677406,1.0075916,2,146,0.0005048901,1.0871029,2,170,0.0046860534,1.0377406,2,200
2,0.0,0.95360637,2,21,0.0129632475,0.9542942,2,41,0.000503319,0.9330047,2,62,0.019579526,1.111064,2,82,0.0,0.93378973,2,105,0.009385738,1.0505779,3,125,0.0,0.7474146,2,145,0.0,0.90242565,0,165,0.002157667,0.85590583,2,200
3,0.0,0.60645586,2,20,0.05274533,0.7125335,0,40,0.07018386,0.53664505,2,60,0.0,0.5996592,0,80,0.0,0.6920508,2,100,0.0,0.6008139,2,120,0.003944506,0.6993965,1,148
4,0.0,1.0453656,2,20,0.009842615,1.0378606,2,41,0.0,1.0602025,2,62,0.004810282,1.0250267,2,82,0.00381589,1.0278199,2,103,0.003038796,1.0320866,2,125,0.0,1.0224046,2,147,0.0,1.0038525,2,171,0.0024643252,1.0275348,2,200
5,0.0025307382,0.98448956,2,20,0.0,1.0201141,2,40,0.019805994,1.0178767,2,61,0.0,1.0205237,2,81,0.0039404184,1.0354136,2,101,0.00027544756,1.054094,2,124,0.0,1.0254894,2,150,0.026666375,1.0177337,2,171,0.0008586494,1.0177895,2,200
6,0.0005360656,0.95015574,2,24,0.007872637,0.881749,2,53,0.0,0.91555417,2,73,0.0013004964,0.96996915,2,95,0.0,0.94579524,2,115,0.019550279,0.93231726,2,135,0.006071952,0.94644004,2,155,0.0,0.9442848,2,175,0.011329198,0.95578694,2,200
7,0.010557932,0.98125917,2,34,0.011073446,0.95080155,2,54,0.0,0.9752191,2,77,0.028358364,0.924877,2,100,0.0,0.9298593,2,120,0.0023948574,0.98609436,2,140,0.024922926,0.8805505,3,160,0.003000971,0.65668356,2,200
8,0.017289195,1.0112977,2,22,0.007420675,1.0483763,2,42,0.010651099,1.0386549,2,63,0.0061552846,1.0209006,2,83,0.0040274626,0.99962753,2,111,0.0018124954,0.9896012,2,134,0.0026907036,1.0147604,2,156,0.0,1.0285623,2,176,0.0038230699,1.0482988,2,200
9,0.0019054259,1.0148356,2,24,0.013379112,0.9712475,2,44,0.0056926664,1.0069675,2,65,0.006141143,0.9866631,2,89,0.018134162,1.0197537,2,113,0.010535123,0.9961027,2,133,0.0015142417,1.0137835,2,154,0.015960572,1.0355841,2,179,0.005368856,1.0410341,2,200
10,0.01165285,0.95228285,2,24,0.0011525588,0.8875724,2,45,0.011503395,0.77822256,2,65,0.0032508897,0.8384104,2,89,0.03699926,0.64651674,2,109,0.005210141,0.7147609,2,129,0.00351099,0.74098337,2,151,0.013480691,0.7580553,2,171,0.0028808324,0.64135236,2,200
11,0.0003220096,1.0035092,2,27,0.0,1.0072738,2,57,0.004801723,1.0164226,2,79,0.0,1.0473423,2,104,0.0010900415,1.048629,2,125,0.0,1.0410277,2,153,6.8580823e-07,1.0192587,2,174,0.0,1.0555122,2,200
12,0.0077566393,1.024923,2,25,0.012039581,0.9766962,2,47,0.016166046,0.98253894,2,72,0.013798721,0.9887288,2,93,0.0041308687,0.9796578,2,113,0.0023834554,1.0157878,2,135,0.017589407,0.9737376,2,162,0.008203548,1.005368,2,200
13,0.009776898,1.0025985,2,40,0.004299613,1.020933,0,61,0.0049547595,1.0408219,2,101,0.017303806,1.0310162,2,127,0.0086810645,1.049057,2,158,0.0103694135,1.0688227,2,180,0.012052703,1.0313698,2,200
14,0.010734548,1.0507482,2,21,0.012942935,1.0039394,2,41,0.0050191116,1.0341426,2,64,0.008413761,1.0231147,3,86,0.0,1.0503187,2,106,0.0,1.0276634,0,128,0.002493875,1.0418699,2,169
15,0.011746691,0.9581369,2,39,0.014592241,0.94169104,2,62,0.012320438,0.8937206,2,82,0.004604788,0.9644588,2,105,0.013327246,0.9288221,2,126,0.017244339,0.82710457,2,147,0.000117030366,0.84641314,2,167,0.0,0.81247187,2,200
16,0.0126666855,0.93732655,2,21,0.0051783025,0.93766004,2,41,0.04078696,0.9413654,2,64,0.008651927,0.9383605,2,88,0.025166685,0.910367,2,110,0.010992415,0.9815875,2,130,0.008720049,0.92193174,0,163
17,0.013486254,0.9969943,2,20,0.023610542,1.0040317,2,46,0.024461754,0.99245596,2,66,0.017964968,1.0154685,2,91,0.003145082,1.0194786,2,111,0.004501085,1.0413646,2,133,0.0029407872,1.029778,2,155,0.008453998,0.9712005,2,177,0.015687598,0.96301144,2,200
18,0.0043863077,1.0232188,2,36,0.01952986,1.0250231,2,56,0.0,0.9801443,2,78,0.010776825,1.0257591,2,101,0.0,1.0110166,2,121,0.009196567,0.9835572,2,141,0.0026691377,0.99118817,2,161,0.0058767577,1.0081613,2,200
19,0.0,1.0335127,2,24,0.008694451,1.0310225,2,54,0.0,0.97684175,2,74,0.010638584,0.9987682,2,94,0.013299592,0.9948809,2,118,0.004486025,0.98846585,2,144,0.0027625547,1.0326873,2,165,0.009441676,1.0313162,2,200
20,0.0021290942,1.0548779,2,26,0.0,1.0429401,2,53,0.006410103,1.0270622,2,86,0.0031653703,1.0004799,2,109,0.008240256,0.9916292,2,134,0.0,1.0372442,2,155,0.0017835114,1.0204104,2,200
21,0.001988031,1.0524565,2,20,0.0042005638,1.0279328,2,60,0.0075517828,1.0686371,2,80,0.007955263,1.0534675,2,100,0.0,1.0503949,2,124,0.012517762,1.0523843,2,159,0.0058680074,1.011613,2,179,0.0023810056,1.0308815,2,200
22,0.0027745548,1.058348,2,21,0.011696138,0.9879961,2,60,0.0,1.0161493,2,81,0.0015155323,1.0661333,2,111,0.0,1.0833464,2,134,0.00666932,1.073149,3,154,0.0,1.093933,2,174,0.0022085276,1.0364627,2,200
23,0.0114095025,0.82172936,2,21,0.037979454,0.7479026,2,41,0.0,0.7989437,0,61,0.017098814,0.8729638,2,81,0.017102517,0.69240606,2,113
24,0.029126156,0.8518976,2,20,0.049337547,0.7787898,0,40,0.018855501,0.82429755,0,63,0.03260697,0.6903678,0,83,0.0,0.8319749,2,105,0.003492501,0.93949395,2,125,0.020641359,0.79552567,2,148
25,0.004525893,0.981407,2,23,0.004792282,0.97637844,2,47,0.0,0.98619497,2,67,0.019333951,0.9274383,2,89,0.0022574046,1.0227778,2,123,0.0,0.9947931,2,143,0.0,0.97386295,2,163,0.013173899,0.9275791,2,200
26,0.007711779,0.9974967,2,28,0.020771215,0.9230372,2,48,0.019828364,0.98023224,0,69,0.03656283,0.8686822,2,90,0.0,1.0331811,0,110,0.0,0.97790563,2,131,0.011057526,0.9344277,2,153,0.0,0.899351,0,173,0.06427012,0.8818268,2,200
27,0.0034700963,0.8668044,2,21,0.009518144,0.7260837,0,41,0.03419661,0.7802097,0,61,0.009709606,0.7485705,2,81,0.02298708,0.75424236,2,113
28,0.0,1.0056925,2,22,0.0,0.9901493,2,42,0.0,0.9637843,2,63,0.0039967787,0.90789884,2,84,0.019878078,0.8792761,2,104,0.0829845,0.61923635,2,125,0.0,0.8277663,2,146,0.0,1.0566995,0,167,0.018391266,0.8287356,2,200
29,0.0,1.0103579,2,21,0.016935881,1.0363184,2,43,0.0037655681,1.0441897,2,63,0.0027883418,1.0157884,2,83,0.020494234,1.0282663,2,103,0.0105953915,0.9897415,2,127,6.030287e-05,1.0011832,2,148,0.004100778,1.0050297,2,169,0.0004005649,0.97499096,2,200
30,0.007041936,1.0301094,2,20,0.008400249,1.0015982,2,40,0.015168022,0.9944341,2,73,0.015363696,1.0438195,2,96,0.0022911197,1.0418915,2,121,0.021395668,1.0248471,2,144,0.0009324613,1.0263418,2,164,0.0042179157,1.0275388,2,200
31,0.009814853,1.0318557,2,20,0.016856207,0.96683216,2,40,0.042365037,0.9415989,2,60,0.063533425,0.94800633,2,80,0.015865453,0.9798535,2,110,0.05089321,0.9866231,2,130,0.0572849,0.9634918,2,162,0.001324161,1.000554,2,200
32,0.002822084,1.0130591,2,28,0.0018210236,1.0513177,2,60,0.004383531,1.0381074,2,100,0.0008172005,1.0120566,2,120,0.0022237645,1.0301095,2,142,0.0,1.0121003,2,165,0.0009528093,1.05124,2,200
33,0.009247343,0.9898844,2,20,0.014009061,0.9176812,2,40,0.0046672686,0.90323746,2,60,0.009779423,0.9815319,2,83,0.002892416,0.99278796,2,111,0.0033051183,0.99484074,2,139,0.0,0.9504169,2,161,0.007875345,0.9825624,2,200
34,0.003003877,1.0052689,2,24,0.009058609,0.98945445,2,46,0.014030106,0.9903749,2,66,0.016292691,1.0010527,2,95,0.011463001,0.99170685,2,115,0.00051304494,0.96508145,2,142,0.0033713996,0.9650286,2,167,0.008044157,1.0587853,2,200
35,0.0075647286,1.0170097,2,30,0.005668685,1.0174744,2,50,0.014157008,0.9702024,2,71,0.03422441,0.9762748,2,91,0.015433954,0.976109,2,111,0.01770995,0.9253426,2,139,0.016269429,0.93878305,2,159,0.004935722,0.94449645,2,180,0.014913778,0.9615337,2,200
36,0.016113322,0.9812712,2,21,0.015744664,1.0163027,2,48,0.0047279447,0.91404134,3,69,0.0026908924,0.8647114,2,92,0.00058516924,0.91894996,2,112,0.0,0.82295245,2,132,0.0,0.78830993,2,152,0.0,0.9039553,2,173,0.0,0.895917,2,200
37,0.00653107,1.022561,2,26,0.00121809,1.0498475,2,47,0.002438611,1.0266353,2,76,0.0032513468,1.0109762,2,97,0.0,1.0229298,2,117,0.0101786535,1.0187413,2,137,0.009040309,1.044049,2,157,0.009669021,1.0271562,2,180,0.0067304894,1.0021352,2,200
38,0.013226974,1.0279601,2,20,0.0068430426,1.0228158,2,45,0.00013415124,1.002493,2,65,0.011235082,0.9737744,2,87,0.008391586,0.97920805,2,109,0.0054474915,1.0018731,2,131,0.0006953652,1.0114022,2,151,0.0023182705,1.0144145,2,171,0.0146905305,1.0191865,2,200
39,0.0,1.0164971,2,23,0.0,1.0212392,2,43,0.0013621475,0.97823536,2,69,0.00016836822,0.92814296,2,91,0.014411161,0.9080628,2,111,0.0,0.8646899,3,134,0.006672021,0.85149854,3,155,0.0,1.0031128,2,175,0.0,0.8723926,2,200
40,0.0076731974,0.9836155,2,20,0.0058781663,0.9426246,2,52
41,0.019483417,0.7169663,2,20,0.0024436887,0.8297857,2,40,0.0,0.89538974,2,60,0.020371333,0.89028776,2,80,0.0,0.5125867,2,100,0.0,0.47060853,2,120,0.0286037,0.451469,1,141,0.02251088,0.56767726,2,164
42,0.0059179724,1.0103407,2,20,0.0033589283,1.0063033,2,42,0.027383039,0.99073464,2,72,0.0031021778,0.9845198,2,92,0.0038282475,1.0106533,2,112,0.012379143,1.0109735,2,150,0.0024046637,1.0022625,2,170,0.0041810605,1.0266683,2,200
43,0.002465394,1.0114167,2,28
44,0.0,0.9721147,2,20,0.01769169,0.98498356,2,40,0.00889586,0.98598367,2,74
45,0.0037191377,1.0161127,2,36,0.0016975946,0.98807675,2,60,0.003962896,0.97794473,2,82,0.0016980524,1.0287331,2,103,0.0017527575,1.0185654,2,123,0.004168118,1.0300717,2,144,0.004040425,1.0391699,2,167,0.0025526353,1.0125158,2,200
