0,0.004232602,0.9820777,2,32,0.0035546178,1.0251566,2,53,0.003556902,1.0227906,2,76,0.0119684115,0.98187673,2,97,0.007496311,1.0114031,2,117,2.2785953e-05,1.052024,2,143,0.0,1.0260375,2,169,0.013455814,1.0101354,2,200
1,0.033419814,0.95971173,2,20,0.006274148,1.0434645,0,40,0.0,0.76484823,2,61,0.0,1.0043501,3,81,0.0,1.2802517,2,101,0.0,0.7662552,2,128,0.0,0.66912866,0,150,0.0,0.48880976,0,170,0.025081897,0.5177986,2,200
2,0.0,1.0472934,2,22,0.0005186685,1.0310725,2,52,0.0,1.0221462,2,75
3,0.0,1.0401497,2,20,0.0049903444,1.031973,2,46,0.0018736087,1.0187279,2,79,0.009310006,1.0549618,2,99,0.0017006985,1.035934,2,137,0.0,1.0383117,2,160,0.025632497,1.03008,2,180,0.0,1.0375917,2,200
4,0.00094820745,0.9395425,2,20,0.024344817,0.8917748,2,47,0.009251764,0.9621454,2,72,0.009094391,0.87462264,2,105
5,0.0,1.0019139,2,20,0.0,0.9970413,2,42
6,0.0,1.0531813,2,20,0.0,1.0303531,2,42,0.0,1.0336684,2,64,0.0,1.0380695,2,113,0.00076309295,1.0620303,2,133,0.0,1.0045503,2,157,0.0,1.0574462,2,177,0.0013889134,1.037409,2,200
7,0.0031075357,1.0241494,3,21,0.006498307,1.0094926,2,50,0.0,0.9809273,2,70,0.0,1.020601,2,104,0.0,1.0273215,2,125,0.012671709,0.98798245,2,146,0.0036403507,1.0321037,2,170
8,0.007842431,0.898981,2,20,0.023081247,0.8957542,2,40,0.0,1.0110548,3,60,0.01006327,0.7782319,2,80,0.08031245,0.6972901,2,100,0.08974439,0.64828104,0,120,0.0,0.7631987,2,143,0.0410295,0.77090037,2,163,0.0016481563,0.9229448,2,200
9,0.0031177872,0.90595686,2,20,0.004054348,0.9213084,2,40,0.017668808,0.6523059,2,64,0.008238527,0.6490137,2,86,0.10759232,0.6993166,0,106,0.024508968,0.68569607,2,129,0.07966649,0.4677592,2,150,0.10547396,0.59414256,2,170,0.04995046,0.7131144,2,200
10,0.00834539,0.96199876,2,20,0.0042138137,0.85762405,2,40,0.0,0.8704589,2,61,0.027189972,0.8167096,2,85,0.048903257,0.73436505,2,105,0.13248274,0.7375103,0,126,0.021042671,0.7459262,2,146,0.031000603,0.84050876,2,166,0.0081682885,0.93942285,2,200
11,0.0021370111,1.0507169,2,20,0.00592298,1.0482999,2,49,0.0,1.083851,2,71,0.007876332,0.9872715,2,99,0.011398152,1.0029814,2,120,0.010403948,0.99891883,2,140,0.006615799,1.0599488,2,161,0.0076099504,1.0233217,2,200
12,0.0023163906,0.984745,2,35,0.0041678273,1.010798,2,55,0.0041402075,1.0116451,2,75,0.006479699,1.0196179,2,102,0.0037992236,1.0085396,2,123,0.0,0.99545175,2,143,0.00022819705,1.0198146,2,171,0.00054615265,1.0697116,2,200
13,0.0011658387,1.0605736,2,21,5.2898275e-05,0.96960044,2,43,0.0,1.0621833,2,63,0.0,1.0833088,3,83,0.0,0.9906621,2,103,0.0020084353,1.0314864,2,132,0.0,1.0258287,3,152,0.0,1.047677,2,173,0.0,1.0325452,2,200
14,0.006007804,1.016332,2,21,0.0,1.0394992,2,43,0.0015810952,0.9892189,2,63,0.012902278,0.92823213,2,85,0.0014718082,1.0318921,2,105,0.004871289,0.9777865,2,126,0.0014481719,0.97729653,2,151,0.008864475,0.94514453,3,171,0.008510598,0.98188967,2,200
15,0.0013826393,0.8989358,2,24,0.0,0.905867,2,44,0.0,1.002254,2,64,0.0,0.7938839,2,84,0.0,0.6104093,0,104,0.0,0.66838133,2,124,0.0,0.7767253,2,148,0.029562106,0.6820918,0,169,0.023597691,0.6135555,0,200
16,0.0,0.98999083,2,22,0.004874433,1.0627949,2,42,0.004013887,0.9993364,2,66,0.011192381,0.95149565,2,89,0.010737881,0.9214549,2,109,0.0046678707,0.8389685,2,131,0.0063109165,0.9832409,2,151,0.059712104,0.8030094,2,171,0.00035406777,0.7480245,2,200
17,0.0,1.0293761,2,20,0.0011295255,1.0346357,2,40,0.0,1.0552138,2,60,0.0029186914,1.025008,2,80,0.0003371516,1.0329906,2,108,0.0,1.0761113,2,130,0.0,1.086397,2,150,0.0061286,1.052513,2,172,0.0,1.0475948,3,200
18,0.04978146,0.7826632,0,20,0.0090215495,0.87584585,0,43,0.0060283197,0.8492115,2,68,0.046642922,0.8206919,2,88,0.04192671,0.8233082,2,109,0.0063840817,0.8373751,2,130,0.019046584,0.91179264,2,150,0.03305737,0.9081917,2,170,0.017587477,0.8601013,2,200
19,0.012937449,0.97606504,2,20,0.0069925427,1.0090476,2,40,0.002768484,0.95512265,2,64,0.008514642,0.984158,2,86,0.0,1.0027729,2,106,0.0,0.9439043,2,126,0.019447315,0.9276091,2,146,0.0005249896,0.9608706,2,166,0.0,0.8264891,2,200
20,0.0046442626,1.0364817,2,25,0.0,1.0056196,2,45,0.009537441,0.98814684,2,67,0.0036624293,0.97831696,2,87,0.0,0.9945873,2,110,0.0037717067,1.0155312,2,130,0.00044891905,1.012264,2,151,0.0106038945,1.0181441,2,174,0.002727782,1.0397986,2,200
21,0.0,1.0462062,2,23
22,0.0007183404,1.0200438,2,26
23,0.013415548,1.0134349,2,20,0.004464353,1.0393788,2,46,0.011934545,0.993979,2,70,0.0032930237,1.0652648,2,97,0.009040713,1.023294,2,122,0.016445866,1.0506333,2,143,0.025191167,1.0611211,2,163,0.0052706143,1.0402482,2,200
24,0.0067825937,0.9959427,2,35,0.0,0.9143494,2,57,0.0128313545,0.88535184,2,78,0.0,0.85287637,2,98,0.061584912,0.8511605,3,118,0.012895042,0.8963653,2,138,0.0037646599,0.74057496,2,161,0.021330412,0.7901962,2,200
25,0.0008345861,1.034922,2,20,0.00022649465,1.0428703,2,48,0.0077639446,1.0854461,3,68,0.003296712,1.0314399,2,90,0.0,1.0424464,2,111,0.0,1.0112573,2,135,0.007922988,1.0333525,2,200
26,0.0,1.043963,2,20,0.00020773662,1.0625991,2,40,0.0,1.0552311,2,65,0.0004852272,1.0187185,2,86,0.0032522792,0.9830865,2,108,0.0068271025,0.9910391,2,128,0.057845186,0.96311575,2,150,0.042110223,0.9246344,2,171,0.08082888,0.91285825,2,200
27,0.022227833,0.93232,2,20,0.011443149,0.921072,2,41,0.00578243,0.8436387,2,61,0.048606534,0.88268155,2,81,0.027666658,1.052949,2,101,0.030844608,0.9428445,2,121,0.017278546,0.86201036,2,141,0.011285933,0.8002037,2,161,0.0053557297,0.45508337,0,200
28,0.0,1.0212251,2,21,0.0035082675,0.9930669,2,41,0.012009731,0.99609715,2,73,0.014015614,1.0319422,2,95,0.0036288903,1.0448625,2,115,0.0014211339,1.067256,2,146,0.007822909,1.0255357,2,168,0.00261771,1.028425,2,200
29,0.0075000953,0.9688937,2,27,0.011580067,0.9778075,2,48,0.016850231,0.9586616,2,75,0.011566474,0.9737294,2,101,0.011562934,0.9661518,2,123,0.0071417294,0.9815594,2,144,0.029019084,1.0090994,3,165,0.016089736,0.9073686,0,200
30,0.0059755463,1.0071299,2,20,0.016323287,1.0154454,2,45,0.0,1.0583689,2,65,0.0,0.99897504,2,90,0.014283175,1.046778,2,111,0.008662475,1.0020931,2,131,0.009335973,1.0333492,2,153,0.0035253444,1.0635625,2,175,0.006761887,1.0505664,2,200
31,0.0,1.0386187,2,22,0.0,1.0536664,2,47,8.525877e-05,1.055956,2,68,0.0,1.0312027,3,88,0.0,1.0554122,2,112,0.0,1.0632652,2,137,0.0,1.0604634,2,157,0.0024206114,1.038249,2,200
32,0.03489683,0.95765734,2,20,0.03370582,0.94469774,2,40,0.0010142678,0.94131166,2,60,0.0,0.91252977,2,82,0.0005599969,0.66666293,1,104,0.008530859,0.67035496,2,125,0.0,0.5155262,0,145,0.0,0.31947663,0,165,0.03757617,0.43540093,2,200
33,0.0,1.0053948,2,20,0.0,1.0176152,2,44,0.00968713,0.98795,2,65,0.0038690998,0.9884642,2,87,0.011617386,0.92147183,2,109,0.0063894517,0.9955861,2,129,0.0,1.0002884,2,149,0.027321707,0.8364282,0,170,0.019396424,0.49794325,2,200
34,0.01142407,0.97578216,2,22,0.011144575,1.0280591,2,44,0.008743409,0.9084244,2,65,0.0,0.76368916,2,85,0.0081172995,0.8959044,2,105,0.0024075094,0.89008904,2,125,0.0,0.80222034,2,145,0.0,0.83262354,2,167,0.0022061751,0.83329093,2,200
35,0.005900333,1.03669,2,20,0.0014695636,1.0737141,2,43,0.0,1.0456668,2,69,0.0,1.0190489,2,89,0.001214444,1.0350984,2,110,0.010491157,1.0674033,2,133,0.0,1.0721804,2,179,0.0026133698,1.0695328,2,200
36,0.007233577,1.0467771,2,22,0.0,0.99672395,2,42,0.0014118799,0.9966419,2,64,0.0,1.0134003,2,84,0.00017151935,1.013025,2,104,0.0,1.0372118,2,124,0.0,1.0251957,2,144,0.008592035,1.0041869,2,165,0.0013479589,1.0299432,0,200
37,0.0018852224,1.0328054,2,21,0.0,1.0407487,2,43,0.0,1.0381796,2,67,0.008105619,0.9984363,2,87,0.012509137,0.98943293,2,108,0.003637139,1.0022235,2,131,0.00826584,0.8833126,2,151,0.056101013,0.9636639,2,171,0.010124951,0.93271244,2,200
