0,0.019918414,0.9679619,2,23,0.0060617635,0.8772605,2,43,0.012779733,0.6952693,3,63,0.0,0.8096628,2,83,0.017107949,0.65075254,0,103,0.005357539,0.7227823,2,123,0.0076834993,0.77048767,0,143,0.0,0.867919,2,164,0.10344041,0.62357897,2,200
1,0.0,0.9828651,2,21,0.0016257986,0.9572762,2,41,0.02644512,0.8949856,2,67,0.0,0.9256061,2,88,0.0,0.7284153,2,110,0.00486003,0.71481276,2,131,0.02086388,0.6180886,2,160,0.06316229,0.6570135,2,180,0.018305596,0.18693905,2,200
2,0.006075956,0.97536594,2,24,0.011094041,0.9331357,2,44,0.025054486,0.8657787,2,66,0.010551904,0.8368865,2,86,0.0,0.7582101,2,106,0.0065547503,0.80941486,2,126,0.03140606,0.9053005,2,146,0.0026600247,0.8340949,2,167,0.0060180645,0.57151043,0,200
3,0.0018222008,1.0493414,2,41,0.0018817186,1.067375,2,70,7.6192686e-05,1.0295801,2,92,0.0,1.0175731,2,118,0.005906928,0.9600997,2,142,0.0,1.0703006,2,162,0.0058284863,1.0487388,2,200
4,0.11785487,0.87678164,2,21,0.04549876,0.61900365,0,41,0.05117292,0.54708546,0,72
5,0.0153501285,0.9723142,2,20,0.05026731,0.76469177,2,41,0.050315455,0.40412584,2,73
6,0.0,0.9029051,2,20,0.0048797447,0.76577944,2,40,0.008067309,0.8787193,2,62,0.00591288,0.84763926,2,82,0.0,0.9290833,2,104,0.000518057,0.9679033,2,125,0.012509738,0.89981544,2,145,0.003994263,0.93060285,2,165,0.012209613,0.8818062,2,200
7,0.0067999368,0.9576513,2,35
8,0.01733342,0.970761,2,21,0.023164988,0.8804299,2,41,0.0,0.6711849,2,61,0.009520328,0.7984924,2,81,0.008214464,0.9317721,2,101,0.0,0.9155777,0,121,0.0011231826,0.91867316,2,141,0.04201391,0.87019163,2,163,0.0038602839,0.9634727,2,200
9,0.01045223,0.9848235,2,28,0.031692613,0.9085315,2,48,0.0,1.0261415,2,69,0.00078920217,1.0458021,2,94
10,0.0010613968,0.9684231,2,30
11,0.02003398,0.87272954,2,22,0.013161786,0.7767548,0,42,0.024860635,0.80045956,2,62,0.026599623,0.88688916,2,88,0.013772694,0.8957402,2,114,0.016253266,0.9409787,2,134,0.050963774,0.8866876,2,166
12,0.0,1.0415437,2,20,0.0,1.0480754,2,40,0.0026187107,1.0397708,2,64,0.004749812,1.0090021,2,92,0.0,1.0324663,2,115,0.0,0.9995142,2,135,0.00018417585,1.0165132,2,164,0.00474407,1.048539,2,200
13,0.0,1.015902,2,20,0.005452443,0.9978727,2,40,0.020336844,0.96289694,2,60,0.016295265,0.97953176,2,80,0.024505384,0.97476554,2,102,0.0063633556,1.0087187,0,122,0.0,0.9112579,2,142,0.0,0.92816794,2,164,0.0,0.9498395,0,200
14,0.006835718,1.0249279,2,35,0.0036762843,1.034833,2,56,0.0013778126,1.0322373,2,87,0.0,1.0768622,2,111,0.0053274645,1.0626053,2,134,0.0031087957,1.0679972,2,162,0.010775866,1.049388,2,200
15,0.0058024935,0.9810008,2,20,0.018471317,0.9536684,2,45,0.008685577,0.9305456,2,65,0.001361592,0.8735323,2,85,0.03620766,0.76232857,0,105,0.0,0.9410796,0,126,0.02037478,0.7768684,2,146,0.011122831,0.7321686,0,166,0.0063317413,0.39094853,2,200
16,0.00028740184,1.0524205,2,29,0.0,1.103454,2,50,0.0008670268,1.0489833,2,75,0.0,1.062415,2,96,0.0024098456,1.0425704,2,126,0.0,1.0035312,2,146,0.0,1.036956,2,168,0.0,1.0403898,2,200
17,0.014388392,0.90687704,2,20,0.026092425,0.8137909,2,40,0.014082827,0.7875537,0,60,0.00091941125,0.8418816,2,80,0.02550819,0.7664966,2,100,0.059793763,0.87682724,2,120,0.0,0.8643495,2,141,0.011204702,0.65390295,2,161,0.020574862,0.71674633,2,200
18,0.013286452,0.9269765,2,34
19,0.0,1.026639,2,21,0.015617448,0.9997536,2,41,0.0,0.8848154,2,61,0.0057551065,0.99211824,2,84,0.0,1.0071762,2,104,0.008777081,1.0325315,2,125,0.002326387,1.13108,2,146,0.014792311,1.0404657,2,171,0.0042995703,1.0214496,2,200
20,0.00045453914,1.025869,2,20,0.009934256,1.0276208,2,40,0.0034183464,0.89234793,2,62,0.0,0.9794773,2,82,0.04497418,0.83332276,2,104,0.0,0.93630564,2,125,0.04748129,0.93539566,2,146,0.0,0.9068821,2,166,0.011764621,0.95629513,2,200
21,0.00888002,0.9841399,2,46,0.015235185,0.964916,2,68,0.022386033,0.9826005,2,88,0.014970826,0.88705504,2,108,0.013431248,1.0004147,2,133,0.013510197,0.9812211,2,159,0.004116742,0.9882283,2,180,0.0007824813,1.0177953,2,200
22,0.0038581688,0.9894184,2,21,0.009097147,0.86584103,2,41,0.0,0.841757,2,61,0.0,0.82816106,2,81,0.010509674,0.87644863,0,101,0.10943379,0.62946606,0,121,0.0,0.65610987,2,143,0.0421684,0.60103905,2,164,0.04140381,0.53986365,2,200
23,0.0004716375,1.0024244,2,22,0.0,0.98796237,2,42,0.008683076,1.0157685,2,62,0.0,1.0356417,2,88,0.016048163,0.98078454,2,108,0.026226023,1.0121183,2,129,0.0,1.0093071,2,149,0.0,0.9920158,2,174,0.010884585,1.0589083,2,200
24,0.014061098,1.0211809,2,21,0.0,1.0713397,2,41,0.0021233936,1.0384976,2,61,0.014271087,1.0165223,2,83,0.040311154,0.99729586,2,103,0.039131667,0.9313961,2,129,0.0,0.97338927,2,149,0.03422447,0.9319807,2,180,0.028598601,1.026726,2,200
25,0.0009225324,0.9687367,2,31,0.0016865748,0.9617313,2,52,0.0033049833,0.9494513,2,73,0.011420669,0.9559454,2,93,0.038811464,0.96688306,2,114,0.0077250972,0.9355925,0,138,0.008211654,0.8776585,2,159,0.011739908,0.94714284,2,200
26,0.01164704,1.0098438,2,22,0.0033223915,1.0791724,0,42,0.0,1.0755485,2,62,0.0057595572,1.0196276,2,86,0.0,1.0613985,2,118,0.023331825,1.0259647,2,147,0.0029005064,1.0566454,2,168,0.003120453,1.0601931,2,200
27,0.011876603,0.80132806,2,20,0.0093322145,0.898696,0,41,0.036274146,0.87358034,2,79
28,0.034070384,0.94027513,2,23,0.021840002,0.88168335,2,43,0.007689274,0.94169587,2,63,0.008516702,0.91068417,2,101
29,0.0036769486,0.9950111,2,33,0.0,1.0647963,2,56,1.41358005e-05,1.0176587,2,76,0.009869988,1.0004947,2,97,0.026697686,0.9720524,2,117,0.0025227477,1.0201786,2,140,0.0033685144,1.0310051,2,179,0.0011613744,0.9802297,2,200
