0,0.001353351,1.0267795,2,21,0.003346143,1.0002373,2,51,0.010885594,0.9845147,0,72,0.00078815134,1.0344293,2,122,0.0017677041,1.0333111,2,174,0.006266907,1.0575176,2,200
1,0.0039347513,0.95602655,2,20,0.019013986,0.8844019,2,42,0.0,0.888357,2,63,0.017390136,0.6549462,1,83,0.020692019,0.49813324,2,103,0.00583694,0.7040151,2,123,0.0,0.7632656,2,147,0.0,0.4841265,1,168,0.0,0.61415446,2,189
2,0.011481038,0.9531018,2,21,0.0,0.775994,2,42,0.0,0.868686,0,62,0.010240657,0.45226452,0,83,0.10860281,0.6550803,0,103,0.079011895,0.41596848,2,124,0.14003786,0.64916706,0,146,0.085017316,0.46015826,2,167,0.04908131,0.70583826,2,200
3,0.0,1.0136989,2,23,0.022047754,0.8416926,0,43,0.0,0.78599524,2,63,0.015977535,0.7334909,0,96
4,0.006175843,0.8428596,3,32
5,0.00084975146,1.0017606,2,35,0.0067315213,0.9996603,2,55,0.017692864,0.9801938,2,76,0.021593379,0.99365234,2,98,0.03830322,0.9436596,2,118,0.0343465,1.0218742,2,138,0.026773492,1.0031497,2,170,0.02194255,0.943067,2,200
6,0.018692978,0.96835893,2,22,0.0,0.92106277,2,43,0.014468048,0.8551655,2,66,0.021866422,0.6864413,2,86,0.010160734,0.7153487,2,107,0.0,0.71372473,2,127,0.0,0.58263236,1,150,0.0,0.3929446,2,174,0.0010671946,0.6047849,1,200
7,0.010455709,0.971666,2,26,0.002245384,0.8695673,2,46,0.001984633,0.8418763,0,66,0.016056972,0.802728,2,86,0.0049318313,0.80347824,2,108,0.0034217096,0.85263216,2,130,0.0,0.8684796,2,155,0.0,0.7097351,2,176,0.0065507996,0.8472264,2,200
8,0.0065864176,0.9917231,2,31,0.00562242,0.9735812,2,57,0.0,1.0437026,2,82,0.0,0.90174276,2,113,0.0,0.9864099,2,167,0.017429652,0.88794696,2,200
9,0.013962215,0.8881022,2,23,0.00074949465,0.6453163,0,43,0.045416065,0.8462879,0,63,0.04177603,0.52937174,0,83,0.0013724491,0.554725,1,106,0.15982898,0.48808163,0,126,0.033762526,0.51131034,2,146,0.009218931,0.43694225,0,166,0.012373195,0.58160067,2,200
10,0.00088229874,0.90146965,2,22,0.022283847,0.8410863,2,45,0.0,0.7525388,2,65,0.0,0.7320772,2,85,0.0,0.65426964,0,105,0.024638059,0.37837446,2,127,0.093355834,0.5505844,2,147,0.18038884,0.56625354,0,167,0.11402524,0.43452707,2,200
11,0.0023892845,1.0231832,2,20,0.0047777696,1.0291307,2,43
12,0.004711739,1.0289662,2,23,0.004090715,1.0379088,2,44,0.0,0.98337746,2,66,0.008340264,1.010793,3,87,0.011110152,0.9820147,2,108,0.0,0.98491997,2,130,0.0,0.9885831,2,150,0.0,1.0411128,2,174,0.00020823255,1.0016584,2,200
13,0.0049833427,0.99305,2,27
14,0.040796235,0.95971686,2,26,0.02809763,1.0067137,2,47,0.0010591032,0.95419955,2,68,0.017730853,1.0070553,2,89,0.0043597557,0.98740464,2,109,0.009318723,0.9649719,2,132,0.013503909,0.9833251,2,153,0.0,0.98689634,2,173,0.00090967934,0.96042585,2,200
15,0.009177784,1.0117047,2,20,0.0016419713,1.0364599,3,40,0.0012272077,1.0558412,2,66,0.0014586092,0.98960257,2,87,0.0,1.031737,2,108,0.009519975,1.0523154,2,130,0.0029871021,0.9332641,0,150,0.0,0.95015967,0,170,0.0,0.90195125,2,200
16,0.01751893,0.99509877,2,21,0.0064181155,1.0270786,2,41,0.008459203,1.0209229,2,63,0.0026253324,0.9461223,2,86,0.0066943946,1.016251,2,124,0.0,1.0361003,2,146,0.014359476,1.0692976,2,166,0.0058274656,1.0584834,2,200
17,0.0039235423,1.0235436,2,23,0.0028118566,1.0354927,2,46,0.008384806,1.0063388,0,66,0.0043627284,0.9960227,2,87,0.0021609436,1.002084,2,108,0.010832103,0.9915951,2,128,0.0,1.013161,2,148,0.0032074316,1.0189693,2,168,0.0056627067,1.034133,2,200
18,0.0,1.0140218,2,22,0.0007051296,1.0063946,2,42,0.0017189347,1.0395999,2,85,0.014562416,1.0255815,2,110,2.5214893e-05,1.013698,2,138,0.0,1.0722853,2,158,0.0,1.0127351,2,200
19,0.009698736,0.99003,2,24,0.010197508,1.0323861,2,44,0.0010639792,1.0432943,2,67,0.0,1.1693989,3,87,0.0,1.1234835,2,112,0.0,1.059131,2,133,0.004829193,1.108374,3,157,0.0,1.1100802,0,177,0.00013377,1.1147004,2,200
20,0.0059601674,0.98386604,2,21,0.0011665479,1.0340178,2,41,0.006854576,0.9652654,2,67,0.035331447,0.9586938,2,88,0.004457619,1.0057135,2,109,0.0,0.94960386,2,129,0.0,0.9904098,2,151,0.005787301,0.9944625,2,174,0.011347855,1.0229651,2,200
21,0.0051472005,1.0137305,2,21,0.0,1.0029279,2,43,0.0,1.0335029,2,65,0.004533879,0.9927647,2,86,0.0,0.99466574,2,106,0.0003579188,0.99568015,2,144,0.0,1.0404803,2,170,0.0,1.0367038,2,200
22,0.01408573,0.90875274,2,20,0.0047965143,0.90735316,2,42
23,0.042107128,0.8810965,2,20,0.030043488,0.8770353,2,40,0.015852598,0.85427564,2,61,0.04230364,0.9034356,2,87,0.016347662,0.86441195,2,107,0.008926161,0.954105,2,127,0.0,0.9822931,2,147,0.0068764016,0.92200804,2,167,0.0,0.8204287,2,200
24,0.021478828,0.9435523,2,20,0.0035683818,0.8710341,2,41,9.8641875e-05,0.9028391,2,62,0.0017730376,0.9546213,2,82,0.0,0.95190084,2,103,0.0112799695,0.91596776,2,126,0.018721899,0.9100971,3,146,0.03385947,0.8931829,2,166,0.0069714794,0.8344443,2,200
25,0.015546793,1.0316432,2,20,0.02349252,0.9500107,2,42
26,0.0050850366,1.0020452,2,24
27,0.01123709,0.95231277,2,21,0.019974988,0.9054495,2,41,0.015679648,0.91039944,0,61,0.048948985,0.52860147,0,81,0.011482865,0.68461007,2,104,0.0,0.6893515,2,124,0.0,0.8225517,2,145,0.0012921756,0.85580575,0,165,0.0031514498,0.8958992,2,200
28,0.0062123127,0.98092544,2,20,0.018843926,1.0198004,2,42,0.04718447,1.0008038,2,63,0.005144075,0.94149375,2,93,0.0008501018,0.956676,2,114,0.0,0.93572754,2,139,0.015797626,0.9669426,2,159,0.023458246,0.9269618,2,179,0.0227761,0.9939386,2,200
29,0.006044625,1.0074894,2,21,0.0,1.0231225,2,41,0.0,1.0448878,2,63,0.0050989743,1.0285286,2,89,0.0,1.0447307,2,118,0.0015746825,1.0058285,2,144,0.002626562,0.9833081,2,171,0.0005165683,1.004211,2,200
30,0.005759688,1.0307798,2,36,0.025311515,1.0252562,2,67,0.008122982,0.988613,2,97,0.006768484,1.0114,2,141,0.0040609925,1.0408727,2,177,0.011685031,0.9841298,2,200
31,0.0116111515,1.0186638,2,28,0.0,1.016026,2,50,0.0,1.0622166,2,71,0.0,1.0787071,2,91,0.007021575,1.0507452,2,111,0.010442679,1.0354878,2,137,0.019010236,1.019979,2,157,0.006987176,1.0663422,2,200
32,0.008319285,0.9496107,2,24,0.0,0.99118173,2,44,0.022327898,0.9602024,2,66,0.004267359,0.99490196,2,93,0.002398752,0.9817254,2,117,0.007161658,1.006879,2,139,0.009391099,0.9383526,2,159,0.031092752,0.9415644,2,179,0.0013122341,0.9688116,2,200
33,0.0,0.959098,2,21,0.05388699,0.7948604,0,41,0.0,0.7582211,0,62,0.039657164,0.69354445,0,95
34,0.011653089,0.829168,2,32
35,0.032408018,0.9050395,2,21,0.020517848,0.8825914,2,45,0.024043001,0.92133963,0,65,0.0,0.6505629,3,85,0.029966166,0.6745811,2,109,0.089917354,0.49473396,0,129,0.0,0.74206007,0,149,0.0,0.60684097,2,169,0.044256225,0.6456784,2,200
