1718122156347 0.8621689677238464 0
1718124073747 0.8824983835220337 0
1718124864570 0.8927266001701355 0
1718125654326 0.8996011018753052 0
1718126445536 0.9002928733825684 0
1718127238947 0.9024701714515686 0
1718128039026 0.9096307754516602 0
1718128854658 0.9105789065361023 0
1718129674002 0.9210878014564514 0
1718130469515 0.9212156534194946 0
1718131259981 0.9247883558273315 0
1718132047135 0.9197310209274292 0
1718132836161 0.9280094504356384 0
1718133625083 0.9257941246032715 0
1718134412496 0.929535448551178 0
1718135199247 0.9307958483695984 0
1718135988021 0.9297311902046204 0
1718136776647 0.9263982176780701 0
1718137568507 0.9332433342933655 0
1718138358141 0.9316999316215515 0
1718139145378 0.9297493100166321 0
1718139928226 0.9337707161903381 0
1718140712352 0.9330231547355652 0
1718141496063 0.932373583316803 0
1718142282153 0.9349817037582397 0
1718143065546 0.9344461560249329 0
1718143850237 0.9365902543067932 0
1718144634687 0.9314139485359192 0
1718145422140 0.9347119927406311 0
1718146204903 0.9369975328445435 0
1718146988664 0.9306686520576477 0
1718147772806 0.9325651526451111 0
1718148559862 0.9383538365364075 0
1718149347236 0.935930073261261 0
1718150134334 0.9386842250823975 0
1718150916812 0.9384382963180542 0
1718151701871 0.9368941783905029 0
1718152490785 0.9390484094619751 0
1718153274415 0.9401607513427734 0
1718154058013 0.9393168687820435 0
1718154841425 0.9397299289703369 0
1718155625457 0.9403707385063171 0
1718156408409 0.9395185112953186 0
1718157191784 0.940276563167572 0
1718157974861 0.9418210983276367 0
1718158758665 0.9413590431213379 0
1718159542649 0.937932014465332 0
1718160326769 0.937659740447998 0
1718161114326 0.9395176768302917 0
1718161898727 0.9393665194511414 0
1718162686474 0.941510796546936 0
1718163469824 0.9410359263420105 0
1718164253035 0.9425475001335144 0
1718165037149 0.9399241209030151 0
1718165820722 0.9401241540908813 0
1718166604477 0.9416318535804749 0
1718167387912 0.9425052404403687 0
1718168171620 0.9415770769119263 0
1718168953500 0.9414781332015991 0
1718169737136 0.941963791847229 0
1718170520817 0.942237377166748 0
1718171303148 0.9421881437301636 0
1718172086558 0.9424058198928833 0
1718172870423 0.9423160552978516 0
1718173654133 0.9428582191467285 0
1718174441342 0.9438896179199219 0
1718175224474 0.9416669011116028 0
1718176006961 0.9427395462989807 0
1718176790492 0.9397836327552795 0
1718177573791 0.943079948425293 0
1718178357704 0.9412229657173157 0
1718179139948 0.9436721205711365 0
1718179924074 0.9427217841148376 0
1718180707781 0.9429378509521484 0
1718181492555 0.9429470300674438 0
1718182282013 0.9431230425834656 0
1718183066437 0.9431766867637634 0
1718183849401 0.9432965517044067 0
1718184634210 0.9448575973510742 0
1718185420328 0.9435699582099915 0
1718186207711 0.9430853724479675 0
1718186993946 0.9447605609893799 0
1718187784610 0.9443709850311279 0
1718188571279 0.9424576163291931 0
1718189357336 0.9435909390449524 0
1718190149120 0.9449681639671326 0
1718190938138 0.9447572231292725 0
1718191725166 0.9421381950378418 0
1718192509133 0.9443342685699463 0
1718193294269 0.9452435970306396 0
1718194079871 0.9461005330085754 0
1718194868298 0.9443085789680481 0
