1718116170112 0.6392629146575928 0
1718116265776 0.021546680480241776 0
1718116339308 0.021546680480241776 0
1718116412811 0.021546680480241776 0
1718116486244 0.021546684205532074 0
1718116559629 0.021546684205532074 0
1718116633087 0.021546680480241776 0
1718116706573 0.021546686068177223 0
1718116779933 0.021546682342886925 0
1718116853647 0.021546684205532074 0
1718116927352 0.021546682342886925 0
1718117001205 0.021546682342886925 0
1718117074847 0.021546682342886925 0
1718117148495 0.021546680480241776 0
1718117222137 0.021546680480241776 0
1718117295909 0.021546684205532074 0
1718117369677 0.021546680480241776 0
1718117443557 0.021546680480241776 0
1718117517425 0.021546680480241776 0
1718117591179 0.021546682342886925 0
1718117664773 0.021546682342886925 0
1718117738275 0.021546682342886925 0
1718117811913 0.021546682342886925 0
1718117885416 0.021546680480241776 0
