1719262839302 0.7978275418281555 0
1719263668737 0.8827357292175293 0
1719264479396 0.8902249932289124 0
1719265273512 0.8964043259620667 0
1719266060675 0.899121105670929 0
1719266874223 0.9047914147377014 0
1719267716344 0.9060432314872742 0
1719268534009 0.9066640734672546 0
1719269348896 0.9127417206764221 0
1719270149432 0.9126274585723877 0
1719270946222 0.9146870374679565 0
1719271729712 0.9190999269485474 0
1719272539321 0.9197618365287781 0
1719273360484 0.9226083755493164 0
1719274151184 0.9257330298423767 0
1719274952690 0.9243117570877075 0
1719275746905 0.9251314997673035 0
1719276571986 0.9280025959014893 0
1719277412947 0.9279528856277466 0
1719278245104 0.9287907481193542 0
1719279134605 0.9278925061225891 0
1719279962512 0.9302088022232056 0
1719280822289 0.9328491687774658 0
1719281629011 0.9306207299232483 0
1719282409972 0.9326006770133972 0
1719283237213 0.929299533367157 0
1719284025713 0.9322935342788696 0
1719284881197 0.9309623837471008 0
1719285686898 0.9343863725662231 0
1719286464366 0.9340444803237915 0
1719287239912 0.9356244802474976 0
1719288018235 0.9338194727897644 0
1719288812367 0.9361070990562439 0
1719289610272 0.9355807900428772 0
1719290410108 0.9363136887550354 0
1719291186125 0.9353924989700317 0
1719291966355 0.9364414215087891 0
1719292742160 0.9368457794189453 0
1719293517286 0.9351595640182495 0
1719294335236 0.9373811483383179 0
1719295142707 0.939731776714325 0
1719295925877 0.9391933679580688 0
1719296749729 0.9401615858078003 0
1719297663089 0.9380325675010681 0
1719298463763 0.937997043132782 0
1719299325117 0.9420793652534485 0
1719300133079 0.9432415962219238 0
1719300907367 0.9392049908638 0
1719301711272 0.9385303854942322 0
1719302536463 0.9427174925804138 0
1719303383668 0.9361335635185242 0
1719304201890 0.9421079754829407 0
1719305025388 0.9414315223693848 0
1719305869377 0.9443008899688721 0
1719306671959 0.9443250894546509 0
1719307455935 0.9418760538101196 0
1719308238567 0.9449502229690552 0
1719309012161 0.9447546601295471 0
1719309793377 0.9418911337852478 0
1719310644393 0.9475040435791016 0
1719311426194 0.9474835991859436 0
1719312290061 0.9457690119743347 0
1719313095807 0.9481629133224487 0
