1719262839271 1.281726659558678 0
1719263668697 1.084350129086562 0
1719264479361 1.038954822194907 0
1719265273457 1.0099347726750774 0
1719266060656 0.9948716323256143 0
1719266874203 0.9789011649740933 0
1719267716328 0.9741732544956705 0
1719268533957 0.9709144286863446 0
1719269348879 0.9548861985009072 0
1719270149411 0.9540582143868749 0
1719270946179 0.9489715539748557 0
1719271729668 0.940500995730307 0
1719272539284 0.9397102454023947 0
1719273360438 0.9346121818792926 0
1719274151149 0.9296483247363113 0
1719274952654 0.9288837626664928 0
1719275746875 0.9260817793435364 0
1719276571951 0.9241542947865027 0
1719277412902 0.920481921084778 0
1719278245075 0.9188439466614319 0
1719279134559 0.920314672235062 0
1719279962471 0.9146192852612429 0
1719280822261 0.9117628630951162 0
1719281628975 0.9151349631783371 0
1719282409941 0.9128199918145892 0
1719283237166 0.914277634529429 0
1719284025677 0.9124317955060182 0
1719284881162 0.9132162307395172 0
1719285686873 0.9062224033855601 0
1719286464323 0.9084941001684448 0
1719287239878 0.9047214439036962 0
1719288018200 0.9073526062344117 0
1719288812345 0.9055491779972831 0
1719289610243 0.903211231025912 0
1719290410073 0.9028786736299701 0
1719291186096 0.9024428211067971 0
1719291966324 0.9025960946412886 0
1719292742114 0.9019488985892857 0
1719293517239 0.9042224034439593 0
1719294335219 0.8999030694424878 0
1719295142661 0.896884895264587 0
1719295925843 0.8977354491046475 0
1719296749684 0.8963712187837223 0
1719297663045 0.8969894418339291 0
1719298463717 0.8999886203866176 0
1719299325091 0.8910333429294532 0
1719300133049 0.8907543866762173 0
1719300907349 0.8956332187456848 0
1719301711239 0.8946210078911336 0
1719302536447 0.8870574383482558 0
1719303383644 0.905780907977157 0
1719304201869 0.8900581345362069 0
1719305025359 0.8916635847425077 0
1719305869358 0.8867651483195409 0
1719306671941 0.8888489081934694 0
1719307455901 0.8918329516117505 0
1719308238537 0.8873219533698307 0
1719309012118 0.8868737503797719 0
1719309793353 0.8896400146973366 0
1719310644375 0.8812879312577063 0
1719311426121 0.8807248030512972 0
1719312290019 0.8836289360535592 0
1719313095777 0.8796717629747439 0
