1718187577484 1.1467988112322012 0
1718188122837 0.9726287565504662 0
1718188682899 0.9495757943309278 0
1718189124110 0.9358365093442691 0
1718189547982 0.9268000809087144 0
1718189967122 0.9132739577676765 0
1718190386139 0.910704122749034 0
1718190850584 0.8994447934647801 0
1718191337035 0.8962271491503119 0
1718191753411 0.895172181293343 0
1718192171803 0.9001722456269801 0
1718192592409 0.8928888934979544 0
1718193092082 0.8906863383914418 0
1718193509476 0.8849082584516614 0
1718193927771 0.8812318318585676 0
1718194341301 0.8789410452429229 0
1718194756039 0.8799155435574875 0
1718195219143 0.880559903326792 0
1718195697570 0.8733746611379958 0
1718196109962 0.8730426121314 0
1718196521947 0.8752129833501955 0
1718196933906 0.8723925234392947 0
1718197346555 0.8761085571668262 0
1718197763986 0.8710886653488286 0
1718198177757 0.8724019581437082 0
1718198650416 0.8697581207228136 0
1718199159995 0.8769119325586393 0
1718199577023 0.8710769815209829 0
1718199992455 0.8663719606567477 0
1718200404312 0.8630943362186452 0
1718200826714 0.8684566696204982 0
1718201237917 0.8674386858013552 0
1718201684789 0.8650529874248473 0
1718202140986 0.8647944565852463 0
1718202678059 0.8674532147411701 0
1718203131459 0.8627143311564252 0
1718203541759 0.859744786868722 0
1718203952679 0.8599251367120972 0
1718204363509 0.8605965865535704 0
1718204773018 0.8599229042959179 0
1718205244276 0.8620827800589972 0
1718205658047 0.8607710995864081 0
1718206069886 0.8591788376683542 0
1718206485498 0.8584757477935437 0
1718206896338 0.8565520554715811 0
1718207306988 0.8557842966564541 0
1718207753584 0.8590554290962127 0
1718208218717 0.8577777787786043 0
1718208769305 0.8582509340723365 0
1718209238806 0.8609352202736292 0
1718209648237 0.8541885806948403 0
1718210058982 0.8549835551181754 0
1718210470298 0.855154321252764 0
1718210880858 0.8571803944621064 0
1718211366764 0.8566905811541226 0
1718211775546 0.8561539444814529 0
1718212184438 0.855394183054751 0
1718212599239 0.8544679139029322 0
1718213009510 0.8580782515550373 0
1718213424211 0.8571728729408343 0
1718213868762 0.8496079078599728 0
1718214277518 0.8516679491873994 0
1718214686884 0.85151163391445 0
1718215097541 0.8523147488236862 0
1718215520235 0.8491868791517656 0
1718215946363 0.8524932947325596 0
1718216467816 0.8499138187893045 0
1718216964611 0.8452475349359325 0
1718217374404 0.8498120522626488 0
1718217851452 0.8478506838548581 0
1718218318933 0.8469586653097874 0
1718218727952 0.8485663852443792 0
1718219163076 0.8481104481645889 0
1718219570811 0.8428193089711252 0
1718220073871 0.8480767895505357 0
1718220502859 0.8482275933990033 0
1718220912690 0.8472307871810898 0
1718221322051 0.8452578505932314 0
1718221730892 0.8403446438794927 0
1718222161403 0.8444773535691392 0
1718222570272 0.8483923896441391 0
1718222979004 0.8475247751835454 0
1718223431892 0.8435153132768287 0
1718223843150 0.8436505160547154 0
1718224306584 0.8431434055859527 0
1718224756954 0.8440956300342144 0
1718225267275 0.8461732032057554 0
1718225734175 0.8404328065616922 0
1718226175224 0.8399209911336243 0
1718226584887 0.8419684048471504 0
1718226993894 0.8436877290716674 0
1718227401664 0.8395061478876564 0
1718227809759 0.8400242895300538 0
1718228218213 0.8374492290357609 0
1718228630026 0.8329069959268948 0
1718229038079 0.833349192015083 0
1718229517196 0.8336398638594866 0
1718229965758 0.8378171145785686 0
1718230396953 0.8325038834454396 0
1718230834096 0.8370431696062735 0
1718231264822 0.8382372224044243 0
1718231672585 0.8384479300501511 0
1718232081662 0.8476482998233181 0
1718232489295 0.8355272670871632 0
1718232896627 0.8341092404185322 0
1718233304538 0.8378421746326472 0
1718233759356 0.8303147756940449 0
1718234167022 0.8294189524123586 0
1718234640956 0.8282863120300723 0
1718235059659 0.8289978549640851 0
1718235466290 0.8290834339724197 0
1718235872934 0.8265712136836605 0
1718236295864 0.827022969433194 0
1718236702836 0.826418351614565 0
1718237110341 0.8301746496767392 0
1718237517263 0.8271094261079788 0
1718237923305 0.8222746452805716 0
1718238331732 0.8243598140122852 0
1718238818470 0.8364995961951376 0
1718239274523 0.8290689333943971 0
1718239741217 0.8209030908926731 0
1718240194815 0.8203051789223293 0
1718240601833 0.8200572900092222 0
1718241009355 0.8346582203198615 0
1718241417371 0.8206221085020949 0
1718241832634 0.829309571547968 0
1718242255558 0.8290554489619181 0
1718242663435 0.8229054670499487 0
1718243069988 0.8203101995676386 0
1718243476310 0.8173678139908267 0
1718243882808 0.821371994914434 0
1718244287569 0.8158885224484576 0
1718244692689 0.8158933724597267 0
1718245098662 0.8230335464285276 0
1718245505518 0.8260711565566694 0
1718245919625 0.819558088658416 0
1718246331704 0.8202939814000504 0
1718246737449 0.8237518692497261 0
1718247143387 0.8182644386270655 0
1718247549551 0.8173759940876844 0
1718247954455 0.8167276872516055 0
1718248379107 0.8169235110659318 0
1718248885049 0.8130561994324907 0
1718249322862 0.8204905876176346 0
1718249765430 0.8202754542872197 0
1718250277091 0.8176648076049094 0
1718250756219 0.8142052667216824 0
1718251226789 0.8132406151320768 0
1718251712398 0.8105062225185207 0
1718252117054 0.8109242292987452 0
1718252522400 0.8072212148934624 0
1718252927804 0.8092928094599818 0
1718253336325 0.8105913501993846 0
1718253741510 0.8099194287182435 0
1718254146086 0.8088348584468138 0
1718254551059 0.8142375156431775 0
1718254954786 0.8098630985357763 0
1718255359282 0.8141049207748069 0
1718255764356 0.8203530653837036 0
1718256169840 0.8164881679772578 0
1718256574185 0.8090040434874868 0
1718256979231 0.808406672374641 0
1718257384353 0.8081346309848106 0
1718257790580 0.814063657667847 0
1718258195078 0.8107622869101027 0
1718258599227 0.8091619099289693 0
1718259003585 0.8079474249278743 0
1718259445401 0.8108039959877882 0
1718259881078 0.8151032236817105 0
1718260324844 0.8122240424532609 0
1718260794421 0.8061528929466468 0
1718261244460 0.8086342795224685 0
1718261651214 0.8073602676073093 0
1718262055370 0.8064306984690169 0
1718262458975 0.8064151476794491 0
1718262862895 0.8081900134288138 0
1718263267285 0.8029179833947034 0
1718263676216 0.8015833559446263 0
1718264080273 0.8010176491152468 0
1718264483486 0.8054862568498323 0
1718264886530 0.8080931895416803 0
1718265290127 0.8062204069265441 0
1718265692988 0.8028186824618829 0
1718266096750 0.8094190864676494 0
1718266499616 0.8095673387248105 0
1718266902811 0.809930648594074 0
1718267306569 0.8137250707541561 0
1718267750364 0.8069456359961961 0
1718268208222 0.8032878508172858 0
1718268610819 0.8041946744640852 0
1718269014621 0.8058379919951131 0
1718269418259 0.8013190853529136 0
1718269821033 0.7998096004892155 0
1718270222794 0.7999050883028384 0
1718270625986 0.807733432236649 0
1718271027684 0.8010697577918708 0
1718271434430 0.8021788422940337 0
1718271837880 0.7989020747613756 0
1718272240263 0.8021735974906687 0
1718272642040 0.800935224563658 0
