1718187577522 0.8614521026611328 0
1718188122878 0.9120398759841919 0
1718188682930 0.9205212593078613 0
1718189124133 0.9258017539978027 0
1718189548018 0.9297480583190918 0
1718189967157 0.9403011798858643 0
1718190386165 0.939006507396698 0
1718190850612 0.9441770911216736 0
1718191337064 0.9472246170043945 0
1718191753432 0.9454761147499084 0
1718192171837 0.9427937269210815 0
1718192592440 0.9471158385276794 0
1718193092112 0.9484565854072571 0
1718193509504 0.9499794244766235 0
1718193927788 0.9518378376960754 0
1718194341319 0.9533764123916626 0
1718194756069 0.954292356967926 0
1718195219169 0.9526890516281128 0
1718195697599 0.9568536281585693 0
1718196109987 0.9557622671127319 0
1718196521990 0.9553841352462769 0
1718196933928 0.9572525024414062 0
1718197346588 0.9533606767654419 0
1718197764033 0.9569143652915955 0
1718198177774 0.9546055197715759 0
1718198650451 0.9586185812950134 0
1718199160028 0.9518976807594299 0
1718199577057 0.9586183428764343 0
1718199992476 0.9596415162086487 0
1718200404338 0.9619039297103882 0
1718200826731 0.9582778215408325 0
1718201237933 0.9588609933853149 0
1718201684907 0.9585968852043152 0
1718202141014 0.9598824381828308 0
1718202678078 0.9582203030586243 0
1718203131478 0.9606934189796448 0
1718203541775 0.9623716473579407 0
1718203952720 0.9625906944274902 0
1718204363552 0.9626351594924927 0
1718204773038 0.9631032943725586 0
1718205244309 0.9616515636444092 0
1718205658065 0.9628111124038696 0
1718206069953 0.9622628688812256 0
1718206485520 0.9627375602722168 0
1718206896370 0.963283121585846 0
1718207307034 0.9639645218849182 0
1718207753628 0.9621779322624207 0
1718208218757 0.9644535183906555 0
1718208769321 0.962823212146759 0
1718209238838 0.9612892270088196 0
1718209648265 0.96433025598526 0
1718210059015 0.964235246181488 0
1718210470320 0.9642190933227539 0
1718210880896 0.9635255336761475 0
1718211366791 0.962924063205719 0
1718211775573 0.963844895362854 0
1718212184476 0.9630693197250366 0
1718212599280 0.965294361114502 0
1718213009557 0.962282657623291 0
1718213424246 0.9616537094116211 0
1718213868791 0.9659137725830078 0
1718214277546 0.9660367965698242 0
1718214686901 0.9653658270835876 0
1718215097579 0.964375376701355 0
1718215520270 0.9665290117263794 0
1718215946390 0.9641358256340027 0
1718216467882 0.9660782217979431 0
1718216964641 0.9684520363807678 0
1718217374449 0.9665572047233582 0
1718217851470 0.9662309288978577 0
1718218318980 0.9668882489204407 0
1718218727978 0.9668132662773132 0
1718219163108 0.9660612940788269 0
1718219570845 0.9684895873069763 0
1718220073887 0.9653500914573669 0
1718220502893 0.9661990404129028 0
1718220912735 0.9655447006225586 0
1718221322083 0.9675436615943909 0
1718221730943 0.9701009392738342 0
1718222161427 0.9683309197425842 0
1718222570303 0.9668405652046204 0
1718222979033 0.9679479598999023 0
1718223431931 0.967055082321167 0
1718223843190 0.9688589572906494 0
1718224306602 0.968180239200592 0
1718224756976 0.9681357741355896 0
1718225267290 0.9660301208496094 0
1718225734202 0.9689579010009766 0
1718226175248 0.9690194725990295 0
1718226584917 0.9682509303092957 0
1718226993910 0.9677116870880127 0
1718227401689 0.9686378240585327 0
1718227809773 0.9700317978858948 0
1718228218226 0.9704205989837646 0
1718228630057 0.9724500775337219 0
1718229038097 0.9715966582298279 0
1718229517221 0.9708219170570374 0
1718229965788 0.9695042371749878 0
1718230396975 0.9714682102203369 0
1718230834113 0.9687461256980896 0
1718231264839 0.9691478610038757 0
1718231672625 0.9693148136138916 0
1718232081676 0.9642819166183472 0
1718232489309 0.9693242311477661 0
1718232896674 0.9700629115104675 0
1718233304556 0.9684923887252808 0
1718233759384 0.9722477793693542 0
1718234167046 0.9734431505203247 0
1718234640976 0.9727154970169067 0
1718235059678 0.9721601605415344 0
1718235466318 0.9729285836219788 0
1718235872965 0.9735086560249329 0
1718236295890 0.9731617569923401 0
1718236702878 0.9734464287757874 0
1718237110385 0.971025288105011 0
1718237517306 0.9723986983299255 0
1718237923350 0.9745088815689087 0
1718238331761 0.9746274948120117 0
1718238818505 0.9688202738761902 0
1718239274556 0.9714443683624268 0
1718239741242 0.9748490452766418 0
1718240194832 0.9746794104576111 0
1718240601875 0.9745165109634399 0
1718241009391 0.9692224264144897 0
1718241417407 0.9746174812316895 0
1718241832676 0.969886839389801 0
1718242255596 0.9716770648956299 0
1718242663469 0.9727030992507935 0
1718243070028 0.9736275672912598 0
1718243476334 0.9751387238502502 0
1718243882847 0.9731519818305969 0
1718244287613 0.9759021401405334 0
1718244692726 0.9760749936103821 0
1718245098696 0.9728147387504578 0
1718245505551 0.9723025560379028 0
1718245919652 0.9740079045295715 0
1718246331716 0.9746429920196533 0
1718246737475 0.973110020160675 0
1718247143417 0.9750738739967346 0
1718247549591 0.9747880101203918 0
1718247954488 0.9744248390197754 0
1718248379133 0.9745594263076782 0
1718248885075 0.9762691259384155 0
1718249322893 0.9734904170036316 0
1718249765461 0.9733819365501404 0
1718250277131 0.9737199544906616 0
1718250756250 0.9756453633308411 0
1718251226818 0.9765383005142212 0
1718251712423 0.9773066639900208 0
1718252117072 0.9764512777328491 0
1718252522442 0.9784597754478455 0
1718252927837 0.9777403473854065 0
1718253336362 0.9769687056541443 0
1718253741538 0.9781001806259155 0
1718254146131 0.9768914580345154 0
1718254551090 0.9745593667030334 0
1718254954807 0.9769511222839355 0
1718255359313 0.9768373966217041 0
1718255764397 0.9737840294837952 0
1718256169874 0.9748122692108154 0
1718256574216 0.9779670238494873 0
1718256979275 0.9777848124504089 0
1718257384386 0.9775749444961548 0
1718257790612 0.9742265939712524 0
1718258195110 0.9766183495521545 0
1718258599259 0.9771129488945007 0
1718259003616 0.9775334000587463 0
1718259445441 0.9757794141769409 0
1718259881110 0.9749371409416199 0
1718260324867 0.9775782823562622 0
1718260794444 0.9787858128547668 0
1718261244485 0.9768500328063965 0
1718261651250 0.9775513410568237 0
1718262055402 0.9779793620109558 0
1718262459006 0.9771842956542969 0
1718262862922 0.9772527813911438 0
1718263267313 0.9798466563224792 0
1718263676241 0.9798433184623718 0
1718264080299 0.9793947339057922 0
1718264483528 0.9764128923416138 0
1718264886546 0.9767259359359741 0
1718265290161 0.9786205291748047 0
1718265693004 0.9791637063026428 0
1718266096774 0.9749443531036377 0
1718266499644 0.9765127301216125 0
1718266902843 0.9766476154327393 0
1718267306619 0.9767712950706482 0
1718267750402 0.9800556898117065 0
1718268208239 0.979441225528717 0
1718268610848 0.9783492088317871 0
1718269014641 0.9777310490608215 0
1718269418277 0.9808953404426575 0
1718269821067 0.9813428521156311 0
1718270222822 0.98122638463974 0
1718270626018 0.9753761887550354 0
1718271027702 0.9797573685646057 0
1718271434459 0.9798708558082581 0
1718271837898 0.9810414910316467 0
1718272240279 0.9783718585968018 0
1718272642068 0.9791699051856995 0
