0,0.006957498,0.99702847,2,38
1,0.01683649,0.9642188,2,21,0.016420597,0.9892515,2,46,0.0015127407,1.0284903,2,66,0.038322102,1.0068014,2,86,0.010660009,0.8601659,2,109,0.005517253,0.84976876,2,134
2,0.006763731,0.98199195,2,20,0.0044313725,1.0096684,2,42,0.0,0.92128545,2,64,0.014252519,0.9260729,2,84,0.053682793,0.89358056,2,104,0.011600067,0.90189505,2,125,0.03312149,0.85720575,2,148,0.0075701117,0.9205304,2,170,0.013718188,0.90382916,2,200
3,0.01598814,0.9537485,2,24
4,0.010521257,0.9981804,2,20,0.016408836,0.9712043,2,40,0.0025002398,0.8630913,2,60,0.0020164966,0.8678776,2,81,0.008945545,1.0200161,2,101,0.004858423,1.0643717,2,124
5,0.0056779576,1.0432196,2,25
6,0.0036554325,1.0403945,2,25
7,0.015319015,1.03972,0,21,0.0003444737,1.0349038,2,44,0.0018518897,1.0499398,0,72
8,0.0,1.0152094,2,22,0.021155648,1.0374607,2,59
9,0.023646962,0.91090935,2,21,0.0019257776,0.97396404,2,45
10,0.02678901,0.96739614,2,20,0.00074020174,0.97225195,2,43,0.014830007,0.98619515,2,68,0.010617145,1.008181,2,89,0.022883615,0.8855967,2,122,0.0,1.052682,2,142,0.0025823682,1.0178254,2,165,0.013568008,0.9441839,2,200
11,0.0008682546,0.95160747,2,21,0.0044580335,0.91654503,2,42,0.006707468,0.94937587,2,63,0.048230313,0.9112113,2,83,0.02110786,0.7132239,2,103,0.011859979,0.89423615,2,124,0.0,0.9963396,3,144,0.0,0.91327226,2,164,0.028860964,0.80506253,3,200
12,0.011873708,1.0158406,2,35
13,0.017295068,0.98367894,2,28
14,0.006644076,1.036661,2,20,0.012203452,0.89831626,2,41,0.0037799943,0.93487877,2,62,0.048712596,0.9238133,2,85,0.027795605,0.95243394,2,107,0.0045316517,0.8927501,2,128,0.0034107738,0.9101922,3,148,0.0068708006,0.9114974,2,169,0.02059977,0.94350654,2,200
15,0.0018534104,1.0531199,2,20,0.0069242143,1.0240952,2,40,0.0070904503,0.9770456,2,61,0.0,0.9087927,2,81,0.0055263154,0.82683706,2,101,0.03801719,0.9459618,2,126,0.01618271,0.95676327,2,146,0.0,0.6933722,2,167,0.02442835,0.6744925,2,200
16,0.0049754786,0.98343647,2,21,0.026817376,0.99869525,2,41,0.025884299,0.9968658,2,63,0.02124944,0.96405613,2,99
17,0.028737133,0.8842362,2,20,0.013563481,0.92456365,2,42,0.014425501,0.9433048,0,64,0.022627626,0.93665934,2,84,0.032745045,1.0982332,3,104,0.0,1.0007969,3,124,0.011056329,0.8928131,3,144,0.0,0.8705305,2,164,0.03702782,0.6825266,2,200
18,0.024344359,0.96883583,2,20
19,0.0014376596,1.0266712,2,28
20,0.029950695,0.98556584,2,24
21,3.8702397e-05,1.0284836,2,21
22,0.011674512,1.0017394,2,24,0.0,0.9034632,2,45,0.01547662,0.9907256,2,67
23,0.0,1.0192198,2,20
24,0.027344247,0.95481235,3,20,0.007741423,0.92145395,2,40,0.021728337,0.9658907,2,63,0.012914576,1.008759,3,83,0.0013234315,0.97537386,2,104,0.030991608,0.9470197,2,125
25,0.024862695,1.0546665,2,20,0.003256175,1.0420631,2,44
26,0.00025975806,0.99433887,2,20,0.0022304312,0.9686855,2,43
27,0.020398209,1.0036206,2,27,0.009337361,1.0077521,2,48,0.011336296,1.0075557,2,83
28,0.018806046,0.96771765,2,21,0.0,1.0364566,2,42,0.002636555,0.9943855,2,64,0.0,1.0077404,2,86,0.009815623,0.9899538,2,108,0.004526885,1.0405778,3,130,0.0007690139,1.0494918,2,157,0.0046203164,1.0544678,2,200
29,0.003998921,0.9256605,2,23,0.017835332,0.9333822,2,44,0.006548899,0.94033086,0,64,0.02531228,0.8782125,2,88,0.019498272,0.9561306,2,108,0.02174301,0.8639878,2,129,0.0,0.68433535,2,149,0.015257466,0.8849449,2,173
30,0.014107864,0.9996111,2,22,0.006038804,0.96598214,2,43,0.014278249,0.9512994,2,65,0.050674327,0.89445734,2,86,0.009741589,0.88620704,2,107,0.008503558,0.9377089,2,128,0.0,0.9996444,2,149,0.021850534,0.9391487,2,171,0.0041930964,0.9797205,3,200
31,0.0055839894,0.92813456,2,20,0.011699168,0.90727556,2,40,0.0012794802,0.9478634,2,60,0.039494988,0.7989502,2,82,0.005230608,0.8472435,2,102
32,0.0061731813,1.0336716,2,23,0.045806028,1.0516474,2,43,0.008752423,1.0597295,2,67,0.015776442,0.91642976,2,89,0.009573115,0.8415901,2,109,0.034833934,0.79562247,2,129,0.009641221,0.8592779,2,149,0.0004393069,0.85859644,2,169,0.01867779,0.7901968,2,194
33,0.0076852227,0.9724855,2,21,0.0058941375,0.95067346,2,41,0.018820515,1.0045894,2,61,0.042888753,0.9459592,2,81,0.013204855,0.9778783,0,101,0.007759037,1.0037256,2,121,0.0053820102,0.936319,2,144,0.04727173,0.9007425,2,167,0.045236707,0.90241724,2,200
34,0.0,0.9923776,2,21,0.005896656,0.9612999,2,41,0.03095699,0.94248503,2,61,0.00027320132,1.0378321,2,87,0.0022906628,1.0157632,2,116,0.0026123596,1.0350487,2,137,0.0037880968,1.0202979,2,160,0.0027749962,1.0731862,2,180,0.004180121,0.99605095,0,200
35,0.0031131082,1.0080888,2,31,0.0048717186,0.99567175,2,69
36,0.016704952,0.96752715,2,25,0.001104228,0.94033504,2,51,0.010464266,0.86203253,2,71,0.011472626,0.92518336,2,92,0.0,0.92069834,2,112,0.0017260597,0.9141389,2,133,0.0,0.8912121,0,153,0.0,0.9537426,2,173,0.001636871,0.7100971,2,200
37,0.00055058056,1.0316521,2,25,0.0,1.0465754,2,45,0.012073529,0.91779894,2,68,0.0,1.0789366,2,99,0.025680542,0.89569896,2,122,0.012920861,0.9539788,2,143,0.0,0.8960503,2,166,0.011412991,0.78994507,2,200
38,0.0023962879,1.0255662,2,21,0.008470846,0.89726794,2,41,0.021442082,1.0018729,2,61,0.0017883552,1.0483371,2,81,0.020097464,0.9247549,2,101,0.016473453,0.90989465,2,121,0.011991134,0.9096135,2,141,0.010134654,0.8617371,2,161,0.0009295763,0.9335473,2,200
39,0.011210267,0.9869188,2,20,0.018124769,1.0306921,2,40,0.012530783,1.0578038,2,60,0.008923504,0.96656406,2,98,0.0,0.87642956,2,118,0.0032314777,0.85438603,2,138,0.013105346,0.7930984,2,158,0.0,0.6706348,1,179,0.0,0.6346425,2,200
40,0.017183159,0.9541481,2,20,0.00074540393,0.8282563,2,40,0.020434543,0.8263515,2,60,0.0,0.7394088,2,81,0.0033453933,0.76592743,2,101,0.0015209558,0.70016754,1,121,0.0,0.5201241,0,141,0.0056854268,0.5733634,0,163,0.0,0.23151128,2,190
41,0.0,0.9671769,2,20,0.011231566,0.9202177,2,40,0.048945166,0.82350636,0,60,0.030464206,0.95530844,2,80,0.0040116883,0.9745226,2,100,0.021941654,0.9409459,2,120,0.013775064,0.9477251,2,141,0.0227208,0.9482052,0,161,0.018934412,0.76253384,2,200
42,0.005833155,1.0859333,2,21,0.0064363335,1.014599,2,45,0.0021248674,0.92257303,2,67,0.0025362934,0.9882144,2,87,0.037949245,0.8761565,0,107,0.032665767,0.8091089,2,129,0.0,0.94143325,2,149,0.0014551191,0.93806475,2,169,0.020704411,0.90881866,2,200
43,0.0108989,0.9616955,2,20,0.009143054,1.0018986,2,40,0.017297968,0.992757,2,63,0.020214552,1.0097624,2,84,0.0,0.9097708,2,107,0.0,0.9864209,2,127,0.043040544,0.9605535,2,147,0.0056510745,1.060744,2,167,0.002868604,0.98639137,2,200
44,0.031740755,0.9645897,2,25,0.015229787,1.0116074,2,51,0.03308374,0.9181093,2,73,0.006900818,0.9142421,2,94,0.011790578,0.9194953,2,115,0.01143518,0.96509445,2,135,0.0063166763,0.92517877,2,157,0.036813278,0.90400743,2,177,0.017609455,0.9441269,2,200
45,0.008247836,1.039494,2,20,0.009028016,1.0013816,2,40,0.011161758,0.9659753,0,60,0.0051218458,0.9544924,2,83,0.0245593,0.9374445,2,103,0.033365875,0.9929577,2,123,0.0,0.94395626,2,144,0.04116254,0.9879034,0,165,0.055543523,1.006239,2,200
46,0.013778668,0.9625024,2,21,0.008647831,1.0161521,2,41,0.02096982,1.0054687,2,61,0.015789513,1.0423925,2,82,0.0,0.99962914,2,102,0.015893476,0.97346336,2,123,0.03545787,0.77625966,2,145,0.060842026,0.9268055,2,165,0.026398722,0.965563,2,200
