0,0.03067227,0.8996271,2,25,0.029782727,0.96639186,2,45,0.006146159,0.86981916,0,66,0.011800071,1.0431411,2,86,0.00954267,0.9926182,2,111,0.0064712847,0.8846717,3,131,0.0,1.0017424,3,154,0.0,0.5436148,0,174,0.023128917,0.76738924,2,200
1,0.015434798,1.0320063,2,31
2,0.03366791,0.90821135,2,20,0.011522566,0.89701545,2,40,0.010275635,0.8247886,2,61,0.015125766,0.9279586,2,81,0.001545748,0.8360278,2,101,0.008432352,0.73270565,2,140
3,0.03369932,0.92670196,2,27,0.041252058,0.89595556,2,50,0.014551,0.8525748,2,71,0.0,0.8667964,2,91,0.0027561374,0.92069244,3,111,0.0,1.0056072,2,132,0.0,0.8925722,0,152,0.0,0.82475734,0,173,0.0,0.5107313,2,193
4,0.013890779,0.91000426,2,20,0.030918524,0.8143984,2,40,0.013641024,0.7763841,2,60,0.00338507,0.6412724,2,80,0.0,0.81584597,0,100,0.0,0.7445858,0,120,0.025031742,0.8572096,0,141,0.0145935,0.8660787,0,164,0.013602505,0.9709823,2,200
5,0.0054116226,0.9774763,2,21,0.007005487,0.9308196,2,43,0.022912355,0.9156189,2,63,0.0,0.95953506,2,85,0.043843243,0.94833964,2,105,0.009963806,0.91356784,2,126,0.012647122,0.8521589,2,146,0.0,0.9324323,3,166,0.022592688,0.7378931,2,200
6,0.011787229,0.98941165,2,23,0.02738218,0.9274499,2,43,0.01571792,0.9998661,2,73
7,0.03186736,1.0272369,2,20,0.0039564627,0.99892175,2,55
8,0.008137897,0.937683,2,20,0.014217601,1.0181389,2,59
9,0.005877606,0.9547609,2,33
10,0.008679443,0.9961416,2,20,0.027904212,0.9147319,2,42,0.0,0.8312819,2,65,0.046860512,0.835323,2,85,0.0129537955,1.0033953,2,106,0.0,0.752267,2,127,0.0,0.909248,3,147,0.0,0.71916133,2,167,0.025745992,0.74986243,2,200
11,0.00089892594,1.0028143,2,20,0.023740534,0.9468753,2,40,0.0,0.8938319,2,61,0.03077593,0.9268984,2,82,0.016672384,0.9199413,2,105,0.024478363,0.98563755,2,125,0.008754241,0.919442,2,148,0.032342367,0.94815934,2,169,0.01266455,0.99916154,2,200
12,0.0044416175,1.0529824,2,20,0.02402246,0.9643026,2,48,0.005601383,1.0068145,2,69,0.018851206,0.9753026,3,89,0.016996698,0.91040605,2,111,0.06693603,0.9472926,2,131,0.025753932,0.9745827,2,153,0.04388518,0.8919047,2,173,0.023764376,0.95527536,2,200
13,0.0027933843,1.025347,2,20,0.0044152155,1.0209582,2,40,0.01935262,0.9708807,2,60,0.011135019,0.95333195,2,80,0.035344128,0.97649235,2,102,0.124903485,0.8998969,0,123,0.039747898,0.9473502,2,143,0.029049488,0.9873045,2,165,0.017081343,0.9366647,2,200
14,0.007402571,0.9880503,2,29,0.0061780117,0.92928135,2,49,0.005437338,0.936972,2,72,0.009007646,0.95724326,0,92,0.0,0.8669157,2,112,0.0061179786,0.8510769,2,132,0.015742391,0.7995598,2,169
15,0.0,1.0207702,2,20,0.010834665,0.98400533,2,43,0.018860571,0.9244311,2,65,0.014819028,0.9251644,2,92,0.00082888437,0.9829767,2,115,0.011252204,0.9864117,2,141,0.020853402,0.9265847,2,164,0.0061844187,0.9163102,2,200
16,0.012331073,1.0047297,2,24,0.026073331,0.86554706,2,45,0.0,0.87931937,2,65,0.0,0.7324984,2,90,0.046963986,0.86223793,2,112,0.0,0.80602276,2,133,0.01803454,0.9668466,2,153,0.043172687,0.77156526,2,177,0.028506622,0.7225782,2,200
17,0.02418905,0.98285216,2,20,0.014822234,1.0373778,2,40
18,0.004932542,0.9837719,2,29
19,0.01081473,0.9998993,2,22,0.0,0.9992577,2,43,0.018828865,0.97562045,2,63,0.0069347434,1.0179826,2,96,0.037774388,0.99630237,2,117,0.009069257,0.9336391,2,139,0.0,1.0282891,2,160,0.016181098,1.0187317,2,200
20,0.017336227,0.94869006,2,20,0.0020853418,0.9857996,2,44,0.0,1.1180185,2,65,0.0050143907,1.0538998,3,97
21,0.009436172,1.0053686,2,27,0.00027743055,1.043468,2,55,0.0055058994,1.0378529,2,75,0.012163025,0.992887,2,95,0.014545763,0.9904999,2,117,0.0,1.0380652,2,137,0.00622913,1.028907,2,161,0.0051718326,0.9595099,2,200
22,0.012574132,0.9370614,2,21,0.007735208,1.0813547,2,46,0.013522953,0.8776151,2,66,0.0056873006,0.97059125,2,87,0.010113863,0.9800788,2,107,0.008346959,0.98490644,2,145
23,0.0,1.0658063,2,22
24,0.001422155,0.9959089,2,25,0.008320821,0.9214674,2,45,0.044351794,0.87650615,2,65,0.03742221,0.90934515,2,86,0.05259309,0.6593092,2,107,0.032344405,0.80042773,2,135,0.015529643,0.8448202,2,156,0.007162375,1.0023004,2,180,0.0034190193,0.9811826,2,200
25,0.0,0.899353,2,20,0.0028916777,0.7240117,2,43,0.04151941,0.8813558,0,64,0.0,1.0742617,2,84,0.04643086,0.8453109,2,105,0.0,0.83182174,2,125,0.0,0.9646516,0,146,0.021663137,0.44627053,0,166,0.016532974,0.47948658,2,200
26,0.0055931574,0.99559146,2,20,0.0029804294,0.94871676,2,55
27,0.016641049,0.8884843,2,21,0.007978533,0.78983593,2,43,0.017975483,0.70805085,2,63,0.02897802,0.82764435,2,83,0.007589683,0.8941083,2,103,0.01830826,0.91761625,2,124
28,0.0070927115,0.988079,2,22,0.024194423,0.9977337,2,42,0.011164587,1.0031741,2,63,0.00067866547,0.97004163,2,83,0.0062892805,1.03622,2,108,0.015322682,0.96610147,2,128,0.010016204,0.96500784,2,153,0.012967858,0.9151025,2,176,0.012626038,0.78893703,2,200
29,0.015507762,0.97872025,2,28
30,0.018464198,0.95070565,2,20,0.0,0.98098683,2,41,0.018718248,0.9365967,2,61,0.026414761,0.95232993,2,81,0.0019090183,0.96276003,2,102,0.0,0.96372575,2,122,0.0062461467,0.9752437,2,142,0.0,0.96870536,2,165,0.0059626494,0.97015774,2,200
31,0.0,1.0234407,2,22,0.02211928,0.9414307,2,42,0.044370443,0.9216512,2,63,0.024004186,0.8969903,2,83,0.0022252793,1.0001357,2,103,0.0016303459,0.99882406,2,124,0.007842941,0.9742543,2,144,0.0075949095,0.975239,2,165,0.012974267,0.9724317,2,200
32,0.00057332503,0.9752967,2,24,0.015013859,0.94150627,2,60
33,0.014004129,0.9435188,2,20,0.012031125,0.9376561,2,40,0.0034334778,0.9401678,2,63,0.0,1.0219448,2,88,0.007463798,0.94605476,2,108,0.022770997,0.9347764,2,129,0.024611896,0.91006947,2,149,0.009315111,0.8461808,2,169,0.014712059,0.81555736,2,200
34,0.0019945449,1.0446539,2,28,0.0,1.0561259,2,61,0.01437867,1.011288,2,85,0.0,0.9766141,2,106,0.008966717,1.0103815,2,129,0.0028411348,1.0375988,2,149,0.009568724,1.0332179,2,169,0.004633717,1.0420015,2,200
35,0.009780111,1.031168,2,35
36,0.02596414,0.9801399,2,20,0.0015460583,0.9975941,2,52
37,0.0,0.99152195,2,21,0.00023209369,0.92800933,2,41,0.026685476,1.002322,2,61,0.0,0.97389615,2,81,0.049805585,0.9006615,2,110
38,0.0066734203,0.9972577,2,21,0.029496811,0.96718806,2,43,0.026147762,1.0008957,2,63,0.015258367,0.9622226,2,84,0.016315408,0.80791205,2,106,0.0055011576,0.8142385,2,129,0.01821955,0.84176826,3,149,0.0015916657,0.88471794,2,169,0.058914397,0.7510187,2,200
39,0.0038563043,1.0036801,2,20,0.009577336,0.99260074,2,48,0.0038271872,1.0280106,2,69,0.0031195777,1.0650781,2,90,0.028475499,0.9750122,2,110,0.009199529,0.9725945,2,132,0.00019908705,1.0986124,2,152,0.015317837,1.0109738,2,172,0.0,0.9366911,2,200
40,0.010871427,0.92040825,2,20,0.003751219,1.0369394,2,40,0.025095673,0.8741784,2,61,0.0,0.77298015,2,81,0.0046891915,0.7404049,2,104,0.0,0.40959468,0,124,0.0,0.3351466,0,144,0.0,0.41778293,1,165,0.030019395,0.61304724,2,200
