0,0.011822257,1.0358285,2,23,0.017355997,0.9165257,2,44,0.022200845,0.9708532,2,66,0.0,0.9869667,2,86,0.0067904703,1.0094943,2,118
1,0.012811321,1.0182279,2,25,0.0019513039,1.1092358,2,46,0.013841108,1.0229766,2,69,0.013059786,1.0501198,2,95,0.0022230775,0.9695927,2,115,0.014118093,0.9429849,2,135,0.031931557,0.93280476,2,155,0.0106301,1.0184653,2,176,0.027842132,0.88552475,2,200
2,0.007522783,1.0229298,2,20,0.0071723238,0.9715166,2,40,0.023613822,1.0183402,2,65,0.040469572,0.9459591,0,85,0.07681395,0.8854292,2,105,0.029833192,0.975259,2,125,0.025699353,0.9900923,3,145,0.007293705,0.9841504,2,168,0.011086206,0.99375707,2,200
3,0.0051168455,0.9458087,2,38,0.005809662,0.93728447,2,58,0.013415561,0.8214614,2,79,0.0,0.8629119,2,100,0.040121973,0.8865346,2,120,0.0,0.76930636,2,142,0.008059505,0.8947905,2,163,0.016128985,0.60072803,0,200
4,0.0050382144,0.99447805,2,20,0.02786314,0.9614998,2,41,0.007196168,0.8462192,2,62,0.04438677,0.83734375,2,86
5,0.020285662,0.87697345,2,20,0.0,0.90556335,2,41,0.03354971,0.7724683,2,63,0.026404927,0.773597,2,83,0.0047166953,0.79872113,2,103,0.03232985,0.74710417,0,128,0.0,0.84098077,0,150,0.020698579,0.8541692,2,171,0.011828301,0.45431373,0,200
6,0.010026982,0.98353595,2,20,0.01828079,0.9124789,2,43
7,0.012797177,1.0202568,2,20,0.007708819,0.9195413,2,43,0.006826887,1.0202078,2,64,0.021983549,0.9412031,2,84,0.044269986,0.89388627,2,104,0.01406311,1.0101687,2,124,0.013786316,0.99428666,3,144,0.008105089,0.95216775,2,168,0.005518293,0.9840642,2,200
8,0.027679723,0.96744156,2,20,0.0014103517,1.0160199,2,43,0.03019645,0.944988,2,65,0.018395234,0.9311519,2,87,0.0,0.96786624,2,107,0.012574047,0.9540353,2,132
9,0.0013982533,1.0137945,2,24
10,0.013845513,0.8771778,2,22,0.013897731,0.972098,2,47,0.021786358,0.9900832,3,67,0.023418505,0.8940889,2,89,0.016351826,0.9303613,2,110,0.0013768905,0.9071484,2,134,0.015423984,0.98094517,2,156,0.03276589,0.98536116,2,185
11,0.0,0.9263771,2,20,0.015785513,0.94211286,2,42,0.009776797,0.92194366,2,63,0.0,0.8097933,2,83,0.048117112,0.6846551,2,103,0.0,0.8787974,0,123,0.022279732,0.87669647,2,143,0.030926997,0.94330883,2,163,0.075217,0.8015566,2,200
12,0.0051650493,1.0151012,2,20,0.0017150908,1.0061448,2,40,0.0040566335,0.9914505,0,60,0.016049711,0.9648517,2,90,0.00043842773,0.9869101,2,116,0.013824418,1.009229,2,136,0.0008546854,0.9244439,2,157,0.007037518,0.9446238,2,177,0.011720516,0.97734565,2,200
13,0.010180904,1.0074799,2,20,0.0010246607,0.9591716,2,41,0.0035755588,0.9842721,2,68,0.004020616,0.9445122,2,99,0.020201758,1.009467,2,119,0.00972347,1.0377052,2,147,0.0011660464,0.99568194,2,167,0.0,1.0578895,2,200
14,0.0036224003,0.96215636,2,28
15,0.0022251797,0.98902196,2,23,0.015802743,0.9378414,2,47,0.0073937313,0.98557043,2,67,0.0,0.9256278,3,88,0.03309225,0.87877333,3,108,0.06958836,0.9411297,2,128,0.028147774,0.93552625,0,150,0.009606911,0.98546326,2,171,0.010655522,0.93479383,2,200
16,0.00812812,1.0373095,2,20,0.0,0.90409416,2,41,0.0197134,0.9528918,2,62,0.009284824,0.97363263,2,82,0.0,0.8720846,2,102,0.01333808,0.9485893,3,122,0.024233844,0.78726506,2,142,0.003853419,0.8064267,0,162,0.0023728728,0.7940291,2,200
17,0.0058653653,0.93058944,2,22,0.030550355,0.89272326,2,42,0.006421653,1.021991,2,62,0.015314351,0.8702003,2,82,0.038080137,0.76631415,2,104,0.04869131,0.8047409,2,124,0.029158881,0.6550158,2,144,0.026329776,0.9324287,2,164,0.050715834,0.857049,2,200
18,0.008970803,1.0011864,2,26,0.010583753,0.9598093,2,46,0.0042552794,0.9597784,2,69,0.0065086717,0.89597636,2,89,0.0,0.8941678,2,112,0.008034013,0.9576272,2,132,0.008129808,0.94921225,2,154,0.011461834,0.9275206,3,174,0.040852323,0.9030097,2,200
19,0.0028119737,1.0035534,2,30,0.0014062783,0.9998185,2,51,0.0,0.99941546,2,72,0.012152348,0.8980292,2,92,0.0010092208,0.98261994,2,112,0.014248761,0.9231457,2,134,0.00076666847,0.9489933,2,155,0.0,0.9246494,2,175,0.0,0.91003156,0,200
20,0.029674992,0.9020377,2,33
21,0.0016953709,0.9895919,2,24,0.008421933,0.94996583,2,46,0.0048977835,0.9442421,2,66,0.0042861747,0.8706644,2,86,0.0,0.8277165,1,106,0.023509022,0.84584904,2,126,0.0065474953,1.0222089,2,153
22,0.028805388,0.9593387,2,23,0.0064996057,0.9807898,2,43,0.015813228,0.85064155,2,63,0.0013306164,0.92687887,2,84,0.0,1.0207471,2,105,0.005369553,1.0030835,2,125,0.008023601,0.88745034,2,145,0.010857883,0.86374694,3,169
23,0.0031634565,0.9827749,2,20
24,0.024117943,1.000458,2,20,0.02094798,0.9723993,2,42
25,0.016866477,1.0029908,2,20,0.013772411,0.98106176,2,40,0.0,1.0052402,2,66,0.010781708,1.0019019,2,103
26,0.024593504,0.895898,2,27,0.0142540075,1.0101738,2,50,0.010798065,0.9495754,2,71,0.0017833153,0.9264019,2,91,0.0052845767,0.85848254,2,112,0.0052272766,0.6706905,2,132,0.0,0.6520455,2,152,0.0,0.38242882,1,172,0.0023741662,0.6691746,1,200
27,0.0069257854,1.030062,2,20,0.0021547575,1.0250108,2,41,0.040465426,0.91704226,2,61,0.0022677584,0.90103745,2,86,0.0046171853,0.92165315,2,106,0.0017201218,0.9380434,2,126,0.001666319,0.98118544,2,146,0.0,0.9526006,3,166,0.0,0.7760005,2,200
28,0.0025785111,1.0657442,2,39,0.0,1.0498031,2,61,0.01598428,1.0982159,0,81,0.00039914754,1.0383992,2,105,0.010004557,0.97742444,2,127,0.0034282238,0.97099406,2,152,0.0,1.0974324,2,172,0.007545635,1.0800798,2,200
29,0.011431551,0.9462692,2,20,0.0062783407,0.95434153,2,40,0.009646623,0.9135761,2,62,0.00046694328,0.9781763,2,84,0.008296607,0.89447844,0,104,0.011313666,0.92837685,2,124,0.0045343833,0.8284998,2,144,0.0,0.9073429,2,164,0.0113799255,0.9022458,2,200
30,0.004803248,0.9449816,2,22,0.05783999,0.93238914,2,42,0.0033645395,0.91664916,2,62,0.010625003,0.7866412,2,83,0.005064111,0.8722113,2,104,0.054658074,0.79826593,2,125,0.0,0.855453,2,146,0.0041910224,0.91679794,2,166,0.007773124,0.88144153,2,200
31,0.0,0.9603898,2,20,0.005608507,0.94030243,2,49,0.008234931,0.86883867,2,69,0.0,0.7704903,3,89,0.0,0.7401141,2,109,0.0,0.7880332,0,129,0.0,0.8149432,2,149,0.0,0.45138544,2,169,0.014745072,0.8331686,1,200
32,0.010195106,0.9991475,2,30,0.04881305,0.97302186,2,50,0.008018538,1.004377,2,70,0.0073828343,0.9774954,2,91,0.0023135333,1.014119,2,116,0.0,1.0611725,0,137,0.0057280436,1.0094734,2,157,3.2213422e-05,0.980539,2,177,0.0024548862,0.88398504,2,200
33,0.008229835,0.9609949,2,20,0.0068985233,0.95282286,2,40,0.0064154877,0.95477295,2,62,0.056125313,0.9598463,2,82,0.02252912,0.90054643,2,102,0.048247345,0.9596393,2,123,0.017622977,0.88676775,2,143,0.012117647,0.92486334,2,164,0.011922197,0.9836614,2,200
34,0.02897812,0.9961122,2,20,0.04939858,0.9756139,3,40,0.0041156868,0.83326894,2,60,0.040828716,0.78906304,2,82,0.008966391,0.48654565,2,103,0.0,0.4936912,2,123,0.0,0.24648012,2,144,0.0,0.5740335,1,164,0.0,0.77043813,2,200
35,0.0056666723,0.9801714,2,21,0.019173425,0.9817109,2,41,0.006503911,0.98729026,2,62,0.0034891579,0.96373874,2,83,0.011416837,0.92167073,2,107,0.004596273,1.0206889,2,136,0.004692807,0.93640757,2,157,0.009752583,1.019204,3,177,0.010647112,0.8661272,2,200
36,0.020665843,0.9780266,2,33
37,0.0025038633,0.9024436,2,20,0.023514722,0.90774524,2,40,0.0,0.967139,0,61,0.0,0.8916216,2,81,0.01629818,0.9214095,2,101,0.048236836,1.0444415,3,122,0.039437458,0.67066395,0,155
38,0.010450136,1.0050383,2,22,0.026827037,0.9634304,2,42,0.004580424,0.9263748,2,62,0.0073834914,0.937486,2,83,0.0015866788,0.9774886,2,104,0.0055696415,0.9800956,2,126,0.0047411523,1.074416,2,147,0.007222208,1.0425454,2,167,0.02881007,0.91183144,2,200
