0,0.0,0.91428137,2,20,0.0,0.77560115,0,40,0.018514263,0.7091427,2,64,0.07799035,0.6256365,2,84,0.04411692,0.47820386,0,104,0.008956827,0.5194397,0,126,0.0,0.6037627,2,146,0.16336888,0.5896949,2,166,0.009588414,0.41339558,2,200
1,0.015067517,0.98984593,2,27,0.0,0.96582586,2,49,0.016559698,0.99220705,2,70,0.029847678,0.9143348,2,91,0.02065511,0.857401,2,111,0.00036909673,0.8444727,2,131,0.0048910854,1.0112113,2,151,0.0,1.0147082,2,175,0.098437615,0.77068377,0,200
2,0.014987094,1.0076041,2,26,0.006094844,1.017262,2,53,0.0,0.84783274,2,74,0.0,0.87850887,2,94,0.019410968,0.832332,2,114,0.024865763,0.8271193,2,135,0.0035908609,0.887633,2,156,0.09055103,0.9102271,2,176,0.019190725,0.9903178,2,200
3,0.0,1.0175394,2,21
4,0.0,0.98033506,2,20,0.011480989,0.9402741,2,41,0.0007695671,1.0948956,2,62,0.005310954,1.0336238,2,84,0.0059243515,0.98923236,0,104,0.008034626,0.9457903,2,126
5,0.0012463623,1.0012863,2,23,0.0065408205,0.87278557,2,45,0.021439906,0.89800614,2,66,0.016855484,0.9068967,2,86,0.010692351,0.85231125,2,106,0.03657524,0.99401045,2,126,0.005918656,0.9820938,2,146,0.02472901,0.924327,2,166,0.027417764,0.9029727,2,200
6,0.0,0.90931255,2,20,0.03209768,0.9074203,2,40,0.0063682934,0.92171943,2,61,0.05234439,0.8664031,0,81,0.026290905,0.9286119,2,101
7,0.01188753,1.0835402,2,20
8,0.009732798,1.0181915,2,24
9,0.00766439,0.97231245,2,20,0.010093984,0.9983304,2,40,0.0010739537,1.0507047,2,61,0.018377265,1.0598522,2,81,0.0,1.0161617,2,101,0.00035042918,0.9611806,2,123,0.005163393,0.9673478,2,148,0.010761648,0.9683328,2,173,0.013112638,0.85362536,2,200
10,0.0057949466,0.9678553,2,21,0.0,0.9460349,2,41,0.014001911,0.95829594,2,61,0.007961355,0.90870386,2,85,0.005401718,1.0266603,2,106,0.0026724334,0.9976905,2,126,0.011001555,0.95751745,2,146,0.041120287,0.9776209,2,166,0.0074753813,1.0209206,2,200
11,0.013354913,1.0042492,2,37
12,0.009983966,0.9659955,2,20,0.0014040658,1.0062743,2,40,0.017918788,0.9661635,0,60
13,0.012232803,0.96584016,2,35
14,0.0010395919,1.0029377,2,22,0.009989083,1.0067098,2,51,0.022458833,0.95813894,2,71,0.00040954803,0.9224108,2,92,0.004275562,1.0530717,2,124,0.002208814,0.9860259,2,144,0.0,0.9281089,2,164,0.01937979,0.895195,2,200
15,0.0,0.9350232,2,20,0.011151954,0.98644435,2,40,0.0049693785,0.95150924,0,63,0.0,0.97334844,2,83,0.0068541775,0.86173093,2,104,0.025559966,0.93627965,2,124,0.0028213211,0.9510806,2,144,0.0,0.99471754,2,165,0.006500051,0.9648395,2,200
16,0.010811774,1.0058779,2,22,0.0,0.95799685,2,42,0.012790498,1.0250092,2,62,0.0155730415,0.92454386,2,89
17,0.0048511187,1.0156592,2,20,0.0025850746,0.9583234,2,44
18,0.035407357,0.84285086,2,20,0.012606794,0.8012312,2,40,0.026817555,0.9216744,2,61,0.014856583,0.71320635,2,84,0.0,0.70336574,0,104,0.054387916,0.6949624,0,124,0.0,0.9746844,2,145,0.0,0.93939924,0,165,0.033066075,0.67488956,2,200
19,0.0024352407,1.0201212,2,21,0.018879484,0.9907553,2,44,0.0038718863,0.93099517,2,76,0.019121965,1.0373584,2,100,0.01094714,0.95695895,2,120,0.0,0.9620238,2,141,0.023332486,0.95692426,2,161,0.00865586,0.87358,2,200
20,0.0035368765,0.99437696,2,25,0.025800548,1.0018998,2,46,0.013529086,0.9863924,2,72,0.029112708,0.8638745,2,100,0.008920326,0.88149506,2,124,0.0025090352,1.0089982,2,150,0.0058735167,0.9522294,2,173,0.02931303,0.8917018,2,200
21,0.0024573277,1.0108317,2,20,0.017868083,1.040374,2,40,0.0015197983,1.0595624,2,60,0.0017749863,1.0378402,2,81,0.010047359,1.0403903,2,101,0.009184267,1.0314423,2,121,0.00290129,1.0625403,3,144,0.0,0.9832674,0,164,0.0,0.98728424,2,200
22,0.018167991,0.97577536,2,20,0.002976965,1.0209583,2,41,0.0,0.96140206,2,61,0.037361357,0.9426594,2,83,0.037545197,1.0073032,2,104,0.023662083,0.9266554,2,124,0.010692193,0.86067754,2,144,0.06010824,0.8912262,2,166,0.0383796,0.9374859,2,200
23,0.0028463688,0.98322487,2,27
24,0.00483399,0.99999034,2,21,0.002844781,1.0177366,2,41,0.018036049,0.9085151,2,61,0.00027122078,1.0010439,2,81,0.014477742,0.9977115,2,101,0.013287744,0.9614576,2,121,0.019132784,0.9606775,2,141,0.004777048,0.9716368,2,161,0.005259085,1.0047681,2,200
25,0.014659055,0.9717582,2,32,0.0051208707,0.98142815,2,63
26,0.0,1.035935,2,20
27,0.0025035099,1.0729257,2,25
28,0.008713229,0.98940676,2,20,0.026543474,0.9284698,3,40,0.02374041,0.9021832,2,60,0.09954975,0.9749699,2,84,0.032680504,0.9474279,2,104,0.030523589,0.8753818,0,124,0.009151351,0.9478369,0,146
29,0.0,1.0583725,2,22
30,0.0009577774,0.99774677,2,20,0.0022879955,1.0654814,2,40,0.0018228615,1.0110829,2,60,0.0,0.9889034,2,80,0.003214485,1.0235897,2,105
31,0.014280135,0.9907581,2,20,0.0,0.9591143,2,43,0.026782434,0.89560854,2,63,0.03202148,0.9207413,2,92
32,0.0,0.96496236,2,21,0.030211125,0.9676062,2,41,0.011791911,0.97116536,2,64,0.024518305,1.0142651,2,84,0.016103348,1.0004321,2,105,0.010959701,0.9690344,2,126,0.0024789574,0.9925891,2,158
33,0.010775274,0.93033713,2,20,0.0,0.8655407,2,42,0.0,0.8427426,2,62,0.0,0.8789161,2,82,0.0,0.76211745,2,102,0.0,0.8468936,2,140
34,0.026448304,1.0308945,2,20,0.01424792,1.0216047,2,43,0.0,0.9669119,2,72
35,0.016811967,0.9104409,2,27,0.018844653,0.93490916,2,48,0.010335764,0.96848786,2,68,0.0035336975,0.8684551,2,88,0.0,0.74536675,2,126
36,0.011036472,0.9987384,2,20,0.015670946,0.95107955,2,40,0.015600156,0.9951054,2,61,0.04564581,0.9886654,2,81,0.016798386,0.9627909,2,106,0.0031530454,0.9637102,2,126,0.012110181,0.9679465,2,146,0.039466072,0.92782295,2,166,0.026298352,0.92958796,2,200
37,0.01956515,0.947719,2,23,0.030015783,0.9693154,2,44,0.009123674,0.9094237,2,64,0.042510327,0.9437841,3,84,0.0,1.0399379,3,104,0.02854486,0.8502055,2,138
38,0.0,1.0439703,2,25
39,0.0,0.99252814,2,20,0.0,0.96373355,2,40,0.0,1.0133666,2,60,0.0050042546,1.0654591,2,84
40,0.005108874,0.98620623,2,22,0.007337668,1.0322801,2,42,0.017108597,0.99763614,2,68,0.0,1.0003214,2,89,0.034211308,0.9872562,2,109,0.026039328,0.9015604,2,129,0.00024130492,1.0163335,2,151,0.0015858914,0.97779393,2,172,0.0042832666,0.94593656,2,200
41,0.0048029525,0.99536914,2,23,0.012435293,1.0274671,2,48,0.0074697495,1.080825,2,73,0.0028587158,0.99166965,2,101,0.0,1.0396851,2,122
42,0.0,1.0730832,2,20
43,0.0,1.0106616,2,20,0.0,1.1077894,2,41,0.017552545,0.9732666,2,62,0.0076193404,0.9356777,2,86,0.012640695,0.92538977,2,107,0.0,0.93328345,2,130,0.005184364,0.9328599,2,168
44,0.0070503256,1.0328196,2,21,0.010725826,0.95608854,2,45,0.0036491677,0.9551312,2,67,0.0077132345,0.88448715,2,90,0.013132105,0.74992,2,110,0.0,0.886973,2,130,0.04599093,0.8601516,2,150,0.02082918,0.7380745,0,170,0.06006534,0.7638828,2,200
45,0.009077807,0.98707086,2,24,0.03787787,1.0206182,2,44,0.010714337,0.88742495,2,64,0.027165039,0.85038185,2,86,0.00057434256,0.8926427,2,107,0.013260959,0.7597495,2,127,0.0,0.6963479,3,148,0.0,1.0087591,2,168,0.013924245,0.7006681,1,200
