0,0.0053049126,1.0044583,2,20,0.0036001594,0.9610816,2,43,0.03341312,0.9553361,0,63,0.0,0.92134875,2,83,0.054815024,0.85086423,0,104,0.011646619,0.85426044,0,124,0.00090701703,0.8914248,2,144,0.0,0.89254797,2,166,0.020948078,0.9641103,2,200
1,0.01170191,0.90213126,2,20,0.035362806,0.7930348,2,41,0.022144785,0.68710685,2,61,0.0,0.8603061,2,86,0.023669258,0.78301454,2,109,0.010427162,0.7280935,2,130,0.017671226,0.5214008,0,150,0.0,0.37989584,1,171,0.024085388,0.26646346,0,200
2,0.001707625,0.94323856,2,20,0.0,0.9372936,2,43,0.012514119,0.9934449,2,64,0.011983294,0.9341308,0,84,0.044655766,0.881158,2,105,0.0013228667,0.91061914,0,125,0.011494074,0.86476946,2,145,0.00041732882,0.6656685,2,165,0.051810477,0.8128755,2,200
3,0.0008022863,1.001945,2,28,0.019199295,0.9599001,2,48,0.027562553,0.9487465,2,68,0.009087377,0.95638096,2,88,0.0057844995,0.8293476,2,110,0.012516256,0.9801979,2,136,0.027289007,0.9250235,2,161,0.013085236,0.9699968,2,200
4,0.034758396,0.96204007,2,20,0.017000427,0.9929718,2,41,0.02187293,0.9061219,2,61,0.014710104,0.9977976,2,81,0.0075008958,0.9021077,2,101,0.008492194,0.9569787,2,129,0.003535588,0.9329308,0,149,0.013294487,0.7911259,2,172,0.009376351,0.75298524,0,197
5,0.0058548437,0.9866951,2,20,0.049495555,0.9494182,2,40,0.029554132,0.83898675,2,60,0.0,0.96863717,2,81,0.031352755,0.93248814,2,101,0.013369891,0.9271792,2,121,0.010358896,0.9402651,2,145,0.045254022,0.85858834,2,168,0.024086162,0.86925876,2,200
6,0.01591289,1.0009328,2,20
7,0.012703362,1.0006592,2,25,0.004936711,0.9981176,2,45,0.00012185969,0.9927535,2,70,0.009393803,1.0937455,2,117
8,0.007853625,1.0102694,2,39
9,0.01612315,0.9496891,2,20,0.02551254,0.9275161,2,40,0.03711032,0.8500916,2,60,0.009053961,0.8716965,2,84,0.017904388,0.93230516,2,106,0.027579447,0.96023476,2,126,0.0021944116,0.9215764,2,146,0.022959212,0.9490207,2,166,0.033534225,0.9518374,2,200
10,0.0019438502,0.9825985,2,20,0.010275094,1.0050628,2,40,0.012664311,0.96766514,2,63,0.04930427,0.9704566,2,83,0.0,0.9369837,2,103,0.0,0.8910647,2,126,0.0,0.9364192,2,146,0.0,0.95772916,2,166,0.012606641,0.91725355,0,200
11,0.017636184,0.98433554,2,20,0.0,0.97212327,2,45,0.0,0.83815134,2,65,0.008896578,0.9139995,2,87,0.011252554,0.9509548,2,108,0.04308636,0.87620866,2,128,0.09431181,0.83483255,2,150,0.029020997,0.73995996,2,172,0.0010851668,0.92093986,2,200
12,0.0,0.9200963,2,20,0.0074475785,0.92960876,2,41,0.0016984063,0.90253067,2,63,0.008603515,0.9824109,2,83,0.032289773,0.923179,3,103,0.007711989,0.909908,3,123,0.0020715832,0.97736835,2,143,0.02436724,0.8338746,2,163,0.032351602,0.887811,2,200
13,0.014721774,0.97338533,2,21,0.04480774,0.96545607,2,44
14,0.010740583,1.0041186,2,20,0.015428414,0.9530309,2,40,0.044783298,0.9152783,2,61,0.030333051,0.99947107,2,81,0.0,1.0591719,2,103,0.004917572,1.0395176,2,123,0.0,1.0352781,2,143,0.027632887,0.96574676,2,163,0.0,1.024799,2,200
15,0.02026064,0.90371656,2,20,0.0,0.9886955,2,41,0.0,0.9951639,0,61,0.0,0.9531199,2,81,0.0,0.9018078,2,101,0.044257134,0.8131318,0,121,0.0048063523,0.86208373,2,141,0.019899871,0.78115946,2,164,0.057595626,0.6888159,2,200
16,0.0023564638,0.9854221,2,24,0.0070086517,0.92843455,2,52,0.009655338,0.923834,2,77,0.017629292,0.82985675,2,97,0.0,0.5632943,1,117,0.012970509,0.40751478,2,156
17,0.008395261,1.0528677,2,20,0.0,0.9805873,2,41,0.0003872172,1.0650586,2,61,0.006337248,1.0545235,2,81,0.012371675,1.0473068,0,101,0.024764761,0.9067294,2,122,0.03893472,0.9151376,2,145,0.037170175,0.76494116,2,169,0.020467808,0.70053947,2,200
18,0.0,0.9937086,2,20,0.011381602,0.94856775,2,40,0.0016687283,0.9896396,2,60,0.04361235,0.93098986,2,81,0.03302126,0.973072,0,103,0.026127897,0.88068247,2,124,0.01599901,0.96209764,2,148,0.031832475,0.9103637,2,169,0.022495389,0.9176165,2,200
19,0.0063733947,1.0650867,2,22,0.0038645708,1.0335106,2,46,0.009149785,1.0006871,2,72,0.003612299,1.0015411,2,92,0.0,1.0173919,2,112,0.0030115999,1.0123131,2,132,0.0057872296,0.9931979,2,152,0.0019825266,1.0224243,2,190
20,0.02387776,1.0045451,2,35
21,0.012287035,0.9469918,2,20,0.0,1.0769427,0,40,0.02331344,0.9765662,2,60,0.014108819,0.98462754,2,84,0.008523377,1.0235097,2,105,0.0016723883,1.0594958,2,125,0.01453162,1.0479863,2,146,0.007864374,0.970127,2,166,0.026328456,0.9592388,2,200
22,0.0,1.04689,2,21,0.0049101934,1.0449442,2,41,0.004615328,1.0959989,2,62,0.02292214,1.0448554,2,82,0.05077054,1.0207441,2,102,0.026654549,0.9189627,2,129,0.0007291145,1.024859,2,149,0.0,1.0415477,2,173,0.00075596455,1.0172948,2,200
23,0.0019017432,0.98539656,2,20,0.042168178,0.9962347,2,40,0.007216712,1.0552305,2,60,0.0,1.0839864,2,81,0.0041543343,0.9421231,2,108
24,0.005126674,1.0152873,2,21,0.01906164,0.9369181,2,43,0.0,0.9955943,2,64,0.011853997,1.0242131,2,85,0.0,0.9346209,2,108,0.0029565913,0.9853712,0,133,0.01048874,1.0438894,2,153,0.01329959,0.9754993,2,174,0.0048031043,1.0219328,2,200
25,0.0036123865,1.008662,2,20,0.0117233,1.1122285,2,43,0.020803215,1.0366526,2,68,0.006423856,1.0865172,2,93,0.0090358425,1.0777301,2,117,0.009708207,0.99709696,2,139,0.0030179077,1.092658,2,160,0.006100624,1.0532894,2,200
26,0.005728844,0.9417716,2,20,0.014965355,0.9605411,2,45,0.0352632,0.87522066,2,65,0.0147668775,1.0346079,2,88,0.001956565,0.95094866,2,114,0.004098746,0.99958915,2,134,0.0,0.9562672,2,154,0.004910219,0.88009256,3,176,0.03278249,0.83895653,2,200
27,0.008727687,1.0285202,2,20,0.0067497403,1.0501877,2,40,0.0,0.90434104,2,60,0.010776972,0.9941552,2,81,0.009243515,1.0229015,2,110,0.0012531831,0.8910378,2,130,0.004155785,0.903564,2,150,0.0,0.7511183,2,170,0.0075109918,0.8257464,2,200
28,0.0022222628,0.93840873,2,20,0.0011619783,1.0236582,2,40,0.0134065505,0.96130145,2,60,0.012391386,1.0142453,2,80,0.017792223,1.0061123,2,100,0.0052642687,0.95733964,2,122,0.0029996573,0.98829734,2,142,0.0,1.0508986,2,163,0.008692687,0.9234878,2,200
29,0.0032508585,1.015571,2,24
30,0.0011797472,0.9875274,2,25,0.0,1.0495305,2,47,0.020342352,0.98447263,2,69,0.0,1.007416,2,89,0.0047766073,0.94864625,2,125,0.0,0.93452597,2,145,0.006240681,0.9465331,2,165,0.022151293,0.9656517,2,200
31,0.013939579,0.96604013,2,21,0.01876833,0.9780895,2,41,0.00817974,0.9832433,2,61,7.837656e-06,0.9573793,2,82,0.005539257,1.0353138,2,102,0.002955051,1.0428916,2,131,0.008804816,1.022554,2,151,0.028624354,1.0033643,2,173,0.0037754404,1.0146329,2,200
32,0.013096252,0.9524895,2,20,0.0029569366,0.96779346,2,40,0.028733961,0.89850235,2,66,0.008364323,0.93157333,2,87,0.028786626,0.9186711,2,110,0.0668209,0.90729845,2,130,0.006830883,0.8915173,3,150,0.042772267,0.8545829,2,173,0.0075316364,0.8179833,2,200
33,0.007650879,1.0233151,2,22
34,0.0,0.9654951,2,22,0.0027543425,0.96624804,2,42,0.0,0.8646282,0,62,0.016652906,0.8142913,2,82,0.0,0.8409497,2,102,0.0,0.72899854,2,122,0.002958312,0.5740213,2,145,0.01846219,0.46800652,2,172
35,0.0,0.944955,2,20,0.0017500747,0.9314294,2,40,0.013031517,0.87328684,2,61,0.009208231,0.8722656,3,82,0.013199311,0.91562843,2,104,0.017855996,0.83255893,2,127,0.029729921,0.96206343,2,147,0.033667356,0.8260569,2,176
36,0.005248917,0.99209774,2,21,0.017683867,1.028891,2,41,0.021524323,0.93529046,2,61,0.0070144343,0.87665755,2,83,0.012285744,0.84567004,2,103,0.005328866,0.91156566,2,123,0.0,0.98662233,2,143,0.00048367894,0.7867084,2,163,0.04149366,0.8269541,2,200
37,0.01781067,0.92605907,2,21,0.025944244,0.9078881,2,42,0.0,0.6900073,2,62,0.015343533,0.6809603,0,83,0.0021924283,0.7530281,0,103,0.02998712,0.5496038,0,124,0.023023352,0.90791523,0,144,0.04232519,0.7065358,2,165,0.05573666,0.6196388,2,200
38,0.008684613,1.0030985,2,20,0.0029469626,0.9957501,2,40,0.0,0.9912707,2,60,0.0,1.0056256,2,82,0.0026589576,0.99308956,2,114,0.0,0.9444885,2,136,0.01897242,0.74028873,0,160
39,0.00016146805,0.96982497,2,20,0.010411897,0.9898265,2,41,0.012715757,0.95540714,2,61,0.0037388075,0.9371723,2,81,0.0032176792,0.9197728,2,101,0.09180187,0.94880277,2,121,0.038317274,0.92447,2,142,0.0,0.93102884,2,162,0.047291566,0.8824595,2,200
40,0.025138786,1.0078751,2,20,0.0044498905,0.9773592,2,58
41,0.009789595,1.0085993,2,23,0.019790104,0.90811783,2,44,0.0,0.854232,0,64,0.0,0.7507203,2,88,0.0,0.9005286,0,108,0.0,0.6714305,0,129,0.0,0.92344874,2,149,0.017212933,0.8062582,2,169,0.0,0.73770255,2,200
42,0.0,1.0360693,2,20
43,0.015034978,1.0142732,2,33
