0,0.0043657287,0.9669235,2,21,0.046426214,0.93935716,3,41,0.055265862,0.8827095,0,81
1,0.0013588205,1.0113429,2,22
2,0.0032415239,1.0205069,2,25
3,0.0,0.992274,2,20,0.0071892845,1.0102047,2,42
4,0.011163511,0.9036247,2,20,0.0,0.7789116,2,40,0.03633104,0.8743955,2,60,0.0,0.8876122,0,80,0.0,0.597507,2,100,0.0,0.40197873,1,120,0.0,0.667517,0,140,0.0,0.5872273,2,161,0.0068086693,0.4601195,2,200
5,0.0,1.0012782,2,21,0.036003526,0.944553,2,53
6,0.009602831,0.9667179,2,25
7,0.0569731,0.9471631,2,20,0.0159366,0.8388203,2,40,0.030077705,0.93034285,2,64
8,0.021647511,1.01374,2,33,0.015700527,0.98362076,2,53,0.0023313987,1.0289981,2,75,0.014092549,1.0030428,2,98,0.018927412,0.96469986,2,119,0.004395591,1.0317051,0,143,0.0,0.9720909,2,165,0.005871008,0.90940475,2,200
9,0.008729827,0.98292464,2,40
10,0.02407533,0.9160502,2,22,0.0,0.8633362,2,42,0.0,0.683675,2,62,0.0,0.4304833,2,83,0.0030897886,0.7309644,2,103,0.0,0.9103279,2,123
11,0.015174806,0.926922,2,22,0.000898149,1.0522523,0,43,0.019203274,0.9985228,3,70
12,0.0,1.0326941,2,20,0.008434094,1.0044438,2,44
13,0.002752758,0.9572834,2,21,0.004596138,0.9704575,2,44,0.00050658424,0.8913824,2,69,0.0,0.69408345,2,89,0.0,0.7065072,1,110,0.0020463204,0.8818759,3,130,0.0,1.1186059,3,150,0.0,0.93936044,2,170,0.0,0.8348143,1,200
14,0.00026234676,0.9751582,2,29
15,0.003836514,0.9457878,2,21,0.0,0.8556554,2,41,0.013084042,0.9554798,2,63,0.009547637,0.94725454,2,86,0.0,0.8927549,2,108,0.02367768,0.9200565,2,128,0.005560437,0.83469385,2,165
16,0.0042687193,1.0233322,2,20
17,0.0013942826,1.0248667,2,21,0.006146601,1.0276201,2,48,0.0,1.052241,2,69
18,0.03195116,0.94641495,2,32
19,0.0060972786,1.0253966,2,26,0.0094966795,0.9910354,2,58,0.011173805,1.0243026,2,78,0.010690762,1.0905321,2,98,0.002235781,0.9878157,3,121,0.0053660534,1.0818034,2,141,0.06450394,0.9224173,2,161,0.011108069,0.88295805,2,200
20,0.0145202,0.93394107,2,20,0.003190233,0.9743043,2,41,0.010359084,0.92239726,2,62,0.0049339533,1.0389049,2,82,0.0,0.91510123,2,102,0.0,0.8961792,0,123,0.0,0.69320095,2,143,0.0,0.5493938,1,163,0.011663253,0.77089775,2,200
21,0.009298315,1.0561316,2,20,0.005376947,1.04482,2,40,0.009415182,1.0033497,2,60,0.011352291,1.0099843,2,80,0.0,0.98952913,2,100,0.0,0.9649375,2,120,0.031710207,0.9571535,2,144,0.013617896,0.8794634,2,164,0.015327243,0.95390385,2,200
22,0.0185981,0.96764165,2,20,0.0065293447,0.8730389,2,43,0.044656266,1.0183352,2,63,0.04405965,0.9922111,2,85,0.021620067,0.93943095,2,106,0.0,0.9371892,2,127,0.0,0.8524373,0,148,0.08492543,0.75224626,3,170,0.012493518,0.9439193,2,200
23,0.0,0.9735036,2,21,0.023739135,0.94796526,2,41,0.0,1.0229889,2,62,0.0,1.0221467,2,84,0.0035206603,1.011975,2,107,0.011917012,1.0473646,2,128,0.028694833,0.8933724,2,148,0.02896887,0.8243656,2,168,0.0074491873,0.918752,2,200
24,0.0034216621,1.0097771,2,22
25,0.0011024885,1.0333855,2,40
26,0.007317595,1.0334541,2,20,0.04865654,0.8657788,2,40,0.01375917,0.9101781,2,62,0.009731514,0.90746146,2,82,0.005961582,1.0334572,2,103,0.110728614,0.852548,2,131,0.00890844,1.0472434,2,151,0.037537325,0.9371004,2,171,0.004088029,1.0277363,2,200
27,0.013319373,0.9905039,2,20,0.0286103,0.92318547,2,40,0.00019611951,0.91119814,2,61,0.013572812,0.8022211,2,82,0.02258842,0.7611917,2,102,0.00033748188,0.73344266,3,122,0.005223899,0.78914297,0,142,0.0,0.7627879,2,163,0.037251852,0.44796324,0,200
28,0.051114857,0.925508,2,20,0.015915366,0.98909074,2,48,0.005488503,0.9909746,2,73
29,0.0123418225,1.0084236,2,20,0.009502737,0.96753263,2,40,0.01765776,0.8563701,2,60,0.016213035,0.9649436,2,83,0.011063983,0.995967,2,106,0.013360227,0.91464823,2,126,0.0,0.88511866,2,147,0.017810935,0.9854218,2,173,0.018517843,0.7933288,2,200
30,0.0008521442,0.96642554,2,23,0.0029298118,0.8732308,2,43,0.028709194,0.86549354,2,67,0.016460512,0.85657257,0,88,0.0084890025,0.78528386,2,110,0.0,0.65276414,2,130,0.0,0.90627146,2,150,0.0027458444,0.83596444,3,172,0.023396362,0.72741777,2,200
31,0.0018689967,0.9510081,2,23,0.01172953,0.89359313,2,50
32,0.01317613,0.981506,2,20,0.008255897,0.8895675,2,40,0.020425638,0.7973784,2,60,0.0027474693,0.8052845,0,81,0.05188955,0.85828173,2,101,0.0662852,0.48531714,0,121,0.016054085,0.56244904,2,146
33,0.0,1.030521,2,27,0.016663112,0.9923008,2,49,0.0013853504,0.9369783,2,70,0.023334801,0.9374256,2,90,0.017673537,0.94355166,2,110,0.0049496694,0.9862529,2,130,0.017248563,0.92229706,2,152,0.014805639,0.9584937,2,172,0.0,1.0326006,2,200
34,0.0069956146,1.0066952,2,21,0.008988168,1.0083148,2,46,0.03662792,0.9591116,2,66,0.008464331,0.9633745,2,96,0.012414912,0.90315795,2,118,0.018858787,0.84473914,0,138,0.0073379674,0.8883456,2,158,0.017815623,0.97389996,2,200
35,0.0,0.9817809,2,20,0.0,1.0364978,2,43,0.012200258,0.9867977,2,68,0.020535652,0.96530694,2,96
36,0.00021033287,0.9202924,2,25,0.046308167,0.91522074,2,45,0.009133326,1.0518031,2,65,0.0046865605,1.0617613,2,92,0.013141836,0.96468955,0,134
37,0.0,1.0092654,2,22,0.00041046133,1.0253631,2,46,0.0040642135,1.0491472,2,67,0.0,1.051851,2,106
38,0.0,0.99316084,2,20,0.026475232,0.9938545,2,46,0.011329546,0.97282267,2,67,0.0,0.9379503,2,87,0.012213891,1.000405,2,107,0.0,0.90507114,2,128,0.05181267,0.91129524,3,148,0.0041585714,0.7733115,0,169,0.018035702,0.8780349,2,200
39,0.019422852,0.8956725,2,21,0.027184539,0.90332204,2,45,0.017924175,0.91476613,2,66,0.011720511,0.92977697,2,86,0.0046757944,0.9323203,2,106,0.008442415,0.93848205,2,133,0.0049471282,0.95121586,2,153,0.0,0.8731105,2,173,0.0,0.8457394,0,200
40,0.013031227,0.966525,2,23,0.023679297,0.94761354,2,46,0.0,1.0631343,2,66,0.0015839938,1.065664,2,86,0.012801349,0.9792564,2,107,0.0026619507,1.0603042,2,130,0.014779831,0.97540826,0,151,0.0188856,1.0767019,2,173,0.03754079,0.99510664,2,200
41,0.0030206502,0.9209327,2,30,0.03673265,0.7211017,2,50,0.0,0.8375842,2,70,0.040653374,0.817845,2,99,0.009801165,0.88695973,2,119,0.0672656,0.7371541,2,139,0.0,0.80598897,0,159,0.029641598,0.3658544,0,200
42,0.0,1.0666173,2,25
43,0.0072368225,1.0003542,2,39,0.009822047,1.0210744,2,63,0.0040852125,0.98689014,2,83,0.0010295783,1.0374275,2,103
44,0.0014029301,1.0239758,2,23,0.010994023,0.93685454,2,45,0.0,1.0261135,2,65,0.027382415,1.0057567,2,85,0.0663118,0.98303765,3,105,0.0,1.0769818,0,125,0.0,1.1040785,2,145,0.0,0.8022452,1,167,0.006537855,0.66261387,1,200
45,0.0136917485,0.9587617,2,20,0.015927527,0.80868804,2,41,0.005222519,1.0070537,2,61,0.0,0.9276883,2,82,0.0,1.0731052,2,103,0.0,1.0170317,2,124,0.0,0.8625039,0,144,0.0,0.7436583,0,164,0.0,0.75269985,2,200
46,0.00579751,1.0272875,2,20,0.0058983318,0.98662966,2,40,0.0,1.0282878,3,62,0.0011992448,0.8686271,3,83,0.0,0.9231807,2,106,0.0,0.953685,2,128,0.027236523,1.0453262,3,150,0.0017359225,0.9386746,2,171,0.017474372,0.8288632,2,200
