0,0.013010448,1.0278331,2,20,0.019191606,1.0118561,2,45,0.0,1.0340787,2,66,0.0,1.1286405,3,87,6.5164175e-05,1.0204492,2,107,0.007981213,1.011489,2,138
1,0.0056684976,0.99005026,2,21,0.0,0.99641955,2,52
2,0.00075931556,0.98726815,2,20,0.017472837,0.9346892,2,41,0.005984783,0.85210276,2,62,0.01806989,0.92656374,2,82,0.019807687,0.9574587,0,102,0.029212987,0.87867707,2,122,0.040950604,0.9497325,2,142,0.003650873,0.9835302,2,177,0.0029018663,1.031773,2,200
3,0.01718458,0.9681964,2,20,0.024157653,1.0317495,2,40,0.012029228,1.0059901,2,76
4,0.0,1.0135013,2,23,0.009352686,0.9899315,2,51,0.01120904,0.9935397,2,77,0.004405047,0.9437435,2,97,0.0067826295,1.0240769,2,122
5,0.030507768,1.0100651,2,20,0.007760407,1.0138508,2,48,0.0057516336,1.0061073,2,68,0.011918853,0.9968301,3,89,0.014200784,0.9517387,2,109,0.0,1.0520456,2,129,0.0,1.065286,2,149,0.025948245,0.9564334,2,169,0.004472624,0.9517048,0,200
6,0.019557677,1.0027746,2,25,0.02033256,0.9784785,2,46,0.006817514,1.0133238,2,84
7,0.0036075634,0.999092,2,33,0.0406472,0.9414056,2,53,0.024459438,0.94679403,2,74,0.033677258,0.88422525,2,103,0.11418694,0.97675216,2,123,0.0,0.9452937,2,143,0.009559026,0.969303,2,163,0.028388757,0.96597713,2,200
8,0.0019875397,1.0317742,2,30
9,0.013347284,0.9176798,2,22,0.0036002013,0.8558226,2,43,0.008234112,0.92442775,2,64,0.06886802,0.86476266,2,84,0.058830418,0.69488364,2,104,0.035059445,0.3802092,2,143
10,0.0066700056,1.0022106,2,22,0.024778932,1.0424913,2,42,0.0,1.0505028,2,63,0.010079388,0.98184484,2,85,0.01657072,1.0495728,2,106,0.016302347,0.9874604,2,127,0.0,1.0168132,3,147,0.0,0.88799894,2,168,0.03665179,0.91285646,2,200
11,0.0035511248,1.0041399,2,20,0.013157418,0.97959435,2,40,0.007871239,0.97942674,2,66,0.0125419265,0.9655487,2,89
12,0.0017865362,1.0185964,2,20,0.0016430778,0.96266395,2,41,0.0014224962,1.0512682,2,61,0.0063819196,1.0366884,2,88,0.013246246,0.95902836,2,108,0.00062320766,0.91233575,2,128,0.02693756,1.0517311,3,148,0.0,1.0106074,0,169,0.0019323374,0.9792031,2,200
13,0.0025885063,1.0369695,2,20,0.0,1.0075842,2,47,0.002865075,0.9996115,2,67,0.009028792,1.0283804,2,91,0.007869885,0.95610327,2,114,0.0076975124,0.94701594,2,137,0.03283699,0.927288,2,160,0.050028127,0.836376,2,180,0.016045514,0.9504132,2,200
14,0.0045992536,0.91231185,2,20,0.00092999544,0.8997816,2,40,0.0,0.81211716,2,61,0.0,0.4984528,0,81,0.0,0.60827124,2,107,0.0,0.5903226,2,128,0.0,0.58896,1,149,0.0,0.6555482,2,169,0.017676217,0.68189555,2,200
15,0.0051953318,1.0423506,2,22,0.028708328,0.9106744,2,55
16,0.0075185946,1.0171505,2,23,0.009522682,1.0044639,2,48,0.005163583,1.0365503,2,69,0.0071921498,1.0308262,2,96,0.006760572,1.024953,2,118,0.02187499,0.9919728,2,138,0.02945667,0.9725118,2,159,0.0027073384,0.99200314,2,195
17,0.032783933,1.0038693,2,21,0.0035403385,1.0707967,2,41,0.010157602,0.9440468,2,61,0.007148259,0.99777454,2,84,0.026427846,0.9276579,0,104,0.01246929,0.8775495,2,124,0.029351957,0.90730023,2,149,0.0030861334,0.97258276,2,170,0.00068675715,0.9653364,2,200
18,0.0055491254,1.0231582,2,26,0.007989997,1.0446715,2,46,0.018419132,0.9437278,2,66,0.008316221,0.9585274,2,86,0.00058935955,0.9840219,2,113,0.0019728583,0.8965515,2,133,0.015166576,0.85607713,2,158,0.0049430644,0.7299083,2,179,0.0556179,0.90601975,2,200
19,0.017325005,0.9862538,2,26,0.0045056045,0.99573034,2,48,0.016088521,0.9259082,2,69,0.0013348178,0.99183005,2,99,0.01764002,0.9717004,2,123,0.0015927015,1.0086851,2,144,0.017708411,0.9651906,2,172
20,0.004555341,1.0571824,2,22
21,0.0,0.9648116,2,20,0.015882684,1.0259181,2,61
22,0.009556718,0.9909703,2,20,0.02250444,0.9461065,2,41,0.02088742,0.89261466,0,61,0.0071866056,0.9313382,0,82,0.00016488135,0.99548167,2,103,0.0,0.8509267,0,123,0.0,0.8290038,0,143,0.010215203,0.75731665,3,163,0.0006299623,0.84204024,2,200
23,0.0077318484,0.98365706,2,40
24,0.0011423993,0.9401935,2,21,0.011325203,0.8966086,2,46,0.019483758,0.868174,2,73,0.0,0.8481988,2,93,0.004056706,0.74689555,0,114,0.011030798,0.5173007,2,134,0.0,0.26925054,0,155,0.012113506,0.31909108,1,200
25,0.018557588,0.9426222,2,20,0.008746367,0.9804775,2,42,0.0055176946,0.94271654,2,65,0.0013734866,0.82890785,2,85,0.007802206,0.92300606,2,105,0.018872328,0.96257293,2,130,0.0017627385,0.9138398,2,154,0.0,0.9133439,2,174,0.0,0.95352614,2,200
26,0.004142697,1.0107887,2,20,0.0,1.0583267,2,46,0.0129415495,1.011756,2,79,0.022996964,0.8969085,2,101,0.0074363756,0.94919944,2,135
27,0.013534149,0.9045275,2,20,0.0,0.85098296,2,40,0.031297404,0.9117054,2,61,0.006895379,0.9385644,2,81,0.044545062,1.0313795,3,101,0.034609813,0.8379605,2,139
28,0.004352171,0.99770004,2,21,0.011220136,1.0428954,2,43,0.006461012,0.9912702,2,64,0.05395595,0.9620255,2,84,0.0,0.7445572,2,106,0.016740762,0.99897516,2,131,0.0030737414,0.71270424,2,158,0.045466434,0.7640506,2,200
29,0.008679386,1.0393271,2,27
30,0.028846994,0.89281493,2,20,0.012918401,0.9655207,3,40,0.032201003,0.99371266,2,61,0.0,0.9202846,2,82,0.022710795,0.9281177,2,104
31,0.0007430287,1.0173587,2,20,0.018231023,0.95103586,2,40,0.02282471,0.88140965,2,62,0.008456958,1.0118814,2,83,0.016322311,0.97570765,2,103,0.0039850427,0.99766386,2,123,0.01401527,1.0487561,2,146,0.0033812162,1.1094458,2,174,0.0107614435,1.056867,2,200
32,0.0,0.9662625,2,21,0.054274578,1.0085247,2,42,0.020188192,0.9872473,2,63,0.010515085,0.97962135,2,85,0.0038717648,0.97652763,2,107,0.005169639,1.0486504,2,129,0.0,0.95653915,2,149,0.034454614,1.0187788,0,169,0.007831569,1.0168395,2,200
33,0.00541499,0.9840298,2,30
34,0.014715976,0.8861125,2,38
35,0.007914654,0.9908843,2,24,0.0014476491,1.051752,2,47,0.033892132,0.958861,2,67,0.0048499117,0.9983432,2,88,0.0097048795,1.010663,2,109,0.0047778874,0.9704251,2,129,0.01211857,0.8947735,2,150,0.017556213,0.95718265,2,172,0.011722923,1.038419,2,200
36,0.0038645717,0.97785544,2,22,0.003127553,0.92592317,2,42,0.01690479,1.002298,2,62,0.009581828,0.948596,2,84,0.07945444,0.894461,2,104,3.0850715e-05,0.94184,2,131,0.0023397785,0.99203235,2,151,0.013098077,0.92376244,2,174,0.01836331,0.95728695,2,200
37,0.029717233,0.97527796,2,21,0.0055980585,0.94794697,2,48
38,0.008791932,0.96666706,2,20,0.0010911492,0.9646674,2,42,0.00045259262,0.9595959,2,64,0.01439186,0.88699526,2,87,0.0023572948,0.94080603,2,107,0.015496436,0.96158427,2,127,0.0052934983,1.0101143,2,147,0.012201346,1.0045156,2,172,0.0026914407,0.9498731,2,200
39,0.008736037,0.94426763,2,21,0.013902528,0.92762864,2,41,0.0024251374,0.88267726,2,62,0.015639087,0.81306,2,82,0.013773612,0.8590605,2,104,0.0009615414,0.74864507,2,124,0.0,0.55611837,3,144,0.0015095638,0.70677954,0,164,0.0013378793,0.5158245,1,200
40,0.01267311,0.98780745,2,24,0.0023048501,0.96647847,2,45,0.00931857,0.89857465,2,65,0.019041056,0.92292917,2,85,0.0,0.9048791,2,106,0.0,1.0718896,2,126,0.0,0.92665756,2,146,0.003060445,0.9620426,2,166,0.03156261,0.8243861,2,200
41,0.018574337,0.9326336,2,23,0.035185605,0.94474965,2,43,0.0012157253,0.98159075,2,67,0.016999487,0.923952,2,87,0.0,0.9568281,2,107,0.022345468,0.92114544,2,127,0.023052491,1.0108011,2,147,0.027611548,0.8409767,2,167,0.0,0.88839227,2,200
42,0.009223477,0.8625368,2,26,0.015728341,0.8157386,0,48,0.03732865,0.71587324,2,68,0.007357805,0.7844364,2,88,0.096306376,0.5533696,2,127
43,0.0039819386,1.0267771,2,42
44,0.009078651,0.94591475,2,25,0.011315527,1.0668441,2,45,0.0,1.0285093,2,65,0.01870052,0.92972684,2,86,0.0,0.9942171,2,111,0.0067096124,1.0080185,2,139
45,0.008434367,0.96888566,2,22,0.0034909684,0.8940775,2,42,0.011299889,0.7863398,2,66,0.0,0.77706337,2,86,0.0,0.83301437,2,107,0.13236374,0.7094771,2,127,0.014172957,0.5705753,2,148,0.005840762,0.74355453,2,168,0.06483771,0.69984204,2,200
46,0.0030763473,0.9652696,2,28,0.009790245,0.98031366,2,59,0.024814324,1.0092283,2,80,0.0,0.93680507,2,101,0.0,0.92794454,2,121,0.0,0.9642954,2,141,0.0,1.0340309,2,161,0.017331341,0.91862565,2,200
47,0.013122662,1.0155617,2,21,0.0050164815,0.9915062,2,48
48,0.006444659,0.9675925,2,25
49,0.028693885,0.94219,2,20,0.0,1.0172194,2,41,0.013730531,0.9943411,2,62,0.018549766,1.0518122,2,82,0.00020431896,0.96809703,2,103,0.012021834,1.0978405,2,123,0.009586146,0.98971915,2,145,0.02808858,1.0227423,2,168,0.0068263607,0.9402426,2,200
50,0.011330944,0.9946937,2,22,0.005426783,0.95560056,2,42,0.014358986,0.9888725,2,73,0.02290301,0.95522547,2,97,0.04936529,0.9871625,2,117,0.0084846895,0.942743,2,138,0.023139542,0.86286825,2,160,0.004273483,0.9765235,0,180,0.0,0.8475612,0,200
