0,0.011422252,0.92086,2,20,0.0034291176,1.0196006,2,45,0.019443573,1.0339227,2,70,0.015279698,1.0014044,2,92,0.0038977559,0.9224044,2,112,0.018491827,1.0601327,2,133
1,0.017722705,0.9436178,2,26,0.009772048,0.969927,2,50,0.0123417135,0.9738323,2,72,0.012945441,0.9142942,0,93,0.0,0.8412299,2,114,0.044266053,0.73020124,0,137,0.04381735,0.5808426,2,160,0.02216151,0.64013994,0,180,0.053775806,0.5602666,2,200
2,0.010666612,0.9971868,2,32
3,0.0074396343,1.0228328,2,20,0.004183428,0.9964628,2,40,0.022320792,1.0056956,2,71,0.010831456,0.9339047,2,93,0.000953912,0.92173326,2,113,0.0,0.8053225,2,146
4,0.04947381,0.7912002,3,20,0.0037079412,0.9305503,2,41,0.021958798,0.91669863,2,61,3.319985e-05,0.9533012,2,91
5,0.027289048,0.95767707,2,20,0.009194664,0.97577363,3,40,0.0033637038,0.91849196,2,60,0.00016680107,0.9626685,2,85,0.003009203,0.9571077,2,105,0.0,1.0208585,2,125,0.039904762,0.85736626,2,145,0.014777129,0.94915104,2,165,0.015528049,0.8940605,2,196
6,0.0052277725,0.92503285,2,22,0.0,0.76543254,2,42,0.0,0.7203675,2,62,0.0,0.72900635,2,83,0.00048062476,0.7353315,2,116
7,0.0,1.0192996,2,20,0.00808581,0.98475164,2,45,0.004407983,0.964808,2,65,0.0,1.0036871,2,86,0.0024614756,0.9885231,0,106,0.010902308,1.0138633,2,126,0.0018713148,0.9449338,2,146,0.0053441636,0.98963535,3,167,0.024517385,0.9417576,2,200
8,0.01691992,0.99330384,2,21,0.0582094,0.8834804,2,46,0.0020692865,0.93114954,2,69,0.0104799,0.920174,2,94,0.016138155,0.8815211,2,114,0.023142258,0.874853,2,134,0.03340569,0.7800117,0,154,0.0,0.8246497,3,174,0.015323318,0.78282547,0,200
9,0.00500267,0.99254835,2,20,0.019084956,1.0415351,2,41,0.0076850923,0.94444513,2,68,0.008499684,1.0319877,2,90,0.0,0.94821566,2,110,0.0018675688,0.88472396,2,130,0.0,0.8893781,2,150,0.0,0.97444,3,170,0.006037556,0.99936277,2,200
10,0.036904447,0.96293736,2,20,0.0,0.9512798,3,40,0.0078853,0.9074315,2,61,0.0,0.95606536,0,81,0.0028520995,0.72742385,2,101,0.0112352725,0.8643281,0,121,0.0,1.0355517,0,141,0.0,0.92603654,2,162,0.030411093,0.65136606,0,200
11,0.0013003076,1.0343988,2,33
12,0.008807844,1.0207886,2,32
13,0.017586553,1.0088779,2,20,0.0051986477,0.89513075,2,40,0.007945615,0.95952874,2,60,0.0,0.881179,2,81,0.021117542,0.95669144,2,102,0.011947407,0.9413729,2,124,0.044435143,0.90159017,2,144,0.0041280286,1.0146712,2,165,0.012175815,0.9950229,2,200
14,0.0043837833,0.9311596,2,20,0.008153459,0.9737961,2,50,0.0037764257,0.93701124,2,78,0.0,0.9914058,2,99,0.0037265806,0.99265933,2,120,0.0019459538,0.99545115,2,140,0.034348045,0.991333,2,166,0.019527825,1.0444133,2,200
15,0.0007848564,1.0518175,2,21,0.00417685,1.0482678,2,41,0.011914329,0.97226185,2,63,0.011429015,1.078243,2,84,0.008411217,1.0240116,2,105,0.0023247781,1.0274565,0,125,0.008114883,1.0034759,2,145,0.002861774,0.9970882,2,167,0.012934513,0.9813888,2,200
16,0.024446502,0.9952674,2,24
17,0.011239846,1.0176212,2,26,0.0,0.9509406,2,47,0.00041128276,1.0612004,2,67,0.0060872063,1.0336844,2,91,0.0024906385,1.0703399,2,111,0.021007586,0.9406657,2,131,0.00091930537,1.009281,2,151,0.013577959,1.0525945,0,171,0.0,1.0397129,2,200
18,0.008552671,0.92474204,2,20,0.0099194525,0.9132835,3,40,0.0,0.7161149,2,61,0.0,0.9576913,2,82,0.008884968,0.7013658,2,102,0.020066261,0.70824355,2,122,0.0,0.5213331,2,142,0.0,0.4818329,1,162,0.0136293685,0.4206576,1,197
19,0.021869902,0.975574,2,21,0.014201063,0.9504973,2,41,0.0031697408,0.848124,2,61,0.0,1.1143124,3,84,0.021954471,0.8897259,3,105,0.0,0.6648803,3,126,0.0,0.78471464,2,146,0.0,0.7378434,2,166,0.020605683,0.73573375,2,200
20,0.0008823133,0.98295504,2,28,0.0026553709,0.98307896,2,48,0.021985635,0.8846283,2,68,0.0012345556,0.9341218,2,88,0.0064123534,0.9604372,2,108,0.001805492,0.9439028,2,128,0.05008308,1.0112908,0,148,0.03889427,0.8117593,3,168,0.045948137,0.89441633,2,200
21,0.012193905,0.96715546,2,21,0.014405781,0.9384172,2,43,0.020738102,0.91779554,2,63,0.019998254,0.91643506,2,84,0.061987758,0.77727944,2,105,0.0,0.862944,2,125,0.019984953,0.89538586,2,145,0.006726399,0.8841872,2,166,0.029586386,0.9639178,2,200
22,0.0,0.9105932,2,21,0.023397189,0.7896768,2,41,0.07018374,0.8921873,2,61,0.004143628,0.90692174,2,81,0.0,0.84240705,0,101,0.0,0.87869275,0,121,0.0059575452,0.79372513,0,141,0.0,0.78122485,1,162,0.0056511424,0.49999067,2,200
23,0.01874518,0.9279577,2,23,0.0,0.95261097,2,43,0.016315792,0.90252525,3,63,0.0055267396,0.9767372,2,87
24,0.017002184,0.946087,2,20,0.0041208738,1.0188884,2,41,0.011656196,0.95934695,2,61,0.018002464,0.9305636,2,82,0.002936719,0.8539157,2,102,0.0019294353,0.9898019,2,122,0.027499419,0.82068145,2,142,0.052776527,0.83158576,2,162,0.01965621,0.7913257,2,200
25,0.0,1.010203,2,21,0.018791161,0.9991284,2,47,0.009669561,0.9639782,0,67,0.0,0.98408204,2,89,0.023423506,1.0142217,2,115,0.0049482784,0.9797825,2,139,0.0035961147,1.0518787,2,171,0.0068302895,0.9414506,2,200
26,0.01123781,0.9801831,2,24,0.0011743163,1.0059266,2,45,0.007988754,0.91094774,2,68,0.03943772,0.9100057,2,88,0.0015990103,0.9178209,2,114,0.0,0.9510005,2,140,0.0,0.91147125,2,160,0.0,0.976649,2,200
27,0.003830286,1.0265977,2,28
28,0.0066728573,0.9931423,2,24,0.002012547,0.9417996,2,46,0.022133041,0.9229841,2,66,0.0128428815,0.96079856,2,86,0.021138983,0.8889412,2,112,0.0,0.9051739,2,133,0.0,0.9514661,2,153,0.0,0.98534423,3,174,0.003023183,0.9895723,2,198
29,0.00013713742,0.99219173,0,22,0.015812762,0.91009355,2,44,0.01768963,0.9226754,2,65,0.038050864,1.018156,2,91,0.01152224,1.0304192,2,114,0.0076763257,0.8816935,2,134,0.0,0.69454455,2,154,0.0,0.62288827,2,175,0.0063202954,0.650604,2,200
30,0.0,0.98317397,2,20,0.0052789124,0.907986,2,41,0.010043749,0.91428065,2,74
31,0.0040378384,0.85579574,2,21,0.008577359,0.9461335,2,41,0.0,0.93333316,0,62,0.0,0.92819273,2,82,0.02686378,0.8905071,2,102,0.0,0.9034389,0,122,0.0,0.8462626,2,144,0.017635627,0.91548026,2,166,0.01642236,0.92620724,2,200
32,0.0,1.0590838,2,20,0.0,0.98602283,2,41,0.002816253,0.94698447,2,63,0.0020883274,0.96945286,2,83,0.024291705,1.0087041,2,105,0.00852515,0.8077378,2,141
33,0.010919325,1.03237,2,20,0.007647637,1.0150656,2,59,0.013803813,0.9447757,2,80,0.009731094,0.9751442,2,103,0.0016045647,1.0120003,2,123,0.0,0.9697947,2,144,0.006392309,0.98495674,2,164,0.0059935106,1.0107942,2,200
34,0.013279997,0.9958636,2,23,0.0,1.0014057,0,43,0.0,1.0265253,3,64,0.0,0.9548171,2,85,0.0019828267,1.0429664,2,109,0.009710786,1.0296801,2,130,0.0036599445,1.0509123,2,151,0.0021278658,0.9655222,2,177,0.012535658,1.0145983,2,200
35,0.0064884303,1.0037377,2,20,0.007726443,1.0071944,2,41,0.02775189,1.051658,2,62,0.0217061,1.07119,2,82,0.013106213,1.0088086,2,107,0.0023295355,0.9530868,2,132,0.0,0.9384573,0,152,0.0,1.0212815,0,172,0.0,0.9162569,2,200
36,0.005768988,1.0167015,2,27
37,0.0,0.96053326,2,20,0.007249263,1.0166435,2,46,0.031199655,0.97075814,2,67,0.0021978398,1.0579537,2,95,0.012414255,0.94164026,2,115,0.0,1.0533805,2,135,0.0,1.0729463,2,155
38,0.018395184,0.9566991,2,20,0.007855048,0.9287451,2,40,0.004519871,0.9678098,2,60,0.024252912,0.9336966,0,80,0.0213394,0.91017765,2,104,0.01818579,1.016309,2,127,0.014386943,0.95295066,2,149,0.04585874,0.8677659,2,169,0.041559666,0.9425748,2,200
39,0.010816735,0.938046,2,29,0.078383684,0.7297627,2,51,0.007027637,0.58004177,2,71,0.0,0.67130625,2,91,0.0,0.42030674,2,114,0.0,0.16461024,1,134,0.0,0.26682693,1,155,0.0,0.44231537,2,176,0.0,0.6772935,0,200
40,0.03626791,0.9734626,3,20,0.0067208386,0.98318297,2,47,0.026237775,1.030086,2,67,0.011257026,0.926081,2,87,0.026774844,0.9688098,2,110,0.008803545,0.8707591,0,130,7.114701e-05,0.7910052,2,151,0.0074750734,0.8301875,2,171,0.021355128,0.7935019,2,200
41,0.02605828,0.9045037,2,20,0.013550171,0.9632518,2,45,0.028856967,0.9378964,2,66,0.018094016,0.91862124,2,86,0.0028573356,0.81993484,0,107,0.044532172,0.7755608,2,127,0.038232785,0.78570294,2,147,0.016656477,0.8315326,2,167,0.019369975,0.924211,2,200
