0,0.019211918,1.000658,2,21,0.033135295,1.0033822,2,41,0.0009221328,1.0908884,2,70,0.012708647,0.9801034,2,91,0.010504907,1.001858,2,111,3.8304144e-05,0.951914,2,132,0.058219712,1.0246933,2,152,0.0030292263,0.8658091,0,172,0.0033394045,0.5642654,2,200
1,0.021724263,0.8211762,2,20,0.03586424,0.6896492,2,40,0.054814793,0.7177428,2,60,0.0,0.579228,2,80,0.021459471,0.72815174,2,102,0.027119968,0.5919768,2,123,0.0,0.6717511,2,143,0.13734142,0.32775193,2,163,0.09168077,0.20823106,2,200
2,0.0,0.99219483,2,21,0.019179517,0.8816539,2,41,0.008562008,0.654455,2,61,0.0,0.573759,2,83,0.00081914576,0.44389325,2,104,0.00013274458,0.68498147,2,124,0.017722096,0.889188,2,144,0.011403551,0.8036221,2,164,0.0016312082,0.7920568,2,200
3,0.026839267,0.92908096,2,20,0.0019522096,0.9077945,2,49,0.008660528,0.9234166,2,70,0.002125521,0.8887152,2,95,0.0054371613,0.8945443,2,115,0.035726927,0.89827,2,135,0.0104218945,0.9286098,2,159,0.036120567,0.95840585,2,179,0.0036265275,0.9258421,2,200
4,0.015263421,0.947221,2,20,0.009384641,0.87514246,2,40,0.013161182,0.79947174,3,60,0.0,0.80254334,0,80,0.015033922,0.7159636,0,105
5,0.007959823,0.9777017,2,24,0.0021895978,0.9501945,2,49
6,0.011049122,1.0205501,2,20
7,0.0068187453,0.93959534,2,21,0.0077947704,0.9407409,2,41
8,0.0017102073,0.95153874,2,28,0.011975274,0.95829713,2,50,0.0044415267,0.90956753,2,71,0.019013572,0.89898235,0,91,0.0065644216,0.7402304,2,115,0.0,0.9202658,2,135,0.0,0.8188841,2,155,0.02683035,0.8213204,2,176,0.00062303717,0.92737436,2,200
9,0.0020619954,1.0424,2,38
10,0.0,1.0185891,2,21
11,0.022321131,0.9678877,2,20,0.003729806,0.98114765,2,40,0.0,1.0463747,2,61,0.00701175,1.0405792,2,84,0.0,0.9829626,2,104,0.013116243,0.97415847,2,124,0.0067473776,0.98141587,2,159,0.016231215,0.91596717,2,200
12,0.010030658,0.9713993,2,24,0.016442614,0.8908191,2,45,0.0066232574,1.0009048,2,67,0.026235055,0.95750827,2,87,0.01571634,0.9083125,2,108,0.012394338,0.95597404,2,130,0.010858257,0.9554741,2,158,0.01483519,0.9330866,2,200
13,0.0036014055,0.93993515,2,21,0.018235784,0.8962817,2,41,0.023712875,0.9206947,2,61,0.03759063,0.92900544,2,81,0.01592166,0.9710267,3,101,0.018531282,0.9795089,2,126,0.01921882,0.94911194,2,147,0.011691217,0.95685035,2,167,0.059304375,0.914619,2,200
14,0.0067224707,1.0563487,2,22,0.0017233525,1.0048954,2,42,0.0077116787,1.050419,2,71,0.030186322,1.0549933,2,92,0.005076091,1.0211291,2,112,0.0024302336,1.0791556,2,132,0.0,1.1308335,0,154,0.0012924626,1.1003168,2,176,0.0023201657,1.12294,2,200
15,0.0,0.94964874,2,20,0.04236874,0.9083198,2,41,0.03169557,0.847506,2,69
16,0.009120508,0.93064815,2,26
17,0.0,1.0035322,2,22,0.011184772,0.9656083,2,46,0.028700737,1.048064,2,69,0.030307328,0.9738404,2,89,0.0058061928,1.0267538,0,109,0.0,0.97301006,2,131,0.004927566,0.983734,2,151,0.021029878,0.9698576,2,173,0.004902682,0.84551203,3,200
18,0.010893557,0.9913155,2,22,0.015279156,1.0001445,2,47,0.0015011401,0.94941926,2,71,0.016022487,0.98803884,2,91,0.020711657,0.95632154,2,111,0.003475292,0.9495322,2,135,0.0033904247,0.9888852,2,164,0.035059877,0.8205793,2,200
19,0.001365059,1.0167131,2,20,0.008630966,0.9259767,2,41,0.0099841375,0.94127065,3,62,0.0074901134,1.0754908,2,84,0.0,1.004017,2,104,0.004509264,0.9094574,2,126,0.00049437233,0.99596345,2,152,0.0055659907,0.96379155,2,172,0.0037961707,0.89970595,2,200
20,0.0058281184,0.94755393,2,21,0.013240213,0.9538299,2,44,0.016188975,0.87457895,2,64,0.020016933,0.7564322,2,85,0.0,0.7293085,0,105,0.0058373436,0.76868683,2,127,0.010610256,0.6296387,2,147,0.028966486,0.6581151,0,169,0.093527,0.7984159,0,200
21,0.0012613046,1.0093708,2,26,0.021735795,0.94012,2,47,0.009653262,0.97134876,2,67,0.07029359,0.9112781,2,87,0.05251719,1.0140781,2,109,0.005253376,0.96151686,2,130,0.0,0.72194314,2,150,0.0,0.722932,2,170,0.0052790665,0.6110441,1,200
22,0.0039682277,0.9386593,2,21,0.0011153856,0.8585533,2,43,0.030810686,0.8026151,2,64,0.006823922,0.9249579,2,84,0.058231413,0.83481026,2,104,0.0,0.6091406,0,124,0.0069514522,0.62923574,2,144,0.0,0.58963525,2,164,0.019954022,0.8241852,2,200
23,0.005657817,1.006242,2,23
24,0.0015370172,0.978807,2,25,0.006270904,0.97117215,2,45,0.0,0.9460829,2,65,0.002089083,0.8759026,2,87,0.05078583,0.93842256,3,107,0.010346453,0.84986,0,127,0.007543154,0.99836123,2,147,0.0,1.0655005,2,167,0.0011605708,0.9343966,2,200
25,0.007064335,0.9243921,3,22,0.0061470577,0.844687,0,42,0.0,0.88041437,2,62,0.0041993153,0.92299306,2,84,0.0,0.7450257,2,104,0.0,0.78168625,0,125,0.0014093828,0.732025,2,145,0.0,0.9032749,3,165,0.032532327,0.8072093,2,200
26,0.012375793,0.97675216,2,21
27,0.006140483,0.91621244,2,39
28,0.004378425,0.9682805,2,20,0.016970444,1.035872,2,58
29,0.01827039,0.9578724,2,22,0.0024820755,1.0555987,2,44,0.0,0.8325443,2,65,0.027296994,0.91426355,2,85,0.0,0.8179313,2,105,0.018698236,0.8020444,0,126,0.004642365,0.9303749,2,146,0.0,0.90698,0,167,0.017211283,0.9427052,2,200
30,0.014852223,0.9538518,2,20,0.020741958,0.96712774,2,46
31,0.005508802,0.9013759,2,20,0.0084729595,0.93471336,2,44
32,0.008661215,1.0014161,2,20,0.032386314,0.9417035,0,48
33,0.00078118854,1.0036726,2,25,0.024879197,0.898187,2,49,0.017059578,0.8620698,2,69,0.0,1.0037928,2,90,0.03005639,0.8675869,2,110,0.023227688,0.5584764,2,131,0.093212694,0.44538403,2,151,0.0050643473,0.52417254,0,171,0.1553105,0.389665,2,200
34,0.011885742,0.9392873,2,20,0.026384732,1.0061052,3,40,0.010294548,0.95248544,2,72,0.037351646,0.92835367,2,92,0.028228339,0.8927228,2,112,0.06908021,0.8357543,2,132,0.008523012,0.91117144,2,155,0.057017434,0.6345271,2,175,0.130876,0.6934314,2,200
35,0.0082067065,0.9361158,2,22,0.0051477007,0.9707035,2,42,0.0118082855,0.966081,2,68,0.007390338,0.9858553,2,90,0.0008412247,0.8887371,2,111,0.0117162205,0.9206042,2,134,0.046042282,0.828192,2,164
36,0.008088949,0.9630425,2,31,0.003019965,0.94588494,2,55,0.0,0.9625435,2,77,0.0045159496,0.9716342,2,98,0.0045784544,0.9972028,2,119,0.00640696,1.0000776,2,140,0.0025734873,1.0142676,2,160,0.008869914,1.0692145,2,180,0.014011817,0.96796274,2,200
37,0.0020166822,0.95067024,2,20,0.0,0.95445293,2,58
38,0.0017899119,0.9535977,2,20,0.011304878,1.0281719,2,40,0.0037594072,0.9791508,2,60,0.018073233,0.89242274,2,81,0.011599811,0.85855573,2,102,0.005852812,0.85519457,2,122,0.024910102,0.9607465,2,146,0.0407121,0.8592664,2,174,0.033335052,0.9432846,2,200
39,0.019430062,0.9446252,2,23,0.0,1.0260084,2,44,0.00042388175,0.9721029,2,67,0.010810344,0.99930847,2,87,0.018075915,0.9773817,2,109,0.009476028,0.92775846,2,130,0.0092750965,0.9574219,2,153,0.008529332,0.95243764,2,174,0.023630686,0.9451113,2,200
40,0.011966604,0.9455243,2,23,0.0020032707,0.92066157,2,44,0.0010448585,0.8681081,3,64,0.0,1.0655057,2,85,0.0,0.8487288,2,105,0.011019715,0.7130603,0,126,0.004446185,0.8336575,0,147,0.0,0.9145773,0,167,0.0,0.82011825,2,200
41,0.010949156,0.9990858,2,22,0.018805727,0.9263794,0,42,0.0064068325,0.8692692,2,62,0.02809224,0.982292,2,82,0.062852204,0.9051151,0,102,0.006776858,0.8157177,3,122,0.071513735,0.8762358,2,142,0.007936605,0.9971197,2,162,0.01883454,0.9444909,2,200
42,0.018092811,1.0430939,2,20
43,0.011421871,1.0078595,2,20,0.0065185265,1.0020167,2,40,0.0010237987,0.9647314,2,60,0.008156014,0.9611785,2,80,0.001654769,0.96988094,2,101,0.01699185,0.9609335,2,122,0.008049537,0.8887674,2,142,0.0,0.9632314,2,162,0.026252216,0.9363824,2,200
