0,0.004497579,1.0193205,2,33,0.0053365864,1.067891,2,54,0.0029011604,1.028084,2,74,0.011100585,1.0338466,2,94,0.013691815,0.9976911,2,124,0.0,0.8718934,2,144,0.0,1.0417912,0,164,0.018250294,0.99518394,2,200
1,0.011689592,0.986797,2,22,0.014708334,1.0030078,2,46,0.0046639917,0.9632769,2,68,0.0043049194,0.9407132,2,101,0.02300151,0.95252883,2,130,0.021165265,0.7846414,2,150,0.0,0.8558582,3,170,0.0,0.8253554,2,200
2,0.0,1.0002847,2,20,0.04485049,0.9893575,2,40,0.0032729362,0.95319885,2,66,0.0040284465,0.9876513,2,87,0.009854323,0.9025118,2,108,0.0059137074,0.93025273,2,128,0.0,0.90956795,2,148,0.0,0.8927546,2,169,0.008045649,0.8749352,2,200
3,0.021078853,0.97202206,2,22,0.0,0.98892385,2,43,0.0,0.90294063,2,63,0.0094785215,0.88942415,2,83,0.01632226,0.7627015,2,103,0.06500818,0.5388831,1,123,0.020900065,0.55855733,0,143,0.0,0.5431949,2,163,0.014043452,0.5166415,1,200
4,0.014927392,0.9886729,2,21,0.017338617,1.0286866,2,46,0.0051641357,0.96740365,2,76,0.00065270957,0.9708029,2,96,0.008605769,0.9457294,2,116,0.00014998503,0.9006356,2,136,0.0,0.5717102,2,156,0.0,0.4510815,2,176,0.019672396,0.5863103,2,200
5,0.0048572593,1.0491424,2,20,0.0,1.0458124,2,49
6,0.001270339,0.98656327,2,21,0.0106326165,0.9376904,2,41,0.00716622,0.944783,2,63,0.025757903,0.9333574,2,83,0.012665348,0.92242503,0,104,0.00585642,0.78956085,2,133
7,0.012159145,0.9398696,2,28,0.0012040114,0.9104868,0,51,0.012560169,0.9474985,2,71,0.093805484,0.9723353,2,93,0.011778002,0.9334482,2,113,0.062288474,0.88909215,3,133,0.0056977803,0.81662637,2,153,0.05100078,0.69678247,0,173,0.039949257,0.75680566,2,200
8,0.010032727,0.9974998,2,21,0.010763104,0.8800192,2,41,0.00920862,0.9137138,2,61,0.042577684,0.70282257,2,82,0.06368401,0.9584247,2,102,0.0051476643,0.48287395,0,125,0.0,0.6768254,2,145,0.042800285,0.7613679,0,166,0.053169586,0.4992602,2,200
9,0.0035945089,1.0214479,2,20,0.015731214,0.9523597,2,40,0.007225417,0.9194686,2,61,0.016432669,0.8747927,2,81,0.021072976,0.90638864,2,101,0.0073194653,0.98415583,2,123,0.02250224,0.9530891,2,143,0.030997599,0.89952487,0,163,0.009390308,0.9169232,2,200
10,0.011574529,0.9951434,2,20,0.0011904972,0.969666,2,40,0.027215088,1.0033451,2,60,0.020968322,0.8856842,2,80,0.0044261864,0.9050358,2,100,0.020669248,0.9730817,2,120,0.011088882,0.9663221,2,140,0.027502066,0.8732419,2,160,0.014214168,0.8614392,2,200
11,0.0065730927,0.9872901,2,35
12,0.003747585,1.0276598,2,20,0.0063167224,1.006046,2,40,0.005666124,1.0101703,2,66,0.018810324,0.9834268,2,88,0.0,1.1028717,3,109,0.014810098,0.99614334,2,129,0.0026672005,0.9619009,3,152,0.0032897121,0.9169032,2,172,0.046753068,0.945701,2,200
13,0.0044432213,1.0355444,2,36
14,0.0069601885,0.9932064,2,27
15,0.01801447,1.0411239,2,21,0.0045030126,1.0733259,2,41,0.014518859,0.9668,2,62,0.0012827533,0.93954295,2,85,0.013181259,0.9599121,2,105,0.020621732,0.9584336,2,125,0.017689768,0.90068805,2,145,0.017308142,0.94198066,2,165,0.012393709,0.87682366,2,200
16,0.0026629418,1.0230744,2,20,0.016988944,0.89116937,2,40,0.012184863,0.94136333,2,76
17,0.015416309,0.9483104,2,20,0.009741926,1.1057249,2,40,0.0023064895,0.9633606,2,62,0.023003956,0.8622592,2,94
18,0.0015845904,0.9997221,2,31
19,0.0,1.017287,2,22
20,0.00500243,1.0124818,2,20,0.0164493,0.99429834,2,48,0.0,0.98648995,2,69,0.00860212,1.0040299,2,89,0.0,1.0022852,2,109,0.0,0.94667214,2,129,0.0,1.1285857,2,151,0.0,0.9500469,2,171,0.0302518,0.7247003,2,200
21,0.0043387027,0.996823,2,20,0.0047016903,1.0176005,2,45,0.021558708,0.9587154,2,68,0.0059516844,1.0051985,2,105,0.016174396,0.9859824,2,125,0.029273842,1.0130408,2,146,0.058478,0.98805505,2,168,0.028748661,0.9251032,2,200
22,0.010457504,0.98201144,2,20,0.014279376,0.8394215,2,44,0.026921296,0.8507307,2,64,0.0029423756,0.89405465,2,91
23,0.028226223,1.1070745,0,21,0.014566093,0.8882168,0,54
24,0.009929168,0.99752605,2,31,0.013309705,0.9847007,2,51,0.024460891,0.88519955,2,71,0.0056475387,0.9109086,2,91,0.0067969454,0.98158365,2,112,0.004084395,0.97952,3,132,0.0,0.9993931,2,152,0.0,0.91733056,0,176,0.0015320288,0.9035743,2,200
25,0.009628061,0.96784574,2,21,0.022292484,0.9238229,2,41,0.031218883,0.92669,2,61,0.0,0.91505945,2,81,0.0012969165,0.8916152,3,101,0.0141400425,0.9535981,2,126,0.0008416146,0.995047,2,146,0.0013776971,1.0411253,2,166,0.001514716,1.0177318,0,200
26,0.008316989,1.0035404,2,20
27,0.006880294,0.97503924,2,21,0.00516587,0.93154037,2,56
28,0.0083694775,0.9721999,2,20,0.012868416,0.96266365,2,41,0.012917407,0.9471696,2,62,0.0,0.83942497,2,82,0.0075924136,0.8489641,2,102,0.03411141,0.89194393,3,122,0.0,0.96512985,2,142,0.0,0.9829022,2,162,0.021653343,0.64606285,2,200
29,0.020798378,0.9158806,2,22,0.014762525,1.0414659,2,43,0.0034121736,0.882888,2,63,0.0143436985,0.71153,0,84,0.0,0.83901215,2,104,0.0,0.5981232,2,124,0.0,0.6801746,2,144,0.0025606924,0.6632694,2,167,0.0051854723,0.82180434,0,200
30,0.02290121,0.885242,2,21,0.019283576,0.7837786,2,43,0.06169922,0.7477853,0,64,0.0,0.81844825,3,84,0.0,0.8681594,0,104,0.0,0.5465114,3,124,0.0,0.6703226,3,144,0.019936403,0.520355,2,169,0.022889284,0.5475163,2,200
31,0.0,1.0139035,2,20,0.020245444,0.9516639,2,43,0.039441187,0.9740332,2,65,0.0,0.9689412,2,85,0.000679601,0.9208303,2,111,0.0,0.8861306,2,135,0.011281902,0.81687844,2,156,0.021165175,0.78903365,2,176,0.019627623,0.95773554,2,200
32,0.01209612,0.94156,2,20,0.0030058257,0.9437986,2,41,0.055809654,0.8836439,2,61,0.009502137,0.9211998,2,81,0.0030541117,0.894779,2,101,0.00996983,0.97293043,2,121,0.01842574,0.91486216,2,141,0.0,0.8016449,2,162,0.03739887,0.77019536,2,200
33,0.0022872516,1.0039678,2,22,0.011863223,1.0099366,2,47,0.0020187618,0.8952179,2,72,0.013497243,1.03836,2,92,0.0008267076,0.9753813,2,121,0.002447074,1.0149742,2,151,0.0050144377,0.92642516,2,171,0.0012772628,1.077053,0,200
34,0.0071024015,1.0198995,2,20,0.0040299026,1.0439324,2,41
35,0.005080634,1.0140028,2,21,0.0033341767,1.098587,2,45,0.015661614,0.9994956,2,76,0.005182645,0.948119,2,96,0.03773405,0.93436486,2,118,0.03242649,0.9624745,2,157
36,0.0020823453,0.9702512,2,20,0.04493903,0.9631034,2,40,0.004580506,0.90365684,2,76
37,0.03198835,0.91829693,0,38
38,0.0011891184,1.0341854,2,20
39,0.0042715254,1.0001318,2,31,0.0020107725,1.0085926,2,68,0.018816562,0.9472408,2,91,0.0288634,0.94731236,2,111,0.015363021,0.99109185,2,134,0.002306101,1.0454538,2,155,0.018836694,1.0430073,2,175,0.0071760393,1.0344014,2,200
40,0.017751375,1.0525422,2,22,0.0,1.0609075,2,44,0.006364695,1.0011877,2,65,0.010675599,0.8846552,2,85,0.019552097,0.9531953,2,105,0.0022807263,0.95428085,2,125,0.003533635,1.0345106,2,146,0.0,1.0137072,0,166,0.00890269,0.95351183,0,200
41,0.012027177,0.9078375,2,23,0.0,0.95344365,2,43,0.016260335,0.9497592,2,64,0.0,0.949973,2,85,0.0,0.92452973,2,105,0.0011453319,0.9900115,3,125,0.0,0.793521,2,147,0.0,0.8914781,0,169,0.051983945,0.88091606,2,200
42,0.0061342325,0.993655,2,22,0.032345444,0.963236,2,42,0.02956016,0.8659641,2,62,0.025373215,0.83861864,2,82,0.004852262,0.95442235,2,104,0.0046732263,0.9363874,2,124,0.0,0.9176438,2,148,0.0,0.96660674,2,168,0.0,0.8836502,2,200
43,0.010183218,0.9824174,2,20,0.017883107,0.98704064,2,41,0.011084515,0.9233523,2,68,0.013804945,0.808996,2,105
44,0.0125093125,0.91588956,2,25,0.008094805,0.8203006,2,45,0.02531,0.79851985,2,65,0.043429893,0.6323757,2,85,0.0009282861,0.6639811,2,105,0.0,0.5411581,0,127,0.0,0.67335415,0,147,0.0041406048,0.60074884,0,167,0.003500928,0.37150615,1,200
45,0.0024996507,0.9967153,2,27,0.0075967214,1.0622355,2,47,0.0033314715,1.0110811,2,68,0.0,1.0532725,2,90,0.0024103243,1.0267566,2,117,5.338172e-06,0.9489216,2,139,0.005636148,1.0312684,2,174,0.01014773,1.006353,2,200
46,0.02529848,0.90809023,2,20,0.014323986,1.000804,2,58
47,0.0029190804,1.0086852,2,34,0.032269407,0.9267971,2,54,0.006077789,0.95246,2,88,0.00767372,0.96154046,2,114,0.015723465,0.97483313,2,134,0.026276259,0.95003647,2,155,0.0010342294,0.94696313,2,175,0.025918681,0.91218305,2,200
48,0.0014481709,1.0184984,2,34,0.0067952164,0.9893934,2,54,0.00461556,1.0133975,2,79,0.01265732,1.0256243,2,100,0.026879355,0.95766187,2,121,0.010753292,1.0013642,2,155,0.0064075454,0.9876976,2,176,0.004192597,1.0237727,2,200
49,0.0,0.89498854,2,20,0.025578482,0.90724736,0,42,0.006684107,0.9715153,3,62,0.0,0.9924428,3,82,0.0,0.8291033,2,103,0.01054555,0.78075004,2,136
50,0.0073333625,1.0152885,2,33
51,0.006593632,0.9368742,2,21,0.03225575,0.93510026,2,42,0.0,0.89000624,2,66,0.005552715,0.87313294,2,88,0.023236148,0.9622904,2,125
