0,0.002531497,0.9562789,2,21,0.022429073,0.9149248,2,45,0.0042082383,0.8588308,2,67,0.0075984974,0.96368724,2,88,0.0,1.0520815,2,112,0.0,1.0613476,2,133,0.077850305,1.0366031,2,153,0.023032263,0.96057624,0,173,0.033006094,0.97200733,2,200
1,0.009196738,1.0305865,2,20,0.0073133144,0.97882754,2,49,0.0,1.0155485,3,70,0.010957492,1.0878837,3,90,0.0,0.9684843,0,110,0.0,0.8407897,0,130,0.0,0.9096836,0,150,0.0,1.0458572,2,176,0.008953636,0.90920943,2,200
2,0.017670477,1.0325289,2,32,0.0,1.0040843,2,52,0.0007384809,1.036941,2,80
3,0.009788837,0.9795981,2,21,0.00097484916,0.9991845,2,42,0.0009041395,1.0848297,2,62,0.007803182,0.96441424,2,82,0.011596555,0.8770586,2,102,0.0068605007,0.8642683,2,122,0.007954317,1.0039368,2,145,0.0,0.9820234,2,166,0.0075008827,0.97277796,2,200
4,0.009460525,0.9790739,2,23,0.048832905,0.71742857,2,43,0.009941318,0.82701135,2,76,0.01657125,0.95402,0,96,0.00092280743,0.8958336,2,118,0.052365545,0.84923774,2,145,0.009990058,1.0442774,3,166,0.0039029797,0.989084,2,200
5,0.0031594646,0.9800873,2,20,0.02623119,0.9226545,2,40,0.02580421,0.98146015,2,62,0.0036093176,0.9794451,2,82,0.013400328,0.99498546,2,102,0.011188818,0.979688,2,133,0.0,1.0428032,2,156,0.026153773,0.9718052,3,176,0.0708491,0.871308,2,200
6,0.0007966389,0.97201794,2,20,0.022673238,0.8558165,2,42,0.007400395,0.89369786,2,62,0.08672927,0.8227817,2,82,0.0,0.8178849,2,103,0.0,0.8886531,2,123,0.0,0.67508286,0,144,0.0,0.9611742,2,164,0.08207223,0.70948786,0,200
7,0.001023267,1.0638973,2,24
8,0.0121636605,0.9604764,2,21,0.009354979,1.0203686,2,42,0.010723067,0.97801477,2,62,0.011071763,0.91637087,2,93
9,0.012142285,0.99999595,2,22,0.014160625,1.0206262,2,43,0.011790281,1.0359719,2,63,0.0007366152,1.0066988,2,83,0.00025512456,1.0940025,2,106,0.01257568,1.0531332,2,126,0.0,1.055659,2,148,0.031815898,0.9989106,2,168,0.011115292,0.98533756,2,200
10,0.0048276354,1.0073866,2,27,0.0030652054,1.0021511,2,48,0.028916322,0.9439959,2,69,0.013342822,0.9521972,3,89,0.008870004,1.0272782,3,109,0.0,0.8783539,0,131,0.048484024,0.8677391,0,153,0.013945382,0.8932172,2,174,0.0249908,0.94038445,2,200
11,0.021561388,0.9740896,2,20,0.0076589813,0.96672887,2,46,0.022996528,0.99242246,2,67,0.006230724,0.8558972,2,88,0.0094283875,0.9156263,2,110,0.015915185,1.0226718,2,134,0.0065826057,0.9180296,2,154,0.0,0.98990786,2,174,0.01601993,0.8886241,2,200
12,0.004012509,1.0603867,2,23,0.007234829,1.0829598,0,44,0.011437754,1.0578933,2,72,0.0,1.0486771,2,97,0.0046711448,1.055593,2,119,0.0077572013,1.0136418,2,141,0.0025745756,0.9640881,2,161,0.009539239,1.0436116,2,200
13,0.0,0.96600896,2,20,0.015485816,0.90957355,0,40,0.03063617,0.9102095,0,64,0.0062073995,0.88400954,3,84,0.013632377,0.93581563,2,105,0.049579933,0.92045057,2,125,0.01592085,1.0061738,2,146,0.049177445,0.86622906,2,168,0.012110231,0.98600537,2,200
14,0.0013233667,1.0103782,2,38
15,0.0063400986,0.9815794,2,22,0.019501744,0.9488621,2,44,0.031273466,0.96632975,2,82
16,0.003988971,1.0425029,2,20
17,0.006031684,0.9593614,2,20,0.01046483,0.9821704,2,40,0.0058686063,0.96933776,2,64,0.0044407872,0.99463046,2,84,0.009253782,0.9477767,2,105,0.010497885,0.98539865,2,137
18,0.014040652,1.0274949,2,22,0.005705889,1.0161887,2,56
19,0.005249125,1.0571867,2,21,0.01346654,1.0413322,2,41,0.009222607,0.9453007,2,61,0.012308898,1.0051061,2,83,0.0,0.9777824,2,103,0.0,0.95041716,2,123,0.021751314,0.86950624,2,143
20,0.0032442897,1.0049981,2,22,0.023823326,0.9597968,2,42,0.008251471,0.99231994,0,63,0.0119821085,0.91119736,2,84,0.0032423437,1.0335329,2,107,0.041530803,0.9291945,2,128,0.010534669,0.839092,2,166
21,0.009424294,1.0012953,2,22,0.0034757867,1.0046476,2,56
22,0.015463123,1.0421393,2,20,0.035102334,0.94975114,2,46,0.0020140188,0.9923101,2,67,0.017730732,0.9626,2,104
23,0.0138501655,1.0080067,2,23,0.042506784,0.865744,2,45,0.033781663,0.93448186,0,66,0.0036177,0.9525864,2,87,0.048627045,0.8386012,2,110,0.00020163468,0.86117613,2,130,0.0,1.0156744,0,150,0.06022437,0.89937866,2,171,0.012008955,0.8286613,2,200
24,0.034308292,1.0016737,2,20,0.03303445,0.957195,2,40,0.010491819,0.9085983,3,61,0.018021928,0.8656884,2,96
25,0.0007260665,1.003857,2,20,0.024192926,0.98122334,2,41,0.01674365,0.9281534,2,61,0.0031178931,1.0089082,2,81,0.021583352,1.0547783,2,110,0.008083216,0.9418669,2,136,0.00781312,0.9539217,2,176
26,0.0,0.97352695,2,20,0.048760127,0.8521553,2,40,0.0044262595,0.90078306,2,61,0.05722117,0.8148086,2,85,0.061580308,0.6657617,2,106,0.0,0.6927017,2,127,0.0,0.4134273,2,147,0.0,0.50566727,2,167,0.005430315,0.5123767,0,200
27,0.027078371,0.9382618,2,20,0.009494794,0.79429173,2,40,0.006995513,0.85075307,2,61,0.0,0.8131405,2,81,0.06649563,0.72537756,2,101,0.0,0.9655101,2,121,0.019198662,1.0235071,0,142,0.04400421,0.82310164,2,162,0.0159191,0.45521882,0,200
28,0.020057106,0.9675704,2,20,0.00018620584,0.9038039,2,58
29,0.0012660447,1.0356823,2,25
30,0.019997451,0.976447,2,20,0.014761421,1.0597804,2,40,0.03926993,1.0257666,2,60,0.020804906,1.0229932,2,80,0.0,1.0030949,2,100,0.0,0.96422625,0,120,0.0058395253,0.8026614,2,140
31,0.014636387,1.0598159,2,24
32,0.005406012,0.9942896,2,20,0.014585549,1.0668231,2,42,0.0,1.0355566,2,70
33,0.0010417494,1.0880909,2,20,0.010496426,1.0386478,2,47
34,0.014386901,0.9486851,2,22,0.0017260542,0.99833804,2,59
35,0.007716626,0.9690238,2,21,0.014288153,0.96302956,2,41,0.008608909,0.95842886,2,61,0.015133475,0.8010715,2,81,0.010141917,0.8728937,2,101,0.028217355,0.86644024,0,130
36,0.015622693,0.99413127,2,20,0.0068863737,0.9226203,2,44,0.0,1.0017377,2,68
37,0.01361191,1.0138729,2,21,0.0,1.0172101,0,41,0.002142804,0.9736736,0,63,0.0016663055,1.0942996,2,90,6.2393024e-06,1.0353711,2,110,0.0,1.0888989,2,142,0.0023186817,1.0285323,2,169,0.0016342798,1.0841415,2,200
38,0.015057425,0.996965,2,27,0.01136888,0.9680468,2,47,0.0058283983,0.94064856,2,67,0.0021344854,0.8939568,2,87,0.031937398,0.9743388,2,107,0.025573313,0.9106765,2,127,0.012809626,1.0156772,2,148,0.011101985,0.98738444,2,169,0.010400505,1.0221444,2,200
39,0.023275178,1.012523,2,20,0.018106572,1.0520227,2,41,0.027100112,0.9692102,2,62,0.0,0.97922623,2,83,0.0,0.9875142,2,104,0.02097974,0.93749,2,124,0.056038458,0.9400778,2,144,0.009561816,0.93404895,2,164,0.039443403,0.76795083,3,200
40,0.0025967557,1.0539829,2,20,0.0070532607,0.8927666,2,40,0.0018680368,1.0060853,2,86,0.04141442,0.81863135,2,106,0.013395009,1.0068777,2,126,0.0025079986,0.987932,2,146,0.010911377,0.9921872,2,166,0.008656869,1.1093118,2,200
41,0.023752633,0.9330746,2,20,0.00979953,0.94394743,2,43,0.00538048,1.0223726,2,64,0.029802134,0.97587186,2,85,0.013615438,0.99247324,2,111,0.014628782,0.94956696,2,134,0.010602767,0.97183007,2,154,0.010230707,0.9658626,2,182
42,0.0065896236,0.9517897,2,21,0.009806137,1.0426795,2,44,0.0,1.0505003,2,70,0.030205294,0.9729793,2,95,0.0,1.0519178,2,115,0.0,1.0674102,2,135,0.01470119,1.0209248,2,155,0.0,0.9680009,0,176,0.0,0.92256993,2,200
43,0.0,0.9311029,2,20,0.0529792,0.7015966,2,40,0.041516878,0.64648664,0,60,0.0,0.5628823,2,80,0.018592983,0.5010344,0,101,0.0,0.42259866,2,121,0.054731227,0.6576913,2,141,0.0030060885,0.6217261,2,162,0.052606553,0.6593278,2,200
44,0.0,1.0261929,2,20,0.0060874037,0.9791852,2,40,0.027134929,1.0390939,2,60,0.0,1.0164543,2,80,0.03726835,0.94445914,2,100,0.0011635413,0.9848858,2,120,0.034050137,1.0164148,2,140,0.006478887,0.9078662,2,164,0.011335991,0.90990806,2,200
45,0.00066058885,0.95219755,2,20,0.0,0.9099801,2,40,0.0049551004,0.622602,0,60,0.05824931,0.6883422,2,81,0.0032228865,0.62360084,0,101,0.010701776,0.2746915,0,121,0.0,0.32644898,0,141,0.0,0.5838752,2,161,0.02410985,0.5482201,2,200
46,0.019842556,0.9903443,2,21,0.030357074,0.980204,2,60
47,0.0,0.98071706,2,20,0.033479806,0.9719474,2,51
