0,0.0032348444,1.0324651,2,24,0.01232786,0.9943185,2,44,0.0019867285,0.96418965,2,64,0.0107743405,0.90283835,2,87,0.042692892,0.9286615,2,110,0.022309963,0.8822578,2,145
1,0.027020315,0.9461812,2,21,0.0003576319,0.9013783,2,44,0.0,0.98543614,2,64,0.0,0.75018483,3,84,0.017956065,0.64165884,2,112
2,0.0,1.0453669,2,20,0.0062672305,0.9496964,2,47
3,0.0028686048,0.99432176,2,27,0.0068434714,0.9480555,0,56
4,0.012385645,1.0181516,2,28
5,0.012125753,0.9119023,2,20,0.0,0.9862232,2,44,0.006555681,1.0196527,2,64,0.0,0.99413246,2,85,0.0,0.9308286,2,105,0.05196322,0.9805481,2,125,0.008435803,1.0376624,2,145,0.038163334,0.91338843,2,168,0.018098887,0.91297066,2,200
6,0.0035264613,1.0050185,2,27
7,0.010105241,0.97438157,2,21,0.045393325,0.8654168,2,41,0.032326017,0.8027878,2,61,0.022032235,0.83129406,2,81,0.0,0.8904231,2,101,0.02796809,0.8306736,2,121,0.0059734113,0.9988256,2,142,0.033636965,0.88806254,2,166,0.009642689,0.9316374,2,200
8,0.0,0.9974931,2,20,0.0031168978,0.9506017,0,41,0.0021709402,0.8339178,2,61,0.004978968,0.8861874,2,85,0.008328367,0.87202466,2,106,0.04427916,0.9276349,2,126,0.013653915,0.7579357,2,167
9,0.013787909,0.9882864,2,31
10,0.006237004,1.0129014,2,20,0.0,0.98836,2,41,0.037614424,0.9900807,2,61,0.0,0.93912256,2,81,0.03905331,0.87100494,0,101,0.03168069,0.8410632,2,121,0.09433715,0.934739,2,141,0.050989907,0.9818103,2,161,0.023266617,0.96730345,2,200
11,0.013274906,1.0413942,2,27,0.037930742,1.035856,2,48,0.028085833,0.9688667,2,68,0.027564231,1.0183252,2,88,0.0082828645,0.97079104,2,109,0.012580875,1.0184624,2,144
12,0.042250693,0.88022333,2,22,0.008975979,0.84339625,2,43,0.0,0.78329927,2,63,0.0004888096,0.61056346,2,83,0.0,0.4047096,0,105,0.0,0.25725928,0,125,0.0,0.31616503,0,145,0.0,0.276787,1,167,0.03465866,0.38627574,1,200
13,0.0042305463,0.9807762,2,21,0.022300053,1.0323031,2,41,0.0072294376,0.9606596,2,61,0.0022459824,1.0061699,2,100,0.004444825,0.93917704,2,120,0.038862795,0.90963453,2,143,0.013460288,0.9818762,3,166,0.016489802,0.8808194,2,200
14,0.0059434054,0.99985766,2,22,0.0041815164,0.96060675,2,44,0.016160116,1.0035467,0,65
15,0.003315895,1.0210764,2,20,0.023308607,0.97254217,2,42,0.023161007,0.94436103,2,68,0.023721498,0.947307,2,91,0.029727504,0.93127924,3,112,0.009111802,0.89595234,2,132,0.026523435,0.91722953,0,152,0.038083397,0.89479476,2,176,0.021817343,0.82318336,2,200
16,0.006348634,1.0102339,2,21,0.050715994,0.9262473,2,41,0.023880688,0.8947329,2,68,0.0,0.9340781,2,89,0.0,1.0071768,2,109,0.0024470245,0.9763354,2,129,0.0010048619,0.94757664,2,149,0.006790541,0.9774865,2,169,0.0062234537,0.9694512,2,200
17,0.04168359,0.8119791,2,21,0.015453041,0.5367101,2,42,0.0016668905,0.4379186,2,62,0.0,0.48708683,2,83,0.0,0.42067719,2,104,0.0,0.7052254,2,124,0.0,0.42552352,1,144,0.0,0.20497723,1,164,0.0,0.26881254,1,200
18,0.00931698,1.0126245,2,24,0.0065506287,0.9973305,2,44,0.0053005377,0.9709266,2,64,0.006805421,0.9871646,2,84,0.0,0.9660646,2,117
19,0.027744252,0.93908197,2,20,0.01064203,0.9580398,2,42,0.005528108,0.94253045,2,62,0.05402565,0.8781119,2,83,0.007088735,0.8913161,2,103,0.051375575,0.9626889,2,124,0.0,0.73790455,2,144,0.02610504,0.71878034,2,164,0.022291861,0.7477326,2,200
20,0.004590536,0.98605263,2,20,0.0653479,0.9065509,2,40,0.0063572177,1.0161597,2,60,0.0,0.9735325,2,80,0.063118845,0.82771224,2,100,0.024071332,0.6300546,2,121,0.053576108,0.5593381,2,144,0.0017875849,0.4868679,2,165,0.10339571,0.57210773,2,190
21,0.0055853873,1.0291039,2,41
22,0.003294522,0.9147141,2,21,0.0,1.0934145,3,42,0.0,1.128206,0,62,0.0002646236,1.1000476,2,83,0.0050606434,0.97371423,2,103,0.088081025,0.8031942,2,124,0.07642888,0.8120501,2,149
23,0.010608852,0.98632705,2,20,0.0080394605,0.9738508,2,41,0.0,0.9285096,2,61,0.0,0.9407436,2,84,0.0018123349,0.92160195,2,104,0.013626523,0.8765292,2,125,0.013576529,0.9052214,2,147,0.017679922,0.9122206,2,167,0.013412312,0.8405512,2,200
24,0.004139541,1.0237688,2,20,0.019269487,1.0489576,2,41,0.009364242,0.9934931,2,63,0.0013220572,1.0433667,2,83,0.0,0.9898795,2,103,0.0030423347,1.0065998,2,127,0.0010820725,1.043671,2,160,0.009469378,1.029321,2,200
25,0.0070065875,1.0025252,2,25,0.013867102,1.0177801,2,46,0.033344436,0.9654116,2,67,0.0,0.9596929,2,88,0.0011546444,0.95028466,2,108,0.026998233,0.93641806,0,128,0.017960493,1.0510528,2,148,0.0041443524,0.991707,2,170,0.012061735,0.9674753,2,200
26,0.0,0.97902304,2,27,0.014060721,0.97235453,2,47,0.028499281,1.0124155,2,70
27,0.008690103,0.947186,2,25,0.025662275,0.9121007,2,46,0.014962616,0.8313148,2,67,0.010274691,0.9413291,2,90
28,0.0,1.0370221,2,27
29,0.0,1.0264237,2,20,0.0017466999,1.0202864,2,41,0.006341628,0.9590322,2,61,0.006807995,0.9918752,3,81,0.0064995987,1.0482771,2,113
30,0.004079295,1.0126969,2,36,0.019627512,0.96145326,2,59,0.040156964,0.9501604,2,82,0.013611303,0.9468084,2,104,0.017620107,1.0018033,2,133,0.0,1.078547,0,153,0.014773059,0.9924889,2,177,0.0065767337,1.0119135,2,200
31,0.014615588,1.0180614,2,25,0.0056776404,1.0255437,2,57,0.0033808944,0.98036045,2,80,0.018668735,0.96219933,2,101,0.0,0.9460159,2,127,0.023437528,0.9781095,2,148,0.0057388907,0.98120755,2,169,0.007745306,1.0215179,2,200
32,0.006633493,0.9321914,2,20,0.0,0.98478305,3,40,0.009429345,0.9019995,3,60,0.022888355,0.8229042,2,80,0.014884664,0.86467093,2,100,0.018417295,0.6690431,2,122,0.0,0.6674622,1,152
33,0.0024613063,1.0304047,2,20,0.016287792,0.8824256,2,40,0.0065733884,0.9008765,2,61,0.017298583,0.9985391,2,82,0.026904905,0.8827957,2,102,0.0032402372,1.0132586,2,123,0.025573935,0.9666832,2,155
34,0.015530425,0.93720204,2,23,0.0010174565,0.926747,2,47,0.026005734,1.0063087,2,68,0.03811883,0.99170434,2,88,0.02168517,0.8743123,2,109,0.024009002,0.9393288,2,143
35,0.007622343,1.0510384,2,39
36,0.013857459,0.9796815,2,21,0.0,1.0038611,2,61
37,0.0035648088,0.99971706,2,23,0.0,1.0213518,2,44,0.007040938,0.9425841,2,68,0.037701055,0.99201083,2,97,0.0,1.0160222,2,117,0.026675895,0.89759034,2,137,0.008970066,0.976997,2,157,0.018651137,0.96173584,2,177,0.021878455,0.95991224,2,200
38,0.0042271283,1.00505,2,28,0.017139873,0.9790187,2,56,0.00900071,1.04254,2,87,0.0,0.92923474,2,108,0.005371,0.86445796,2,129,0.009647548,1.0018748,2,149,0.0,0.9382545,2,169,0.01096782,1.0050532,2,200
39,0.005648735,0.98194104,2,20,0.0007829938,0.9811255,2,40,0.017214634,1.0069897,2,61,0.002577069,0.9855023,2,84,0.0,0.994427,2,104,0.013302314,0.9499157,2,128,0.021332955,0.9411335,2,148,0.02011628,0.8823343,2,169,0.01917629,0.9698523,2,200
