0,0.008302011,1.0251826,2,22
1,0.0043005873,0.9090506,2,20,0.0,0.67648214,2,40,0.0,0.7503285,2,60,0.0,0.8928186,2,80,0.0018121946,0.808862,0,101,0.0,0.808668,2,121,0.0041011022,0.8200127,2,149
2,0.05990682,0.8943752,3,21,0.008383008,0.9437868,2,42,0.0025961886,0.9317384,2,65,0.0,0.97844124,3,85,0.01078588,0.98033625,3,106,0.010829859,0.97040117,2,126,0.044783928,0.9204659,2,149,0.023701826,0.9329813,2,170,0.02717753,0.9111466,2,200
3,0.0,0.99716103,2,20,0.027240569,1.0039501,2,42,0.0,1.0194757,2,62,0.0018389178,1.0770493,2,83,0.014043265,0.99167734,2,105,0.018179378,1.0459017,2,125,0.008552706,0.9922752,2,155,0.0023028622,0.94910604,2,176,0.002082467,0.9486559,2,200
4,0.030044155,0.9479786,2,21,0.022016307,0.91052103,2,41,0.016807392,1.0217632,2,62,0.0,0.9955161,2,82,0.00517799,0.9543192,2,106,0.0,0.8567623,2,127,0.0030377791,0.90023315,2,148,0.014387168,0.8336774,2,169,0.0050816326,0.80720055,2,200
5,0.0,0.9551533,2,20,0.00035686596,0.86768675,2,40,0.019371176,0.7503983,2,60,0.022168132,0.8462208,2,80,0.084754154,0.69379103,2,100,0.0050921515,0.7302721,2,120,0.07990646,0.47227517,2,140,0.03987536,0.2549565,0,165,0.081972085,0.1747584,2,200
6,0.006301147,0.9818635,2,20,0.0025088529,0.9333315,2,42,0.031685643,0.92311525,2,62,0.018813191,0.95775765,2,83,0.014060199,0.9537894,2,103,0.010848791,0.9107706,2,124,0.0,1.0617925,2,145,0.0,0.94959277,3,165,0.05708444,0.8346804,2,200
7,0.003076468,0.93925667,2,20,0.0038922394,0.82423025,2,42,0.0,0.8126876,2,62,0.008369037,0.7658041,2,84,0.020514889,0.8047137,2,104,0.015933951,0.935746,2,132,0.003495454,0.9213133,2,154,0.013830416,0.9784173,2,179,0.0,0.85742277,2,200
8,0.013703508,1.0007832,2,25,0.029586378,0.9843322,2,45,0.011502554,0.98647195,2,65,0.006095242,0.944551,2,103
9,0.009409053,1.0194448,2,20,0.0387165,1.0120826,0,40,0.0,0.9834054,2,60,0.02518096,0.9605597,2,80,0.009330287,0.8967362,2,102,0.015489516,0.94733953,3,122,0.0,0.8937003,2,142,0.015956964,0.81431675,2,162,0.0018229642,0.8884823,2,200
10,0.0015672373,1.0436827,2,28,0.0042748926,1.0370888,2,61,0.021998342,1.033365,2,91,0.018640462,1.0308278,2,111,0.015035283,1.0041617,2,133,0.008224792,0.9923266,2,161,0.009960487,0.99828464,2,200
11,0.0015244227,0.9361863,2,20,0.02018866,0.91290206,2,40,0.0,0.98044765,2,60,0.017377036,0.9620731,2,82,0.004388131,0.88294894,2,104,0.04584293,0.8661132,2,125,0.025606655,1.00925,2,146,0.0043786815,0.9928878,2,166,0.005978016,0.8041294,2,200
12,0.028049251,0.9730545,2,20,0.0027005223,1.0425475,2,40,0.018854119,0.94397753,2,61,0.0,0.9235153,2,81,0.0,0.7926238,2,102,0.013597195,0.84518784,2,122,0.0,0.72664523,0,143,0.0,0.8792079,2,163,0.011996554,0.81422174,2,200
13,0.017439464,1.0267284,2,26
14,0.019438911,0.97359586,2,21,0.022815788,0.99545795,2,54
15,0.009568707,1.0090879,2,36
16,0.019118322,1.0283502,2,20,0.03459916,1.0492883,3,42,0.0,1.0382601,2,62,0.0,0.98565006,0,82,0.0,0.81450415,2,102,0.0,0.8179209,2,124,0.007483604,0.84653926,2,145,0.055406258,0.8956892,2,166,0.038591087,0.74390197,2,200
17,0.0074125873,1.0018443,2,22,0.0034325966,0.98663104,2,42,0.01593423,0.9985223,2,67,0.0,1.0288688,2,87,0.0030486332,0.9768121,2,109,0.0,1.0128535,2,131,0.0041157333,0.9992081,2,151,0.0077418764,1.0828351,3,173,0.007896253,0.9731223,2,200
18,0.0,1.0481552,2,37
19,0.0040393835,1.0573665,2,25,0.0017444318,1.0405025,2,62
20,0.0,1.0847642,2,23,0.003727835,1.0588962,2,57
21,0.0009337272,0.93604827,2,26,0.0041966354,0.9181378,2,47,0.0020429457,0.9406005,2,75,0.029460108,0.7872546,2,95,0.004837047,0.72379297,2,116,0.0,0.633383,2,136,0.004128936,0.8009544,2,180
22,0.0058007534,0.98015445,2,23,0.011886085,0.9908826,2,44,0.0077077365,0.8961192,2,65,0.033537764,0.82424,2,85,0.008095099,0.973235,2,105,0.0124070905,0.98303246,2,130,0.00671596,0.9553641,2,150,0.042161785,0.9355032,2,170,0.024155568,0.824391,2,195
23,0.0165152,0.9809102,2,28,0.047232356,0.907897,2,48,0.10017025,0.7759513,2,71,0.03637336,0.926543,2,92,0.0059971726,0.9123225,2,113,0.0019337265,0.5741315,2,134,0.00052798755,0.5888145,0,154,0.06583476,0.500948,2,174,0.02055076,0.59820276,2,200
24,0.010414254,0.9869545,2,22,0.015865091,1.037071,2,42,0.020057779,1.0120162,2,62,0.028354965,0.98662597,2,83,0.0,1.0291072,2,106,0.0,0.92175025,2,126,0.0,1.0013192,0,146,0.005327256,0.9482318,2,167,0.011968367,0.98398256,2,200
25,0.0018669722,0.98345613,2,21,0.0035042823,1.0812063,2,41,0.025645722,1.0004867,2,61,0.048285212,0.9671901,3,82,0.04594753,0.9403618,0,102,0.009286912,0.94813263,2,122,0.020160927,0.87506926,2,145,0.0041954587,0.89526767,0,165,0.002657323,0.91649747,2,200
26,0.0033887313,0.9651248,2,20,0.035029348,0.90710926,2,40,0.0074934987,0.92408013,2,62,0.004419681,0.9844963,2,86,0.005380659,0.96443,2,106,0.0033179738,0.9966253,0,126,0.04455639,0.90286946,2,163
27,0.011900958,1.0251447,2,27,0.0062156785,0.9888563,2,47,0.007821212,0.9402121,2,69,0.013545632,0.9488211,2,100
28,0.007716572,0.9966874,2,31
29,0.01229222,0.9546272,2,28,0.008831423,0.94943035,2,48,0.016922057,0.95356226,0,68,0.04447056,0.9010984,2,89,0.029888526,0.90205556,2,109,0.020080514,0.9222734,2,131,0.08601863,0.9361938,0,151,0.0042959843,0.8986256,2,176,0.025306353,0.8933359,2,200
30,0.007873649,0.9906045,2,20,0.009452445,1.0081594,2,40,0.00013249666,0.94617975,2,60,0.0012470648,0.8832803,2,80,0.006718064,0.95874816,2,100,0.009920628,0.94159025,2,123,0.02350744,0.92424345,2,146,0.013631988,0.92880493,2,167,0.010825984,0.8196,2,200
31,0.0,0.967127,2,20,0.019858254,0.9155601,2,40,0.008008426,0.8613763,2,61,0.001972918,0.7031353,2,82,0.0,0.44464034,0,102,0.0,0.52695405,2,122,0.0,0.73750806,1,142,0.0,0.49712086,2,162,0.0,0.43172622,1,200
32,0.046305533,0.92004794,2,23,0.03883098,0.8666897,2,46
33,0.010770417,1.0045667,2,22,0.049391538,0.9826587,2,42,0.033110254,0.939133,2,62,0.02669375,0.89304364,2,82,0.045735937,0.8532974,2,102,0.0052635316,1.0293353,2,123,0.016644204,1.003204,3,144,0.0031256264,0.9448155,2,167,0.051742814,0.9267954,2,200
34,0.007476257,1.0121571,2,23,0.016792303,0.9616441,2,47,0.0046983687,0.9348622,2,69,0.02211836,0.9735662,3,89,0.0,1.0509379,2,110,0.0077952663,1.0229759,2,134,0.010566016,0.9044404,2,157,0.0,1.0750277,2,177,0.011589707,1.0399226,2,200
35,0.013326642,0.9989573,2,20,0.01492802,0.9717791,2,44
36,0.021302959,0.92993027,2,21,0.014117664,0.91903186,2,42,0.013424086,0.9096114,2,66,0.011511106,0.92033947,2,97
