0,0.0008256601,0.9707556,2,20,0.0037848807,0.88936186,2,40,0.047992602,0.9266403,2,67
1,0.0,1.0559675,2,21,0.026439698,0.9779549,2,43,0.016766833,0.9063699,2,65,0.0036669516,0.9524974,2,89,0.034169696,0.95784676,2,109,0.010002831,0.90531904,2,133,0.014090617,0.95395553,2,153,0.005724956,0.87227654,2,175,0.017000567,0.9580904,2,200
2,0.01885339,1.0618513,2,20,0.008864144,0.9952988,2,53,0.0,1.0260773,2,73,0.026096657,0.9571161,2,93,0.0,0.99264467,2,115,0.028426062,0.99309236,2,137,0.016204476,0.91035426,0,157,0.058782227,0.93943226,2,177,0.014008926,0.9932876,2,200
3,0.010999695,0.99165493,2,29
4,0.0,1.0091362,2,23,0.0025761928,0.95892644,2,44,0.022176582,0.9934926,2,64,0.009470386,0.9674714,2,92,0.016579907,0.97969294,2,112,0.005225038,0.94384664,2,137,0.009109168,0.8917732,2,157,0.0029977541,0.9812005,2,177,0.0,0.99645853,2,200
5,0.0,1.0273051,2,22,0.0014561696,1.0224609,2,42,0.012021366,1.0507013,2,70,0.016429966,0.9581253,2,94
6,0.0,0.95919275,2,20,0.0045752623,0.89434606,2,40,0.0017000046,0.8328592,2,60,0.0,0.8361868,2,81,0.0,0.7671644,2,102,0.0,0.6865223,1,122,0.0,0.6975582,2,142,0.030136425,0.8342123,0,162,0.0017194645,0.7112238,2,200
7,0.004256049,0.9424513,2,21,0.009392004,0.9098981,2,47
8,0.0044978503,1.0521842,2,22,0.024858717,1.0312726,0,42,0.009209299,1.0423895,2,66,0.0020609347,1.044406,2,89,0.0022461514,1.029819,2,128
9,0.022880476,0.9533389,2,20,0.017938247,0.8921008,2,41,0.07274263,0.9208206,2,64,0.0030550777,0.9153544,2,84,0.0,0.7644106,2,106,0.0,0.90231013,2,127,0.0,0.98876446,2,147,0.0009773212,0.8350463,2,168,0.0073953965,0.7831514,2,200
10,0.013338151,0.9961691,2,20,0.0013949057,0.87078685,2,40,0.01287358,0.9185461,2,60,0.027171904,0.9487256,2,80,0.006953098,0.89973116,2,100,0.0,0.84374446,2,122,0.019068107,0.6967916,0,143,0.0,0.39795408,2,164,0.009237904,0.46889156,1,200
11,0.007693811,0.98515797,2,20,0.00087414554,1.0899811,2,42,0.03350221,0.9860499,2,68,0.004939061,0.98496526,3,90,0.0,1.0405703,2,112,0.0,0.8886326,2,132,0.006655219,0.9882904,2,152,0.019967262,0.9627663,2,178,0.02384852,0.9506456,2,200
12,0.0016457966,1.0201361,2,20,0.0034756488,1.0037909,2,46,0.0,0.9817446,2,66,0.05004046,0.9803971,2,86,0.057560295,0.92936325,2,106,0.014448715,0.98748684,3,126,0.0018854116,1.042677,2,146,0.00028286007,1.0284414,2,175,0.008487816,1.0194056,2,200
13,0.0047293487,0.9847637,2,22,0.004765106,1.0094488,2,44,0.011406284,0.9604231,2,70,0.0224606,0.9573072,2,90,0.0,0.99307436,2,115,0.02373612,0.96795386,2,137,0.0,0.956844,2,158,0.020534571,0.93760043,2,200
14,0.0051038293,1.0651911,2,28,0.012525577,1.0701572,2,59
15,0.00043700187,1.0600953,2,20,0.029719459,0.9541471,2,47
16,0.007686226,0.95259106,2,20,0.04643166,0.96389407,2,40,0.037183344,0.94797534,2,80
17,0.0072697895,0.9891453,2,25,0.03959819,0.9320148,2,53
18,0.0,1.076717,2,21,0.010250126,1.0636706,2,41,0.014726418,1.0818595,2,61,0.0008146293,1.0881077,2,84,0.008402795,1.0683992,2,104,0.013716286,1.0209973,2,124,0.00021200496,1.0271946,2,144,0.005691531,1.0521134,2,165,0.018304164,1.0387844,2,200
19,0.014228002,0.92411906,2,22,0.0027202524,0.9927648,2,56
20,0.008866735,1.0485216,2,20
21,0.014455831,0.97306234,2,20,0.005830405,0.9312575,2,47
22,0.015687022,0.9343492,2,28
23,0.0010551083,1.018298,2,20,0.011983663,0.99453473,2,44,0.014809015,0.9712597,2,65
24,0.0046521565,1.0337781,2,20,0.005900223,1.089684,2,45,0.01463302,0.9926918,3,65,0.004831167,1.0371026,2,87,0.0,1.0112951,2,108,0.007870848,1.0460231,3,129,0.0014823953,1.0631407,2,153,0.0,0.9315451,2,175,0.007124422,0.9257368,3,200
25,0.02023631,1.0315843,2,22,0.010860866,0.9886445,2,42,0.00192841,1.0615895,2,63,0.0,1.011305,2,85,0.0009852007,0.92803174,2,105,0.019064333,0.98955625,2,126,0.009585189,0.9223977,2,153,0.0,0.91645414,3,173,0.015114288,0.9552474,2,200
26,0.000115320574,1.0447736,2,23,0.011200671,0.9751985,2,50,0.0,0.9555186,2,71,0.013521874,0.96383446,2,107
27,0.00029004095,0.95306426,2,20,0.0139222285,0.9199833,2,42,0.036402136,0.89746124,2,63,0.06878141,0.86684036,2,84
28,0.0234782,0.9433633,2,20,0.013695809,0.97144747,2,40,0.042908676,0.8829678,2,60,0.0071395575,0.9511736,2,82,0.0,0.9262894,2,105,0.008548728,0.9221984,2,125,0.0,0.99949425,2,146,0.0026346021,0.9759568,2,169,0.103336744,0.78560066,2,200
29,0.0037075938,0.97912073,2,20,0.05788629,0.9086238,2,40,0.0,1.043361,2,62,0.0038549642,0.96948254,0,83,0.0006517013,0.97219193,2,115,0.017094951,0.8804739,2,135,0.0067704776,0.9154129,2,156,0.0,0.8642966,2,176,0.0054702503,0.64604205,0,200
30,0.006888406,0.9476161,2,21,0.019593945,1.0239773,2,41,0.0,1.046221,2,61,0.0336583,0.89406425,2,82,0.023711035,0.8994459,2,102,0.00936113,0.79017293,2,122,0.0,0.9111105,2,142,0.0004268634,0.72292674,2,162,0.026788974,0.7666292,2,200
31,0.0043505933,0.9467719,2,21,0.034966394,0.9335683,3,41,0.025841415,0.93512654,2,63,0.03682456,0.92792416,2,83,0.031962767,0.89922225,2,104,0.025251543,0.9685318,2,124,0.013811121,0.9529268,2,146,0.052903574,0.9085458,2,166,0.056438327,0.8817801,2,200
32,0.026213203,0.9503751,2,20,0.013178011,0.9585167,2,40,0.0,0.95299065,2,60,0.025490606,1.0158094,2,80,0.017402872,1.0566094,2,102,0.006489353,0.99753016,2,122,0.011173242,0.9287639,2,148,0.0040861797,0.8897203,2,174,0.0032464096,0.5365976,2,200
33,0.016370188,0.98571026,2,31
34,0.016963776,1.0227762,2,21,0.010322991,1.0092324,2,41,0.0038831949,1.0256722,2,61,0.0047238884,0.96766734,2,88,0.029995356,0.99541485,2,109,0.00065225695,0.9848814,3,129,0.0,0.8946292,2,149,0.0,0.98975885,2,169,0.028243836,0.962095,2,200
35,0.0129175475,1.0279534,2,22,0.005135992,0.98060083,2,42,0.016756682,0.8896382,2,64,0.00050709536,0.94104636,2,84,0.011984101,0.88864344,2,104,0.005051892,0.99676704,2,124,0.003097337,0.9505598,2,148,0.015032667,1.0241542,2,168,0.023283169,0.8914057,2,200
36,0.00790196,1.0133615,2,22
37,0.037054766,1.0603608,2,23,0.002828826,0.94696116,3,45
38,0.0,1.0355701,2,21,0.011324905,0.95953023,2,42,0.003684078,0.8796543,2,62,0.0,0.937969,2,82,0.023268864,0.8795037,2,102,0.002622514,0.77059853,2,122,0.0,0.7314888,2,142,0.0,0.9311798,2,162,0.0019533355,0.6991816,2,200
