0,0.0075741326,0.8873293,2,25,0.0076471404,0.9354912,2,47,0.0,0.9708748,2,67,0.0016618362,0.8206393,2,105
1,0.00936624,0.9697409,2,23
2,0.0006909912,0.9757575,2,31
3,0.0,1.0070031,2,31
4,0.0024223118,0.94567955,2,20,0.0055956505,0.8915766,2,40,0.022620866,0.8606547,2,61,0.08797824,0.8536569,2,81,0.0,0.8888901,2,101,0.0,0.67551136,0,121,0.06657251,0.73704946,2,141,0.008447008,0.5250006,0,163,0.09732554,0.48210496,2,200
5,0.0053591104,0.9743897,2,22,0.00036056797,1.0306597,2,42,0.0,1.0114571,2,62,0.0,0.9710673,2,82,0.0,1.0063432,2,103,0.0,1.0131587,2,123,0.014212196,0.8417988,2,143,0.0,0.9672539,2,165,0.0,0.96047497,2,200
6,0.0,1.0410811,2,22,0.0063152728,1.0868465,2,45,0.01915303,0.9851796,0,65,0.004914144,1.0307647,2,87,0.0,1.0514189,2,111,0.0011332792,1.0008204,2,131,0.00013562609,1.0202855,2,151,0.027818853,1.0156372,2,171,0.008759833,0.9714776,2,200
7,0.005337649,0.77476037,2,20,0.03733769,0.7610054,0,40,0.0,0.6735441,2,61,0.0,1.0827903,2,81,0.0,0.851209,2,101,0.014938866,0.6716715,2,127
8,0.0033123754,0.9490105,2,26,0.008299625,0.96743315,2,46,0.014069838,0.92533654,2,67,0.0059229783,0.84272444,2,87,0.0,0.80997396,2,111,0.0,0.52447873,1,136,0.0017031489,0.37714213,2,156,0.0,0.6510443,2,176,0.022653468,0.65113646,0,200
9,0.000927883,1.0410726,2,22,0.0055077756,1.0061169,2,42,0.016484184,0.9775932,2,71,0.01780888,0.95909935,2,92,0.009293087,0.8849419,2,112,0.010142313,0.8735318,2,135,0.014999083,0.98670596,2,156,0.0,0.80879146,3,176,0.051944595,0.7228672,2,200
10,0.0046432037,1.0120409,2,20,0.005899772,0.9937601,2,40,0.003148173,0.98359627,2,66,0.015524203,0.961475,2,88,0.03071819,0.9740401,2,109,0.016538206,0.91974545,2,129,0.0,0.9467683,2,149,0.02359008,0.94889563,2,179
11,9.717848e-05,1.0043452,2,20,0.019347265,0.9409641,2,40,0.0354781,0.8920588,2,62,0.009663816,0.888028,2,82,0.0,0.86062163,2,102,0.0,0.7317942,2,122,0.00025064033,0.78448737,2,144,0.0015978126,0.6160081,2,165,0.004315894,0.6387616,2,200
12,0.031417266,0.95288557,2,26
13,0.006284004,1.005269,2,39
14,0.0,0.97258705,2,21,0.0049279192,0.9361918,2,43,0.002233644,0.8217449,2,64,0.010272327,0.6964893,2,89,0.0,0.37442166,1,109,0.0,0.29826662,1,131,0.0,0.7751997,2,152,0.028740566,0.8967186,2,172,0.013475358,0.9534201,2,200
15,0.0,1.0632209,2,22,0.0041412096,1.037848,2,45,0.003939306,0.99301875,2,65,0.017897042,0.8873502,2,85,0.0,0.97036994,3,105,0.0,0.9514003,3,125,0.024241474,0.802606,0,145,0.0,0.60034746,2,165,0.028086236,0.6691753,2,200
16,0.015720947,0.8840273,2,21,0.003327122,0.7590023,2,42,0.008493207,0.7061184,2,63,0.064672045,0.7596983,2,85,0.0,0.87799835,2,108,0.03974031,0.8997353,2,128,0.00053358654,0.8339733,0,148,0.0,0.65754426,0,168,0.009975194,0.30878013,2,200
17,0.01337853,0.9144241,2,43
18,0.0,1.0539238,2,20
19,0.0058456026,1.0267262,2,25
20,0.0045874612,0.94284064,2,22,0.008493237,0.9456624,2,43,0.014209969,0.91877294,2,64,0.008216799,1.0087745,2,84,0.0049646962,1.0084803,2,116,0.010837506,0.97434944,2,147,0.006940357,1.0084742,2,171,0.0045403237,0.9407957,2,200
21,0.003065224,1.0561656,2,22,0.019428596,1.0826216,2,42,0.0103060445,1.0080408,2,62,0.003401051,1.0639985,2,82,0.020897292,1.0473455,2,102,0.018223612,0.96613413,2,131,0.023857366,1.1491336,2,151,0.0040328098,1.034029,2,173,0.014180076,1.0287253,2,200
22,0.0,1.0133833,2,20,0.0017720759,0.936779,2,41
23,0.003255272,0.97599506,2,33
24,0.007952175,1.0265814,2,24
25,0.017204158,0.9285687,2,21,0.041635692,0.9401134,2,41,0.0841493,0.8801217,2,65
26,0.00031279633,1.0184095,2,24,0.0,1.0847195,0,44,0.0047305464,1.1134956,2,64,0.017697375,0.9595505,2,87,0.007781852,0.8209627,3,107,0.026504945,0.9019247,2,127,0.025915006,1.0170758,2,150,0.076254144,0.94703215,2,170,0.010580784,0.83682716,2,200
27,0.038120266,0.949819,2,22
28,0.0051255524,0.9913572,2,22,0.0011068552,0.9568779,2,42,0.0028989248,1.0308232,2,64,0.0068000634,1.0288303,2,85,0.007342356,1.0456747,0,106,0.0,0.8573682,3,131
29,0.0037771459,1.0001352,2,20,0.016153423,0.9332773,2,44,0.0049965247,1.0169262,2,64,0.012417457,0.9529542,2,85,0.02295802,0.974377,2,105,0.0106303645,0.9890036,2,126,0.006031012,0.8647728,0,148,0.00969907,0.9158843,3,179
30,0.0031974292,0.950909,2,20,0.020054558,0.9594569,2,40,0.009212693,1.0019033,2,61,0.002902518,1.0258317,2,83,0.0018843954,0.8327022,2,109
31,0.003203407,1.0423591,2,21,0.009951607,1.0249599,2,46
32,0.0028467465,1.0220758,3,20,0.0089275185,1.0487491,2,40,0.0013149398,1.0389309,2,74
33,0.00012995154,0.99727046,2,20,0.014145592,0.92012274,2,40,0.026082847,0.98933256,2,60,0.0,0.8761696,2,83
34,0.0003871102,0.99647266,2,24,0.01606079,0.9477269,2,52,0.0076412517,0.902536,2,79,0.0,0.8645137,2,103,0.006283092,0.86182755,2,127,0.01734101,0.9468178,2,149,0.018030265,0.9003509,2,169,0.010699205,0.97020984,2,200
35,0.0024237111,0.99077976,2,27,0.0063168453,0.9361353,2,47,0.0,1.0674493,2,67,0.0076572364,0.995046,2,87,0.0,0.9958168,2,107,0.016067158,0.97996104,2,127,0.0043812357,0.88830316,2,147,0.0,0.9342556,2,167,0.017121762,0.9879422,2,200
36,0.0026925337,0.9582839,2,24,0.0,0.9885138,2,44,0.0015142099,0.88432425,2,64,0.0072965934,0.9272766,2,84,0.0453069,0.93946445,0,104,0.02157271,0.9567882,0,125,0.0041056094,0.8907142,2,147,0.034982376,0.94440573,2,167,0.06382702,0.9062901,2,200
37,0.017923884,1.0208813,2,26,0.0011635957,0.9092161,2,47
38,0.012976905,0.9412317,2,20,0.016833302,0.8914316,2,41,0.031201294,0.9000142,2,61,0.03776455,0.82968104,2,81,0.027331252,0.87890446,2,101,0.016508536,0.80898494,2,122,0.046676714,0.8053328,2,150
