0,0.024165139,0.9054957,2,21,0.016761415,0.8694378,2,41,0.012845438,0.8276693,2,62,0.008361651,0.7656236,2,83,0.031872604,0.7945355,2,103,0.048582867,0.6722742,0,123,0.036234412,0.7540259,2,145,0.03240601,0.6613894,0,165,0.008767749,0.57850564,0,200
1,0.0010152846,0.9826457,2,20,0.0,0.929754,2,47,0.022526726,0.9220069,2,67,0.011940623,0.86742413,2,87,0.04958398,0.9180187,2,107,0.019813579,0.9245621,2,127,0.041208904,0.8425773,0,147,0.0035546578,0.68799686,0,167,0.0,0.5006876,0,200
2,0.0035439052,1.085185,2,20,0.0175459,1.0233063,2,44,0.0061484985,1.0777798,2,71,0.013892409,1.0021044,2,94,0.012349509,1.0188301,2,114,0.026640989,0.9250183,2,135,0.020937834,0.93752414,0,155,0.001911411,0.9468682,2,177,0.005464613,1.0045904,2,200
3,0.0207,0.96165407,2,20,0.009153334,0.92340624,2,40,0.0041757366,0.93889916,2,60,0.0,0.8402052,2,80,0.03185471,1.0837915,2,100,0.0,1.0272212,2,120,0.0,0.7850601,0,140,0.0,0.71989113,0,162,0.028284753,0.6561967,2,200
4,0.021986384,0.8955557,2,20,0.0,0.8836669,2,40,0.0042717606,0.85847414,2,63,0.0,0.72329724,2,84,0.0,0.89303416,2,104,0.0,0.9703299,2,124,0.004791869,0.98731786,2,146
5,0.039935965,0.97552145,2,21,0.0061932676,0.998596,3,45,0.010091166,0.967724,2,67,0.041472405,0.92173696,2,88,0.009402624,1.0084517,2,108,0.03825734,0.9962947,2,129,0.011733482,1.022732,2,149,0.0017090235,0.983551,2,175,0.00021956734,1.071341,2,200
6,0.005828351,0.9779768,2,20,0.0043681483,0.86308813,0,40,0.01742696,0.8487523,2,60,0.0,0.7752666,2,80,0.0,0.9550832,2,100,0.025024932,0.56488955,2,125,0.0,0.8465319,2,146,0.016246237,0.66452247,2,166,0.0040263897,0.9096707,2,200
7,0.0036578462,1.0383704,2,20,0.039269753,0.9947498,2,42,0.0,1.0548284,2,62,0.011325742,1.0060873,2,83,0.008186351,0.92317533,2,104,0.02687478,0.95739394,2,124,0.019209908,0.85338616,0,146,0.0,0.9626674,2,172,0.00069349527,1.0340846,2,200
8,0.0032004307,1.0410087,2,22,0.057524133,0.9245844,2,59
9,0.0032635545,1.0410745,2,39
10,0.0059645274,1.0449686,2,36
11,0.016431632,0.9445773,2,22,0.0017263092,1.026676,2,58
12,0.0055727074,1.0391331,2,21,0.02033552,1.012068,2,43
13,0.0,1.01597,2,20,0.010553093,0.9812584,2,61
14,0.0050009107,0.9909566,2,20,0.025744066,1.0230306,2,41,0.033602968,1.0317596,2,61,0.0048326976,0.9952169,2,82,0.027410509,0.94699264,2,107,0.0,0.96832824,2,141,0.0072741765,0.9246846,2,163,0.005947596,0.964516,2,200
15,0.0065456787,0.9862444,2,21,0.0040670903,1.0414627,2,41,0.04633956,0.93327063,2,61,0.0,0.98367006,3,83,0.016371202,1.0116354,3,104,0.02103431,0.90052474,3,124,0.005757682,0.9163933,0,144,0.027332844,0.8077388,2,175,0.022628982,0.8841747,2,200
16,0.0012041865,0.9819064,2,29,0.013009089,0.924284,2,49,0.0014528728,0.94361305,2,70,0.04793041,0.9089476,2,92,0.0071589216,0.9453142,2,115,0.0,0.95009565,2,149,0.029828563,0.8564422,2,170,0.09628283,0.8193099,2,200
17,0.022881722,1.039998,2,22,0.0,1.0322819,2,55,0.0,0.9381548,2,80,0.0,0.9008856,2,102,0.0,0.9609041,2,122,0.0024627019,0.979743,2,142,0.0,0.87199056,0,162,0.003135656,0.8377856,2,200
18,0.013783744,0.9015461,2,20,0.009930335,0.9233508,2,40,0.0,1.0420024,3,60,0.03397532,0.8231099,2,80,0.00836631,0.62578815,2,119
19,0.007453649,0.9902836,2,25
20,0.00016885428,1.0472075,2,22
21,0.04869732,0.9671267,2,20,0.020513102,0.96281695,2,58
22,0.0022157137,0.97427833,2,21,0.004737727,0.95459783,2,43,0.014117184,0.8561834,2,63,0.057426818,0.988804,2,83,0.0,0.88619375,2,103,0.014138573,0.95343673,2,139
23,0.0046382803,1.0074179,2,22
24,0.0,0.9673736,2,21,0.028680552,0.90367687,2,41,0.03643716,0.8739608,2,61,0.0,0.89272034,2,81,0.0,0.8262707,2,101,0.0015679577,0.90463656,2,121,0.011785854,0.9305976,2,145,0.003411041,0.9140429,2,166,0.0019011276,0.9228508,2,200
25,0.025680166,0.94829476,2,37
26,0.0,0.9643048,2,21,0.018709622,0.9550117,2,46,0.0010733767,0.9093586,2,68,0.01289296,0.90895146,2,88,0.020709071,0.9391772,2,109,0.0,0.92178583,2,130,0.01912995,0.8439579,2,152,0.01235109,0.9883776,2,172,0.0,0.9431852,0,200
27,0.0,0.9151322,2,20,0.024942566,0.96498966,2,40,0.0,0.98832995,2,65,0.018806953,0.91270816,2,85,0.0,0.80377257,3,105,0.018548042,0.84754163,2,125,0.0,0.7866028,2,148,0.0,0.8915225,0,168,0.00067301944,0.92416066,2,200
28,0.018872304,0.947825,2,31,0.010542238,0.8930958,2,51,0.01769531,1.0721015,2,75,0.000763641,1.0073818,2,97,0.0,1.009649,2,120
29,0.014379082,1.0446576,2,26
30,0.0,0.95168114,2,20,0.0,1.073231,2,41,0.0021445728,1.0234488,2,68,0.009817809,0.9993234,2,89,0.0005935841,1.0567696,2,112,0.0,1.0070359,2,133,0.007937002,0.94472784,3,156,0.006556511,1.0476916,0,176,0.011527498,1.0409621,2,200
31,0.0013517668,0.967276,2,20,0.028229542,0.8896148,2,44,0.030731034,0.9362028,2,65,0.016951088,0.8784062,3,85,0.018176308,1.0082529,2,105,0.0,0.96704805,2,128,0.0020748617,1.0098983,2,157,0.016646016,0.96135616,2,177,0.005454412,1.0046479,0,200
32,0.0,0.9995489,2,28,0.0017731478,0.969545,2,48,0.0060651405,1.03086,2,68,0.004322934,0.937225,2,89,0.0059923106,0.95101374,2,110,0.017312068,0.9749851,2,130,0.035606623,0.92091703,2,150,0.0028142917,0.8933032,2,170,0.021967832,0.9111936,2,200
33,0.014467401,0.9856809,2,21
34,0.005030253,1.023481,2,28,0.025505846,0.97551477,2,48,0.06213873,0.92187375,2,69,0.024359757,0.9650659,2,90,0.0015735233,0.93024164,2,111,0.03263133,0.95506907,0,131,0.019917147,0.9331075,2,151,0.01951534,0.85511905,2,177,0.008115859,0.98058665,2,200
35,0.01045123,0.9804106,2,20,0.0060781552,1.0217185,2,41,0.026426071,0.9349675,2,61,3.53655e-05,0.9881132,2,85,0.0,1.0581461,2,108,0.007484904,1.0791755,2,130,0.037901428,0.89270973,0,150,0.040576044,0.8705848,2,171,0.024935646,0.9074079,2,200
36,0.009281137,0.95948195,2,26,0.0022984128,0.952809,2,48,0.0112504065,0.86932814,2,68,0.00999273,1.0029894,2,89,0.0,0.8430921,2,109,0.0,0.85752547,2,129,0.0,1.0360601,2,149,0.040867813,0.7557765,0,169,0.08068673,0.5290798,2,200
37,0.008366929,1.0087246,2,21,0.013136024,0.9861428,2,41,0.008053796,0.9366962,2,61,0.008798234,0.930979,2,84,0.015643368,0.9851345,2,104,0.0,0.7047692,2,127,0.0,0.5350818,0,147,0.0,0.34205952,1,172,0.0055190595,0.41647488,1,200
38,0.011756043,1.0292857,2,21,0.0045996634,0.9649728,2,41,0.008996386,0.9710975,2,73
39,0.015982553,0.9130417,2,20,0.0118942745,1.0307708,2,40,0.014275626,1.0429702,2,62,0.021775927,1.0015953,2,87
40,0.02978585,0.9762266,2,22,0.03516798,0.9667697,2,46
41,0.0076536154,0.9883782,2,21,0.003951535,0.98781854,2,43,0.02595093,0.9262106,2,63,0.0039407364,0.9006135,2,83,0.014352742,0.99509764,2,103,0.0098563,0.99015903,2,123,0.0029215282,0.9937545,2,146,0.0,1.0203062,2,166,0.014572024,0.9404807,2,200
42,0.014294711,1.0147811,2,24,0.009096046,0.9881613,2,47,0.0037811566,0.9622519,2,70,0.013449585,0.8871581,2,90,0.014002521,1.0481763,2,112,0.0011118181,0.9267055,3,132,0.0058044204,1.0030018,3,152,0.009921081,0.89560395,2,172,0.0,0.9566107,2,200
43,0.002208961,0.95898026,2,20,0.045110226,0.966253,3,40,0.050760843,0.84819543,0,60,0.013368715,0.8654412,2,81,0.033307545,0.87868416,2,101,0.06926212,0.927207,2,121,0.0007941594,0.87631136,2,142,0.003014438,0.7869523,2,162,0.046522405,0.7013939,2,200
44,0.0034316168,1.0471079,2,23,0.002344134,1.0168052,2,47,0.013593401,1.0371236,2,67,0.02059264,0.93808025,2,97,0.0,1.0238235,2,136
45,0.0,0.922768,2,21,0.002341435,0.9441242,2,44,0.021199794,0.9893743,2,64,0.012555818,0.90653425,2,87,0.0,0.61232644,2,108,0.018464778,0.8219949,2,137
46,0.012386007,0.9726089,2,20,0.014163354,1.0074975,2,40,0.0036463875,1.0062358,2,60,0.001594982,0.91280526,2,81,0.0148773715,0.9682999,2,104,0.018202875,0.84640867,2,125,0.0009982211,0.921854,2,145,0.0,0.939045,2,167,0.0,1.0036312,2,200
47,0.010097989,0.89613926,2,20,0.015127197,0.91445935,2,40,0.006618547,0.91590863,2,60,0.0,0.834149,0,80,0.0,0.79759896,2,100,0.026115865,0.4645145,1,120,0.0031839386,0.58158094,1,148
48,0.0039121807,0.9944378,2,26
