0,0.002491258,1.024418,2,22
1,0.0030756597,1.0179744,2,30,0.00026293148,0.987133,2,57
2,0.01775112,0.9583098,2,20,0.02055742,0.9961151,2,40,0.015370054,0.908035,2,65,0.030321091,0.92150956,0,85,0.034974903,0.9489018,3,105,0.018806713,0.94098794,3,127,0.0,0.9343612,2,148,0.045636334,0.77068454,2,168,0.025865646,0.9361925,2,200
3,0.004575019,1.0210941,2,20,0.008178171,0.968393,2,40,0.01838331,0.9689461,2,74
4,0.023331407,0.9437293,2,20,0.0,0.8466509,2,40,0.0,0.6348536,2,62,0.011245639,0.45817035,2,83,0.0,0.3828507,1,103,0.00337038,0.31310886,0,123,0.0,0.39363936,0,147,0.0,0.5707326,2,167,0.024997562,0.7201996,2,200
5,0.0,1.0347185,2,21,0.007705061,0.97883224,2,42,0.003165938,0.9544474,2,62,0.022938391,0.9472207,2,82,0.008682041,0.99090886,2,103,0.00434748,1.0486475,2,124,0.0084534865,1.024026,0,144,0.024926083,1.0197932,2,164,0.010217569,1.0604688,2,200
6,0.010955506,0.895843,2,20,0.012750178,0.83693063,2,43,0.05475369,0.90157145,2,67,0.046826445,0.93450516,2,87,0.0020681426,0.99155456,2,107,0.0082419645,0.92078507,2,128,0.00013855388,0.85675216,2,150,0.0,0.9778478,0,174,0.0010706213,0.89181495,2,200
7,0.0015035216,1.0248997,2,24,0.0064527313,1.12632,3,46,0.0,1.0590358,2,67,0.0077921837,0.97757876,2,89,0.0030786558,1.0406073,2,111,0.006278786,1.0581537,2,132,0.007858787,1.085986,2,154,4.495024e-05,1.1148328,2,175,0.0018510902,1.1136286,2,200
8,0.008254113,0.9209334,2,21,0.029613532,0.8988633,2,63
9,0.027321562,0.9667117,2,21,0.022876274,0.94369924,2,41,0.008988671,0.95376915,2,62,0.04682865,0.95934737,2,82,0.03396885,0.9302557,0,102,0.026758472,0.9489768,2,130
10,0.009615302,0.98497355,2,20,0.01428958,1.0884162,2,40,0.015325429,0.98340464,2,60,0.0026703966,0.9989077,2,80,0.00024975967,1.054111,2,100,0.0,1.0391672,2,120,0.013225886,1.0760621,2,140,0.008644122,1.0318621,2,160,0.021518536,1.0788504,2,200
11,0.0059694336,0.96345913,2,21,0.0066328594,0.9877064,2,45,0.010314557,1.01395,2,70,0.016974319,1.008141,2,90,0.010174883,0.9827508,2,113
12,0.012674107,1.0476238,2,21,0.0063886964,0.9980859,2,56
13,0.020384314,0.96928245,2,20,0.0047778776,1.0353775,2,40,0.0011802976,1.0428917,3,62,0.0,0.99964786,2,83,0.0,1.0295392,2,103,0.0,0.96052027,0,123,0.0,0.8649457,2,143,0.0,0.8332191,0,165,0.009684684,0.7468381,0,186
14,0.0077366233,1.0531979,2,36
15,0.0,1.0139967,3,21,0.016607523,0.9406155,2,41,0.053661685,0.99002427,2,61,0.034902256,1.0066288,2,81,0.007333782,0.84112495,2,103
16,0.013581177,1.0016544,2,23
17,0.0021485563,1.003338,2,21,0.008955315,0.9565759,2,48,0.027080998,0.95560235,2,73,0.011838222,0.92866707,2,93,0.0,0.8498937,0,114,0.0,0.9151019,2,134,0.012509421,0.85677683,2,156,0.0,0.9009649,2,179,0.0,0.7732324,2,200
18,0.004524231,0.9480387,2,23,0.014268372,0.99179286,2,45,0.040017772,0.968577,2,65,0.023788672,0.96688235,2,85,0.00128188,0.9425174,2,105,0.008846137,0.8356612,2,132,0.01915444,0.8978676,2,154,0.0,0.9000162,2,180,0.1565074,0.7358917,2,200
19,0.019913647,0.99548876,2,20,0.007993237,0.9601921,2,40,0.0245586,0.80896056,2,60,0.03233561,0.88911784,2,80,0.038246337,0.89192444,2,106,0.0023745145,0.7501688,2,126,0.0,0.5843499,0,146,0.0,0.48267695,2,167,0.014795386,0.6904403,2,200
20,0.0033054494,1.0064905,2,21,0.0028998966,0.96684086,2,41,0.025890723,0.99060595,0,61,0.016192626,0.9729468,2,82,0.007402096,1.0510775,2,113,0.019429335,0.88918716,2,134,0.016925082,0.8875228,0,155,0.028386723,0.91396254,2,175,0.017464556,0.83983505,2,200
21,0.0,1.027661,2,26
22,0.0035097792,1.0282197,2,20,0.038778264,0.9885832,2,50
23,0.010404153,1.0218028,2,20,0.007558623,0.94554466,2,42,0.029770529,0.9728848,2,62,0.01972005,0.9907402,3,85,0.0028011852,0.87324435,0,110
24,0.021236919,0.95801336,2,20,0.028987885,0.9946669,2,40,0.027767856,0.977262,2,60,0.028778644,0.92787826,2,88
25,0.009587391,1.0495725,2,21,0.0,1.0450925,2,45,0.0033089526,1.0070164,2,84,0.0,0.98865783,2,107,0.014901994,0.97502625,2,127,0.019357985,0.956699,2,147,0.0028887647,0.9954338,2,172
26,0.0024712668,1.0073633,2,21,0.020566508,0.9737836,2,42,0.0076183053,0.99446124,2,62,0.0075658984,0.982288,2,82,0.0056314105,0.941538,2,102,0.0,0.9631131,2,122,0.027490787,0.9321446,2,144,0.0015460146,0.9942511,2,164,0.00010705672,1.0254887,2,200
27,0.018695736,0.9842033,2,23,0.009910643,0.995548,2,48,0.034077454,0.93922055,2,68,0.0002269131,0.98164296,2,94,0.008671935,1.0224174,2,117,0.0025400773,1.0654544,2,141,0.027703011,0.99094,2,161,0.005681058,0.9963728,2,200
28,0.0028223493,0.9563752,2,22,0.0021581952,1.0518087,2,51,0.004280364,1.0669664,2,82,0.0,1.0804623,2,102,0.022072462,1.107263,2,122,0.016791694,1.1006477,2,144,0.00131836,1.0750202,2,166
29,0.030791203,0.97928697,2,20,0.014874317,0.9080836,2,40,0.07306149,0.8946168,2,64,0.008658617,0.9232933,2,86,0.03683199,0.8069291,2,107,0.0,0.5431054,2,129,0.0,0.7271834,0,150,0.028934266,0.7434838,2,170,0.054115485,0.5917971,2,200
30,0.0023356876,1.0040238,2,20,0.03456143,0.9692328,2,42,0.015071622,1.0542331,2,64,0.015897531,0.97674066,2,84,0.028920855,0.79785466,2,105,0.004222589,0.78108436,2,125,0.048086386,0.79751503,2,145,0.00399726,0.739654,2,165,0.06722573,0.4498175,2,200
31,0.017806862,0.9965352,2,21,0.018459061,0.9337664,2,47,0.00052647584,0.90825707,2,68,0.014855775,0.8976259,2,88,0.029551616,0.8498079,2,108,0.012548119,0.9467205,2,134,0.011956686,0.9415832,2,164,0.0033041062,0.96658146,2,200
32,0.0071209297,0.92982674,2,20,0.02768841,0.91514915,2,41,0.026410533,0.9960678,2,63,0.0,0.97372526,2,84,0.04024737,1.0009949,2,104,0.0078175645,0.98981506,2,134
33,0.0122903325,0.98035586,2,20,0.008269874,0.9732168,2,43,0.0009130643,0.9025793,2,63,0.040081993,0.9415388,2,83,0.0062050023,1.0484602,2,103,0.020256475,0.8957615,0,124,0.025869906,1.1032193,3,145,0.0075428816,0.7394269,2,169,0.06879195,0.7336019,2,200
34,0.012645684,0.97132385,2,21,0.027541937,0.9701447,2,44,0.010239146,1.0088893,2,66,0.010138415,0.86340815,2,87,0.0012227908,0.8990928,2,107,0.010128921,0.9019066,2,128,0.02416397,0.91229934,2,148,0.020769568,0.7753457,2,168,0.03189613,0.79030323,2,200
35,0.0,1.0452162,2,20,0.0,1.0155628,2,40,0.027471047,0.9859723,2,60,0.0,0.95092374,2,81,0.0048697726,0.9816971,2,102,0.0,0.9828842,2,122,0.013693702,0.95122796,2,144,0.013684509,0.970326,2,171,0.025013492,0.9703637,2,200
36,0.039102554,1.00219,2,21,0.044174444,0.9389976,2,42,0.0,1.045916,2,64,0.0,1.0233943,2,84,0.0,0.9158529,2,104,0.028101763,0.8012494,2,124,0.0,0.7147707,0,146,0.0,0.6770306,0,166,0.013175885,0.738353,0,200
37,0.012316858,0.9769508,2,22,0.035285886,0.88166916,2,43,0.011773776,0.97496194,2,74
38,0.009898525,0.9608999,2,21,0.020404056,0.92550385,2,41,0.021711735,0.9366081,2,62,0.035572443,0.951563,2,98
39,0.019480722,0.9189369,2,20,0.014206776,0.8937662,2,40,0.008259183,0.92254436,2,60,0.0,0.8428464,0,80,0.02430512,0.6946237,2,101,0.0047945143,0.87333316,2,121,0.0,0.8233304,2,141,0.0,0.8408001,0,161,0.0027716272,0.50148445,0,200
40,0.012711102,0.946424,2,20,0.012898633,0.92093146,2,40,0.007839797,0.9414644,2,60,0.0,1.0389737,2,80,0.012090824,0.981702,2,104,0.042918652,0.645218,0,125,0.006281536,0.36500984,2,145,0.07104793,0.37620148,2,166,0.107414566,0.479647,2,200
41,0.0027188992,1.0244095,2,20,0.014303053,0.9701561,2,40,0.0048866197,0.9938346,2,60,0.009634414,0.9982066,2,80,0.0,1.0531983,2,102,0.011430042,1.0009022,2,125
42,0.019103894,1.0127167,2,20,0.00553791,0.93962145,2,41,0.0035295633,0.99073565,2,64,0.0,0.9889898,2,85,0.0055285804,0.9963304,2,105,0.005588952,1.0112329,2,127,0.0060145576,0.9464778,2,147,0.01392567,1.0204136,2,168,0.0081956275,0.99551004,2,200
43,0.005040709,0.9622919,2,24,0.00027155393,0.8655056,2,51,0.029536176,0.8573205,2,72,0.029396644,0.9045552,2,92,0.0115042655,0.8217276,2,112,0.0,0.94553024,2,133,0.0,0.74314296,2,153,0.0,0.90423095,2,174,0.012043989,0.78602505,2,200
44,0.00586452,1.0194587,2,25
45,0.009753863,0.94248337,2,27,0.0061709406,0.94400823,2,47,0.02251021,0.88035023,2,67,0.0053126374,0.7771463,2,87,0.0,0.9173008,0,109,0.013652308,0.536264,0,139
46,0.020725377,0.997488,2,20,0.005489668,1.0339423,2,56,0.0,1.0293037,2,76,0.00980893,0.97277313,2,102,0.03243212,0.96184826,2,122,0.004237324,0.9898714,2,142,0.02114903,0.9537094,2,162,0.016258065,0.96903783,0,200
47,0.02080194,1.0675578,2,22,0.0040993537,0.97172225,2,44,0.0027736041,0.9142133,2,64,0.0058216834,0.9851095,0,84,0.04311046,0.9177861,2,108,0.038836956,0.95089495,2,128,0.011541058,0.98132724,2,148,0.021714702,0.829749,0,168,0.01705608,0.8616751,3,200
48,0.013609241,1.013178,2,29
49,0.02029511,0.92644674,2,21,0.01695342,0.89328635,2,41,0.04615762,0.80413216,2,61,0.0,0.8451724,2,81,0.053981997,0.682824,2,107
50,0.0,0.9677449,2,25,0.028115539,1.0026633,2,50,0.017198741,0.845509,2,72,0.0,0.7210873,2,102
51,0.0025368338,1.0535426,2,32,0.005741392,0.98740953,2,54,0.0014858703,0.9821261,2,74,0.0030553832,0.94970936,2,96,0.010277372,1.0719678,2,116,0.0027622252,0.98047996,2,139,0.01193355,0.9286091,2,161,0.026585799,0.9186723,2,200
52,0.022958344,1.0060664,2,28,0.0021081713,1.0875788,2,51,0.001229379,1.006072,2,71,0.0,1.0152249,2,106
