0,0.008332896,0.9713007,2,23,0.0092754,0.9428091,2,43,0.002197488,0.97637165,0,63,0.0011948813,0.9504093,2,83,0.0,0.989375,3,104,0.041082926,0.83339155,2,125,0.0,0.9889995,2,145,0.018569574,0.8771334,2,166,0.0014807842,0.9653301,2,200
1,0.0,1.0299728,2,20,0.0043009436,0.9932865,2,52
2,0.019044029,0.9263636,3,22,0.0,0.9927924,2,42,0.040548816,0.9618118,2,63,0.004485944,1.0686568,2,83,0.005189275,0.961741,2,103,0.012504821,0.78535867,2,136
3,0.009391268,0.9986546,2,22,0.01726494,0.9875758,2,42,0.028367782,0.9930208,2,64,0.0011949094,1.006934,2,100,0.008995593,0.9956137,2,120,0.0,0.91612744,2,142,0.0,0.88185817,0,163,0.0,0.91278076,2,200
4,0.003469892,0.9043958,2,30,0.0,0.8873936,2,53,0.0,0.7885865,2,73,0.0,0.6809306,2,94,0.07231441,0.80991125,3,115,0.0070412876,0.856657,3,135,0.0029633478,0.87843823,2,156,0.004438528,0.952711,2,176,0.025776053,0.9567671,2,200
5,0.00016057557,1.0123897,2,20,0.0139662,0.97544295,2,44,0.011857105,0.99635744,2,65,0.015865233,0.93033874,2,88,0.006880097,0.99655616,2,108,0.0,0.8846928,2,131,0.05268747,0.74444044,2,154,0.038062006,0.88185847,2,174,0.01014618,0.926308,2,200
6,0.016058529,1.0238265,2,25,0.03180728,0.98465604,2,45,0.00035427324,1.0129852,2,80,0.0082629435,0.95716345,2,106,0.020513957,0.97240597,2,128,0.0126702655,1.026156,2,155,0.016028509,0.99952155,2,175,0.00094658067,0.99788404,2,200
7,0.002547706,0.9650407,2,23,0.028012311,0.9531924,2,43,0.01603052,0.78673005,2,67,0.01915008,0.9710891,2,92,0.028566634,0.9925083,2,112,0.0048247394,0.9226243,2,132,0.008692788,0.9062812,2,156,0.0,0.9593133,2,176,0.0060470495,0.9729082,2,200
8,0.00094819226,1.0251957,2,21,0.0176698,1.0767338,2,41,0.021925053,1.0753587,2,65,0.005808372,1.0325131,2,101,0.027657755,1.038379,2,123,0.0,1.0067751,2,143,0.024700182,0.93883705,2,164,0.007003458,0.96079326,2,200
9,0.0,1.059209,2,24,0.014819105,1.0941414,2,48,0.01118109,1.0044787,2,68,0.010823394,0.99859273,2,89,0.004693575,1.0030593,2,109,0.037885346,0.9212116,2,129,0.075777344,0.96983796,0,149,0.019415757,0.8556922,2,169,0.042954728,0.9924233,2,200
10,0.0,0.9684982,2,24,0.032769397,0.9795968,2,44,0.012924292,0.8789211,2,66,0.0066601746,0.90756243,2,89,0.07314161,0.8018058,0,109,0.034589484,0.8583918,2,135,0.016818224,0.99984753,2,156,0.017514594,0.9447379,2,179,0.059940144,0.83681536,0,200
11,0.0064489613,0.985902,2,22,0.027289942,0.9514391,2,43,0.01112927,0.8845229,2,70,0.0076788533,0.945504,2,93,0.008394951,0.9666651,2,113,0.013685626,1.0549324,2,133,0.0027454493,0.9660777,2,153,0.014031112,0.97578084,2,173,0.00574312,0.96617305,2,200
12,0.0007323316,0.980201,2,22,0.01792702,0.9026893,2,42,0.011473808,0.88229597,3,62,0.08369501,0.8791299,2,82,0.014969975,1.0648794,3,102,0.0765631,0.5623221,2,124,0.005068812,0.8017599,2,145,0.014811966,0.8274699,2,166,0.034406416,0.6613482,2,200
13,0.014677218,0.96573466,2,21,0.0024008574,0.922649,2,41,0.013127921,0.94321597,2,68,0.0067721982,0.88710296,2,102
14,0.012144208,0.975907,2,23,0.0,1.0182414,2,45,0.013301886,0.98016745,2,96
15,0.022046948,0.95299387,2,20,0.06604959,0.91471153,2,41,0.012179536,0.8389745,2,61,0.0,0.88367236,2,86,0.0,0.96919984,2,106,0.09589089,0.7226707,0,126,0.032234084,0.72590125,0,146,0.0,0.6368185,0,169,0.09754014,0.33939528,0,198
16,0.013367032,1.0148982,2,28,0.01473051,0.8594577,2,48,0.019191949,0.8426239,2,68,0.0,0.9722705,2,93,0.0,0.9565997,2,116,0.0,1.0343125,0,137,0.0,0.6161488,0,157,0.0,0.8877522,0,177,0.01782804,0.62689745,0,200
17,0.005894387,0.9718464,2,22,0.008438076,0.98416203,2,42,0.00014325825,0.94379604,2,63,0.0,0.90675104,0,83,0.0,0.95294505,2,107,0.0,0.8307725,0,128,0.0037303008,0.8407323,2,148,0.009720735,0.9464137,2,171,0.009662049,0.94391567,2,200
18,0.03557794,0.9835498,2,23,0.024604265,0.914054,2,44,0.008782729,1.0267649,2,68,0.040702324,0.9856499,2,88,0.0,0.8534568,2,108,0.05685567,0.85362905,2,129,0.02271412,0.83403146,2,149,0.008702577,0.92652684,2,178
19,0.010039129,0.9960715,2,27
20,0.0034632394,0.9793797,2,32,0.021242552,0.9350222,2,64
21,0.0077669164,1.008023,2,20,0.0060914336,0.95938396,2,40,0.004815967,0.8833678,2,65,0.0042214585,0.961737,2,86,0.0074586226,0.9766788,2,111,0.00047490475,0.9043145,2,131,0.012098216,0.94409037,2,151,0.009414584,0.93719774,2,172,0.03980597,0.68533885,2,200
22,0.0008524995,0.9968277,2,20,0.015910488,0.9434164,2,58
23,0.007267272,0.96181184,2,25,0.0,1.0427756,2,47,0.00091541914,1.0441464,2,86
24,0.012732379,0.9592238,2,23,0.0043205796,1.043897,2,43,0.0034137466,1.0587858,3,63,0.0089781135,0.9476227,2,91,0.009512074,0.97994924,2,112,0.0,0.9057124,2,132,0.0,0.9413663,2,152,0.038729012,0.8567735,2,172,0.018612638,0.8844103,2,200
25,0.04038608,0.962821,2,20,0.010662655,0.91490823,2,40,0.0077492236,0.8040535,2,60,0.0,0.6818921,2,81,0.005586977,0.52655345,2,101,0.011564853,0.49352103,2,121,0.0,0.7701894,0,141,0.03371673,0.7778194,2,162,0.00037440192,0.8933025,2,200
26,0.0,0.97661716,2,20,0.030337783,0.9493301,2,42,0.0014412595,0.9517066,2,63,0.0,0.83522916,2,84,0.009703755,0.9483553,2,104,0.012016893,0.9737418,2,124
27,0.016457152,0.98197955,2,32
28,0.016534735,0.96014106,2,20,0.03127602,0.9422451,2,40,0.0058032796,0.94173104,2,62,0.00487108,0.9877714,2,82,0.024128074,0.87959874,2,103,0.01268086,0.90815973,2,123,0.0001635001,1.0326407,2,150,0.004928294,0.9799892,2,200
29,0.007433904,1.0286747,2,21,0.012347671,1.0080881,2,50
30,0.0044653476,1.0579349,2,34
31,0.007840475,1.0491537,2,20,0.008418183,1.015623,2,44
32,0.010330979,0.9828209,2,36
33,0.003006067,0.96467954,2,20,0.005698939,1.0113456,2,46,0.00093079614,1.0260414,2,77,0.007849902,0.9676592,2,99,0.0005539219,1.0186067,2,119,0.004586402,0.9277994,2,140,0.0,0.92264783,2,160,0.029286843,0.8998968,2,180,0.015164666,0.8214076,2,200
34,0.0,1.0280131,2,20,0.012391537,1.0282419,2,41,0.015423134,0.9971076,2,61,0.0074739815,0.99026126,2,84,0.013308021,0.9556254,2,105,0.0008193545,0.87795055,2,125,0.013648836,0.98850405,2,146,0.0,1.0502437,3,166,0.008962763,1.00626,2,200
35,0.009035736,0.90943587,2,22,0.0,0.961401,0,42,0.007382177,0.8228954,2,62,0.006994676,0.9730595,2,82,0.018503292,0.97717947,2,108,0.024945978,0.91424286,2,135,0.04450801,0.85495883,2,159,0.016514903,0.7595725,2,200
36,0.019132515,0.9732477,2,21
37,0.0,0.96388954,2,21,0.026787966,0.9818723,2,51
38,0.0068342355,1.0357206,2,26,0.01232123,0.99404764,2,69
39,0.001998279,1.0570518,2,22,0.018409526,1.0901556,2,42,0.005585161,1.0198551,2,69,0.017040329,1.018403,2,103
40,0.033952314,0.9424788,2,20,0.008991469,0.89185715,2,40,0.00019653607,0.89744914,2,60,0.00060992467,0.91886824,2,80,0.0,0.92483217,3,100,0.033036698,0.8689815,2,120,0.0066615115,0.9737613,3,142,0.018648949,0.99572927,2,162,0.008922306,0.9474439,2,200
41,0.019271167,0.96049756,2,21,0.0021342451,0.8543806,2,45,0.0,0.7865526,2,70,0.0,0.76158035,2,90,0.026757453,0.73059094,2,110,0.0,0.68170446,1,130,0.0,0.66627437,2,152,0.0,0.82946503,2,172,0.0006941779,0.39354464,1,200
42,0.0,0.9978717,2,20,0.023624217,0.9719219,2,42,0.04266872,0.99095154,2,62,0.010747095,0.958039,2,86,0.0023823536,0.9214217,2,106,0.0,0.86844236,2,126,0.0014142484,0.9300737,2,155,0.07174065,0.68121463,2,177,0.063426584,0.5941689,2,200
43,0.0035452987,0.9151081,0,20,0.017515797,0.9055063,2,40,0.010268531,0.7690921,2,63,0.0,0.53297323,2,85,0.013533319,0.43212715,1,120
44,0.004414202,1.0169317,2,21,0.0043273554,0.9441823,2,41,0.02138299,0.8839767,2,76
45,0.0038507932,0.98695827,2,22,0.0021512816,0.91858304,0,43,0.032463476,0.9223088,2,64,0.05645455,0.9316639,2,84,0.017525898,0.8807584,0,105,0.0,0.9820274,3,125,0.035105877,0.92275065,2,145,0.007896913,0.8808711,2,166,0.0063035283,1.0007246,2,200
46,0.029191721,0.928232,2,22,0.07597392,0.84558976,0,42,0.007495404,0.8498785,0,63,0.069796406,0.9055711,2,83,0.022176232,0.842543,2,103,0.10363092,0.6052635,2,142
47,0.020373648,0.9722819,2,22
48,0.0,0.97264737,2,21,0.03160128,0.9502028,2,42,0.0077791885,0.9543308,2,64,0.021717431,0.9757533,2,88,0.0012443182,1.0505208,2,108,0.037333455,0.939611,2,130,0.0069936044,0.928658,2,151,0.005644531,0.96279573,2,183
49,0.001221571,1.021129,2,25
50,0.0070587234,1.0108423,2,20,1.6731025e-05,1.0247581,2,40,0.0063277804,0.95111674,2,60,0.0,0.9663515,2,80,0.0040152506,0.9464792,2,100,0.006066495,0.9985418,2,122,0.01563272,0.85163784,2,142,0.00067147834,1.0382965,2,167,0.011006452,0.95454854,2,200
