0,0.020086087,1.0151685,2,22,0.013779333,1.0159883,2,42,0.007895552,0.99430203,2,69,0.00040704114,0.9813367,2,89,0.006303332,0.92617786,2,109,0.011357586,0.953274,2,131,0.020633986,0.91936404,3,152,0.015829103,0.9397272,2,172,0.015534438,0.9521545,0,200
1,0.0019373454,1.020162,2,20,0.013841652,0.9473688,2,42,0.0065453807,0.9217682,2,62,0.0043221484,1.0221639,2,89,0.0,0.98250663,2,109,0.001997226,1.0087761,2,129,0.022782873,0.95141447,2,149,0.013777092,0.78239846,2,169,0.047895927,0.7694587,0,200
2,0.0,0.98562986,2,20,0.00015016945,1.0918298,2,48
3,0.0026080657,1.0330293,2,28
4,0.013869944,0.99875516,2,20,0.0088021215,0.9570022,2,48,0.015301958,0.97180486,2,85
5,0.0023916028,1.0021541,2,32
6,0.021446355,1.0011848,2,22,0.04475289,0.8906578,2,44,0.0125917,0.8897918,2,70
7,0.0065281214,1.021329,2,20,0.025508655,0.97158223,2,42,0.047702406,0.9726253,2,65,0.00089904113,1.0221121,2,89,0.035560638,1.0525081,2,112,0.035119124,0.9449481,2,133,0.0,1.0761008,2,158,0.041219875,0.8991712,2,178,0.08837983,0.7614304,2,200
8,0.0071512437,1.0128745,2,21,0.036140617,0.92187256,2,46,0.0,0.9457439,2,67,0.0607862,0.70730746,0,87,0.0193878,0.9477866,0,107,0.020960998,0.9418271,2,128,0.023743927,0.90719014,2,148,0.010880223,0.8629284,0,170,0.02787415,0.63899344,0,200
9,0.0054732077,1.0427577,2,20,0.039132934,0.9953076,2,40,0.024360333,1.0645733,2,65,0.028221956,1.0349294,2,85,0.016653365,1.0024912,2,105,0.0108684525,0.9576703,2,127,0.013651675,0.9152792,2,147,0.11945657,0.74310845,2,168,0.0032595922,0.8553809,2,200
10,0.011722365,0.93748885,2,20,0.014963264,0.9253053,2,42,0.05257366,0.8759924,0,62,0.0,0.9338709,2,82,0.0,0.8278214,2,102,0.047032952,0.8957012,3,122,0.0,0.9924898,2,144,0.04202462,0.7789593,2,164,0.022743616,0.75706035,1,200
11,0.0089973165,0.97777575,2,20,0.023360204,0.9773365,2,46,0.0059583173,0.93858373,2,66,0.00012355289,0.94969034,2,86,0.021689644,0.96196824,2,106,0.011330356,1.0140414,0,126,0.0,0.9130222,2,146,0.0,0.8074391,2,168,0.022786524,0.8666139,2,200
12,0.0057646837,0.9867469,2,26,0.012918307,1.0453902,2,50,0.020635912,0.907241,2,70,0.010989466,0.9445349,2,90,0.01794961,1.0271842,2,110,0.0005414445,0.99350715,2,132,0.00638104,0.9312208,2,152,0.018700989,0.88914853,3,175,0.01409225,1.0066589,2,200
13,0.0027046304,0.95292765,2,21,0.008137117,0.9754633,2,41,0.015031323,0.9223415,2,63,0.017705861,0.9142796,2,84,0.0019182881,0.9600544,0,106,0.01048445,0.9531382,2,126,0.102084555,0.9150553,2,146,0.0,0.77132744,0,166,0.015462526,0.86013186,2,200
14,0.0022948186,0.9488031,2,21,0.009965186,0.9770791,2,42,0.015526999,1.0395151,2,73,0.0,1.030812,2,93,0.0147718545,0.9593641,2,113,0.003168165,1.0168638,2,137,0.0062141167,0.984944,2,160,0.0009470923,1.0414445,2,200
15,0.015200811,0.9793779,2,20,0.015636468,1.0046257,2,42,0.010542863,0.95708203,2,69,0.0,0.98206747,2,91,0.009235375,1.0369512,2,112,0.0,0.98623866,2,132,0.0,0.9348688,2,152,0.0,1.0580809,2,172,0.010604593,0.7857711,2,200
16,0.009013691,0.9920295,2,24,0.02017934,0.9155739,2,44,0.012213111,0.8894726,2,64,0.016616851,0.933394,2,103
17,0.014552464,0.95743245,2,20,0.0,0.9859662,2,40,0.010616992,0.9686195,2,79
18,0.004409699,1.0027827,2,22,0.0015980538,0.9844615,2,42,0.009114434,1.03196,2,67,0.0,0.9504205,2,87,0.011388244,0.97690743,2,107,0.0,0.88262445,2,127,0.006822647,1.0194485,2,147,0.015594336,0.89883995,2,167,3.554898e-05,0.99521923,2,200
19,0.011437446,0.957745,2,23,0.013655084,1.0522383,2,43,0.018803623,0.9922679,2,63,0.0,0.99168503,2,83,0.029560648,1.1053091,2,104,0.0042132875,0.98115253,2,124,0.025853606,0.9563609,2,147,0.012489235,1.0247433,2,168,0.010918632,1.0308069,2,200
20,0.006206034,0.839279,2,23
21,0.008330823,1.0028771,2,31
22,0.005248131,0.9984595,2,21,0.034134172,0.9689986,2,52
23,0.027213275,0.9823135,2,20,0.012125123,1.0359936,2,41,0.006106888,1.0722042,2,61,0.0043773814,1.1073259,2,82,0.0069874693,1.0222186,2,106,0.004974502,1.017565,2,129
24,0.0005080746,0.9837525,2,21,0.013582389,0.9724773,2,41,0.006706568,0.9788288,2,61,0.039224103,0.9835326,2,81,0.003728662,0.96454656,2,103,0.047277592,0.98694646,2,123,0.010364483,0.9221919,2,160,0.0065573575,1.007306,2,180,0.016689459,0.9959977,2,200
25,0.005147995,1.0033978,2,24,0.023937538,0.9831417,2,49,0.0060785688,0.9717584,2,74,0.01852235,0.9337035,2,99,0.004816609,0.91029483,2,119,0.041467182,0.9244884,2,139,0.0005760044,0.9595137,0,161,0.020792743,0.82623935,3,200
26,0.0075327684,0.99352866,2,21,0.019920066,1.0546904,2,41,0.020273464,0.90398705,2,62,0.01605085,0.9931989,2,82,0.026015287,0.8864911,0,103,0.024040854,0.84330845,0,123,0.009190908,0.9115351,2,151,0.00502127,0.8605049,2,171,0.0014627202,0.9992485,2,200
27,0.0033036761,0.973498,2,20,0.049953114,0.91909206,2,40,0.01980594,0.897206,2,60,0.0055894963,0.9684333,2,85,0.0073931203,0.94299906,2,105,0.026506077,0.92772615,2,125,0.0014590679,0.98438895,2,145,0.01724492,0.95513904,2,166,0.018245013,0.90268666,2,200
28,0.009244141,0.8194262,2,20,0.0040562674,1.0145715,2,40,0.022251932,0.884698,2,61,0.009498166,0.9135243,2,81,0.009472942,0.7901041,2,101,0.010358887,0.72330034,0,121,0.01228027,0.90982413,2,156
29,0.002605186,0.96347874,2,20,0.0019820118,0.985849,2,41,0.042581227,0.89305526,2,61,0.032584254,0.9294189,2,88
30,0.0025972284,1.0488858,2,21,0.0065204017,1.0152051,2,41,0.00091717916,1.0133985,2,61,0.008107949,0.9796673,2,83,0.0030468465,1.0065187,2,104,0.014436579,1.0260307,2,127,0.0,1.007048,2,151,0.016254988,1.0269547,2,171,0.061383165,1.0028671,2,200
31,0.0019615593,1.0045332,2,24,0.004744299,1.0668,2,50,0.0072492277,0.91656184,2,75,0.002505738,0.9113534,2,96,0.0,0.9664614,2,120,0.001689974,0.9193853,2,140,0.026796812,0.9546553,2,160,0.011729062,0.9551997,2,180,0.018483255,1.0130752,2,200
32,0.001829352,1.030474,2,30,0.006505073,1.0352476,2,50,0.0047198827,0.9487604,2,75,0.0,1.029752,2,95,0.022567067,0.97956765,2,115,0.031568337,0.9927166,2,138,0.014647715,0.9328456,2,159,0.024868565,0.9105178,2,180,0.029472172,0.9905938,2,200
33,0.0056061284,0.97700137,2,20,0.0073590926,0.9761753,2,40,0.020545885,0.92025596,2,60,0.011429997,0.9893338,2,80,0.019131988,0.98094577,2,100,0.0028858716,1.0047832,2,127,0.029486854,1.0294988,2,150,0.013850266,0.9917616,2,171,0.020239467,0.97531176,2,200
34,0.017430434,0.97645617,2,20,0.006664983,1.014284,2,40,0.03959619,0.8930271,2,60,0.0149802165,0.89344615,2,83,0.021720933,0.80479014,2,106,0.0009303439,0.65288055,2,126,0.0,0.3194918,2,146,0.0,0.23963003,1,169,0.0,0.48014712,1,200
35,0.0017460927,0.99923927,2,20,0.017957631,0.88777345,2,42,0.017924437,0.9902735,2,66,0.023546327,0.99931926,2,86,0.011904879,0.9517484,2,106,0.015870562,0.9262532,2,127,0.0024477085,0.83747005,2,147,0.031326212,0.9787485,2,168,0.035902753,0.9479586,0,200
36,0.00052826817,0.991514,2,20,0.0,0.8835874,2,41,0.0,0.96258944,2,61,0.016952254,0.85466254,2,81,0.037445582,0.84260166,2,102,0.011213027,0.9097436,0,123,0.0,0.8740344,2,143,0.0008255379,0.89950246,3,164,0.05318399,0.6367256,0,200
37,0.0052973754,1.0361985,2,28
