0,0.009375418,0.9155241,2,20,0.008548786,0.9603011,2,41,0.03638689,1.0312445,2,61,0.0022244314,0.93952495,2,81,0.0,1.021675,2,101,0.0035455741,0.98005027,2,121,0.02398087,0.9271039,2,160
1,0.0012315707,0.96215826,2,29
2,0.005088068,0.9901088,2,26
3,0.0026391412,1.0116637,2,29
4,0.0010626877,0.9952395,2,25,0.0048665777,1.0168587,2,55
5,0.0028599217,0.9944711,2,20,0.003090662,0.9630515,2,41,0.012979077,0.9103631,2,62,0.0074397717,0.88494337,2,83,0.007022647,0.967665,2,119,0.017488012,0.94937104,2,140,0.022380877,0.9269224,2,161,0.014539401,0.93478274,2,200
6,0.00534237,1.0117291,2,25,0.073383644,0.98309743,2,45,0.022451928,0.92631066,2,66,0.0069373166,1.0069493,2,89,0.013676709,0.91242963,2,110,0.028613275,0.8570123,2,130,0.00050602545,0.82927895,2,151,0.020647159,0.9375005,2,171,0.07596991,0.7883139,2,200
7,0.004702793,0.97591656,2,24,0.06757496,0.81618685,2,62
8,0.01379775,0.9723431,2,20,0.018444957,0.94576526,2,42,0.013396196,0.8668896,2,62,0.007650173,0.8150776,2,82,0.0,0.62137866,2,102,0.0,0.7266697,2,122,0.011172178,0.6338069,1,142,0.0,0.6277343,1,168,0.03249698,0.42488626,0,200
9,0.0017572213,0.9342102,2,20,0.01994853,0.8184613,2,41,0.0,0.79428095,2,61,0.011117662,0.92163277,2,81,0.022904444,0.87338954,2,107,0.0,0.90395856,0,128,0.0,1.009549,0,150,0.0,1.0180589,2,170,0.0,1.006675,2,200
10,0.023963675,1.0314015,2,23,0.0124217495,1.0187131,2,43,0.021163478,0.9632243,2,63,0.007849028,1.0164562,2,87,0.0028212233,0.9273881,2,107,0.0023266727,0.9763606,2,128,0.01776777,0.99088335,2,149,0.0,0.79536176,2,170,0.008699586,0.7400873,2,200
11,0.024496175,0.9371311,2,22,0.0142845055,0.96599907,2,43,0.017269548,0.94429,2,64,0.027104557,0.9075365,2,88,0.0,0.98591244,2,108,0.0,1.0967052,2,130,0.0031228971,0.87976027,2,150,0.040981147,0.76879036,2,171,0.03467803,0.7899451,2,200
12,0.0,1.0154352,2,37,0.03270008,1.0071821,2,57,0.0,0.98789865,3,77,0.013738338,0.9912246,2,101,0.012680214,1.0369562,2,127,0.0,1.0276642,2,150,0.015550031,0.9475285,2,171,0.008002547,0.93077075,2,200
13,0.008510056,0.9915138,2,22,0.01588861,0.7546634,2,42,0.04030484,0.94095993,2,62,0.0,0.8544876,0,82,0.017393809,0.8555174,0,102,0.002788871,0.87673557,0,122,0.03172852,0.67768884,0,142,0.0,0.62382376,0,162,0.0078003965,0.5899619,0,200
14,0.0030081528,1.0220149,2,20,0.025124425,1.0217265,2,42,0.0,1.1035733,2,62,0.004437523,1.0025042,2,92,0.0017788182,0.9844029,2,122,0.0,0.98584795,2,142,0.014488115,0.9973831,2,163,0.0022255485,1.0175526,2,200
15,0.00029385267,0.9903969,2,24,0.02631402,0.93646216,0,46,0.028631572,0.8600501,2,66,0.0133001935,0.89532363,2,86,0.049449265,1.013133,2,106,0.0,0.9060388,3,127,0.0010461453,0.8168068,0,147,0.0068692807,0.6534865,0,168,0.10755132,0.53391755,2,200
16,0.019191077,0.9881437,2,32
17,0.0,0.99141246,2,23,0.014477203,0.9702301,2,43,0.00860465,0.9889889,2,63,0.055395167,0.91127574,2,83,0.021917822,0.9222811,2,103,0.010129411,0.9420121,2,125,0.009708115,0.8612428,2,149,0.0,0.91142046,2,169,0.039559115,0.7350514,2,200
18,0.016372291,0.94447875,2,22,0.039750345,0.8694043,2,42,0.03626006,0.8712744,2,63,0.012782629,0.75924695,1,83,0.0036528632,0.7998261,0,103,0.0,0.5391433,2,133
19,0.03012138,0.96795547,2,21,0.009422117,1.0097805,2,48
20,0.011110103,0.9886254,2,20,0.002326568,0.9055827,2,40,0.01263661,0.88705,2,61,0.0,1.0096275,2,83,0.00847326,1.0112243,0,103,0.0,0.94958204,3,124,0.0,0.8543099,2,145,0.023948643,0.81544656,1,165,0.010664197,0.725432,2,200
21,0.009621332,0.9567779,2,24
22,0.0,1.0487484,2,20
23,0.015918212,1.0053821,2,20,0.0070800805,1.0622876,2,40,0.0,1.0452783,2,60,0.0,1.0710133,2,82,0.0059930272,1.0434453,2,102,5.9067635e-05,1.0444179,2,125,0.0058368607,1.0279251,0,145,0.0025888467,1.0368587,3,166,0.020553669,0.94496346,2,200
24,0.010722551,1.076849,2,20,0.0019336834,1.0158482,2,40,0.0,0.9790828,2,61,0.0,1.0241394,2,85,0.0,1.1264602,2,107,0.0,1.0333307,2,129,0.0027192603,1.0133988,2,149,0.0,1.0772804,2,169,0.0022217566,0.9480106,2,200
25,0.0,0.99294853,2,20,0.010467635,0.9738342,2,47,0.021165872,0.92308444,2,72,0.1048161,0.90121937,2,92,0.036304682,0.9851095,2,112,0.008291011,0.9618332,2,132,0.0025440005,0.925112,2,154,0.031952735,0.8730585,2,176,0.0036995423,0.9288883,2,200
26,0.008866968,1.0052228,2,29
27,0.005275087,1.0214093,2,20,0.004616582,1.0079641,2,41,0.0030470164,0.98958796,2,65
28,0.040296827,0.9562452,2,22,0.0018640225,0.96528924,2,43,0.0,0.9782274,2,66
29,0.047254834,0.92244565,2,22,0.018819598,0.9362796,2,43,0.033628657,0.9296557,2,71,0.020954734,0.91857684,2,110
30,0.00349286,1.0004572,2,22
31,0.0071940385,0.9794576,2,27
32,0.029674565,0.87581,2,20,0.014426771,0.7797087,2,45,0.0,0.8745618,2,65,0.036746506,0.6307223,0,87,0.0,0.43224835,1,107,0.0,0.5178191,0,128,0.005622412,0.44050822,0,148,0.0,0.539067,2,168,0.052697573,0.49958077,1,200
33,0.009478376,1.0306518,2,20,0.0071556643,1.003945,2,57,0.010979825,0.9439032,2,79,0.0047533037,0.938005,2,99,0.019572938,0.80898005,2,120,0.037543062,0.8592658,2,140,0.0154730845,0.9158303,2,160,0.017261539,0.89358914,2,180,0.018028611,0.94682777,2,200
34,0.0062639196,0.9665397,2,25,0.010769233,1.0101063,2,45,0.010771686,0.9057684,2,67,0.030381776,0.93569756,2,88,0.031823445,0.94947416,2,108,0.011660691,1.0047328,2,128,0.005612041,1.0649356,2,148,0.0008762557,0.99250686,2,168,0.019527573,0.8706679,2,200
35,0.00014462402,1.013847,2,37
36,0.023990888,0.9130498,2,38
37,0.01564479,0.96620804,2,21,0.020672008,0.9467656,2,41,0.01064808,0.97169363,2,63,0.0022215685,0.99790186,2,89
38,0.0094618015,0.95736945,2,26
39,0.01488643,0.97209007,2,21,0.027556127,0.9803694,2,41,0.010540255,0.9774122,2,63,0.012388978,0.9695082,2,87,0.014620198,0.93022954,2,110,0.011805359,0.8154947,0,130,0.01936488,0.8893471,2,150,0.015060189,0.9637129,2,170,0.037360013,0.77903926,2,200
40,0.004059886,0.99755746,2,20,0.019484242,0.95413667,2,40,0.011773842,0.97155356,2,69,0.0016494596,0.98729694,2,101
41,0.008647853,1.0126345,2,35
42,0.0,1.0275668,2,25
43,0.0013067593,0.9458674,2,27
44,0.016594337,1.0145919,2,20,0.0030468001,0.99092734,2,40,0.0,1.0132862,2,62,0.014600784,0.98155546,2,82,0.024522137,1.0108736,2,102,0.01151095,0.99990654,2,124,0.0077719665,0.9445423,2,144,0.016428098,0.90245306,2,164,0.007568119,0.9297408,3,200
45,0.006112619,1.0155342,2,32
46,0.030653512,0.9734146,2,20,0.0,1.0684582,2,40,0.01687484,1.0697267,2,61,0.020081257,0.928359,2,83,0.025579944,0.9202301,2,103,0.0,0.88166714,2,123,0.0,0.9420357,2,144,0.0,0.9170685,2,165,0.0011674563,0.8905718,2,200
47,0.0064953472,0.9316341,2,29,0.009099894,0.9117568,2,49,0.004515837,0.9700591,2,69,0.0,0.9664129,2,89,0.018169578,0.93039024,2,110,0.0074979416,0.87012166,2,130,0.011239382,1.0365989,2,150,0.0,1.0575998,2,170,0.007057059,0.9711224,3,200
48,0.0010504597,1.0396918,2,23,0.0,0.99390537,0,43,0.0,1.1354302,0,63,0.0014342587,1.0918152,0,86
49,0.006152029,0.9643595,2,22,0.025686182,0.94554657,2,44,0.019012993,0.8466934,2,65,0.0047312006,0.9847193,2,85,0.0,0.9254962,2,106,0.0047583925,0.94546,2,132,0.01244574,0.9826551,2,153,0.0,0.9869213,3,173,0.004370834,0.94446975,2,200
50,0.007859178,0.993122,2,21,0.0038941696,0.90118515,3,41,0.012617382,0.80073434,2,63,0.12324405,0.73671263,2,83,0.0,0.6838142,1,103,0.0,0.5659525,0,124,0.0,0.2997793,1,154,0.021135248,0.5823119,2,174,0.0014339978,0.87749875,2,200
