0,0.0071933814,1.0316136,2,23,0.0016994183,0.94659275,2,47,0.0,1.0208224,2,67,0.0063779647,0.95851326,2,94,0.026802884,0.84138036,2,120,0.011336761,0.94181645,2,140,0.00082781096,0.8593785,2,166,0.026069295,0.89016813,2,200
1,0.0015877675,0.99725866,2,20,0.011288577,0.9425413,0,40,0.018052159,0.89167714,2,66
2,0.00808475,0.99963266,2,20,0.0016316638,1.0131564,2,40,0.012427467,1.0498402,2,63,0.010626797,0.9619671,2,86,0.0,0.9543543,2,106,0.0,0.9910388,2,130,0.0,0.9338267,2,153,0.006620447,0.9464408,3,173,0.031961065,0.8465581,2,200
3,0.026663031,0.9318433,2,25
4,0.0,0.99728835,2,22,0.012254484,1.0100759,2,45,0.019892575,0.95299673,2,68,0.029492503,0.95024526,2,88,0.021877982,0.9657977,2,112,0.0,0.99437875,2,132,0.024090854,0.91996765,2,162,0.03711159,0.90604943,2,200
5,0.019357406,0.94903064,2,21,0.0153491115,0.97604203,2,43,0.0,1.0575917,2,65,0.006931615,0.99049884,2,88,0.031498693,0.9373642,2,109,0.0,0.96638805,2,129,0.04280499,0.831559,0,149,0.0,0.84406567,2,169,0.017829355,0.82941127,2,200
6,0.0020027386,0.9772675,2,24
7,0.0062667793,1.0135506,2,27
8,0.012121029,0.9796418,2,20,0.004774992,0.9231914,2,42,0.057788193,0.90100086,2,62,0.024614278,0.9615699,0,83,0.026574606,0.9504438,2,105,0.022639032,0.92667407,2,126,0.00010804562,1.0061544,2,146
9,0.0,0.98376334,2,20,0.0050498797,0.97964203,2,45,0.0011610376,0.9031483,2,65,0.0043769768,0.95337707,2,85,0.008812019,0.98344094,2,114,0.0066615446,0.97524357,2,134,0.011863531,0.98359907,2,155,0.0067876223,0.98115605,2,176,0.019667346,0.988302,2,200
10,0.0063908063,0.9639326,2,21,0.04821683,0.9803179,2,42,0.053426467,0.91040087,2,62,0.013223291,0.9141236,0,84,0.006039236,0.9956641,2,104,0.0,0.9671365,2,124,0.025067762,0.8160285,2,145,0.0079783,1.0078493,2,165,0.02256988,0.95402306,2,200
11,0.013556649,0.99004275,2,35
12,0.015822664,0.9825503,2,34
13,0.0012488234,0.901142,2,29
14,0.0075957775,1.0030379,2,20,0.020160604,0.9636606,2,40,0.032861114,0.9046664,2,60,0.010770162,0.93021065,2,81,0.002442696,1.0574263,3,103,0.0043926784,1.0279875,2,123,0.00018859755,0.95157725,2,151
15,0.010844817,1.0029254,2,20,0.0055257073,0.98245376,2,41,0.00031885513,0.85998917,2,61,0.033571087,0.765835,2,81,0.005460348,0.8691705,2,101,0.005482483,0.89409745,2,128,0.0022721128,0.9300598,2,148,0.0,0.9274593,2,170,0.008053511,0.98002124,2,200
16,0.012236333,0.9903715,2,22,0.06596382,0.88126564,2,42,0.03529124,0.832639,2,68,0.0,0.8425314,2,88,0.008423432,0.7705827,2,111,0.010782643,0.8723126,2,138,0.0025506604,0.9532727,2,159,0.009495187,1.0161824,2,179,0.014188439,0.9659079,2,200
17,0.015618516,1.0086626,3,20,0.012860698,0.9796658,2,53
18,0.0113351,0.98325336,2,20,0.005429248,0.9712117,2,42,0.0,0.92912036,2,62,0.036903776,0.9559811,2,82,0.009619146,0.9409377,2,121
19,0.00045143825,1.0154669,2,25,0.00851416,1.0249414,2,45,0.006928536,1.0409787,2,67,0.013327929,0.9971008,2,90,0.020550076,0.9555208,2,114,0.0,0.9333501,2,134,0.009069293,0.9104706,2,154,0.04540645,0.66897804,2,175,0.0240014,0.74694574,2,200
20,0.013968368,0.999465,2,24,0.024337264,0.9104984,2,50,0.010799652,0.9551884,2,70,0.016786661,0.9146875,2,90,0.0060565383,0.9647168,2,110,0.0,0.99359053,2,130,0.0,1.0090321,0,151,0.0,1.0668647,3,171,0.0,1.0180886,2,200
21,0.0,1.0110778,2,20,0.00059731863,0.9859291,2,42,0.0388621,0.9373447,2,65,0.026376324,0.95276505,2,87,0.014685991,0.95461786,0,110,0.008202605,0.8906892,2,130,0.005537473,0.9958121,0,151,0.022133213,0.96119416,2,171,0.0173529,0.8135747,2,200
22,0.00046995227,0.9887233,2,20,0.010656469,1.0175564,2,45,0.0031601246,1.0507561,2,65,0.014611922,0.9314221,2,88,0.026706826,0.9385411,2,109,0.0,0.9410771,2,130,0.00492884,0.956565,2,151,0.0,0.9368974,2,171,0.0,0.87501407,2,200
23,0.007993957,0.93900406,2,21,0.05602219,0.8816174,2,44,0.00661996,0.9229153,2,66
24,0.0054692356,0.9485138,2,20,0.039381493,0.8725203,2,40,0.0029942114,0.89422226,2,60,0.015915617,0.698981,2,80,0.052042797,0.8525496,2,105
25,0.006363418,1.0402589,2,21,0.04490383,0.96798426,2,52
26,0.0068677813,1.0358675,2,22
27,0.03457616,0.8839183,2,33
28,0.010094125,1.0055287,2,20,0.0068277344,1.041476,2,40,0.002103425,0.9736923,2,61,0.0014715709,1.0077288,2,92,0.024523789,0.9593439,2,114,0.0,0.98640573,2,134,0.061597217,0.85487056,2,155,0.05351756,0.8769165,2,176,0.036687873,0.89957374,2,200
29,0.0077116718,1.0480733,2,22,0.0,0.97428536,2,44,0.014762274,1.0095468,2,66,0.0,1.082191,2,88,0.0,1.0462838,0,108,0.0064964388,1.0311258,2,130,0.0034722895,1.0677923,2,152,0.03639155,1.0886109,2,173,0.06254703,0.96977836,2,200
30,0.026530713,0.9287152,2,20,0.006569472,0.9710133,2,41,0.008486103,1.0095847,2,61,0.00056322926,1.0249177,2,88,0.0,1.0113145,2,110,0.0003779897,1.0056287,2,137,0.0029456886,1.0010124,2,170
31,0.0024144924,0.9413862,2,20,0.0,1.0035547,2,40,0.018355427,0.91753334,2,66,0.0,0.8903595,2,87,0.025761198,0.78070337,0,107,0.007874555,0.8538666,3,127,0.0,0.9978586,3,149,0.0,0.82378834,0,169,0.009810957,0.81574947,2,200
32,0.0007517901,1.0169582,2,21,0.005425223,0.9429786,2,46,0.0,0.9884049,2,66,0.01127978,1.025949,2,123,0.0057492475,1.0607966,2,145,0.010931423,0.953481,2,165,0.024253719,0.9626129,2,200
33,0.013900724,1.00118,2,20,0.015391398,0.9213264,2,41,0.016560078,0.94375855,2,63,0.015599159,0.917086,2,85,0.008141094,0.9423763,2,107,0.0023580254,0.9711328,2,134,0.013720942,0.9597651,2,154,0.005638944,0.9906767,2,200
34,0.018461695,0.909787,2,24,0.03227414,0.7578956,2,44,0.0,0.64526784,1,64,0.0,0.5775291,1,84,0.006163124,0.69882184,2,104,0.0057997266,0.7063405,2,125,0.0,0.76511604,2,145,0.0,0.8971435,2,166,0.0,0.7378987,2,200
35,0.007217504,0.96831,2,20,0.01198705,1.0288044,2,41,0.00932251,0.98297656,2,63,0.0,0.9857625,2,83,0.017395992,0.9786399,2,103,0.0078013907,0.9549855,2,126,0.008084728,0.93557185,2,147,0.0,1.0369731,2,167,0.02086033,0.9346301,2,200
36,0.052638788,0.9264456,2,20,0.0,0.9641061,2,40,0.021247482,0.8918865,2,62,0.0,0.9349934,3,82,0.012660766,0.95292515,2,104,0.013174577,0.9447907,0,124,0.01176953,0.9398233,2,149,0.0,0.9468527,2,169,0.0060877437,0.92348665,2,200
37,0.010679454,0.9418799,2,28,0.003473951,0.9394787,2,50,0.011693836,0.86440337,2,72,0.0,0.6880835,2,92,0.002972561,0.5901264,2,112,0.011552878,0.646519,2,133,0.0200063,0.6688038,2,154,0.0,0.5918182,2,174,0.003824276,0.71537834,2,200
38,0.015768752,1.0313044,2,21,0.009090476,0.9762275,2,46,0.006955686,0.9815881,2,68,0.0,0.978976,2,89,0.007108982,0.94739884,2,113,0.0,0.8940691,2,133,0.0036621725,0.82064986,2,158,0.0,0.96039116,2,178,0.0063107875,1.0071707,2,200
39,0.008832253,1.0328801,2,27,0.0,1.1046016,2,50,0.007239024,1.0885594,2,70,0.007566481,1.1421531,2,91,0.0,1.1247718,0,111,0.0,1.037535,2,131,0.0038382947,0.99732196,2,160,0.019978032,0.95004475,2,180,0.00031786895,0.96552527,2,200
40,0.0066951904,1.0409757,2,29,0.0055934303,1.0129973,2,49,0.004121396,1.118664,0,70,0.0014139905,1.0789609,2,99
