0,0.020762164,0.66858697,2,29
1,0.010131224,0.6339373,2,24
2,0.020107672,0.9725269,2,20
3,0.0015920167,0.93330276,2,21
4,0.004780866,1.0279638,2,20,0.013108852,1.0182174,2,40,0.011139895,1.0481675,2,60,0.005174121,1.0734882,2,92,0.0039297016,1.0178171,2,125,0.0,1.0791404,2,145,0.0,1.0480802,2,165,0.011609286,0.8273761,2,200
5,0.0016396766,1.0471034,3,24,0.0007842289,1.0586736,2,44,0.0015066016,1.0611144,2,66,0.0,1.0964954,2,86,0.0,1.0888528,2,110,0.0013670576,1.0619553,2,141,0.0,1.0317115,2,165,0.003928307,1.0164366,2,200
6,0.00798876,0.90191156,2,20,0.0,0.86980563,2,40,0.027060097,0.83472365,0,60,0.0018149955,0.8729674,2,80,8.7082946e-05,0.81739724,2,100,0.01010411,0.7907386,2,120,0.011433944,0.81799877,2,140,0.028272903,0.8684195,2,160,0.012955777,0.8338423,2,200
7,0.012321598,0.76346457,2,37
8,0.0,0.9555208,2,80,0.01416391,0.6268444,0,104,0.0,0.68334013,2,132
9,0.0163679,0.96369463,2,22
10,0.0,0.71837795,2,21,0.036452927,0.5546556,2,41,0.043406297,0.64685714,1,61,0.04350359,0.55197054,1,81,0.0,0.61827147,2,101,0.0,0.40828004,2,122,0.02088287,0.51980436,0,142,0.029333418,0.44308144,0,162,0.029895732,0.60887545,2,200
11,0.0066318335,0.922651,2,20,0.02642383,0.9261002,2,42,0.013742814,0.76036346,0,62,0.032510847,0.575687,2,82
12,0.008813548,1.0089816,2,24,0.0011138268,1.0041301,2,44,0.018646576,1.0006293,2,67,0.007611642,0.9888046,2,88,0.018621216,0.94775707,2,109,0.01929471,0.93771803,2,132,0.022700556,0.9590083,2,154,0.023879793,0.931726,2,175,0.015758391,0.95931953,2,200
13,0.010593458,0.91018957,2,25
14,0.025831193,0.5903196,0,20,0.0,0.72970897,2,40,0.004656622,0.6821008,2,64,0.010641393,0.53014386,2,84,0.014417494,0.789297,2,104,0.0,0.70418364,2,126,0.0,0.43211764,0,146,0.03500984,0.5869516,2,172
15,0.004572297,0.9944423,2,20,0.0144923255,0.9056792,2,40,0.0027405408,0.9193239,2,60,0.017180013,0.9154578,2,82,0.012990941,0.91180074,2,102,0.014336014,0.90109456,2,122,0.013721628,0.8542866,2,145,0.043544125,0.930435,2,165,0.019599881,0.85388505,2,200
16,0.0020202682,0.92241704,2,23,0.0051957807,0.96858037,2,44,0.0030726062,0.94145334,2,73,0.020724393,0.84974396,0,93,0.009005813,0.91304225,2,113,0.024417076,0.89803284,0,133,0.027538285,0.8791593,2,153,0.015024349,0.97298735,2,173,0.008990083,0.9858639,2,200
17,0.01530149,0.99645567,2,20,0.01580537,0.88199323,2,42,0.03874756,0.7945609,2,70
18,0.060608,0.8026094,2,25
19,0.047968023,0.6626754,2,20,0.024386736,0.6579468,2,40,0.0040741004,0.43910813,0,61,0.0,0.65639627,1,82,0.0,0.4563113,2,102,0.0,0.614547,1,122,0.0,0.50261366,1,143,0.05577069,0.6630605,0,164,0.009442211,0.48379236,0,200
20,0.0,0.81853133,2,20,0.018101877,0.8799528,2,40,0.0,0.9324797,1,60,0.0,0.8504279,2,84
21,0.0,0.87666005,2,20,0.012704889,0.907419,2,41
22,0.0018836316,0.9687253,2,28
23,0.0031288962,0.96022534,2,39
24,9.672361e-05,0.96318156,2,21,0.016414786,0.9193996,2,41,0.01684592,0.8416784,2,73
25,0.004106745,0.9772941,2,20,0.0,1.0195671,2,42,0.0066243997,0.9401768,2,62,0.020015027,0.9430529,2,82,0.0,0.99234474,2,102,0.008117185,0.8992503,2,122,0.0,0.830165,2,142,0.0027853276,0.6524063,0,163
26,0.0009272421,0.87920207,2,20,0.0013530283,0.8315573,2,40,0.0,0.7299446,2,60,0.05021685,0.74621683,2,81,0.050016712,0.68672967,2,101,0.023353074,0.6658023,2,121,0.027175913,0.8467283,2,141,0.0,0.6944066,2,161,0.04134151,0.6733017,2,188
27,0.013830248,0.9078799,2,26
28,0.009863168,0.9396699,2,39
29,0.017103763,0.949231,2,29,0.035177696,0.9197356,2,53,0.0068915454,0.86962456,2,84,0.0,0.9252013,2,104,0.0,0.8054794,0,125,0.0,0.7642419,0,153,0.00942331,0.78554744,0,186
30,0.008309818,1.0427147,2,20,0.0,1.0366089,2,40,0.0063112644,1.0327957,2,63,0.0,1.0138797,2,83,0.009453844,0.99458396,2,106,0.0071589076,1.0102918,2,133,0.0,1.0270227,2,153,0.0077364575,1.032037,2,176,0.0025163924,1.03461,2,200
31,0.003315153,0.894034,2,20,0.12979183,0.6776825,0,43
32,0.0022658042,0.9477166,2,20,0.022808187,0.93138725,2,41,0.020804591,0.83481646,2,61,0.0,0.6887847,0,81,0.028423002,0.8767158,0,102,0.026584476,0.91103256,0,122,0.025963068,0.83255035,2,142,0.0,0.8040315,2,162,0.026965296,0.7464178,0,200
33,0.019471746,0.94263893,2,21,0.0033200525,0.87355614,2,41,0.0,0.8810239,2,61,0.00070938386,0.84264123,2,81,0.0,0.84780836,2,101,0.015369127,0.9505907,2,121,0.009886501,0.8192907,2,142,0.02059268,0.81782943,2,162,0.012586723,0.8272284,2,200
34,0.00086141954,1.0509217,2,20,0.0,1.0401045,2,46,0.008797004,1.0007184,2,76
35,0.0,1.0348265,2,42,0.0,1.0463159,2,73,0.0,1.0341526,2,102
36,0.00049572164,1.0497246,2,21,0.0,1.024313,2,41,0.0,1.0643746,2,64,0.0,1.0408036,2,94
37,0.0031804803,0.8578606,2,26
38,0.0,0.94847167,2,20,0.0053842976,0.8458594,2,40,0.013639087,0.895992,2,60,0.006001028,0.911024,2,80,0.0,0.8309669,2,102,0.0045766984,0.9276514,2,122,0.010901606,0.85728693,2,142,0.040349644,0.8989555,2,162,0.0058051045,0.88830113,2,200
39,0.016019013,1.0226955,2,35
40,0.0065875784,0.8814311,2,33
41,0.047571626,0.91138315,2,20
42,0.0038268552,0.8982314,0,20,0.019487824,0.87928563,2,40,0.0,0.7383102,0,60
