0,0.011723345,0.97998625,2,30
1,0.034655515,0.7538961,2,30
2,0.0,0.78964,2,20,0.045354042,0.6466054,0,52
3,0.026830126,0.73410076,0,22,0.03733969,0.6885601,0,42,0.095207565,0.5961685,0,64
4,0.0052164095,0.7036885,0,20,0.016598195,0.6852843,2,52
5,0.016486349,0.94228673,2,30
6,0.009518824,0.92419356,2,24
7,0.0,0.9854821,2,23
8,0.0,0.9527032,2,20,0.020741947,0.88973606,2,53
9,0.0035827798,1.0250738,2,21,0.0031537309,1.0047632,2,45,0.002062631,1.026222,2,65,0.0020600609,1.0029008,2,85,0.0036468299,1.0282661,2,109,0.013522552,0.9993386,2,129,0.0,0.9987462,2,149,0.0049692905,1.0382376,2,172,0.00794115,1.0322074,2,200
10,0.021262046,0.8810441,0,20,0.005961875,0.8631713,2,41,0.0,0.93687296,2,62,0.0026967186,0.91400653,2,101
11,0.005740623,0.8729396,2,20,0.0,0.7329841,2,40,0.009302885,0.8045,0,60,0.010717184,0.75459236,2,86
12,0.032827135,0.946684,2,20,0.0,0.94225377,2,40,0.0,0.9036069,2,60,0.047055516,0.737668,0,80,0.019274196,0.6741869,2,100,0.020803636,0.68790174,2,124,0.022296567,0.85484964,2,144,0.023702465,0.9006027,2,166
13,0.027923439,0.7542631,2,28
14,0.007867456,1.0148177,2,25,0.0,1.0744238,2,45,0.01351063,0.99322605,2,65,0.011888456,1.0348974,2,85,0.053424843,0.9777147,2,105,0.015449544,0.9110145,0,128,0.058677442,0.9550729,2,148,0.009470718,1.0252554,2,168,0.003455014,0.9838469,2,200
15,0.0,0.7618985,0,25
16,0.0,0.91760445,2,20,0.035704702,0.7490905,0,40,0.0014079879,0.6313438,2,70
17,0.019155737,0.8159472,2,28
18,0.014581571,0.67960656,0,20,0.0,0.60434425,0,40,0.013174166,0.5098174,0,73
19,0.11261097,0.7693104,2,33
20,0.030522734,0.83021927,2,20,0.022560675,0.92061174,2,40,0.01915815,0.6298083,2,68
21,0.0022973279,0.9786641,2,24
22,0.017378934,0.9321643,2,36
23,0.013229853,0.9097007,2,20,0.014811359,0.7979533,2,41,0.014024262,0.781565,2,79
24,0.019334506,0.8774936,2,22
25,0.00037589693,1.0477968,2,24,0.0,1.0421922,2,58,0.0,1.0657413,3,81,6.8894315e-06,1.0120918,2,115,0.0,1.0115445,2,135,0.0038640774,1.014967,2,155,0.0,1.0551349,2,177,0.0011347188,1.0443699,2,200
26,0.0,0.99837965,2,23,0.007998021,0.99109143,2,57,0.0,0.913486,2,77,0.013352352,0.99123687,2,100,0.0009910419,1.0155494,2,120,0.0,1.0322865,2,140,0.0,1.0319008,2,161,0.008580006,1.0330889,2,200
27,0.006758886,0.96146137,2,20,0.010269308,0.96902406,2,40,0.022513622,0.99162203,2,61,0.017348822,0.97541785,2,88,0.00616877,0.9587873,2,113,0.00538614,0.9627309,2,133,0.0055455146,0.98219377,2,153,0.008086114,0.96521837,2,176,0.020275226,0.9795146,2,200
28,0.030550653,0.8513091,2,20,0.021308474,0.95018524,2,41,0.0008300335,0.95682555,2,62,0.0014586477,0.8745316,2,82,0.0,0.9180423,2,103,0.00038241688,0.9104675,2,123,0.0127032995,0.8755523,2,143,0.013417455,0.9865806,2,165,0.0020023473,0.91576725,2,200
29,0.022495741,0.9321858,2,20,0.009772073,0.88281006,2,41,0.0024385224,0.8705719,0,61,0.005482284,0.8072845,2,81,0.002845468,0.86600286,0,101,0.0024208657,0.8563634,2,121,0.030072138,0.7878175,2,142,0.0125461845,0.8192954,0,162,0.0048821755,0.90595156,2,200
30,0.020467494,0.9141747,2,21
31,0.01007205,0.89092463,2,20,0.026979104,0.7483765,2,40,0.023792181,0.8886444,2,60,0.03104131,0.86751395,2,80,0.02182107,0.8383404,2,102,0.057959534,0.87364227,2,122,0.019699853,0.9214404,2,142,0.0,0.94894755,0,162,0.008365363,0.9020152,2,200
32,0.011153342,0.7962194,2,20,0.00088857516,0.90919316,2,40,0.00087133585,0.8954634,2,79
33,0.055195928,0.7307457,2,22
34,0.009582449,0.98312026,2,20,0.013766182,1.0269957,0,40,0.018572187,1.0113602,0,62,0.0,1.0598443,2,82,0.0028770976,1.037031,2,175,0.013385679,1.0078857,2,200
35,0.004892185,0.9684725,2,20,0.005444667,0.8857509,2,40,0.031124739,0.9054978,0,61,0.009749053,0.7496087,0,82,0.041098587,0.8284348,2,102,0.0122639295,0.9614145,2,122,0.01029996,0.84577876,2,142,0.01918206,0.6830084,2,162,0.017344842,0.8872279,2,200
36,0.0037331465,1.0113039,2,33,0.0,1.0011418,2,80,0.0,0.81199557,2,109,0.0,0.66626227,2,129,0.0,0.7364357,2,156,0.0,0.5884035,2,176,0.0068880212,0.5767531,2,200
37,0.00904803,0.94034857,2,24,0.014491951,0.9310495,2,44,0.0,0.743996,2,69,0.021282867,0.78259015,2,91,0.018839497,0.5556184,2,112,0.0,0.5231911,2,132,0.02599456,0.78029543,2,161
38,0.029434476,1.0194182,2,21,0.0027398993,0.884255,2,42
39,0.056817286,0.68704146,2,21,0.0,0.44896817,0,42,0.008439121,0.6734803,0,62,0.14093073,0.55306023,2,82,0.013724198,0.4909988,2,109
40,0.002139939,1.0526845,2,21,0.0018607117,1.0275152,2,42,0.010043482,1.016302,0,63,0.019783432,1.0417725,2,86,0.0,1.0151554,2,109,0.0014246965,1.0045841,2,129,0.0021695409,1.0340576,0,149,0.006849488,1.0449177,0,173,0.008162261,1.0568343,2,200
41,0.0,0.5696357,2,35
42,0.003060664,0.99586993,2,33
43,0.020878175,1.0164956,2,23
44,0.0,0.92455053,2,20,0.010330762,0.93196034,2,50
45,0.0040677763,0.83561707,2,33
46,0.0060653053,1.0325476,2,20,0.00111493,0.93354,2,40,0.0,0.88203174,2,60
47,0.0024021573,1.0722858,2,28
48,0.025411194,0.9928308,2,30
49,0.053973503,0.7210835,0,27
50,0.007365131,0.92675406,2,23,0.002886917,0.859976,0,44,0.0128185125,0.74167496,0,64,0.02874518,0.7674618,0,84,0.03982528,0.6970416,2,104,0.013188036,0.67480373,0,125,0.0018008323,0.74000055,2,148,0.017629493,0.74008226,0,168,0.0,0.76216406,2,200
51,0.034073986,0.9814299,2,20,0.0014574408,0.91976446,2,49
52,0.022808397,1.0101918,2,20,0.04517703,0.97113675,2,40,0.008432679,0.890161,2,61,0.020138828,0.76712614,2,84
53,0.059989247,0.86162496,2,21,0.029576058,0.8748266,2,49
54,0.021770557,0.80222064,2,28
