0,0.013267498,0.91258484,2,21
1,0.081218116,0.8482825,2,23
2,0.0,0.9514887,2,30,0.0028707692,0.96089286,2,71
3,0.0,0.99405146,2,20,0.013145578,0.9851616,2,51,0.0049989684,1.0129042,2,71,0.008037554,1.0397604,2,92,0.022175038,1.0208834,2,120,0.0026893655,1.0869399,2,142,0.0,1.017329,2,162,0.0032980544,1.0254216,2,200
4,0.0056354045,0.8922046,2,20,0.014495617,0.820992,2,40,0.0083460165,0.94704086,2,61,0.0008874636,0.8898567,2,81,0.0008086199,0.928,2,101,0.0,0.9254943,2,121,0.0,0.8972408,0,141,0.039217047,0.9057222,2,162,0.016213426,0.93205404,2,200
5,0.02776096,1.0069644,2,21,0.023578648,0.9740752,2,41
6,0.0065565994,0.9139235,2,34
7,0.013686381,0.92849416,2,20,0.017853545,0.9555755,2,42,0.035182208,0.9820338,2,64,0.0,0.8029401,2,88,0.0,0.8259196,2,109,0.0,1.1768075,2,130,0.0,0.9012227,2,150,0.0,0.47836307,1,179
8,0.012470241,0.8740689,2,20
9,0.0011793145,1.0671618,2,23
10,0.00063054473,0.8504957,2,25
11,0.018726615,0.6391366,2,38
12,0.028522873,0.7291712,3,24
13,0.0046441075,0.9870118,2,20,0.0058572637,1.0096269,2,40,0.0,1.0198667,2,60,0.0,1.025599,2,96,0.019237345,1.0132719,2,116,0.015746389,0.9682301,2,137,0.0,0.9635107,2,157,0.034695003,0.88616866,0,177,0.0,0.8518055,2,200
14,0.001878053,1.0365655,2,40,0.0,1.043532,2,60,0.0020242035,1.062159,2,98,0.0,1.0354376,2,124,0.0,1.0535816,2,158,0.0,1.0240302,2,179,0.00013390326,1.0376827,2,200
15,0.009716047,0.95865947,2,20,0.0,0.8593396,2,40,0.0,0.9226536,2,62,0.03257793,0.9223862,2,84,0.0094172135,0.91528475,2,104,0.0012595948,0.90300226,2,124,0.041580014,0.8886074,2,144,0.0,0.8507002,2,165,0.018716427,0.9543157,2,200
16,0.0015402085,0.92774904,0,20,0.042812582,0.8854512,2,40,2.534641e-05,0.89633733,0,60,0.04601066,0.64736164,2,89
17,0.03999586,0.76038796,0,20,0.026650246,0.8588678,2,41,0.016435364,0.78845197,2,61,0.00033744602,0.8790657,2,85
18,0.020402286,0.8850667,0,20,0.044427566,0.77891827,2,40,0.019110087,0.8217865,2,60,0.029910127,0.77613455,2,80,0.02140544,0.7236681,2,100,0.03947707,0.6157623,0,120,0.020165961,0.690804,2,140,0.04260974,0.8104588,2,160,0.0007131989,0.83766663,2,180,0.054607473,0.8410984,2,200
19,0.046601184,0.924876,2,39
20,0.025621327,0.8754346,3,21,0.027611006,0.86767954,2,46
21,0.0021046202,0.9702497,2,21,0.007647046,0.90081275,2,41,0.010050072,0.93948597,2,63,0.028991422,0.919879,2,84
22,0.023672553,0.85227066,2,32
23,0.03406957,0.8978381,2,20,0.021176416,0.8221582,2,57
24,0.0019021499,0.924121,2,21,0.019038362,0.947084,2,47
25,0.002061053,1.0550404,2,34
26,0.04898403,0.9381255,2,21,0.014805707,0.9629968,2,42,0.008655459,0.87748677,2,71
27,1.8870627e-05,0.75554544,2,22,0.04463404,0.7019957,2,42,0.013027222,0.5255554,0,78
28,0.006147499,0.949314,2,20,0.013529561,0.9272402,2,41
29,0.0045494195,0.98634166,2,29
30,0.02829468,0.83736235,2,26
31,0.0037310887,0.7904441,2,20,0.0025078857,0.7675065,2,59
32,0.042099208,0.81827897,0,20,0.036894705,0.8309402,2,58
33,0.002710165,1.0108346,2,22,0.002277868,1.0163237,2,47,0.011426468,1.0062703,2,71,0.008762318,0.98684144,2,93,0.004852092,1.0672175,2,132
34,0.002448628,1.0686305,2,20,0.0013470318,1.0150721,2,40,0.007148886,1.0118381,2,67
35,0.010014158,1.0257639,2,34
36,0.009899972,0.9830753,0,23
37,0.0,0.94233483,3,20,0.010091194,0.7297477,2,54
38,0.0,0.7012815,2,20,0.018722016,0.80944234,2,40,0.054471333,0.6386638,2,76
39,0.002637269,1.023859,2,21,0.0012632682,1.0203694,2,41,0.0,1.0335892,2,67,0.008808399,1.0151534,2,93
40,0.00058777357,1.0305184,2,31
41,0.006426105,1.0405076,2,23,0.00043141053,1.0377301,2,51
42,0.00046659,0.9635334,2,20,0.026153516,0.78918046,0,40,0.017879926,0.7064812,2,60,0.018197646,0.8109004,2,80,0.027097385,0.8401884,2,100,0.016586225,0.7081378,2,120,0.004924272,0.8944601,2,140,0.023155862,0.739896,2,160,0.04079905,0.8379221,2,200
43,0.022119049,0.68466187,0,20,0.062023275,0.5202239,0,41
44,0.04445257,0.80819076,2,31
45,0.03842784,0.8593881,2,26
46,0.016029663,0.93823135,2,20
47,0.024292847,0.8865007,2,20,0.0,0.92775214,2,40,0.060951214,0.81217575,0,61,0.0476006,0.7251143,2,87
