0,0.013200151,0.9106184,2,37
1,0.0017065806,0.84402484,2,20,0.0070651616,0.7783045,2,47
2,0.0,0.6172387,0,20,0.0,0.61426896,0,40,0.0,0.46602336,2,60,0.0,0.6991614,2,80,0.035455655,0.6253786,0,100,0.034610223,0.4966775,0,120,0.0,0.6059925,0,140,0.09637324,0.43602785,0,160,0.004389799,0.74531996,0,180,0.035508208,0.5222763,0,200
3,0.008217102,1.0304878,2,20,0.010296462,0.9832557,2,40,0.011098659,0.97552836,2,80
4,0.012494632,0.85082763,2,26
5,0.024264071,0.7477642,0,20,0.040382486,0.719463,2,40,0.04403119,0.71175534,0,67
6,0.022357147,0.65763205,0,23
7,0.003110154,0.7095324,2,30
8,0.012010695,0.7377868,2,20,0.032017775,0.77112454,0,40,0.0,0.7357746,0,60,0.0,0.5745749,2,81,0.024003934,0.7069024,2,102,0.006782204,0.6526296,2,122,0.0,0.6910009,1,142,0.0,0.86838084,2,163,0.017196134,0.6037089,0,200
9,0.0077385046,0.9798985,2,24,0.023447447,0.9760636,2,44,0.0009462054,0.99460185,2,64,0.0026948678,0.966427,2,88,0.03235898,0.8694278,0,108,0.0,0.81191224,2,129,0.014171571,0.86204606,2,149,0.0,0.86670685,2,169,0.011226279,0.86503613,2,200
10,0.012953984,0.9102961,2,20,0.013583256,0.87300265,2,40,0.011282117,0.89642006,2,65,0.013934973,0.93978757,2,98
11,0.008293489,0.9324055,2,20
12,0.0061423145,0.7581943,2,21,0.012275443,0.37203312,1,50
13,0.0017208826,1.0412208,2,35
14,0.0066211196,1.0616527,2,27
15,0.0011258799,1.0474976,2,29
16,0.008938545,0.96481097,2,21,0.0011134323,0.9869903,2,41,0.008194343,0.8368257,2,61,0.02995335,0.899721,2,81,0.0131338965,0.913472,2,101,0.034890343,0.9524498,2,121,0.036382515,0.86350775,2,141,0.0,0.94620085,2,161,0.04688384,0.9470385,2,189
17,0.0052883467,1.0181787,2,21
18,0.004859381,1.0204089,2,30
19,0.008705004,1.0360957,2,34
20,0.011065796,0.97984606,2,39
21,0.0032158282,1.0554217,2,20,0.009327403,1.0334724,2,42,0.00030182913,1.0701605,2,63,0.00097053015,1.0480272,2,83,0.018127542,1.029663,2,109,0.004558104,1.0165626,2,131,0.008490464,1.0678396,2,154,0.0075767706,1.0755237,2,175,0.0018138272,1.0371109,2,200
22,0.024876576,0.6285223,2,25
23,0.010820521,0.88711274,2,21,0.0125325555,0.66877645,2,43,0.010273915,0.4539004,2,81
24,0.011867376,0.81877357,2,21
25,0.013106488,0.7701243,2,27
26,0.000116096555,0.9778647,0,22,0.02728199,0.96871346,2,46,0.004092212,1.0095702,2,74
27,0.006839361,1.0034357,2,20,0.009075691,1.0046209,2,55
28,0.010359803,0.92657804,2,38
29,0.0058658104,1.0035107,2,31
30,0.008913595,0.8765688,2,39
31,0.008701877,1.0154096,2,34
32,0.006138898,0.9555307,2,21,0.002577693,0.7427904,2,44,0.0,0.8613143,0,64,0.028140325,0.8089768,0,84,0.04601536,0.59989583,2,104,0.01644252,0.8718482,2,124,0.0009799959,0.788904,2,144,0.027976379,0.7433629,2,164,0.06885718,0.840925,2,200
33,0.035822146,0.6812897,2,21,0.0,0.46030718,0,41,0.0,0.39074785,2,67
34,0.02315486,1.0201727,2,21
35,0.0010410568,0.976383,2,30,0.042622924,0.95030665,2,52
36,0.013380876,0.9902953,2,20,0.007329271,1.0069969,0,41,0.023301117,0.9222442,2,68,0.016683236,0.94530135,2,92,0.0038556003,0.97465676,2,112,0.0,0.9740965,2,132,0.014503206,0.9413324,2,153,0.0103961,0.9061593,2,176,0.00789925,0.95857173,2,200
37,0.006008347,0.949315,2,21,0.008633307,0.961635,2,44,0.021058498,0.9338093,2,65,0.01228008,0.98542553,2,87,0.00082521216,0.9463889,2,107,0.008509966,0.9325,2,142
38,0.0056112534,0.96609336,2,20,0.0027550622,0.93410605,2,57
39,0.012691418,0.8627141,3,20,0.007151942,0.80424815,2,43,0.0,0.7365421,2,68
40,0.005543863,0.99607676,2,20,0.0,1.0073794,2,41,0.0,1.0499432,0,61,0.0062413365,0.9715538,2,83,0.03665486,0.9903761,2,116,0.060480833,0.9775218,2,168,0.11424197,1.0142871,2,200
41,0.02961727,0.9422212,2,21,0.01719227,0.95966846,2,41,0.007558222,0.7454277,2,61,0.047064923,0.8119324,2,83,0.0,0.71179116,2,103,0.0,0.87685174,2,124,0.0,0.866362,2,145,0.026015654,0.8248195,2,184
42,0.0,1.0332646,2,22,0.023290526,0.9965458,2,42,0.11689719,1.0256326,2,63,0.03037522,0.96180207,2,88
43,0.007297659,0.87038153,2,20,0.029044146,0.7746515,2,40,0.004333169,0.8338472,2,60,0.016656017,0.94181186,2,80,0.012293467,0.7759712,2,100,0.004923521,0.6749215,0,120,0.0,0.775108,0,140,0.008158577,0.5549251,2,167,0.052344352,0.80856925,2,200
44,0.015817115,0.9207015,2,20,0.004639462,0.8590949,2,44,0.0037089284,0.83173245,2,64,0.0024826617,0.88271785,2,86,0.009703877,0.8929884,2,106,0.005298172,0.89199525,2,126,0.021634066,0.8947774,2,147,0.0036679779,0.8693369,2,167,0.013573963,0.81311715,2,200
45,0.0,0.94422865,3,21,0.016785027,0.8833226,2,41,0.0,0.86626345,0,62,0.004401288,0.9078618,0,82,0.018921219,0.97121644,2,116
46,0.004225555,0.9918628,2,20,0.028137684,0.90206873,3,42
47,0.0131162815,0.9858663,2,25,0.035351973,0.92022085,2,45,0.03183736,0.8842455,2,67,0.00093698985,0.84992963,2,87,0.0,0.9015054,2,108,0.03743404,0.7694209,2,128,0.011379508,0.7822621,2,149,0.0,0.7263675,2,169,0.0040346817,0.76662445,2,200
48,0.006961794,0.8496183,0,20,0.015538191,0.7294315,2,40,0.01842715,0.7716875,0,60,0.0,0.74392855,2,80,0.006143199,0.76685697,2,100,0.034219407,0.6326174,2,120,0.0,0.61587584,0,141,0.06334754,0.6644954,0,162,0.005897804,0.714032,0,200
49,0.00069030334,0.9645153,2,20,0.006207148,0.6762578,2,55
50,0.0,0.9146584,2,21
51,0.0028848138,0.9724312,2,25,0.018967541,0.95015293,2,47,0.027968844,0.88137865,3,67,0.013437879,0.8386978,2,87,0.0068684383,0.82190907,2,107,0.0043804636,0.8784207,2,127
52,0.0154763125,0.9731093,2,25
53,0.0,0.79347914,3,20,0.010357852,0.5667268,0,41,0.00095567777,0.7947372,2,68
54,0.006324901,1.0258505,2,28,0.0041866153,1.0407083,2,49,0.006311398,0.9988819,2,73,0.01673004,1.0141001,2,93,0.0017151921,1.034966,2,115,0.0026868302,1.0412138,2,135,0.007004489,1.0335934,2,155,0.0051719076,0.9949372,2,176,0.013020943,1.0460955,2,200
55,0.014700713,0.99420965,2,20,0.0040667346,1.0448909,2,40,0.008815787,1.0206746,2,61,0.0044190474,1.0102185,2,81,0.008394421,1.0013095,2,107,0.0072650043,1.0532547,2,129,0.0,1.0250787,2,156,0.011553388,1.0078508,2,200
