0,0.0016155236,1.024076,2,21
1,0.0065457863,1.009553,2,25
2,0.021453327,0.99303615,2,20,0.018889073,0.9273795,2,40,0.005056801,0.9022754,2,79
3,0.0,0.9675149,2,20,0.0,1.0107981,2,40,0.0070449533,1.0341672,2,61,0.004416686,1.0149803,2,81,0.0051987763,1.0240537,2,103,0.01509474,0.97268504,2,123,0.0,0.966846,2,143,0.008198564,0.96483934,2,163,0.00450797,0.97475576,2,200
4,0.005840616,1.0504621,2,40
5,0.027431786,0.92374116,2,40
6,0.0030293367,0.9191357,2,20,0.016322909,0.8749562,2,45
7,0.014754477,0.94777775,2,20
8,0.0041158865,0.9950025,2,24
9,0.0,0.9312421,0,20,0.0066146464,0.7539588,2,40,0.0,0.8904996,2,60,0.021927543,0.7782945,2,82
10,0.00046846102,0.9803027,2,20,0.010599762,0.91546994,2,49
11,0.008154426,1.0430518,2,30
12,0.041363616,0.7795259,0,20,0.046343025,0.7347484,2,43
13,0.020975245,0.89396805,2,24
14,0.0,0.854857,2,21,0.0037726169,0.8645238,2,42,0.012748873,0.9015295,2,64,0.010839796,0.80829084,2,84,0.029476505,0.85528105,2,104,0.057692785,0.75873256,0,124,0.0,0.76360273,2,145,0.031981796,0.62712085,0,165,0.0,0.8457672,2,200
15,0.01722965,1.0383595,2,26
16,0.016887812,0.9067067,2,20,0.01812477,0.9174153,0,41,0.011946289,0.85998523,0,67
17,0.019408401,0.97294915,2,20,0.024718467,0.88863325,2,40,0.002555028,0.96021235,2,60,0.011920373,0.9622509,2,100
18,0.052506827,0.55158585,2,21,0.12908228,0.65095466,2,46
19,0.022901746,0.8430756,2,29
20,0.08114903,0.7652532,2,20,0.023728482,0.63678914,2,44
21,0.002133826,0.9587823,2,59,0.009057015,0.9238323,2,87,0.013632743,0.9039744,2,123,0.009589277,0.9100013,2,146,0.04951936,0.85893506,2,170,0.0059839846,0.89180684,2,200
22,0.0,0.89507794,0,21,0.015736545,0.80280566,2,56
23,0.0053951386,0.86791754,2,71,0.0,0.58096635,2,97
24,0.0046100155,0.9846558,2,26,0.019473016,0.90710735,2,46,0.024405532,0.91210824,2,66,0.045725066,0.9017997,2,87,0.016286032,0.9004995,2,109,0.0,0.9292515,2,129,0.00018203491,0.9991311,2,149,0.0,0.9094938,2,169,0.04118251,0.89619917,2,200
25,0.012034626,0.7010353,2,28
26,0.001954774,0.944068,2,23
27,0.0119088795,1.0417463,2,22,0.008506083,1.0473663,2,44,0.008799898,1.0598422,2,70,0.0016003009,1.056805,2,103,0.0070254626,1.0359808,2,133,0.00022393657,1.0925585,2,164,0.0050164163,1.0339941,2,200
28,0.0,0.8558098,2,20,0.008347095,0.87989223,2,53
29,0.018183392,0.89322126,2,20,0.009845669,0.78605175,0,40,0.0028580294,0.6753803,2,60,0.0,0.6141695,2,80,0.026778277,0.7387624,2,100,0.0,0.6848256,2,120,0.039366085,0.63893664,2,157
30,0.028030256,0.8856855,2,21,0.05058973,0.7527729,2,41,0.044453133,0.72765493,2,61,0.13829626,0.78907305,0,81,0.026860667,0.78444666,2,103,0.0,0.7609181,2,123,0.10978757,0.7773828,2,148
31,0.008160833,0.95311123,2,31
32,0.0037081875,0.9901571,2,20,0.0,0.96086746,2,42,0.0005502789,0.9624994,2,65
33,0.002957961,1.0050209,2,20,0.0061979247,0.97523606,2,45,0.0013817942,0.9513875,2,66,0.01230238,0.9730914,2,93,0.004587431,0.99784416,2,115
34,0.07108773,0.70741206,2,32
35,0.016968219,1.0097388,2,22,0.011738727,0.9779705,2,44,0.018297425,0.9605511,2,66,0.012074968,0.92820877,2,94,0.006887781,0.9250844,2,120
36,0.00956258,1.0427114,2,20,0.008923955,1.0180246,2,40,0.0031074686,1.02691,2,79
37,0.025707407,0.7897506,2,21,0.036141846,0.6673653,2,41,0.048102904,0.48544505,2,68
38,0.0,0.9657591,2,20,0.031516537,0.9399234,2,50
39,0.01635556,0.9015833,2,23,0.015382626,0.8989988,2,53
40,0.03710041,1.1046617,2,28
41,0.041938208,0.96076554,2,20,0.016790515,0.97586876,2,41,0.0,0.8179295,2,63,0.008129265,0.8175172,2,89
42,0.063733146,0.7517233,0,28
43,0.022725029,0.85861826,2,21,0.012089138,0.85196334,0,41,0.04427552,0.8108883,2,61,0.022084188,0.5030534,0,81,0.0024575577,0.45639864,2,102,0.05536839,0.51513207,2,136
44,0.05719555,0.55182445,2,39
45,0.010304172,0.706493,2,35
46,0.017336601,0.83163404,2,24
47,0.0037566617,1.0340406,2,40,0.0,1.0798917,2,65,0.0022430879,1.0796242,2,106,0.0,1.0365223,2,144,0.0016824834,1.0214206,2,176,0.00045178962,1.0485191,2,200
48,4.1036135e-05,1.0524412,2,28
49,0.00037025227,1.0375811,2,35,0.00754223,1.0270811,2,55,0.0029783186,1.0408392,2,76,0.0077777947,1.0318826,2,99,0.008632861,1.0539964,2,119,0.00551037,1.040468,2,139,0.0003383997,1.0484045,2,160,0.010531612,1.0497029,2,200
50,0.09576845,0.70834434,2,23
51,0.025320206,0.8237827,2,29
