0,0.022361752,0.5020957,2,20,0.010313842,0.49119782,0,47
1,0.04351231,0.63185096,2,35
2,0.0,0.47623995,1,22
3,0.0033431712,0.9911293,2,21
4,0.0,1.0595719,2,20,0.0,1.0258033,2,50,0.0,0.9881522,2,70,0.0,1.0028253,2,95,0.0,0.9362384,2,116,0.0,0.92125845,2,136,0.0,0.96495473,0,157,0.005483077,0.99216956,2,177,0.0052572824,1.053169,2,200
5,0.010506684,0.7406628,2,20,0.009019199,0.77074313,2,46
6,0.022206798,0.7220708,2,20,0.024762025,0.6866192,0,48
7,0.0031786046,1.0080125,2,23,0.013567195,1.0273168,2,45
8,0.002128353,1.0492529,2,37
9,0.013141483,1.0139581,2,20,0.0012349571,1.0966341,2,41,0.00044510636,1.0091795,2,61,0.00094229897,1.0551028,2,81,0.0,1.05106,2,102
10,0.012335881,0.7845357,2,27
11,0.0044243396,0.98351216,2,22
12,0.013031946,1.0006517,2,21,0.0,1.0498288,2,41,0.015725369,1.008117,2,74,0.0012229404,1.041106,2,94,0.007815533,0.9508286,2,122,0.016960677,0.91741496,2,142,0.014849768,0.81978464,2,169,0.010189499,0.97665465,2,200
13,0.036848117,0.81220245,2,20,0.0017752068,0.78682363,2,40,0.026391769,0.64392704,2,60,0.0,0.72086036,0,80,0.0,0.5379698,0,101,0.035879053,0.4914015,2,123,0.011659593,0.6211616,2,150
14,0.011219208,1.0381805,2,25
15,0.0020741115,1.0355762,2,20,0.0149320485,1.0203302,2,40,0.005158132,1.0056688,2,62,0.0034088742,1.0330727,2,82,0.032494053,1.0497204,2,103,0.019660115,0.9864909,2,155
16,0.0049120113,0.9933784,2,22,0.0024775711,0.9229428,2,43,0.0,0.83211297,2,67
17,0.076233774,0.56420314,0,20,0.009815874,0.678724,1,40,0.0066766143,0.77859646,2,67
18,0.0072634174,0.6813591,2,20,0.00048212588,0.54518723,0,52
19,0.024665125,0.9226813,2,26
20,0.0,0.6019201,0,20,0.040478982,0.5445512,0,44
21,0.0004629266,1.0329597,2,24,0.004241696,0.9958249,2,65,0.01083468,1.0360113,2,88,0.0001740614,0.9931118,2,126,0.0,1.050812,2,146,0.00072370254,1.0823228,2,167,0.0021502683,1.0463368,2,200
22,0.010876437,1.0721688,2,23
23,0.0063924426,1.0249571,2,30
24,0.009614374,1.0028008,2,28
25,0.01956898,1.0172964,2,20,0.01957283,0.98768675,2,40,0.006146672,1.041341,2,63
26,0.00020034425,1.0110471,2,21,0.010843757,1.0397707,2,42
27,0.04756328,0.9603856,2,37
28,0.015142411,1.0004916,2,28
29,0.0076162843,1.0367324,2,20,0.002416938,1.0583593,2,40,0.0070949323,0.9686602,2,60,0.0,0.94291055,2,80,0.0,0.94446456,2,103,0.0,1.0136963,0,124,0.0,0.8347576,2,144,0.0,0.7978052,2,166,0.0,0.91498387,0,200
30,0.043759808,0.8404521,2,20,0.024301846,0.8175431,2,42,0.04368921,0.65185905,2,78
31,0.0063250405,0.85525125,2,28
32,0.0,0.5836311,1,24
33,0.0016544092,1.0370446,2,20
34,0.0,1.0655315,2,25,0.0,1.0524904,2,48,0.0,1.1034008,2,72,0.0,1.0840588,2,92,0.0,1.0991489,2,129,0.0022663912,1.0480373,2,154
35,0.011166239,0.6180512,0,40
36,0.008371547,0.82268625,2,26
37,0.008629845,1.0022864,2,20,0.006532741,1.0133386,2,47,0.0020857865,1.0158751,2,68,0.0055169477,1.0140152,2,91,0.011167791,1.013839,2,114,0.0028666512,1.0509946,2,134,0.007972097,1.0523815,2,154,0.0,1.0104382,2,174,0.0059567797,1.0420567,2,200
38,0.012657199,0.98969424,2,23,0.0034631253,0.9495786,2,43,0.025507005,0.9965046,2,67,0.0010459968,0.93949753,2,89,0.0019775338,0.9299512,2,109,0.00801512,0.9039093,2,130,0.0035617724,0.97364116,2,162
39,0.0012909338,1.0397354,2,29
40,0.0,0.9264514,2,24,0.0056024725,0.9926863,2,61
41,0.0,0.9600396,2,20,0.009791004,0.85574615,2,40
42,0.021492759,1.0051268,2,42
43,0.0,1.0249236,2,26
44,0.008029577,0.9290935,0,20,0.013540392,0.8773158,2,40,0.02715137,0.84522545,2,60,1.316668e-05,0.99813217,2,86,0.0019537131,0.99013054,2,107,0.0068959496,0.92391044,2,127,0.011982598,0.91558766,2,148,0.0015454745,0.92270154,2,172,0.017482674,0.8434415,2,200
45,0.002193841,1.0499372,2,29,0.0,1.0242436,2,49,0.0,1.0317171,2,70,0.0015355523,1.0351489,2,102,0.0032881275,1.0436175,2,123,0.0001279385,1.0242847,2,147,0.0014931785,1.0165063,2,173,0.005717482,1.0375712,2,200
46,0.0007134934,0.7757478,2,20,0.008871486,0.7785222,2,40,0.0,0.99627197,2,60,0.049677152,0.8076361,2,80,0.0,0.54330873,2,100,0.04636882,0.69449425,2,135
