0,0.054302607,0.7986841,2,36
1,0.0017388909,0.9653685,2,26,0.0062641255,0.96250033,2,47,0.005128807,0.9576504,2,69,0.0,0.9961878,2,89,0.016289955,1.0003803,2,112,0.009496389,1.0006064,2,132,0.0,1.0077876,2,152,0.0039285426,1.0008222,2,179,0.0,1.0370309,2,200
2,0.0025935695,0.914277,2,22,0.0,0.8411493,2,56
3,0.00132038,0.833772,2,20,0.0020981815,1.0733545,2,40,0.0,0.6067341,2,60,0.042458247,0.6618164,2,83,0.024636071,0.6986378,2,103,0.002031337,0.6750603,2,138
4,0.0039003305,0.94151103,2,36
5,0.001263601,0.977568,2,26
6,0.0,0.83271396,2,20
7,0.0024322579,0.989165,2,34
8,0.0,1.0466688,2,28,0.004504247,1.0755697,2,57,0.010333349,1.0434016,2,77,0.01655293,0.99574083,2,100,0.0013169699,1.0188824,2,128,0.0,0.98351467,2,148,0.011481754,0.96660215,2,168,0.009507766,0.96908385,2,200
9,0.0005614193,1.0064261,2,20,0.014224549,0.95761967,2,40,0.0,0.9410938,2,60,0.009290978,0.92124957,2,80,0.0025413728,0.8753095,2,101,0.012676413,0.88422644,2,121,0.00035646037,0.88584423,2,141,0.008020667,0.8602439,2,161,0.01449167,0.90874237,2,200
10,0.0055645136,0.70345324,2,35
11,0.00669697,0.9568733,2,31
12,0.02027042,0.9142272,2,20,0.0072724223,0.7536508,2,41,0.0037170474,0.57273704,0,62,0.120102294,0.41968265,2,83,0.018701667,0.6594412,2,103,0.03193875,0.7707722,2,125,0.019642895,0.7778056,2,160
13,0.0009152421,0.7002098,2,34
14,0.00023362768,0.92248243,2,21,0.0032816902,0.871764,2,41,0.018624967,0.83165044,2,61,0.009256746,0.8540591,2,82,0.007003568,0.8632841,0,102,0.0028736829,0.8622925,2,124,0.0,0.89528227,2,144,0.003440929,0.91283655,2,164,0.023765277,0.86421686,2,200
15,0.0054814834,0.89247304,2,20,0.0036949948,0.943041,2,40,0.002195906,0.9514925,2,62,0.0,1.0052664,2,82,0.0013917298,0.97547704,2,103,0.016918559,0.9662123,2,123,0.024026502,0.9112919,2,143,0.0,0.8382803,2,163,0.013657108,0.92456913,2,200
16,0.0,0.75755435,2,31
17,0.013665216,0.8138412,2,30
18,0.038891412,0.8836688,2,20,0.0,0.7624675,2,53
19,0.023197038,0.85209215,2,20,0.0,0.80634433,2,40,0.0050584367,0.9613806,2,60,0.0024584634,0.9571466,2,86
20,0.0044465475,0.95467633,2,24
21,0.03029619,0.7266891,2,29
22,0.0036403507,1.0180973,2,29,0.002918536,1.015067,2,53,0.0,1.074094,2,73,0.00033603125,1.0033396,2,100,0.005449023,1.062016,2,127,0.0,1.0523317,2,170,0.00414661,1.0403659,2,200
23,0.0,0.84143275,2,20,0.0024216662,0.62371075,1,48
24,0.0067007416,0.9542857,2,37
25,0.0016921803,0.8731748,2,29
26,0.0,1.0074393,2,20,0.009906573,1.027802,2,40,0.00021363227,1.014419,2,61,0.0,1.01346,2,84,0.008375638,1.0242997,2,108,0.00091322215,0.9954903,2,130,0.01794606,0.9727837,2,150,0.0,1.0244988,2,171,0.0014440174,1.0421857,2,200
27,0.0032087802,0.93787354,2,20,0.013426183,0.8946463,2,52
28,0.0134358425,0.88783795,2,27
29,0.019299792,0.97898936,2,26
30,0.0031417536,0.9906487,2,22
31,0.012437216,1.0293638,2,28
32,0.009570684,0.99356395,2,20,0.005818752,0.87977135,2,40,0.00038453768,0.9280798,2,61,0.0016606546,0.9017049,0,81,0.053576637,0.8186513,0,101,0.0,0.76226807,0,127
33,0.019926924,0.97976476,2,21
34,0.029722208,0.7013902,2,33
35,0.0026268538,1.027061,2,21,0.0,0.8725843,2,43
36,0.004090621,1.0345069,2,20,0.0047263755,0.9867046,2,42,0.0,0.7930958,2,63,0.03472666,0.69969714,2,103
37,0.0,1.0565205,2,32
38,0.0014149885,1.0658624,2,20,0.0,1.0842142,2,40,0.0,1.0839918,2,75
39,0.0050899535,1.0361577,2,28,0.009871345,1.055603,2,50,0.0030890643,1.0384225,2,70,0.0020154738,1.0355016,2,91,0.0010101392,1.0167892,2,112,0.0015037581,1.0171342,2,137,0.009403141,1.0258139,2,158,0.015855877,1.0160819,2,179,0.0002437556,1.0473893,2,200
40,0.014511099,0.9494945,2,20,0.018323144,0.91726065,2,40,0.0056572612,0.92310405,2,78
41,0.005736014,0.95084596,2,30
42,0.0066867773,0.9800389,2,27
43,0.0072113825,0.9946068,2,20,0.0017959536,0.9988045,2,46
44,0.00498347,0.8579014,2,20,0.031437326,0.8218693,0,42,0.015840665,0.77607334,2,62,0.0,0.77800715,0,82,0.050520003,0.5910197,2,102,0.045716174,0.70535433,2,122,0.00015959897,0.876691,2,142,0.0,0.7648357,2,162,0.022262804,0.86681557,2,200
45,0.0,0.77960664,0,20
46,0.027898367,0.86019963,0,20,0.039346337,0.63881886,2,40,0.0135210175,0.60795426,2,70
