0,0.016624752,0.42433032,2,30
1,0.005642091,0.867704,2,23
2,0.005675908,1.0096828,2,20,0.0042479797,1.0795734,2,53
3,0.0053379345,1.012668,2,20,0.02311435,0.9752041,2,41,0.009204943,0.98346484,2,61,0.0054020076,0.94072217,2,81,0.0072963485,0.981376,2,115,0.0024754894,1.0115402,2,135,0.0,1.0490565,2,159,0.014846818,0.95276016,2,200
4,0.002856201,1.0247948,2,32
5,0.019602407,0.97103447,2,35,0.031054417,0.9896961,2,71,0.043598823,1.0463794,3,91,0.06848255,0.94786566,2,115
6,0.0023276445,0.98659784,0,20,0.009624885,1.011495,2,44
7,0.04839066,0.7487465,2,34
8,0.004739934,0.9287822,2,27
9,0.016703475,0.918543,2,20,0.023644615,0.94804204,2,48
10,0.024349945,0.75101626,2,21,0.023790197,0.8041653,2,60
11,0.0,1.0055494,2,20,0.0,1.01431,2,41,0.0031408705,1.0145429,2,65,0.001069091,0.999974,2,94
12,0.0,1.0426992,2,40
13,0.0,0.9011306,2,27
14,0.0,0.9784128,2,21,0.016232902,0.8640817,2,45,0.02084978,0.81622005,2,70,0.0,0.8607287,2,96,0.01792359,0.8315667,2,116,0.01544928,0.8501314,2,136,0.0063422984,0.8854967,2,161,0.01579728,0.89619064,2,187
15,0.031596687,1.0491139,2,22
16,0.0,0.6245482,2,32
17,0.00069690106,0.6997503,2,33
18,0.0,0.9998649,2,25
19,0.024771957,0.9786489,2,34
20,0.025501817,0.97280216,2,20,0.0037836533,0.92265236,2,41,0.014973001,0.8966986,2,79
21,0.0010367713,0.9323807,2,20,0.0,0.90626687,3,40,0.008649463,0.9338784,2,60,0.016051808,0.9091876,2,80,0.00065511966,0.9083626,2,118
22,0.016215501,0.42034906,1,21,0.027804434,0.47459212,2,41,0.031521562,0.39355317,0,61,0.0,0.3018045,2,81,0.008733938,0.5693826,2,114
23,0.032229595,0.93534124,2,20,0.0,0.79688,2,41,0.0,0.6142918,0,61,0.06575689,0.5799086,0,82,0.0,0.45283294,2,102,0.0,0.548984,2,122,0.04203322,0.78508866,2,142,0.054072812,0.8165809,2,163
24,0.009902291,0.97517216,2,20,0.018690981,0.99806654,2,42
25,0.027011642,0.79735965,2,28
26,0.01174567,0.78163373,2,20,0.0049726865,0.58059067,2,40,0.0,0.65392596,2,60,0.00030828983,0.64642984,2,80,0.0,0.89287454,2,100,0.007983649,0.8555961,2,131
27,0.003634325,0.7989998,2,20,0.019810153,0.70687336,2,59
28,0.0765753,0.7693033,2,24
29,0.0047601284,1.0474539,2,20,0.001120147,1.0520687,2,50,0.0,0.9713992,2,76,0.0,0.9806654,2,98,0.0023415787,1.0405588,2,119,0.0,1.0118608,2,140,0.0,1.0124857,2,161,0.0029043804,1.0312153,2,200
30,0.0,1.056634,2,25,0.0015568672,1.0131061,2,46
31,0.010114584,0.5774248,0,20,0.0,0.6726986,2,40,0.00091581105,0.77756995,2,60
32,0.0015628929,1.0511968,2,23
33,0.006244633,0.9948877,2,23,0.006431577,0.870643,2,43,0.001090156,0.9652235,2,63,0.022485206,0.8060201,0,84,0.025220696,0.4802763,2,118
34,0.0,0.8464044,2,20,0.03148144,0.88738203,0,40,0.032788567,0.8446192,2,61,0.093396656,0.6621904,0,81,0.02359031,0.7807615,2,103,0.0,0.78721815,2,123,0.020240478,0.6894657,2,143,0.058944825,0.72146,2,166
35,0.010723044,0.9803979,2,21,0.019884575,0.91652584,2,41,0.0242234,0.9011288,2,74,0.011080147,0.988679,2,98,0.011763749,0.95297086,2,135
36,0.00815189,0.9989333,2,20,0.038003467,0.8368417,0,40,0.0,0.9327205,2,60,0.006881232,0.94486225,2,87,0.0012558366,0.88147455,2,108,0.011585123,0.955374,2,132,0.006560629,0.8263651,2,152,0.040426355,0.7908513,2,173,0.014932019,0.8380336,2,200
37,0.006990481,0.76268446,2,20,0.0,0.639454,2,40,0.0,0.65672505,2,60,0.037798937,0.48999253,0,80,0.038151965,0.8062392,2,106
38,0.0,0.8913048,2,24,0.03180644,0.83734185,0,45,0.0,0.81478155,2,80
39,0.0,1.0262835,2,31
40,0.008527189,1.0106659,2,26
41,0.011573545,1.0173144,2,27
42,9.402698e-05,0.7117404,2,20,0.015078893,0.7726273,2,40,0.0005646991,0.73489386,2,60,0.004806968,0.61634725,2,80
43,0.0019733761,0.9104552,2,20,0.0,0.95671886,2,42
44,0.0027249511,0.9467675,2,25
45,0.011457576,0.6989786,2,30
46,0.0014242649,0.9160975,2,30
