0,0.0027921426,0.9147614,2,28
1,0.011364785,1.0386239,2,22,0.0,1.0754613,2,67,0.0,1.0809388,2,90
2,0.0037067686,1.0322845,2,29,0.0,1.0446522,2,51,0.005942741,1.0629743,2,73,0.010304199,1.1103985,2,93,0.0005100697,1.1038235,2,115,0.0,1.0827745,2,142,0.00025998562,1.1190493,2,167,0.00038329564,1.0539913,2,200
3,0.010746386,1.0215296,2,22,0.001736647,1.0171314,2,47,0.004909797,1.0375277,2,67,0.004856026,0.9807167,2,88,0.0010419309,1.0366409,2,111,0.0058291852,1.0018579,2,131,0.008034618,1.0000936,2,154,0.0062639667,0.9855744,2,174,0.013379921,1.0103711,2,200
4,0.0047538844,0.94874245,2,22,0.0022808383,0.89377415,2,42,0.0,0.91662806,2,62,0.010740919,0.9127675,2,101
5,0.03790147,0.90057147,2,20,0.012949173,0.88896656,2,40,0.007945691,0.8927789,2,60,0.019144436,0.81609136,2,98
6,0.0490357,0.72821534,0,20
7,0.005753898,1.0326188,2,20,0.023075841,0.9574715,2,40,0.00016507592,0.9859404,2,64
8,0.008961266,1.0314082,2,22
9,0.017411755,0.9949813,0,24
10,0.01701311,0.9537447,2,38
11,0.0056286766,0.9944288,2,21,0.01289318,1.0275542,2,47,0.007000643,0.9482196,2,68,0.0030325055,0.9591526,2,91,0.010665463,0.92236644,2,111,0.01929725,0.95009494,2,132,0.005967178,0.9692274,2,153,0.010876648,0.9978043,2,173,0.011134004,1.018936,2,200
12,0.0019261026,0.9052246,2,22,0.02629751,0.96098834,2,42,0.0070206053,0.95381325,2,80
13,0.00016696272,0.95811117,2,21,0.009523207,0.91089976,2,61
14,0.023221575,0.79156905,2,30
15,0.0,0.9299474,2,23
16,0.024779072,0.8725873,2,20,0.008627402,0.844242,2,40,0.005508652,0.8027888,2,61,0.0,0.795421,1,84,0.076918796,0.59406614,2,109
17,0.004787343,0.9714829,2,20,0.0067722145,0.8967747,2,42,0.004871219,0.93824255,2,62,0.0070149577,0.9624437,2,82,0.02376052,0.93334854,2,102,0.016953474,0.8930365,2,122,0.0,0.9129784,2,143,0.029471451,0.87367666,2,163,0.0053530214,0.8238829,2,200
18,0.0051281922,0.8908012,3,30
19,0.0,1.0225853,2,29
20,0.006279883,0.98195505,2,20,0.002877225,0.975268,2,43
21,0.029055765,0.8350327,2,36
22,0.009732869,0.7673109,0,23
23,0.0009780533,0.8156495,0,20,0.0,0.5413973,0,40,0.078132994,0.34918305,0,60,0.1590628,0.44311935,2,82
24,0.003214018,1.0268751,2,22,0.0062195454,1.0142834,2,43,0.006840166,1.0232265,2,65,0.004880274,1.0500666,2,86,0.006257543,1.0035999,2,109,0.0039887973,0.99980783,2,132,0.001664093,1.0926156,2,153,0.0012306486,1.0327166,2,175,0.0012813571,1.0573914,2,200
25,0.010550803,0.8783417,2,20,0.0016186446,0.7649007,2,40,0.025226064,0.590779,0,71
26,0.010333275,0.9180662,2,20,0.026407033,0.8920215,2,40,0.009722556,0.88189954,2,60,0.019347398,0.88208467,2,87,0.01348341,0.89938354,2,107,0.035950042,0.9258897,2,127,0.007069797,0.8894432,2,151
27,0.011101627,0.9382082,2,38
28,0.0,0.9775585,2,20,0.07679126,0.6117541,2,56
29,0.006012539,0.79574364,2,21,0.0,0.68993306,2,41,0.0010849426,0.64147305,2,61,0.011125018,0.7419299,0,82,0.0,0.598521,0,104,0.011178181,0.5471946,0,124,0.012221752,0.64890116,0,144,0.0,0.5187789,0,164,0.07661542,0.5180638,2,200
30,0.00030967742,0.99292123,2,25,0.007853861,0.9075502,2,51,0.0046429085,0.94780016,2,83,0.0026105035,1.0103719,0,104,0.0053620664,1.0600324,0,125,0.0,1.0795577,2,145,0.0020236666,1.0737628,2,178,0.0060826386,1.0832869,2,200
31,0.0,0.89138806,2,27
32,0.007370851,0.95595723,2,20,0.005037518,0.987636,2,49
33,0.007988034,1.013763,2,26,0.028244277,1.0148156,2,46,0.0068874415,1.0245544,2,76
34,0.023855751,1.0084062,2,20,0.0076575996,0.97732204,2,59
35,0.023044815,0.97510326,2,21,0.03131829,0.93583477,2,41,0.011403524,0.90110034,0,61,0.0,0.8778037,2,81,0.0233457,0.9302929,2,101,0.011237293,0.91742426,2,123,0.015835982,0.8882389,2,143,0.010014753,0.96067905,2,163,0.0102809,0.9584585,2,200
36,0.004578766,1.0064735,2,20,0.014434517,0.9541751,2,43,0.024077859,0.9463286,2,69,0.008378216,0.9165353,2,92,0.0041605094,0.94221497,2,129,0.02112981,0.8896488,2,149,0.0011394119,1.011975,2,175,0.0075372527,1.0122234,2,200
37,0.006414436,0.93156415,2,20,0.004641887,0.86402714,2,40,0.0,0.9194664,2,61,0.035735596,0.89412653,2,81,0.03298491,0.8578281,2,103,0.008909559,0.86050445,2,123,0.04300458,0.8567897,2,143,0.030752735,0.7495133,2,164,0.027516566,0.8497927,2,200
38,0.009094791,1.0071346,2,20,0.0,1.1055104,2,62,0.0,1.0195907,2,92
39,0.014514704,0.91042376,2,20,0.01016438,0.8829089,2,46
40,0.0068721636,1.003628,2,20,0.0028636376,1.0680777,2,56
41,0.01401457,0.87151945,2,20,0.038808703,0.8466276,2,42,0.0,0.8482352,2,64,0.0,0.7694296,2,84,0.02118799,0.7907406,2,104,0.017190794,0.7773703,2,124,0.0,0.819266,2,147,0.010496037,0.5385808,2,167,0.0,0.6994305,2,200
42,0.009925471,1.0147789,2,25
43,0.010704048,0.9496877,2,24
44,0.0,0.85693455,2,20,0.04400485,0.6422625,2,40,0.029146925,0.7015815,0,61,0.04199955,0.66833603,2,81,0.036388103,0.6705313,0,101,0.0,0.8224422,2,121,0.020309646,0.52381074,1,141,0.0,0.52570915,1,161,0.0031309384,0.5925627,2,200
45,0.007936401,0.97191525,2,30,0.038823787,0.96559066,2,55,0.014218573,0.96237236,2,82,0.015897887,0.9733967,2,104,0.0057447623,0.9750245,2,138,0.02447059,0.9654,2,159,0.010860726,0.96107304,2,200
46,0.0032961206,1.0369921,2,34
47,0.0030336191,0.9730583,2,22,0.012287586,0.9225691,2,42,0.0,0.8570895,2,67
48,0.00342515,0.9783095,2,32
49,0.011510718,0.9499064,2,29
50,0.0,0.5805074,2,31
51,0.004591768,0.92812157,2,20,0.007935932,0.9910352,2,42,0.011348307,0.93779624,2,71,0.0062498427,0.99014986,2,91,0.010580836,0.9720985,2,111,0.012104802,0.9026907,2,142
52,0.025539862,0.90095145,2,23
53,0.0017518006,0.9742271,2,23,0.019023512,0.9428228,2,46
54,0.006925887,0.824385,2,27
