0,0.0065383776,0.97249776,2,22,0.0032297804,1.0223938,2,44
1,0.0,1.0660654,2,22
2,0.0,0.98954076,2,21,0.0016746059,1.0389454,2,41,0.009543822,1.0332617,2,66
3,0.009359479,1.0361371,2,20,0.0,1.0778587,2,60
4,0.012686348,0.967605,2,20,0.019646063,0.92374265,2,40,0.011770165,0.98702735,2,60,0.021357872,0.93766266,2,81,0.006983999,0.9642108,2,105,0.021588802,0.9587258,2,125
5,0.0048862807,0.93879765,2,20,0.0,0.9161384,2,42
6,0.010271227,0.8996972,2,20,0.015105288,0.8509057,2,41,0.0,0.93482625,2,61,0.0,0.84664017,2,82,0.0,0.88059264,2,102,0.0037420976,0.7981504,2,122,0.0059020487,0.77610147,2,145,0.009113928,0.84942055,2,165,0.01068987,0.85933995,2,200
7,0.0154776545,0.963232,2,31
8,0.006667511,0.97985905,2,20,0.038784776,0.95967966,2,43,0.00026570685,0.9873634,2,79
9,0.022782827,0.915901,2,22,0.000913471,0.90054286,2,43,0.0,0.6426386,0,63,0.0129566705,0.79702747,2,99
10,0.0029674512,0.945178,2,34
11,0.011772914,0.8636597,2,20,0.0030120015,0.8749154,2,41,0.012552993,0.85311544,2,61,0.0012552151,0.6534461,0,82,0.03179728,0.7429569,0,102,0.0073351576,0.72028047,0,122,0.03106701,0.67596143,0,142,0.011212051,0.75113094,2,162,0.040309783,0.8556061,2,200
12,0.0045741284,0.9095885,2,20,0.0,0.82171714,2,40,0.030670565,0.6338263,2,60,0.007959784,0.5789638,2,80,0.021789566,0.56065005,2,102,0.023679962,0.42394137,2,127
13,0.0051906067,0.9866829,2,26
14,0.017608682,0.92158747,2,20,0.01630423,0.93799436,2,42,0.016579557,0.9336609,2,64,0.00075085333,0.9156927,2,87,0.017609093,0.881944,2,107,0.010766851,0.9724353,2,127,0.018722022,0.8341772,0,147,0.00057506945,0.8624917,2,167,0.010838018,0.93394494,2,200
15,0.0019167423,0.983881,2,24,0.008745133,1.0166003,2,48,0.017639313,0.9474957,2,69,0.018466005,0.97935295,2,95
16,0.008754012,0.7418246,0,20,0.036112957,0.6966357,2,41,0.009857429,0.83853495,2,61,0.029117579,0.734682,2,81,0.005180294,0.7184234,0,101,0.0,0.7709356,2,123,0.0,0.65557706,2,143,0.012241491,0.7169338,0,163,0.013356852,0.6379049,2,200
17,0.00835416,0.9918576,2,23,0.0,1.0049986,2,44,0.008825911,0.9730579,2,64,0.0031066572,0.9170227,2,84,0.023206757,0.94820714,2,110,0.0027589316,1.0115492,2,135,0.010718743,0.9639143,2,155,0.016713887,0.9527359,2,175,0.0,1.0025898,2,200
18,0.008316385,0.9442212,2,20,0.020946383,0.93191427,2,42,0.005667568,0.94102114,2,62,0.025027975,0.8756424,2,82,0.0075864578,0.93951905,2,103,0.013067609,0.87000495,2,123,0.024773413,0.915414,2,143,0.011858468,0.93212247,2,164,0.018511364,0.94977653,2,200
19,0.0,0.8769585,2,20,0.0040210546,0.9859029,2,47
20,0.004412869,0.99717283,2,20,0.0012956526,1.0108458,2,57,0.0,0.9887243,2,93
21,0.000746631,1.0555274,2,32
22,0.0021371036,1.0300035,2,21,0.0048198854,1.0059478,2,43
23,0.02374328,0.48619127,0,20,0.010363873,0.39467973,0,40,0.0,0.33839473,2,60,0.04386417,0.36724645,2,80,0.0,0.26961088,0,101,0.017512457,0.37721488,2,121,0.046802625,0.34747818,1,141,0.0,0.43170872,0,161,0.059897583,0.33917376,0,200
24,0.03125192,0.91657925,2,20,0.053041562,0.8610426,2,45
25,0.0037586673,0.9422805,2,23,0.001719956,0.9277595,2,43,0.003339069,0.88158745,2,64,0.0125477025,0.855436,2,101,0.0,0.7194688,1,123,0.0,0.50054324,2,143,0.0043582553,0.6432715,2,173
26,0.038612053,0.67278916,2,30
27,0.029817011,1.0034707,2,20,0.002863259,1.0021923,2,42,0.0044937893,0.98070127,2,62,0.003813453,0.92932814,2,84,0.006289005,1.0002618,2,117
28,0.009904983,1.0364275,2,29
29,0.01174954,0.9014472,2,21
30,0.007132422,1.0645646,2,34,0.005037486,1.0484438,2,56,0.0025220024,1.0371608,2,82,0.009154328,0.99684477,2,115
31,0.0,1.0775572,2,30
32,0.0,0.91775477,2,20,0.022841388,0.80321646,2,41,0.003812569,0.9073451,2,67
33,0.015760075,1.0297186,2,20,0.0014907751,1.0521064,2,40,0.0021465747,1.0133655,2,66,0.0013062013,1.0411154,2,100,0.0025181684,1.0332907,2,126,0.0,1.0182961,2,148,0.0035816922,1.0668201,2,168,0.0016971315,1.0241592,2,200
34,0.0,1.034495,2,21
35,0.013100505,0.79329896,2,36
36,0.009036034,1.0053006,2,22,0.0042893635,0.94537866,2,42,0.008951367,0.91719574,2,63,0.024644794,0.90326524,2,85,0.016139245,0.889845,2,105,0.0013091661,0.9143256,2,141,0.0017401607,0.8130496,2,161,0.0011360857,0.8510768,2,184
37,0.0012094469,0.99370706,2,20
38,0.0009566882,0.9925454,2,34
39,0.0046753874,1.0595992,2,20,0.03089434,0.98205364,2,41
40,0.0028752743,1.0320163,2,23,0.0,1.0284501,2,45,0.0026310612,0.93823206,2,74
41,0.016123746,0.97359335,1,20,0.021836726,0.7893789,2,44
42,0.008478512,0.9289863,2,21,0.0034808766,0.9388007,2,41,0.014431616,0.78382134,2,61,0.013813503,0.9906909,2,81,0.0,0.94713295,2,101,0.022475742,0.8192799,2,123,0.028763153,0.7147109,2,156
43,0.0015247979,1.013593,2,20,0.011162059,1.0022366,2,40,0.014106914,0.98907506,2,60,0.018133737,1.0073426,2,80,0.0008289163,0.99570453,2,101,0.001692378,1.0442454,2,125,0.0030401323,1.0214376,2,145,0.0014441003,1.0364038,2,174
44,0.012860139,0.99680823,2,20,0.008204429,1.0039451,2,40,0.008325807,1.0036781,2,75,0.0028439665,1.0223626,2,104,0.0017163742,0.9310853,2,124,0.002022838,0.97023886,2,149,0.005170162,1.004524,2,171,0.0057535376,1.0032254,2,200
45,0.012388765,0.80515015,3,20,0.026559634,0.799657,2,50
46,0.032616433,0.7735683,2,21,0.0,0.86654943,2,44
47,0.0033799896,1.0282222,2,24
48,0.0,0.82604396,2,42,0.0058040246,0.9800286,2,74,0.0036228567,0.83606356,2,103
