0,0.0,0.98766965,2,21,0.0030179967,0.9133668,2,41,0.0064071626,0.7875016,2,61,0.011968754,0.85683304,2,85
1,0.0,0.9159023,2,20,0.037289675,0.8290336,2,55
2,0.013168739,0.9642183,2,21
3,0.0024827868,1.0272977,2,22
4,0.040203705,0.97401005,2,22,0.01478375,0.9557222,2,42
5,0.01796302,0.8109436,2,20,0.0,0.69802934,2,44
6,0.005976796,1.0312024,2,28
7,0.00034560967,1.0445641,2,23,0.0038321854,1.0973057,2,46,0.005024499,1.0096245,2,66
8,0.022388715,0.5344089,0,20,0.027910212,0.4211494,0,40,0.023924945,0.55738556,2,78
9,0.016085526,0.9861125,2,39
10,5.6504407e-05,0.9366332,2,21,0.021471525,0.89383566,2,43,0.010522807,0.9282378,2,63,0.005228546,0.89860827,2,84,0.0023948834,0.9933718,2,104,0.006043509,0.933922,2,124,0.011338374,0.89543325,2,144,0.019314876,0.87700856,0,164,0.0076148966,0.8652491,2,200
11,0.0013297704,0.88187027,2,22
12,0.0,0.9081395,2,21,0.006931491,0.7341062,0,60
13,0.0062976973,0.9953775,2,31
14,0.020301688,0.8692419,2,20,0.011565934,0.8378908,2,40,0.02575007,0.81869125,0,60,0.0053041046,0.823252,2,80,0.0,0.80668366,0,101,0.01401263,0.84583473,2,121,0.012015239,0.79153043,0,141,0.019207997,0.83964217,2,161,0.03708096,0.85738575,2,200
15,0.0090979915,0.95439965,2,33,0.009150359,0.7035871,2,69
16,0.00728823,0.63846594,2,21,0.0,0.6998383,2,47
17,0.0010673223,1.0178406,2,20,0.011900594,0.9909292,2,42,0.016508559,0.9697846,2,62,0.01314936,0.9737341,2,82,0.009009706,0.96556205,2,104,0.0,0.99262,2,124,0.0027724225,0.9123379,2,144,0.0,0.93656445,2,166,0.011818472,0.9555092,2,200
18,0.016640315,0.88457936,2,24
19,0.040787704,0.91248906,2,20,0.031123415,0.93406624,2,45
20,0.0040992633,1.0537779,2,20,0.0060324143,0.99539405,2,41,0.00925826,1.019419,2,61,0.0036762059,0.9871545,2,81,0.005721438,1.0393333,2,104,0.0017787378,1.0305164,2,130,0.00065864675,1.0242913,2,150,0.014727327,1.0235605,2,175,0.007877511,1.008659,2,200
21,0.0,0.9281225,2,20,0.0023553683,0.96579623,3,42,0.022678157,0.94252294,2,63,0.0,0.94011295,2,84,0.0115448665,0.94050026,2,104,0.0056230724,1.0022627,2,124,0.006305362,0.9320828,2,144,0.01576523,0.95303863,2,165,0.0039305603,0.93980503,2,200
22,0.010202544,0.90711784,2,20,0.006357423,0.83252794,0,40,0.0025030717,0.9110427,0,61,0.0048187184,0.80312437,2,82,0.0,0.92391825,2,102,0.031076198,0.82894003,2,122,0.0059868,0.87715006,2,142,0.017448062,0.833644,2,164,0.018046413,0.8473425,0,200
23,0.0053617186,1.0294697,2,20,0.0032629366,1.060296,2,49
24,0.010590716,0.95863754,2,20,0.01105069,0.8848522,2,42,0.021164102,0.82576126,2,63,0.0,0.8057176,2,83,0.001282919,0.8218126,2,103,0.007710056,0.905049,2,123,0.0,0.8966917,2,143,0.035232916,0.86398035,2,173
25,0.0,1.0319232,2,21,0.0,1.0414629,2,41,0.0,1.0537695,2,62,0.0,1.0413519,2,83,0.00033868587,1.0525044,2,113
26,0.0696053,1.0013055,2,22,0.011595474,1.0142423,2,46,0.0012754978,0.94329154,2,67,0.016154101,0.907386,2,87,0.0,0.7709992,0,107,0.0,0.7920475,2,129,0.0021367706,0.71457845,2,150,0.0031640148,0.8249946,2,177
27,0.0056474456,0.9494172,2,30,0.013735862,0.9326743,2,50,0.0,0.881039,2,70,0.00848039,0.8691614,2,94
28,0.010637874,0.8916544,2,20,0.0009503061,0.682537,2,40,0.0,0.7683612,2,60,0.056527715,0.69975746,0,80,0.0,0.81526697,2,100,0.0045769657,0.7756942,2,125
29,0.014201169,0.88610375,2,20,0.01069783,0.8666812,2,40,0.01166395,0.88474023,2,70
30,0.0035853188,1.0574589,2,24,0.0108446935,1.0201725,2,46,0.009872365,1.0427122,2,66,0.0115049165,1.0316503,2,86,0.0008806401,1.0243866,2,107,0.0,1.0382158,2,127,0.0037295753,1.021151,2,152,0.013410014,1.0300071,2,172,0.0042943135,1.0302749,2,200
31,0.0,0.980291,2,20,0.003540665,0.984334,2,42,0.0,1.0501419,2,62,0.0026582212,1.0164526,2,82,0.005093372,1.026717,2,102,0.012367596,1.0256052,2,125,0.012951279,1.0242815,2,146,0.0037291846,1.0101625,2,166,0.0014957031,1.0147687,2,200
32,0.0020549917,0.95473576,2,20,0.01701629,0.97901446,2,43
33,0.0007453339,0.6671594,0,20,0.0,0.7517514,0,41,0.0,0.72875005,2,63
34,0.0,1.0353658,2,27,0.0,1.0731847,2,50,0.0,0.9924603,2,87,0.0,0.94937116,0,108,0.0,0.89515764,0,130,0.0,0.84402484,0,154,0.0,0.8194806,0,190
35,0.0021790138,1.0345925,2,29
36,0.0067408974,1.0237956,2,43,0.024038423,1.0021973,2,63,0.003990582,0.89037824,2,88,0.0,0.85468936,2,122
37,0.01125292,0.9109393,2,21,0.0012888561,0.921827,2,42,0.005261478,0.9003237,0,62,0.0046796184,0.92920846,2,82,0.031035498,0.8910391,2,102,0.0022014517,0.92390335,2,122,0.0264061,0.92364657,2,143,0.028089436,0.79804415,0,166,0.025301918,0.95682895,2,200
38,0.03872592,1.005055,2,32
39,0.012828094,0.9681567,2,32
40,0.00023182548,0.9720485,2,36
41,0.0020364164,1.0262235,2,20,0.020375047,0.98690164,2,40,0.0008356804,1.03228,2,60,0.0010362447,1.0325665,2,80,0.0005951787,1.0218102,2,113,0.002861232,1.0426596,2,133,0.002261641,1.0272264,2,171,0.011422739,1.0253711,2,200
42,0.014122362,0.9746839,2,20,0.014895797,0.9642337,2,40,0.0,0.82687646,2,62,0.013888524,0.9267499,2,87,0.006127219,0.9191811,2,109,0.0060243933,0.8761906,2,136,0.025746305,0.89116126,2,156,0.04480051,0.8477083,2,177,0.032043897,0.9498601,2,200
43,0.00070374366,0.94622153,0,24
44,0.008843894,0.7902468,2,24
45,0.021074798,0.721205,0,22,0.07852782,0.5546159,0,45
46,0.008464612,0.73879635,2,20,0.0,0.6934776,0,45
47,0.005465557,1.0059612,2,20,0.003461057,0.96255136,2,43,0.0067565995,0.9305053,2,78
48,0.0,0.6169467,2,20,0.019404076,0.5483084,2,57
49,0.040251754,0.5902378,2,29
