0,0.02872705,0.97903234,2,20,0.014883529,0.8079569,2,58
1,0.016773896,0.741228,3,26
2,0.008306694,0.8489321,0,20,0.01469457,0.7397248,0,40,0.0075107226,0.8913978,2,60,0.002022773,0.7892579,2,81,0.026058787,0.8140968,2,101,0.0044326195,0.7842157,2,121,0.025438592,0.68491644,0,141,0.0,0.71566105,0,161,0.006919818,0.86416155,2,200
3,0.031498402,0.9213685,2,20,0.030223524,0.92439616,2,40,0.03814406,0.8272808,2,60,0.0026708331,0.8687351,2,81,0.0,0.87052464,2,103
4,0.0066054165,0.96416306,2,37
5,0.03311353,0.88025904,2,20,0.012404908,0.91538817,2,55
6,0.00951654,1.0384909,2,24,0.010950714,0.9580095,2,48,0.01564222,0.92203146,2,70,0.002025199,0.97834045,2,90,0.008623862,1.0221887,2,112,0.014349251,1.0370771,2,142,0.01899156,0.9926467,2,162,0.034098152,0.97338766,2,200
7,0.013595717,1.0015595,2,20,0.040226847,0.71461195,0,56
8,0.025468774,0.8182619,2,23,0.02238637,0.7945602,2,50
9,0.00072428654,0.96505195,2,21
10,0.005460759,0.88578844,2,21,0.010925109,0.9248392,2,41
11,0.046228286,0.8515749,0,20,0.0,0.93683547,2,40,0.016758675,0.86833066,0,60,0.0,0.8168578,0,80,0.0,0.7654568,0,101,0.06486515,0.7625991,2,122,0.03147414,0.7771114,0,158
12,0.010261671,0.9343597,2,25
13,0.013495791,0.9395608,2,51
14,0.0071330415,1.0118394,2,20,0.0042236517,1.0674405,2,46
15,0.012818858,1.0220119,2,20,0.0015938442,0.9999589,2,41
16,0.009737034,0.77386737,2,21,0.0,0.80968183,2,43,0.014225403,0.8502825,2,63,0.007291102,0.88916045,2,83,0.0004129527,0.9042034,2,106
17,0.021110138,0.9331069,2,20,0.0011036636,0.9100424,0,40
18,0.0,0.84950334,2,20,0.053344257,0.69298506,2,47
19,0.010339802,0.84010065,2,20,0.0,0.7245036,2,46
20,0.0019467387,0.9546708,2,20,0.0022194616,0.9151519,2,40,0.00034051848,0.92069787,2,68,0.029281344,0.9225097,2,88,0.00447424,0.8797951,2,108,0.027034884,0.85867226,2,128,0.0065925447,0.81623137,2,151,0.01593402,0.8938897,2,175,0.026942747,0.9613113,2,200
21,0.011168688,0.9622504,2,34
22,0.006614985,0.9291365,2,36
23,0.02991911,0.69526106,2,21,0.031207541,0.41764227,0,41,0.002912991,0.7368845,2,61,0.023572084,0.717036,2,81,0.0060429573,0.7481336,2,101,0.08913546,0.64731026,0,121,0.0,0.8676103,2,141,0.016497765,0.81028193,0,161,0.0065852143,0.7177447,0,200
24,0.0044281464,1.0586405,2,25
25,0.0027319568,1.036895,2,20,0.0033923252,1.0573248,2,41,0.010443408,1.0601918,2,71,0.007992341,1.0368769,2,104,0.0067451475,1.0410888,2,126
26,0.016176408,0.92314273,2,20,0.042143743,0.9038811,2,42
27,0.02187252,0.85746944,3,20,0.030311888,0.84880626,2,40,0.0,0.7911613,0,60,0.038440906,0.70552516,2,86
28,0.006251244,1.0274945,2,23
29,0.011448707,0.9138488,2,31
30,0.0059871157,0.8756186,2,22
31,0.015652677,0.96519786,2,21
32,0.05404825,0.63353544,0,20,0.028032083,0.611788,2,40,0.0,0.39848316,2,60,0.03333767,0.5450629,0,81,0.0,0.6305382,2,102,0.0,0.44135252,2,123,0.052803416,0.6533308,1,143,0.06916674,0.540544,2,177
33,0.043793075,0.95131123,2,20,0.011155092,0.91443616,2,40,0.0007565819,0.8216995,2,60,0.0,0.8688672,2,81
34,0.014425306,0.95434254,2,21,0.00591209,1.0108368,2,41
35,0.001228522,0.94333756,2,26
36,0.021371929,0.7819707,2,31
37,0.00043738948,0.9170975,2,22,0.024435095,0.8991602,2,51
38,0.035025094,0.9119193,2,20,0.002648936,0.93093777,2,55
39,0.01633143,0.8507834,2,23
40,0.015140556,0.98174524,2,20
41,0.010059847,1.0386509,2,21
42,0.0,1.0629911,2,21,0.0,1.0744258,2,45,0.0,1.0720863,0,65,0.0022298165,1.1206435,2,87,0.00038886233,1.0682579,2,116
43,0.0049470705,1.0060726,2,33
44,0.003989427,0.92332333,2,20,0.03767377,0.9378882,2,50
45,0.03011923,0.99878657,2,28
46,0.00517712,1.0485593,2,29,0.009428003,1.0148007,2,49,0.018823192,1.011427,2,69,0.010784793,1.0420091,2,100,0.0024434288,1.0587709,2,127,0.011684863,1.0368847,2,155,0.0046124533,1.0353746,2,200
47,0.0013124752,1.0331488,2,20,0.0,1.0353612,2,49,0.0030721126,1.0498722,2,77,6.9826936e-05,1.085705,2,97,0.0,1.0484508,2,119,0.0060948716,1.0352713,2,152,0.0,1.0095494,0,189
48,0.03516072,0.850739,0,21
49,0.025881628,0.8543935,0,20,0.0,0.82388043,2,42,0.0,0.8524963,0,64
50,0.01589914,0.94920653,2,20,0.002367829,0.9292294,2,41,0.0061033466,0.9188191,2,61,0.009387443,0.7918824,2,81,0.008863643,0.82066506,2,101,0.014156751,0.819492,2,122,0.007018172,0.74337924,2,153
51,0.01677412,0.91497827,2,26,0.00834181,0.8461156,2,58
52,0.006611002,0.99302495,2,21,0.03479286,0.9521651,2,41,0.0,0.8427074,2,62,0.039260674,0.571246,2,95
53,0.010694121,1.0857402,2,41
54,0.023040155,0.5754918,2,28
55,0.000857882,0.9669404,2,21,0.0052223117,0.88661915,3,50
56,0.0033833103,1.029304,2,47,0.0,1.0501084,2,76,0.00052905205,1.0007964,2,100,0.0,1.0843441,2,120,0.0,1.0497752,0,149,0.0,1.0850153,0,174,0.0005575571,1.0848302,2,200
57,0.00737656,0.9341871,2,20,0.040597536,0.75148344,2,41,0.005260853,0.76528275,2,64
58,0.04761324,0.8610324,2,36
59,0.022418737,0.8290664,2,20,0.0021080484,0.62326247,0,42,0.03926486,0.30695397,2,71
60,0.011023532,0.80239177,0,24
61,0.015241417,0.96755326,2,20,0.015334572,0.95283395,2,40,0.004468635,0.86789364,2,63,0.016677197,0.90959835,0,83,0.046283938,0.91672575,2,105,0.031734135,0.920033,2,125,0.011714593,0.87658405,2,147,0.03775292,0.9074429,2,167,0.00908425,0.9461813,2,200
62,0.009868932,1.027751,2,20,0.0068926034,0.98593515,2,43,0.013719519,1.0068518,2,63,0.019761767,0.9639573,2,83,0.011616482,1.039434,2,103,0.0,1.0312035,2,123,0.005271435,0.9097859,2,165
63,0.010826263,1.0120773,2,32
64,0.006511227,0.9998022,0,21,0.025478153,0.9787299,2,60
65,0.0052178605,0.54643726,2,20,0.0028407283,0.5190224,0,44
66,0.022950275,0.5482204,0,36
67,0.009758611,0.7674147,2,20,0.0,0.7453002,0,40,0.004960799,0.7887586,2,60,0.0,0.77037627,2,80,0.018717777,0.78269565,2,106
68,0.018671004,0.619356,0,25
