0,0.0,0.7412568,2,20,0.0033885804,0.5329726,1,46
1,0.051786415,0.8347088,0,28
2,0.00093832554,1.0187345,2,44,0.0014107426,1.0180686,2,64,0.0,1.0264215,2,98,0.00036388534,1.0973421,2,200
3,0.0,0.55710447,1,20,0.010728692,0.6420661,1,40,0.0,0.51135314,1,60,0.03384654,0.5071244,1,87
4,0.0075137387,1.0529432,2,21,0.00095980644,1.0383114,2,41,0.00032193965,1.0090677,2,67,0.0,0.9848083,2,89,6.135687e-05,0.9896405,2,114,0.0055624815,1.0414635,2,137,0.0145618245,1.0550053,2,157,0.020239877,0.97903013,2,180,0.0061099464,0.9791279,2,200
5,0.013051075,0.9881638,2,25
6,0.00062872155,0.8006896,0,36
7,0.005566038,0.930044,2,24
8,0.009420511,0.9816697,2,21,0.0099096885,1.0119663,2,44
9,0.02681666,0.9750775,2,20
10,0.0,0.65396893,2,20,0.008818298,0.7032966,2,53
11,0.026846655,0.7654194,2,34
12,0.08130988,0.7194845,2,23
13,0.00454764,1.0323555,2,32
14,0.01111321,0.60166466,3,20
15,0.018465895,0.88479406,2,20,0.0,0.7335604,2,52
16,0.014355757,0.7782376,0,21,0.023083985,0.86303025,2,41,0.014410454,0.7997324,2,63,0.0,0.86021835,2,83,0.005710142,0.8318844,0,103,0.005227887,0.88334334,2,123,0.0,0.8514286,2,143,0.034920152,0.84041965,0,163,0.0037108758,0.9059074,2,200
17,0.040647503,0.8499244,2,34
18,0.0018199474,0.9832552,2,20,0.0019650392,1.0119708,2,40,0.013956949,0.9079139,2,62,0.0,0.9397311,2,86
19,0.0,1.0239328,2,20,0.0011972171,1.0037475,2,45,0.0019356733,0.9879422,0,65,0.002348501,0.97198063,2,100
20,0.0,0.5438191,2,20,0.0,0.49557123,2,40,0.0,0.3962276,1,61,0.0,0.39107776,1,81,0.0,0.4268655,2,101,0.0133089,0.3019393,1,121,0.024125248,0.6650854,2,143
21,0.0017869213,0.9900004,2,31
22,0.009483859,0.9181229,2,28,0.01600012,0.89148945,2,56
23,0.0050944905,1.0576639,2,21,0.0095445905,1.0669881,2,42,0.0,1.0377008,2,62,0.00013032858,1.0308272,2,97,0.0007329697,1.0386928,2,134,0.007907148,1.06761,2,154,0.010857219,1.055793,2,174,0.0039186305,1.0219715,2,200
24,0.037615284,0.53899884,2,30
25,0.008919452,0.90893114,2,20,0.0098593,0.9163089,2,48
26,0.018520957,0.8374005,2,39
27,0.041349858,0.83132076,2,20,0.0,0.6564,2,40,0.015297232,0.5259789,1,68
28,0.03849201,0.96476555,2,38
29,0.0018543608,0.9919159,2,23,0.0070765167,0.9561926,2,43,0.0047580544,0.9458069,2,65,0.018941827,0.8383182,2,86,0.020157268,0.7982875,2,118
30,0.0064786165,1.044041,2,20
31,0.044758778,0.99320275,2,21,0.034182116,0.89518166,3,42,0.024824087,0.6781945,2,63,0.014855866,0.8354594,2,87,0.0063310284,0.8654642,2,113
32,0.012598376,0.75103444,2,20,0.0050014057,0.60662156,2,59
33,0.0,0.9965338,2,21,0.0,1.0156983,2,41,0.030310128,0.95311844,2,61,0.0,0.98209697,2,81,0.0071825506,0.93602717,2,103,0.01683829,0.9702427,2,125,0.004511484,0.91481715,2,145,0.0,0.85866976,0,165,0.012794481,0.8582051,2,200
34,0.059653543,0.47471792,2,22
35,0.003651211,0.91906255,2,24
36,0.0023261954,0.93944013,2,20,0.012072595,0.91189545,2,40,0.0031865705,0.928024,2,60,0.025660478,0.5700118,2,98
37,0.014029671,0.88368315,2,29
38,0.009369134,1.0361866,2,23,0.007147667,0.9760854,2,50
39,0.00013967269,1.0494486,2,20,0.03658255,1.0204327,2,42,0.0069998833,0.9812194,2,71
40,0.010416142,0.9386734,2,23,0.0066772224,0.9359473,2,43,0.040906817,0.9177095,2,63,0.0089049805,0.8851985,2,83,0.0051108245,0.8934384,2,106,0.019033084,0.88807786,2,126,0.015951602,0.89969087,2,155,0.00024284041,0.96557313,2,175,0.030557584,0.947237,2,200
41,0.009546763,0.9407118,2,23
42,0.09150101,0.581196,0,20,0.08629778,0.74715626,2,41,0.0005658913,0.7841196,2,75
43,0.016333627,0.8089816,2,30
44,0.035072565,0.7871106,0,20,0.037007965,0.68624777,2,57
45,0.0059903758,1.014103,2,22,0.0,1.0162169,2,43,0.0,1.0529058,2,63,0.009612399,1.012375,2,87
46,0.0064207967,1.0355675,2,29,0.003096926,1.0804669,2,49,0.0023253993,1.0339638,2,87
47,0.045544066,0.8698674,2,22,0.01948866,0.9043741,2,44,0.033698298,0.8078735,2,66,0.025275134,0.76820123,2,100
48,0.010123094,1.0233259,2,33
49,0.011779404,0.91728127,2,20,0.0009911542,0.7673811,2,59
50,0.017474303,0.79115814,2,21,0.031335842,0.9306782,2,44
51,0.009686993,1.0267692,2,21,0.0030920918,1.039883,2,41,0.0,1.0222245,2,63,0.00036959758,1.0411195,2,100,0.0027884184,0.9529853,2,120,0.0,1.017957,2,141,0.00067596085,1.0113885,2,162,0.0056869383,1.053194,2,200
52,0.037878815,0.7734322,2,30
53,0.018697342,1.0011318,2,20,0.0,1.0641922,2,44
54,0.01449401,0.9000333,2,27
55,0.014341705,0.9530586,2,20,0.007430156,0.7832605,2,41,0.0039232816,0.64420223,2,61,0.0,0.8680144,0,82,0.011940126,0.7015049,2,103,0.035130173,0.6978623,2,124,0.018230008,0.87966704,2,146
56,0.031173501,0.8999419,2,21
57,0.024314675,0.90060544,2,39
58,0.0037283837,1.0152774,2,27,0.02033927,0.9694377,2,50,0.018130291,1.0242795,2,71,0.0019592664,1.0193714,2,94,0.0,1.0061436,2,114,0.0045083584,0.97022647,2,151
59,0.004617576,1.031131,2,28
60,0.0072141993,1.0387083,2,25,0.0025451705,1.021511,2,52,0.0055667153,0.99922216,2,72,0.0,0.9993847,2,92,0.009065039,0.97462463,2,112,0.019894194,0.99513406,2,133,0.0,1.0424346,2,155,0.005533668,1.0231744,2,178,0.0,1.0054411,2,200
