0,0.0028757863,0.96814793,2,20,0.0039972593,0.9761207,2,41,0.01306383,0.97895545,2,61,0.023057895,0.86811817,0,81,0.005399139,0.9518722,2,101,0.0025135372,0.90445536,2,121,0.042613275,0.8685932,2,141,0.0110874325,0.92706233,2,161,0.009689785,0.91429836,2,200
1,0.004798083,1.0111477,2,20,0.0,1.02533,2,40,0.0051433034,1.0232313,2,61,0.0067482768,1.0312679,2,83,0.0025378712,1.0393364,2,103,0.008357968,1.0366685,2,124,0.0015201485,1.0563655,2,159,0.0068322932,1.0517299,3,180,0.0026122588,1.0537214,2,200
2,0.0,1.0284111,2,39
3,0.0011012572,1.0392687,2,29
4,0.005331185,1.0004003,2,31
5,0.008910783,0.9882139,2,22,0.007758446,0.989454,2,42,0.0005611807,1.0129097,2,62,0.0025101076,1.0358422,2,82,0.006693181,1.0278649,2,104,0.0,1.0229614,2,143
6,0.0,0.72982377,1,20,0.043554597,0.6115981,2,40,0.04824888,0.69819707,2,60,0.02437015,0.7122427,2,80,0.0,0.7016715,2,100,0.008045475,0.78641474,2,120,0.004549045,0.6935059,2,154
7,0.008033476,0.9887967,2,23
8,0.0067295744,0.9591176,2,21
9,0.0,0.775587,2,23
10,0.0018498582,1.0491705,2,22,0.0058909315,1.0733861,2,42,0.0011058048,1.071641,2,69
11,0.009788134,0.9811133,2,20,0.009721225,0.960643,3,40,0.002153137,0.9672825,2,60,0.0046217977,0.9875697,2,80,0.0125943115,0.93019766,2,109,0.0,0.8141161,2,129,0.0,0.91613984,2,151,0.010332763,0.90761626,2,183
12,0.009866215,0.99076414,2,21,0.03741969,0.9509499,2,43,0.003874567,0.9629618,2,63,0.016789896,0.9220149,2,90,0.0017304232,0.963532,3,110,0.001423267,0.97211397,2,184
13,0.0069485963,0.9126256,2,24
14,0.0099823335,0.97202903,2,20,0.013575583,0.8444022,2,59
15,0.019051325,0.90882856,2,21
16,0.0,0.7899647,0,20,0.030148748,0.71812475,0,49
17,0.0049278424,0.77147424,3,22
18,0.020431055,0.9469959,2,20,0.020381045,0.85206115,2,40,0.018517647,0.87685275,2,79
19,0.0007179216,1.0166457,2,21
20,0.006325218,1.0423831,2,35
21,0.016268557,0.98078454,2,33
22,0.0085053975,0.8843522,2,27
23,0.038947035,0.6132782,2,20,0.0,0.6864339,0,40,0.103485785,0.6580519,2,61,0.014350081,0.545447,2,81,0.08532881,0.41308072,2,106
24,0.019307679,0.8625752,2,37
25,0.026351789,0.9230157,2,21
26,0.0152193485,0.87909377,2,25
27,0.00830941,0.908206,2,20,0.016065612,1.002145,2,40,0.047424767,0.870233,2,68
28,0.0131390905,0.83831644,3,21,0.0060661337,0.65349287,0,49
29,0.00071632303,0.85108197,3,33
30,0.019166257,1.0177567,2,21,0.023097718,1.0204321,2,42,0.0066313082,1.0276765,2,62,0.011435651,1.0099196,2,82,0.0018813504,0.98420686,2,103,0.008446686,0.9776988,2,126,0.01833835,0.9871984,2,151
31,0.01048712,0.8687465,2,32
32,0.017003441,0.91683185,2,34
33,0.00833738,0.9753858,2,20,0.011875082,0.9742112,2,41,0.012696537,0.9869517,2,61,0.012541805,0.9697797,2,81,0.0116544245,0.94078207,2,102,0.0,0.9692211,2,123,0.0019963349,0.8985547,2,144,0.020090241,0.93382776,2,164,0.003665146,0.9922995,2,200
34,0.003496542,0.9950542,2,37
35,0.0019707666,0.9808299,2,20,0.017149586,0.9203522,2,51
36,0.017996613,0.73551464,3,20,0.0,0.80850357,2,46
37,0.012514862,0.81947124,0,20,0.06264674,0.8799389,0,43
38,0.009014412,0.92594916,2,32
39,0.01765705,0.97752863,2,33
40,0.010954514,1.0199411,2,20,0.0,1.0250846,2,50,0.014085859,1.0408007,2,72,0.0031781252,1.0523888,2,95,0.0050868434,1.0101818,2,124,0.0,1.0244311,2,155,0.005304396,1.0330584,2,177,0.005820216,1.0369264,2,200
41,0.019576196,0.6946982,0,20,0.065838516,0.5829128,0,40,0.087658666,0.41507837,0,77
42,0.012706767,0.704922,2,35
43,0.017972296,0.62553596,2,28
44,0.00362405,0.85715353,2,33
45,0.0054593836,0.8079185,3,30
46,0.012762224,0.856562,2,20,0.0,0.8295077,2,40,0.0,0.5547753,2,61,0.010880422,0.37398002,1,81,0.0113358125,0.62244296,2,101,0.0,0.52861375,1,121,0.015221014,0.37014905,1,143
47,0.0055240113,1.0402371,2,24,0.0,1.0470293,2,47,0.0032787728,1.0437785,2,67,0.00090421416,1.0661682,2,89,0.0013223955,1.0588708,2,109,0.0027679845,1.0330002,2,154,0.00028575424,1.0620872,2,175,0.004917251,1.0230126,2,200
