0,0.010267117,0.9190215,2,21,0.014708844,0.96885824,2,41,0.015545061,0.9474315,2,66,0.022495052,1.009235,2,87,0.0009622992,0.9273074,2,107,0.029374884,0.82159805,2,138
1,0.010711981,0.90439975,2,20,0.022547824,0.72980034,2,46
2,0.05126277,0.90947086,0,30
3,0.0054339343,0.87968844,2,20,0.0,0.8810746,2,58
4,0.0,0.8655479,2,31
5,0.006899394,0.868601,2,20,0.024883743,0.7538743,2,40
6,0.0068822363,0.98105586,2,21,0.0077803344,0.8626649,2,41,0.025251994,0.828862,2,61,0.03851307,0.75982344,2,81,0.031370528,0.8472527,2,101,0.02329596,0.8494483,2,121,0.0028757483,0.7660337,2,159
7,0.001038074,0.94698155,2,20,0.047507238,0.76636684,0,40,0.010690881,0.59248453,2,70
8,0.0,0.7497273,2,20,0.0,0.67011184,2,41,0.0,0.62088823,0,61,0.10475637,0.55711234,2,81,0.0,0.54375446,0,101,0.09532708,0.48199567,0,122,0.0,0.7572118,2,142,0.015638579,0.69098043,2,162,0.006563829,0.7467287,2,200
9,0.011194015,0.9087082,2,20,0.0,0.7304485,0,41,0.028536405,0.58636373,2,64,0.03636448,0.78186905,2,85,0.0,0.7995285,0,108,0.032755926,0.7286623,2,128,0.059067823,0.7819308,2,148,0.022821728,0.78486145,2,168,0.012263295,0.8159214,2,200
10,0.002315046,1.0291828,2,29,0.006773534,0.99319285,2,51,0.006673247,0.99305916,2,74,0.02252708,1.0097555,2,94,0.019258842,1.0052559,2,117,0.006571635,1.0211858,2,144,0.0083032455,1.0156195,2,165,0.00975496,1.0376502,2,186
11,0.023039717,0.71787655,2,20,0.0,0.65704376,1,41,0.034950495,0.46242452,2,70
12,0.001969145,1.006368,2,21,0.009502719,1.0158308,2,41,0.0082376255,0.97554785,2,69,0.0015404704,0.952758,2,89,0.020103995,0.9667119,2,110,0.0034632157,0.97893786,2,131,0.0,1.0159913,2,155,0.024380624,1.0010281,0,176,0.007825841,0.9849248,2,200
13,0.0,0.9006791,0,20,0.028432116,0.8246632,0,45
14,0.024152268,0.6718294,0,20,0.004666444,0.7888262,2,58
15,0.0041832244,0.8794934,2,20,0.032091815,0.7564069,0,41,0.015626425,0.8251861,2,65
16,0.0,0.91320497,2,20,0.059081685,0.7280154,2,40,0.012174411,0.7756206,2,60,0.027526323,0.7123203,0,80,0.0,0.68933266,0,100,0.0026415982,0.8761239,0,120,0.008779519,0.86585534,2,140,0.0,0.71034455,2,160,0.04229725,0.7988151,2,180,0.013718831,0.7241642,0,200
17,0.010519527,0.7453203,3,20,0.0,0.6617921,2,40,0.017337631,0.5204669,2,60,0.0,0.49854437,1,80
18,0.0117572015,0.9365789,2,20,0.01419652,0.9568882,2,40,0.0007104554,0.94831103,2,61,0.0007569674,0.9650291,2,81,0.0056861113,1.0215819,2,102,0.009284919,1.0224642,2,126,0.0109368805,0.94736147,2,146,0.017798968,0.9689613,2,168,0.013164032,0.89656407,2,200
19,0.015171378,1.0502435,2,24,0.001532264,1.0132271,2,44
20,0.006302987,1.0491655,2,20,0.0034086697,1.0706542,2,40
21,0.0017798472,1.0612142,2,20,0.0030726504,1.0175406,2,60
22,0.015576368,1.0375271,2,20,0.0,1.0348781,2,40,0.0047867405,1.0626706,2,61,0.00078579003,1.0748848,2,84,0.00657386,1.0410676,0,106,0.009733488,1.0381713,2,131
23,0.034858197,0.89263,2,23,0.016067123,0.85451186,2,43,0.042202923,0.54620993,0,63,0.02605696,0.52977496,2,101
24,0.017454877,0.9211894,2,21,0.017898332,0.8874397,2,42,0.055389524,0.86295795,2,62,0.004880614,0.8458219,2,92
25,0.078422986,0.7322855,2,26
26,0.06585269,0.93416536,2,34
27,0.014243248,0.9229174,2,24,0.036031514,0.8867046,2,48
28,0.002296413,0.91005325,2,20,0.0062805805,0.84293437,2,41,0.0028704223,0.7550961,2,61,0.002873479,0.76849854,2,82
29,0.0,0.743816,0,20
30,0.011332119,0.9553309,2,21,0.011595303,0.987779,2,43,0.0042574364,0.93636894,2,67,0.009980242,0.9318579,2,87,0.004117274,0.8979875,2,107,0.013963625,0.8794139,2,127,0.0021936472,0.9149653,2,147,0.0009961068,0.9796953,2,167,0.01880049,0.954727,2,200
31,0.013498284,0.80537486,2,24
32,0.0,0.764441,2,33
33,0.08076297,0.67610794,2,39
34,0.017169883,0.63211644,0,32
35,0.023198513,0.77334493,0,22,0.016429426,0.88465226,0,42,0.022348247,0.89920515,2,63,0.020557994,0.91697466,2,83,0.0,0.8329543,2,103,0.018903451,0.8127939,0,124,0.0018027425,0.7875143,2,144,0.00011455212,0.86106205,2,164,0.015080129,0.8157248,2,200
36,0.0051144576,0.7399761,2,38
37,0.014495986,0.9146137,2,21,0.008877923,0.78969043,2,41,0.0,0.70494616,2,64
38,0.007026853,0.948771,2,24
39,0.012505181,0.9736953,2,20,0.011280172,0.9016526,2,41,0.0,0.9270679,2,61,0.027078604,0.86623746,2,81,0.027905906,0.887191,2,101,0.031823903,0.83464205,2,121,0.0012638435,0.84392136,2,142,0.002793315,0.9567951,2,163,0.0053350735,0.913204,2,200
40,0.009026187,0.96905154,0,20,0.008559224,0.93527395,2,40,0.0,0.9085917,2,61,0.022183191,0.8244549,2,81,0.07870545,0.7247559,2,101,0.02458815,0.78862685,2,121,0.061448447,0.76202226,2,141,0.0066645206,0.8494461,2,164,0.02482101,0.8560235,2,200
41,0.0,0.7976469,0,20,0.006850182,0.86533576,2,40,0.01928467,0.77917165,0,67
42,0.049095467,0.8423672,2,30
43,0.015480948,0.97659254,2,39
44,0.0073641785,0.99957263,2,20,0.0026714215,0.9121754,0,45
45,0.003622271,1.0481201,2,25
46,0.01622683,0.98400205,2,22,0.0,0.92961353,2,48,0.001006318,0.9219966,0,69,0.008394733,1.0187023,2,89,0.02153056,0.97918814,2,109,0.008909649,0.9736899,2,138,0.0053626276,0.9333213,2,158,0.021082954,0.81022704,0,178,0.006303534,0.9368332,2,200
47,0.055594582,0.66865283,2,31
48,0.030959101,0.63140994,2,26
49,0.01656572,0.736439,2,27
50,0.013112671,0.9979765,2,22
51,0.0128089525,1.0569834,2,24,0.0009976109,1.038195,2,58,0.011358576,1.0421817,2,79,0.0,1.0306448,2,101,0.0,0.9779251,2,126
52,0.01625999,1.0492952,2,20
53,0.008135384,1.0223383,2,23
54,0.017108668,1.0038077,2,23,0.01591438,1.0049828,2,43,0.0017481524,1.0603498,2,92
55,0.0014336897,1.0383371,2,21,0.01307953,0.98538226,2,41,0.01018529,0.98704875,2,61,0.00449632,1.0446633,2,82,0.008071936,0.9670064,2,108,0.010341199,0.9752064,2,160,0.0065197805,1.0513625,2,188
56,0.013317516,0.92376524,2,45
57,0.021636885,0.7286136,2,26
58,0.07841961,0.7208784,0,20,0.07756318,0.70938313,2,41,0.044553567,0.6468057,2,65
59,0.009879834,0.88668406,2,22
