0,0.006736001,0.94629997,2,27
1,0.005217136,1.0080467,2,20
2,0.017390657,0.7217616,2,20,0.0,0.9343243,2,42,0.0,0.55211926,2,79
3,0.1462233,0.6114926,2,24
4,0.014286975,0.8724581,2,20,0.056350864,0.8149455,2,40,0.022760803,0.79291093,0,60,0.0053388895,0.9138757,0,81,0.0,0.8168222,0,102,0.0,0.8026163,2,122,0.0,0.5419716,0,142,0.095648885,0.30315858,0,166
5,0.0044070077,1.0013247,2,30,0.0,1.0099809,2,50,0.0052455566,0.9933051,2,70,0.0,0.9811023,2,90,0.004624221,1.0231148,2,124,0.0028704002,1.0253837,2,144,0.00633195,1.0370594,2,167,0.011309424,1.0256795,2,200
6,0.025282566,0.85998833,2,32
7,0.007224776,0.9948659,2,20
8,0.07466165,0.49814376,0,20,0.0,0.4536095,2,46
9,0.0040943287,1.0141302,2,20,0.005577188,0.92156154,2,41,0.0,0.8595201,0,62,0.037695207,0.61657685,2,82,0.046616144,0.71345854,2,103,0.0,0.9042939,2,123,0.02297517,0.9363811,2,148,0.0,0.8008623,2,168,0.009934457,0.82756335,2,189
10,0.01224646,0.7961681,2,22,0.0,0.6418317,2,42,0.046561934,0.25376785,0,62
11,0.059482682,0.8102967,2,33
12,0.03475243,0.5567168,0,32
13,0.029759774,0.7764387,0,37
14,0.0,0.7883183,2,20,0.0,0.91389227,2,40,0.0,0.79917395,2,60,0.0,0.7655886,0,80,0.008597151,1.0402329,2,100,0.0,0.8815708,2,120,0.0,0.9091813,2,140,0.0011465355,0.6866339,2,162,0.101400144,0.6110497,2,187
15,0.006717341,0.6262082,0,26
16,0.0,0.7801671,3,21,0.0358129,0.76757175,2,50
17,0.015193553,0.9682095,2,25,0.0036117209,0.8902683,2,60
18,0.0069148727,0.87460995,2,20,0.0,0.8148012,0,40,0.006571818,0.67231977,2,60,0.0029642568,0.7342856,2,80,0.030723082,0.5997868,2,102,0.007031741,0.6166183,0,122,0.0049890177,0.526563,0,142,0.0,0.7423865,2,162,0.052904338,0.6538889,0,200
19,0.056114297,0.6705348,0,20,0.0,0.31103688,0,54
20,0.032419104,1.0673103,3,20,0.07286406,0.6555753,2,45
21,0.0045753224,0.97099173,2,20,0.0069356724,0.9798695,3,40,0.011775846,0.93023646,2,61,0.010376559,0.98632205,2,81,0.00020087976,0.97504795,2,101,0.004100114,0.95472574,2,121,0.013204591,0.956355,2,141,0.014105925,0.94954664,2,161,0.015189608,0.9255386,2,200
22,0.0,0.5860535,0,20,0.0,0.5289504,2,48
23,0.013294481,0.74305385,2,29
24,0.010467562,0.7737149,2,33
25,0.03991214,0.7206034,2,31
26,0.014547441,0.96647656,3,37
27,0.0,0.45613733,2,21,0.0,0.43803895,2,43,0.048395287,0.4448426,1,76
28,0.00063872954,0.99389464,2,23,0.0104926815,1.0014735,2,46,0.020160327,0.91605216,2,67,0.0,0.97005194,2,87,0.0,0.9376354,2,109,0.0069027054,0.9297351,2,133,0.014766624,0.96277934,2,153,0.0035407648,0.92132825,3,173,0.0019311337,0.92726636,2,200
29,0.0061874464,0.97356856,3,20,0.019589005,0.85088027,2,40,0.022858728,0.92332184,2,61
30,0.0068721594,0.7499048,0,20,0.0,0.7862816,2,43
31,0.012581928,0.8327502,2,38
32,0.0067570447,0.9130127,2,38
33,0.0114628505,0.97342193,2,28,0.0,1.013247,0,50,0.0,0.9958087,3,70,0.0,0.83581674,2,93
34,0.07865532,0.6620177,2,20,0.065607704,0.6407763,0,40,0.0,0.5819606,0,62,0.013521413,0.5790161,1,82,0.0,0.4133017,2,102,0.05075102,0.5217528,2,122,0.0030359002,0.56573886,1,158
35,0.0,0.5991757,2,41
36,0.016187087,0.95634836,2,23
37,0.012733371,0.6985216,2,24
38,0.037588105,0.65415406,0,21,0.02069161,0.52556825,0,43,0.05711074,0.39945212,2,65
39,0.0071452158,0.53721476,2,37
40,0.010139325,0.82708484,2,28
41,0.034367286,0.9886298,2,21,0.017359333,0.9829454,2,42
42,0.02051929,0.6563479,2,36
43,0.0042145313,0.7602407,2,29
44,0.037604082,0.9315795,2,20,0.014062072,0.87384343,2,46
45,0.0008042817,0.92326266,2,33
46,0.020746756,0.8344947,2,20,0.0,0.9248538,2,40,0.0,0.73267925,0,60,0.011772292,0.656542,2,81,0.0,0.5956014,2,102,0.030500231,0.48618814,2,132
47,0.023015592,0.57384807,0,30
