0,0.008132042,1.0061618,2,33
1,0.0017342486,0.88120985,2,20,0.011630942,0.8320314,2,40,0.0,0.88588154,2,61,0.0,0.8936662,2,82,0.0054586655,0.8866511,2,103,0.02346741,0.9115219,2,123,0.002332271,0.7549543,2,146,0.056258917,0.7974735,2,166,0.003975693,0.8596644,2,200
2,0.0,0.7178329,0,20,0.004176627,0.8868682,2,40,0.015556106,0.9513103,2,60,0.034632713,0.85112834,2,82,0.0006764474,0.8879709,2,102,0.0064644637,0.875567,2,123,0.033407394,0.92452574,2,143,0.0044223913,0.97025573,2,164,0.0151677895,0.9081631,2,200
3,0.0023186759,1.0386136,2,31
4,0.025170414,0.9775679,2,34
5,0.0011135556,1.0640045,2,38,0.03382697,0.97666717,2,60,0.02298588,0.93705595,2,100,0.0,0.9064926,2,135
6,0.03543237,0.7886855,2,20,0.007657016,0.9085803,0,40,0.017795477,0.7121356,2,60,0.0,0.8318556,2,80,0.033671584,0.80002314,2,107
7,0.016554335,0.5816504,0,30
8,0.0,0.9378789,2,20,0.0,0.814186,2,41,0.018263258,0.5563075,2,68
9,0.049039595,0.877471,2,32
10,0.015147198,1.0462098,2,21,0.012135614,1.0114963,2,41,0.008739477,1.0207664,2,61,0.00900683,1.0023175,2,88,0.0010731785,1.0155772,2,109,0.012363446,1.0337883,2,132,0.003899249,1.0383993,2,152,0.014386838,1.0614799,2,172,0.008636481,1.062926,2,200
11,0.018529763,0.6665974,0,20,0.0,0.6180674,0,40,0.0,0.6871276,2,61,0.0,0.7612588,2,81,0.0382475,0.57336867,2,101,0.0,0.55248785,2,121,0.11879281,0.5776988,2,141,0.03179717,0.7179885,2,161,0.0137443375,0.62379116,2,200
12,0.0,0.65505004,0,30
13,0.03065769,0.8314357,2,23
14,0.05229307,0.8815485,2,20,0.0020369566,0.90846676,2,46
15,0.0,0.9629791,2,22
16,0.044045858,0.841057,2,33
17,0.028521251,0.9598645,2,20,0.0072909207,0.7235654,0,40,0.046967164,0.5591934,0,62,0.0,0.5441893,0,84,0.0,0.4111301,0,105,0.0010564656,0.3759188,2,125,0.017922666,0.43453687,2,166
18,0.014414072,1.0103301,3,20,0.007271065,0.99742204,0,40,0.0129675,1.0297868,2,60,0.0,1.0359935,2,83
19,0.028964944,0.9431153,2,22,0.028303301,0.9490612,2,53
20,0.0,0.9774037,2,23
21,0.061269153,0.6171554,2,24
22,0.025637668,0.8544444,2,20,0.074474715,0.84982765,2,40,0.03903111,0.67012966,2,60
23,0.0051390743,0.7414361,2,21
24,0.019738935,0.96686226,2,22,0.0072577684,0.760294,2,44,0.0021267126,0.536488,1,73
25,0.013079831,0.92480385,2,20,0.026954273,0.78568125,2,41,0.0086343,0.7608873,0,64,0.0914836,0.726086,0,84,0.0,0.37655112,0,110,0.0,0.43549606,2,149
26,0.007939775,0.8347923,0,20,0.05720477,0.8142279,2,40,0.023341201,0.7600954,2,77
27,0.0,1.0003221,0,20
28,0.023993883,0.9146005,3,21
29,0.0,0.8946938,2,29
30,0.06331548,0.8646307,2,20,0.008298094,0.69571626,2,52
31,0.007914632,0.8639369,2,20,0.0,0.82063276,2,40,0.0,0.7817285,0,60,0.024198135,0.8146976,2,80,0.014058342,0.88039684,2,100,0.0,0.8655443,2,120,0.0009357863,0.8742154,2,140,0.0026588284,0.9248533,2,160,0.008333233,0.86852056,2,180,0.007265727,0.9719653,2,200
32,0.0061260522,1.0430008,2,23
33,0.020468937,0.8529955,0,26
34,0.010273867,0.9008296,2,26
35,0.013840772,0.88989776,2,34
36,0.022507237,0.8869885,2,39
37,0.012847334,0.87767684,2,21,0.042449705,0.5573735,2,44
38,0.014923253,0.8264966,2,33
39,0.05215911,0.905228,2,20,0.010113739,0.8498993,2,40,0.00155802,0.9638693,2,60,0.01759461,0.7758578,2,80,0.085844174,0.73470986,2,120
40,0.0,1.0593622,2,21,0.006022101,1.0436674,2,42,0.016674457,1.0164188,2,76,0.06288358,0.9824208,2,101,0.043905042,0.97217476,2,124
41,0.007943088,1.0388458,2,20,0.0049977917,1.030645,2,45,0.0039657326,1.0444871,2,65,0.0051408545,1.0620211,2,89,0.0,1.046882,2,110,0.0027794638,1.0294521,2,132,0.0,1.038768,2,152,0.008501173,1.0593866,2,175,0.0,1.0572741,2,200
42,0.05159632,0.94342315,2,23
43,0.030106273,0.8643401,2,20,0.0,0.9692553,2,41,0.006780301,0.9673395,2,61,0.0033712245,0.8453895,2,81,0.007090072,0.97114944,2,104,0.0,0.8364006,2,124,0.00746973,0.8334979,2,144,0.0047970167,0.8714563,2,164,0.017398054,0.74731755,2,200
44,0.0,0.9519585,2,20,0.0023343018,0.6969056,2,54
45,0.017325664,0.9290864,0,20,0.01513351,0.83209383,2,40,0.0,0.8295474,0,60,0.0,0.7960304,2,82
46,0.02011922,0.98649806,2,20,0.0,0.76866233,0,40,0.008285009,0.57010996,2,60
47,0.018840317,0.8392056,2,20
48,0.0,0.5313555,2,20,0.00012847272,0.640597,2,46
49,0.07375772,0.8514687,0,20,0.016852662,0.5784745,0,54
50,0.036736775,0.7143528,2,24
