0,0.00105455,1.0317557,2,33,0.0018583614,1.0472676,2,54,2.6945741e-05,1.0775996,2,80,0.011360273,1.0199047,2,102,0.0,1.0114793,2,124,0.0014215512,0.9983815,2,145,0.007799463,1.0574561,2,165,0.00052990543,1.0489,2,200
1,0.020688256,0.8713194,2,20,0.005194512,0.8790701,0,40,0.02901952,0.78802335,2,60
2,0.016653188,0.91900766,0,22
3,0.0,1.0078781,2,21,0.0028915,1.0346063,2,42
4,0.0,1.011792,2,31,0.022295853,1.0195405,2,51,0.0,0.987844,2,71,0.0050385497,1.0766951,2,92,0.00068307226,1.0780272,2,114,0.0,1.1076722,2,136,0.025695095,0.9869672,2,156
5,0.0016920536,0.99137974,2,20,0.008043647,0.9334095,2,43
6,0.00013981033,0.9122221,2,20,0.033534043,0.72338355,2,40,0.030841194,0.7754747,2,62,0.017770639,0.87666607,2,82,0.0098266415,0.86846864,2,107
7,0.032091014,0.9697548,2,27
8,0.008438231,0.86506283,2,20
9,0.028705714,0.8673671,2,24
10,0.001267324,1.0022854,2,25
11,0.038638636,0.7500414,0,34
12,0.010059837,0.97157943,2,25
13,0.0,0.82247573,2,21,0.022423152,0.8265172,2,49
14,0.0050293435,0.98942536,2,38
15,0.0,0.7030594,0,24
16,0.0,0.8067361,2,20,0.04598411,0.7221228,2,40,0.020526111,0.87134665,2,60,0.014188358,0.8170484,2,81,0.024521701,0.8729042,2,101,0.011345376,0.9280079,2,125,0.0025043234,0.8449284,2,145,0.0,0.8752389,0,165,0.02847324,0.9014054,2,200
17,0.018869963,0.83619106,2,35
18,0.004255613,1.0341893,2,21,0.0,1.0123819,2,41,0.018085713,1.0391937,2,61,0.0001849015,1.0556282,2,82,0.002742832,1.0771291,2,102,0.0007089733,1.0701038,2,126,0.0,1.0480442,2,147,0.0013092513,1.0724462,2,167,0.01596841,1.0236254,2,200
19,0.010373809,1.0460286,2,26,0.0058758906,1.0361592,2,46,0.0010569469,1.0199775,2,66,0.0062591215,1.0337589,2,88,0.0,1.0275131,2,108,0.012917211,1.0057752,2,128,0.005879861,1.0449469,2,150,0.001120362,1.0460061,2,173,0.004465657,1.0339123,2,200
20,0.0049496903,1.0030363,2,20,0.0008944709,0.90087247,2,42,0.0,0.78027284,2,62,0.020097407,0.5020274,1,88
21,0.00028717337,0.9608001,2,32,0.022546029,0.96854866,2,52,0.017693387,0.9683821,2,91
22,0.0278038,0.85907865,2,27
23,0.0036797076,1.0023482,2,34
24,0.017938256,0.7782546,2,20,0.09804002,0.68708205,2,47
25,0.0021265396,1.0067482,2,20,0.0,1.0293698,2,42
26,0.023054663,0.9282724,2,28
27,0.014296705,0.82831556,0,20,0.004894911,0.64396393,2,40,0.018424803,0.7623624,2,60,0.025034746,0.56067806,2,81,0.038283814,0.5982666,0,119
28,0.037011426,0.8193354,2,21,0.031060511,0.5650412,0,41,0.0,0.5393716,2,80
29,0.005784064,0.97315496,2,26
30,0.0,1.0200052,2,26
31,0.0021388065,0.99621433,2,32
32,0.0074486868,0.629576,0,21,0.05097637,0.76742333,2,47
33,0.023107711,0.7543289,0,20,0.023126816,0.9325883,2,40,0.0,0.9007266,2,60,0.0037314452,0.8762262,2,82,0.018995736,0.7350109,2,102,0.009953667,0.709247,2,122,0.0,0.7908918,2,142,0.030744499,0.80500966,2,162,0.001459492,0.6877626,2,199
34,0.0,0.86673635,2,21,0.023688879,0.87876034,2,41,0.03612339,0.8594279,2,61,0.009356937,0.80816257,0,81,0.0,0.6500997,0,101,0.0,0.45669383,2,123,0.011957101,0.5203113,2,147
35,0.00042903598,1.0302917,2,30,0.014907904,1.0255885,2,50,0.0083532445,1.024927,2,74,0.004304358,1.0445676,2,100,0.0033467938,1.0328145,2,120,0.0063315863,1.0393592,2,146,0.0,1.0582445,2,167,0.008364817,1.0485523,2,200
36,0.015174385,0.9717673,2,36
37,0.0052566337,0.9387958,2,39
38,0.007268761,0.9449227,2,21,0.0,0.9268189,2,43,0.012018856,0.911358,2,63,0.033659093,0.9350387,2,89
39,0.010193932,0.9730299,2,21,0.009851905,0.9434135,2,42,0.013860357,0.93967456,2,62,0.014289835,0.90650976,0,87
40,0.017864665,0.94225657,2,21
41,0.033793498,0.760655,3,20,0.0062158774,0.7674611,2,44
42,0.022541469,0.96712,2,23,0.0012879367,1.002393,2,43,0.0073930286,0.88632697,2,67,0.015808217,0.891092,2,87,0.0021758648,0.9708774,2,108,0.019693416,0.94911355,2,128,0.0023002164,0.9615159,2,148,0.0,0.98285115,2,168,0.0020139818,0.95667905,2,200
43,0.01706668,0.9300566,2,20,0.006460272,0.7752689,2,40,0.0062213857,0.6389893,2,77
44,0.01870735,0.88993603,0,39
45,0.017725827,0.905659,2,36
46,0.004692116,1.0205071,2,20,0.00043540914,1.0632396,2,52,0.0190054,1.0146023,2,83
47,0.002515087,0.98311216,2,20,0.025842818,0.96344674,2,41,0.029982992,0.94017094,2,71,0.022418467,0.9774462,2,94,0.013517853,1.0009959,2,124,0.011075937,0.9561487,2,150,0.020979144,0.94631684,2,173,0.017961243,0.9765782,2,200
48,0.002332442,0.93437254,2,20,0.033465616,0.8259187,2,40,0.0066673094,0.81028557,2,60,0.0,0.8093179,0,80,0.04624799,0.9174229,2,100,0.0022296587,0.8676431,2,122,0.016028699,0.7729671,1,143,0.0,0.84900475,2,163,0.0327518,0.8255655,2,200
49,0.0,1.0196658,2,27,0.0070773624,0.88363874,2,66
50,0.014687477,0.92240036,2,20
