0,0.0029927588,0.9677832,2,22
1,0.0,0.76841956,3,20,0.031783465,0.5716036,2,40,0.0,0.62156737,1,68
2,0.0077101937,0.8569995,2,20,0.0,0.7510334,0,40,0.0011538592,0.5365179,2,60,0.030349499,0.7746908,2,97
3,0.020145547,0.842087,2,20,0.016501691,0.78824925,2,45
4,0.007312381,1.0122153,2,20,0.024003,0.96624064,2,41,0.018205356,0.9757059,2,63,0.00235509,1.0133517,2,83,0.011769685,1.0335292,2,105,0.0,1.0276457,2,125,0.004745994,1.010268,2,146,0.021508576,1.0129228,2,166,0.0056002587,1.010343,2,200
5,0.0,0.81071174,2,20,0.01629994,0.85263705,2,41,0.024594817,0.82695687,2,61,0.052934606,0.7612739,2,81,0.0106099965,0.6910811,2,101,0.02442778,0.756775,2,121,0.032636482,0.8288745,2,160
6,0.009098577,0.93724364,2,38
7,0.0066453977,0.93855095,2,24
8,0.02795412,0.9889388,2,20,0.019455394,1.0160283,0,40,0.017785866,0.9333812,2,75
9,0.04031346,0.82396924,2,33
10,0.010677133,0.98134595,2,20,0.005672716,0.94096065,2,41,0.020917615,0.8830434,2,62,0.0004358468,0.9037108,2,83,0.026333151,0.91298544,2,105,0.016230056,0.915541,2,125,0.019471828,0.867685,2,146,0.012578468,0.9042134,2,166,0.010991585,0.9392939,2,200
11,0.015139621,0.84353644,0,36
12,0.03820104,0.71451485,2,21,0.0058153593,0.81899214,3,41,0.041156955,0.85146207,0,61,0.0,0.6999815,0,92
13,0.006287745,0.99211806,2,20
14,0.0,0.8406968,2,20,0.0058658635,0.964855,2,40,0.0010854851,0.8125068,2,60,0.0,0.82747346,2,80,0.009970988,0.5448616,0,100,0.04542083,0.41116875,2,125
15,0.037473734,0.7700345,2,20,0.00020557047,0.6579241,2,46
16,0.029352676,0.9303984,2,21,0.022452747,0.5816172,0,41,0.0,0.33782172,0,76
17,0.04870525,0.81435937,2,27
18,0.009044945,0.822948,2,31
19,0.005889804,0.8875001,2,20,0.0028476194,0.78891206,2,42,0.011491709,0.9449308,2,74
20,0.01790109,0.88629204,2,26
21,0.032078438,0.8038392,0,20,0.029891992,0.9176695,2,58
22,0.0016061409,1.036742,2,20
23,0.0006784944,0.92689335,2,21,0.008597863,0.9413265,2,41,0.027165946,0.75231135,2,61,0.0,0.87097853,0,81,0.005283656,0.8995932,2,101,0.0074018403,0.8590272,2,121,0.006030031,0.76162213,2,141,0.012430109,0.834432,2,161,0.008423464,0.828327,2,200
24,0.015790472,0.73748815,2,21,0.0,0.71247923,3,42,0.045204714,0.5338229,2,78
25,0.0054521747,0.8867143,2,20,0.005589629,0.6494971,2,40,0.01224731,0.5358229,1,67
26,0.034775954,0.8710101,2,32
27,0.00022088054,1.0506024,2,21,0.0,1.0431503,2,41,0.0,1.0660677,2,63,0.0024026681,1.0434325,3,84,0.0,1.0664423,2,116,0.003676705,0.9840533,3,140,0.002706615,1.0576124,2,180,0.0051098797,1.0257361,2,200
28,0.08597435,0.63922995,2,27
29,0.08118786,0.7904315,2,20,0.029855635,0.80939424,0,43
30,0.028025404,0.9224021,2,20,0.036763754,0.95423037,2,44,0.06767421,0.88350934,2,80
31,0.0065312744,0.8723337,2,25
32,0.020433005,0.8247733,2,20,0.0,0.9223994,0,40,0.0185203,0.7760202,0,60,0.012125303,0.7763094,2,80,0.00028970698,0.6794888,2,100,0.0,0.65969485,2,120
33,0.008700599,0.64045095,2,20,0.03262227,0.80570227,2,43
34,0.017393462,1.036564,2,22,0.0051591597,0.9967348,2,44,0.00016271164,1.0121258,2,64,0.0010103408,0.9790699,2,86,0.0040649017,1.0055526,2,119,0.0,1.030983,2,139,0.0038098574,1.0073287,2,163,0.0121824145,1.024385,2,200
35,0.02412944,0.5253858,2,28
36,0.012585676,0.5996012,2,27
37,0.0,1.0090579,2,22,0.007567329,1.0129364,2,42,0.014324549,0.96845585,2,66,0.0,0.9783193,3,87,0.0019239107,0.94184405,2,108,0.0064031533,1.0108001,2,128,0.0054850457,1.0183183,2,153,0.0,1.0220213,2,173,0.01157471,1.0120811,2,200
38,0.0073260795,0.7505401,2,25
39,0.0005007465,1.0692316,2,22,0.003035146,1.0451707,2,44
40,0.0,1.0464343,2,21,0.0020224426,1.0213499,2,48,0.0043436997,1.0152627,2,69,0.02031974,1.0023097,2,89,0.004473239,1.0411372,2,109,0.0028016614,1.0435985,2,129,0.007725234,1.0107638,2,149,0.007793981,1.0424759,2,175,0.0060962574,1.0471917,2,200
41,0.0,1.0994376,2,24,0.0,1.0818394,2,48,0.00026208622,1.0628934,2,82,0.0,1.0389397,2,106
42,0.0,0.920339,2,20,0.0053027174,0.7983876,2,40,0.013236197,0.7988826,2,60,0.02670751,0.826872,2,81,0.034976866,0.8366667,0,103,0.01831389,0.77700746,2,123,0.0,0.6075318,0,143,0.023145065,0.75592935,2,163,0.023506133,0.71826833,2,200
43,0.014676133,1.0512809,2,23,0.04850323,0.99066854,2,45,0.02771561,0.99251854,2,76,0.0,1.0123363,3,96,0.0063690026,0.7647186,2,129
44,0.0005849652,0.84371173,2,20,0.08971551,0.6281722,0,51
45,0.014464821,0.8322999,3,20,0.0,0.50787765,0,41,0.025402645,0.50301903,0,61,0.035232805,0.568537,2,81,0.018872099,0.6998506,0,102
46,0.0047683814,1.0081892,2,21,0.0077790325,0.9546241,2,48
47,0.0,1.0522994,2,23
48,0.01371322,1.072302,2,20,0.0,1.0756446,2,40,0.0,1.055732,3,67,0.0,1.0597993,2,90,0.0,1.0926139,2,122,0.00083905226,1.031332,2,143,0.0,1.057939,2,165,0.007783017,1.0332979,2,200
49,0.0,0.8042892,2,22
50,0.0019291902,0.9503727,2,26
51,0.0007407611,1.0222472,2,22
52,0.0071291206,0.92711896,2,20
53,0.0075965915,0.9848257,2,35,0.016431822,0.89547586,2,63
54,0.022054078,0.9033921,2,33
55,0.0023260624,0.9963283,2,30,0.007045397,0.9515522,2,54,0.0170347,0.87476283,2,75
56,0.009901307,0.97786045,2,20,0.008281709,0.82673335,2,42,0.0056939716,0.8036329,2,75
