0,0.0011105903,0.95415497,2,20,0.011812048,0.94866645,0,40,0.0045912187,0.98355424,2,65,0.015530258,0.98029786,2,85,0.00948927,0.99385726,2,105,0.012050148,0.97881854,2,130,0.00074759795,1.0510123,2,153,0.0,0.98620445,3,173,0.003312709,1.0078036,2,200
1,0.0,0.9710496,2,28
2,0.017850617,0.91069186,2,39
3,9.351605e-05,0.9714773,2,22,0.0076565472,0.9033213,2,44,0.011190884,0.8847398,2,65,0.0148552405,0.7921337,2,85,0.07847952,0.603752,0,105,0.056337316,0.8405857,2,125,0.025544593,0.785829,2,146,0.034463417,0.75389946,2,167,0.01806875,0.82424414,2,200
4,0.005827827,1.025578,2,33
5,0.00781423,0.89267606,2,39
6,0.0010290185,0.9987358,2,21,0.004824948,1.0397022,2,43
7,0.0010373049,1.0476419,2,22,0.006423212,1.06209,2,51,0.0029783528,1.0711559,2,86
8,0.0,1.0392983,2,29,0.00012782724,1.0823196,2,77,0.0,1.1537781,2,98,0.00336547,1.0189217,2,125
9,0.0,0.92444193,2,20,4.8054568e-05,0.78033483,2,40,0.0,0.9029732,2,60,0.023250088,0.8644007,2,80,0.0218884,0.6736516,2,100,0.039881166,0.876336,2,120,0.0070038126,0.913595,2,140,0.010954763,0.910836,2,161,0.01878052,0.8992607,2,189
10,0.0061133397,0.87202597,2,55
11,0.015399629,0.93263596,2,20,0.023280839,0.70327795,2,51
12,0.01653532,1.0205669,2,20,0.0,1.0312811,2,42,0.0031128104,1.0206071,2,66,0.013008635,1.0110449,2,86,0.019518252,1.0235337,2,115,0.008901081,1.0385289,2,137,0.012571164,1.0443861,2,164,0.00691883,1.0272118,2,200
13,0.043400764,0.61620593,2,31
14,0.0,0.812364,2,20,0.013400301,0.77505517,0,40,0.0,0.6782223,0,60,0.012135585,0.8533224,2,80,0.024321057,0.85314864,2,109
15,0.003363236,0.9895934,2,21,0.0008085718,1.0277503,2,44,0.016336707,0.9677849,2,87
16,0.008626391,1.0247169,2,23
17,0.0061993534,1.0071608,2,26
18,0.0025274968,0.8269485,2,22,0.0024901521,0.656351,3,42,0.023542412,0.7809948,0,62,0.025171235,0.67587584,0,82,0.014769264,0.8281069,2,106
19,0.0132769,0.9990585,2,38,0.041775018,0.8089299,2,62
20,0.0012268208,1.0016391,2,25,0.006354926,0.99943244,2,51,0.011763604,0.986537,2,71,0.0073773703,0.96616954,2,91,0.022567704,0.9102778,2,112,0.00355187,0.9080749,2,134,0.0061193276,0.9218787,2,154,0.000735248,0.9764585,2,175,0.012539711,0.95260376,2,200
21,0.028548937,0.9763495,2,20,0.01833183,0.96508753,2,40,0.011009406,0.9635604,2,67,0.011691542,0.9504695,2,87,0.031410962,0.96967334,2,112,0.01236717,0.9590345,2,134,0.029882217,0.92959994,2,154,0.005802474,0.9613732,2,184
22,0.007820077,1.0208753,2,33
23,0.008599097,0.88281345,2,20,0.007930005,0.8155386,0,41,0.029169247,0.73067635,2,61,0.016649032,0.94579184,2,81,0.009512653,0.81728137,2,120
24,0.015032391,0.84169924,2,29
25,0.0024532848,0.95322686,2,25
26,0.05108392,0.50770557,2,30
27,0.005924249,0.96129924,2,26,0.006595255,0.89546615,2,46,0.025534175,0.92211753,2,67,0.01805882,0.8637762,2,106
28,0.0,0.98556644,2,20,0.0,0.91323334,2,47,0.031633798,0.579534,2,71,0.023533244,0.8229256,2,99
29,0.008451736,0.9656568,2,21,0.012966157,0.9609084,2,45
30,0.018790597,0.9079949,2,30
31,0.0074850945,0.99747586,2,21,0.018714173,0.88792956,2,43,0.01083056,0.7865347,2,63,0.017447542,0.5605146,2,86,0.020268667,0.75001776,2,108,0.0041782437,0.79894215,2,130,0.0019975351,0.98999035,3,150,0.0055990266,0.91146004,2,170,0.0,0.95900565,2,200
32,0.011648896,1.007969,2,22,0.008896305,0.9992766,2,51,0.045667365,0.9633053,2,71,0.03488224,0.9249681,2,91,0.027842209,0.96452063,2,111,0.0,0.77804655,0,132,0.011832276,0.7781192,2,153,0.0,0.8644099,2,173,0.0,0.74942106,2,200
33,0.016014531,0.8515855,0,37
34,0.0037648685,0.8630151,2,21
35,0.0,0.99861383,2,42
36,0.005843432,0.8511759,2,20,0.0,0.7210616,3,40,0.014353679,0.81354636,2,64
37,0.003228579,0.995341,2,21
38,0.010637858,1.0162042,2,30
39,0.013199836,1.0181111,2,20,0.0013089329,1.0365304,2,47
40,0.0,1.0255878,2,36
41,0.045525707,0.49615532,2,20,0.009272894,0.60756075,2,40,0.028531069,0.54822206,2,60,0.082541235,0.6261135,2,95
42,0.06775156,0.6278152,0,20,0.012916049,0.76718986,2,40,0.06279473,0.64445287,0,65
43,0.027677307,0.8711093,2,27
44,0.011536122,0.89553154,0,21,0.11133249,0.60980076,0,60
45,0.01252991,0.91345364,2,23
