0,0.019476771,0.7732665,2,20,0.0007405183,0.8636655,2,48
1,0.0009362784,0.8188274,2,33
2,0.004972323,1.0216892,2,20
3,0.019819297,0.47172973,2,38
4,0.005798154,1.03031,2,22,0.0,1.0229361,2,43
5,0.0,0.9364388,2,25,0.02444885,0.9033171,2,62
6,0.037904322,0.74926996,2,37
7,0.02390068,0.9159786,2,23
8,0.0042621437,0.95568067,2,21,0.005343255,0.7656645,0,43,0.0006938679,0.8846439,2,63,0.015110649,0.7590258,2,84,0.00032780427,0.8332589,2,108,0.0,0.766577,2,130
9,0.008048242,1.0406349,2,20,0.0014243893,1.0426384,2,50,0.006234624,1.0121408,2,71,0.0036144257,1.0451586,2,92,0.00015372522,1.0296462,2,112,0.0024923077,1.0407146,2,143,0.0075210207,1.089315,2,164,0.0039282837,1.0490626,2,200
10,0.0081246,0.9721855,2,21,0.011672094,0.835515,2,43,0.0,0.8063547,2,63,0.00191194,0.8524224,2,83,0.025053851,0.85639197,2,109
11,0.01456851,0.93898743,2,20,0.0012868631,0.8016778,2,40,0.013466005,0.8123439,2,60,0.0027369098,0.72961795,0,80,0.014809725,0.6570246,0,100,0.06892723,0.7989769,0,121,0.12536933,0.7155566,0,141,0.0,0.6016773,2,161,0.050019626,0.7118687,2,200
12,0.0082658185,0.99655426,2,25,0.0123659745,0.87284106,2,65
13,0.006327877,0.6805212,2,29
14,0.018143544,0.9895822,3,20,0.006765551,0.8257076,2,40,0.007260432,0.7109307,2,60,0.0,0.84091604,0,80,0.047090173,0.69637966,0,100,0.006403549,0.89225024,2,122,0.0,0.8915248,2,143,0.027881991,0.82727194,2,163,0.05465771,0.7698882,0,200
15,0.0173285,0.96896046,2,28
16,0.015311172,1.0039353,2,26
17,0.01616585,1.028107,2,20,0.008548851,1.0162089,2,61,0.006236438,1.0132301,2,87,0.00055135414,1.0434281,2,107,0.00477521,1.0178082,2,127,0.017478127,1.0007666,2,150,0.036608882,0.9849509,2,170,0.01124363,1.0057733,2,200
18,0.008279116,0.9615174,2,22
19,0.011603825,0.87936234,0,23
20,0.0026483587,0.8008375,2,37
21,0.0006367482,0.8741684,2,20,0.011358089,0.9341127,2,40,0.020815663,0.7813672,0,61,0.051755726,0.830022,2,81,0.0071216216,0.9376423,2,101,0.009226943,0.8069596,0,121,0.016771957,0.823243,2,141,0.01542447,0.79502404,2,161,0.005468673,0.9248164,2,200
22,0.0029646384,1.0423405,2,35
23,0.0030770889,1.0884602,2,25,0.0053312127,1.056167,2,45,0.0018509051,1.0505329,2,68
24,0.0,1.0322065,2,27,0.0,1.0369251,2,47,0.013492955,1.0399678,2,79
25,0.009131931,0.6543361,2,21
26,0.007702348,0.9193371,2,20,0.02090408,0.9062044,2,49
27,0.007229452,0.9466788,2,31
28,0.009804549,0.8921222,2,22,0.0036853105,0.98162615,2,42,0.0,0.9763242,2,62,0.0109319445,0.9100785,2,87,0.012197053,0.92400736,2,110,0.0055922335,0.8824052,2,137
29,0.001159777,0.6511302,2,22,0.015004088,0.6670071,2,42,0.03603531,0.695007,2,62,0.018717943,0.8009338,2,85
30,0.0,1.0458611,2,21,0.0012296061,1.092,2,87,0.0027279733,0.9918762,2,114,0.0060676667,0.97283024,2,136,0.014444768,1.0349189,3,156,0.024334203,1.0368403,2,200
31,0.04242161,0.62247854,2,38
32,0.0020555514,1.046222,2,20,0.0056754737,1.0361665,2,50
33,0.00026804494,0.9997921,2,34
34,0.004231522,0.96644324,2,41,0.0064622425,0.996881,2,64,0.005386806,0.96030825,2,87,0.0020022045,0.99992585,2,109
35,0.010168476,0.93104327,2,20,0.0,0.91647226,2,43,0.02446995,0.89289945,2,64,0.018083448,0.9492439,2,85,0.008870109,0.92266726,2,107,0.02332822,0.9015007,2,127,0.0021541982,0.9489018,2,147,0.0,0.9420688,2,172,0.015834015,0.91471666,2,200
36,0.01325038,0.9613352,2,22,0.002934004,1.0059212,2,43,0.01329724,0.8950733,2,63,0.009460649,0.99737173,2,93
37,0.032153923,0.84923905,3,20,0.0826208,0.8073524,2,40,0.0,0.82198286,2,60,0.057785388,0.535361,0,90
38,0.0,0.8539589,2,20,0.019944135,0.7013225,0,53
39,0.0,0.73705536,2,20,0.05195127,0.41592857,2,41
40,0.049829904,0.7994178,0,32
41,0.0,0.90414286,3,20,0.016898757,0.9498622,2,47
42,0.019918704,0.9399829,2,20,0.0024022846,0.9208363,2,43
43,0.07709435,0.7666819,0,20,0.054785848,0.6004256,2,40,0.06339706,0.69449854,2,78
44,0.057063337,0.998607,2,23,0.05966443,0.9909328,2,43
45,0.026704729,0.87850773,2,30
