0,0.020488327,1.034997,2,21,0.00034147184,1.0573764,2,54
1,0.0121497335,1.0242224,2,20,0.035933852,0.7908854,2,56
2,0.0,0.7628882,0,20,0.0,0.84567994,2,41,0.1333528,0.61114883,2,61,0.0,0.4215807,0,81,0.0058446503,0.6508829,0,101,0.028336331,0.5979059,2,136
3,0.006188068,1.0347991,2,22,0.009734189,0.85573465,2,42,0.0,0.97245073,2,62,0.0,0.6747989,2,96
4,0.007456297,1.0330763,2,21
5,0.0032490462,0.8637902,0,20,0.0,0.90777653,2,41
6,0.03989139,0.64878327,0,33
7,0.0069442797,0.8357593,2,34
8,0.020368863,0.76996416,3,20,0.010731321,0.6772349,2,47
9,0.0,0.71118146,0,20,0.0,0.6216675,0,40,0.034290344,0.5951705,2,61,0.014425067,0.6883258,0,81,0.035066754,0.6387665,2,102,0.037147008,0.6436909,2,122,0.0,0.8475337,2,145,0.015897932,0.75837046,0,165,0.0022338068,0.6865705,0,200
10,0.0,0.83072233,2,20,0.0,0.41772214,2,54
11,0.020590348,0.93956757,2,20,0.0036262616,0.8669543,2,40,0.03779749,0.76993436,2,60,0.018064331,0.9542344,0,80,0.027248345,0.86299044,2,101,0.0,0.8806365,2,121,0.0,0.8840574,2,141,0.0045357076,0.83001196,2,161
12,0.013696649,1.0499066,2,22,0.0037065723,1.0253824,2,43,0.00071931974,1.0371209,2,68,0.001413026,1.0438316,2,96,0.0,1.0041438,2,118,0.0,1.039967,2,149,0.0,1.0676491,2,169,0.010410629,1.0141879,2,200
13,0.0050183055,1.027924,2,22,0.00031041438,1.0002434,2,42,0.0,1.0167868,2,62,0.002881439,0.9673286,2,84,0.00085457315,0.9690821,2,107,0.011822232,0.99187016,2,129,0.0,1.01262,2,157,0.0017616391,0.98965234,2,177,0.012958934,1.0006826,2,200
14,0.02679406,0.97287613,2,27
15,0.00059029384,0.9506466,2,20,0.023954123,0.86694413,2,40,0.024145113,0.82532156,2,67
16,0.032442473,0.7795942,2,20,0.033732828,0.76024306,2,45
17,0.014201022,0.9477685,2,23,0.0,0.73810136,2,43,0.035094313,0.73595023,2,75
18,0.013212478,0.9124823,2,21,0.03573689,0.86429596,2,41,0.00072024897,0.82743007,2,61,0.0045462414,0.8683236,2,81,0.027615204,0.8960249,2,101,0.029253816,0.83741295,2,121,0.009770853,0.8511666,2,141,0.008339753,0.88226235,2,161,0.010470305,0.8319044,0,200
19,0.0048352727,1.0555577,2,24
20,0.0030121207,0.97956735,2,20,0.0073424336,0.81958795,2,42,0.0,0.82170033,2,69
21,0.06077345,0.6214307,2,37
22,0.019034827,0.9857518,2,21,0.015477808,0.9611775,2,41,0.012716257,0.87081635,2,64,4.8036286e-06,0.87677354,2,92
23,0.007154283,1.001083,2,20,0.0,0.93587714,2,40,0.00223316,0.77486575,0,65
24,0.022745091,1.0002408,2,32
25,0.0006570306,1.0680497,2,20,0.0,1.1268914,2,43,0.0,1.1188374,0,64,0.0,0.95949566,2,136,0.0,0.79636025,2,161,0.019077606,0.71084243,2,200
26,0.027937118,0.89370286,2,20,0.0,0.7938565,2,40,0.0,0.6736779,1,61,0.0,0.62331253,1,84
27,0.003871491,1.0555453,2,22
28,0.014113079,0.62479824,1,29
29,0.071717106,0.5276543,0,27
30,0.0069322167,1.0201015,2,21,0.015059627,0.87980676,2,48
31,0.018659016,0.9721108,2,30
32,0.002700556,1.0430382,2,39
33,0.0004605839,0.88183886,2,22
34,0.0,1.0020789,2,20,0.0117221605,0.7812882,2,40,0.02033084,0.8724523,2,74
35,0.013925555,0.9274567,2,20,0.0,0.92293024,2,41,0.006865623,0.9609279,2,74
36,0.027875304,0.6214387,0,24
37,0.0016982505,0.9898134,2,21,0.0034207355,0.6230527,2,60
38,0.0,0.8154906,0,20,0.0301323,0.8849069,2,40,0.0,0.7749821,0,69
39,0.0,1.0498656,2,22,0.0012248275,0.99023974,2,43,0.0006624042,1.0211475,0,63,0.0,1.0255957,2,83,0.0,1.0044285,2,108,0.0050065443,0.96192104,2,128,0.00094358413,1.0161505,2,154,0.0021802285,1.0571322,2,182
40,0.020008648,0.8836467,2,21,0.029273055,0.7451251,2,45
41,0.0011925237,1.0020065,2,20,0.0,1.0224096,2,41,0.0,1.026499,2,61,0.011039361,1.027388,2,89,0.006989062,1.0174326,2,112,0.004907296,1.0106515,2,132,0.00057352,1.0173732,2,153,0.0029687737,1.0274823,2,173,0.007987567,1.0355685,2,200
42,0.018268283,0.8261393,2,21,0.043828763,0.7099493,0,43
43,0.009967937,0.8969957,3,21
44,0.0019763086,1.0073735,2,33
45,0.0059453743,1.0133377,2,43,0.0,1.0313432,2,64,0.0037248791,1.0142839,2,91,0.0,1.0171857,2,113,0.006894816,1.0327585,2,140,0.0,1.0409459,2,160,0.0037413116,1.0518758,2,180,0.0,0.99832857,2,200
46,0.0,0.82044566,2,20,0.0045818747,0.7840199,2,40,0.009872887,0.6742632,0,60,0.021870691,0.7544303,0,81,0.0,0.8074767,0,101,0.0,0.7216887,2,121,0.0,0.7385915,0,142,0.060590338,0.7756861,0,162,0.010660066,0.7753199,0,200
47,0.0,0.9979955,2,21,0.0037288163,0.94534,2,45
48,0.0017700486,0.9697444,2,20,0.033896286,0.9682849,2,40,0.0,0.95142305,2,60,0.032444317,0.7637836,2,80,0.0,0.8310863,2,101,0.0,0.7068847,2,123
49,0.010075554,0.88689697,2,20,0.003133783,0.76554483,2,48
50,0.011001288,1.0403187,2,23,0.0030454285,1.0341902,2,61
51,0.0,1.0060121,2,20,0.005545652,1.0278281,2,40,0.014734155,0.997023,2,60,0.0045332485,1.0177631,2,101
52,0.0,0.95586175,2,20,0.01158626,0.9069537,2,52
53,0.008765342,0.99927855,2,34
54,0.005873904,1.0425564,2,22,0.005007309,1.0128516,2,45,0.0,1.0575454,2,65,0.0070286454,1.0405906,2,85,0.0050381306,1.0203497,2,108,0.009227882,0.9718337,2,128,0.0,0.9732649,2,148,0.0,0.9501752,0,171
55,0.014083284,0.918982,0,20,0.022910066,0.8736081,2,54
56,0.03035717,0.8897882,2,28
57,0.0048549785,0.8622943,2,20
58,0.004463024,0.87762994,0,26
59,0.009784069,0.79936385,2,23
60,0.001915345,1.0258354,2,20
61,0.003463829,1.0418078,2,20
