0,0.004123472,0.61049247,2,22
1,0.0027036918,1.0565443,3,23,0.0,1.048783,3,44,0.010423435,1.0196378,2,64,0.00564845,1.0231816,2,84,0.008915657,0.98363656,2,104,0.006053567,1.0205991,2,124,0.0014589059,1.0249755,2,153,0.0006873015,1.0308057,2,176,0.0055004475,1.0300825,2,200
2,0.0116147045,1.0128801,2,20,0.009390224,1.0367275,2,40,0.0013186927,1.029907,2,60,0.016551102,1.0117085,2,83,0.026754554,0.9921954,0,104,0.0030138951,0.99003345,2,124,0.028138341,0.98403186,2,148,0.009601915,0.9680406,2,169,0.008451386,1.0232501,2,200
3,0.0,0.93030345,2,21,0.004277673,0.8842238,3,41,0.0,0.8746482,2,61,0.0071633393,0.78322196,0,81,0.016258612,0.7076173,2,106
4,0.0,0.8671466,1,21,0.0,0.7704843,2,41
5,0.01618697,1.0239875,2,22
6,0.015600607,0.7837051,3,20,0.0,0.71824765,0,53
7,0.0019109434,0.904754,0,23
8,0.011420975,0.75276524,0,20,0.0,0.7235583,0,52
9,0.000108244516,0.8881568,0,21,0.006004943,0.92033476,2,50
10,0.01006937,0.89483595,2,21
11,0.08488558,0.49658623,2,20,0.05637517,0.7781116,2,40,0.0,0.55606675,0,60,0.0,0.43063936,0,80,0.0,0.66150206,0,100,0.0090148635,0.55193865,2,120,0.09323796,0.35148728,0,140,0.0,0.50841314,2,161,0.08355829,0.4858605,2,200
12,0.0015496386,0.87005186,2,20,0.017928185,0.8025635,2,40,0.016211199,0.87556183,2,76
13,0.006361574,0.93462265,2,20,0.00051878375,0.8556306,2,41,0.00039291772,0.8521633,2,61,0.0028825717,0.9169772,2,82,0.0,0.84370613,2,103,0.017998537,0.83500534,2,124,0.020629162,0.90673876,2,144,0.020130701,0.92083573,2,183
14,0.011438225,1.0371343,2,26
15,0.039260413,0.7127024,2,20,0.016048754,0.35500523,2,49
16,0.0138550745,0.7601212,2,20
17,0.0046225255,1.0013874,2,20
18,0.012088844,0.8625258,2,21,0.0,0.85863584,2,52
19,0.0048017553,1.01037,2,33
20,0.014728099,0.8068556,2,21,0.040357243,0.7759103,2,52
21,0.01903978,0.7401955,2,26
22,0.0055116503,1.001383,2,22
23,0.006131497,1.0588202,2,29,0.0010128983,1.0514033,2,58,0.00037800742,1.024609,2,115,0.017523851,0.9532849,2,139,0.0,0.8437101,2,159,0.0066119507,0.6798461,2,200
24,0.043043874,0.69449854,2,20,0.09967748,0.53629524,2,44
25,0.03891555,0.9162256,2,20,0.055996735,0.7726678,2,41,0.01554941,0.67252153,2,67
26,0.0032689294,1.0042759,2,21,0.0017894933,0.99545175,2,49
27,0.000121753605,1.0282909,2,31
28,0.0,0.54983747,0,20,0.015307325,0.5108315,1,40,0.012161488,0.67968804,2,61
29,0.0071918378,0.96142364,2,29
30,0.0,0.8576167,2,27
31,0.014699718,0.96661246,2,20,4.472355e-05,0.9045149,2,42,0.0045814347,0.9044124,2,65,0.0,0.9025179,2,85,0.0,0.85533506,2,105,0.0,0.73823,0,126,0.0047932398,0.63149256,0,152,0.06584743,0.6666595,2,176,0.0,0.6933345,2,200
32,0.0,1.0210987,2,20,0.0037136152,0.9791736,2,42,0.011995933,0.98170114,2,64,0.0001274094,1.0878311,2,84,0.0295672,0.98225886,2,107,0.006659971,1.021175,2,129,0.004091302,0.8602193,2,150,0.0,0.90655583,2,170,0.0,0.7750422,2,200
33,0.00037791673,1.0508668,2,20,0.00021257883,1.0418965,2,53
34,0.008650869,1.031073,2,31,0.00069834373,1.0451089,2,54,0.0,1.0091245,2,80,0.011767423,1.0503454,2,101,0.0,1.0164409,2,121
35,0.03282544,0.79853046,0,32
36,0.0073152543,0.9944335,2,20,0.0062374515,0.8800758,2,51
37,0.0022889017,0.90054786,2,20,0.035548437,0.812286,2,40,0.035281062,0.85372335,2,60,0.0,0.7700731,1,81
38,0.039602246,0.9744427,2,21
39,0.015353011,0.88219386,2,20,0.0104453685,0.8977194,2,40,0.039939314,0.73201007,2,60,0.035792504,0.833759,2,95
40,0.0033799424,0.99284905,2,21,0.0,1.0082495,2,41,0.0052191964,0.958035,2,65,0.030474246,0.9757487,2,89,0.009843918,0.9862298,2,110,0.013165969,1.0264671,2,134
41,0.0060269143,0.970985,2,31
42,0.005795956,1.025991,2,20,0.029765753,0.9776069,2,41,0.02878211,0.99382454,2,69,0.012883239,0.9304887,2,100,0.0013455322,0.8041686,2,130
43,0.062372494,0.8716852,2,29
44,0.0077697528,0.98405576,2,21,0.0,0.916271,2,46,0.0021994412,0.75271666,0,66,0.0,0.69523996,2,87,0.038950864,0.8272655,2,108,0.006294742,0.83630455,2,129,0.0,0.92946637,2,149,0.03388927,0.8276227,2,169,0.011697764,0.91445786,2,200
45,0.025872733,0.87703866,2,21,0.0,0.8221535,2,43,0.05388286,0.69690424,2,68
46,0.017268958,1.0444967,2,22
47,0.01719593,0.92523664,2,24,0.0,0.90006083,0,44,0.00085679814,0.78932846,0,64,0.0071923053,0.77934635,2,84,0.0041765757,0.8789406,2,107,0.0,0.80571395,2,128,0.030168276,0.7382307,0,148,0.0040776283,0.81972486,2,168,0.032895703,0.77488256,0,200
