0,0.0,0.98038954,2,22,0.0,0.98421943,2,42,0.017216021,0.8868717,2,62,0.0,0.86792135,2,82,0.0,0.949516,2,103,0.0040010978,0.9960013,2,126,0.0118424175,0.9044291,0,146,0.00555286,0.8871278,2,168,0.012783578,0.98675555,2,200
1,0.0,0.67246455,2,23,0.019519342,0.5937562,0,52
2,0.009932172,0.86135095,2,29
3,0.0015255692,0.71341836,2,37
4,0.014204048,1.0207138,2,27
5,0.00090127037,0.97452337,2,31,0.012906947,0.886807,2,52,0.007925403,0.7147248,2,91
6,0.0053784847,1.0427278,2,20,0.0067503434,1.0277919,2,44,0.01829584,1.0042869,2,71,0.00013574578,1.0359992,2,97,0.013185024,1.0378165,2,117,0.0,1.012417,2,141,0.0046680192,1.0091609,2,164,0.0053833285,1.0296504,2,200
7,0.0022590307,1.0377728,2,25,0.0,1.0322634,2,56,0.0,1.055249,3,76,0.0015407369,1.0427351,2,114,0.0014337032,1.0114448,2,135,0.0,1.03118,2,155,0.0,1.0395826,2,177,0.0013712669,1.0371361,2,200
8,0.0014196275,0.9216238,2,23
9,0.022071334,0.9071858,0,21,0.01976041,0.8627039,2,41,0.011782528,0.9012692,2,62,0.008628772,0.81301105,0,82,0.0046469024,0.7974244,2,102,0.012340384,0.8248194,2,122,0.019044055,0.9296894,2,143,0.004797886,0.88222325,2,163,0.009740153,0.87835026,2,200
10,0.0,0.7680723,2,20,0.013531108,0.82506925,2,57
11,0.019064464,0.91075814,2,27
12,0.017936833,0.80360574,2,30
13,0.008757279,0.741399,3,38
14,0.0031263644,0.97051364,2,21,0.021209342,0.9943753,2,54
15,0.00341208,0.98930216,2,21
16,0.0,1.0335394,2,20,0.0063755275,1.0548564,2,40,0.006279028,0.9972248,2,60,0.0032185218,1.0371383,2,80,0.007247414,0.97938,2,101,0.007887808,1.0427612,2,121,0.0087841,1.0413511,2,141,0.0006781133,1.0032836,2,161,0.0051965476,1.0108045,2,200
17,0.0126427505,0.97447693,2,20,0.020554047,0.8206407,2,40,0.020017203,0.7146869,0,60,0.004337442,0.7786592,0,80,0.00827097,0.7850251,2,100,0.0,0.72398525,2,120,0.027374705,0.7655479,2,140,0.0,0.77182686,2,160,0.039019443,0.8112934,2,182
18,0.0030782656,0.9593428,2,22,0.0,0.9224917,2,43
19,0.014304339,1.0176649,2,23,0.011543309,0.96894723,2,48
20,5.5845907e-05,1.0229423,2,23,0.0100424485,0.98805875,2,63
21,0.00016516307,1.0404701,2,24,0.0,1.0372014,2,65,0.0111643765,0.9718953,2,87,0.010672639,0.9509778,0,107,0.0,0.7854661,0,127,0.016623339,0.45384946,2,155
22,0.020292457,0.5972151,2,20,0.04211185,0.67963964,2,41
23,0.0037620522,0.5969838,0,20,0.0062389607,0.6932496,2,41,0.005660379,0.398278,0,64
24,0.01575898,0.9769772,2,21
25,0.019147892,0.82622087,2,20,0.02735894,0.59740084,2,53
26,0.027996112,0.8327878,2,20
27,0.01086954,0.87859356,2,28
28,0.014295677,0.72887146,2,23,0.011892496,0.6659912,2,49
29,0.029241506,0.7790226,2,21
30,0.0028898423,1.0470312,2,20,0.002722608,1.0189131,2,44,0.0033130082,1.0018051,2,64,0.01812828,1.0227513,2,87,0.0048534772,1.0314447,2,107,0.0,1.039928,2,127,0.011622855,1.0239497,2,149,0.0012230932,1.0380396,2,169,0.0016088585,1.0331124,2,200
31,0.018740607,0.967451,2,21,0.021260286,0.9780545,2,46,0.0122490125,1.0015674,2,66,0.0,0.9182207,2,86,0.04820361,0.99701214,2,106,0.025574487,1.0218909,2,126,0.016946606,0.97833055,2,152,0.020763306,1.0119399,2,176,0.033032607,1.014175,2,200
32,0.05529593,0.6826007,3,26
33,0.030556146,0.5844961,0,20,0.0,0.33473355,0,40,0.014753982,0.2460233,1,60,0.0,0.6351817,2,80,0.0,0.34589165,2,103,0.0,0.43925366,1,124,0.0,0.51216084,0,144,0.014454164,0.48867893,2,164,0.01717213,0.45402628,0,200
34,0.0,0.7768583,0,20,0.038951177,0.65606934,0,40,0.009190801,0.40255928,2,60,0.061963417,0.40391916,2,88
35,0.011540115,0.9883345,2,24,0.0007577316,0.99476147,2,44,0.0056670397,0.9467469,2,66,0.018539598,0.8686758,2,86,0.008535603,0.93158287,2,107
36,0.0,0.9994738,2,24,0.0,0.9570411,2,45,0.006352378,0.93729556,2,67,0.016300078,0.992993,2,92
37,0.0049780444,0.7723189,0,23
38,0.003286486,0.9220365,2,20,0.012899905,0.7266859,2,40,0.0,0.6203952,0,60,0.026074762,0.7589977,2,80,0.007949802,0.5840327,2,101,0.0,0.6247662,2,121,0.0,0.71054214,2,147
39,0.0009570861,0.77849627,0,20,0.0,0.5511467,0,40,0.045096822,0.4821384,0,60,0.08868388,0.51431763,0,80,0.032788407,0.7652043,0,100,0.0056032343,0.5434323,2,120,0.0,0.67995846,0,140,0.008976771,0.49922875,0,162,0.013715455,0.55007005,2,200
