0,0.014576863,0.96244067,2,20
1,0.01690263,0.9469422,0,20,0.034321956,0.8806191,2,42,0.006846227,0.8874066,2,76
2,0.0,0.7760669,0,21,0.021127699,0.7047525,2,43,0.023879744,0.8488224,0,63,0.027302645,0.7498614,0,84,0.044118144,0.73940384,0,107
3,0.0027567304,1.0275353,2,32,0.0,1.0360225,2,52,0.0,1.0502135,2,103,0.0,1.0166817,0,123,0.001342213,1.0693985,2,200
4,0.007792454,0.92263305,2,29
5,0.01471,0.8965547,2,25
6,0.025009641,0.7364201,2,39
7,0.0012825727,0.98265666,2,20,0.04127361,0.83300745,2,40,0.01901547,1.0062494,2,60,0.031169355,0.88619775,2,80,0.04666868,0.81517595,2,104,0.021206599,0.94512576,2,124,0.024700982,0.8359999,2,145
8,0.029047549,0.7680322,0,20,0.010214275,0.79930943,2,40,0.026946452,0.8526906,2,60,0.030775797,0.8507409,2,80,0.0025330253,0.88399446,2,100,0.03147084,0.9078479,2,134
9,0.022915397,0.9258493,2,20,0.01869579,0.88364494,2,41,0.0,0.90128344,2,65
10,0.0,0.9762632,2,20,0.04389848,0.8548723,2,52
11,0.011952999,0.75834113,2,20,0.019243004,0.6526655,0,40,0.0,0.667239,2,60,0.002512437,0.69875413,2,80,0.0,0.6834358,2,100
12,0.026130198,0.7462368,2,26
13,0.0,0.8804611,2,20,0.030010505,0.5159865,2,50
14,0.00023537512,0.89675426,2,39,0.020482276,0.86024135,2,67,0.019569669,1.0481855,2,95
15,0.015558779,1.000428,2,20,0.01823654,0.9665463,2,61
16,0.022465326,0.9290785,2,21,0.023412341,0.8620464,2,41,0.0016402988,0.89578074,2,62,0.032699257,0.9161183,2,83,0.0122569855,0.90025216,2,103,0.0,0.9059021,2,123,0.004595141,0.7835368,2,143,0.0,0.9105941,2,163,0.012666629,0.9209411,2,200
17,0.02309821,0.94830763,2,20,0.0,0.8667213,2,40,0.0,0.91405314,2,61,0.024178548,0.89234936,2,82,0.024831954,0.9243501,2,118
18,0.0,0.9843842,2,20,0.01906349,0.9454364,2,52
19,0.012734439,0.8774474,2,35
20,0.0033695723,1.0310507,2,31,0.0010879961,0.9988165,2,55,0.007568856,1.0351726,2,78,0.0012796528,0.99530566,2,98,0.003337951,0.99756587,2,120,0.011854065,0.98815984,2,140,0.004665574,1.0169344,2,170,0.0059300684,1.0212404,2,200
21,0.014745875,0.9579395,2,21,0.021385305,0.87695366,2,48
22,0.00716858,0.9026926,2,21,0.00312863,0.9182254,2,52
23,0.002462226,0.88699406,2,20,0.0,0.83314407,2,40,0.039868075,0.76648164,0,60,0.022560451,0.8396851,2,81,0.008922637,0.8499738,2,101,0.002606681,0.85487145,2,121,0.0,0.7732738,2,142,0.004825694,0.79636574,2,163,0.020030545,0.78448623,2,200
24,0.0,0.9370192,2,39
25,0.00060239085,0.91903245,2,20,0.008868101,0.9359806,2,40,0.008120528,0.9389523,2,60,0.024761302,0.75013846,2,80,0.0,0.90293527,2,103,0.025213307,0.9088853,2,124,0.020758327,0.9101391,0,144,0.012197558,0.8519753,2,164,0.010856963,0.8712552,2,200
26,0.008033688,0.9788982,2,20,0.062088948,0.947934,2,40,0.077288225,0.99439794,2,60,0.014455283,0.86121184,2,82,0.033214472,0.72826725,2,113
27,0.013912407,0.91432387,2,32
28,0.0,0.925066,2,22,0.02277037,0.7728967,2,44,0.006868112,0.8825634,2,64,0.017509276,0.81075686,2,86,0.004438001,0.83372,0,106,0.0,0.89505607,2,126,0.020302763,0.7327864,2,146,0.014815992,0.849284,2,166,0.01647372,0.856437,2,200
29,0.008392538,0.9824039,2,20,0.009101651,0.94280314,2,42,0.03910929,0.9189508,2,64,0.0,1.0519884,3,84,0.028671276,0.93039834,2,107
30,0.018418724,0.9345131,2,40
31,0.002372603,0.9880282,2,36
32,0.0008770465,1.0222832,2,40
33,0.008657069,1.043793,2,25,0.0042574448,1.0329823,2,50,0.0014359215,1.0328391,2,83,0.0029101062,1.0611225,2,119,0.0,1.0581357,2,139,0.0031161234,1.0387151,2,162,0.0042723166,1.063953,2,200
34,0.008281909,1.0170175,2,28
35,0.012999468,1.0271993,2,38
36,0.021032665,0.83492917,2,21,0.015246127,0.8067461,2,57
37,3.4836867e-05,0.8318593,2,20,0.028297214,0.7522372,2,54
38,0.0076164133,0.9498606,2,20,0.0,1.024226,2,40,0.012257261,0.8750744,2,60,0.0,0.8324837,2,91
39,0.061818555,0.97516304,2,36
40,0.0001921937,0.8718853,2,20,0.06868196,0.5921375,2,49
41,0.009969466,0.92894447,2,37
42,0.00027157704,0.93785167,2,22,0.012555826,0.94292355,2,48
43,0.0027625181,1.0329006,2,20,0.0060905586,1.0129398,2,43,0.0034582221,1.0326177,2,65,0.0,1.0597723,2,85,0.0054101697,1.0323008,2,105,0.0040680515,1.0627631,2,125,0.008552555,1.060685,2,147,0.0,1.0304862,2,173,0.005230441,1.02781,2,200
44,0.0054694945,0.8772578,0,20,0.014043555,0.7087322,0,40,0.00301319,0.7711734,0,60,0.006312523,0.7770264,2,87
45,0.025189286,1.0105796,2,21
46,0.011403978,1.0093086,2,20,0.0,0.9404151,2,50
47,0.014850684,1.0350019,2,31,0.0,1.0605137,2,51,0.017474666,1.0549814,2,72,0.0032257035,1.0382274,2,95,0.008758752,1.0741011,2,115,0.0086519895,1.0284297,2,135,0.009204187,1.049218,2,157,0.011202941,1.0147169,2,177,0.0024526815,1.0563191,2,200
48,0.023742173,0.923821,2,38
