0,0.056114864,0.6694113,2,40
1,0.014343793,1.002455,3,20,0.0060335277,0.9721899,2,40,0.0177774,0.8264144,2,61,0.009981974,0.8635676,2,83
2,0.0028864164,1.0175991,2,24
3,0.010590351,0.95654625,2,22,0.01715259,0.9444096,2,60
4,0.0076933233,0.94766414,2,20,0.0,0.8133478,2,44
5,0.004732836,0.7281767,2,20,0.0,0.7118655,2,40,0.0,0.57044417,0,60,0.0,0.5998844,0,80,0.06587099,0.46035084,0,100,0.06018545,0.50503165,0,120,0.0002416606,0.47311682,0,140,0.0,0.41941333,2,161,0.011112871,0.4410643,2,200
6,0.047712088,0.8078394,2,20,0.03921249,0.725011,2,49
7,0.016306613,0.8884507,2,26
8,0.009837913,0.62587535,2,21
9,0.010222578,0.9970683,2,20,0.006081886,1.0205911,2,44,0.011109074,0.9734333,2,64,0.004950437,0.9760136,2,93
10,0.04272276,0.7443429,0,39
11,0.0027913968,0.91571724,2,20,0.044957913,0.7601386,2,40,0.029597387,0.51739854,2,63
12,0.007903604,1.0042611,2,28,0.023364257,0.9602445,2,49,0.0042215334,0.84380853,0,69,0.045424454,0.95474875,2,89,0.010565445,0.90963584,2,115,0.0,0.91205215,2,135,0.027567813,0.8859231,2,155,0.012052317,0.92967093,2,175,0.010162975,0.955665,2,200
13,0.006283267,0.9864212,2,22,0.008651968,0.9163237,2,44,0.011648254,0.9861869,2,67,0.003550728,0.93419236,2,88,0.0,0.9464916,2,109,0.0065358537,0.91019934,2,133,0.0,0.9726614,2,153,0.016698642,0.88660085,2,174,0.026400365,0.9240555,2,200
14,0.0031361138,1.0167283,2,20,0.0025010621,0.88704103,2,45
15,0.0083476445,0.9150831,2,20,0.005242874,0.9302883,2,40
16,0.0,0.9831669,2,20,0.0045384928,0.8485533,2,40,0.012192199,0.89058316,2,72
17,0.004158182,0.95837134,2,24
18,0.0050821463,0.96798193,2,20,0.0,0.9043585,2,40,0.0075890087,0.92893046,2,60,0.024783192,0.9301904,2,80,0.008810379,0.915398,2,105
19,0.012688184,0.9784461,2,20,0.024311041,0.8300454,0,40,0.016885864,0.8375966,2,60,0.0042713513,0.93345374,2,85
20,0.007858068,0.9755847,2,27
21,0.011763735,0.98801345,2,20
22,0.03782606,0.7452632,0,20,0.003876451,0.696489,2,40,0.121900596,0.6414722,0,60,0.0062801405,0.63682586,0,80,0.010416706,0.7236371,2,100,0.030158615,0.73966515,0,120,0.034560073,0.75169426,0,140,0.005040272,0.8813662,2,161,0.033798706,0.71038026,2,200
23,0.0011625489,1.0388867,2,21,0.0,1.0456271,2,44,0.0055914805,1.0479457,3,67,0.00037974614,1.0380814,2,87,0.00091280724,1.0247144,2,107,0.0087169735,1.0151521,2,129,0.0045508924,1.0673683,2,155,0.0015699341,1.018784,2,179,0.007550195,1.0101503,2,200
24,0.066488326,0.97369987,2,21,0.027417134,0.90926045,2,41,0.02059289,0.89780235,2,61,0.019092638,1.0011647,2,81,0.0,0.9547057,2,101,0.0013467369,0.92023194,2,121,0.0043725735,0.86548615,2,141,0.04730818,0.95760816,2,162,0.022560144,0.99739534,2,200
25,0.022445906,0.8412001,2,35
26,0.0,0.67559445,2,39
27,0.0,0.9098194,3,20,0.0,0.5971708,1,40,0.012905324,0.70320743,1,62
28,0.011744702,0.791839,2,23
29,0.010366318,0.83995664,2,20,0.0,0.68304104,2,44
30,0.012910724,0.97008497,2,25
31,0.005441334,1.0244697,2,23
32,0.00933454,0.91727483,0,20,0.013918603,0.91961926,2,40,0.059229188,0.55190516,2,60,0.05416466,0.60809875,2,91
33,0.008739063,1.0463976,2,41
34,0.002016044,0.9827574,2,25,0.020055674,0.9156551,2,64
35,0.004651096,0.6341016,2,38
36,0.025644897,0.66725606,2,35
37,0.035304494,0.73354566,1,20,0.06103382,0.8055728,0,44
38,0.051123053,0.5073703,0,27
39,0.03499138,0.7367736,2,20,0.037612718,0.5742871,2,40,0.021431886,0.54683816,2,61,0.071218036,0.7388642,2,99
40,0.020829294,0.64905953,2,20,0.028134745,0.696103,2,55
41,0.028334673,0.81726366,0,27
42,0.0,0.9465092,2,38,0.0,0.91315424,2,59,0.0,0.83461833,2,83
43,0.03386257,0.70623046,2,20
44,0.0007432868,0.7294889,2,20,0.0,0.6509864,0,40,0.0,0.48510766,2,60,0.046101097,0.6817255,2,80,0.0054956083,0.74430394,2,102,0.0,0.72658455,2,122,0.0,0.8068032,2,142,0.0,0.7651476,0,162,0.002845552,0.76989776,2,200
45,0.0042774836,1.0283293,2,20,0.0,1.1017034,2,40,0.0,1.0894004,2,73,0.0,1.0805037,2,93,0.0005117301,1.0682135,2,116
46,0.008960871,0.64297116,1,26
47,0.01368862,1.0164294,2,23,0.004552847,0.9814436,2,44,0.00020314321,0.9634078,2,69,0.0103038205,0.96404123,2,89,0.00092467177,0.9345413,2,118,0.007540983,1.0358281,2,147,0.0006222249,1.0736579,2,168,0.0,1.0629587,2,200
48,0.011201023,0.89119315,2,23
49,0.0,0.74457204,2,28
50,0.0043142964,0.9171137,0,28
51,0.0,1.0300802,2,21,0.010745745,1.0484945,2,60
52,0.0002735572,1.0705768,2,20,0.0,1.0555294,2,46,0.0,1.0740234,2,67,0.0015409545,1.070616,2,112,0.0,1.0412639,2,132,0.0,1.0482658,2,155,0.0,1.0465772,2,175,0.0053815185,1.0460889,2,200
53,0.009010612,0.988047,2,35,0.009795255,0.9230173,0,55,0.0049965424,0.8453071,2,76,0.0074362387,0.83548373,2,98,0.0,0.8046673,2,118,0.0,0.8896455,2,157
54,0.0,1.065347,2,26
55,0.00044901282,1.063135,2,24,0.00502251,1.0463264,2,44,0.00387177,1.0562865,2,65,0.01259203,1.0372454,2,85,0.0,1.0596491,2,106,0.008288655,1.0787476,2,135,0.003152419,1.0472194,2,165,0.0032706005,1.0459117,2,200
56,0.022817438,0.8177675,2,25
57,0.0125695495,0.93252325,2,21
